Test fold number,Subject,Gait,Sensor,Predicted,Actual,Difference,TP,FP,FN,PPV,Sensitivity,RCA,SDA
1,1,regular,1,932,937,5,921,11,16,0.9881974248927039,0.9829242262540021,0.9946638207043756,0.985553772070626
1,1,semiregular,1,706,703,3,604,102,99,0.8555240793201133,0.8591749644381224,1.004267425320057,0.857345635202271
1,1,irregular,1,200,199,1,136,64,63,0.68,0.6834170854271356,1.0050251256281406,0.681704260651629
1,1,regular,2,1061,937,124,937,124,0,0.883129123468426,1.0,1.1323372465314834,0.9379379379379379
1,1,semiregular,2,784,703,81,642,142,61,0.8188775510204082,0.9132290184921764,1.1152204836415363,0.863483523873571
1,1,irregular,2,214,199,15,170,44,29,0.794392523364486,0.8542713567839196,1.0753768844221105,0.8232445520581113
1,1,regular,3,953,937,16,933,20,4,0.9790136411332634,0.9957310565635006,1.017075773745998,0.9873015873015873
1,1,semiregular,3,770,703,67,651,119,52,0.8454545454545455,0.9260312944523471,1.0953058321479374,0.8839103869653768
1,1,irregular,3,203,199,4,166,37,33,0.8177339901477833,0.8341708542713567,1.020100502512563,0.8258706467661691
1,2,regular,1,1081,1224,143,1067,14,157,0.9870490286771508,0.8717320261437909,0.8831699346405228,0.9258134490238613
1,2,semiregular,1,547,647,100,509,38,138,0.9305301645338209,0.7867078825347759,0.8454404945904173,0.8525963149078728
1,2,irregular,1,221,217,4,114,107,103,0.5158371040723982,0.5253456221198156,1.0184331797235022,0.5205479452054794
1,2,regular,2,1162,1224,62,1142,20,82,0.9827882960413081,0.9330065359477124,0.9493464052287581,0.9572506286672254
1,2,semiregular,2,588,647,59,560,28,87,0.9523809523809523,0.865533230293663,0.9088098918083463,0.9068825910931173
1,2,irregular,2,224,217,7,178,46,39,0.7946428571428571,0.8202764976958525,1.032258064516129,0.8072562358276645
1,2,regular,3,1239,1224,15,1216,23,8,0.9814366424535916,0.9934640522875817,1.0122549019607843,0.9874137231019083
1,2,semiregular,3,660,647,13,609,51,38,0.9227272727272727,0.9412673879443586,1.0200927357032457,0.9319051262433052
1,2,irregular,3,239,217,22,191,48,26,0.799163179916318,0.880184331797235,1.1013824884792627,0.8377192982456141
1,3,regular,1,1016,1053,37,1009,7,44,0.9931102362204725,0.9582146248812915,0.9648622981956315,0.9753504108264862
1,3,semiregular,1,674,716,42,613,61,103,0.9094955489614244,0.8561452513966481,0.9413407821229051,0.8820143884892087
1,3,irregular,1,251,224,27,155,96,69,0.6175298804780877,0.6919642857142857,1.1205357142857142,0.6526315789473685
1,3,regular,2,980,1053,73,969,11,84,0.9887755102040816,0.9202279202279202,0.9306742640075973,0.9532710280373831
1,3,semiregular,2,724,716,8,652,72,64,0.9005524861878453,0.9106145251396648,1.011173184357542,0.9055555555555554
1,3,irregular,2,204,224,20,168,36,56,0.8235294117647058,0.75,0.9107142857142857,0.7850467289719627
1,3,regular,3,1058,1053,5,1050,8,3,0.9924385633270322,0.9971509971509972,1.0047483380816715,0.9947891994315491
1,3,semiregular,3,753,716,37,676,77,40,0.897742363877822,0.9441340782122905,1.0516759776536313,0.9203539823008848
1,3,irregular,3,229,224,5,181,48,43,0.7903930131004366,0.8080357142857143,1.0223214285714286,0.7991169977924943
1,4,regular,1,1163,1101,62,1101,62,0,0.9466895958727429,1.0,1.056312443233424,0.9726148409893993
1,4,semiregular,1,606,614,8,507,99,107,0.8366336633663366,0.8257328990228013,0.9869706840390879,0.8311475409836065
1,4,irregular,1,232,228,4,141,91,87,0.6077586206896551,0.618421052631579,1.0175438596491229,0.6130434782608696
1,4,regular,2,1085,1101,16,1072,13,29,0.9880184331797235,0.9736603088101726,0.9854677565849228,0.9807868252516011
1,4,semiregular,2,586,614,28,530,56,84,0.9044368600682594,0.8631921824104235,0.9543973941368078,0.8833333333333334
1,4,irregular,2,231,228,3,187,44,41,0.8095238095238095,0.8201754385964912,1.013157894736842,0.8148148148148149
1,4,regular,3,1116,1101,15,1101,15,0,0.9865591397849462,1.0,1.013623978201635,0.993234100135318
1,4,semiregular,3,600,614,14,538,62,76,0.8966666666666666,0.8762214983713354,0.9771986970684039,0.886326194398682
1,4,irregular,3,233,228,5,182,51,46,0.7811158798283262,0.7982456140350878,1.0219298245614035,0.789587852494577
1,5,regular,1,1002,1044,42,995,7,49,0.9930139720558883,0.9530651340996169,0.9597701149425287,0.9726295210166178
1,5,semiregular,1,745,668,77,633,112,35,0.8496644295302014,0.9476047904191617,1.1152694610778444,0.8959660297239914
1,5,irregular,1,260,217,43,174,86,43,0.6692307692307692,0.8018433179723502,1.1981566820276497,0.7295597484276729
1,5,regular,2,1043,1044,1,1031,12,13,0.9884947267497604,0.9875478927203065,0.9990421455938697,0.9880210828941064
1,5,semiregular,2,719,668,51,628,91,40,0.8734353268428373,0.9401197604790419,1.0763473053892216,0.9055515501081471
1,5,irregular,2,213,217,4,174,39,43,0.8169014084507042,0.8018433179723502,0.9815668202764977,0.8093023255813953
1,5,regular,3,1047,1044,3,1043,4,1,0.9961795606494747,0.9990421455938697,1.0028735632183907,0.997608799617408
1,5,semiregular,3,697,668,29,620,77,48,0.8895265423242468,0.9281437125748503,1.0434131736526946,0.9084249084249084
1,5,irregular,3,228,217,11,176,52,41,0.7719298245614035,0.8110599078341014,1.0506912442396312,0.7910112359550562
1,6,regular,1,1027,915,112,914,113,1,0.8899707887049659,0.9989071038251366,1.1224043715846994,0.9412976313079299
1,6,semiregular,1,723,701,22,648,75,53,0.8962655601659751,0.9243937232524965,1.0313837375178316,0.9101123595505618
1,6,irregular,1,223,195,28,118,105,77,0.5291479820627802,0.6051282051282051,1.1435897435897435,0.5645933014354068
1,6,regular,2,994,915,79,914,80,1,0.9195171026156942,0.9989071038251366,1.0863387978142076,0.9575694080670508
1,6,semiregular,2,735,701,34,661,74,40,0.8993197278911564,0.9429386590584878,1.0485021398002854,0.9206128133704735
1,6,irregular,2,208,195,13,133,75,62,0.6394230769230769,0.6820512820512821,1.0666666666666667,0.6600496277915633
1,6,regular,3,918,915,3,913,5,2,0.9945533769063181,0.9978142076502732,1.0032786885245901,0.9961811238406982
1,6,semiregular,3,687,701,14,629,58,72,0.9155749636098981,0.8972895863052782,0.9800285306704708,0.9063400576368876
1,6,irregular,3,216,195,21,167,49,28,0.7731481481481481,0.8564102564102564,1.1076923076923078,0.8126520681265207
1,7,regular,1,1190,1230,40,1184,6,46,0.9949579831932773,0.9626016260162602,0.967479674796748,0.978512396694215
1,7,semiregular,1,755,761,6,657,98,104,0.8701986754966887,0.8633377135348226,0.9921156373193167,0.866754617414248
1,7,irregular,1,228,225,3,138,90,87,0.6052631578947368,0.6133333333333333,1.0133333333333334,0.609271523178808
1,7,regular,2,1209,1230,21,1188,21,42,0.9826302729528535,0.9658536585365853,0.9829268292682927,0.9741697416974169
1,7,semiregular,2,744,761,17,664,80,97,0.8924731182795699,0.8725361366622865,0.9776609724047306,0.882392026578073
1,7,irregular,2,216,225,9,182,34,43,0.8425925925925926,0.8088888888888889,0.96,0.8253968253968255
1,7,regular,3,1230,1230,0,1226,4,4,0.9967479674796748,0.9967479674796748,1.0,0.9967479674796748
1,7,semiregular,3,743,761,18,655,88,106,0.8815612382234186,0.8607095926412615,0.9763469119579501,0.8710106382978722
1,7,irregular,3,231,225,6,183,48,42,0.7922077922077922,0.8133333333333334,1.0266666666666666,0.8026315789473685
1,8,regular,1,1000,1035,35,990,10,45,0.99,0.9565217391304348,0.966183574879227,0.972972972972973
1,8,semiregular,1,818,827,9,732,86,95,0.8948655256723717,0.8851269649334945,0.9891172914147521,0.8899696048632219
1,8,irregular,1,275,243,32,159,116,84,0.5781818181818181,0.654320987654321,1.131687242798354,0.6138996138996139
1,8,regular,2,1062,1035,27,1030,32,5,0.9698681732580038,0.9951690821256038,1.0260869565217392,0.9823557463042442
1,8,semiregular,2,832,827,5,764,68,63,0.9182692307692307,0.9238210399032648,1.0060459492140266,0.921036769138035
1,8,irregular,2,223,243,20,174,49,69,0.7802690582959642,0.7160493827160493,0.9176954732510288,0.7467811158798282
1,8,regular,3,1042,1035,7,1030,12,5,0.9884836852207294,0.9951690821256038,1.0067632850241546,0.9918151179585941
1,8,semiregular,3,823,827,4,752,71,75,0.913730255164034,0.909310761789601,0.9951632406287787,0.9115151515151516
1,8,irregular,3,251,243,8,189,62,54,0.7529880478087649,0.7777777777777778,1.0329218106995885,0.7651821862348178
1,9,regular,1,1048,1107,59,1043,5,64,0.9952290076335878,0.9421860885275519,0.9467028003613369,0.9679814385150812
1,9,semiregular,1,629,701,72,592,37,109,0.9411764705882353,0.8445078459343794,0.8972895863052782,0.8902255639097746
1,9,irregular,1,242,266,24,164,78,102,0.6776859504132231,0.6165413533834586,0.9097744360902256,0.6456692913385825
1,9,regular,2,1049,1107,58,1038,11,69,0.9895138226882746,0.9376693766937669,0.947606142728094,0.9628942486085343
1,9,semiregular,2,643,701,58,606,37,95,0.942457231726283,0.8644793152639088,0.9172610556348074,0.9017857142857144
1,9,irregular,2,256,266,10,211,45,55,0.82421875,0.793233082706767,0.9624060150375939,0.8084291187739463
1,9,regular,3,1106,1107,1,1103,3,4,0.9972875226039783,0.996386630532972,0.999096657633243,0.9968368730230457
1,9,semiregular,3,699,701,2,662,37,39,0.9470672389127325,0.9443651925820257,0.9971469329529244,0.9457142857142857
1,9,irregular,3,261,266,5,210,51,56,0.8045977011494253,0.7894736842105263,0.981203007518797,0.7969639468690702
1,10,regular,1,1039,1014,25,1003,36,11,0.9653512993262753,0.9891518737672583,1.02465483234714,0.9771066731612275
1,10,semiregular,1,680,656,24,611,69,45,0.8985294117647059,0.9314024390243902,1.0365853658536586,0.9146706586826346
1,10,irregular,1,228,247,19,175,53,72,0.7675438596491229,0.708502024291498,0.9230769230769231,0.736842105263158
1,10,regular,2,1087,1014,73,1014,73,0,0.9328426862925483,1.0,1.071992110453649,0.9652546406473108
1,10,semiregular,2,646,656,10,593,53,63,0.9179566563467493,0.9039634146341463,0.9847560975609756,0.9109062980030722
1,10,irregular,2,246,247,1,201,45,46,0.8170731707317073,0.8137651821862348,0.9959514170040485,0.8154158215010141
1,10,regular,3,1027,1014,13,1012,15,2,0.98539435248296,0.9980276134122288,1.0128205128205128,0.991670749632533
1,10,semiregular,3,656,656,0,607,49,49,0.9253048780487805,0.9253048780487805,1.0,0.9253048780487805
1,10,irregular,3,255,247,8,215,40,32,0.8431372549019608,0.8704453441295547,1.0323886639676114,0.8565737051792829
1,11,regular,1,1023,1070,47,1020,3,50,0.9970674486803519,0.9532710280373832,0.9560747663551402,0.9746774964166269
1,11,semiregular,1,723,700,23,631,92,69,0.8727524204702628,0.9014285714285715,1.032857142857143,0.8868587491215741
1,11,irregular,1,268,239,29,179,89,60,0.667910447761194,0.7489539748953975,1.1213389121338913,0.7061143984220908
1,11,regular,2,1096,1070,26,1068,28,2,0.9744525547445255,0.9981308411214953,1.0242990654205608,0.9861495844875345
1,11,semiregular,2,714,700,14,634,80,66,0.8879551820728291,0.9057142857142857,1.02,0.8967468175388967
1,11,irregular,2,215,239,24,176,39,63,0.8186046511627907,0.7364016736401674,0.899581589958159,0.7753303964757711
1,11,regular,3,1072,1070,2,1068,4,2,0.996268656716418,0.9981308411214953,1.0018691588785047,0.9971988795518207
1,11,semiregular,3,683,700,17,619,64,81,0.9062957540263543,0.8842857142857142,0.9757142857142858,0.8951554591467823
1,11,irregular,3,232,239,7,186,46,53,0.8017241379310345,0.7782426778242678,0.9707112970711297,0.7898089171974523
1,12,regular,1,1056,1007,49,1007,49,0,0.9535984848484849,1.0,1.048659384309831,0.9762481822588464
1,12,semiregular,1,719,641,78,599,120,42,0.8331015299026425,0.9344773790951638,1.1216848673946958,0.8808823529411764
1,12,irregular,1,265,204,61,176,89,28,0.6641509433962264,0.8627450980392157,1.2990196078431373,0.7505330490405119
1,12,regular,2,1057,1007,50,1007,50,0,0.9526963103122044,1.0,1.0496524329692154,0.9757751937984496
1,12,semiregular,2,657,641,16,565,92,76,0.8599695585996956,0.8814352574102964,1.0249609984399375,0.8705701078582435
1,12,irregular,2,240,204,36,175,65,29,0.7291666666666666,0.8578431372549019,1.1764705882352942,0.7882882882882882
1,12,regular,3,1015,1007,8,1006,9,1,0.9911330049261083,0.9990069513406157,1.0079443892750746,0.9950544015825914
1,12,semiregular,3,626,641,15,557,69,84,0.889776357827476,0.8689547581903276,0.9765990639625585,0.8792423046566693
1,12,irregular,3,228,204,24,168,60,36,0.7368421052631579,0.8235294117647058,1.1176470588235294,0.7777777777777778
1,13,regular,1,1013,1000,13,998,15,2,0.9851924975320829,0.998,1.013,0.9915548931942374
1,13,semiregular,1,857,815,42,779,78,36,0.9089848308051341,0.9558282208588957,1.0515337423312883,0.9318181818181819
1,13,irregular,1,313,216,97,167,146,49,0.5335463258785943,0.7731481481481481,1.4490740740740742,0.6313799621928166
1,13,regular,2,1027,1000,27,1000,27,0,0.9737098344693281,1.0,1.027,0.9866798223976319
1,13,semiregular,2,844,815,29,779,65,36,0.9229857819905213,0.9558282208588957,1.0355828220858896,0.9391199517781796
1,13,irregular,2,252,216,36,186,66,30,0.7380952380952381,0.8611111111111112,1.1666666666666667,0.7948717948717949
1,13,regular,3,1009,1000,9,998,11,2,0.9890981169474727,0.998,1.009,0.9935291189646591
1,13,semiregular,3,802,815,13,750,52,65,0.9351620947630923,0.9202453987730062,0.9840490797546012,0.9276437847866419
1,13,irregular,3,233,216,17,181,52,35,0.776824034334764,0.8379629629629629,1.0787037037037037,0.8062360801781737
1,14,regular,1,1058,1052,6,1049,9,3,0.9914933837429112,0.997148288973384,1.005703422053232,0.9943127962085309
1,14,semiregular,1,843,913,70,779,64,134,0.9240806642941874,0.8532311062431545,0.9233296823658269,0.8872437357630979
1,14,irregular,1,254,217,37,166,88,51,0.6535433070866141,0.7649769585253456,1.1705069124423964,0.7048832271762209
1,14,regular,2,1016,1052,36,1008,8,44,0.9921259842519685,0.9581749049429658,0.9657794676806084,0.9748549323017408
1,14,semiregular,2,901,913,12,841,60,72,0.9334073251942286,0.9211391018619934,0.9868565169769989,0.9272326350606396
1,14,irregular,2,224,217,7,179,45,38,0.7991071428571429,0.8248847926267281,1.032258064516129,0.8117913832199546
1,14,regular,3,1059,1052,7,1048,11,4,0.9896128423040604,0.9961977186311787,1.0066539923954372,0.9928943628612033
1,14,semiregular,3,877,913,36,829,48,84,0.9452679589509693,0.9079956188389924,0.9605695509309967,0.9262569832402234
1,14,irregular,3,217,217,0,175,42,42,0.8064516129032258,0.8064516129032258,1.0,0.8064516129032258
1,15,regular,1,999,964,35,964,35,0,0.964964964964965,1.0,1.0363070539419088,0.9821701477330617
1,15,semiregular,1,798,774,24,732,66,42,0.9172932330827067,0.9457364341085271,1.0310077519379846,0.9312977099236641
1,15,irregular,1,217,218,1,161,56,57,0.7419354838709677,0.7385321100917431,0.9954128440366973,0.7402298850574712
1,15,regular,2,961,964,3,951,10,13,0.9895941727367326,0.9865145228215768,0.9968879668049793,0.9880519480519481
1,15,semiregular,2,759,774,15,711,48,63,0.9367588932806324,0.9186046511627907,0.9806201550387597,0.9275929549902153
1,15,irregular,2,210,218,8,179,31,39,0.8523809523809524,0.8211009174311926,0.963302752293578,0.8364485981308412
1,15,regular,3,972,964,8,963,9,1,0.9907407407407407,0.9989626556016598,1.008298755186722,0.9948347107438016
1,15,semiregular,3,747,774,27,697,50,77,0.9330655957161981,0.900516795865633,0.9651162790697675,0.9165023011176856
1,15,irregular,3,222,218,4,183,39,35,0.8243243243243243,0.8394495412844036,1.018348623853211,0.8318181818181818
1,16,regular,1,1100,1109,9,1090,10,19,0.990909090909091,0.9828674481514879,0.9918845807033363,0.9868718877320054
1,16,semiregular,1,722,681,41,616,106,65,0.853185595567867,0.9045521292217328,1.0602055800293686,0.8781183178902352
1,16,irregular,1,251,272,21,155,96,117,0.6175298804780877,0.5698529411764706,0.9227941176470589,0.592734225621415
1,16,regular,2,1125,1109,16,1106,19,3,0.9831111111111112,0.9972948602344455,1.0144274120829577,0.990152193375112
1,16,semiregular,2,686,681,5,615,71,66,0.8965014577259475,0.9030837004405287,1.0073421439060206,0.8997805413313825
1,16,irregular,2,263,272,9,209,54,63,0.7946768060836502,0.7683823529411765,0.9669117647058824,0.7813084112149534
1,16,regular,3,1114,1109,5,1105,9,4,0.9919210053859964,0.9963931469792606,1.0045085662759243,0.9941520467836257
1,16,semiregular,3,678,681,3,613,65,68,0.9041297935103245,0.9001468428781204,0.9955947136563876,0.9021339220014717
1,16,irregular,3,251,272,21,204,47,68,0.8127490039840638,0.75,0.9227941176470589,0.780114722753346
1,17,regular,1,1030,1029,1,1020,10,9,0.9902912621359223,0.9912536443148688,1.000971817298348,0.9907722195240407
1,17,semiregular,1,855,837,18,757,98,80,0.8853801169590644,0.9044205495818399,1.021505376344086,0.8947990543735226
1,17,irregular,1,285,240,45,174,111,66,0.6105263157894737,0.725,1.1875,0.6628571428571429
1,17,regular,2,1077,1029,48,1027,50,2,0.9535747446610956,0.9980563654033042,1.0466472303206997,0.9753086419753086
1,17,semiregular,2,857,837,20,780,77,57,0.9101516919486581,0.931899641577061,1.02389486260454,0.9208972845336482
1,17,irregular,2,280,240,40,187,93,53,0.6678571428571428,0.7791666666666667,1.1666666666666667,0.7192307692307691
1,17,regular,3,1038,1029,9,1026,12,3,0.9884393063583815,0.9970845481049563,1.0087463556851313,0.9927431059506531
1,17,semiregular,3,838,837,1,781,57,56,0.931980906921241,0.9330943847072879,1.001194743130227,0.9325373134328357
1,17,irregular,3,253,240,13,190,63,50,0.7509881422924901,0.7916666666666666,1.0541666666666667,0.7707910750507099
1,18,regular,1,1029,1044,15,1021,8,23,0.9922254616132167,0.9779693486590039,0.985632183908046,0.9850458273034249
1,18,semiregular,1,823,801,22,750,73,51,0.9113001215066828,0.9363295880149812,1.0274656679151062,0.9236453201970443
1,18,irregular,1,258,252,6,178,80,74,0.689922480620155,0.7063492063492064,1.0238095238095237,0.6980392156862745
1,18,regular,2,1125,1044,81,1043,82,1,0.9271111111111111,0.9990421455938697,1.0775862068965518,0.9617335177501153
1,18,semiregular,2,804,801,3,751,53,50,0.9340796019900498,0.9375780274656679,1.00374531835206,0.9358255451713395
1,18,irregular,2,263,252,11,209,54,43,0.7946768060836502,0.8293650793650794,1.0436507936507937,0.8116504854368932
1,18,regular,3,1055,1044,11,1042,13,2,0.9876777251184834,0.9980842911877394,1.010536398467433,0.9928537398761315
1,18,semiregular,3,804,801,3,752,52,49,0.9353233830845771,0.9388264669163545,1.00374531835206,0.9370716510903427
1,18,irregular,3,259,252,7,210,49,42,0.8108108108108109,0.8333333333333334,1.0277777777777777,0.8219178082191781
1,19,regular,1,1062,1076,14,1051,11,25,0.9896421845574388,0.9767657992565055,0.9869888475836431,0.9831618334892424
1,19,semiregular,1,754,753,1,692,62,61,0.9177718832891246,0.9189907038512616,1.00132802124834,0.9183808891838088
1,19,irregular,1,296,245,51,189,107,56,0.6385135135135135,0.7714285714285715,1.2081632653061225,0.6987060998151572
1,19,regular,2,1105,1076,29,1073,32,3,0.9710407239819004,0.9972118959107806,1.0269516728624535,0.9839523154516276
1,19,semiregular,2,734,753,19,678,56,75,0.9237057220708447,0.900398406374502,0.9747675962815405,0.9119031607262946
1,19,irregular,2,259,245,14,195,64,50,0.752895752895753,0.7959183673469388,1.0571428571428572,0.773809523809524
1,19,regular,3,1079,1076,3,1071,8,5,0.9925857275254866,0.9953531598513011,1.0027881040892193,0.993967517401392
1,19,semiregular,3,736,753,17,683,53,70,0.9279891304347826,0.9070385126162018,0.9774236387782205,0.9173942243116184
1,19,irregular,3,246,245,1,197,49,48,0.8008130081300813,0.8040816326530612,1.0040816326530613,0.8024439918533606
1,20,regular,1,1195,1251,56,1181,14,70,0.9882845188284519,0.9440447641886491,0.9552358113509193,0.9656582174979559
1,20,semiregular,1,876,841,35,757,119,84,0.8641552511415526,0.9001189060642093,1.0416171224732462,0.8817705299941759
1,20,irregular,1,300,252,48,183,117,69,0.61,0.7261904761904762,1.1904761904761905,0.6630434782608696
1,20,regular,2,1256,1251,5,1238,18,13,0.9856687898089171,0.9896083133493205,1.0039968025579535,0.9876346230554447
1,20,semiregular,2,833,841,8,741,92,100,0.8895558223289316,0.8810939357907254,0.990487514863258,0.8853046594982079
1,20,irregular,2,256,252,4,196,60,56,0.765625,0.7777777777777778,1.0158730158730158,0.7716535433070867
1,20,regular,3,1248,1251,3,1243,5,8,0.9959935897435898,0.9936051159072742,0.9976019184652278,0.994797919167667
1,20,semiregular,3,833,841,8,743,90,98,0.8919567827130852,0.8834720570749108,0.990487514863258,0.8876941457586619
1,20,irregular,3,258,252,6,203,55,49,0.7868217054263565,0.8055555555555556,1.0238095238095237,0.7960784313725491
1,21,regular,1,892,920,28,887,5,33,0.9943946188340808,0.9641304347826087,0.9695652173913043,0.9790286975717439
1,21,semiregular,1,559,549,10,464,95,85,0.8300536672629696,0.8451730418943534,1.018214936247723,0.8375451263537905
1,21,irregular,1,248,204,44,160,88,44,0.6451612903225806,0.7843137254901961,1.2156862745098038,0.7079646017699115
1,21,regular,2,998,920,78,920,78,0,0.9218436873747495,1.0,1.0847826086956522,0.959332638164755
1,21,semiregular,2,559,549,10,480,79,69,0.8586762075134168,0.8743169398907104,1.018214936247723,0.8664259927797834
1,21,irregular,2,215,204,11,173,42,31,0.8046511627906977,0.8480392156862745,1.053921568627451,0.8257756563245824
1,21,regular,3,924,920,4,919,5,1,0.9945887445887446,0.9989130434782608,1.0043478260869565,0.9967462039045553
1,21,semiregular,3,574,549,25,484,90,65,0.8432055749128919,0.8816029143897997,1.0455373406193078,0.8619768477292966
1,21,irregular,3,204,204,0,165,39,39,0.8088235294117647,0.8088235294117647,1.0,0.8088235294117648
1,22,regular,1,1007,946,61,944,63,2,0.9374379344587885,0.9978858350951374,1.0644820295983086,0.9667178699436765
1,22,semiregular,1,737,703,34,644,93,59,0.8738127544097694,0.9160739687055477,1.0483641536273116,0.8944444444444445
1,22,irregular,1,231,247,16,165,66,82,0.7142857142857143,0.6680161943319838,0.9352226720647774,0.690376569037657
1,22,regular,2,1013,946,67,946,67,0,0.9338598223099703,1.0,1.0708245243128964,0.96579887697805
1,22,semiregular,2,688,703,15,627,61,76,0.9113372093023255,0.8918918918918919,0.9786628733997155,0.901509705248023
1,22,irregular,2,236,247,11,180,56,67,0.7627118644067796,0.728744939271255,0.9554655870445344,0.7453416149068323
1,22,regular,3,953,946,7,943,10,3,0.9895068205666316,0.9968287526427061,1.007399577167019,0.9931542917324907
1,22,semiregular,3,703,703,0,643,60,60,0.914651493598862,0.914651493598862,1.0,0.914651493598862
1,22,irregular,3,248,247,1,191,57,56,0.7701612903225806,0.7732793522267206,1.0040485829959513,0.7717171717171717
1,23,regular,1,980,999,19,972,8,27,0.9918367346938776,0.972972972972973,0.980980980980981,0.9823143001515916
1,23,semiregular,1,854,835,19,741,113,94,0.8676814988290398,0.8874251497005988,1.022754491017964,0.8774422735346359
1,23,irregular,1,264,266,2,151,113,115,0.571969696969697,0.5676691729323309,0.9924812030075187,0.569811320754717
1,23,regular,2,1005,999,6,977,28,22,0.972139303482587,0.977977977977978,1.006006006006006,0.9750499001996007
1,23,semiregular,2,828,835,7,750,78,85,0.9057971014492754,0.8982035928143712,0.9916167664670659,0.9019843656043295
1,23,irregular,2,247,266,19,191,56,75,0.7732793522267206,0.7180451127819549,0.9285714285714286,0.7446393762183235
1,23,regular,3,1014,999,15,996,18,3,0.9822485207100592,0.996996996996997,1.015015015015015,0.9895678092399404
1,23,semiregular,3,838,835,3,761,77,74,0.9081145584725537,0.911377245508982,1.0035928143712576,0.9097429766885834
1,23,irregular,3,277,266,11,193,84,73,0.6967509025270758,0.7255639097744361,1.0413533834586466,0.7108655616942909
1,24,regular,1,1065,1079,14,1052,13,27,0.9877934272300469,0.9749768303985171,0.9870250231696015,0.9813432835820894
1,24,semiregular,1,650,680,30,597,53,83,0.9184615384615384,0.8779411764705882,0.9558823529411765,0.8977443609022555
1,24,irregular,1,204,247,43,145,59,102,0.7107843137254902,0.5870445344129555,0.8259109311740891,0.6430155210643016
1,24,regular,2,1041,1079,38,1025,16,54,0.9846301633045149,0.9499536607970342,0.9647822057460612,0.9669811320754716
1,24,semiregular,2,676,680,4,638,38,42,0.9437869822485208,0.9382352941176471,0.9941176470588236,0.9410029498525074
1,24,irregular,2,232,247,15,200,32,47,0.8620689655172413,0.8097165991902834,0.9392712550607287,0.8350730688935283
1,24,regular,3,1086,1079,7,1077,9,2,0.9917127071823204,0.9981464318813716,1.0064874884151993,0.994919168591224
1,24,semiregular,3,680,680,0,639,41,41,0.9397058823529412,0.9397058823529412,1.0,0.9397058823529412
1,24,irregular,3,242,247,5,209,33,38,0.8636363636363636,0.8461538461538461,0.979757085020243,0.8548057259713701
1,25,regular,1,919,946,27,913,6,33,0.9934711643090316,0.9651162790697675,0.9714587737843552,0.979088471849866
1,25,semiregular,1,675,718,43,602,73,116,0.8918518518518519,0.8384401114206128,0.9401114206128134,0.864321608040201
1,25,irregular,1,227,207,20,140,87,67,0.6167400881057269,0.6763285024154589,1.0966183574879227,0.6451612903225806
1,25,regular,2,932,946,14,925,7,21,0.9924892703862661,0.9778012684989429,0.985200845665962,0.9850905218317358
1,25,semiregular,2,724,718,6,654,70,64,0.9033149171270718,0.9108635097493036,1.0083565459610029,0.9070735090152565
1,25,irregular,2,205,207,2,144,61,63,0.7024390243902439,0.6956521739130435,0.9903381642512077,0.6990291262135923
1,25,regular,3,949,946,3,943,6,3,0.9936775553213909,0.9968287526427061,1.0031712473572938,0.9952506596306069
1,25,semiregular,3,704,718,14,645,59,73,0.9161931818181818,0.8983286908077994,0.9805013927576601,0.9071729957805906
1,25,irregular,3,229,207,22,152,77,55,0.6637554585152838,0.7342995169082126,1.106280193236715,0.6972477064220185
1,26,regular,1,1107,985,122,985,122,0,0.8897922312556459,1.0,1.1238578680203046,0.9416826003824091
1,26,semiregular,1,762,720,42,677,85,43,0.8884514435695539,0.9402777777777778,1.0583333333333333,0.9136302294197031
1,26,irregular,1,327,214,113,190,137,24,0.581039755351682,0.8878504672897196,1.52803738317757,0.7024029574861368
1,26,regular,2,997,985,12,961,36,24,0.9638916750250752,0.9756345177664975,1.0121827411167512,0.9697275479313824
1,26,semiregular,2,714,720,6,646,68,74,0.9047619047619048,0.8972222222222223,0.9916666666666667,0.900976290097629
1,26,irregular,2,248,214,34,175,73,39,0.7056451612903226,0.8177570093457944,1.158878504672897,0.7575757575757576
1,26,regular,3,1056,985,71,982,74,3,0.9299242424242424,0.9969543147208122,1.0720812182741117,0.9622733953944146
1,26,semiregular,3,707,720,13,644,63,76,0.9108910891089109,0.8944444444444445,0.9819444444444444,0.9025928521373512
1,26,irregular,3,248,214,34,184,64,30,0.7419354838709677,0.8598130841121495,1.158878504672897,0.7965367965367967
1,27,regular,1,1099,1166,67,1093,6,73,0.9945404913557779,0.9373927958833619,0.9425385934819898,0.9651214128035319
1,27,semiregular,1,674,728,54,611,63,117,0.9065281899109793,0.8392857142857143,0.9258241758241759,0.8716119828815978
1,27,irregular,1,240,270,30,183,57,87,0.7625,0.6777777777777778,0.8888888888888888,0.7176470588235294
1,27,regular,2,1153,1166,13,1137,16,29,0.9861231569817867,0.9751286449399656,0.9888507718696398,0.9805950840879689
1,27,semiregular,2,712,728,16,658,54,70,0.9241573033707865,0.9038461538461539,0.978021978021978,0.913888888888889
1,27,irregular,2,264,270,6,222,42,48,0.8409090909090909,0.8222222222222222,0.9777777777777777,0.8314606741573033
1,27,regular,3,1175,1166,9,1166,9,0,0.9923404255319149,1.0,1.0077186963979416,0.9961554891072191
1,27,semiregular,3,719,728,9,662,57,66,0.9207232267037552,0.9093406593406593,0.9876373626373627,0.9149965445749827
1,27,irregular,3,268,270,2,225,43,45,0.8395522388059702,0.8333333333333334,0.9925925925925926,0.8364312267657994
1,28,regular,1,1084,1098,14,1072,12,26,0.988929889298893,0.97632058287796,0.9872495446265938,0.9825847846012833
1,28,semiregular,1,859,859,0,774,85,85,0.9010477299185099,0.9010477299185099,1.0,0.9010477299185099
1,28,irregular,1,325,293,32,186,139,107,0.5723076923076923,0.6348122866894198,1.1092150170648465,0.6019417475728155
1,28,regular,2,1078,1098,20,1060,18,38,0.9833024118738405,0.9653916211293261,0.9817850637522769,0.974264705882353
1,28,semiregular,2,843,859,16,782,61,77,0.9276393831553974,0.910360884749709,0.9813736903376019,0.918918918918919
1,28,irregular,2,283,293,10,201,82,92,0.7102473498233216,0.6860068259385665,0.9658703071672355,0.6979166666666667
1,28,regular,3,1120,1098,22,1096,24,2,0.9785714285714285,0.9981785063752276,1.0200364298724955,0.9882777276825969
1,28,semiregular,3,857,859,2,804,53,55,0.9381563593932322,0.9359720605355064,0.9976717112922002,0.937062937062937
1,28,irregular,3,290,293,3,215,75,78,0.7413793103448276,0.7337883959044369,0.9897610921501706,0.7375643224699829
1,29,regular,1,1087,1140,53,1081,6,59,0.9944802207911684,0.9482456140350877,0.9535087719298245,0.9708127525819489
1,29,semiregular,1,890,869,21,778,112,91,0.8741573033707866,0.8952819332566168,1.0241657077100115,0.8845935190449119
1,29,irregular,1,260,247,13,175,85,72,0.6730769230769231,0.708502024291498,1.0526315789473684,0.6903353057199211
1,29,regular,2,1125,1140,15,1114,11,26,0.9902222222222222,0.9771929824561404,0.9868421052631579,0.983664459161148
1,29,semiregular,2,925,869,56,819,106,50,0.8854054054054054,0.9424626006904487,1.0644418872266974,0.9130434782608695
1,29,irregular,2,273,247,26,204,69,43,0.7472527472527473,0.8259109311740891,1.105263157894737,0.7846153846153847
1,29,regular,3,1140,1140,0,1135,5,5,0.9956140350877193,0.9956140350877193,1.0,0.9956140350877193
1,29,semiregular,3,878,869,9,792,86,77,0.9020501138952164,0.9113924050632911,1.0103567318757192,0.9066971951917573
1,29,irregular,3,263,247,16,204,59,43,0.7756653992395437,0.8259109311740891,1.0647773279352226,0.7999999999999999
1,30,regular,1,974,997,23,969,5,28,0.9948665297741273,0.9719157472417251,0.9769307923771314,0.9832572298325722
1,30,semiregular,1,805,810,5,734,71,76,0.9118012422360249,0.9061728395061729,0.9938271604938271,0.9089783281733745
1,30,irregular,1,284,250,34,178,106,72,0.6267605633802817,0.712,1.136,0.6666666666666667
1,30,regular,2,968,997,29,962,6,35,0.993801652892562,0.9648946840521565,0.970912738214644,0.9791348600508905
1,30,semiregular,2,809,810,1,750,59,60,0.927070457354759,0.9259259259259259,0.9987654320987654,0.9264978381717108
1,30,irregular,2,234,250,16,185,49,65,0.7905982905982906,0.74,0.936,0.7644628099173553
1,30,regular,3,1000,997,3,996,4,1,0.996,0.9989969909729187,1.0030090270812437,0.9974962443665497
1,30,semiregular,3,807,810,3,748,59,62,0.9268897149938042,0.9234567901234568,0.9962962962962963,0.925170068027211
1,30,irregular,3,265,250,15,186,79,64,0.7018867924528301,0.744,1.06,0.7223300970873786
2,1,regular,1,947,937,10,936,11,1,0.9883843717001056,0.9989327641408752,1.0106723585912487,0.9936305732484078
2,1,semiregular,1,682,703,21,594,88,109,0.8709677419354839,0.844950213371266,0.9701280227596017,0.8577617328519855
2,1,irregular,1,195,199,4,143,52,56,0.7333333333333333,0.7185929648241206,0.9798994974874372,0.7258883248730964
2,1,regular,2,959,937,22,931,28,6,0.9708029197080292,0.9935965848452508,1.023479188900747,0.9820675105485233
2,1,semiregular,2,725,703,22,622,103,81,0.8579310344827586,0.8847795163584637,1.031294452347084,0.8711484593837535
2,1,irregular,2,187,199,12,152,35,47,0.8128342245989305,0.7638190954773869,0.9396984924623115,0.7875647668393784
2,1,regular,3,922,937,15,919,3,18,0.9967462039045553,0.9807897545357525,0.983991462113127,0.9887036040882196
2,1,semiregular,3,702,703,1,627,75,76,0.8931623931623932,0.8918918918918919,0.9985775248933144,0.892526690391459
2,1,irregular,3,186,199,13,147,39,52,0.7903225806451613,0.7386934673366834,0.9346733668341709,0.7636363636363636
2,2,regular,1,1193,1224,31,1188,5,36,0.9958088851634534,0.9705882352941176,0.9746732026143791,0.9830368225072403
2,2,semiregular,1,561,647,86,536,25,111,0.9554367201426025,0.8284389489953632,0.8670788253477589,0.8874172185430464
2,2,irregular,1,200,217,17,130,70,87,0.65,0.5990783410138248,0.9216589861751152,0.6235011990407674
2,2,regular,2,1198,1224,26,1178,20,46,0.9833055091819699,0.9624183006535948,0.9787581699346405,0.972749793559042
2,2,semiregular,2,620,647,27,596,24,51,0.9612903225806452,0.9211746522411128,0.9582689335394127,0.9408050513022889
2,2,irregular,2,219,217,2,181,38,36,0.8264840182648402,0.8341013824884793,1.0092165898617511,0.8302752293577981
2,2,regular,3,1229,1224,5,1213,16,11,0.9869812855980472,0.9910130718954249,1.0040849673202614,0.9889930697105587
2,2,semiregular,3,645,647,2,608,37,39,0.9426356589147287,0.9397217928902627,0.9969088098918083,0.9411764705882352
2,2,irregular,3,208,217,9,172,36,45,0.8269230769230769,0.7926267281105991,0.9585253456221198,0.8094117647058824
2,3,regular,1,1063,1053,10,1048,15,5,0.9858889934148636,0.9952516619183286,1.0094966761633428,0.9905482041587903
2,3,semiregular,1,646,716,70,592,54,124,0.9164086687306502,0.8268156424581006,0.9022346368715084,0.869309838472834
2,3,irregular,1,228,224,4,149,79,75,0.6535087719298246,0.6651785714285714,1.0178571428571428,0.65929203539823
2,3,regular,2,1028,1053,25,1017,11,36,0.9892996108949417,0.9658119658119658,0.976258309591643,0.9774147044690052
2,3,semiregular,2,729,716,13,666,63,50,0.9135802469135802,0.9301675977653632,1.0181564245810055,0.9217993079584776
2,3,irregular,2,216,224,8,172,44,52,0.7962962962962963,0.7678571428571429,0.9642857142857143,0.7818181818181819
2,3,regular,3,1045,1053,8,1042,3,11,0.9971291866028709,0.9895536562203229,0.9924026590693258,0.9933269780743565
2,3,semiregular,3,711,716,5,649,62,67,0.9127988748241913,0.9064245810055865,0.9930167597765364,0.9096005606166783
2,3,irregular,3,198,224,26,163,35,61,0.8232323232323232,0.7276785714285714,0.8839285714285714,0.7725118483412322
2,4,regular,1,1135,1101,34,1096,39,5,0.9656387665198238,0.9954586739327884,1.030881017257039,0.9803220035778175
2,4,semiregular,1,589,614,25,502,87,112,0.8522920203735145,0.8175895765472313,0.9592833876221498,0.8345802161263507
2,4,irregular,1,246,228,18,162,84,66,0.6585365853658537,0.7105263157894737,1.0789473684210527,0.6835443037974684
2,4,regular,2,1107,1101,6,1096,11,5,0.990063233965673,0.9954586739327884,1.005449591280654,0.9927536231884059
2,4,semiregular,2,602,614,12,541,61,73,0.8986710963455149,0.8811074918566775,0.9804560260586319,0.8898026315789472
2,4,irregular,2,229,228,1,182,47,46,0.7947598253275109,0.7982456140350878,1.0043859649122806,0.7964989059080964
2,4,regular,3,1103,1101,2,1099,4,2,0.9963735267452403,0.9981834695731153,1.0018165304268847,0.9972776769509981
2,4,semiregular,3,593,614,21,538,55,76,0.9072512647554806,0.8762214983713354,0.9657980456026058,0.8914664457332228
2,4,irregular,3,206,228,22,171,35,57,0.8300970873786407,0.75,0.9035087719298246,0.7880184331797235
2,5,regular,1,1062,1044,18,1044,18,0,0.9830508474576272,1.0,1.0172413793103448,0.9914529914529915
2,5,semiregular,1,692,668,24,608,84,60,0.8786127167630058,0.9101796407185628,1.035928143712575,0.8941176470588235
2,5,irregular,1,234,217,17,166,68,51,0.7094017094017094,0.7649769585253456,1.0783410138248848,0.7361419068736142
2,5,regular,2,1026,1044,18,1019,7,25,0.99317738791423,0.9760536398467433,0.9827586206896551,0.9845410628019324
2,5,semiregular,2,704,668,36,611,93,57,0.8678977272727273,0.9146706586826348,1.0538922155688624,0.8906705539358601
2,5,irregular,2,225,217,8,180,45,37,0.8,0.8294930875576036,1.0368663594470047,0.8144796380090498
2,5,regular,3,1038,1044,6,1036,2,8,0.9980732177263969,0.9923371647509579,0.9942528735632183,0.9951969260326609
2,5,semiregular,3,678,668,10,600,78,68,0.8849557522123894,0.8982035928143712,1.0149700598802396,0.8915304606240713
2,5,irregular,3,194,217,23,157,37,60,0.8092783505154639,0.7235023041474654,0.8940092165898618,0.7639902676399026
2,6,regular,1,960,915,45,913,47,2,0.9510416666666667,0.9978142076502732,1.0491803278688525,0.9738666666666667
2,6,semiregular,1,675,701,26,622,53,79,0.9214814814814815,0.8873038516405135,0.9629101283880172,0.9040697674418604
2,6,irregular,1,189,195,6,118,71,77,0.6243386243386243,0.6051282051282051,0.9692307692307692,0.6145833333333333
2,6,regular,2,945,915,30,914,31,1,0.9671957671957672,0.9989071038251366,1.0327868852459017,0.9827956989247312
2,6,semiregular,2,732,701,31,667,65,34,0.9112021857923497,0.9514978601997147,1.0442225392296718,0.930914166085136
2,6,irregular,2,183,195,12,133,50,62,0.726775956284153,0.6820512820512821,0.9384615384615385,0.7037037037037038
2,6,regular,3,905,915,10,902,3,13,0.9966850828729282,0.985792349726776,0.9890710382513661,0.9912087912087912
2,6,semiregular,3,698,701,3,651,47,50,0.9326647564469914,0.9286733238231099,0.9957203994293866,0.9306647605432453
2,6,irregular,3,193,195,2,158,35,37,0.8186528497409327,0.8102564102564103,0.9897435897435898,0.8144329896907216
2,7,regular,1,18,1230,1212,17,1,1213,0.9444444444444444,0.013821138211382113,0.014634146341463415,0.02724358974358974
2,7,semiregular,1,439,761,322,403,36,358,0.9179954441913439,0.5295663600525624,0.5768725361366623,0.6716666666666665
2,7,irregular,1,271,225,46,144,127,81,0.5313653136531366,0.64,1.2044444444444444,0.5806451612903226
2,7,regular,2,1155,1230,75,1129,26,101,0.9774891774891775,0.9178861788617886,0.9390243902439024,0.9467505241090147
2,7,semiregular,2,711,761,50,639,72,122,0.8987341772151899,0.8396846254927727,0.9342969776609724,0.8682065217391305
2,7,irregular,2,216,225,9,176,40,49,0.8148148148148148,0.7822222222222223,0.96,0.7981859410430838
2,7,regular,3,1220,1230,10,1216,4,14,0.9967213114754099,0.9886178861788618,0.991869918699187,0.9926530612244898
2,7,semiregular,3,737,761,24,656,81,105,0.8900949796472184,0.8620236530880421,0.9684625492772667,0.8758344459279039
2,7,irregular,3,205,225,20,170,35,55,0.8292682926829268,0.7555555555555555,0.9111111111111111,0.7906976744186047
2,8,regular,1,1000,1035,35,993,7,42,0.993,0.9594202898550724,0.966183574879227,0.975921375921376
2,8,semiregular,1,755,827,72,673,82,154,0.8913907284768212,0.8137847642079806,0.9129383313180169,0.8508217446270543
2,8,irregular,1,255,243,12,143,112,100,0.5607843137254902,0.588477366255144,1.0493827160493827,0.5742971887550201
2,8,regular,2,1017,1035,18,1002,15,33,0.9852507374631269,0.9681159420289855,0.9826086956521739,0.976608187134503
2,8,semiregular,2,803,827,24,738,65,89,0.9190535491905355,0.8923821039903265,0.9709794437726723,0.905521472392638
2,8,irregular,2,214,243,29,169,45,74,0.7897196261682243,0.6954732510288066,0.8806584362139918,0.7396061269146609
2,8,regular,3,1034,1035,1,1026,8,9,0.9922630560928434,0.991304347826087,0.9990338164251208,0.9917834702754954
2,8,semiregular,3,829,827,2,763,66,64,0.9203860072376358,0.9226118500604595,1.0024183796856105,0.9214975845410629
2,8,irregular,3,229,243,14,170,59,73,0.74235807860262,0.6995884773662552,0.9423868312757202,0.7203389830508474
2,9,regular,1,1086,1107,21,1079,7,28,0.9935543278084714,0.974706413730804,0.981029810298103,0.9840401276789785
2,9,semiregular,1,553,701,148,530,23,171,0.9584086799276673,0.7560627674750356,0.7888730385164051,0.8452950558213717
2,9,irregular,1,221,266,45,148,73,118,0.669683257918552,0.556390977443609,0.8308270676691729,0.6078028747433265
2,9,regular,2,1081,1107,26,1072,9,35,0.9916743755781684,0.9683830171635049,0.976513098464318,0.979890310786106
2,9,semiregular,2,620,701,81,586,34,115,0.9451612903225807,0.8359486447931527,0.884450784593438,0.8872066616199848
2,9,irregular,2,249,266,17,209,40,57,0.8393574297188755,0.7857142857142857,0.9360902255639098,0.8116504854368932
2,9,regular,3,1102,1107,5,1099,3,8,0.9972776769509982,0.992773261065944,0.995483288166215,0.9950203712086917
2,9,semiregular,3,693,701,8,661,32,40,0.9538239538239538,0.9429386590584878,0.9885877318116976,0.9483500717360115
2,9,irregular,3,236,266,30,194,42,72,0.8220338983050848,0.7293233082706767,0.8872180451127819,0.7729083665338645
2,10,regular,1,1055,1014,41,1001,54,13,0.9488151658767773,0.9871794871794872,1.0404339250493098,0.9676172063798937
2,10,semiregular,1,645,656,11,592,53,64,0.9178294573643411,0.9024390243902439,0.9832317073170732,0.9100691775557262
2,10,irregular,1,221,247,26,182,39,65,0.8235294117647058,0.7368421052631579,0.8947368421052632,0.7777777777777778
2,10,regular,2,907,1014,107,893,14,121,0.9845644983461963,0.8806706114398422,0.8944773175542406,0.9297241020301926
2,10,semiregular,2,703,656,47,617,86,39,0.8776671408250356,0.9405487804878049,1.0716463414634145,0.9080206033848418
2,10,irregular,2,212,247,35,182,30,65,0.8584905660377359,0.7368421052631579,0.8582995951417004,0.7930283224400871
2,10,regular,3,1010,1014,4,1004,6,10,0.994059405940594,0.9901380670611439,0.9960552268244576,0.9920948616600791
2,10,semiregular,3,664,656,8,605,59,51,0.911144578313253,0.9222560975609756,1.0121951219512195,0.9166666666666666
2,10,irregular,3,226,247,21,182,44,65,0.8053097345132744,0.7368421052631579,0.9149797570850202,0.7695560253699788
2,11,regular,1,1075,1070,5,1059,16,11,0.9851162790697674,0.9897196261682243,1.0046728971962617,0.9874125874125874
2,11,semiregular,1,692,700,8,607,85,93,0.8771676300578035,0.8671428571428571,0.9885714285714285,0.8721264367816092
2,11,irregular,1,223,239,16,156,67,83,0.6995515695067265,0.6527196652719666,0.9330543933054394,0.6753246753246754
2,11,regular,2,1081,1070,11,1067,14,3,0.9870490286771508,0.997196261682243,1.0102803738317756,0.9920966992096699
2,11,semiregular,2,704,700,4,630,74,70,0.8948863636363636,0.9,1.0057142857142858,0.8974358974358975
2,11,irregular,2,214,239,25,176,38,63,0.822429906542056,0.7364016736401674,0.895397489539749,0.7770419426048566
2,11,regular,3,1044,1070,26,1042,2,28,0.9980842911877394,0.9738317757009346,0.9757009345794393,0.9858088930936614
2,11,semiregular,3,681,700,19,623,58,77,0.9148311306901615,0.89,0.9728571428571429,0.9022447501810283
2,11,irregular,3,209,239,30,169,40,70,0.8086124401913876,0.7071129707112971,0.8744769874476988,0.7544642857142858
2,12,regular,1,1060,1007,53,1007,53,0,0.95,1.0,1.0526315789473684,0.9743589743589743
2,12,semiregular,1,687,641,46,571,116,70,0.8311499272197962,0.890795631825273,1.0717628705148206,0.8599397590361446
2,12,irregular,1,254,204,50,174,80,30,0.6850393700787402,0.8529411764705882,1.2450980392156863,0.759825327510917
2,12,regular,2,1070,1007,63,1007,63,0,0.9411214953271028,1.0,1.0625620655412116,0.9696677900818488
2,12,semiregular,2,662,641,21,573,89,68,0.8655589123867069,0.8939157566302652,1.032761310452418,0.8795088257866462
2,12,irregular,2,241,204,37,173,68,31,0.7178423236514523,0.8480392156862745,1.1813725490196079,0.7775280898876404
2,12,regular,3,1013,1007,6,1007,6,0,0.9940769990128332,1.0,1.005958291956306,0.9970297029702971
2,12,semiregular,3,623,641,18,559,64,82,0.8972712680577849,0.8720748829953198,0.9719188767550702,0.8844936708860759
2,12,irregular,3,212,204,8,167,45,37,0.7877358490566038,0.8186274509803921,1.0392156862745099,0.8028846153846154
2,13,regular,1,992,1000,8,987,5,13,0.9949596774193549,0.987,0.992,0.9909638554216869
2,13,semiregular,1,807,815,8,744,63,71,0.9219330855018587,0.912883435582822,0.9901840490797545,0.9173859432799013
2,13,irregular,1,273,216,57,176,97,40,0.6446886446886447,0.8148148148148148,1.2638888888888888,0.7198364008179959
2,13,regular,2,993,1000,7,984,9,16,0.9909365558912386,0.984,0.993,0.9874560963371801
2,13,semiregular,2,824,815,9,763,61,52,0.9259708737864077,0.9361963190184049,1.011042944785276,0.9310555216595485
2,13,irregular,2,254,216,38,185,69,31,0.7283464566929134,0.8564814814814815,1.1759259259259258,0.7872340425531916
2,13,regular,3,993,1000,7,992,1,8,0.998992950654582,0.992,0.993,0.9954841946813848
2,13,semiregular,3,816,815,1,764,52,51,0.9362745098039216,0.9374233128834356,1.0012269938650307,0.9368485591661557
2,13,irregular,3,215,216,1,172,43,44,0.8,0.7962962962962963,0.9953703703703703,0.7981438515081207
2,14,regular,1,1048,1052,4,1045,3,7,0.9971374045801527,0.9933460076045627,0.9961977186311787,0.9952380952380951
2,14,semiregular,1,809,913,104,756,53,157,0.934487021013597,0.828039430449069,0.8860898138006572,0.8780487804878049
2,14,irregular,1,219,217,2,158,61,59,0.7214611872146118,0.728110599078341,1.0092165898617511,0.7247706422018348
2,14,regular,2,1029,1052,23,1019,10,33,0.9902818270165209,0.9686311787072244,0.9781368821292775,0.9793368572801537
2,14,semiregular,2,884,913,29,831,53,82,0.9400452488687783,0.9101861993428259,0.968236582694414,0.9248747913188647
2,14,irregular,2,220,217,3,180,40,37,0.8181818181818182,0.8294930875576036,1.0138248847926268,0.8237986270022882
2,14,regular,3,1057,1052,5,1048,9,4,0.9914853358561968,0.9961977186311787,1.0047528517110267,0.9938359412043622
2,14,semiregular,3,888,913,25,832,56,81,0.9369369369369369,0.9112814895947426,0.9726177437020811,0.9239311493614658
2,14,irregular,3,189,217,28,161,28,56,0.8518518518518519,0.7419354838709677,0.8709677419354839,0.7931034482758621
2,15,regular,1,997,964,33,964,33,0,0.966900702106319,1.0,1.0342323651452283,0.9831718510963794
2,15,semiregular,1,752,774,22,698,54,76,0.9281914893617021,0.9018087855297158,0.9715762273901809,0.9148099606815203
2,15,irregular,1,200,218,18,163,37,55,0.815,0.7477064220183486,0.9174311926605505,0.7799043062200957
2,15,regular,2,925,964,39,915,10,49,0.9891891891891892,0.9491701244813278,0.9595435684647303,0.9687665431445209
2,15,semiregular,2,766,774,8,707,59,67,0.922976501305483,0.91343669250646,0.9896640826873385,0.9181818181818182
2,15,irregular,2,217,218,1,179,38,39,0.8248847926267281,0.8211009174311926,0.9954128440366973,0.8229885057471263
2,15,regular,3,957,964,7,954,3,10,0.9968652037617555,0.9896265560165975,0.9927385892116183,0.9932326913066111
2,15,semiregular,3,743,774,31,702,41,72,0.9448183041722745,0.9069767441860465,0.9599483204134367,0.9255108767303889
2,15,irregular,3,207,218,11,172,35,46,0.8309178743961353,0.7889908256880734,0.9495412844036697,0.8094117647058824
2,16,regular,1,1116,1109,7,1102,14,7,0.9874551971326165,0.9936880072137061,1.006311992786294,0.990561797752809
2,16,semiregular,1,715,681,34,614,101,67,0.8587412587412587,0.9016152716593245,1.0499265785609397,0.8796561604584527
2,16,irregular,1,186,272,86,126,60,146,0.6774193548387096,0.4632352941176471,0.6838235294117647,0.5502183406113537
2,16,regular,2,1137,1109,28,1109,28,0,0.9753737906772207,1.0,1.0252479711451759,0.9875333926981299
2,16,semiregular,2,654,681,27,594,60,87,0.908256880733945,0.8722466960352423,0.960352422907489,0.8898876404494381
2,16,irregular,2,262,272,10,213,49,59,0.8129770992366412,0.7830882352941176,0.9632352941176471,0.797752808988764
2,16,regular,3,1099,1109,10,1096,3,13,0.997270245677889,0.9882777276825969,0.9909828674481514,0.9927536231884058
2,16,semiregular,3,656,681,25,596,60,85,0.9085365853658537,0.8751835535976505,0.9632892804698973,0.8915482423335827
2,16,irregular,3,213,272,59,184,29,88,0.863849765258216,0.6764705882352942,0.7830882352941176,0.7587628865979382
2,17,regular,1,1078,1029,49,1029,49,0,0.9545454545454546,1.0,1.0476190476190477,0.9767441860465117
2,17,semiregular,1,890,837,53,796,94,41,0.8943820224719101,0.951015531660693,1.063321385902031,0.9218297625940938
2,17,irregular,1,212,240,28,132,80,108,0.6226415094339622,0.55,0.8833333333333333,0.5840707964601771
2,17,regular,2,1026,1029,3,1018,8,11,0.9922027290448343,0.989310009718173,0.9970845481049563,0.9907542579075426
2,17,semiregular,2,851,837,14,785,66,52,0.9224441833137486,0.937873357228196,1.016726403823178,0.9300947867298579
2,17,irregular,2,255,240,15,189,66,51,0.7411764705882353,0.7875,1.0625,0.7636363636363637
2,17,regular,3,1035,1029,6,1027,8,2,0.9922705314009662,0.9980563654033042,1.0058309037900874,0.99515503875969
2,17,semiregular,3,832,837,5,778,54,59,0.9350961538461539,0.929510155316607,0.994026284348865,0.932294787297783
2,17,irregular,3,225,240,15,180,45,60,0.8,0.75,0.9375,0.7741935483870969
2,18,regular,1,1070,1044,26,1037,33,7,0.9691588785046729,0.9932950191570882,1.024904214559387,0.9810785241248818
2,18,semiregular,1,822,801,21,753,69,48,0.916058394160584,0.9400749063670412,1.0262172284644195,0.9279112754158964
2,18,irregular,1,203,252,49,156,47,96,0.7684729064039408,0.6190476190476191,0.8055555555555556,0.6857142857142857
2,18,regular,2,1048,1044,4,1035,13,9,0.9875954198473282,0.9913793103448276,1.003831417624521,0.9894837476099427
2,18,semiregular,2,793,801,8,746,47,55,0.9407313997477932,0.9313358302122348,0.9900124843945068,0.9360100376411543
2,18,irregular,2,259,252,7,205,54,47,0.7915057915057915,0.8134920634920635,1.0277777777777777,0.802348336594912
2,18,regular,3,1045,1044,1,1040,5,4,0.9952153110047847,0.9961685823754789,1.0009578544061302,0.9956917185256103
2,18,semiregular,3,803,801,2,760,43,41,0.9464508094645081,0.9488139825218477,1.0024968789013733,0.9476309226932669
2,18,irregular,3,235,252,17,196,39,56,0.8340425531914893,0.7777777777777778,0.9325396825396826,0.8049281314168378
2,19,regular,1,1073,1076,3,1060,13,16,0.9878844361602982,0.9851301115241635,0.9972118959107806,0.9865053513261981
2,19,semiregular,1,716,753,37,666,50,87,0.9301675977653632,0.8844621513944223,0.950863213811421,0.9067392784206944
2,19,irregular,1,268,245,23,180,88,65,0.6716417910447762,0.7346938775510204,1.0938775510204082,0.7017543859649124
2,19,regular,2,1061,1076,15,1052,9,24,0.9915174363807728,0.9776951672862454,0.9860594795539034,0.9845577912962096
2,19,semiregular,2,734,753,19,682,52,71,0.9291553133514986,0.9057104913678619,0.9747675962815405,0.9172831203765971
2,19,irregular,2,262,245,17,204,58,41,0.7786259541984732,0.8326530612244898,1.0693877551020408,0.8047337278106509
2,19,regular,3,1067,1076,9,1063,4,13,0.9962511715089035,0.9879182156133829,0.991635687732342,0.9920671955202988
2,19,semiregular,3,721,753,32,674,47,79,0.9348127600554785,0.8950863213811421,0.9575033200531209,0.9145183175033922
2,19,irregular,3,219,245,26,177,42,68,0.8082191780821918,0.7224489795918367,0.8938775510204081,0.7629310344827587
2,20,regular,1,1218,1251,33,1213,5,38,0.9958949096880131,0.9696243005595524,0.973621103117506,0.9825840421223168
2,20,semiregular,1,838,841,3,723,115,118,0.8627684964200477,0.8596908442330559,0.9964328180737217,0.8612269207861822
2,20,irregular,1,283,252,31,176,107,76,0.6219081272084805,0.6984126984126984,1.123015873015873,0.6579439252336449
2,20,regular,2,1251,1251,0,1230,21,21,0.9832134292565947,0.9832134292565947,1.0,0.9832134292565947
2,20,semiregular,2,824,841,17,729,95,112,0.8847087378640777,0.8668252080856124,0.9797859690844233,0.8756756756756757
2,20,irregular,2,253,252,1,201,52,51,0.7944664031620553,0.7976190476190477,1.003968253968254,0.7960396039603961
2,20,regular,3,1216,1251,35,1214,2,37,0.9983552631578947,0.9704236610711431,0.9720223820943246,0.9841913254965546
2,20,semiregular,3,819,841,22,735,84,106,0.8974358974358975,0.8739595719381689,0.9738406658739596,0.8855421686746989
2,20,irregular,3,226,252,26,178,48,74,0.7876106194690266,0.7063492063492064,0.8968253968253969,0.7447698744769875
2,21,regular,1,917,920,3,913,4,7,0.9956379498364231,0.9923913043478261,0.9967391304347826,0.9940119760479041
2,21,semiregular,1,534,549,15,452,82,97,0.846441947565543,0.8233151183970856,0.9726775956284153,0.8347183748845799
2,21,irregular,1,221,204,17,159,62,45,0.7194570135746606,0.7794117647058824,1.0833333333333333,0.7482352941176471
2,21,regular,2,923,920,3,911,12,9,0.9869989165763814,0.9902173913043478,1.0032608695652174,0.9886055344546935
2,21,semiregular,2,583,549,34,494,89,55,0.8473413379073756,0.8998178506375227,1.0619307832422586,0.8727915194346291
2,21,irregular,2,222,204,18,175,47,29,0.7882882882882883,0.8578431372549019,1.088235294117647,0.8215962441314555
2,21,regular,3,917,920,3,914,3,6,0.9967284623773174,0.9934782608695653,0.9967391304347826,0.995100707675558
2,21,semiregular,3,569,549,20,485,84,64,0.8523725834797891,0.8834244080145719,1.0364298724954462,0.8676207513416816
2,21,irregular,3,189,204,15,159,30,45,0.8412698412698413,0.7794117647058824,0.9264705882352942,0.8091603053435115
2,22,regular,1,1001,946,55,940,61,6,0.939060939060939,0.9936575052854123,1.058139534883721,0.965588084232152
2,22,semiregular,1,684,703,19,617,67,86,0.902046783625731,0.8776671408250356,0.972972972972973,0.889689978370584
2,22,irregular,1,218,247,29,164,54,83,0.7522935779816514,0.6639676113360324,0.8825910931174089,0.7053763440860217
2,22,regular,2,970,946,24,939,31,7,0.9680412371134021,0.992600422832981,1.025369978858351,0.9801670146137786
2,22,semiregular,2,701,703,2,645,56,58,0.920114122681883,0.9174964438122333,0.9971550497866287,0.9188034188034188
2,22,irregular,2,236,247,11,188,48,59,0.7966101694915254,0.7611336032388664,0.9554655870445344,0.7784679089026915
2,22,regular,3,940,946,6,937,3,9,0.9968085106382979,0.9904862579281184,0.9936575052854123,0.9936373276776247
2,22,semiregular,3,685,703,18,620,65,83,0.9051094890510949,0.8819345661450925,0.9743954480796586,0.8933717579250721
2,22,irregular,3,230,247,17,180,50,67,0.782608695652174,0.728744939271255,0.9311740890688259,0.7547169811320754
2,23,regular,1,1011,999,12,991,20,8,0.9802176063303659,0.991991991991992,1.012012012012012,0.9860696517412936
2,23,semiregular,1,864,835,29,760,104,75,0.8796296296296297,0.9101796407185628,1.0347305389221557,0.8946439081812831
2,23,irregular,1,292,266,26,169,123,97,0.5787671232876712,0.6353383458646616,1.0977443609022557,0.6057347670250895
2,23,regular,2,995,999,4,981,14,18,0.985929648241206,0.9819819819819819,0.995995995995996,0.9839518555667001
2,23,semiregular,2,840,835,5,758,82,77,0.9023809523809524,0.9077844311377246,1.0059880239520957,0.9050746268656716
2,23,irregular,2,264,266,2,189,75,77,0.7159090909090909,0.7105263157894737,0.9924812030075187,0.7132075471698113
2,23,regular,3,1001,999,2,994,7,5,0.993006993006993,0.994994994994995,1.002002002002002,0.994
2,23,semiregular,3,850,835,15,769,81,66,0.9047058823529411,0.9209580838323354,1.0179640718562875,0.912759643916914
2,23,irregular,3,253,266,13,191,62,75,0.7549407114624506,0.7180451127819549,0.9511278195488722,0.7360308285163777
2,24,regular,1,1102,1079,23,1078,24,1,0.9782214156079855,0.9990732159406858,1.0213160333642262,0.988537368179734
2,24,semiregular,1,629,680,51,577,52,103,0.9173290937996821,0.8485294117647059,0.925,0.8815889992360582
2,24,irregular,1,185,247,62,142,43,105,0.7675675675675676,0.5748987854251012,0.7489878542510121,0.6574074074074073
2,24,regular,2,1081,1079,2,1062,19,17,0.9824236817761333,0.9842446709916589,1.0018535681186285,0.9833333333333333
2,24,semiregular,2,665,680,15,623,42,57,0.9368421052631579,0.9161764705882353,0.9779411764705882,0.9263940520446096
2,24,irregular,2,232,247,15,204,28,43,0.8793103448275862,0.8259109311740891,0.9392712550607287,0.8517745302713988
2,24,regular,3,1069,1079,10,1065,4,14,0.9962581852198317,0.9870250231696015,0.9907321594068582,0.9916201117318436
2,24,semiregular,3,674,680,6,630,44,50,0.9347181008902077,0.9264705882352942,0.9911764705882353,0.930576070901034
2,24,irregular,3,218,247,29,189,29,58,0.8669724770642202,0.7651821862348178,0.8825910931174089,0.8129032258064516
2,25,regular,1,980,946,34,943,37,3,0.9622448979591837,0.9968287526427061,1.0359408033826638,0.9792315680166147
2,25,semiregular,1,667,718,51,603,64,115,0.904047976011994,0.8398328690807799,0.9289693593314763,0.8707581227436824
2,25,irregular,1,223,207,16,133,90,74,0.5964125560538116,0.642512077294686,1.077294685990338,0.6186046511627906
2,25,regular,2,943,946,3,935,8,11,0.9915164369034994,0.9883720930232558,0.9968287526427061,0.9899417681312863
2,25,semiregular,2,707,718,11,648,59,70,0.9165487977369166,0.9025069637883009,0.9846796657381616,0.9094736842105263
2,25,irregular,2,202,207,5,145,57,62,0.7178217821782178,0.7004830917874396,0.9758454106280193,0.7090464547677262
2,25,regular,3,938,946,8,937,1,9,0.9989339019189766,0.9904862579281184,0.9915433403805497,0.9946921443736729
2,25,semiregular,3,694,718,24,629,65,89,0.9063400576368876,0.8760445682451253,0.9665738161559888,0.8909348441926347
2,25,irregular,3,191,207,16,134,57,73,0.7015706806282722,0.6473429951690821,0.9227053140096618,0.6733668341708543
2,26,regular,1,1020,985,35,984,36,1,0.9647058823529412,0.9989847715736041,1.0355329949238579,0.9815461346633417
2,26,semiregular,1,728,720,8,651,77,69,0.8942307692307693,0.9041666666666667,1.011111111111111,0.8991712707182321
2,26,irregular,1,271,214,57,174,97,40,0.6420664206642066,0.8130841121495327,1.266355140186916,0.7175257731958763
2,26,regular,2,955,985,30,948,7,37,0.9926701570680628,0.9624365482233502,0.9695431472081218,0.977319587628866
2,26,semiregular,2,757,720,37,672,85,48,0.8877146631439894,0.9333333333333333,1.051388888888889,0.909952606635071
2,26,irregular,2,225,214,11,168,57,46,0.7466666666666667,0.7850467289719626,1.0514018691588785,0.765375854214123
2,26,regular,3,974,985,11,967,7,18,0.9928131416837782,0.9817258883248731,0.9888324873096447,0.9872383869321083
2,26,semiregular,3,723,720,3,655,68,65,0.9059474412171508,0.9097222222222222,1.0041666666666667,0.9078309078309078
2,26,irregular,3,226,214,12,166,60,48,0.7345132743362832,0.7757009345794392,1.0560747663551402,0.7545454545454546
2,27,regular,1,1159,1166,7,1151,8,15,0.9930974978429681,0.9871355060034306,0.9939965694682675,0.9901075268817205
2,27,semiregular,1,669,728,59,597,72,131,0.8923766816143498,0.820054945054945,0.9189560439560439,0.854688618468146
2,27,irregular,1,226,270,44,175,51,95,0.7743362831858407,0.6481481481481481,0.837037037037037,0.7056451612903226
2,27,regular,2,1157,1166,9,1143,14,23,0.9878997407087294,0.9802744425385935,0.9922813036020584,0.9840723202755058
2,27,semiregular,2,700,728,28,645,55,83,0.9214285714285714,0.885989010989011,0.9615384615384616,0.9033613445378151
2,27,irregular,2,258,270,12,217,41,53,0.8410852713178295,0.8037037037037037,0.9555555555555556,0.821969696969697
2,27,regular,3,1170,1166,4,1164,6,2,0.9948717948717949,0.9982847341337907,1.0034305317324186,0.9965753424657535
2,27,semiregular,3,700,728,28,652,48,76,0.9314285714285714,0.8956043956043956,0.9615384615384616,0.9131652661064426
2,27,irregular,3,240,270,30,202,38,68,0.8416666666666667,0.7481481481481481,0.8888888888888888,0.792156862745098
2,28,regular,1,1106,1098,8,1092,14,6,0.9873417721518988,0.994535519125683,1.0072859744990892,0.9909255898366606
2,28,semiregular,1,825,859,34,749,76,110,0.9078787878787878,0.8719441210710128,0.9604190919674039,0.8895486935866984
2,28,irregular,1,342,293,49,194,148,99,0.5672514619883041,0.6621160409556314,1.1672354948805461,0.611023622047244
2,28,regular,2,1114,1098,16,1093,21,5,0.981149012567325,0.9954462659380692,1.0145719489981786,0.988245931283906
2,28,semiregular,2,827,859,32,767,60,92,0.9274486094316807,0.8928987194412107,0.9627473806752037,0.9098457888493474
2,28,irregular,2,272,293,21,208,64,85,0.7647058823529411,0.7098976109215017,0.9283276450511946,0.736283185840708
2,28,regular,3,1099,1098,1,1093,6,5,0.9945404913557779,0.9954462659380692,1.0009107468123861,0.9949931725079654
2,28,semiregular,3,844,859,15,796,48,63,0.943127962085308,0.9266589057043073,0.9825378346915018,0.9348209042865532
2,28,irregular,3,250,293,43,183,67,110,0.732,0.6245733788395904,0.8532423208191127,0.6740331491712707
2,29,regular,1,1159,1140,19,1138,21,2,0.9818809318377912,0.9982456140350877,1.0166666666666666,0.9899956502827316
2,29,semiregular,1,873,869,4,765,108,104,0.8762886597938144,0.8803222094361335,1.004602991944764,0.8783008036739381
2,29,irregular,1,245,247,2,183,62,64,0.746938775510204,0.7408906882591093,0.9919028340080972,0.7439024390243902
2,29,regular,2,1133,1140,7,1121,12,19,0.9894086496028244,0.9833333333333333,0.993859649122807,0.9863616366036075
2,29,semiregular,2,912,869,43,809,103,60,0.8870614035087719,0.9309551208285386,1.0494821634062141,0.9084783829309377
2,29,irregular,2,260,247,13,200,60,47,0.7692307692307693,0.8097165991902834,1.0526315789473684,0.7889546351084813
2,29,regular,3,1116,1140,24,1114,2,26,0.9982078853046595,0.9771929824561404,0.9789473684210527,0.9875886524822696
2,29,semiregular,3,860,869,9,769,91,100,0.8941860465116279,0.8849252013808976,0.9896432681242808,0.8895315211104685
2,29,irregular,3,241,247,6,194,47,53,0.8049792531120332,0.7854251012145749,0.9757085020242915,0.7950819672131147
2,30,regular,1,996,997,1,987,9,10,0.9909638554216867,0.9899699097291875,0.9989969909729187,0.9904666332162568
2,30,semiregular,1,761,810,49,701,60,109,0.9211563731931669,0.8654320987654321,0.9395061728395062,0.8924252068746023
2,30,irregular,1,232,250,18,166,66,84,0.7155172413793104,0.664,0.928,0.6887966804979253
2,30,regular,2,962,997,35,957,5,40,0.9948024948024948,0.9598796389167502,0.9648946840521565,0.9770290964777948
2,30,semiregular,2,810,810,0,752,58,58,0.928395061728395,0.928395061728395,1.0,0.928395061728395
2,30,irregular,2,227,250,23,179,48,71,0.788546255506608,0.716,0.908,0.7505241090146751
2,30,regular,3,999,997,2,993,6,4,0.993993993993994,0.995987963891675,1.0020060180541626,0.9949899799599199
2,30,semiregular,3,809,810,1,753,56,57,0.930778739184178,0.9296296296296296,0.9987654320987654,0.9302038295243977
2,30,irregular,3,236,250,14,188,48,62,0.7966101694915254,0.752,0.944,0.7736625514403294
3,1,regular,1,960,937,23,934,26,3,0.9729166666666667,0.9967982924226254,1.024546424759872,0.9847127042698998
3,1,semiregular,1,733,703,30,622,111,81,0.8485675306957708,0.8847795163584637,1.042674253200569,0.8662952646239555
3,1,irregular,1,185,199,14,130,55,69,0.7027027027027027,0.6532663316582915,0.9296482412060302,0.6770833333333334
3,1,regular,2,1006,937,69,934,72,3,0.9284294234592445,0.9967982924226254,1.0736392742796157,0.9613998970663923
3,1,semiregular,2,701,703,2,610,91,93,0.8701854493580599,0.8677098150782361,0.9971550497866287,0.8689458689458689
3,1,irregular,2,200,199,1,159,41,40,0.795,0.7989949748743719,1.0050251256281406,0.7969924812030076
3,1,regular,3,927,937,10,922,5,15,0.9946062567421791,0.983991462113127,0.9893276414087513,0.9892703862660944
3,1,semiregular,3,743,703,40,650,93,53,0.8748317631224765,0.9246088193456614,1.0568990042674253,0.8990318118948825
3,1,irregular,3,206,199,7,164,42,35,0.7961165048543689,0.8241206030150754,1.035175879396985,0.8098765432098766
3,2,regular,1,1124,1224,100,1117,7,107,0.9937722419928826,0.9125816993464052,0.9183006535947712,0.9514480408858603
3,2,semiregular,1,580,647,67,545,35,102,0.9396551724137931,0.8423493044822257,0.8964451313755796,0.8883455582722086
3,2,irregular,1,188,217,29,113,75,104,0.601063829787234,0.5207373271889401,0.8663594470046083,0.5580246913580247
3,2,regular,2,1172,1224,52,1152,20,72,0.9829351535836177,0.9411764705882353,0.9575163398692811,0.9616026711185309
3,2,semiregular,2,597,647,50,568,29,79,0.9514237855946399,0.8778979907264297,0.9227202472952086,0.9131832797427654
3,2,irregular,2,232,217,15,178,54,39,0.7672413793103449,0.8202764976958525,1.0691244239631337,0.7928730512249442
3,2,regular,3,1209,1224,15,1204,5,20,0.9958643507030603,0.9836601307189542,0.9877450980392157,0.989724619810933
3,2,semiregular,3,666,647,19,620,46,27,0.9309309309309309,0.9582689335394127,1.0293663060278206,0.9444021325209444
3,2,irregular,3,236,217,19,189,47,28,0.8008474576271186,0.8709677419354839,1.087557603686636,0.8344370860927152
3,3,regular,1,1022,1053,31,1015,7,38,0.9931506849315068,0.9639126305792972,0.9705603038936372,0.9783132530120483
3,3,semiregular,1,711,716,5,638,73,78,0.8973277074542897,0.8910614525139665,0.9930167597765364,0.8941836019621583
3,3,irregular,1,212,224,12,142,70,82,0.6698113207547169,0.6339285714285714,0.9464285714285714,0.6513761467889908
3,3,regular,2,1007,1053,46,996,11,57,0.9890764647467726,0.9458689458689459,0.956315289648623,0.9669902912621359
3,3,semiregular,2,727,716,11,661,66,55,0.9092159559834938,0.9231843575418994,1.01536312849162,0.9161469161469161
3,3,irregular,2,220,224,4,173,47,51,0.7863636363636364,0.7723214285714286,0.9821428571428571,0.7792792792792793
3,3,regular,3,1035,1053,18,1032,3,21,0.9971014492753624,0.98005698005698,0.9829059829059829,0.9885057471264369
3,3,semiregular,3,737,716,21,664,73,52,0.9009497964721845,0.9273743016759777,1.0293296089385475,0.9139710942876806
3,3,irregular,3,234,224,10,182,52,42,0.7777777777777778,0.8125,1.0446428571428572,0.7947598253275109
3,4,regular,1,1105,1101,4,1090,15,11,0.9864253393665159,0.9900090826521344,1.0036330608537694,0.9882139619220308
3,4,semiregular,1,603,614,11,511,92,103,0.8474295190713101,0.8322475570032574,0.9820846905537459,0.8397699260476583
3,4,irregular,1,212,228,16,126,86,102,0.5943396226415094,0.5526315789473685,0.9298245614035088,0.5727272727272728
3,4,regular,2,1094,1101,7,1081,13,20,0.9881170018281535,0.9818346957311535,0.9936421435059037,0.9849658314350798
3,4,semiregular,2,594,614,20,540,54,74,0.9090909090909091,0.8794788273615635,0.9674267100977199,0.8940397350993377
3,4,irregular,2,237,228,9,184,53,44,0.7763713080168776,0.8070175438596491,1.0394736842105263,0.7913978494623655
3,4,regular,3,1091,1101,10,1088,3,13,0.997250229147571,0.9881925522252498,0.9909173478655767,0.9927007299270073
3,4,semiregular,3,632,614,18,570,62,44,0.9018987341772152,0.9283387622149837,1.0293159609120521,0.9149277688603531
3,4,irregular,3,236,228,8,187,49,41,0.7923728813559322,0.8201754385964912,1.0350877192982457,0.8060344827586207
3,5,regular,1,1030,1044,14,1024,6,20,0.9941747572815534,0.9808429118773946,0.9865900383141762,0.987463837994214
3,5,semiregular,1,727,668,59,631,96,37,0.8679504814305364,0.9446107784431138,1.0883233532934131,0.9046594982078854
3,5,irregular,1,222,217,5,148,74,69,0.6666666666666666,0.6820276497695853,1.023041474654378,0.6742596810933941
3,5,regular,2,1070,1044,26,1044,26,0,0.9757009345794393,1.0,1.024904214559387,0.9877010406811731
3,5,semiregular,2,676,668,8,594,82,74,0.878698224852071,0.8892215568862275,1.0119760479041917,0.8839285714285714
3,5,irregular,2,226,217,9,173,53,44,0.7654867256637168,0.7972350230414746,1.0414746543778801,0.781038374717833
3,5,regular,3,1029,1044,15,1027,2,17,0.9980563654033042,0.9837164750957854,0.985632183908046,0.9908345393150023
3,5,semiregular,3,689,668,21,619,70,49,0.8984034833091437,0.9266467065868264,1.031437125748503,0.9123065585851141
3,5,irregular,3,231,217,14,181,50,36,0.7835497835497836,0.8341013824884793,1.064516129032258,0.8080357142857143
3,6,regular,1,938,915,23,908,30,7,0.9680170575692963,0.9923497267759562,1.025136612021858,0.9800323799244468
3,6,semiregular,1,700,701,1,642,58,59,0.9171428571428571,0.9158345221112696,0.9985734664764622,0.9164882226980728
3,6,irregular,1,186,195,9,111,75,84,0.5967741935483871,0.5692307692307692,0.9538461538461539,0.5826771653543306
3,6,regular,2,993,915,78,914,79,1,0.9204431017119838,0.9989071038251366,1.0852459016393443,0.9580712788259959
3,6,semiregular,2,703,701,2,642,61,59,0.9132290184921764,0.9158345221112696,1.0028530670470757,0.9145299145299145
3,6,irregular,2,194,195,1,132,62,63,0.6804123711340206,0.676923076923077,0.9948717948717949,0.6786632390745502
3,6,regular,3,896,915,19,892,4,23,0.9955357142857143,0.9748633879781421,0.9792349726775956,0.9850911098840419
3,6,semiregular,3,726,701,25,666,60,35,0.9173553719008265,0.9500713266761769,1.035663338088445,0.933426769446391
3,6,irregular,3,213,195,18,163,50,32,0.7652582159624414,0.8358974358974359,1.0923076923076922,0.7990196078431373
3,7,regular,1,1191,1230,39,1184,7,46,0.9941225860621327,0.9626016260162602,0.9682926829268292,0.9781082197439075
3,7,semiregular,1,751,761,10,668,83,93,0.8894806924101198,0.8777923784494087,0.9868593955321945,0.8835978835978836
3,7,irregular,1,173,225,52,103,70,122,0.5953757225433526,0.4577777777777778,0.7688888888888888,0.5175879396984925
3,7,regular,2,1234,1230,4,1212,22,18,0.9821717990275527,0.9853658536585366,1.0032520325203251,0.9837662337662338
3,7,semiregular,2,715,761,46,643,72,118,0.8993006993006993,0.8449408672798949,0.9395532194480947,0.8712737127371275
3,7,irregular,2,221,225,4,174,47,51,0.7873303167420814,0.7733333333333333,0.9822222222222222,0.7802690582959642
3,7,regular,3,1217,1230,13,1214,3,16,0.9975349219391948,0.9869918699186991,0.989430894308943,0.9922353902738047
3,7,semiregular,3,778,761,17,687,91,74,0.8830334190231363,0.9027595269382391,1.0223390275952693,0.8927875243664718
3,7,irregular,3,231,225,6,191,40,34,0.8268398268398268,0.8488888888888889,1.0266666666666666,0.8377192982456141
3,8,regular,1,1009,1035,26,1000,9,35,0.9910802775024777,0.966183574879227,0.9748792270531401,0.9784735812133072
3,8,semiregular,1,847,827,20,751,96,76,0.8866587957497049,0.9081015719467956,1.0241837968561065,0.8972520908004779
3,8,irregular,1,240,243,3,136,104,107,0.5666666666666667,0.5596707818930041,0.9876543209876543,0.5631469979296067
3,8,regular,2,1039,1035,4,1023,16,12,0.9846005774783445,0.9884057971014493,1.0038647342995168,0.9864995178399228
3,8,semiregular,2,816,827,11,751,65,76,0.9203431372549019,0.9081015719467956,0.9866989117291415,0.9141813755325623
3,8,irregular,2,244,243,1,174,70,69,0.7131147540983607,0.7160493827160493,1.0041152263374487,0.7145790554414784
3,8,regular,3,1020,1035,15,1015,5,20,0.9950980392156863,0.9806763285024155,0.9855072463768116,0.9878345498783455
3,8,semiregular,3,851,827,24,779,72,48,0.9153936545240893,0.9419588875453446,1.0290205562273278,0.9284862932061979
3,8,irregular,3,259,243,16,192,67,51,0.7413127413127413,0.7901234567901234,1.0658436213991769,0.7649402390438247
3,9,regular,1,1052,1107,55,1047,5,60,0.9952471482889734,0.94579945799458,0.950316169828365,0.9698934691987032
3,9,semiregular,1,663,701,38,618,45,83,0.9321266968325792,0.8815977175463623,0.9457917261055635,0.906158357771261
3,9,irregular,1,202,266,64,139,63,127,0.6881188118811881,0.5225563909774437,0.7593984962406015,0.594017094017094
3,9,regular,2,1054,1107,53,1043,11,64,0.9895635673624289,0.9421860885275519,0.952122854561879,0.965293845441925
3,9,semiregular,2,617,701,84,585,32,116,0.9481361426256077,0.8345221112696148,0.8801711840228246,0.8877086494688923
3,9,irregular,2,267,266,1,210,57,56,0.7865168539325843,0.7894736842105263,1.0037593984962405,0.7879924953095686
3,9,regular,3,1081,1107,26,1078,3,29,0.9972247918593895,0.973803071364047,0.976513098464318,0.9853747714808043
3,9,semiregular,3,716,701,15,675,41,26,0.9427374301675978,0.9629101283880172,1.0213980028530671,0.9527170077628794
3,9,irregular,3,271,266,5,219,52,47,0.8081180811808119,0.8233082706766918,1.018796992481203,0.8156424581005587
3,10,regular,1,1050,1014,36,997,53,17,0.9495238095238095,0.9832347140039448,1.0355029585798816,0.9660852713178296
3,10,semiregular,1,667,656,11,609,58,47,0.9130434782608695,0.9283536585365854,1.016768292682927,0.9206349206349206
3,10,irregular,1,219,247,28,170,49,77,0.776255707762557,0.6882591093117408,0.8866396761133604,0.7296137339055794
3,10,regular,2,1066,1014,52,1013,53,1,0.950281425891182,0.9990138067061144,1.0512820512820513,0.9740384615384616
3,10,semiregular,2,654,656,2,602,52,54,0.9204892966360856,0.9176829268292683,0.9969512195121951,0.9190839694656489
3,10,irregular,2,243,247,4,202,41,45,0.831275720164609,0.8178137651821862,0.9838056680161943,0.8244897959183672
3,10,regular,3,1007,1014,7,1001,6,13,0.9940417080436942,0.9871794871794872,0.9930966469428008,0.9905987135081644
3,10,semiregular,3,687,656,31,627,60,29,0.9126637554585153,0.9557926829268293,1.0472560975609757,0.9337304542069993
3,10,irregular,3,254,247,7,209,45,38,0.8228346456692913,0.8461538461538461,1.0283400809716599,0.8343313373253493
3,11,regular,1,1068,1070,2,1060,8,10,0.9925093632958801,0.9906542056074766,0.9981308411214953,0.9915809167446211
3,11,semiregular,1,734,700,34,642,92,58,0.8746594005449592,0.9171428571428571,1.0485714285714285,0.895397489539749
3,11,irregular,1,230,239,9,163,67,76,0.7086956521739131,0.6820083682008368,0.9623430962343096,0.6950959488272921
3,11,regular,2,1087,1070,17,1068,19,2,0.9825206991720331,0.9981308411214953,1.0158878504672897,0.9902642559109873
3,11,semiregular,2,691,700,9,623,68,77,0.9015918958031838,0.89,0.9871428571428571,0.8957584471603163
3,11,irregular,2,218,239,21,174,44,65,0.7981651376146789,0.7280334728033473,0.9121338912133892,0.761487964989059
3,11,regular,3,1047,1070,23,1044,3,26,0.997134670487106,0.9757009345794393,0.9785046728971962,0.9863013698630138
3,11,semiregular,3,709,700,9,644,65,56,0.9083215796897038,0.92,1.012857142857143,0.9141234918381831
3,11,irregular,3,237,239,2,192,45,47,0.810126582278481,0.803347280334728,0.9916317991631799,0.8067226890756303
3,12,regular,1,1066,1007,59,1007,59,0,0.9446529080675422,1.0,1.0585898709036743,0.9715388326097444
3,12,semiregular,1,716,641,75,603,113,38,0.8421787709497207,0.9407176287051482,1.1170046801872076,0.8887251289609434
3,12,irregular,1,260,204,56,181,79,23,0.6961538461538461,0.8872549019607843,1.2745098039215685,0.7801724137931034
3,12,regular,2,1072,1007,65,1007,65,0,0.9393656716417911,1.0,1.0645481628599802,0.9687349687349688
3,12,semiregular,2,646,641,5,564,82,77,0.8730650154798761,0.8798751950078003,1.0078003120124805,0.8764568764568765
3,12,irregular,2,241,204,37,172,69,32,0.7136929460580913,0.8431372549019608,1.1813725490196079,0.7730337078651685
3,12,regular,3,1002,1007,5,999,3,8,0.9970059880239521,0.9920556107249255,0.9950347567030785,0.9945246391239424
3,12,semiregular,3,655,641,14,573,82,68,0.8748091603053435,0.8939157566302652,1.0218408736349454,0.8842592592592593
3,12,irregular,3,229,204,25,172,57,32,0.7510917030567685,0.8431372549019608,1.1225490196078431,0.7944572748267897
3,13,regular,1,971,1000,29,966,5,34,0.9948506694129763,0.966,0.971,0.9802130898021308
3,13,semiregular,1,886,815,71,786,100,29,0.8871331828442438,0.9644171779141104,1.0871165644171779,0.9241622574955908
3,13,irregular,1,298,216,82,171,127,45,0.5738255033557047,0.7916666666666666,1.3796296296296295,0.6653696498054474
3,13,regular,2,1038,1000,38,1000,38,0,0.9633911368015414,1.0,1.038,0.9813542688910697
3,13,semiregular,2,828,815,13,769,59,46,0.928743961352657,0.943558282208589,1.0159509202453987,0.9360925136944613
3,13,irregular,2,250,216,34,177,73,39,0.708,0.8194444444444444,1.1574074074074074,0.7596566523605149
3,13,regular,3,1002,1000,2,997,5,3,0.9950099800399201,0.997,1.002,0.9960039960039959
3,13,semiregular,3,834,815,19,772,62,43,0.9256594724220624,0.947239263803681,1.023312883435583,0.9363250454821105
3,13,irregular,3,234,216,18,187,47,29,0.7991452991452992,0.8657407407407407,1.0833333333333333,0.8311111111111111
3,14,regular,1,1001,1052,51,1001,0,51,1.0,0.9515209125475285,0.9515209125475285,0.9751583049196297
3,14,semiregular,1,857,913,56,798,59,115,0.9311551925320887,0.8740416210295728,0.9386637458926615,0.9016949152542372
3,14,irregular,1,216,217,1,142,74,75,0.6574074074074074,0.6543778801843319,0.9953917050691244,0.6558891454965359
3,14,regular,2,1018,1052,34,1006,12,46,0.9882121807465619,0.9562737642585551,0.967680608365019,0.9719806763285025
3,14,semiregular,2,901,913,12,828,73,85,0.9189789123196448,0.9069003285870756,0.9868565169769989,0.9128996692392503
3,14,irregular,2,238,217,21,173,65,44,0.726890756302521,0.7972350230414746,1.096774193548387,0.7604395604395604
3,14,regular,3,1041,1052,11,1039,2,13,0.9980787704130644,0.9876425855513308,0.9895437262357415,0.9928332537028189
3,14,semiregular,3,911,913,2,853,58,60,0.9363336992316136,0.9342825848849945,0.9978094194961665,0.9353070175438597
3,14,irregular,3,217,217,0,173,44,44,0.7972350230414746,0.7972350230414746,1.0,0.7972350230414748
3,15,regular,1,1000,964,36,964,36,0,0.964,1.0,1.037344398340249,0.9816700610997963
3,15,semiregular,1,828,774,54,737,91,37,0.8900966183574879,0.9521963824289406,1.069767441860465,0.9200998751560548
3,15,irregular,1,205,218,13,166,39,52,0.8097560975609757,0.7614678899082569,0.9403669724770642,0.7848699763593381
3,15,regular,2,965,964,1,954,11,10,0.9886010362694301,0.9896265560165975,1.0010373443983402,0.989113530326594
3,15,semiregular,2,765,774,9,710,55,64,0.9281045751633987,0.917312661498708,0.9883720930232558,0.9226770630279404
3,15,irregular,2,209,218,9,172,37,46,0.8229665071770335,0.7889908256880734,0.9587155963302753,0.8056206088992974
3,15,regular,3,942,964,22,939,3,25,0.9968152866242038,0.9740663900414938,0.9771784232365145,0.9853095487932844
3,15,semiregular,3,752,774,22,701,51,73,0.9321808510638298,0.9056847545219638,0.9715762273901809,0.9187418086500655
3,15,irregular,3,230,218,12,189,41,29,0.8217391304347826,0.8669724770642202,1.055045871559633,0.8437500000000001
3,16,regular,1,0,1109,1109,0,0,1109,-1,-1,0.0,-1
3,16,semiregular,1,423,681,258,371,52,310,0.8770685579196218,0.5447870778267254,0.6211453744493393,0.6721014492753623
3,16,irregular,1,59,272,213,21,38,251,0.3559322033898305,0.07720588235294118,0.21691176470588236,0.1268882175226586
3,16,regular,2,1157,1109,48,1109,48,0,0.958513396715644,1.0,1.043282236248873,0.9788172992056487
3,16,semiregular,2,645,681,36,585,60,96,0.9069767441860465,0.8590308370044053,0.947136563876652,0.8823529411764706
3,16,irregular,2,280,272,8,204,76,68,0.7285714285714285,0.75,1.0294117647058822,0.7391304347826085
3,16,regular,3,1088,1109,21,1084,4,25,0.9963235294117647,0.9774571686203787,0.9810640216411182,0.9868001820664543
3,16,semiregular,3,653,681,28,581,72,100,0.889739663093415,0.8531571218795888,0.9588839941262849,0.8710644677661168
3,16,irregular,3,238,272,34,193,45,79,0.8109243697478992,0.7095588235294118,0.875,0.7568627450980392
3,17,regular,1,532,1029,497,531,1,498,0.9981203007518797,0.5160349854227405,0.5170068027210885,0.6803331197950033
3,17,semiregular,1,571,837,266,520,51,317,0.9106830122591943,0.6212664277180406,0.6821983273596177,0.7386363636363636
3,17,irregular,1,345,240,105,31,314,209,0.08985507246376812,0.12916666666666668,1.4375,0.105982905982906
3,17,regular,2,1080,1029,51,1029,51,0,0.9527777777777777,1.0,1.0495626822157433,0.9758179231863442
3,17,semiregular,2,872,837,35,769,103,68,0.8818807339449541,0.918757467144564,1.041816009557945,0.8999414862492686
3,17,irregular,2,308,240,68,192,116,48,0.6233766233766234,0.8,1.2833333333333334,0.7007299270072993
3,17,regular,3,1054,1029,25,1029,25,0,0.976280834914611,1.0,1.0242954324586977,0.9879980796927509
3,17,semiregular,3,899,837,62,802,97,35,0.8921023359288098,0.9581839904420549,1.0740740740740742,0.923963133640553
3,17,irregular,3,259,240,19,193,66,47,0.7451737451737451,0.8041666666666667,1.0791666666666666,0.7735470941883766
3,18,regular,1,541,1044,503,541,0,503,1.0,0.5181992337164751,0.5181992337164751,0.6826498422712934
3,18,semiregular,1,637,801,164,601,36,200,0.9434850863422292,0.7503121098626716,0.7952559300873908,0.8358831710709318
3,18,irregular,1,79,252,173,32,47,220,0.4050632911392405,0.12698412698412698,0.3134920634920635,0.1933534743202417
3,18,regular,2,1142,1044,98,1043,99,1,0.9133099824868651,0.9990421455938697,1.0938697318007662,0.9542543458371455
3,18,semiregular,2,839,801,38,760,79,41,0.9058402860548271,0.9488139825218477,1.0474406991260923,0.926829268292683
3,18,irregular,2,274,252,22,201,73,51,0.7335766423357665,0.7976190476190477,1.0873015873015872,0.76425855513308
3,18,regular,3,1061,1044,17,1042,19,2,0.9820923656927427,0.9980842911877394,1.0162835249042146,0.9900237529691212
3,18,semiregular,3,876,801,75,777,99,24,0.886986301369863,0.9700374531835206,1.0936329588014981,0.926654740608229
3,18,irregular,3,269,252,17,218,51,34,0.8104089219330854,0.8650793650793651,1.0674603174603174,0.836852207293666
3,19,regular,1,1061,1076,15,1053,8,23,0.9924599434495759,0.9786245353159851,0.9860594795539034,0.985493682732803
3,19,semiregular,1,738,753,15,678,60,75,0.9186991869918699,0.900398406374502,0.9800796812749004,0.909456740442656
3,19,irregular,1,257,245,12,174,83,71,0.6770428015564203,0.710204081632653,1.0489795918367346,0.6932270916334662
3,19,regular,2,1143,1076,67,1073,70,3,0.9387576552930884,0.9972118959107806,1.062267657992565,0.9671022983325823
3,19,semiregular,2,709,753,44,661,48,92,0.9322990126939351,0.8778220451527224,0.9415670650730412,0.9042407660738714
3,19,irregular,2,262,245,17,196,66,49,0.7480916030534351,0.8,1.0693877551020408,0.7731755424063117
3,19,regular,3,1058,1076,18,1055,3,21,0.997164461247637,0.9804832713754646,0.983271375464684,0.9887535145267103
3,19,semiregular,3,756,753,3,704,52,49,0.9312169312169312,0.9349269588313412,1.00398406374502,0.9330682571239229
3,19,irregular,3,249,245,4,197,52,48,0.7911646586345381,0.8040816326530612,1.0163265306122449,0.7975708502024291
3,20,regular,1,1159,1251,92,1155,4,96,0.996548748921484,0.9232613908872902,0.926458832933653,0.9585062240663901
3,20,semiregular,1,875,841,34,759,116,82,0.8674285714285714,0.9024970273483948,1.0404280618311534,0.8846153846153846
3,20,irregular,1,268,252,16,171,97,81,0.6380597014925373,0.6785714285714286,1.0634920634920635,0.6576923076923077
3,20,regular,2,1232,1251,19,1215,17,36,0.9862012987012987,0.9712230215827338,0.9848121502797762,0.9786548530004027
3,20,semiregular,2,785,841,56,702,83,139,0.8942675159235669,0.8347205707491082,0.9334126040428062,0.8634686346863469
3,20,irregular,2,256,252,4,197,59,55,0.76953125,0.7817460317460317,1.0158730158730158,0.7755905511811024
3,20,regular,3,1200,1251,51,1196,4,55,0.9966666666666667,0.95603517186251,0.9592326139088729,0.9759281925744595
3,20,semiregular,3,852,841,11,761,91,80,0.8931924882629108,0.9048751486325802,1.0130796670630202,0.8989958653278203
3,20,irregular,3,265,252,13,206,59,46,0.7773584905660378,0.8174603174603174,1.0515873015873016,0.7969052224371374
3,21,regular,1,935,920,15,917,18,3,0.9807486631016042,0.9967391304347826,1.016304347826087,0.9886792452830189
3,21,semiregular,1,584,549,35,480,104,69,0.821917808219178,0.8743169398907104,1.0637522768670309,0.8473080317740512
3,21,irregular,1,231,204,27,167,64,37,0.7229437229437229,0.8186274509803921,1.1323529411764706,0.767816091954023
3,21,regular,2,973,920,53,920,53,0,0.9455292908530318,1.0,1.057608695652174,0.9720021130480718
3,21,semiregular,2,563,549,14,481,82,68,0.8543516873889876,0.8761384335154827,1.0255009107468125,0.8651079136690647
3,21,irregular,2,207,204,3,164,43,40,0.7922705314009661,0.803921568627451,1.0147058823529411,0.7980535279805353
3,21,regular,3,904,920,16,901,3,19,0.9966814159292036,0.9793478260869565,0.9826086956521739,0.9879385964912281
3,21,semiregular,3,586,549,37,497,89,52,0.8481228668941979,0.9052823315118397,1.0673952641165756,0.875770925110132
3,21,irregular,3,214,204,10,175,39,29,0.8177570093457944,0.8578431372549019,1.0490196078431373,0.8373205741626795
3,22,regular,1,997,946,51,943,54,3,0.9458375125376128,0.9968287526427061,1.0539112050739958,0.970663921770458
3,22,semiregular,1,722,703,19,639,83,64,0.8850415512465374,0.9089615931721194,1.027027027027027,0.8968421052631579
3,22,irregular,1,218,247,29,156,62,91,0.7155963302752294,0.631578947368421,0.8825910931174089,0.6709677419354839
3,22,regular,2,1017,946,71,946,71,0,0.9301868239921337,1.0,1.0750528541226216,0.9638308711156394
3,22,semiregular,2,667,703,36,618,49,85,0.9265367316341829,0.8790896159317212,0.9487908961593172,0.9021897810218977
3,22,irregular,2,234,247,13,181,53,66,0.7735042735042735,0.7327935222672065,0.9473684210526315,0.7525987525987526
3,22,regular,3,936,946,10,933,3,13,0.9967948717948718,0.9862579281183932,0.9894291754756871,0.9914984059511157
3,22,semiregular,3,717,703,14,647,70,56,0.902370990237099,0.9203413940256046,1.0199146514935988,0.9112676056338028
3,22,irregular,3,254,247,7,196,58,51,0.7716535433070866,0.7935222672064778,1.0283400809716599,0.7824351297405191
3,23,regular,1,976,999,23,972,4,27,0.9959016393442623,0.972972972972973,0.9769769769769769,0.9843037974683545
3,23,semiregular,1,824,835,11,735,89,100,0.8919902912621359,0.8802395209580839,0.9868263473053892,0.8860759493670886
3,23,irregular,1,225,266,41,118,107,148,0.5244444444444445,0.44360902255639095,0.8458646616541353,0.48065173116089616
3,23,regular,2,995,999,4,983,12,16,0.9879396984924623,0.983983983983984,0.995995995995996,0.9859578736208626
3,23,semiregular,2,812,835,23,735,77,100,0.9051724137931034,0.8802395209580839,0.9724550898203593,0.8925318761384334
3,23,irregular,2,255,266,11,197,58,69,0.7725490196078432,0.7406015037593985,0.9586466165413534,0.7562380038387717
3,23,regular,3,982,999,17,975,7,24,0.9928716904276986,0.975975975975976,0.982982982982983,0.9843513377082281
3,23,semiregular,3,862,835,27,777,85,58,0.9013921113689095,0.9305389221556887,1.0323353293413173,0.9157336476134355
3,23,irregular,3,285,266,19,207,78,59,0.7263157894736842,0.7781954887218046,1.0714285714285714,0.7513611615245009
3,24,regular,1,1067,1079,12,1054,13,25,0.9878163074039362,0.9768303985171455,0.9888785912882299,0.9822926374650512
3,24,semiregular,1,669,680,11,607,62,73,0.9073243647234679,0.8926470588235295,0.9838235294117647,0.8999258710155672
3,24,irregular,1,193,247,54,150,43,97,0.7772020725388601,0.6072874493927125,0.7813765182186235,0.6818181818181819
3,24,regular,2,1058,1079,21,1040,18,39,0.9829867674858223,0.963855421686747,0.9805375347544022,0.9733270940570893
3,24,semiregular,2,664,680,16,626,38,54,0.9427710843373494,0.9205882352941176,0.9764705882352941,0.931547619047619
3,24,irregular,2,242,247,5,203,39,44,0.8388429752066116,0.8218623481781376,0.979757085020243,0.8302658486707566
3,24,regular,3,1063,1079,16,1059,4,20,0.9962370649106302,0.9814643188137164,0.9851714550509731,0.9887955182072828
3,24,semiregular,3,697,680,17,653,44,27,0.9368723098995696,0.9602941176470589,1.025,0.9484386347131445
3,24,irregular,3,251,247,4,214,37,33,0.852589641434263,0.8663967611336032,1.0161943319838056,0.859437751004016
3,25,regular,1,936,946,10,931,5,15,0.9946581196581197,0.9841437632135307,0.9894291754756871,0.9893730074388949
3,25,semiregular,1,700,718,18,629,71,89,0.8985714285714286,0.8760445682451253,0.9749303621169917,0.8871650211565585
3,25,irregular,1,220,207,13,135,85,72,0.6136363636363636,0.6521739130434783,1.0628019323671498,0.6323185011709602
3,25,regular,2,940,946,6,931,9,15,0.9904255319148936,0.9841437632135307,0.9936575052854123,0.9872746553552493
3,25,semiregular,2,701,718,17,642,59,76,0.9158345221112696,0.8941504178272981,0.9763231197771588,0.9048625792811839
3,25,irregular,2,230,207,23,148,82,59,0.6434782608695652,0.714975845410628,1.1111111111111112,0.677345537757437
3,25,regular,3,931,946,15,929,2,17,0.9978517722878625,0.9820295983086681,0.9841437632135307,0.9898774640383591
3,25,semiregular,3,724,718,6,657,67,61,0.9074585635359116,0.915041782729805,1.0083565459610029,0.9112343966712898
3,25,irregular,3,229,207,22,152,77,55,0.6637554585152838,0.7342995169082126,1.106280193236715,0.6972477064220185
3,26,regular,1,995,985,10,974,21,11,0.978894472361809,0.9888324873096447,1.0101522842639594,0.9838383838383838
3,26,semiregular,1,763,720,43,669,94,51,0.8768020969855832,0.9291666666666667,1.0597222222222222,0.9022252191503709
3,26,irregular,1,290,214,76,175,115,39,0.603448275862069,0.8177570093457944,1.355140186915888,0.6944444444444445
3,26,regular,2,960,985,25,942,18,43,0.98125,0.9563451776649746,0.9746192893401016,0.968637532133676
3,26,semiregular,2,667,720,53,609,58,111,0.9130434782608695,0.8458333333333333,0.9263888888888889,0.8781542898341744
3,26,irregular,2,231,214,17,158,73,56,0.683982683982684,0.7383177570093458,1.0794392523364487,0.7101123595505617
3,26,regular,3,993,985,8,979,14,6,0.9859013091641491,0.9939086294416244,1.0081218274111674,0.9898887765419616
3,26,semiregular,3,761,720,41,672,89,48,0.8830486202365309,0.9333333333333333,1.0569444444444445,0.9074949358541525
3,26,irregular,3,260,214,46,181,79,33,0.6961538461538461,0.8457943925233645,1.2149532710280373,0.7637130801687765
3,27,regular,1,1110,1166,56,1106,4,60,0.9963963963963964,0.9485420240137221,0.9519725557461407,0.9718804920913885
3,27,semiregular,1,681,728,47,609,72,119,0.8942731277533039,0.8365384615384616,0.9354395604395604,0.8644428672817601
3,27,irregular,1,217,270,53,162,55,108,0.7465437788018433,0.6,0.8037037037037037,0.6652977412731006
3,27,regular,2,1132,1166,34,1117,15,49,0.9867491166077739,0.9579759862778731,0.9708404802744426,0.9721496953872932
3,27,semiregular,2,703,728,25,640,63,88,0.9103840682788051,0.8791208791208791,0.9656593406593407,0.8944793850454228
3,27,irregular,2,276,270,6,217,59,53,0.7862318840579711,0.8037037037037037,1.0222222222222221,0.7948717948717948
3,27,regular,3,1159,1166,7,1158,1,8,0.999137187230371,0.9931389365351629,0.9939965694682675,0.9961290322580645
3,27,semiregular,3,739,728,11,676,63,52,0.9147496617050067,0.9285714285714286,1.01510989010989,0.9216087252897069
3,27,irregular,3,270,270,0,225,45,45,0.8333333333333334,0.8333333333333334,1.0,0.8333333333333334
3,28,regular,1,1095,1098,3,1083,12,15,0.989041095890411,0.9863387978142076,0.9972677595628415,0.9876880984952121
3,28,semiregular,1,892,859,33,798,94,61,0.8946188340807175,0.9289871944121071,1.038416763678696,0.9114791547687036
3,28,irregular,1,301,293,8,165,136,128,0.5481727574750831,0.5631399317406144,1.0273037542662116,0.5555555555555556
3,28,regular,2,1098,1098,0,1073,25,25,0.9772313296903461,0.9772313296903461,1.0,0.9772313296903461
3,28,semiregular,2,810,859,49,757,53,102,0.9345679012345679,0.8812572759022119,0.9429569266589057,0.9071300179748354
3,28,irregular,2,298,293,5,198,100,95,0.6644295302013423,0.6757679180887372,1.0170648464163823,0.6700507614213197
3,28,regular,3,1089,1098,9,1084,5,14,0.9954086317722681,0.9872495446265938,0.9918032786885246,0.9913122999542752
3,28,semiregular,3,873,859,14,816,57,43,0.9347079037800687,0.9499417927823051,1.0162980209545984,0.9422632794457275
3,28,irregular,3,298,293,5,211,87,82,0.7080536912751678,0.7201365187713311,1.0170648464163823,0.7140439932318106
3,29,regular,1,1105,1140,35,1103,2,37,0.9981900452488688,0.9675438596491228,0.9692982456140351,0.9826280623608018
3,29,semiregular,1,928,869,59,813,115,56,0.8760775862068966,0.9355581127733027,1.0678941311852703,0.9048414023372287
3,29,irregular,1,232,247,15,166,66,81,0.7155172413793104,0.6720647773279352,0.9392712550607287,0.6931106471816284
3,29,regular,2,1120,1140,20,1110,10,30,0.9910714285714286,0.9736842105263158,0.9824561403508771,0.9823008849557523
3,29,semiregular,2,886,869,17,790,96,79,0.891647855530474,0.9090909090909091,1.0195627157652474,0.9002849002849003
3,29,irregular,2,288,247,41,199,89,48,0.6909722222222222,0.805668016194332,1.165991902834008,0.7439252336448597
3,29,regular,3,1117,1140,23,1114,3,26,0.9973142345568488,0.9771929824561404,0.9798245614035088,0.9871510855117412
3,29,semiregular,3,908,869,39,810,98,59,0.8920704845814978,0.9321058688147296,1.04487917146145,0.911648846370287
3,29,irregular,3,264,247,17,209,55,38,0.7916666666666666,0.8461538461538461,1.0688259109311742,0.8180039138943248
3,30,regular,1,990,997,7,984,6,13,0.9939393939393939,0.9869608826479438,0.9929789368104313,0.9904378459989935
3,30,semiregular,1,829,810,19,756,73,54,0.9119420989143546,0.9333333333333333,1.0234567901234568,0.9225137278828555
3,30,irregular,1,235,250,15,157,78,93,0.6680851063829787,0.628,0.94,0.6474226804123712
3,30,regular,2,972,997,25,967,5,30,0.9948559670781894,0.9699097291875627,0.9749247743229689,0.9822244794311834
3,30,semiregular,2,780,810,30,730,50,80,0.9358974358974359,0.9012345679012346,0.9629629629629629,0.9182389937106918
3,30,irregular,2,244,250,6,190,54,60,0.7786885245901639,0.76,0.976,0.7692307692307693
3,30,regular,3,989,997,8,988,1,9,0.9989888776541962,0.9909729187562688,0.9919759277833501,0.9949647532729105
3,30,semiregular,3,831,810,21,770,61,40,0.9265944645006017,0.9506172839506173,1.025925925925926,0.9384521633150518
3,30,irregular,3,273,250,23,196,77,54,0.717948717948718,0.784,1.092,0.7495219885277248
4,1,regular,1,924,937,13,913,11,24,0.9880952380952381,0.9743863393810032,0.9861259338313767,0.9811929070392262
4,1,semiregular,1,723,703,20,620,103,83,0.8575380359612724,0.8819345661450925,1.0284495021337126,0.8695652173913043
4,1,irregular,1,208,199,9,140,68,59,0.6730769230769231,0.7035175879396985,1.0452261306532664,0.687960687960688
4,1,regular,2,945,937,8,929,16,8,0.9830687830687831,0.991462113127001,1.0085378868729988,0.9872476089266738
4,1,semiregular,2,718,703,15,611,107,92,0.850974930362117,0.8691322901849218,1.0213371266002844,0.8599577762139339
4,1,irregular,2,193,199,6,155,38,44,0.8031088082901554,0.7788944723618091,0.9698492462311558,0.7908163265306122
4,1,regular,3,940,937,3,929,11,8,0.9882978723404255,0.991462113127001,1.0032017075773747,0.9898774640383591
4,1,semiregular,3,669,703,34,591,78,112,0.8834080717488789,0.8406827880512091,0.9516358463726885,0.8615160349854227
4,1,irregular,3,198,199,1,160,38,39,0.8080808080808081,0.8040201005025126,0.9949748743718593,0.8060453400503778
4,2,regular,1,1207,1224,17,1198,9,26,0.9925434962717481,0.9787581699346405,0.9861111111111112,0.9856026326614561
4,2,semiregular,1,562,647,85,528,34,119,0.9395017793594306,0.8160741885625966,0.8686244204018547,0.8734491315136476
4,2,irregular,1,210,217,7,138,72,79,0.6571428571428571,0.6359447004608295,0.967741935483871,0.6463700234192038
4,2,regular,2,1213,1224,11,1198,15,26,0.9876339653751031,0.9787581699346405,0.9910130718954249,0.9831760361099713
4,2,semiregular,2,601,647,46,574,27,73,0.9550748752079867,0.8871715610510046,0.9289026275115919,0.9198717948717948
4,2,irregular,2,217,217,0,174,43,43,0.8018433179723502,0.8018433179723502,1.0,0.8018433179723502
4,2,regular,3,1225,1224,1,1214,11,10,0.9910204081632653,0.9918300653594772,1.0008169934640523,0.991425071457738
4,2,semiregular,3,629,647,18,598,31,49,0.9507154213036566,0.9242658423493045,0.9721792890262752,0.9373040752351097
4,2,irregular,3,232,217,15,185,47,32,0.7974137931034483,0.8525345622119815,1.0691244239631337,0.8240534521158129
4,3,regular,1,1030,1053,23,1023,7,30,0.9932038834951457,0.9715099715099715,0.9781576448243114,0.9822371579452713
4,3,semiregular,1,656,716,60,594,62,122,0.9054878048780488,0.8296089385474861,0.9162011173184358,0.8658892128279884
4,3,irregular,1,217,224,7,154,63,70,0.7096774193548387,0.6875,0.96875,0.6984126984126984
4,3,regular,2,985,1053,68,974,11,79,0.9888324873096447,0.9249762583095916,0.9354226020892688,0.9558390578999019
4,3,semiregular,2,678,716,38,615,63,101,0.9070796460176991,0.8589385474860335,0.946927374301676,0.8823529411764706
4,3,irregular,2,205,224,19,168,37,56,0.8195121951219512,0.75,0.9151785714285714,0.7832167832167832
4,3,regular,3,1045,1053,8,1042,3,11,0.9971291866028709,0.9895536562203229,0.9924026590693258,0.9933269780743565
4,3,semiregular,3,692,716,24,642,50,74,0.9277456647398844,0.8966480446927374,0.9664804469273743,0.9119318181818182
4,3,irregular,3,232,224,8,183,49,41,0.7887931034482759,0.8169642857142857,1.0357142857142858,0.8026315789473685
4,4,regular,1,1116,1101,15,1092,24,9,0.978494623655914,0.9918256130790191,1.013623978201635,0.9851150202976996
4,4,semiregular,1,613,614,1,521,92,93,0.8499184339314845,0.8485342019543974,0.998371335504886,0.8492257538712308
4,4,irregular,1,227,228,1,150,77,78,0.6607929515418502,0.6578947368421053,0.9956140350877193,0.6593406593406594
4,4,regular,2,1128,1101,27,1100,28,1,0.975177304964539,0.9990917347865577,1.0245231607629428,0.9869896814715119
4,4,semiregular,2,578,614,36,524,54,90,0.9065743944636678,0.8534201954397395,0.9413680781758957,0.8791946308724833
4,4,irregular,2,225,228,3,177,48,51,0.7866666666666666,0.7763157894736842,0.9868421052631579,0.7814569536423841
4,4,regular,3,1103,1101,2,1098,5,3,0.9954669084315503,0.997275204359673,1.0018165304268847,0.9963702359346642
4,4,semiregular,3,595,614,19,539,56,75,0.9058823529411765,0.8778501628664495,0.9690553745928339,0.8916459884201818
4,4,irregular,3,237,228,9,187,50,41,0.7890295358649789,0.8201754385964912,1.0394736842105263,0.8043010752688171
4,5,regular,1,1055,1044,11,1043,12,1,0.9886255924170616,0.9990421455938697,1.010536398467433,0.993806574559314
4,5,semiregular,1,730,668,62,625,105,43,0.8561643835616438,0.9356287425149701,1.092814371257485,0.8941344778254651
4,5,irregular,1,233,217,16,161,72,56,0.6909871244635193,0.7419354838709677,1.0737327188940091,0.7155555555555555
4,5,regular,2,1033,1044,11,1024,9,20,0.9912875121006777,0.9808429118773946,0.9894636015325671,0.9860375541646607
4,5,semiregular,2,661,668,7,591,70,77,0.8940998487140696,0.8847305389221557,0.9895209580838323,0.8893905191873589
4,5,irregular,2,214,217,3,173,41,44,0.8084112149532711,0.7972350230414746,0.9861751152073732,0.8027842227378189
4,5,regular,3,1043,1044,1,1040,3,4,0.99712368168744,0.9961685823754789,0.9990421455938697,0.9966459032103497
4,5,semiregular,3,669,668,1,604,65,64,0.9028400597907325,0.9041916167664671,1.001497005988024,0.9035153328347046
4,5,irregular,3,228,217,11,179,49,38,0.7850877192982456,0.8248847926267281,1.0506912442396312,0.8044943820224718
4,6,regular,1,906,915,9,895,11,20,0.9878587196467992,0.9781420765027322,0.9901639344262295,0.9829763866007688
4,6,semiregular,1,707,701,6,630,77,71,0.8910891089108911,0.8987161198288159,1.0085592011412268,0.8948863636363636
4,6,irregular,1,186,195,9,112,74,83,0.6021505376344086,0.5743589743589743,0.9538461538461539,0.5879265091863517
4,6,regular,2,902,915,13,885,17,30,0.9811529933481153,0.9672131147540983,0.985792349726776,0.9741331865712713
4,6,semiregular,2,687,701,14,633,54,68,0.9213973799126638,0.9029957203994294,0.9800285306704708,0.9121037463976945
4,6,irregular,2,188,195,7,135,53,60,0.7180851063829787,0.6923076923076923,0.9641025641025641,0.7049608355091384
4,6,regular,3,913,915,2,906,7,9,0.9923329682365827,0.9901639344262295,0.9978142076502732,0.9912472647702407
4,6,semiregular,3,694,701,7,643,51,58,0.9265129682997119,0.9172610556348074,0.9900142653352354,0.9218637992831542
4,6,irregular,3,221,195,26,172,49,23,0.7782805429864253,0.882051282051282,1.1333333333333333,0.826923076923077
4,7,regular,1,1234,1230,4,1218,16,12,0.9870340356564019,0.9902439024390244,1.0032520325203251,0.9886363636363638
4,7,semiregular,1,793,761,32,678,115,83,0.8549810844892812,0.8909329829172142,1.0420499342969776,0.8725868725868726
4,7,irregular,1,226,225,1,159,67,66,0.7035398230088495,0.7066666666666667,1.0044444444444445,0.70509977827051
4,7,regular,2,1202,1230,28,1183,19,47,0.9841930116472546,0.9617886178861789,0.9772357723577236,0.972861842105263
4,7,semiregular,2,706,761,55,635,71,126,0.8994334277620396,0.8344283837056504,0.9277266754270697,0.865712338104976
4,7,irregular,2,212,225,13,180,32,45,0.8490566037735849,0.8,0.9422222222222222,0.8237986270022883
4,7,regular,3,1227,1230,3,1223,4,7,0.9967400162999185,0.9943089430894309,0.9975609756097561,0.9955229955229955
4,7,semiregular,3,733,761,28,657,76,104,0.8963165075034106,0.8633377135348226,0.9632063074901446,0.8795180722891566
4,7,irregular,3,234,225,9,191,43,34,0.8162393162393162,0.8488888888888889,1.04,0.8322440087145969
4,8,regular,1,1018,1035,17,1009,9,26,0.9911591355599214,0.9748792270531401,0.9835748792270531,0.9829517778860205
4,8,semiregular,1,815,827,12,727,88,100,0.8920245398773006,0.879081015719468,0.9854897218863361,0.8855054811205847
4,8,irregular,1,250,243,7,150,100,93,0.6,0.6172839506172839,1.02880658436214,0.6085192697768763
4,8,regular,2,1020,1035,15,1009,11,26,0.9892156862745098,0.9748792270531401,0.9855072463768116,0.9819951338199514
4,8,semiregular,2,796,827,31,737,59,90,0.9258793969849246,0.8911729141475212,0.9625151148730351,0.9081947011706715
4,8,irregular,2,220,243,23,169,51,74,0.7681818181818182,0.6954732510288066,0.9053497942386831,0.7300215982721383
4,8,regular,3,1038,1035,3,1031,7,4,0.9932562620423893,0.996135265700483,1.0028985507246377,0.994693680656054
4,8,semiregular,3,817,827,10,755,62,72,0.9241126070991432,0.9129383313180169,0.9879081015719468,0.9184914841849149
4,8,irregular,3,252,243,9,186,66,57,0.7380952380952381,0.7654320987654321,1.037037037037037,0.7515151515151515
4,9,regular,1,1080,1107,27,1076,4,31,0.9962962962962963,0.971996386630533,0.975609756097561,0.9839963420210335
4,9,semiregular,1,610,701,91,570,40,131,0.9344262295081968,0.8131241084165478,0.8701854493580599,0.8695652173913044
4,9,irregular,1,227,266,39,161,66,105,0.7092511013215859,0.6052631578947368,0.8533834586466166,0.6531440162271805
4,9,regular,2,1086,1107,21,1076,10,31,0.990791896869245,0.971996386630533,0.981029810298103,0.9813041495668035
4,9,semiregular,2,618,701,83,590,28,111,0.9546925566343042,0.8416547788873039,0.8815977175463623,0.8946171341925702
4,9,irregular,2,254,266,12,211,43,55,0.8307086614173228,0.793233082706767,0.9548872180451128,0.8115384615384615
4,9,regular,3,1094,1107,13,1091,3,16,0.9972577696526508,0.985546522131888,0.988256549232159,0.991367560199909
4,9,semiregular,3,685,701,16,654,31,47,0.9547445255474453,0.9329529243937232,0.9771754636233951,0.9437229437229437
4,9,irregular,3,258,266,8,207,51,59,0.8023255813953488,0.7781954887218046,0.9699248120300752,0.7900763358778625
4,10,regular,1,1005,1014,9,993,12,21,0.9880597014925373,0.9792899408284024,0.9911242603550295,0.9836552748885588
4,10,semiregular,1,664,656,8,602,62,54,0.9066265060240963,0.9176829268292683,1.0121951219512195,0.9121212121212121
4,10,irregular,1,234,247,13,182,52,65,0.7777777777777778,0.7368421052631579,0.9473684210526315,0.7567567567567567
4,10,regular,2,1050,1014,36,1010,40,4,0.9619047619047619,0.9960552268244576,1.0355029585798816,0.9786821705426356
4,10,semiregular,2,638,656,18,588,50,68,0.9216300940438872,0.8963414634146342,0.9725609756097561,0.9088098918083463
4,10,irregular,2,226,247,21,198,28,49,0.8761061946902655,0.8016194331983806,0.9149797570850202,0.8372093023255814
4,10,regular,3,1015,1014,1,1005,10,9,0.9901477832512315,0.9911242603550295,1.0009861932938855,0.9906357811729917
4,10,semiregular,3,604,656,52,566,38,90,0.9370860927152318,0.8628048780487805,0.9207317073170732,0.8984126984126983
4,10,irregular,3,253,247,6,204,49,43,0.8063241106719368,0.8259109311740891,1.0242914979757085,0.8160000000000001
4,11,regular,1,1087,1070,17,1064,23,6,0.9788408463661453,0.994392523364486,1.0158878504672897,0.9865554010199351
4,11,semiregular,1,719,700,19,627,92,73,0.8720445062586927,0.8957142857142857,1.0271428571428571,0.8837209302325582
4,11,irregular,1,221,239,18,155,66,84,0.7013574660633484,0.6485355648535565,0.9246861924686193,0.6739130434782609
4,11,regular,2,1041,1070,29,1033,8,37,0.9923150816522575,0.9654205607476636,0.9728971962616823,0.9786830885836098
4,11,semiregular,2,674,700,26,609,65,91,0.9035608308605341,0.87,0.9628571428571429,0.8864628820960699
4,11,irregular,2,208,239,31,171,37,68,0.8221153846153846,0.7154811715481172,0.8702928870292888,0.7651006711409397
4,11,regular,3,1063,1070,7,1059,4,11,0.9962370649106302,0.9897196261682243,0.9934579439252337,0.9929676511954993
4,11,semiregular,3,666,700,34,606,60,94,0.9099099099099099,0.8657142857142858,0.9514285714285714,0.8872620790629577
4,11,irregular,3,227,239,12,190,37,49,0.8370044052863436,0.7949790794979079,0.9497907949790795,0.8154506437768241
4,12,regular,1,989,1007,18,985,4,22,0.9959555106167847,0.9781529294935452,0.9821251241310824,0.9869739478957916
4,12,semiregular,1,684,641,43,582,102,59,0.8508771929824561,0.9079563182527302,1.0670826833073324,0.8784905660377359
4,12,irregular,1,249,204,45,171,78,33,0.6867469879518072,0.8382352941176471,1.2205882352941178,0.7549668874172185
4,12,regular,2,997,1007,10,986,11,21,0.9889669007021064,0.9791459781529295,0.9900695134061569,0.9840319361277444
4,12,semiregular,2,634,641,7,554,80,87,0.8738170347003155,0.8642745709828393,0.9890795631825273,0.8690196078431373
4,12,irregular,2,237,204,33,174,63,30,0.7341772151898734,0.8529411764705882,1.161764705882353,0.7891156462585034
4,12,regular,3,1005,1007,2,1003,2,4,0.9980099502487563,0.9960278053624627,0.9980139026812314,0.9970178926441351
4,12,semiregular,3,622,641,19,548,74,93,0.8810289389067524,0.8549141965678627,0.9703588143525741,0.8677751385589866
4,12,irregular,3,231,204,27,175,56,29,0.7575757575757576,0.8578431372549019,1.1323529411764706,0.8045977011494253
4,13,regular,1,1001,1000,1,991,10,9,0.99000999000999,0.991,1.001,0.9905047476261869
4,13,semiregular,1,865,815,50,778,87,37,0.8994219653179191,0.9546012269938651,1.0613496932515338,0.9261904761904763
4,13,irregular,1,283,216,67,162,121,54,0.5724381625441696,0.75,1.3101851851851851,0.6492985971943886
4,13,regular,2,990,1000,10,983,7,17,0.9929292929292929,0.983,0.99,0.9879396984924623
4,13,semiregular,2,793,815,22,741,52,74,0.9344262295081968,0.90920245398773,0.9730061349693252,0.9216417910447762
4,13,irregular,2,240,216,24,182,58,34,0.7583333333333333,0.8425925925925926,1.1111111111111112,0.7982456140350876
4,13,regular,3,1002,1000,2,997,5,3,0.9950099800399201,0.997,1.002,0.9960039960039959
4,13,semiregular,3,795,815,20,748,47,67,0.9408805031446541,0.9177914110429448,0.9754601226993865,0.929192546583851
4,13,irregular,3,235,216,19,189,46,27,0.8042553191489362,0.875,1.087962962962963,0.8381374722838139
4,14,regular,1,1047,1052,5,1042,5,10,0.9952244508118434,0.9904942965779467,0.9952471482889734,0.9928537398761315
4,14,semiregular,1,823,913,90,767,56,146,0.9319562575941677,0.8400876232201533,0.9014238773274917,0.8836405529953917
4,14,irregular,1,244,217,27,158,86,59,0.6475409836065574,0.728110599078341,1.1244239631336406,0.685466377440347
4,14,regular,2,1041,1052,11,1030,11,22,0.989433237271854,0.9790874524714829,0.9895437262357415,0.9842331581462015
4,14,semiregular,2,861,913,52,810,51,103,0.9407665505226481,0.8871851040525739,0.9430449069003286,0.9131905298759864
4,14,irregular,2,223,217,6,173,50,44,0.7757847533632287,0.7972350230414746,1.0276497695852536,0.7863636363636364
4,14,regular,3,1052,1052,0,1049,3,3,0.997148288973384,0.997148288973384,1.0,0.997148288973384
4,14,semiregular,3,869,913,44,827,42,86,0.9516685845799769,0.9058050383351588,0.9518072289156626,0.9281705948372616
4,14,irregular,3,217,217,0,176,41,41,0.8110599078341014,0.8110599078341014,1.0,0.8110599078341014
4,15,regular,1,982,964,18,964,18,0,0.9816700610997964,1.0,1.0186721991701244,0.9907502569373073
4,15,semiregular,1,805,774,31,725,80,49,0.9006211180124224,0.9366925064599483,1.0400516795865633,0.9183027232425586
4,15,irregular,1,208,218,10,165,43,53,0.7932692307692307,0.7568807339449541,0.9541284403669725,0.7746478873239437
4,15,regular,2,935,964,29,926,9,38,0.9903743315508021,0.9605809128630706,0.9699170124481328,0.9752501316482359
4,15,semiregular,2,724,774,50,676,48,98,0.9337016574585635,0.8733850129198967,0.9354005167958657,0.9025367156208277
4,15,irregular,2,206,218,12,175,31,43,0.8495145631067961,0.8027522935779816,0.944954128440367,0.8254716981132074
4,15,regular,3,955,964,9,952,3,12,0.9968586387434555,0.9875518672199171,0.9906639004149378,0.9921834288692027
4,15,semiregular,3,735,774,39,686,49,88,0.9333333333333333,0.8863049095607235,0.9496124031007752,0.9092113982770047
4,15,irregular,3,224,218,6,186,38,32,0.8303571428571429,0.8532110091743119,1.0275229357798166,0.8416289592760182
4,16,regular,1,1108,1109,1,1103,5,6,0.9954873646209387,0.9945897204688909,0.9990982867448152,0.9950383400992332
4,16,semiregular,1,601,681,80,530,71,151,0.8818635607321131,0.7782672540381792,0.882525697503671,0.8268330733229331
4,16,irregular,1,259,272,13,179,80,93,0.6911196911196911,0.6580882352941176,0.9522058823529411,0.6741996233521658
4,16,regular,2,1113,1109,4,1100,13,9,0.9883198562443846,0.9918845807033363,1.0036068530207394,0.9900990099009902
4,16,semiregular,2,658,681,23,592,66,89,0.8996960486322189,0.869309838472834,0.9662261380323054,0.8842419716206124
4,16,irregular,2,265,272,7,208,57,64,0.7849056603773585,0.7647058823529411,0.9742647058823529,0.7746741154562383
4,16,regular,3,1116,1109,7,1106,10,3,0.9910394265232975,0.9972948602344455,1.006311992786294,0.9941573033707864
4,16,semiregular,3,639,681,42,582,57,99,0.9107981220657277,0.8546255506607929,0.9383259911894273,0.8818181818181818
4,16,irregular,3,251,272,21,203,48,69,0.8087649402390438,0.7463235294117647,0.9227941176470589,0.7762906309751433
4,17,regular,1,1036,1029,7,1029,7,0,0.9932432432432432,1.0,1.0068027210884354,0.9966101694915254
4,17,semiregular,1,823,837,14,749,74,88,0.9100850546780073,0.8948626045400239,0.983273596176822,0.9024096385542169
4,17,irregular,1,260,240,20,174,86,66,0.6692307692307692,0.725,1.0833333333333333,0.696
4,17,regular,2,1020,1029,9,1014,6,15,0.9941176470588236,0.9854227405247813,0.9912536443148688,0.9897510980966324
4,17,semiregular,2,828,837,9,759,69,78,0.9166666666666666,0.9068100358422939,0.989247311827957,0.9117117117117116
4,17,irregular,2,276,240,36,189,87,51,0.6847826086956522,0.7875,1.15,0.7325581395348837
4,17,regular,3,1034,1029,5,1028,6,1,0.9941972920696325,0.9990281827016521,1.0048590864917395,0.9966068831798351
4,17,semiregular,3,814,837,23,762,52,75,0.9361179361179361,0.910394265232975,0.972520908004779,0.9230769230769231
4,17,irregular,3,248,240,8,185,63,55,0.7459677419354839,0.7708333333333334,1.0333333333333334,0.7581967213114754
4,18,regular,1,1052,1044,8,1040,12,4,0.9885931558935361,0.9961685823754789,1.0076628352490422,0.9923664122137406
4,18,semiregular,1,777,801,24,722,55,79,0.9292149292149292,0.9013732833957553,0.9700374531835206,0.915082382762991
4,18,irregular,1,259,252,7,190,69,62,0.7335907335907336,0.753968253968254,1.0277777777777777,0.7436399217221136
4,18,regular,2,1040,1044,4,1030,10,14,0.9903846153846154,0.9865900383141762,0.9961685823754789,0.9884836852207294
4,18,semiregular,2,775,801,26,729,46,72,0.9406451612903226,0.9101123595505618,0.9675405742821473,0.9251269035532995
4,18,irregular,2,262,252,10,211,51,41,0.8053435114503816,0.8373015873015873,1.0396825396825398,0.8210116731517509
4,18,regular,3,1042,1044,2,1038,4,6,0.9961612284069098,0.9942528735632183,0.9980842911877394,0.9952061361457334
4,18,semiregular,3,793,801,8,748,45,53,0.9432534678436317,0.9338327091136079,0.9900124843945068,0.9385194479297364
4,18,irregular,3,262,252,10,211,51,41,0.8053435114503816,0.8373015873015873,1.0396825396825398,0.8210116731517509
4,19,regular,1,1007,1076,69,1002,5,74,0.9950347567030785,0.9312267657992565,0.9358736059479554,0.9620739318290927
4,19,semiregular,1,713,753,40,654,59,99,0.9172510518934082,0.8685258964143426,0.9468791500664011,0.8922237380627558
4,19,irregular,1,286,245,41,184,102,61,0.6433566433566433,0.7510204081632653,1.1673469387755102,0.6930320150659133
4,19,regular,2,1100,1076,24,1073,27,3,0.9754545454545455,0.9972118959107806,1.0223048327137547,0.9862132352941176
4,19,semiregular,2,691,753,62,648,43,105,0.9377713458755427,0.8605577689243028,0.9176626826029216,0.8975069252077562
4,19,irregular,2,251,245,6,193,58,52,0.7689243027888446,0.7877551020408163,1.0244897959183674,0.778225806451613
4,19,regular,3,1066,1076,10,1062,4,14,0.9962476547842402,0.9869888475836431,0.9907063197026023,0.9915966386554622
4,19,semiregular,3,664,753,89,612,52,141,0.9216867469879518,0.8127490039840638,0.8818061088977424,0.8637967537050106
4,19,irregular,3,242,245,3,193,49,52,0.7975206611570248,0.7877551020408163,0.9877551020408163,0.7926078028747434
4,20,regular,1,1272,1251,21,1217,55,34,0.9567610062893082,0.9728217426059153,1.0167865707434052,0.9647245342845817
4,20,semiregular,1,810,841,31,698,112,143,0.8617283950617284,0.8299643281807372,0.9631391200951248,0.8455481526347668
4,20,irregular,1,304,252,52,162,142,90,0.5328947368421053,0.6428571428571429,1.2063492063492063,0.5827338129496404
4,20,regular,2,236,1251,1015,232,4,1019,0.9830508474576272,0.18545163868904876,0.18864908073541167,0.31203765971755215
4,20,semiregular,2,745,841,96,667,78,174,0.8953020134228188,0.7931034482758621,0.8858501783590963,0.8411097099621689
4,20,irregular,2,226,252,26,173,53,79,0.7654867256637168,0.6865079365079365,0.8968253968253969,0.7238493723849372
4,20,regular,3,1157,1251,94,1152,5,99,0.9956784788245462,0.920863309352518,0.9248601119104716,0.9568106312292359
4,20,semiregular,3,799,841,42,715,84,126,0.8948685857321652,0.8501783590963139,0.9500594530321046,0.871951219512195
4,20,irregular,3,248,252,4,197,51,55,0.7943548387096774,0.7817460317460317,0.9841269841269841,0.788
4,21,regular,1,949,920,29,917,32,3,0.9662802950474183,0.9967391304347826,1.0315217391304348,0.9812734082397003
4,21,semiregular,1,579,549,30,476,103,73,0.8221070811744386,0.8670309653916212,1.0546448087431695,0.8439716312056739
4,21,irregular,1,225,204,21,156,69,48,0.6933333333333334,0.7647058823529411,1.1029411764705883,0.7272727272727272
4,21,regular,2,955,920,35,920,35,0,0.9633507853403142,1.0,1.0380434782608696,0.9813333333333333
4,21,semiregular,2,541,549,8,461,80,88,0.8521256931608133,0.8397085610200364,0.9854280510018215,0.8458715596330275
4,21,irregular,2,200,204,4,162,38,42,0.81,0.7941176470588235,0.9803921568627451,0.801980198019802
4,21,regular,3,913,920,7,910,3,10,0.9967141292442497,0.9891304347826086,0.9923913043478261,0.9929078014184398
4,21,semiregular,3,569,549,20,496,73,53,0.8717047451669596,0.9034608378870674,1.0364298724954462,0.8872987477638641
4,21,irregular,3,217,204,13,176,41,28,0.8110599078341014,0.8627450980392157,1.0637254901960784,0.836104513064133
4,22,regular,1,1022,946,76,942,80,4,0.9217221135029354,0.9957716701902748,1.080338266384778,0.9573170731707317
4,22,semiregular,1,705,703,2,618,87,85,0.8765957446808511,0.8790896159317212,1.0028449502133712,0.8778409090909091
4,22,irregular,1,220,247,27,157,63,90,0.7136363636363636,0.6356275303643725,0.8906882591093117,0.6723768736616702
4,22,regular,2,943,946,3,914,29,32,0.9692470837751855,0.9661733615221987,0.9968287526427061,0.9677077818951826
4,22,semiregular,2,653,703,50,590,63,113,0.9035222052067381,0.8392603129445235,0.9288762446657184,0.8702064896755163
4,22,irregular,2,215,247,32,176,39,71,0.8186046511627907,0.7125506072874493,0.8704453441295547,0.7619047619047619
4,22,regular,3,937,946,9,932,5,14,0.9946638207043756,0.985200845665962,0.9904862579281184,0.9899097185342538
4,22,semiregular,3,668,703,35,618,50,85,0.9251497005988024,0.8790896159317212,0.9502133712660028,0.9015317286652079
4,22,irregular,3,259,247,12,203,56,44,0.7837837837837838,0.8218623481781376,1.048582995951417,0.8023715415019762
4,23,regular,1,1144,999,145,998,146,1,0.8723776223776224,0.998998998998999,1.145145145145145,0.9314045730284648
4,23,semiregular,1,774,835,61,653,121,182,0.8436692506459949,0.7820359281437126,0.9269461077844311,0.8116842759477936
4,23,irregular,1,308,266,42,186,122,80,0.6038961038961039,0.6992481203007519,1.1578947368421053,0.6480836236933798
4,23,regular,2,833,999,166,827,6,172,0.992797118847539,0.8278278278278278,0.8338338338338338,0.9028384279475983
4,23,semiregular,2,257,835,578,215,42,620,0.8365758754863813,0.25748502994011974,0.3077844311377245,0.39377289377289376
4,23,irregular,2,247,266,19,195,52,71,0.7894736842105263,0.7330827067669173,0.9285714285714286,0.760233918128655
4,23,regular,3,1009,999,10,994,15,5,0.9851337958374629,0.994994994994995,1.01001001001001,0.9900398406374502
4,23,semiregular,3,835,835,0,762,73,73,0.9125748502994012,0.9125748502994012,1.0,0.9125748502994012
4,23,irregular,3,288,266,22,207,81,59,0.71875,0.7781954887218046,1.0827067669172932,0.7472924187725631
4,24,regular,1,1074,1079,5,1060,14,19,0.9869646182495344,0.9823911028730306,0.995366079703429,0.9846725499303297
4,24,semiregular,1,611,680,69,553,58,127,0.9050736497545008,0.8132352941176471,0.8985294117647059,0.8567002323780015
4,24,irregular,1,183,247,64,132,51,115,0.7213114754098361,0.5344129554655871,0.7408906882591093,0.6139534883720931
4,24,regular,2,1038,1079,41,1023,15,56,0.9855491329479769,0.9481000926784059,0.9620018535681186,0.9664619744922058
4,24,semiregular,2,624,680,56,583,41,97,0.9342948717948718,0.8573529411764705,0.9176470588235294,0.8941717791411042
4,24,irregular,2,220,247,27,193,27,54,0.8772727272727273,0.7813765182186235,0.8906882591093117,0.8265524625267666
4,24,regular,3,1070,1079,9,1064,6,15,0.994392523364486,0.9860982391102873,0.9916589434661723,0.9902280130293161
4,24,semiregular,3,640,680,40,603,37,77,0.9421875,0.8867647058823529,0.9411764705882353,0.9136363636363636
4,24,irregular,3,237,247,10,200,37,47,0.8438818565400844,0.8097165991902834,0.9595141700404858,0.8264462809917356
4,25,regular,1,946,946,0,941,5,5,0.9947145877378436,0.9947145877378436,1.0,0.9947145877378436
4,25,semiregular,1,664,718,54,595,69,123,0.8960843373493976,0.8286908077994429,0.924791086350975,0.8610709117221418
4,25,irregular,1,227,207,20,139,88,68,0.6123348017621145,0.6714975845410628,1.0966183574879227,0.6405529953917051
4,25,regular,2,921,946,25,913,8,33,0.991313789359392,0.9651162790697675,0.9735729386892178,0.9780396357793252
4,25,semiregular,2,692,718,26,634,58,84,0.9161849710982659,0.883008356545961,0.9637883008356546,0.8992907801418439
4,25,irregular,2,217,207,10,152,65,55,0.7004608294930875,0.7342995169082126,1.0483091787439613,0.7169811320754716
4,25,regular,3,949,946,3,944,5,2,0.9947312961011591,0.9978858350951374,1.0031712473572938,0.996306068601583
4,25,semiregular,3,685,718,33,626,59,92,0.9138686131386862,0.871866295264624,0.9540389972144847,0.8923734853884534
4,25,irregular,3,220,207,13,152,68,55,0.6909090909090909,0.7342995169082126,1.0628019323671498,0.711943793911007
4,26,regular,1,975,985,10,959,16,26,0.9835897435897436,0.9736040609137055,0.9898477157360406,0.9785714285714285
4,26,semiregular,1,759,720,39,664,95,56,0.8748353096179183,0.9222222222222223,1.0541666666666667,0.8979039891818797
4,26,irregular,1,264,214,50,170,94,44,0.6439393939393939,0.794392523364486,1.233644859813084,0.7112970711297072
4,26,regular,2,1008,985,23,982,26,3,0.9742063492063492,0.9969543147208122,1.0233502538071066,0.985449071751129
4,26,semiregular,2,704,720,16,635,69,85,0.9019886363636364,0.8819444444444444,0.9777777777777777,0.8918539325842696
4,26,irregular,2,205,214,9,146,59,68,0.7121951219512195,0.6822429906542056,0.9579439252336449,0.6968973747016706
4,26,regular,3,998,985,13,984,14,1,0.9859719438877755,0.9989847715736041,1.0131979695431472,0.9924357034795764
4,26,semiregular,3,698,720,22,638,60,82,0.9140401146131805,0.8861111111111111,0.9694444444444444,0.8998589562764456
4,26,irregular,3,252,214,38,182,70,32,0.7222222222222222,0.8504672897196262,1.1775700934579438,0.7811158798283261
4,27,regular,1,1145,1166,21,1139,6,27,0.994759825327511,0.9768439108061749,0.9819897084048027,0.98572046733016
4,27,semiregular,1,630,728,98,569,61,159,0.9031746031746032,0.7815934065934066,0.8653846153846154,0.8379970544918999
4,27,irregular,1,243,270,27,186,57,84,0.7654320987654321,0.6888888888888889,0.9,0.7251461988304092
4,27,regular,2,1162,1166,4,1146,16,20,0.9862306368330465,0.9828473413379074,0.9965694682675815,0.9845360824742267
4,27,semiregular,2,698,728,30,639,59,89,0.9154727793696275,0.8777472527472527,0.9587912087912088,0.8962131837307152
4,27,irregular,2,259,270,11,214,45,56,0.8262548262548263,0.7925925925925926,0.9592592592592593,0.8090737240075614
4,27,regular,3,1167,1166,1,1162,5,4,0.9957155098543273,0.9965694682675815,1.0008576329331047,0.9961423060437204
4,27,semiregular,3,692,728,36,643,49,85,0.9291907514450867,0.8832417582417582,0.9505494505494505,0.9056338028169013
4,27,irregular,3,272,270,2,223,49,47,0.8198529411764706,0.825925925925926,1.0074074074074073,0.8228782287822878
4,28,regular,1,1083,1098,15,1077,6,21,0.9944598337950139,0.9808743169398907,0.9863387978142076,0.9876203576341127
4,28,semiregular,1,894,859,35,799,95,60,0.8937360178970917,0.930151338766007,1.0407450523864958,0.9115801483171706
4,28,irregular,1,284,293,9,186,98,107,0.6549295774647887,0.6348122866894198,0.9692832764505119,0.6447140381282497
4,28,regular,2,1075,1098,23,1058,17,40,0.9841860465116279,0.9635701275045537,0.9790528233151184,0.9737689829728486
4,28,semiregular,2,803,859,56,748,55,111,0.9315068493150684,0.8707799767171129,0.9348079161816065,0.9001203369434416
4,28,irregular,2,275,293,18,196,79,97,0.7127272727272728,0.6689419795221843,0.9385665529010239,0.6901408450704226
4,28,regular,3,1095,1098,3,1091,4,7,0.9963470319634703,0.9936247723132969,0.9972677595628415,0.994984040127679
4,28,semiregular,3,827,859,32,776,51,83,0.9383313180169287,0.9033760186263097,0.9627473806752037,0.9205219454329775
4,28,irregular,3,289,293,4,204,85,89,0.7058823529411765,0.6962457337883959,0.9863481228668942,0.7010309278350516
4,29,regular,1,1138,1140,2,1129,9,11,0.992091388400703,0.9903508771929824,0.9982456140350877,0.9912203687445127
4,29,semiregular,1,902,869,33,789,113,80,0.8747228381374723,0.9079401611047181,1.0379746835443038,0.891022021456804
4,29,irregular,1,243,247,4,177,66,70,0.7283950617283951,0.7165991902834008,0.9838056680161943,0.7224489795918367
4,29,regular,2,1128,1140,12,1120,8,20,0.9929078014184397,0.9824561403508771,0.9894736842105263,0.9876543209876543
4,29,semiregular,2,894,869,25,795,99,74,0.889261744966443,0.9148446490218642,1.0287686996547756,0.9018718094157685
4,29,irregular,2,264,247,17,197,67,50,0.7462121212121212,0.7975708502024291,1.0688259109311742,0.7710371819960861
4,29,regular,3,1136,1140,4,1132,4,8,0.9964788732394366,0.9929824561403509,0.9964912280701754,0.9947275922671354
4,29,semiregular,3,844,869,25,765,79,104,0.9063981042654028,0.8803222094361335,0.9712313003452244,0.893169877408056
4,29,irregular,3,254,247,7,204,50,43,0.8031496062992126,0.8259109311740891,1.0283400809716599,0.8143712574850299
4,30,regular,1,987,997,10,982,5,15,0.9949341438703141,0.9849548645937813,0.9899699097291875,0.9899193548387096
4,30,semiregular,1,802,810,8,732,70,78,0.912718204488778,0.9037037037037037,0.9901234567901235,0.9081885856079405
4,30,irregular,1,256,250,6,172,84,78,0.671875,0.688,1.024,0.6798418972332015
4,30,regular,2,1011,997,14,992,19,5,0.9812067260138477,0.9949849548645938,1.0140421263791375,0.9880478087649402
4,30,semiregular,2,778,810,32,717,61,93,0.9215938303341902,0.8851851851851852,0.9604938271604938,0.903022670025189
4,30,irregular,2,225,250,25,180,45,70,0.8,0.72,0.9,0.7578947368421052
4,30,regular,3,996,997,1,993,3,4,0.9969879518072289,0.995987963891675,0.9989969909729187,0.9964877069744105
4,30,semiregular,3,793,810,17,740,53,70,0.9331651954602774,0.9135802469135802,0.9790123456790123,0.9232688708671242
4,30,irregular,3,270,250,20,192,78,58,0.7111111111111111,0.768,1.08,0.7384615384615385
5,1,regular,1,941,937,4,931,10,6,0.9893730074388948,0.9935965848452508,1.0042689434364995,0.9914802981895634
5,1,semiregular,1,721,703,18,612,109,91,0.8488210818307905,0.8705547652916074,1.0256045519203414,0.8595505617977528
5,1,irregular,1,179,199,20,132,47,67,0.7374301675977654,0.6633165829145728,0.8994974874371859,0.6984126984126984
5,1,regular,2,945,937,8,916,29,21,0.9693121693121693,0.9775880469583778,1.0085378868729988,0.973432518597237
5,1,semiregular,2,721,703,18,625,96,78,0.8668515950069348,0.8890469416785206,1.0256045519203414,0.877808988764045
5,1,irregular,2,199,199,0,160,39,39,0.8040201005025126,0.8040201005025126,1.0,0.8040201005025126
5,1,regular,3,924,937,13,919,5,18,0.9945887445887446,0.9807897545357525,0.9861259338313767,0.987641053197206
5,1,semiregular,3,710,703,7,623,87,80,0.8774647887323944,0.8862019914651493,1.0099573257467995,0.8818117480537864
5,1,irregular,3,202,199,3,162,40,37,0.801980198019802,0.8140703517587939,1.015075376884422,0.8079800498753117
5,2,regular,1,1173,1224,51,1164,9,60,0.9923273657289002,0.9509803921568627,0.9583333333333334,0.9712140175219023
5,2,semiregular,1,577,647,70,544,33,103,0.9428076256499134,0.8408037094281299,0.8918083462132921,0.888888888888889
5,2,irregular,1,165,217,52,99,66,118,0.6,0.45622119815668205,0.7603686635944701,0.518324607329843
5,2,regular,2,1171,1224,53,1159,12,65,0.9897523484201537,0.9468954248366013,0.9566993464052288,0.9678496868475992
5,2,semiregular,2,635,647,12,608,27,39,0.9574803149606299,0.9397217928902627,0.98145285935085,0.9485179407176285
5,2,irregular,2,234,217,17,181,53,36,0.7735042735042735,0.8341013824884793,1.0783410138248848,0.802660753880266
5,2,regular,3,1202,1224,22,1199,3,25,0.997504159733777,0.9795751633986928,0.9820261437908496,0.9884583676834294
5,2,semiregular,3,643,647,4,609,34,38,0.9471228615863142,0.9412673879443586,0.9938176197836167,0.9441860465116279
5,2,irregular,3,233,217,16,182,51,35,0.7811158798283262,0.8387096774193549,1.0737327188940091,0.8088888888888889
5,3,regular,1,1053,1053,0,1043,10,10,0.9905033238366572,0.9905033238366572,1.0,0.9905033238366572
5,3,semiregular,1,694,716,22,633,61,83,0.9121037463976945,0.8840782122905028,0.9692737430167597,0.8978723404255319
5,3,irregular,1,214,224,10,145,69,79,0.677570093457944,0.6473214285714286,0.9553571428571429,0.6621004566210046
5,3,regular,2,1017,1053,36,1006,11,47,0.9891838741396264,0.9553656220322887,0.9658119658119658,0.9719806763285025
5,3,semiregular,2,729,716,13,661,68,55,0.906721536351166,0.9231843575418994,1.0181564245810055,0.914878892733564
5,3,irregular,2,220,224,4,175,45,49,0.7954545454545454,0.78125,0.9821428571428571,0.7882882882882883
5,3,regular,3,1025,1053,28,1022,3,31,0.9970731707317073,0.9705603038936372,0.97340930674264,0.9836381135707412
5,3,semiregular,3,719,716,3,659,60,57,0.9165507649513213,0.9203910614525139,1.0041899441340782,0.9184668989547039
5,3,irregular,3,229,224,5,184,45,40,0.8034934497816594,0.8214285714285714,1.0223214285714286,0.8123620309050774
5,4,regular,1,1104,1101,3,1083,21,18,0.9809782608695652,0.9836512261580381,1.002724795640327,0.982312925170068
5,4,semiregular,1,608,614,6,518,90,96,0.8519736842105263,0.8436482084690554,0.990228013029316,0.8477905073649754
5,4,irregular,1,202,228,26,127,75,101,0.6287128712871287,0.5570175438596491,0.8859649122807017,0.5906976744186047
5,4,regular,2,1106,1101,5,1095,11,6,0.9900542495479204,0.9945504087193461,1.0045413260672116,0.9922972360670593
5,4,semiregular,2,620,614,6,554,66,60,0.8935483870967742,0.9022801302931596,1.009771986970684,0.8978930307941653
5,4,irregular,2,240,228,12,190,50,38,0.7916666666666666,0.8333333333333334,1.0526315789473684,0.811965811965812
5,4,regular,3,1083,1101,18,1081,2,20,0.9981532779316713,0.9818346957311535,0.9836512261580381,0.98992673992674
5,4,semiregular,3,603,614,11,541,62,73,0.8971807628524047,0.8811074918566775,0.9820846905537459,0.8890714872637633
5,4,irregular,3,248,228,20,190,58,38,0.7661290322580645,0.8333333333333334,1.087719298245614,0.7983193277310924
5,5,regular,1,1046,1044,2,1038,8,6,0.9923518164435946,0.9942528735632183,1.0019157088122606,0.9933014354066986
5,5,semiregular,1,738,668,70,628,110,40,0.8509485094850948,0.9401197604790419,1.1047904191616766,0.8933143669985775
5,5,irregular,1,206,217,11,138,68,79,0.6699029126213593,0.6359447004608295,0.9493087557603687,0.6524822695035462
5,5,regular,2,1055,1044,11,1043,12,1,0.9886255924170616,0.9990421455938697,1.010536398467433,0.993806574559314
5,5,semiregular,2,699,668,31,619,80,49,0.8855507868383404,0.9266467065868264,1.0464071856287425,0.9056327724945136
5,5,irregular,2,220,217,3,173,47,44,0.7863636363636364,0.7972350230414746,1.0138248847926268,0.7917620137299771
5,5,regular,3,1027,1044,17,1025,2,19,0.9980525803310614,0.9818007662835249,0.9837164750957854,0.9898599710284887
5,5,semiregular,3,678,668,10,606,72,62,0.8938053097345132,0.907185628742515,1.0149700598802396,0.900445765230312
5,5,irregular,3,228,217,11,177,51,40,0.7763157894736842,0.815668202764977,1.0506912442396312,0.7955056179775281
5,6,regular,1,866,915,49,851,15,64,0.9826789838337182,0.9300546448087431,0.946448087431694,0.9556428972487366
5,6,semiregular,1,702,701,1,644,58,57,0.9173789173789174,0.9186875891583453,1.0014265335235377,0.918032786885246
5,6,irregular,1,186,195,9,113,73,82,0.6075268817204301,0.5794871794871795,0.9538461538461539,0.5931758530183727
5,6,regular,2,953,915,38,915,38,0,0.9601259181532005,1.0,1.0415300546448087,0.9796573875802999
5,6,semiregular,2,718,701,17,655,63,46,0.9122562674094707,0.9343794579172611,1.0242510699001426,0.923185341789993
5,6,irregular,2,181,195,14,127,54,68,0.7016574585635359,0.6512820512820513,0.9282051282051282,0.675531914893617
5,6,regular,3,892,915,23,889,3,26,0.9966367713004485,0.9715846994535519,0.9748633879781421,0.983951300498063
5,6,semiregular,3,714,701,13,655,59,46,0.9173669467787114,0.9343794579172611,1.0185449358059915,0.9257950530035335
5,6,irregular,3,212,195,17,168,44,27,0.7924528301886793,0.8615384615384616,1.087179487179487,0.8255528255528256
5,7,regular,1,1236,1230,6,1217,19,13,0.9846278317152104,0.989430894308943,1.0048780487804878,0.9870235198702352
5,7,semiregular,1,790,761,29,690,100,71,0.8734177215189873,0.9067017082785808,1.038107752956636,0.8897485493230173
5,7,irregular,1,196,225,29,114,82,111,0.5816326530612245,0.5066666666666667,0.8711111111111111,0.5415676959619953
5,7,regular,2,1234,1230,4,1212,22,18,0.9821717990275527,0.9853658536585366,1.0032520325203251,0.9837662337662338
5,7,semiregular,2,756,761,5,671,85,90,0.8875661375661376,0.8817345597897503,0.9934296977660972,0.8846407382992749
5,7,irregular,2,206,225,19,172,34,53,0.8349514563106796,0.7644444444444445,0.9155555555555556,0.7981438515081206
5,7,regular,3,1206,1230,24,1205,1,25,0.9991708126036484,0.9796747967479674,0.9804878048780488,0.9893267651888341
5,7,semiregular,3,761,761,0,679,82,82,0.8922470433639947,0.8922470433639947,1.0,0.8922470433639947
5,7,irregular,3,232,225,7,194,38,31,0.8362068965517241,0.8622222222222222,1.031111111111111,0.8490153172866521
5,8,regular,1,1020,1035,15,1011,9,24,0.9911764705882353,0.9768115942028985,0.9855072463768116,0.983941605839416
5,8,semiregular,1,810,827,17,732,78,95,0.9037037037037037,0.8851269649334945,0.9794437726723095,0.8943188759926695
5,8,irregular,1,238,243,5,141,97,102,0.592436974789916,0.5802469135802469,0.9794238683127572,0.5862785862785863
5,8,regular,2,1034,1035,1,1023,11,12,0.9893617021276596,0.9884057971014493,0.9990338164251208,0.9888835186080233
5,8,semiregular,2,823,827,4,756,67,71,0.9185905224787363,0.9141475211608222,0.9951632406287787,0.9163636363636363
5,8,irregular,2,232,243,11,171,61,72,0.7370689655172413,0.7037037037037037,0.9547325102880658,0.72
5,8,regular,3,1019,1035,16,1016,3,19,0.9970559371933267,0.9816425120772947,0.9845410628019323,0.9892891918208374
5,8,semiregular,3,840,827,13,767,73,60,0.9130952380952381,0.9274486094316807,1.0157194679564692,0.9202159568086383
5,8,irregular,3,250,243,7,185,65,58,0.74,0.7613168724279835,1.02880658436214,0.7505070993914806
5,9,regular,1,1092,1107,15,1085,7,22,0.9935897435897436,0.980126467931346,0.986449864498645,0.98681218735789
5,9,semiregular,1,661,701,40,622,39,79,0.9409984871406959,0.8873038516405135,0.9429386590584878,0.9133627019089574
5,9,irregular,1,203,266,63,128,75,138,0.6305418719211823,0.48120300751879697,0.7631578947368421,0.5458422174840085
5,9,regular,2,1074,1107,33,1065,9,42,0.9916201117318436,0.962059620596206,0.9701897018970189,0.9766162310866575
5,9,semiregular,2,655,701,46,618,37,83,0.9435114503816794,0.8815977175463623,0.9343794579172611,0.9115044247787611
5,9,irregular,2,259,266,7,212,47,54,0.8185328185328186,0.7969924812030075,0.9736842105263158,0.8076190476190476
5,9,regular,3,1073,1107,34,1070,3,37,0.9972041006523765,0.966576332429991,0.969286359530262,0.9816513761467889
5,9,semiregular,3,703,701,2,663,40,38,0.9431009957325747,0.9457917261055635,1.0028530670470757,0.9444444444444444
5,9,irregular,3,264,266,2,213,51,53,0.8068181818181818,0.8007518796992481,0.9924812030075187,0.8037735849056603
5,10,regular,1,1032,1014,18,1005,27,9,0.9738372093023255,0.9911242603550295,1.017751479289941,0.9824046920821115
5,10,semiregular,1,672,656,16,616,56,40,0.9166666666666666,0.9390243902439024,1.024390243902439,0.9277108433734941
5,10,irregular,1,211,247,36,161,50,86,0.7630331753554502,0.6518218623481782,0.854251012145749,0.703056768558952
5,10,regular,2,1028,1014,14,999,29,15,0.9717898832684825,0.985207100591716,1.0138067061143985,0.9784524975514203
5,10,semiregular,2,696,656,40,623,73,33,0.8951149425287356,0.9496951219512195,1.0609756097560976,0.9215976331360947
5,10,irregular,2,250,247,3,210,40,37,0.84,0.8502024291497976,1.0121457489878543,0.8450704225352113
5,10,regular,3,999,1014,15,995,4,19,0.995995995995996,0.9812623274161736,0.985207100591716,0.9885742672627919
5,10,semiregular,3,645,656,11,599,46,57,0.9286821705426357,0.913109756097561,0.9832317073170732,0.9208301306687163
5,10,irregular,3,252,247,5,208,44,39,0.8253968253968254,0.8421052631578947,1.0202429149797572,0.8336673346693386
5,11,regular,1,1073,1070,3,1060,13,10,0.9878844361602982,0.9906542056074766,1.002803738317757,0.9892673821745217
5,11,semiregular,1,714,700,14,624,90,76,0.8739495798319328,0.8914285714285715,1.02,0.8826025459688827
5,11,irregular,1,215,239,24,146,69,93,0.6790697674418604,0.6108786610878661,0.899581589958159,0.6431718061674009
5,11,regular,2,1064,1070,6,1055,9,15,0.9915413533834586,0.985981308411215,0.994392523364486,0.9887535145267103
5,11,semiregular,2,712,700,12,637,75,63,0.8946629213483146,0.91,1.0171428571428571,0.9022662889518415
5,11,irregular,2,216,239,23,175,41,64,0.8101851851851852,0.7322175732217573,0.9037656903765691,0.7692307692307692
5,11,regular,3,1055,1070,15,1053,2,17,0.9981042654028436,0.9841121495327103,0.985981308411215,0.9910588235294118
5,11,semiregular,3,700,700,0,638,62,62,0.9114285714285715,0.9114285714285715,1.0,0.9114285714285715
5,11,irregular,3,235,239,4,186,49,53,0.7914893617021277,0.7782426778242678,0.9832635983263598,0.7848101265822784
5,12,regular,1,1031,1007,24,1007,24,0,0.976721629485936,1.0,1.0238331678252235,0.9882237487733072
5,12,semiregular,1,698,641,57,590,108,51,0.8452722063037249,0.9204368174726989,1.0889235569422777,0.8812546676624347
5,12,irregular,1,229,204,25,163,66,41,0.7117903930131004,0.7990196078431373,1.1225490196078431,0.7528868360277137
5,12,regular,2,1027,1007,20,1007,20,0,0.9805258033106135,1.0,1.0198609731876862,0.9901671583087512
5,12,semiregular,2,681,641,40,590,91,51,0.8663729809104258,0.9204368174726989,1.062402496099844,0.8925869894099847
5,12,irregular,2,236,204,32,171,65,33,0.7245762711864406,0.8382352941176471,1.1568627450980393,0.7772727272727273
5,12,regular,3,987,1007,20,986,1,21,0.9989868287740629,0.9791459781529295,0.9801390268123138,0.9889669007021062
5,12,semiregular,3,642,641,1,572,70,69,0.8909657320872274,0.8923556942277691,1.001560062402496,0.8916601714731098
5,12,irregular,3,226,204,22,170,56,34,0.7522123893805309,0.8333333333333334,1.107843137254902,0.7906976744186047
5,13,regular,1,981,1000,19,979,2,21,0.9979612640163099,0.979,0.981,0.9883897021706209
5,13,semiregular,1,859,815,44,779,80,36,0.9068684516880093,0.9558282208588957,1.0539877300613496,0.930704898446834
5,13,irregular,1,262,216,46,162,100,54,0.6183206106870229,0.75,1.212962962962963,0.6778242677824268
5,13,regular,2,977,1000,23,971,6,29,0.9938587512794268,0.971,0.977,0.9822964087000506
5,13,semiregular,2,845,815,30,786,59,29,0.9301775147928995,0.9644171779141104,1.0368098159509203,0.946987951807229
5,13,irregular,2,236,216,20,181,55,35,0.7669491525423728,0.8379629629629629,1.0925925925925926,0.8008849557522124
5,13,regular,3,982,1000,18,981,1,19,0.9989816700610998,0.981,0.982,0.9899091826437941
5,13,semiregular,3,818,815,3,763,55,52,0.9327628361858191,0.9361963190184049,1.003680981595092,0.9344764237599511
5,13,irregular,3,229,216,13,182,47,34,0.7947598253275109,0.8425925925925926,1.0601851851851851,0.8179775280898877
5,14,regular,1,1022,1052,30,1020,2,32,0.9980430528375733,0.9695817490494296,0.9714828897338403,0.9836065573770493
5,14,semiregular,1,870,913,43,812,58,101,0.9333333333333333,0.8893756845564075,0.9529025191675794,0.9108244531688166
5,14,irregular,1,201,217,16,136,65,81,0.6766169154228856,0.6267281105990783,0.9262672811059908,0.6507177033492823
5,14,regular,2,1015,1052,37,1008,7,44,0.993103448275862,0.9581749049429658,0.964828897338403,0.9753265602322206
5,14,semiregular,2,906,913,7,840,66,73,0.9271523178807947,0.9200438116100766,0.9923329682365827,0.9235843870258383
5,14,irregular,2,235,217,18,175,60,42,0.7446808510638298,0.8064516129032258,1.0829493087557605,0.7743362831858407
5,14,regular,3,1032,1052,20,1032,0,20,1.0,0.9809885931558935,0.9809885931558935,0.9904030710172744
5,14,semiregular,3,901,913,12,847,54,66,0.9400665926748057,0.927710843373494,0.9868565169769989,0.9338478500551267
5,14,irregular,3,221,217,4,174,47,43,0.7873303167420814,0.8018433179723502,1.0184331797235022,0.7945205479452054
5,15,regular,1,998,964,34,964,34,0,0.9659318637274549,1.0,1.0352697095435686,0.9826707441386341
5,15,semiregular,1,802,774,28,725,77,49,0.9039900249376559,0.9366925064599483,1.0361757105943152,0.9200507614213198
5,15,irregular,1,184,218,34,154,30,64,0.8369565217391305,0.7064220183486238,0.8440366972477065,0.7661691542288558
5,15,regular,2,958,964,6,948,10,16,0.9895615866388309,0.983402489626556,0.9937759336099585,0.9864724245577523
5,15,semiregular,2,768,774,6,715,53,59,0.9309895833333334,0.9237726098191215,0.9922480620155039,0.927367055771725
5,15,irregular,2,209,218,9,180,29,38,0.861244019138756,0.8256880733944955,0.9587155963302753,0.8430913348946136
5,15,regular,3,949,964,15,946,3,18,0.9968387776606955,0.9813278008298755,0.9844398340248963,0.989022477783586
5,15,semiregular,3,759,774,15,708,51,66,0.932806324110672,0.9147286821705426,0.9806201550387597,0.923679060665362
5,15,irregular,3,218,218,0,178,40,40,0.8165137614678899,0.8165137614678899,1.0,0.81651376146789
5,16,regular,1,1105,1109,4,1098,7,11,0.9936651583710407,0.9900811541929666,0.9963931469792606,0.9918699186991871
5,16,semiregular,1,680,681,1,596,84,85,0.8764705882352941,0.8751835535976505,0.9985315712187959,0.8758265980896399
5,16,irregular,1,203,272,69,117,86,155,0.5763546798029556,0.43014705882352944,0.7463235294117647,0.4926315789473685
5,16,regular,2,1146,1109,37,1108,38,1,0.9668411867364747,0.9990982867448152,1.0333633904418396,0.9827050997782706
5,16,semiregular,2,679,681,2,607,72,74,0.8939617083946981,0.8913362701908958,0.9970631424375918,0.8926470588235295
5,16,irregular,2,261,272,11,201,60,71,0.7701149425287356,0.7389705882352942,0.9595588235294118,0.7542213883677298
5,16,regular,3,1096,1109,13,1093,3,16,0.9972627737226277,0.9855725879170424,0.9882777276825969,0.9913832199546485
5,16,semiregular,3,658,681,23,595,63,86,0.9042553191489362,0.8737151248164464,0.9662261380323054,0.8887229275578791
5,16,irregular,3,267,272,5,219,48,53,0.8202247191011236,0.8051470588235294,0.9816176470588235,0.8126159554730984
5,17,regular,1,1036,1029,7,1027,9,2,0.9913127413127413,0.9980563654033042,1.0068027210884354,0.9946731234866828
5,17,semiregular,1,850,837,13,764,86,73,0.8988235294117647,0.9127837514934289,1.015531660692951,0.905749851807943
5,17,irregular,1,218,240,22,125,93,115,0.573394495412844,0.5208333333333334,0.9083333333333333,0.5458515283842794
5,17,regular,2,1013,1029,16,1006,7,23,0.9930898321816387,0.9776482021379981,0.9844509232264335,0.9853085210577865
5,17,semiregular,2,860,837,23,793,67,44,0.922093023255814,0.9474313022700119,1.027479091995221,0.9345904537418974
5,17,irregular,2,288,240,48,191,97,49,0.6631944444444444,0.7958333333333333,1.2,0.7234848484848485
5,17,regular,3,1014,1029,15,1013,1,16,0.9990138067061144,0.9844509232264335,0.9854227405247813,0.9916789035731767
5,17,semiregular,3,841,837,4,777,64,60,0.9239001189060642,0.9283154121863799,1.004778972520908,0.9261025029797378
5,17,irregular,3,255,240,15,186,69,54,0.7294117647058823,0.775,1.0625,0.7515151515151516
5,18,regular,1,1044,1044,0,1035,9,9,0.9913793103448276,0.9913793103448276,1.0,0.9913793103448276
5,18,semiregular,1,791,801,10,736,55,65,0.9304677623261695,0.9188514357053683,0.9875156054931336,0.9246231155778896
5,18,irregular,1,167,252,85,125,42,127,0.7485029940119761,0.49603174603174605,0.6626984126984127,0.5966587112171837
5,18,regular,2,1079,1044,35,1042,37,2,0.9657089898053753,0.9980842911877394,1.0335249042145593,0.9816297691945359
5,18,semiregular,2,829,801,28,764,65,37,0.9215922798552473,0.9538077403245943,1.034956304619226,0.9374233128834356
5,18,irregular,2,266,252,14,206,60,46,0.7744360902255639,0.8174603174603174,1.0555555555555556,0.7953667953667953
5,18,regular,3,1035,1044,9,1034,1,10,0.9990338164251208,0.9904214559386973,0.9913793103448276,0.9947089947089947
5,18,semiregular,3,810,801,9,767,43,34,0.9469135802469136,0.9575530586766542,1.0112359550561798,0.952203600248293
5,18,irregular,3,264,252,12,219,45,33,0.8295454545454546,0.8690476190476191,1.0476190476190477,0.8488372093023256
5,19,regular,1,1063,1076,13,1051,12,25,0.9887111947318908,0.9767657992565055,0.9879182156133829,0.9827021972884525
5,19,semiregular,1,744,753,9,686,58,67,0.9220430107526881,0.9110225763612217,0.9880478087649402,0.916499665998664
5,19,irregular,1,261,245,16,166,95,79,0.6360153256704981,0.6775510204081633,1.0653061224489795,0.6561264822134387
5,19,regular,2,1100,1076,24,1073,27,3,0.9754545454545455,0.9972118959107806,1.0223048327137547,0.9862132352941176
5,19,semiregular,2,740,753,13,689,51,64,0.9310810810810811,0.9150066401062417,0.9827357237715804,0.9229738780977896
5,19,irregular,2,267,245,22,203,64,42,0.7602996254681648,0.8285714285714286,1.089795918367347,0.79296875
5,19,regular,3,1058,1076,18,1056,2,20,0.998109640831758,0.9814126394052045,0.983271375464684,0.9896907216494846
5,19,semiregular,3,725,753,28,676,49,77,0.9324137931034483,0.897742363877822,0.9628154050464808,0.9147496617050067
5,19,irregular,3,255,245,10,193,62,52,0.7568627450980392,0.7877551020408163,1.0408163265306123,0.772
5,20,regular,1,1211,1251,40,1203,8,48,0.9933938893476466,0.9616306954436451,0.9680255795363709,0.9772542648253453
5,20,semiregular,1,870,841,29,764,106,77,0.8781609195402299,0.9084423305588585,1.0344827586206897,0.8930450029222676
5,20,irregular,1,262,252,10,156,106,96,0.5954198473282443,0.6190476190476191,1.0396825396825398,0.6070038910505837
5,20,regular,2,1237,1251,14,1221,16,30,0.9870654810024252,0.9760191846522782,0.9888089528377298,0.9815112540192925
5,20,semiregular,2,843,841,2,765,78,76,0.9074733096085409,0.9096313912009513,1.0023781212841856,0.9085510688836105
5,20,irregular,2,258,252,6,200,58,52,0.7751937984496124,0.7936507936507936,1.0238095238095237,0.7843137254901961
5,20,regular,3,1200,1251,51,1198,2,53,0.9983333333333333,0.9576338928856915,0.9592326139088729,0.9775601795185639
5,20,semiregular,3,837,841,4,751,86,90,0.8972520908004779,0.8929845422116528,0.995243757431629,0.8951132300357568
5,20,irregular,3,255,252,3,203,52,49,0.796078431372549,0.8055555555555556,1.0119047619047619,0.8007889546351085
5,21,regular,1,947,920,27,917,30,3,0.9683210137275607,0.9967391304347826,1.0293478260869566,0.9823245848955544
5,21,semiregular,1,577,549,28,476,101,73,0.8249566724436742,0.8670309653916212,1.0510018214936248,0.8454706927175845
5,21,irregular,1,205,204,1,152,53,52,0.7414634146341463,0.7450980392156863,1.0049019607843137,0.7432762836185819
5,21,regular,2,932,920,12,915,17,5,0.9817596566523605,0.9945652173913043,1.0130434782608695,0.9881209503239741
5,21,semiregular,2,586,549,37,501,85,48,0.8549488054607508,0.912568306010929,1.0673952641165756,0.8828193832599119
5,21,irregular,2,210,204,6,169,41,35,0.8047619047619048,0.8284313725490197,1.0294117647058822,0.8164251207729469
5,21,regular,3,903,920,17,900,3,20,0.9966777408637874,0.9782608695652174,0.9815217391304348,0.9873834339001645
5,21,semiregular,3,570,549,21,489,81,60,0.8578947368421053,0.8907103825136612,1.0382513661202186,0.8739946380697051
5,21,irregular,3,206,204,2,173,33,31,0.8398058252427184,0.8480392156862745,1.0098039215686274,0.8439024390243902
5,22,regular,1,992,946,46,939,53,7,0.9465725806451613,0.992600422832981,1.0486257928118394,0.9690402476780186
5,22,semiregular,1,716,703,13,637,79,66,0.8896648044692738,0.9061166429587483,1.0184921763869133,0.8978153629316421
5,22,irregular,1,195,247,52,140,55,107,0.717948717948718,0.5668016194331984,0.7894736842105263,0.6334841628959276
5,22,regular,2,978,946,32,944,34,2,0.9652351738241309,0.9978858350951374,1.0338266384778012,0.9812889812889813
5,22,semiregular,2,701,703,2,642,59,61,0.9158345221112696,0.9132290184921764,0.9971550497866287,0.9145299145299145
5,22,irregular,2,231,247,16,184,47,63,0.7965367965367965,0.7449392712550608,0.9352226720647774,0.7698744769874477
5,22,regular,3,934,946,12,931,3,15,0.9967880085653105,0.9841437632135307,0.9873150105708245,0.9904255319148936
5,22,semiregular,3,695,703,8,640,55,63,0.920863309352518,0.9103840682788051,0.9886201991465149,0.9155937052932761
5,22,irregular,3,253,247,6,198,55,49,0.782608695652174,0.8016194331983806,1.0242914979757085,0.792
5,23,regular,1,987,999,12,977,10,22,0.9898682877406282,0.977977977977978,0.987987987987988,0.9838872104733133
5,23,semiregular,1,876,835,41,780,96,55,0.8904109589041096,0.9341317365269461,1.0491017964071856,0.9117475160724723
5,23,irregular,1,291,266,25,141,150,125,0.4845360824742268,0.5300751879699248,1.093984962406015,0.5062836624775583
5,23,regular,2,997,999,2,982,15,17,0.9849548645937813,0.982982982982983,0.997997997997998,0.9839679358717435
5,23,semiregular,2,824,835,11,755,69,80,0.9162621359223301,0.9041916167664671,0.9868263473053892,0.9101868595539481
5,23,irregular,2,264,266,2,192,72,74,0.7272727272727273,0.7218045112781954,0.9924812030075187,0.7245283018867925
5,23,regular,3,989,999,10,982,7,17,0.9929221435793731,0.982982982982983,0.98998998998999,0.9879275653923542
5,23,semiregular,3,844,835,9,762,82,73,0.9028436018957346,0.9125748502994012,1.0107784431137725,0.9076831447290055
5,23,irregular,3,269,266,3,200,69,66,0.7434944237918215,0.7518796992481203,1.0112781954887218,0.7476635514018691
5,24,regular,1,1107,1079,28,1079,28,0,0.974706413730804,1.0,1.025949953660797,0.9871912168344007
5,24,semiregular,1,658,680,22,602,56,78,0.9148936170212766,0.8852941176470588,0.9676470588235294,0.8998505231689089
5,24,irregular,1,169,247,78,131,38,116,0.7751479289940828,0.5303643724696356,0.6842105263157895,0.6298076923076923
5,24,regular,2,1066,1079,13,1052,14,27,0.9868667917448405,0.9749768303985171,0.9879518072289156,0.9808857808857808
5,24,semiregular,2,667,680,13,625,42,55,0.9370314842578711,0.9191176470588235,0.9808823529411764,0.9279881217520415
5,24,irregular,2,240,247,7,203,37,44,0.8458333333333333,0.8218623481781376,0.97165991902834,0.8336755646817249
5,24,regular,3,1055,1079,24,1051,4,28,0.9962085308056872,0.974050046339203,0.9777571825764597,0.9850046860356139
5,24,semiregular,3,680,680,0,641,39,39,0.9426470588235294,0.9426470588235294,1.0,0.9426470588235294
5,24,irregular,3,247,247,0,211,36,36,0.854251012145749,0.854251012145749,1.0,0.854251012145749
5,25,regular,1,966,946,20,945,21,1,0.9782608695652174,0.9989429175475687,1.0211416490486258,0.9884937238493724
5,25,semiregular,1,693,718,25,615,78,103,0.8874458874458875,0.8565459610027855,0.9651810584958217,0.8717221828490432
5,25,irregular,1,214,207,7,129,85,78,0.602803738317757,0.6231884057971014,1.0338164251207729,0.6128266033254157
5,25,regular,2,921,946,25,915,6,31,0.993485342019544,0.96723044397463,0.9735729386892178,0.9801821103374397
5,25,semiregular,2,710,718,8,637,73,81,0.8971830985915493,0.8871866295264624,0.9888579387186629,0.8921568627450981
5,25,irregular,2,215,207,8,135,80,72,0.627906976744186,0.6521739130434783,1.038647342995169,0.6398104265402844
5,25,regular,3,782,946,164,781,1,165,0.9987212276214834,0.8255813953488372,0.8266384778012685,0.9039351851851852
5,25,semiregular,3,594,718,124,541,53,177,0.9107744107744108,0.7534818941504178,0.8272980501392758,0.8246951219512196
5,25,irregular,3,229,207,22,145,84,62,0.6331877729257642,0.7004830917874396,1.106280193236715,0.6651376146788991
5,26,regular,1,995,985,10,970,25,15,0.9748743718592965,0.9847715736040609,1.0101522842639594,0.9797979797979797
5,26,semiregular,1,774,720,54,674,100,46,0.8708010335917312,0.9361111111111111,1.075,0.9022757697456493
5,26,irregular,1,289,214,75,174,115,40,0.6020761245674741,0.8130841121495327,1.3504672897196262,0.6918489065606362
5,26,regular,2,650,985,335,635,15,350,0.9769230769230769,0.6446700507614214,0.6598984771573604,0.7767584097859327
5,26,semiregular,2,630,720,90,578,52,142,0.9174603174603174,0.8027777777777778,0.875,0.8562962962962962
5,26,irregular,2,262,214,48,162,100,52,0.6183206106870229,0.7570093457943925,1.2242990654205608,0.680672268907563
5,26,regular,3,1026,985,41,980,46,5,0.9551656920077972,0.9949238578680203,1.0416243654822335,0.9746394828443561
5,26,semiregular,3,752,720,32,659,93,61,0.8763297872340425,0.9152777777777777,1.0444444444444445,0.8953804347826086
5,26,irregular,3,283,214,69,178,105,36,0.6289752650176679,0.8317757009345794,1.3224299065420562,0.716297786720322
5,27,regular,1,1114,1166,52,1103,11,63,0.9901256732495511,0.9459691252144082,0.9554030874785592,0.9675438596491227
5,27,semiregular,1,601,728,127,540,61,188,0.8985024958402662,0.7417582417582418,0.8255494505494505,0.8126410835214446
5,27,irregular,1,175,270,95,134,41,136,0.7657142857142857,0.4962962962962963,0.6481481481481481,0.6022471910112359
5,27,regular,2,1012,1166,154,1000,12,166,0.9881422924901185,0.8576329331046312,0.8679245283018868,0.9182736455463728
5,27,semiregular,2,731,728,3,665,66,63,0.9097127222982216,0.9134615384615384,1.004120879120879,0.9115832762165866
5,27,irregular,2,273,270,3,224,49,46,0.8205128205128205,0.8296296296296296,1.011111111111111,0.8250460405156538
5,27,regular,3,1148,1166,18,1146,2,20,0.9982578397212544,0.9828473413379074,0.9845626072041166,0.9904926534140018
5,27,semiregular,3,708,728,20,653,55,75,0.922316384180791,0.896978021978022,0.9725274725274725,0.9094707520891365
5,27,irregular,3,271,270,1,222,49,48,0.8191881918819188,0.8222222222222222,1.0037037037037038,0.8207024029574861
5,28,regular,1,1088,1098,10,1071,17,27,0.984375,0.9754098360655737,0.9908925318761385,0.979871912168344
5,28,semiregular,1,883,859,24,797,86,62,0.9026047565118913,0.9278230500582072,1.0279394644935973,0.9150401836969001
5,28,irregular,1,256,293,37,150,106,143,0.5859375,0.5119453924914675,0.8737201365187713,0.5464480874316939
5,28,regular,2,1094,1098,4,1076,18,22,0.9835466179159049,0.9799635701275046,0.9963570127504554,0.9817518248175182
5,28,semiregular,2,852,859,7,786,66,73,0.9225352112676056,0.9150174621653085,0.9918509895227008,0.918760958503799
5,28,irregular,2,300,293,7,206,94,87,0.6866666666666666,0.7030716723549488,1.023890784982935,0.6947723440134908
5,28,regular,3,1048,1098,50,1047,1,51,0.9990458015267175,0.953551912568306,0.9544626593806922,0.9757688723205964
5,28,semiregular,3,827,859,32,770,57,89,0.9310761789600968,0.8963911525029103,0.9627473806752037,0.9134045077105575
5,28,irregular,3,308,293,15,203,105,90,0.6590909090909091,0.6928327645051194,1.0511945392491469,0.6755407653910149
5,29,regular,1,1152,1140,12,1136,16,4,0.9861111111111112,0.9964912280701754,1.0105263157894737,0.9912739965095986
5,29,semiregular,1,924,869,55,805,119,64,0.8712121212121212,0.9263521288837745,1.0632911392405062,0.8979364194088121
5,29,irregular,1,210,247,37,159,51,88,0.7571428571428571,0.6437246963562753,0.8502024291497976,0.6958424507658643
5,29,regular,2,1096,1140,44,1084,12,56,0.9890510948905109,0.9508771929824561,0.9614035087719298,0.9695885509838997
5,29,semiregular,2,947,869,78,823,124,46,0.8690601900739177,0.9470655926352128,1.0897583429228999,0.9063876651982379
5,29,irregular,2,276,247,29,204,72,43,0.7391304347826086,0.8259109311740891,1.1174089068825912,0.780114722753346
5,29,regular,3,1048,1140,92,1047,1,93,0.9990458015267175,0.9184210526315789,0.9192982456140351,0.9570383912248628
5,29,semiregular,3,879,869,10,773,106,96,0.8794084186575654,0.8895281933256617,1.0115074798619101,0.8844393592677345
5,29,irregular,3,265,247,18,206,59,41,0.7773584905660378,0.8340080971659919,1.0728744939271255,0.8046875000000001
5,30,regular,1,970,997,27,965,5,32,0.9948453608247423,0.9679037111334002,0.9729187562688064,0.9811896288764617
5,30,semiregular,1,813,810,3,741,72,69,0.9114391143911439,0.9148148148148149,1.0037037037037038,0.9131238447319778
5,30,irregular,1,234,250,16,153,81,97,0.6538461538461539,0.612,0.936,0.6322314049586777
5,30,regular,2,884,997,113,881,3,116,0.996606334841629,0.8836509528585758,0.8866599799398195,0.936735778841042
5,30,semiregular,2,823,810,13,765,58,45,0.9295261239368166,0.9444444444444444,1.0160493827160493,0.9369259032455604
5,30,irregular,2,243,250,7,193,50,57,0.7942386831275721,0.772,0.972,0.7829614604462476
5,30,regular,3,977,997,20,976,1,21,0.9989764585465711,0.9789368104312939,0.9799398194583752,0.988855116514691
5,30,semiregular,3,807,810,3,747,60,63,0.9256505576208178,0.9222222222222223,0.9962962962962963,0.9239332096474954
5,30,irregular,3,264,250,14,197,67,53,0.7462121212121212,0.788,1.056,0.7665369649805447
