Test fold number,Subject,Gait,Sensor,Predicted,Actual,Difference,TP,FP,FN,PPV,Sensitivity,RCA,SDA
1,1,regular,1,931,937,6,920,11,17,0.9881847475832438,0.9818569903948773,0.9935965848452508,0.9850107066381157
1,1,semiregular,1,677,703,26,576,101,127,0.8508124076809453,0.8193456614509246,0.9630156472261735,0.8347826086956521
1,1,irregular,1,187,199,12,129,58,70,0.6898395721925134,0.6482412060301508,0.9396984924623115,0.6683937823834196
1,1,regular,2,1083,937,146,936,147,1,0.8642659279778393,0.9989327641408752,1.1558164354322304,0.9267326732673268
1,1,semiregular,2,795,703,92,654,141,49,0.8226415094339623,0.930298719772404,1.1308677098150783,0.8731642189586115
1,1,irregular,2,216,199,17,156,60,43,0.7222222222222222,0.7839195979899497,1.085427135678392,0.7518072289156627
1,1,regular,3,932,937,5,924,8,13,0.9914163090128756,0.9861259338313767,0.9946638207043756,0.9887640449438201
1,1,semiregular,3,739,703,36,633,106,70,0.8565629228687416,0.9004267425320057,1.0512091038406828,0.8779472954230235
1,1,irregular,3,206,199,7,156,50,43,0.7572815533980582,0.7839195979899497,1.035175879396985,0.7703703703703704
1,2,regular,1,1072,1224,152,1064,8,160,0.9925373134328358,0.869281045751634,0.8758169934640523,0.926829268292683
1,2,semiregular,1,550,647,97,512,38,135,0.9309090909090909,0.7913446676970634,0.8500772797527048,0.8554720133667503
1,2,irregular,1,200,217,17,117,83,100,0.585,0.5391705069124424,0.9216589861751152,0.5611510791366906
1,2,regular,2,1121,1224,103,1108,13,116,0.9884032114183765,0.9052287581699346,0.9158496732026143,0.9449893390191899
1,2,semiregular,2,604,647,43,568,36,79,0.9403973509933775,0.8778979907264297,0.9335394126738794,0.9080735411670664
1,2,irregular,2,233,217,16,171,62,46,0.7339055793991416,0.7880184331797235,1.0737327188940091,0.76
1,2,regular,3,1233,1224,9,1213,20,11,0.9837793998377939,0.9910130718954249,1.0073529411764706,0.9873829873829874
1,2,semiregular,3,647,647,0,601,46,46,0.9289026275115919,0.9289026275115919,1.0,0.9289026275115919
1,2,irregular,3,232,217,15,171,61,46,0.7370689655172413,0.7880184331797235,1.0691244239631337,0.7616926503340756
1,3,regular,1,1038,1053,15,1029,9,24,0.9913294797687862,0.9772079772079773,0.9857549857549858,0.9842180774748924
1,3,semiregular,1,669,716,47,597,72,119,0.8923766816143498,0.8337988826815642,0.9343575418994413,0.8620938628158845
1,3,irregular,1,240,224,16,156,84,68,0.65,0.6964285714285714,1.0714285714285714,0.6724137931034482
1,3,regular,2,955,1053,98,939,16,114,0.9832460732984293,0.8917378917378918,0.9069325735992403,0.9352589641434264
1,3,semiregular,2,690,716,26,614,76,102,0.8898550724637682,0.8575418994413407,0.9636871508379888,0.8733997155049785
1,3,irregular,2,203,224,21,150,53,74,0.7389162561576355,0.6696428571428571,0.90625,0.702576112412178
1,3,regular,3,1049,1053,4,1044,5,9,0.9952335557673975,0.9914529914529915,0.9962013295346629,0.9933396764985728
1,3,semiregular,3,737,716,21,654,83,62,0.8873812754409769,0.9134078212290503,1.0293296089385475,0.9002064693737095
1,3,irregular,3,231,224,7,169,62,55,0.7316017316017316,0.7544642857142857,1.03125,0.7428571428571429
1,4,regular,1,1138,1101,37,1099,39,2,0.9657293497363796,0.9981834695731153,1.033605812897366,0.9816882536846806
1,4,semiregular,1,616,614,2,520,96,94,0.8441558441558441,0.8469055374592834,1.003257328990228,0.845528455284553
1,4,irregular,1,215,228,13,127,88,101,0.5906976744186047,0.5570175438596491,0.9429824561403509,0.5733634311512416
1,4,regular,2,1033,1101,68,1021,12,80,0.9883833494675702,0.927338782924614,0.9382379654859219,0.9568884723523899
1,4,semiregular,2,596,614,18,526,70,88,0.8825503355704698,0.8566775244299675,0.9706840390879479,0.869421487603306
1,4,irregular,2,246,228,18,178,68,50,0.7235772357723578,0.7807017543859649,1.0789473684210527,0.7510548523206751
1,4,regular,3,1114,1101,13,1099,15,2,0.9865350089766607,0.9981834695731153,1.0118074477747503,0.9923250564334085
1,4,semiregular,3,611,614,3,531,80,83,0.8690671031096563,0.8648208469055375,0.995114006514658,0.8669387755102042
1,4,irregular,3,233,228,5,173,60,55,0.7424892703862661,0.7587719298245614,1.0219298245614035,0.7505422993492408
1,5,regular,1,989,1044,55,984,5,60,0.9949443882709808,0.9425287356321839,0.9473180076628352,0.9680275454992622
1,5,semiregular,1,727,668,59,618,109,50,0.8500687757909215,0.9251497005988024,1.0883233532934131,0.8860215053763442
1,5,irregular,1,266,217,49,164,102,53,0.6165413533834586,0.7557603686635944,1.2258064516129032,0.6790890269151139
1,5,regular,2,1049,1044,5,1033,16,11,0.9847473784556721,0.9894636015325671,1.0047892720306513,0.987099856665074
1,5,semiregular,2,700,668,32,605,95,63,0.8642857142857143,0.905688622754491,1.0479041916167664,0.8845029239766082
1,5,irregular,2,214,217,3,155,59,62,0.7242990654205608,0.7142857142857143,0.9861751152073732,0.7192575406032482
1,5,regular,3,1051,1044,7,1042,9,2,0.9914367269267365,0.9980842911877394,1.0067049808429118,0.9947494033412887
1,5,semiregular,3,692,668,24,604,88,64,0.8728323699421965,0.9041916167664671,1.035928143712575,0.8882352941176471
1,5,irregular,3,231,217,14,166,65,51,0.7186147186147186,0.7649769585253456,1.064516129032258,0.7410714285714286
1,6,regular,1,967,915,52,913,54,2,0.9441571871768356,0.9978142076502732,1.0568306010928963,0.9702444208289054
1,6,semiregular,1,704,701,3,633,71,68,0.8991477272727273,0.9029957203994294,1.0042796005706134,0.901067615658363
1,6,irregular,1,216,195,21,126,90,69,0.5833333333333334,0.6461538461538462,1.1076923076923078,0.6131386861313869
1,6,regular,2,941,915,26,903,38,12,0.9596174282678002,0.9868852459016394,1.028415300546448,0.9730603448275863
1,6,semiregular,2,693,701,8,627,66,74,0.9047619047619048,0.8944365192582026,0.9885877318116976,0.8995695839311334
1,6,irregular,2,215,195,20,138,77,57,0.641860465116279,0.7076923076923077,1.1025641025641026,0.673170731707317
1,6,regular,3,912,915,3,906,6,9,0.993421052631579,0.9901639344262295,0.9967213114754099,0.9917898193760264
1,6,semiregular,3,700,701,1,634,66,67,0.9057142857142857,0.9044222539229672,0.9985734664764622,0.9050678087080657
1,6,irregular,3,218,195,23,156,62,39,0.7155963302752294,0.8,1.117948717948718,0.7554479418886199
1,7,regular,1,1254,1230,24,1221,33,9,0.9736842105263158,0.9926829268292683,1.0195121951219512,0.9830917874396135
1,7,semiregular,1,718,761,43,625,93,136,0.8704735376044568,0.8212877792378449,0.9434954007884363,0.8451656524678836
1,7,irregular,1,248,225,23,162,86,63,0.6532258064516129,0.72,1.1022222222222222,0.6849894291754757
1,7,regular,2,1197,1230,33,1175,22,55,0.9816207184628237,0.9552845528455285,0.973170731707317,0.9682735887927483
1,7,semiregular,2,714,761,47,633,81,128,0.8865546218487395,0.8318002628120894,0.938239159001314,0.8583050847457627
1,7,irregular,2,220,225,5,168,52,57,0.7636363636363637,0.7466666666666667,0.9777777777777777,0.755056179775281
1,7,regular,3,1233,1230,3,1223,10,7,0.991889699918897,0.9943089430894309,1.002439024390244,0.9930978481526593
1,7,semiregular,3,749,761,12,658,91,103,0.8785046728971962,0.8646517739816032,0.9842312746386334,0.871523178807947
1,7,irregular,3,230,225,5,171,59,54,0.7434782608695653,0.76,1.0222222222222221,0.7516483516483516
1,8,regular,1,1016,1035,19,1009,7,26,0.9931102362204725,0.9748792270531401,0.9816425120772947,0.9839102876645539
1,8,semiregular,1,839,827,12,749,90,78,0.8927294398092968,0.905683192261185,1.014510278113664,0.8991596638655462
1,8,irregular,1,255,243,12,147,108,96,0.5764705882352941,0.6049382716049383,1.0493827160493827,0.5903614457831325
1,8,regular,2,1033,1035,2,1016,17,19,0.9835430784123911,0.9816425120772947,0.9980676328502416,0.9825918762088974
1,8,semiregular,2,805,827,22,741,64,86,0.9204968944099379,0.8960096735187424,0.973397823458283,0.9080882352941176
1,8,irregular,2,233,243,10,162,71,81,0.6952789699570815,0.6666666666666666,0.9588477366255144,0.6806722689075629
1,8,regular,3,1038,1035,3,1028,10,7,0.9903660886319846,0.9932367149758454,1.0028985507246377,0.9917993246502653
1,8,semiregular,3,828,827,1,751,77,76,0.9070048309178744,0.9081015719467956,1.0012091898428053,0.9075528700906345
1,8,irregular,3,252,243,9,170,82,73,0.6746031746031746,0.6995884773662552,1.037037037037037,0.686868686868687
1,9,regular,1,1117,1107,10,1101,16,6,0.9856759176365264,0.994579945799458,1.00903342366757,0.9901079136690648
1,9,semiregular,1,652,701,49,607,45,94,0.9309815950920245,0.8659058487874465,0.9300998573466477,0.8972653362897265
1,9,irregular,1,228,266,38,163,65,103,0.7149122807017544,0.6127819548872181,0.8571428571428571,0.659919028340081
1,9,regular,2,1076,1107,31,1063,13,44,0.9879182156133829,0.960252935862692,0.971996386630533,0.9738891433806688
1,9,semiregular,2,640,701,61,591,49,110,0.9234375,0.8430813124108416,0.912981455064194,0.8814317673378075
1,9,irregular,2,258,266,8,195,63,71,0.7558139534883721,0.7330827067669173,0.9699248120300752,0.7442748091603053
1,9,regular,3,1108,1107,1,1102,6,5,0.9945848375451264,0.995483288166215,1.000903342366757,0.9950338600451468
1,9,semiregular,3,698,701,3,649,49,52,0.9297994269340975,0.9258202567760342,0.9957203994293866,0.9278055754110079
1,9,irregular,3,264,266,2,197,67,69,0.7462121212121212,0.7406015037593985,0.9924812030075187,0.7433962264150944
1,10,regular,1,1010,1014,4,996,14,18,0.9861386138613861,0.9822485207100592,0.9960552268244576,0.984189723320158
1,10,semiregular,1,642,656,14,584,58,72,0.9096573208722741,0.8902439024390244,0.9786585365853658,0.8998459167950693
1,10,irregular,1,223,247,24,174,49,73,0.7802690582959642,0.7044534412955465,0.902834008097166,0.7404255319148937
1,10,regular,2,1020,1014,6,1001,19,13,0.9813725490196078,0.9871794871794872,1.0059171597633136,0.9842674532940019
1,10,semiregular,2,652,656,4,599,53,57,0.9187116564417178,0.913109756097561,0.9939024390243902,0.9159021406727829
1,10,irregular,2,254,247,7,203,51,44,0.7992125984251969,0.8218623481781376,1.0283400809716599,0.810379241516966
1,10,regular,3,1022,1014,8,1009,13,5,0.987279843444227,0.995069033530572,1.0078895463510849,0.9911591355599214
1,10,semiregular,3,652,656,4,593,59,63,0.9095092024539877,0.9039634146341463,0.9939024390243902,0.9067278287461774
1,10,irregular,3,260,247,13,203,57,44,0.7807692307692308,0.8218623481781376,1.0526315789473684,0.8007889546351085
1,11,regular,1,1059,1070,11,1051,8,19,0.9924457034938622,0.9822429906542056,0.9897196261682243,0.9873179896665101
1,11,semiregular,1,721,700,21,630,91,70,0.8737864077669902,0.9,1.03,0.8866995073891626
1,11,irregular,1,245,239,6,170,75,69,0.6938775510204082,0.7112970711297071,1.0251046025104602,0.7024793388429753
1,11,regular,2,1051,1070,19,1044,7,26,0.9933396764985728,0.9757009345794393,0.9822429906542056,0.9844413012729845
1,11,semiregular,2,672,700,28,595,77,105,0.8854166666666666,0.85,0.96,0.8673469387755102
1,11,irregular,2,207,239,32,152,55,87,0.7342995169082126,0.6359832635983264,0.8661087866108786,0.6816143497757847
1,11,regular,3,1074,1070,4,1066,8,4,0.9925512104283054,0.9962616822429906,1.0037383177570094,0.9944029850746269
1,11,semiregular,3,693,700,7,616,77,84,0.8888888888888888,0.88,0.99,0.8844221105527638
1,11,irregular,3,233,239,6,172,61,67,0.7381974248927039,0.7196652719665272,0.9748953974895398,0.7288135593220338
1,12,regular,1,1014,1007,7,1006,8,1,0.9921104536489151,0.9990069513406157,1.0069513406156902,0.9955467590301831
1,12,semiregular,1,675,641,34,577,98,64,0.8548148148148148,0.9001560062402496,1.0530421216848673,0.8768996960486322
1,12,irregular,1,258,204,54,172,86,32,0.6666666666666666,0.8431372549019608,1.2647058823529411,0.7445887445887446
1,12,regular,2,1008,1007,1,993,15,14,0.9851190476190477,0.9860973187686196,1.0009930486593843,0.9856079404466501
1,12,semiregular,2,639,641,2,547,92,94,0.8560250391236307,0.8533541341653667,0.9968798751950078,0.8546875
1,12,irregular,2,250,204,46,166,84,38,0.664,0.8137254901960784,1.2254901960784315,0.7312775330396476
1,12,regular,3,1014,1007,7,1006,8,1,0.9921104536489151,0.9990069513406157,1.0069513406156902,0.9955467590301831
1,12,semiregular,3,642,641,1,557,85,84,0.867601246105919,0.8689547581903276,1.001560062402496,0.8682774746687452
1,12,irregular,3,231,204,27,160,71,44,0.6926406926406926,0.7843137254901961,1.1323529411764706,0.735632183908046
1,13,regular,1,997,1000,3,989,8,11,0.9919759277833501,0.989,0.997,0.9904857285928894
1,13,semiregular,1,856,815,41,767,89,48,0.8960280373831776,0.9411042944785276,1.0503067484662576,0.9180131657690006
1,13,irregular,1,262,216,46,163,99,53,0.6221374045801527,0.7546296296296297,1.212962962962963,0.6820083682008369
1,13,regular,2,994,1000,6,984,10,16,0.9899396378269618,0.984,0.994,0.9869608826479439
1,13,semiregular,2,795,815,20,731,64,84,0.919496855345912,0.8969325153374234,0.9754601226993865,0.9080745341614906
1,13,irregular,2,250,216,34,173,77,43,0.692,0.8009259259259259,1.1574074074074074,0.7424892703862661
1,13,regular,3,1005,1000,5,996,9,4,0.991044776119403,0.996,1.005,0.9935162094763091
1,13,semiregular,3,806,815,9,741,65,74,0.9193548387096774,0.90920245398773,0.9889570552147239,0.9142504626773595
1,13,irregular,3,236,216,20,170,66,46,0.7203389830508474,0.7870370370370371,1.0925925925925926,0.752212389380531
1,14,regular,1,1039,1052,13,1039,0,13,1.0,0.9876425855513308,0.9876425855513308,0.9937828790052606
1,14,semiregular,1,848,913,65,788,60,125,0.9292452830188679,0.8630887185104053,0.9288061336254108,0.8949460533787621
1,14,irregular,1,218,217,1,149,69,68,0.6834862385321101,0.6866359447004609,1.0046082949308757,0.6850574712643679
1,14,regular,2,1019,1052,33,1008,11,44,0.9892051030421982,0.9581749049429658,0.9686311787072244,0.9734427812650893
1,14,semiregular,2,858,913,55,807,51,106,0.9405594405594405,0.8838992332968236,0.9397590361445783,0.9113495200451722
1,14,irregular,2,230,217,13,165,65,52,0.717391304347826,0.7603686635944701,1.0599078341013826,0.738255033557047
1,14,regular,3,1058,1052,6,1048,10,4,0.9905482041587902,0.9961977186311787,1.005703422053232,0.9933649289099526
1,14,semiregular,3,903,913,10,837,66,76,0.9269102990033222,0.9167579408543264,0.9890470974808324,0.9218061674008811
1,14,irregular,3,214,217,3,156,58,61,0.7289719626168224,0.7188940092165899,0.9861751152073732,0.7238979118329467
1,15,regular,1,979,964,15,963,16,1,0.9836567926455567,0.9989626556016598,1.0155601659751037,0.991250643335049
1,15,semiregular,1,790,774,16,712,78,62,0.9012658227848102,0.9198966408268734,1.020671834625323,0.9104859335038363
1,15,irregular,1,207,218,11,158,49,60,0.7632850241545893,0.7247706422018348,0.9495412844036697,0.7435294117647058
1,15,regular,2,935,964,29,925,10,39,0.9893048128342246,0.9595435684647303,0.9699170124481328,0.9741969457609267
1,15,semiregular,2,745,774,29,685,60,89,0.9194630872483222,0.8850129198966409,0.962532299741602,0.901909150757077
1,15,irregular,2,213,218,5,166,47,52,0.7793427230046949,0.7614678899082569,0.9770642201834863,0.7703016241299304
1,15,regular,3,969,964,5,962,7,2,0.9927760577915377,0.9979253112033195,1.0051867219917012,0.9953440248318676
1,15,semiregular,3,745,774,29,689,56,85,0.9248322147651007,0.8901808785529716,0.962532299741602,0.9071757735352205
1,15,irregular,3,228,218,10,169,59,49,0.7412280701754386,0.7752293577981652,1.0458715596330275,0.7578475336322871
1,16,regular,1,1106,1109,3,1097,9,12,0.9918625678119349,0.9891794409377818,0.9972948602344455,0.9905191873589165
1,16,semiregular,1,703,681,22,606,97,75,0.8620199146514936,0.8898678414096917,1.0323054331864905,0.8757225433526012
1,16,irregular,1,269,272,3,150,119,122,0.5576208178438662,0.5514705882352942,0.9889705882352942,0.5545286506469501
1,16,regular,2,1112,1109,3,1096,16,13,0.9856115107913669,0.9882777276825969,1.0027051397655546,0.9869428185502026
1,16,semiregular,2,650,681,31,574,76,107,0.8830769230769231,0.8428781204111601,0.9544787077826725,0.8625093914350113
1,16,irregular,2,267,272,5,199,68,73,0.7453183520599251,0.7316176470588235,0.9816176470588235,0.738404452690167
1,16,regular,3,1113,1109,4,1104,9,5,0.9919137466307277,0.9954914337240758,1.0036068530207394,0.9936993699369938
1,16,semiregular,3,662,681,19,588,74,93,0.8882175226586103,0.8634361233480177,0.9720998531571219,0.8756515264333583
1,16,irregular,3,252,272,20,193,59,79,0.7658730158730159,0.7095588235294118,0.9264705882352942,0.7366412213740458
1,17,regular,1,1036,1029,7,1028,8,1,0.9922779922779923,0.9990281827016521,1.0068027210884354,0.9956416464891041
1,17,semiregular,1,860,837,23,766,94,71,0.8906976744186047,0.9151732377538829,1.027479091995221,0.9027695934001179
1,17,irregular,1,249,240,9,142,107,98,0.570281124497992,0.5916666666666667,1.0375,0.5807770961145194
1,17,regular,2,1050,1029,21,1026,24,3,0.9771428571428571,0.9970845481049563,1.0204081632653061,0.9870129870129869
1,17,semiregular,2,826,837,11,753,73,84,0.9116222760290557,0.899641577060932,0.986857825567503,0.9055923030667469
1,17,irregular,2,271,240,31,174,97,66,0.6420664206642066,0.725,1.1291666666666667,0.6810176125244619
1,17,regular,3,1033,1029,4,1026,7,3,0.9932236205227493,0.9970845481049563,1.0038872691933916,0.9951503394762367
1,17,semiregular,3,834,837,3,761,73,76,0.9124700239808153,0.9091995221027479,0.996415770609319,0.9108318372232196
1,17,irregular,3,254,240,14,183,71,57,0.7204724409448819,0.7625,1.0583333333333333,0.7408906882591093
1,18,regular,1,1046,1044,2,1037,9,7,0.9913957934990439,0.9932950191570882,1.0019157088122606,0.9923444976076555
1,18,semiregular,1,804,801,3,736,68,65,0.9154228855721394,0.9188514357053683,1.00374531835206,0.9171339563862929
1,18,irregular,1,265,252,13,173,92,79,0.6528301886792452,0.6865079365079365,1.0515873015873016,0.6692456479690523
1,18,regular,2,1042,1044,2,1035,7,9,0.9932821497120922,0.9913793103448276,0.9980842911877394,0.9923298178331736
1,18,semiregular,2,785,801,16,729,56,72,0.9286624203821656,0.9101123595505618,0.9800249687890137,0.9192938209331653
1,18,irregular,2,279,252,27,204,75,48,0.7311827956989247,0.8095238095238095,1.1071428571428572,0.768361581920904
1,18,regular,3,1049,1044,5,1040,9,4,0.9914204003813155,0.9961685823754789,1.0047892720306513,0.9937888198757764
1,18,semiregular,3,797,801,4,744,53,57,0.9335006273525721,0.9288389513108615,0.9950062421972534,0.9311639549436797
1,18,irregular,3,265,252,13,198,67,54,0.7471698113207547,0.7857142857142857,1.0515873015873016,0.7659574468085106
1,19,regular,1,1078,1076,2,1060,18,16,0.9833024118738405,0.9851301115241635,1.0018587360594795,0.9842154131847725
1,19,semiregular,1,733,753,20,670,63,83,0.9140518417462483,0.8897742363877822,0.9734395750332006,0.9017496635262449
1,19,irregular,1,288,245,43,182,106,63,0.6319444444444444,0.7428571428571429,1.1755102040816328,0.6829268292682927
1,19,regular,2,1071,1076,5,1066,5,10,0.9953314659197012,0.9907063197026023,0.9953531598513011,0.9930135072193759
1,19,semiregular,2,711,753,42,658,53,95,0.9254571026722925,0.8738379814077025,0.9442231075697212,0.8989071038251366
1,19,irregular,2,266,245,21,189,77,56,0.7105263157894737,0.7714285714285715,1.0857142857142856,0.7397260273972601
1,19,regular,3,1085,1076,9,1071,14,5,0.9870967741935484,0.9953531598513011,1.008364312267658,0.991207774178621
1,19,semiregular,3,737,753,16,678,59,75,0.9199457259158752,0.900398406374502,0.9787516600265604,0.9100671140939597
1,19,irregular,3,249,245,4,179,70,66,0.7188755020080321,0.7306122448979592,1.0163265306122449,0.7246963562753037
1,20,regular,1,1234,1251,17,1223,11,28,0.9910858995137763,0.9776179056754596,0.9864108713029577,0.9843058350100603
1,20,semiregular,1,864,841,23,755,109,86,0.8738425925925926,0.8977407847800237,1.0273483947681332,0.8856304985337242
1,20,irregular,1,278,252,26,177,101,75,0.6366906474820144,0.7023809523809523,1.1031746031746033,0.6679245283018869
1,20,regular,2,1235,1251,16,1215,20,36,0.9838056680161943,0.9712230215827338,0.9872102318145484,0.9774738535800482
1,20,semiregular,2,819,841,22,719,100,122,0.8778998778998779,0.8549346016646849,0.9738406658739596,0.866265060240964
1,20,irregular,2,251,252,1,189,62,63,0.7529880478087649,0.75,0.996031746031746,0.7514910536779323
1,20,regular,3,1244,1251,7,1240,4,11,0.9967845659163987,0.991207034372502,0.9944044764188649,0.9939879759519037
1,20,semiregular,3,829,841,12,738,91,103,0.8902291917973462,0.8775267538644471,0.985731272294887,0.8838323353293414
1,20,irregular,3,259,252,7,188,71,64,0.7258687258687259,0.746031746031746,1.0277777777777777,0.7358121330724071
1,21,regular,1,935,920,15,915,20,5,0.9786096256684492,0.9945652173913043,1.016304347826087,0.9865229110512129
1,21,semiregular,1,548,549,1,453,95,96,0.8266423357664233,0.825136612021858,0.9981785063752276,0.8258887876025524
1,21,irregular,1,233,204,29,156,77,48,0.6695278969957081,0.7647058823529411,1.142156862745098,0.7139588100686499
1,21,regular,2,952,920,32,920,32,0,0.9663865546218487,1.0,1.0347826086956522,0.9829059829059829
1,21,semiregular,2,554,549,5,456,98,93,0.8231046931407943,0.8306010928961749,1.0091074681238617,0.8268359020852221
1,21,irregular,2,215,204,11,159,56,45,0.7395348837209302,0.7794117647058824,1.053921568627451,0.7589498806682577
1,21,regular,3,925,920,5,917,8,3,0.9913513513513513,0.9967391304347826,1.0054347826086956,0.9940379403794039
1,21,semiregular,3,570,549,21,479,91,70,0.8403508771929824,0.8724954462659381,1.0382513661202186,0.8561215370866846
1,21,irregular,3,215,204,11,163,52,41,0.7581395348837209,0.7990196078431373,1.053921568627451,0.7780429594272076
1,22,regular,1,982,946,36,942,40,4,0.9592668024439919,0.9957716701902748,1.0380549682875264,0.9771784232365145
1,22,semiregular,1,710,703,7,627,83,76,0.8830985915492958,0.8918918918918919,1.0099573257467995,0.8874734607218684
1,22,irregular,1,240,247,7,169,71,78,0.7041666666666667,0.6842105263157895,0.97165991902834,0.6940451745379876
1,22,regular,2,957,946,11,925,32,21,0.9665621734587252,0.9778012684989429,1.0116279069767442,0.9721492380451918
1,22,semiregular,2,683,703,20,614,69,89,0.8989751098096632,0.8733997155049786,0.9715504978662873,0.886002886002886
1,22,irregular,2,246,247,1,181,65,66,0.7357723577235772,0.7327935222672065,0.9959514170040485,0.7342799188640974
1,22,regular,3,953,946,7,942,11,4,0.9884575026232949,0.9957716701902748,1.007399577167019,0.9921011058451816
1,22,semiregular,3,702,703,1,628,74,75,0.8945868945868946,0.8933143669985776,0.9985775248933144,0.8939501779359431
1,22,irregular,3,264,247,17,190,74,57,0.7196969696969697,0.7692307692307693,1.0688259109311742,0.7436399217221136
1,23,regular,1,989,999,10,977,12,22,0.9878665318503539,0.977977977977978,0.98998998998999,0.982897384305835
1,23,semiregular,1,771,835,64,685,86,150,0.8884565499351491,0.8203592814371258,0.9233532934131736,0.8530510585305104
1,23,irregular,1,305,266,39,185,120,81,0.6065573770491803,0.6954887218045113,1.1466165413533835,0.647985989492119
1,23,regular,2,991,999,8,976,15,23,0.9848637739656912,0.9769769769769769,0.991991991991992,0.9809045226130654
1,23,semiregular,2,825,835,10,736,89,99,0.8921212121212121,0.881437125748503,0.9880239520958084,0.8867469879518072
1,23,irregular,2,247,266,19,174,73,92,0.7044534412955465,0.6541353383458647,0.9285714285714286,0.6783625730994153
1,23,regular,3,1008,999,9,995,13,4,0.9871031746031746,0.995995995995996,1.009009009009009,0.9915296462381665
1,23,semiregular,3,842,835,7,753,89,82,0.8942992874109263,0.9017964071856287,1.0083832335329341,0.8980322003577816
1,23,irregular,3,280,266,14,189,91,77,0.675,0.7105263157894737,1.0526315789473684,0.6923076923076923
1,24,regular,1,1089,1079,10,1074,15,5,0.9862258953168044,0.995366079703429,1.009267840593142,0.9907749077490775
1,24,semiregular,1,658,680,22,606,52,74,0.9209726443768997,0.8911764705882353,0.9676470588235294,0.9058295964125561
1,24,irregular,1,203,247,44,150,53,97,0.7389162561576355,0.6072874493927125,0.8218623481781376,0.6666666666666666
1,24,regular,2,1063,1079,16,1044,19,35,0.9821260583254939,0.9675625579240037,0.9851714550509731,0.9747899159663864
1,24,semiregular,2,645,680,35,595,50,85,0.9224806201550387,0.875,0.9485294117647058,0.8981132075471698
1,24,irregular,2,237,247,10,188,49,59,0.7932489451476793,0.7611336032388664,0.9595141700404858,0.7768595041322314
1,24,regular,3,1086,1079,7,1077,9,2,0.9917127071823204,0.9981464318813716,1.0064874884151993,0.994919168591224
1,24,semiregular,3,681,680,1,625,56,55,0.9177679882525698,0.9191176470588235,1.0014705882352941,0.9184423218221895
1,24,irregular,3,244,247,3,193,51,54,0.7909836065573771,0.7813765182186235,0.9878542510121457,0.7861507128309573
1,25,regular,1,949,946,3,941,8,5,0.9915700737618546,0.9947145877378436,1.0031712473572938,0.9931398416886544
1,25,semiregular,1,676,718,42,605,71,113,0.8949704142011834,0.8426183844011143,0.9415041782729805,0.8680057388809181
1,25,irregular,1,216,207,9,130,86,77,0.6018518518518519,0.6280193236714976,1.0434782608695652,0.6146572104018914
1,25,regular,2,938,946,8,932,6,14,0.9936034115138592,0.985200845665962,0.9915433403805497,0.9893842887473461
1,25,semiregular,2,697,718,21,631,66,87,0.9053084648493543,0.8788300835654597,0.9707520891364902,0.8918727915194347
1,25,irregular,2,208,207,1,133,75,74,0.6394230769230769,0.642512077294686,1.0048309178743962,0.6409638554216867
1,25,regular,3,947,946,1,943,4,3,0.9957761351636748,0.9968287526427061,1.0010570824524312,0.9963021658742737
1,25,semiregular,3,700,718,18,628,72,90,0.8971428571428571,0.8746518105849582,0.9749303621169917,0.8857545839210155
1,25,irregular,3,226,207,19,140,86,67,0.6194690265486725,0.6763285024154589,1.0917874396135265,0.6466512702078522
1,26,regular,1,995,985,10,977,18,8,0.9819095477386934,0.9918781725888325,1.0101522842639594,0.9868686868686869
1,26,semiregular,1,758,720,38,670,88,50,0.8839050131926122,0.9305555555555556,1.0527777777777778,0.9066305818673884
1,26,irregular,1,252,214,38,164,88,50,0.6507936507936508,0.7663551401869159,1.1775700934579438,0.703862660944206
1,26,regular,2,985,985,0,965,20,20,0.9796954314720813,0.9796954314720813,1.0,0.9796954314720813
1,26,semiregular,2,732,720,12,648,84,72,0.8852459016393442,0.9,1.0166666666666666,0.8925619834710743
1,26,irregular,2,236,214,22,158,78,56,0.6694915254237288,0.7383177570093458,1.102803738317757,0.7022222222222222
1,26,regular,3,1006,985,21,981,25,4,0.9751491053677932,0.9959390862944163,1.0213197969543146,0.9854344550477147
1,26,semiregular,3,716,720,4,641,75,79,0.8952513966480447,0.8902777777777777,0.9944444444444445,0.8927576601671309
1,26,irregular,3,260,214,46,169,91,45,0.65,0.7897196261682243,1.2149532710280373,0.7130801687763713
1,27,regular,1,1129,1166,37,1126,3,40,0.9973427812223207,0.9656946826758147,0.9682675814751286,0.9812636165577343
1,27,semiregular,1,679,728,49,610,69,118,0.898379970544919,0.8379120879120879,0.9326923076923077,0.8670931058990762
1,27,irregular,1,254,270,16,187,67,83,0.7362204724409449,0.6925925925925925,0.9407407407407408,0.7137404580152672
1,27,regular,2,1122,1166,44,1108,14,58,0.9875222816399287,0.9502572898799314,0.9622641509433962,0.9685314685314685
1,27,semiregular,2,705,728,23,646,59,82,0.9163120567375886,0.8873626373626373,0.9684065934065934,0.9016050244242847
1,27,irregular,2,266,270,4,203,63,67,0.7631578947368421,0.7518518518518519,0.9851851851851852,0.7574626865671642
1,27,regular,3,1169,1166,3,1163,6,3,0.9948674080410608,0.9974271012006861,1.0025728987993139,0.9961456102783727
1,27,semiregular,3,710,728,18,650,60,78,0.9154929577464789,0.8928571428571429,0.9752747252747253,0.9040333796940195
1,27,irregular,3,268,270,2,203,65,67,0.7574626865671642,0.7518518518518519,0.9925925925925926,0.7546468401486989
1,28,regular,1,1088,1098,10,1082,6,16,0.9944852941176471,0.9854280510018215,0.9908925318761385,0.9899359560841721
1,28,semiregular,1,898,859,39,796,102,63,0.8864142538975501,0.9266589057043073,1.0454016298020954,0.9060899260102447
1,28,irregular,1,317,293,24,184,133,109,0.580441640378549,0.6279863481228669,1.081911262798635,0.6032786885245903
1,28,regular,2,1104,1098,6,1090,14,8,0.9873188405797102,0.9927140255009107,1.005464480874317,0.9900090826521344
1,28,semiregular,2,825,859,34,756,69,103,0.9163636363636364,0.880093131548312,0.9604190919674039,0.8978622327790975
1,28,irregular,2,292,293,1,194,98,99,0.6643835616438356,0.6621160409556314,0.9965870307167235,0.6632478632478632
1,28,regular,3,1104,1098,6,1093,11,5,0.990036231884058,0.9954462659380692,1.005464480874317,0.9927338782924613
1,28,semiregular,3,859,859,0,789,70,70,0.9185098952270081,0.9185098952270081,1.0,0.9185098952270081
1,28,irregular,3,297,293,4,198,99,95,0.6666666666666666,0.6757679180887372,1.0136518771331058,0.6711864406779661
1,29,regular,1,1120,1140,20,1116,4,24,0.9964285714285714,0.9789473684210527,0.9824561403508771,0.9876106194690266
1,29,semiregular,1,904,869,35,788,116,81,0.8716814159292036,0.906789413118527,1.040276179516686,0.888888888888889
1,29,irregular,1,263,247,16,172,91,75,0.6539923954372624,0.6963562753036437,1.0647773279352226,0.6745098039215686
1,29,regular,2,1136,1140,4,1125,11,15,0.9903169014084507,0.9868421052631579,0.9964912280701754,0.9885764499121266
1,29,semiregular,2,891,869,22,781,110,88,0.8765432098765432,0.8987341772151899,1.0253164556962024,0.8875
1,29,irregular,2,277,247,30,192,85,55,0.6931407942238267,0.7773279352226721,1.1214574898785425,0.7328244274809161
1,29,regular,3,1148,1140,8,1137,11,3,0.990418118466899,0.9973684210526316,1.0070175438596491,0.9938811188811189
1,29,semiregular,3,875,869,6,781,94,88,0.8925714285714286,0.8987341772151899,1.006904487917146,0.8956422018348623
1,29,irregular,3,260,247,13,192,68,55,0.7384615384615385,0.7773279352226721,1.0526315789473684,0.7573964497041421
1,30,regular,1,995,997,2,987,8,10,0.9919597989949749,0.9899699097291875,0.9979939819458375,0.9909638554216867
1,30,semiregular,1,819,810,9,735,84,75,0.8974358974358975,0.9074074074074074,1.011111111111111,0.9023941068139965
1,30,irregular,1,262,250,12,172,90,78,0.6564885496183206,0.688,1.048,0.671875
1,30,regular,2,974,997,23,966,8,31,0.9917864476386037,0.9689067201604814,0.9769307923771314,0.980213089802131
1,30,semiregular,2,787,810,23,722,65,88,0.9174078780177891,0.891358024691358,0.971604938271605,0.9041953663118347
1,30,irregular,2,254,250,4,176,78,74,0.6929133858267716,0.704,1.016,0.6984126984126985
1,30,regular,3,998,997,1,994,4,3,0.9959919839679359,0.9969909729187563,1.0010030090270812,0.9964912280701754
1,30,semiregular,3,810,810,0,747,63,63,0.9222222222222223,0.9222222222222223,1.0,0.9222222222222223
1,30,irregular,3,265,250,15,181,84,69,0.6830188679245283,0.724,1.06,0.7029126213592233
2,1,regular,1,988,937,51,935,53,2,0.9463562753036437,0.9978655282817502,1.0544290288153682,0.9714285714285714
2,1,semiregular,1,679,703,24,577,102,126,0.8497790868924889,0.8207681365576103,0.9658605974395448,0.8350217076700434
2,1,irregular,1,187,199,12,127,60,72,0.679144385026738,0.6381909547738693,0.9396984924623115,0.6580310880829016
2,1,regular,2,904,937,33,885,19,52,0.9789823008849557,0.9445037353255069,0.9647812166488794,0.9614340032590982
2,1,semiregular,2,717,703,14,616,101,87,0.8591352859135286,0.8762446657183499,1.0199146514935988,0.8676056338028169
2,1,irregular,2,186,199,13,143,43,56,0.7688172043010753,0.7185929648241206,0.9346733668341709,0.7428571428571429
2,1,regular,3,927,937,10,921,6,16,0.9935275080906149,0.9829242262540021,0.9893276414087513,0.9881974248927037
2,1,semiregular,3,716,703,13,617,99,86,0.861731843575419,0.8776671408250356,1.0184921763869133,0.8696264975334743
2,1,irregular,3,191,199,8,142,49,57,0.743455497382199,0.7135678391959799,0.9597989949748744,0.7282051282051282
2,2,regular,1,1193,1224,31,1186,7,38,0.9941324392288349,0.9689542483660131,0.9746732026143791,0.9813818783616053
2,2,semiregular,1,575,647,72,536,39,111,0.9321739130434783,0.8284389489953632,0.8887171561051005,0.8772504091653028
2,2,irregular,1,179,217,38,102,77,115,0.5698324022346368,0.4700460829493088,0.8248847926267281,0.5151515151515151
2,2,regular,2,1178,1224,46,1162,16,62,0.9864176570458404,0.9493464052287581,0.9624183006535948,0.967527060782681
2,2,semiregular,2,629,647,18,593,36,54,0.9427662957074722,0.9165378670788253,0.9721792890262752,0.9294670846394983
2,2,irregular,2,205,217,12,158,47,59,0.7707317073170732,0.728110599078341,0.9447004608294931,0.7488151658767772
2,2,regular,3,1231,1224,7,1215,16,9,0.9870024370430545,0.9926470588235294,1.005718954248366,0.989816700610998
2,2,semiregular,3,645,647,2,605,40,42,0.937984496124031,0.9350850077279753,0.9969088098918083,0.936532507739938
2,2,irregular,3,225,217,8,165,60,52,0.7333333333333333,0.7603686635944701,1.0368663594470047,0.746606334841629
2,3,regular,1,1064,1053,11,1044,20,9,0.981203007518797,0.9914529914529915,1.0104463437796771,0.9863013698630136
2,3,semiregular,1,665,716,51,601,64,115,0.9037593984962407,0.8393854748603352,0.9287709497206704,0.8703837798696598
2,3,irregular,1,217,224,7,143,74,81,0.6589861751152074,0.6383928571428571,0.96875,0.6485260770975056
2,3,regular,2,1009,1053,44,993,16,60,0.9841427155599604,0.9430199430199431,0.9582146248812915,0.9631425800193987
2,3,semiregular,2,717,716,1,641,76,75,0.8940027894002789,0.8952513966480447,1.0013966480446927,0.8946266573621772
2,3,irregular,2,223,224,1,159,64,65,0.7130044843049327,0.7098214285714286,0.9955357142857143,0.7114093959731544
2,3,regular,3,1048,1053,5,1045,3,8,0.9971374045801527,0.9924026590693258,0.9952516619183286,0.9947643979057592
2,3,semiregular,3,702,716,14,636,66,80,0.905982905982906,0.888268156424581,0.9804469273743017,0.8970380818053596
2,3,irregular,3,218,224,6,162,56,62,0.7431192660550459,0.7232142857142857,0.9732142857142857,0.7330316742081446
2,4,regular,1,1151,1101,50,1097,54,4,0.9530842745438749,0.9963669391462306,1.0454132606721163,0.9742451154529308
2,4,semiregular,1,612,614,2,516,96,98,0.8431372549019608,0.8403908794788274,0.996742671009772,0.8417618270799349
2,4,irregular,1,203,228,25,119,84,109,0.5862068965517241,0.5219298245614035,0.8903508771929824,0.5522041763341067
2,4,regular,2,1099,1101,2,1090,9,11,0.991810737033667,0.9900090826521344,0.9981834695731153,0.990909090909091
2,4,semiregular,2,606,614,8,535,71,79,0.8828382838283828,0.8713355048859935,0.9869706840390879,0.8770491803278688
2,4,irregular,2,214,228,14,155,59,73,0.7242990654205608,0.6798245614035088,0.9385964912280702,0.7013574660633485
2,4,regular,3,1101,1101,0,1096,5,5,0.9954586739327884,0.9954586739327884,1.0,0.9954586739327884
2,4,semiregular,3,601,614,13,535,66,79,0.8901830282861897,0.8713355048859935,0.9788273615635179,0.8806584362139919
2,4,irregular,3,226,228,2,169,57,59,0.7477876106194691,0.7412280701754386,0.9912280701754386,0.7444933920704845
2,5,regular,1,1076,1044,32,1043,33,1,0.9693308550185874,0.9990421455938697,1.0306513409961686,0.9839622641509435
2,5,semiregular,1,718,668,50,611,107,57,0.850974930362117,0.9146706586826348,1.0748502994011977,0.8816738816738817
2,5,irregular,1,213,217,4,135,78,82,0.6338028169014085,0.6221198156682027,0.9815668202764977,0.6279069767441859
2,5,regular,2,1026,1044,18,1016,10,28,0.9902534113060428,0.9731800766283525,0.9827586206896551,0.9816425120772947
2,5,semiregular,2,693,668,25,597,96,71,0.8614718614718615,0.8937125748502994,1.0374251497005988,0.8772961058045554
2,5,irregular,2,215,217,2,156,59,61,0.7255813953488373,0.7188940092165899,0.9907834101382489,0.7222222222222222
2,5,regular,3,1051,1044,7,1040,11,4,0.9895337773549001,0.9961685823754789,1.0067049808429118,0.9928400954653936
2,5,semiregular,3,682,668,14,593,89,75,0.8695014662756598,0.8877245508982036,1.0209580838323353,0.8785185185185185
2,5,irregular,3,214,217,3,161,53,56,0.7523364485981309,0.7419354838709677,0.9861751152073732,0.7470997679814385
2,6,regular,1,942,915,27,909,33,6,0.964968152866242,0.9934426229508196,1.0295081967213116,0.9789983844911148
2,6,semiregular,1,695,701,6,623,72,78,0.8964028776978418,0.8887303851640513,0.9914407988587732,0.8925501432664756
2,6,irregular,1,183,195,12,113,70,82,0.6174863387978142,0.5794871794871795,0.9384615384615385,0.5978835978835979
2,6,regular,2,962,915,47,914,48,1,0.9501039501039501,0.9989071038251366,1.0513661202185793,0.9738945125199787
2,6,semiregular,2,705,701,4,642,63,59,0.9106382978723404,0.9158345221112696,1.005706134094151,0.9132290184921763
2,6,irregular,2,196,195,1,131,65,64,0.6683673469387755,0.6717948717948717,1.005128205128205,0.670076726342711
2,6,regular,3,920,915,5,910,10,5,0.9891304347826086,0.994535519125683,1.005464480874317,0.9918256130790191
2,6,semiregular,3,706,701,5,643,63,58,0.9107648725212465,0.9172610556348074,1.007132667617689,0.9140014214641079
2,6,irregular,3,202,195,7,147,55,48,0.7277227722772277,0.7538461538461538,1.035897435897436,0.7405541561712847
2,7,regular,1,2,1230,1228,0,2,1230,-1,-1,0.0016260162601626016,-1
2,7,semiregular,1,158,761,603,127,31,634,0.8037974683544303,0.16688567674113008,0.2076215505913272,0.2763873775843308
2,7,irregular,1,218,225,7,104,114,121,0.47706422018348627,0.4622222222222222,0.9688888888888889,0.46952595936794583
2,7,regular,2,444,1230,786,437,7,793,0.9842342342342343,0.35528455284552846,0.36097560975609755,0.5221027479091995
2,7,semiregular,2,720,761,41,623,97,138,0.8652777777777778,0.8186596583442839,0.9461235216819974,0.8413234301147874
2,7,irregular,2,219,225,6,167,52,58,0.7625570776255708,0.7422222222222222,0.9733333333333334,0.7522522522522522
2,7,regular,3,1216,1230,14,1214,2,16,0.9983552631578947,0.9869918699186991,0.9886178861788618,0.9926410466067048
2,7,semiregular,3,742,761,19,643,99,118,0.866576819407008,0.8449408672798949,0.9750328515111695,0.8556220891550232
2,7,irregular,3,215,225,10,164,51,61,0.7627906976744186,0.7288888888888889,0.9555555555555556,0.7454545454545454
2,8,regular,1,1006,1035,29,994,12,41,0.9880715705765407,0.9603864734299516,0.9719806763285024,0.974032337089662
2,8,semiregular,1,756,827,71,675,81,152,0.8928571428571429,0.8162031438935913,0.9141475211608222,0.8528111181301327
2,8,irregular,1,223,243,20,126,97,117,0.5650224215246636,0.5185185185185185,0.9176954732510288,0.5407725321888411
2,8,regular,2,910,1035,125,892,18,143,0.9802197802197802,0.8618357487922705,0.8792270531400966,0.917223650385604
2,8,semiregular,2,815,827,12,738,77,89,0.905521472392638,0.8923821039903265,0.9854897218863361,0.8989037758830695
2,8,irregular,2,210,243,33,151,59,92,0.719047619047619,0.6213991769547325,0.8641975308641975,0.6666666666666665
2,8,regular,3,1037,1035,2,1029,8,6,0.9922854387656702,0.9942028985507246,1.0019323671497584,0.9932432432432433
2,8,semiregular,3,834,827,7,752,82,75,0.9016786570743405,0.909310761789601,1.0084643288996373,0.905478627332932
2,8,irregular,3,242,243,1,167,75,76,0.6900826446280992,0.6872427983539094,0.9958847736625515,0.688659793814433
2,9,regular,1,1082,1107,25,1066,16,41,0.9852125693160814,0.9629629629629629,0.9774164408310749,0.9739607126541799
2,9,semiregular,1,587,701,114,549,38,152,0.9352640545144804,0.7831669044222539,0.8373751783166904,0.8524844720496895
2,9,irregular,1,192,266,74,125,67,141,0.6510416666666666,0.4699248120300752,0.7218045112781954,0.5458515283842794
2,9,regular,2,1046,1107,61,1035,11,72,0.9894837476099426,0.9349593495934959,0.9448961156278229,0.9614491407338597
2,9,semiregular,2,618,701,83,580,38,121,0.9385113268608414,0.8273894436519258,0.8815977175463623,0.8794541319181197
2,9,irregular,2,228,266,38,181,47,85,0.793859649122807,0.6804511278195489,0.8571428571428571,0.7327935222672066
2,9,regular,3,1094,1107,13,1090,4,17,0.9963436928702011,0.9846431797651309,0.988256549232159,0.9904588823262153
2,9,semiregular,3,692,701,9,641,51,60,0.9263005780346821,0.9144079885877318,0.9871611982881597,0.920315865039483
2,9,irregular,3,254,266,12,190,64,76,0.7480314960629921,0.7142857142857143,0.9548872180451128,0.7307692307692306
2,10,regular,1,1070,1014,56,1000,70,14,0.9345794392523364,0.9861932938856016,1.0552268244575937,0.9596928982725528
2,10,semiregular,1,663,656,7,591,72,65,0.8914027149321267,0.9009146341463414,1.0106707317073171,0.8961334344200153
2,10,irregular,1,215,247,32,163,52,84,0.7581395348837209,0.659919028340081,0.8704453441295547,0.7056277056277056
2,10,regular,2,704,1014,310,689,15,325,0.9786931818181818,0.6794871794871795,0.6942800788954635,0.8020954598370198
2,10,semiregular,2,696,656,40,605,91,51,0.8692528735632183,0.9222560975609756,1.0609756097560976,0.8949704142011834
2,10,irregular,2,221,247,26,181,40,66,0.8190045248868778,0.7327935222672065,0.8947368421052632,0.7735042735042735
2,10,regular,3,1069,1014,55,1010,59,4,0.9448082319925164,0.9960552268244576,1.054240631163708,0.9697551608257321
2,10,semiregular,3,658,656,2,600,58,56,0.9118541033434651,0.9146341463414634,1.0030487804878048,0.91324200913242
2,10,irregular,3,204,247,43,162,42,85,0.7941176470588235,0.6558704453441295,0.8259109311740891,0.7184035476718403
2,11,regular,1,1089,1070,19,1061,28,9,0.9742883379247016,0.991588785046729,1.0177570093457944,0.9828624363131079
2,11,semiregular,1,715,700,15,613,102,87,0.8573426573426574,0.8757142857142857,1.0214285714285714,0.8664310954063603
2,11,irregular,1,227,239,12,148,79,91,0.6519823788546255,0.6192468619246861,0.9497907949790795,0.6351931330472103
2,11,regular,2,108,1070,962,105,3,965,0.9722222222222222,0.09813084112149532,0.10093457943925234,0.17826825127334467
2,11,semiregular,2,653,700,47,587,66,113,0.8989280245022971,0.8385714285714285,0.9328571428571428,0.86770140428677
2,11,irregular,2,216,239,23,160,56,79,0.7407407407407407,0.6694560669456067,0.9037656903765691,0.7032967032967032
2,11,regular,3,1070,1070,0,1067,3,3,0.997196261682243,0.997196261682243,1.0,0.997196261682243
2,11,semiregular,3,674,700,26,605,69,95,0.8976261127596439,0.8642857142857143,0.9628571428571429,0.8806404657933042
2,11,irregular,3,222,239,17,174,48,65,0.7837837837837838,0.7280334728033473,0.9288702928870293,0.7548806941431669
2,12,regular,1,1110,1007,103,1007,103,0,0.9072072072072072,1.0,1.102284011916584,0.9513462446858763
2,12,semiregular,1,712,641,71,589,123,52,0.827247191011236,0.9188767550702028,1.110764430577223,0.8706577974870657
2,12,irregular,1,280,204,76,168,112,36,0.6,0.8235294117647058,1.3725490196078431,0.6942148760330579
2,12,regular,2,1051,1007,44,1007,44,0,0.9581351094196003,1.0,1.0436941410129097,0.9786200194363459
2,12,semiregular,2,663,641,22,557,106,84,0.8401206636500754,0.8689547581903276,1.034321372854914,0.8542944785276074
2,12,irregular,2,231,204,27,149,82,55,0.645021645021645,0.7303921568627451,1.1323529411764706,0.6850574712643679
2,12,regular,3,1018,1007,11,1006,12,1,0.9882121807465619,0.9990069513406157,1.0109235352532273,0.9935802469135803
2,12,semiregular,3,635,641,6,553,82,88,0.8708661417322835,0.8627145085803433,0.9906396255850234,0.8667711598746082
2,12,irregular,3,215,204,11,153,62,51,0.7116279069767442,0.75,1.053921568627451,0.7303102625298329
2,13,regular,1,1045,1000,45,997,48,3,0.9540669856459331,0.997,1.045,0.9750611246943766
2,13,semiregular,1,824,815,9,748,76,67,0.9077669902912622,0.9177914110429448,1.011042944785276,0.9127516778523491
2,13,irregular,1,275,216,59,156,119,60,0.5672727272727273,0.7222222222222222,1.2731481481481481,0.6354378818737271
2,13,regular,2,990,1000,10,979,11,21,0.9888888888888889,0.979,0.99,0.9839195979899497
2,13,semiregular,2,833,815,18,761,72,54,0.9135654261704682,0.9337423312883436,1.0220858895705522,0.9235436893203883
2,13,irregular,2,224,216,8,158,66,58,0.7053571428571429,0.7314814814814815,1.037037037037037,0.7181818181818183
2,13,regular,3,1006,1000,6,995,11,5,0.989065606361829,0.995,1.006,0.992023928215354
2,13,semiregular,3,815,815,0,756,59,59,0.9276073619631902,0.9276073619631902,1.0,0.9276073619631902
2,13,irregular,3,217,216,1,161,56,55,0.7419354838709677,0.7453703703703703,1.0046296296296295,0.74364896073903
2,14,regular,1,1048,1052,4,1044,4,8,0.9961832061068703,0.9923954372623575,0.9961977186311787,0.9942857142857143
2,14,semiregular,1,850,913,63,787,63,126,0.9258823529411765,0.8619934282584885,0.9309967141292442,0.8927963698241633
2,14,irregular,1,204,217,13,132,72,85,0.6470588235294118,0.6082949308755761,0.9400921658986175,0.6270783847980999
2,14,regular,2,1016,1052,36,1006,10,46,0.9901574803149606,0.9562737642585551,0.9657794676806084,0.9729206963249517
2,14,semiregular,2,887,913,26,823,64,90,0.9278466741826381,0.9014238773274917,0.9715224534501643,0.9144444444444444
2,14,irregular,2,215,217,2,156,59,61,0.7255813953488373,0.7188940092165899,0.9907834101382489,0.7222222222222222
2,14,regular,3,1052,1052,0,1047,5,5,0.9952471482889734,0.9952471482889734,1.0,0.9952471482889734
2,14,semiregular,3,884,913,29,826,58,87,0.9343891402714932,0.904709748083242,0.968236582694414,0.919309961046188
2,14,irregular,3,215,217,2,161,54,56,0.7488372093023256,0.7419354838709677,0.9907834101382489,0.7453703703703703
2,15,regular,1,1008,964,44,964,44,0,0.9563492063492064,1.0,1.045643153526971,0.9776876267748479
2,15,semiregular,1,753,774,21,686,67,88,0.9110225763612217,0.8863049095607235,0.9728682170542635,0.8984937786509496
2,15,irregular,1,190,218,28,149,41,69,0.7842105263157895,0.6834862385321101,0.8715596330275229,0.7303921568627451
2,15,regular,2,954,964,10,943,11,21,0.9884696016771488,0.9782157676348547,0.9896265560165975,0.9833159541188737
2,15,semiregular,2,757,774,17,699,58,75,0.9233817701453104,0.9031007751937985,0.9780361757105943,0.9131286740692358
2,15,irregular,2,206,218,12,160,46,58,0.7766990291262136,0.7339449541284404,0.944954128440367,0.7547169811320755
2,15,regular,3,972,964,8,961,11,3,0.9886831275720165,0.9968879668049793,1.008298755186722,0.9927685950413224
2,15,semiregular,3,759,774,15,695,64,79,0.9156785243741765,0.8979328165374677,0.9806201550387597,0.9067188519243314
2,15,irregular,3,217,218,1,167,50,51,0.7695852534562212,0.7660550458715596,0.9954128440366973,0.7678160919540231
2,16,regular,1,1124,1109,15,1103,21,6,0.9813167259786477,0.9945897204688909,1.0135256988277728,0.9879086430810569
2,16,semiregular,1,647,681,34,558,89,123,0.8624420401854714,0.8193832599118943,0.9500734214390602,0.8403614457831327
2,16,irregular,1,267,272,5,158,109,114,0.5917602996254682,0.5808823529411765,0.9816176470588235,0.5862708719851577
2,16,regular,2,1139,1109,30,1109,30,0,0.9736611062335382,1.0,1.0270513976555455,0.9866548042704626
2,16,semiregular,2,667,681,14,592,75,89,0.8875562218890555,0.869309838472834,0.9794419970631424,0.8783382789317508
2,16,irregular,2,259,272,13,193,66,79,0.7451737451737451,0.7095588235294118,0.9522058823529411,0.7269303201506592
2,16,regular,3,1109,1109,0,1102,7,7,0.9936880072137061,0.9936880072137061,1.0,0.9936880072137061
2,16,semiregular,3,681,681,0,606,75,75,0.8898678414096917,0.8898678414096917,1.0,0.8898678414096917
2,16,irregular,3,250,272,22,202,48,70,0.808,0.7426470588235294,0.9191176470588235,0.7739463601532568
2,17,regular,1,1048,1029,19,1028,20,1,0.9809160305343512,0.9990281827016521,1.0184645286686103,0.9898892633606162
2,17,semiregular,1,821,837,16,740,81,97,0.9013398294762485,0.8841099163679809,0.980884109916368,0.8926417370325693
2,17,irregular,1,290,240,50,162,128,78,0.5586206896551724,0.675,1.2083333333333333,0.6113207547169811
2,17,regular,2,1019,1029,10,1007,12,22,0.9882237487733072,0.9786200194363459,0.9902818270165209,0.9833984375
2,17,semiregular,2,843,837,6,759,84,78,0.900355871886121,0.9068100358422939,1.007168458781362,0.9035714285714286
2,17,irregular,2,248,240,8,170,78,70,0.6854838709677419,0.7083333333333334,1.0333333333333334,0.6967213114754098
2,17,regular,3,1037,1029,8,1026,11,3,0.9893924783027965,0.9970845481049563,1.0077745383867833,0.9932236205227493
2,17,semiregular,3,839,837,2,765,74,72,0.9117997616209773,0.9139784946236559,1.002389486260454,0.9128878281622911
2,17,irregular,3,238,240,2,174,64,66,0.7310924369747899,0.725,0.9916666666666667,0.7280334728033473
2,18,regular,1,1068,1044,24,1037,31,7,0.9709737827715356,0.9932950191570882,1.0229885057471264,0.9820075757575758
2,18,semiregular,1,772,801,29,711,61,90,0.9209844559585493,0.8876404494382022,0.9637952559300874,0.9040050858232678
2,18,irregular,1,265,252,13,178,87,74,0.6716981132075471,0.7063492063492064,1.0515873015873016,0.6885880077369438
2,18,regular,2,1084,1044,40,1039,45,5,0.9584870848708487,0.9952107279693486,1.0383141762452108,0.9765037593984962
2,18,semiregular,2,799,801,2,740,59,61,0.9261576971214017,0.9238451935081149,0.9975031210986267,0.9249999999999999
2,18,irregular,2,234,252,18,184,50,68,0.7863247863247863,0.7301587301587301,0.9285714285714286,0.757201646090535
2,18,regular,3,1051,1044,7,1040,11,4,0.9895337773549001,0.9961685823754789,1.0067049808429118,0.9928400954653936
2,18,semiregular,3,806,801,5,751,55,50,0.9317617866004962,0.9375780274656679,1.0062421972534332,0.9346608587429993
2,18,irregular,3,244,252,8,190,54,62,0.7786885245901639,0.753968253968254,0.9682539682539683,0.7661290322580644
2,19,regular,1,1096,1076,20,1069,27,7,0.9753649635036497,0.9934944237918215,1.0185873605947955,0.9843462246777164
2,19,semiregular,1,743,753,10,675,68,78,0.9084791386271871,0.896414342629482,0.9867197875166003,0.9024064171122995
2,19,irregular,1,245,245,0,155,90,90,0.6326530612244898,0.6326530612244898,1.0,0.6326530612244898
2,19,regular,2,1084,1076,8,1070,14,6,0.9870848708487084,0.9944237918215614,1.0074349442379182,0.9907407407407407
2,19,semiregular,2,726,753,27,665,61,88,0.9159779614325069,0.8831341301460823,0.9641434262948207,0.8992562542258283
2,19,irregular,2,244,245,1,174,70,71,0.7131147540983607,0.710204081632653,0.9959183673469387,0.7116564417177913
2,19,regular,3,1076,1076,0,1068,8,8,0.9925650557620818,0.9925650557620818,1.0,0.9925650557620818
2,19,semiregular,3,740,753,13,680,60,73,0.918918918918919,0.9030544488711819,0.9827357237715804,0.9109176155391829
2,19,irregular,3,240,245,5,179,61,66,0.7458333333333333,0.7306122448979592,0.9795918367346939,0.7381443298969071
2,20,regular,1,1240,1251,11,1225,15,26,0.9879032258064516,0.9792166266986411,0.991207034372502,0.9835407466880771
2,20,semiregular,1,864,841,23,750,114,91,0.8680555555555556,0.89179548156956,1.0273483947681332,0.8797653958944281
2,20,irregular,1,261,252,9,155,106,97,0.5938697318007663,0.6150793650793651,1.0357142857142858,0.6042884990253411
2,20,regular,2,1160,1251,91,1142,18,109,0.9844827586206897,0.9128697042366107,0.9272581934452439,0.947324761509747
2,20,semiregular,2,831,841,10,737,94,104,0.8868832731648616,0.8763376932223543,0.9881093935790726,0.881578947368421
2,20,irregular,2,236,252,16,181,55,71,0.7669491525423728,0.7182539682539683,0.9365079365079365,0.7418032786885245
2,20,regular,3,1226,1251,25,1222,4,29,0.9967373572593801,0.9768185451638689,0.9800159872102319,0.9866774323778764
2,20,semiregular,3,829,841,12,731,98,110,0.8817852834740652,0.8692033293697978,0.985731272294887,0.8754491017964072
2,20,irregular,3,251,252,1,181,70,71,0.7211155378486056,0.7182539682539683,0.996031746031746,0.7196819085487078
2,21,regular,1,954,920,34,917,37,3,0.9612159329140462,0.9967391304347826,1.0369565217391303,0.9786552828175027
2,21,semiregular,1,537,549,12,441,96,108,0.8212290502793296,0.8032786885245902,0.9781420765027322,0.8121546961325966
2,21,irregular,1,191,204,13,129,62,75,0.675392670157068,0.6323529411764706,0.9362745098039216,0.6531645569620254
2,21,regular,2,931,920,11,911,20,9,0.9785177228786252,0.9902173913043478,1.0119565217391304,0.984332793084819
2,21,semiregular,2,567,549,18,475,92,74,0.8377425044091711,0.8652094717668488,1.0327868852459017,0.8512544802867384
2,21,irregular,2,212,204,8,149,63,55,0.7028301886792453,0.7303921568627451,1.0392156862745099,0.7163461538461537
2,21,regular,3,916,920,4,911,5,9,0.9945414847161572,0.9902173913043478,0.9956521739130435,0.9923747276688453
2,21,semiregular,3,567,549,18,478,89,71,0.8430335097001763,0.8706739526411658,1.0327868852459017,0.8566308243727598
2,21,irregular,3,200,204,4,152,48,52,0.76,0.7450980392156863,0.9803921568627451,0.7524752475247525
2,22,regular,1,1050,946,104,943,107,3,0.8980952380952381,0.9968287526427061,1.109936575052854,0.9448897795591182
2,22,semiregular,1,711,703,8,622,89,81,0.8748241912798875,0.8847795163584637,1.0113798008534851,0.8797736916548798
2,22,irregular,1,217,247,30,150,67,97,0.6912442396313364,0.6072874493927125,0.8785425101214575,0.6465517241379309
2,22,regular,2,1000,946,54,946,54,0,0.946,1.0,1.0570824524312896,0.9722507708119219
2,22,semiregular,2,709,703,6,626,83,77,0.8829337094499294,0.8904694167852063,1.0085348506401137,0.886685552407932
2,22,irregular,2,225,247,22,174,51,73,0.7733333333333333,0.7044534412955465,0.9109311740890689,0.7372881355932203
2,22,regular,3,950,946,4,941,9,5,0.9905263157894737,0.9947145877378436,1.0042283298097252,0.9926160337552743
2,22,semiregular,3,684,703,19,612,72,91,0.8947368421052632,0.8705547652916074,0.972972972972973,0.882480173035328
2,22,irregular,3,241,247,6,179,62,68,0.7427385892116183,0.7246963562753036,0.9757085020242915,0.733606557377049
2,23,regular,1,963,999,36,951,12,48,0.9875389408099688,0.9519519519519519,0.963963963963964,0.9694189602446482
2,23,semiregular,1,896,835,61,770,126,65,0.859375,0.9221556886227545,1.0730538922155688,0.8896591565569035
2,23,irregular,1,283,266,17,171,112,95,0.6042402826855123,0.6428571428571429,1.0639097744360901,0.6229508196721312
2,23,regular,2,977,999,22,961,16,38,0.9836233367451381,0.9619619619619619,0.977977977977978,0.9726720647773279
2,23,semiregular,2,836,835,1,739,97,96,0.8839712918660287,0.8850299401197604,1.0011976047904192,0.8845002992220228
2,23,irregular,2,260,266,6,179,81,87,0.6884615384615385,0.6729323308270677,0.9774436090225563,0.6806083650190116
2,23,regular,3,1015,999,16,995,20,4,0.9802955665024631,0.995995995995996,1.016016016016016,0.9880834160873883
2,23,semiregular,3,852,835,17,753,99,82,0.8838028169014085,0.9017964071856287,1.0203592814371258,0.892708950800237
2,23,irregular,3,262,266,4,180,82,86,0.6870229007633588,0.6766917293233082,0.9849624060150376,0.6818181818181818
2,24,regular,1,1123,1079,44,1079,44,0,0.9608192341941229,1.0,1.0407784986098239,0.9800181653042688
2,24,semiregular,1,653,680,27,596,57,84,0.9127105666156202,0.8764705882352941,0.9602941176470589,0.8942235558889722
2,24,irregular,1,177,247,70,124,53,123,0.7005649717514124,0.5020242914979757,0.7165991902834008,0.5849056603773584
2,24,regular,2,1052,1079,27,1032,20,47,0.9809885931558935,0.9564411492122336,0.9749768303985171,0.9685593618019709
2,24,semiregular,2,656,680,24,605,51,75,0.9222560975609756,0.8897058823529411,0.9647058823529412,0.9056886227544909
2,24,irregular,2,224,247,23,182,42,65,0.8125,0.7368421052631579,0.9068825910931174,0.7728237791932058
2,24,regular,3,1074,1079,5,1070,4,9,0.9962756052141527,0.9916589434661723,0.995366079703429,0.9939619136089177
2,24,semiregular,3,672,680,8,621,51,59,0.9241071428571429,0.913235294117647,0.9882352941176471,0.9186390532544378
2,24,irregular,3,240,247,7,190,50,57,0.7916666666666666,0.7692307692307693,0.97165991902834,0.7802874743326489
2,25,regular,1,962,946,16,944,18,2,0.9812889812889813,0.9978858350951374,1.0169133192389006,0.989517819706499
2,25,semiregular,1,669,718,49,597,72,121,0.8923766816143498,0.8314763231197771,0.9317548746518106,0.8608507570295603
2,25,irregular,1,202,207,5,126,76,81,0.6237623762376238,0.6086956521739131,0.9758454106280193,0.6161369193154034
2,25,regular,2,906,946,40,900,6,46,0.9933774834437086,0.9513742071881607,0.9577167019027484,0.9719222462203024
2,25,semiregular,2,711,718,7,642,69,76,0.9029535864978903,0.8941504178272981,0.9902506963788301,0.8985304408677397
2,25,irregular,2,202,207,5,136,66,71,0.6732673267326733,0.6570048309178744,0.9758454106280193,0.665036674816626
2,25,regular,3,942,946,4,938,4,8,0.9957537154989384,0.9915433403805497,0.9957716701902748,0.9936440677966103
2,25,semiregular,3,699,718,19,627,72,91,0.8969957081545065,0.8732590529247911,0.9735376044568245,0.884968242766408
2,25,irregular,3,220,207,13,139,81,68,0.6318181818181818,0.6714975845410628,1.0628019323671498,0.6510538641686183
2,26,regular,1,1041,985,56,984,57,1,0.9452449567723343,0.9989847715736041,1.0568527918781725,0.9713721618953604
2,26,semiregular,1,724,720,4,639,85,81,0.8825966850828729,0.8875,1.0055555555555555,0.8850415512465375
2,26,irregular,1,276,214,62,178,98,36,0.644927536231884,0.8317757009345794,1.2897196261682242,0.726530612244898
2,26,regular,2,892,985,93,882,10,103,0.9887892376681614,0.8954314720812183,0.9055837563451776,0.9397975492807672
2,26,semiregular,2,721,720,1,645,76,75,0.8945908460471568,0.8958333333333334,1.0013888888888889,0.8952116585704373
2,26,irregular,2,192,214,22,135,57,79,0.703125,0.6308411214953271,0.897196261682243,0.6650246305418719
2,26,regular,3,993,985,8,981,12,4,0.9879154078549849,0.9959390862944163,1.0081218274111674,0.9919110212335693
2,26,semiregular,3,719,720,1,647,72,73,0.8998609179415855,0.8986111111111111,0.9986111111111111,0.8992355802640722
2,26,irregular,3,244,214,30,167,77,47,0.6844262295081968,0.780373831775701,1.1401869158878504,0.7292576419213974
2,27,regular,1,1165,1166,1,1156,9,10,0.992274678111588,0.9914236706689536,0.9991423670668954,0.9918489918489918
2,27,semiregular,1,677,728,51,593,84,135,0.8759231905465288,0.8145604395604396,0.929945054945055,0.8441281138790034
2,27,irregular,1,206,270,64,150,56,120,0.7281553398058253,0.5555555555555556,0.762962962962963,0.6302521008403362
2,27,regular,2,1130,1166,36,1116,14,50,0.9876106194690265,0.9571183533447685,0.9691252144082333,0.9721254355400698
2,27,semiregular,2,723,728,5,658,65,70,0.9100968188105117,0.9038461538461539,0.9931318681318682,0.9069607167470709
2,27,irregular,2,252,270,18,194,58,76,0.7698412698412699,0.7185185185185186,0.9333333333333333,0.7432950191570882
2,27,regular,3,1170,1166,4,1162,8,4,0.9931623931623932,0.9965694682675815,1.0034305317324186,0.9948630136986302
2,27,semiregular,3,714,728,14,651,63,77,0.9117647058823529,0.8942307692307693,0.9807692307692307,0.9029126213592232
2,27,irregular,3,262,270,8,201,61,69,0.767175572519084,0.7444444444444445,0.9703703703703703,0.7556390977443609
2,28,regular,1,1126,1098,28,1095,31,3,0.9724689165186501,0.9972677595628415,1.0255009107468125,0.9847122302158273
2,28,semiregular,1,852,859,7,774,78,85,0.9084507042253521,0.9010477299185099,0.9918509895227008,0.9047340736411454
2,28,irregular,1,277,293,16,168,109,125,0.6064981949458483,0.5733788395904437,0.9453924914675768,0.5894736842105264
2,28,regular,2,1068,1098,30,1053,15,45,0.9859550561797753,0.9590163934426229,0.9726775956284153,0.9722991689750692
2,28,semiregular,2,850,859,9,776,74,83,0.9129411764705883,0.9033760186263097,0.989522700814901,0.9081334113516676
2,28,irregular,2,270,293,23,187,83,106,0.6925925925925925,0.6382252559726962,0.9215017064846417,0.6642984014209591
2,28,regular,3,1109,1098,11,1094,15,4,0.9864743011722272,0.9963570127504554,1.0100182149362478,0.991391028545537
2,28,semiregular,3,838,859,21,776,62,83,0.9260143198090692,0.9033760186263097,0.9755529685681025,0.9145550972304066
2,28,irregular,3,285,293,8,196,89,97,0.6877192982456141,0.6689419795221843,0.9726962457337884,0.6782006920415224
2,29,regular,1,1161,1140,21,1136,25,4,0.9784668389319552,0.9964912280701754,1.018421052631579,0.9873967840069536
2,29,semiregular,1,910,869,41,795,115,74,0.8736263736263736,0.9148446490218642,1.047180667433832,0.8937605396290051
2,29,irregular,1,226,247,21,150,76,97,0.6637168141592921,0.6072874493927125,0.9149797570850202,0.6342494714587738
2,29,regular,2,1100,1140,40,1089,11,51,0.99,0.9552631578947368,0.9649122807017544,0.9723214285714286
2,29,semiregular,2,907,869,38,796,111,73,0.8776185226019846,0.9159953970080552,1.0437284234752588,0.8963963963963963
2,29,irregular,2,244,247,3,170,74,77,0.6967213114754098,0.6882591093117408,0.9878542510121457,0.6924643584521385
2,29,regular,3,1129,1140,11,1124,5,16,0.995571302037201,0.9859649122807017,0.9903508771929824,0.9907448215072719
2,29,semiregular,3,866,869,3,774,92,95,0.8937644341801386,0.8906789413118527,0.996547756041427,0.8922190201729107
2,29,irregular,3,250,247,3,190,60,57,0.76,0.7692307692307693,1.0121457489878543,0.7645875251509054
2,30,regular,1,1017,997,20,993,24,4,0.976401179941003,0.995987963891675,1.020060180541625,0.9860973187686196
2,30,semiregular,1,778,810,32,715,63,95,0.9190231362467867,0.8827160493827161,0.9604938271604938,0.9005037783375315
2,30,irregular,1,236,250,14,167,69,83,0.7076271186440678,0.668,0.944,0.6872427983539094
2,30,regular,2,967,997,30,958,9,39,0.9906928645294726,0.9608826479438315,0.9699097291875627,0.9755600814663952
2,30,semiregular,2,809,810,1,740,69,70,0.9147095179233622,0.9135802469135802,0.9987654320987654,0.9141445336627547
2,30,irregular,2,244,250,6,178,66,72,0.7295081967213115,0.712,0.976,0.7206477732793523
2,30,regular,3,997,997,0,993,4,4,0.995987963891675,0.995987963891675,1.0,0.995987963891675
2,30,semiregular,3,812,810,2,743,69,67,0.9150246305418719,0.917283950617284,1.002469135802469,0.9161528976572133
2,30,irregular,3,252,250,2,174,78,76,0.6904761904761905,0.696,1.008,0.6932270916334661
3,1,regular,1,918,937,19,903,15,34,0.9836601307189542,0.9637139807897546,0.9797225186766275,0.9735849056603773
3,1,semiregular,1,761,703,58,644,117,59,0.8462549277266754,0.9160739687055477,1.0825035561877667,0.8797814207650273
3,1,irregular,1,176,199,23,127,49,72,0.7215909090909091,0.6381909547738693,0.8844221105527639,0.6773333333333333
3,1,regular,2,967,937,30,934,33,3,0.9658738366080661,0.9967982924226254,1.032017075773746,0.9810924369747899
3,1,semiregular,2,716,703,13,611,105,92,0.8533519553072626,0.8691322901849218,1.0184921763869133,0.861169837914024
3,1,irregular,2,191,199,8,146,45,53,0.7643979057591623,0.7336683417085427,0.9597989949748744,0.7487179487179486
3,1,regular,3,930,937,7,921,9,16,0.9903225806451613,0.9829242262540021,0.9925293489861259,0.9866095340117835
3,1,semiregular,3,749,703,46,639,110,64,0.8531375166889186,0.9089615931721194,1.065433854907539,0.8801652892561983
3,1,irregular,3,191,199,8,140,51,59,0.7329842931937173,0.7035175879396985,0.9597989949748744,0.7179487179487181
3,2,regular,1,1101,1224,123,1093,8,131,0.9927338782924614,0.8929738562091504,0.8995098039215687,0.9402150537634409
3,2,semiregular,1,623,647,24,575,48,72,0.9229534510433387,0.8887171561051005,0.9629057187017002,0.9055118110236221
3,2,irregular,1,193,217,24,116,77,101,0.6010362694300518,0.5345622119815668,0.8894009216589862,0.5658536585365854
3,2,regular,2,1193,1224,31,1182,11,42,0.9907795473595976,0.9656862745098039,0.9746732026143791,0.9780719900703352
3,2,semiregular,2,635,647,12,599,36,48,0.9433070866141732,0.9258114374034003,0.98145285935085,0.9344773790951638
3,2,irregular,2,217,217,0,159,58,58,0.7327188940092166,0.7327188940092166,1.0,0.7327188940092166
3,2,regular,3,1231,1224,7,1213,18,11,0.9853777416734363,0.9910130718954249,1.005718954248366,0.9881873727087577
3,2,semiregular,3,663,647,16,613,50,34,0.9245852187028658,0.9474497681607419,1.0247295208655331,0.9358778625954198
3,2,irregular,3,221,217,4,160,61,57,0.7239819004524887,0.7373271889400922,1.0184331797235022,0.7305936073059361
3,3,regular,1,1053,1053,0,1038,15,15,0.9857549857549858,0.9857549857549858,1.0,0.9857549857549858
3,3,semiregular,1,757,716,41,656,101,60,0.8665785997357992,0.9162011173184358,1.0572625698324023,0.8906992532247114
3,3,irregular,1,214,224,10,143,71,81,0.6682242990654206,0.6383928571428571,0.9553571428571429,0.6529680365296804
3,3,regular,2,1014,1053,39,997,17,56,0.9832347140039448,0.9468186134852802,0.9629629629629629,0.9646831156265119
3,3,semiregular,2,711,716,5,636,75,80,0.8945147679324894,0.888268156424581,0.9930167597765364,0.8913805185704274
3,3,irregular,2,205,224,19,148,57,76,0.7219512195121951,0.6607142857142857,0.9151785714285714,0.6899766899766899
3,3,regular,3,1055,1053,2,1046,9,7,0.9914691943127962,0.99335232668566,1.0018993352326686,0.9924098671726755
3,3,semiregular,3,731,716,15,656,75,60,0.8974008207934336,0.9162011173184358,1.020949720670391,0.9067035245335177
3,3,irregular,3,210,224,14,155,55,69,0.7380952380952381,0.6919642857142857,0.9375,0.7142857142857143
3,4,regular,1,1128,1101,27,1088,40,13,0.9645390070921985,0.9881925522252498,1.0245231607629428,0.9762225213100045
3,4,semiregular,1,631,614,17,532,99,82,0.8431061806656102,0.8664495114006515,1.0276872964169381,0.8546184738955824
3,4,irregular,1,215,228,13,139,76,89,0.6465116279069767,0.6096491228070176,0.9429824561403509,0.6275395033860045
3,4,regular,2,1104,1101,3,1092,12,9,0.9891304347826086,0.9918256130790191,1.002724795640327,0.9904761904761904
3,4,semiregular,2,599,614,15,530,69,84,0.8848080133555927,0.8631921824104235,0.9755700325732899,0.8738664468260512
3,4,irregular,2,217,228,11,162,55,66,0.7465437788018433,0.7105263157894737,0.9517543859649122,0.7280898876404495
3,4,regular,3,1096,1101,5,1093,3,8,0.9972627737226277,0.9927338782924614,0.9954586739327884,0.9949931725079654
3,4,semiregular,3,615,614,1,546,69,68,0.8878048780487805,0.8892508143322475,1.001628664495114,0.8885272579332791
3,4,irregular,3,212,228,16,161,51,67,0.7594339622641509,0.706140350877193,0.9298245614035088,0.7318181818181818
3,5,regular,1,1018,1044,26,1009,9,35,0.9911591355599214,0.9664750957854407,0.975095785440613,0.9786614936954414
3,5,semiregular,1,764,668,96,632,132,36,0.8272251308900523,0.9461077844311377,1.1437125748502994,0.88268156424581
3,5,irregular,1,223,217,6,152,71,65,0.6816143497757847,0.7004608294930875,1.0276497695852536,0.6909090909090909
3,5,regular,2,1055,1044,11,1043,12,1,0.9886255924170616,0.9990421455938697,1.010536398467433,0.993806574559314
3,5,semiregular,2,662,668,6,579,83,89,0.8746223564954683,0.8667664670658682,0.9910179640718563,0.8706766917293232
3,5,irregular,2,217,217,0,161,56,56,0.7419354838709677,0.7419354838709677,1.0,0.7419354838709677
3,5,regular,3,1035,1044,9,1032,3,12,0.9971014492753624,0.9885057471264368,0.9913793103448276,0.9927849927849929
3,5,semiregular,3,696,668,28,603,93,65,0.8663793103448276,0.9026946107784432,1.0419161676646707,0.8841642228739004
3,5,irregular,3,207,217,10,151,56,66,0.7294685990338164,0.695852534562212,0.9539170506912442,0.7122641509433962
3,6,regular,1,932,915,17,902,30,13,0.9678111587982833,0.985792349726776,1.0185792349726777,0.9767190037899297
3,6,semiregular,1,709,701,8,639,70,62,0.9012693935119888,0.9115549215406562,1.0114122681883024,0.9063829787234043
3,6,irregular,1,179,195,16,117,62,78,0.6536312849162011,0.6,0.9179487179487179,0.6256684491978609
3,6,regular,2,939,915,24,914,25,1,0.9733759318423855,0.9989071038251366,1.0262295081967212,0.9859762675296656
3,6,semiregular,2,700,701,1,639,61,62,0.9128571428571428,0.9115549215406562,0.9985734664764622,0.9122055674518201
3,6,irregular,2,180,195,15,133,47,62,0.7388888888888889,0.6820512820512821,0.9230769230769231,0.7093333333333334
3,6,regular,3,908,915,7,903,5,12,0.9944933920704846,0.9868852459016394,0.9923497267759562,0.9906747120131651
3,6,semiregular,3,717,701,16,645,72,56,0.899581589958159,0.920114122681883,1.0228245363766049,0.9097320169252467
3,6,irregular,3,199,195,4,149,50,46,0.7487437185929648,0.764102564102564,1.0205128205128204,0.7563451776649746
3,7,regular,1,1214,1230,16,1200,14,30,0.9884678747940692,0.975609756097561,0.9869918699186991,0.9819967266775778
3,7,semiregular,1,776,761,15,664,112,97,0.8556701030927835,0.8725361366622865,1.0197109067017083,0.8640208197787899
3,7,irregular,1,225,225,0,154,71,71,0.6844444444444444,0.6844444444444444,1.0,0.6844444444444444
3,7,regular,2,1242,1230,12,1214,28,16,0.9774557165861514,0.9869918699186991,1.0097560975609756,0.982200647249191
3,7,semiregular,2,737,761,24,644,93,117,0.8738127544097694,0.8462549277266754,0.9684625492772667,0.8598130841121494
3,7,irregular,2,205,225,20,157,48,68,0.7658536585365854,0.6977777777777778,0.9111111111111111,0.7302325581395349
3,7,regular,3,1225,1230,5,1217,8,13,0.9934693877551021,0.989430894308943,0.9959349593495935,0.9914460285132383
3,7,semiregular,3,774,761,13,682,92,79,0.8811369509043928,0.8961892247043364,1.0170827858081473,0.8885993485342019
3,7,irregular,3,217,225,8,161,56,64,0.7419354838709677,0.7155555555555555,0.9644444444444444,0.7285067873303167
3,8,regular,1,1039,1035,4,1019,20,16,0.9807507218479307,0.9845410628019323,1.0038647342995168,0.9826422372227579
3,8,semiregular,1,840,827,13,753,87,74,0.8964285714285715,0.9105199516324063,1.0157194679564692,0.9034193161367726
3,8,irregular,1,245,243,2,137,108,106,0.5591836734693878,0.5637860082304527,1.008230452674897,0.5614754098360656
3,8,regular,2,1038,1035,3,1018,20,17,0.9807321772639692,0.9835748792270531,1.0028985507246377,0.9821514712976362
3,8,semiregular,2,819,827,8,750,69,77,0.9157509157509157,0.9068923821039904,0.9903264812575574,0.9113001215066828
3,8,irregular,2,240,243,3,164,76,79,0.6833333333333333,0.6748971193415638,0.9876543209876543,0.6790890269151139
3,8,regular,3,1037,1035,2,1027,10,8,0.9903567984570878,0.9922705314009662,1.0019323671497584,0.9913127413127413
3,8,semiregular,3,851,827,24,768,83,59,0.9024676850763808,0.9286577992744861,1.0290205562273278,0.9153754469606674
3,8,irregular,3,245,243,2,163,82,80,0.6653061224489796,0.6707818930041153,1.008230452674897,0.6680327868852458
3,9,regular,1,1089,1107,18,1079,10,28,0.9908172635445363,0.974706413730804,0.983739837398374,0.9826958105646629
3,9,semiregular,1,682,701,19,631,51,70,0.9252199413489736,0.9001426533523538,0.9728958630527818,0.9125090383224873
3,9,irregular,1,208,266,58,146,62,120,0.7019230769230769,0.5488721804511278,0.7819548872180451,0.6160337552742616
3,9,regular,2,1080,1107,27,1068,12,39,0.9888888888888889,0.964769647696477,0.975609756097561,0.9766803840877916
3,9,semiregular,2,653,701,48,609,44,92,0.9326186830015314,0.8687589158345221,0.9315263908701854,0.8995568685376661
3,9,irregular,2,254,266,12,188,66,78,0.7401574803149606,0.706766917293233,0.9548872180451128,0.7230769230769232
3,9,regular,3,1105,1107,2,1099,6,8,0.9945701357466064,0.992773261065944,0.998193315266486,0.9936708860759493
3,9,semiregular,3,715,701,14,664,51,37,0.9286713286713286,0.9472182596291013,1.0199714693295292,0.9378531073446327
3,9,irregular,3,250,266,16,192,58,74,0.768,0.7218045112781954,0.9398496240601504,0.7441860465116279
3,10,regular,1,995,1014,19,983,12,31,0.9879396984924623,0.9694280078895463,0.9812623274161736,0.9785963165754107
3,10,semiregular,1,695,656,39,621,74,35,0.8935251798561151,0.9466463414634146,1.0594512195121952,0.919319022945966
3,10,irregular,1,210,247,37,162,48,85,0.7714285714285715,0.6558704453441295,0.8502024291497976,0.7089715536105032
3,10,regular,2,1031,1014,17,1004,27,10,0.973811833171678,0.9901380670611439,1.0167652859960552,0.9819070904645476
3,10,semiregular,2,660,656,4,600,60,56,0.9090909090909091,0.9146341463414634,1.0060975609756098,0.9118541033434651
3,10,irregular,2,225,247,22,185,40,62,0.8222222222222222,0.7489878542510121,0.9109311740890689,0.7838983050847458
3,10,regular,3,1014,1014,0,1005,9,9,0.9911242603550295,0.9911242603550295,1.0,0.9911242603550295
3,10,semiregular,3,679,656,23,612,67,44,0.9013254786450663,0.9329268292682927,1.0350609756097562,0.9168539325842696
3,10,irregular,3,234,247,13,189,45,58,0.8076923076923077,0.7651821862348178,0.9473684210526315,0.7858627858627858
3,11,regular,1,1070,1070,0,1056,14,14,0.9869158878504672,0.9869158878504672,1.0,0.9869158878504672
3,11,semiregular,1,721,700,21,627,94,73,0.869625520110957,0.8957142857142857,1.03,0.8824771287825476
3,11,irregular,1,216,239,23,153,63,86,0.7083333333333334,0.6401673640167364,0.9037656903765691,0.6725274725274726
3,11,regular,2,1074,1070,4,1063,11,7,0.9897579143389199,0.9934579439252337,1.0037383177570094,0.9916044776119404
3,11,semiregular,2,687,700,13,609,78,91,0.8864628820960698,0.87,0.9814285714285714,0.8781542898341744
3,11,irregular,2,210,239,29,162,48,77,0.7714285714285715,0.6778242677824268,0.8786610878661087,0.7216035634743875
3,11,regular,3,1070,1070,0,1063,7,7,0.9934579439252337,0.9934579439252337,1.0,0.9934579439252337
3,11,semiregular,3,707,700,7,621,86,79,0.8783592644978784,0.8871428571428571,1.01,0.8827292110874201
3,11,irregular,3,216,239,23,165,51,74,0.7638888888888888,0.6903765690376569,0.9037656903765691,0.7252747252747253
3,12,regular,1,1017,1007,10,1007,10,0,0.9901671583087512,1.0,1.009930486593843,0.9950592885375494
3,12,semiregular,1,714,641,73,592,122,49,0.8291316526610645,0.9235569422776911,1.1138845553822152,0.8738007380073801
3,12,irregular,1,220,204,16,150,70,54,0.6818181818181818,0.7352941176470589,1.0784313725490196,0.7075471698113208
3,12,regular,2,1029,1007,22,1006,23,1,0.9776482021379981,0.9990069513406157,1.0218470705064548,0.9882121807465618
3,12,semiregular,2,657,641,16,556,101,85,0.8462709284627092,0.8673946957878315,1.0249609984399375,0.8567026194144837
3,12,irregular,2,239,204,35,152,87,52,0.6359832635983264,0.7450980392156863,1.1715686274509804,0.6862302483069977
3,12,regular,3,1015,1007,8,1005,10,2,0.9901477832512315,0.9980139026812314,1.0079443892750746,0.9940652818991098
3,12,semiregular,3,651,641,10,561,90,80,0.8617511520737328,0.875195007800312,1.015600624024961,0.8684210526315789
3,12,irregular,3,214,204,10,146,68,58,0.6822429906542056,0.7156862745098039,1.0490196078431373,0.6985645933014355
3,13,regular,1,973,1000,27,967,6,33,0.9938335046248715,0.967,0.973,0.9802331474911302
3,13,semiregular,1,852,815,37,761,91,54,0.8931924882629108,0.9337423312883436,1.045398773006135,0.9130173965206958
3,13,irregular,1,261,216,45,147,114,69,0.5632183908045977,0.6805555555555556,1.2083333333333333,0.6163522012578615
3,13,regular,2,846,1000,154,832,14,168,0.983451536643026,0.832,0.846,0.9014084507042254
3,13,semiregular,2,818,815,3,754,64,61,0.921760391198044,0.9251533742331288,1.003680981595092,0.9234537660747091
3,13,irregular,2,260,216,44,175,85,41,0.6730769230769231,0.8101851851851852,1.2037037037037037,0.7352941176470588
3,13,regular,3,1030,1000,30,996,34,4,0.9669902912621359,0.996,1.03,0.98128078817734
3,13,semiregular,3,822,815,7,749,73,66,0.9111922141119222,0.9190184049079755,1.0085889570552147,0.9150885766646305
3,13,irregular,3,227,216,11,169,58,47,0.7444933920704846,0.7824074074074074,1.0509259259259258,0.7629796839729119
3,14,regular,1,1046,1052,6,1043,3,9,0.997131931166348,0.9914448669201521,0.9942965779467681,0.994280266920877
3,14,semiregular,1,921,913,8,841,80,72,0.9131378935939196,0.9211391018619934,1.0087623220153341,0.9171210468920392
3,14,irregular,1,204,217,13,140,64,77,0.6862745098039216,0.6451612903225806,0.9400921658986175,0.665083135391924
3,14,regular,2,1042,1052,10,1024,18,28,0.982725527831094,0.973384030418251,0.9904942965779467,0.9780324737344793
3,14,semiregular,2,906,913,7,834,72,79,0.9205298013245033,0.9134720700985761,0.9923329682365827,0.9169873556899395
3,14,irregular,2,243,217,26,169,74,48,0.6954732510288066,0.7788018433179723,1.119815668202765,0.7347826086956523
3,14,regular,3,1066,1052,14,1046,20,6,0.9812382739212008,0.9942965779467681,1.0133079847908746,0.987724268177526
3,14,semiregular,3,917,913,4,849,68,64,0.925845147219193,0.9299014238773274,1.004381161007667,0.9278688524590163
3,14,irregular,3,203,217,14,152,51,65,0.7487684729064039,0.7004608294930875,0.9354838709677419,0.7238095238095238
3,15,regular,1,1011,964,47,964,47,0,0.9535113748763601,1.0,1.0487551867219918,0.9762025316455697
3,15,semiregular,1,791,774,17,705,86,69,0.8912768647281921,0.9108527131782945,1.0219638242894056,0.9009584664536742
3,15,irregular,1,182,218,36,138,44,80,0.7582417582417582,0.6330275229357798,0.8348623853211009,0.69
3,15,regular,2,967,964,3,952,15,12,0.984488107549121,0.9875518672199171,1.0031120331950207,0.9860176074572761
3,15,semiregular,2,737,774,37,675,62,99,0.9158751696065129,0.872093023255814,0.9521963824289406,0.8934480476505626
3,15,irregular,2,203,218,15,157,46,61,0.7733990147783252,0.7201834862385321,0.9311926605504587,0.7458432304038004
3,15,regular,3,952,964,12,949,3,15,0.9968487394957983,0.9844398340248963,0.9875518672199171,0.9906054279749479
3,15,semiregular,3,750,774,24,684,66,90,0.912,0.8837209302325582,0.9689922480620154,0.8976377952755905
3,15,irregular,3,212,218,6,166,46,52,0.7830188679245284,0.7614678899082569,0.9724770642201835,0.772093023255814
3,16,regular,1,0,1109,1109,0,0,1109,-1,-1,0.0,-1
3,16,semiregular,1,613,681,68,513,100,168,0.8368678629690048,0.7533039647577092,0.9001468428781204,0.7928902627511591
3,16,irregular,1,163,272,109,67,96,205,0.4110429447852761,0.24632352941176472,0.5992647058823529,0.3080459770114943
3,16,regular,2,1160,1109,51,1109,51,0,0.9560344827586207,1.0,1.0459873760144274,0.9775231379462318
3,16,semiregular,2,651,681,30,570,81,111,0.8755760368663594,0.8370044052863436,0.9559471365638766,0.8558558558558559
3,16,irregular,2,262,272,10,190,72,82,0.7251908396946565,0.6985294117647058,0.9632352941176471,0.7116104868913857
3,16,regular,3,1035,1109,74,1032,3,77,0.9971014492753624,0.9305680793507665,0.933273219116321,0.9626865671641791
3,16,semiregular,3,667,681,14,590,77,91,0.8845577211394303,0.8663729809104258,0.9794419970631424,0.8753709198813057
3,16,irregular,3,227,272,45,175,52,97,0.7709251101321586,0.6433823529411765,0.8345588235294118,0.7014028056112224
3,17,regular,1,63,1029,966,62,1,967,0.9841269841269841,0.06025267249757046,0.061224489795918366,0.11355311355311357
3,17,semiregular,1,576,837,261,484,92,353,0.8402777777777778,0.5782556750298686,0.6881720430107527,0.6850672328379335
3,17,irregular,1,197,240,43,58,139,182,0.29441624365482233,0.24166666666666667,0.8208333333333333,0.26544622425629294
3,17,regular,2,1052,1029,23,1022,30,7,0.9714828897338403,0.9931972789115646,1.022351797862002,0.9822200864968765
3,17,semiregular,2,887,837,50,776,111,61,0.874859075535513,0.927120669056153,1.05973715651135,0.900232018561485
3,17,irregular,2,277,240,37,175,102,65,0.631768953068592,0.7291666666666666,1.1541666666666666,0.6769825918762089
3,17,regular,3,1091,1029,62,1026,65,3,0.9404216315307058,0.9970845481049563,1.0602526724975705,0.9679245283018868
3,17,semiregular,3,848,837,11,768,80,69,0.9056603773584906,0.9175627240143369,1.013142174432497,0.9115727002967359
3,17,irregular,3,246,240,6,186,60,54,0.7560975609756098,0.775,1.025,0.7654320987654322
3,18,regular,1,648,1044,396,647,1,397,0.9984567901234568,0.6197318007662835,0.6206896551724138,0.7647754137115841
3,18,semiregular,1,482,801,319,436,46,365,0.9045643153526971,0.5443196004993758,0.6017478152309613,0.6796570537802027
3,18,irregular,1,112,252,140,66,46,186,0.5892857142857143,0.2619047619047619,0.4444444444444444,0.3626373626373626
3,18,regular,2,1127,1044,83,1043,84,1,0.9254658385093167,0.9990421455938697,1.0795019157088122,0.960847535697835
3,18,semiregular,2,790,801,11,731,59,70,0.9253164556962026,0.9126092384519351,0.9862671660424469,0.918918918918919
3,18,irregular,2,248,252,4,186,62,66,0.75,0.7380952380952381,0.9841269841269841,0.744
3,18,regular,3,1104,1044,60,1043,61,1,0.9447463768115942,0.9990421455938697,1.0574712643678161,0.9711359404096835
3,18,semiregular,3,818,801,17,753,65,48,0.9205378973105135,0.9400749063670412,1.021223470661673,0.9302038295243978
3,18,irregular,3,253,252,1,204,49,48,0.8063241106719368,0.8095238095238095,1.003968253968254,0.8079207920792079
3,19,regular,1,1031,1076,45,1017,14,59,0.9864209505334627,0.9451672862453532,0.95817843866171,0.9653535832937827
3,19,semiregular,1,769,753,16,697,72,56,0.9063719115734721,0.9256308100929614,1.0212483399734396,0.9159001314060448
3,19,irregular,1,244,245,1,160,84,85,0.6557377049180327,0.6530612244897959,0.9959183673469387,0.6543967280163598
3,19,regular,2,1107,1076,31,1073,34,3,0.969286359530262,0.9972118959107806,1.028810408921933,0.983050847457627
3,19,semiregular,2,721,753,32,662,59,91,0.9181692094313454,0.8791500664010624,0.9575033200531209,0.8982360922659429
3,19,irregular,2,258,245,13,183,75,62,0.7093023255813954,0.746938775510204,1.0530612244897959,0.727634194831014
3,19,regular,3,1077,1076,1,1066,11,10,0.989786443825441,0.9907063197026023,1.0009293680297398,0.9902461681374825
3,19,semiregular,3,749,753,4,688,61,65,0.9185580774365821,0.9136786188579017,0.9946879150066401,0.9161118508655127
3,19,irregular,3,235,245,10,170,65,75,0.723404255319149,0.6938775510204082,0.9591836734693877,0.7083333333333333
3,20,regular,1,1162,1251,89,1157,5,94,0.995697074010327,0.9248601119104716,0.9288569144684252,0.958972233733941
3,20,semiregular,1,891,841,50,767,124,74,0.8608305274971941,0.9120095124851367,1.0594530321046374,0.8856812933025405
3,20,irregular,1,240,252,12,147,93,105,0.6125,0.5833333333333334,0.9523809523809523,0.5975609756097562
3,20,regular,2,1218,1251,33,1205,13,46,0.9893267651888341,0.9632294164668266,0.973621103117506,0.9761036857027137
3,20,semiregular,2,838,841,3,738,100,103,0.8806682577565632,0.8775267538644471,0.9964328180737217,0.8790946992257296
3,20,irregular,2,250,252,2,182,68,70,0.728,0.7222222222222222,0.9920634920634921,0.7250996015936256
3,20,regular,3,1193,1251,58,1188,5,63,0.9958088851634534,0.9496402877697842,0.9536370903277378,0.9721767594108021
3,20,semiregular,3,846,841,5,752,94,89,0.8888888888888888,0.8941736028537456,1.0059453032104637,0.8915234143449912
3,20,irregular,3,236,252,16,171,65,81,0.7245762711864406,0.6785714285714286,0.9365079365079365,0.7008196721311476
3,21,regular,1,897,920,23,889,8,31,0.9910813823857302,0.966304347826087,0.975,0.9785360484314805
3,21,semiregular,1,629,549,80,497,132,52,0.7901430842607313,0.9052823315118397,1.145719489981785,0.8438030560271647
3,21,irregular,1,199,204,5,138,61,66,0.6934673366834171,0.6764705882352942,0.9754901960784313,0.684863523573201
3,21,regular,2,920,920,0,903,17,17,0.9815217391304348,0.9815217391304348,1.0,0.9815217391304348
3,21,semiregular,2,560,549,11,467,93,82,0.8339285714285715,0.8506375227686703,1.0200364298724955,0.842200180342651
3,21,irregular,2,215,204,11,161,54,43,0.7488372093023256,0.7892156862745098,1.053921568627451,0.7684964200477327
3,21,regular,3,924,920,4,916,8,4,0.9913419913419913,0.9956521739130435,1.0043478260869565,0.9934924078091107
3,21,semiregular,3,589,549,40,483,106,66,0.8200339558573854,0.8797814207650273,1.0728597449908925,0.8488576449912126
3,21,irregular,3,194,204,10,149,45,55,0.7680412371134021,0.7303921568627451,0.9509803921568627,0.7487437185929648
3,22,regular,1,990,946,44,941,49,5,0.9505050505050505,0.9947145877378436,1.0465116279069768,0.972107438016529
3,22,semiregular,1,721,703,18,630,91,73,0.8737864077669902,0.8961593172119487,1.0256045519203414,0.8848314606741573
3,22,irregular,1,199,247,48,150,49,97,0.7537688442211056,0.6072874493927125,0.805668016194332,0.6726457399103138
3,22,regular,2,967,946,21,933,34,13,0.9648397104446742,0.9862579281183932,1.022198731501057,0.975431259801359
3,22,semiregular,2,698,703,5,626,72,77,0.8968481375358166,0.8904694167852063,0.9928876244665719,0.8936473947180585
3,22,irregular,2,227,247,20,163,64,84,0.7180616740088106,0.659919028340081,0.9190283400809717,0.6877637130801688
3,22,regular,3,944,946,2,935,9,11,0.9904661016949152,0.9883720930232558,0.9978858350951374,0.9894179894179893
3,22,semiregular,3,713,703,10,641,72,62,0.8990182328190743,0.9118065433854907,1.0142247510668563,0.905367231638418
3,22,irregular,3,234,247,13,169,65,78,0.7222222222222222,0.6842105263157895,0.9473684210526315,0.7027027027027027
3,23,regular,1,967,999,32,952,15,47,0.984488107549121,0.9529529529529529,0.9679679679679679,0.9684638860630723
3,23,semiregular,1,880,835,45,750,130,85,0.8522727272727273,0.8982035928143712,1.0538922155688624,0.8746355685131195
3,23,irregular,1,296,266,30,182,114,84,0.6148648648648649,0.6842105263157895,1.112781954887218,0.6476868327402137
3,23,regular,2,1011,999,12,991,20,8,0.9802176063303659,0.991991991991992,1.012012012012012,0.9860696517412936
3,23,semiregular,2,800,835,35,714,86,121,0.8925,0.8550898203592814,0.9580838323353293,0.8733944954128439
3,23,irregular,2,273,266,7,175,98,91,0.6410256410256411,0.6578947368421053,1.0263157894736843,0.6493506493506495
3,23,regular,3,1009,999,10,994,15,5,0.9851337958374629,0.994994994994995,1.01001001001001,0.9900398406374502
3,23,semiregular,3,865,835,30,763,102,72,0.8820809248554913,0.9137724550898204,1.035928143712575,0.8976470588235294
3,23,irregular,3,265,266,1,180,85,86,0.6792452830188679,0.6766917293233082,0.9962406015037594,0.6779661016949152
3,24,regular,1,1102,1079,23,1076,26,3,0.9764065335753176,0.9972196478220574,1.0213160333642262,0.9867033470884915
3,24,semiregular,1,685,680,5,623,62,57,0.9094890510948905,0.9161764705882353,1.0073529411764706,0.9128205128205128
3,24,irregular,1,186,247,61,150,36,97,0.8064516129032258,0.6072874493927125,0.7530364372469636,0.6928406466512702
3,24,regular,2,1073,1079,6,1056,17,23,0.9841565703634669,0.9786839666357738,0.9944392956441149,0.9814126394052045
3,24,semiregular,2,664,680,16,612,52,68,0.9216867469879518,0.9,0.9764705882352941,0.9107142857142857
3,24,irregular,2,236,247,11,187,49,60,0.7923728813559322,0.757085020242915,0.9554655870445344,0.7743271221532092
3,24,regular,3,1074,1079,5,1069,5,10,0.9953445065176909,0.9907321594068582,0.995366079703429,0.993032977241059
3,24,semiregular,3,702,680,22,646,56,34,0.9202279202279202,0.95,1.0323529411764707,0.934876989869754
3,24,irregular,3,227,247,20,185,42,62,0.8149779735682819,0.7489878542510121,0.9190283400809717,0.7805907172995781
3,25,regular,1,971,946,25,945,26,1,0.9732234809474768,0.9989429175475687,1.0264270613107822,0.9859154929577465
3,25,semiregular,1,729,718,11,642,87,76,0.8806584362139918,0.8941504178272981,1.0153203342618384,0.8873531444367657
3,25,irregular,1,202,207,5,122,80,85,0.6039603960396039,0.5893719806763285,0.9758454106280193,0.5965770171149143
3,25,regular,2,946,946,0,940,6,6,0.9936575052854123,0.9936575052854123,1.0,0.9936575052854123
3,25,semiregular,2,715,718,3,634,81,84,0.8867132867132868,0.883008356545961,0.9958217270194986,0.8848569434752268
3,25,irregular,2,193,207,14,126,67,81,0.6528497409326425,0.6086956521739131,0.9323671497584541,0.63
3,25,regular,3,935,946,11,930,5,16,0.9946524064171123,0.9830866807610994,0.9883720930232558,0.988835725677831
3,25,semiregular,3,725,718,7,652,73,66,0.8993103448275862,0.9080779944289693,1.00974930362117,0.9036729036729036
3,25,irregular,3,200,207,7,125,75,82,0.625,0.6038647342995169,0.966183574879227,0.6142506142506142
3,26,regular,1,977,985,8,958,19,27,0.9805527123848515,0.9725888324873097,0.9918781725888325,0.9765545361875636
3,26,semiregular,1,775,720,55,670,105,50,0.864516129032258,0.9305555555555556,1.0763888888888888,0.8963210702341137
3,26,irregular,1,241,214,27,144,97,70,0.5975103734439834,0.6728971962616822,1.1261682242990654,0.6329670329670329
3,26,regular,2,992,985,7,977,15,8,0.9848790322580645,0.9918781725888325,1.0071065989847716,0.9883662114314619
3,26,semiregular,2,717,720,3,642,75,78,0.895397489539749,0.8916666666666667,0.9958333333333333,0.8935281837160751
3,26,irregular,2,218,214,4,144,74,70,0.6605504587155964,0.6728971962616822,1.0186915887850467,0.6666666666666666
3,26,regular,3,966,985,19,961,5,24,0.994824016563147,0.9756345177664975,0.9807106598984772,0.9851358277806254
3,26,semiregular,3,735,720,15,656,79,64,0.8925170068027211,0.9111111111111111,1.0208333333333333,0.9017182130584191
3,26,irregular,3,240,214,26,163,77,51,0.6791666666666667,0.7616822429906542,1.1214953271028036,0.7180616740088106
3,27,regular,1,1137,1166,29,1131,6,35,0.9947229551451188,0.9699828473413379,0.9751286449399656,0.9821971341728181
3,27,semiregular,1,726,728,2,643,83,85,0.8856749311294766,0.8832417582417582,0.9972527472527473,0.8844566712517195
3,27,irregular,1,225,270,45,169,56,101,0.7511111111111111,0.6259259259259259,0.8333333333333334,0.6828282828282828
3,27,regular,2,1146,1166,20,1132,14,34,0.987783595113438,0.9708404802744426,0.9828473413379074,0.9792387543252595
3,27,semiregular,2,717,728,11,647,70,81,0.902370990237099,0.8887362637362637,0.9848901098901099,0.8955017301038063
3,27,irregular,2,267,270,3,202,65,68,0.7565543071161048,0.7481481481481481,0.9888888888888889,0.7523277467411545
3,27,regular,3,1181,1166,15,1162,19,4,0.9839119390347163,0.9965694682675815,1.0128644939965694,0.9902002556455048
3,27,semiregular,3,736,728,8,661,75,67,0.8980978260869565,0.907967032967033,1.010989010989011,0.9030054644808744
3,27,irregular,3,250,270,20,194,56,76,0.776,0.7185185185185186,0.9259259259259259,0.7461538461538462
3,28,regular,1,1111,1098,13,1087,24,11,0.9783978397839784,0.9899817850637522,1.01183970856102,0.9841557265731101
3,28,semiregular,1,899,859,40,799,100,60,0.8887652947719689,0.930151338766007,1.0465657741559953,0.9089874857792947
3,28,irregular,1,291,293,2,170,121,123,0.584192439862543,0.5802047781569966,0.9931740614334471,0.5821917808219178
3,28,regular,2,1101,1098,3,1086,15,12,0.9863760217983651,0.9890710382513661,1.0027322404371584,0.9877216916780355
3,28,semiregular,2,850,859,9,775,75,84,0.9117647058823529,0.9022118742724098,0.989522700814901,0.9069631363370392
3,28,irregular,2,273,293,20,190,83,103,0.6959706959706959,0.6484641638225256,0.931740614334471,0.6713780918727915
3,28,regular,3,1119,1098,21,1093,26,5,0.9767649687220733,0.9954462659380692,1.0191256830601092,0.9860171402796571
3,28,semiregular,3,871,859,12,800,71,59,0.9184845005740528,0.9313154831199069,1.0139697322467986,0.9248554913294799
3,28,irregular,3,265,293,28,179,86,114,0.6754716981132075,0.6109215017064846,0.9044368600682594,0.6415770609318996
3,29,regular,1,1144,1140,4,1134,10,6,0.9912587412587412,0.9947368421052631,1.0035087719298246,0.9929947460595446
3,29,semiregular,1,956,869,87,815,141,54,0.852510460251046,0.9378596087456847,1.100115074798619,0.893150684931507
3,29,irregular,1,224,247,23,155,69,92,0.6919642857142857,0.6275303643724697,0.9068825910931174,0.6581740976645436
3,29,regular,2,1127,1140,13,1116,11,24,0.9902395740905058,0.9789473684210527,0.9885964912280701,0.984561093956771
3,29,semiregular,2,910,869,41,789,121,80,0.8670329670329671,0.9079401611047181,1.047180667433832,0.8870151770657674
3,29,irregular,2,267,247,20,186,81,61,0.6966292134831461,0.7530364372469636,1.0809716599190284,0.7237354085603113
3,29,regular,3,1114,1140,26,1111,3,29,0.9973070017953322,0.974561403508772,0.9771929824561404,0.9858030168589175
3,29,semiregular,3,908,869,39,789,119,80,0.8689427312775331,0.9079401611047181,1.04487917146145,0.8880135059088351
3,29,irregular,3,246,247,1,182,64,65,0.7398373983739838,0.7368421052631579,0.9959514170040485,0.7383367139959433
3,30,regular,1,989,997,8,977,12,20,0.9878665318503539,0.9799398194583752,0.9919759277833501,0.9838872104733132
3,30,semiregular,1,830,810,20,749,81,61,0.9024096385542169,0.9246913580246914,1.0246913580246915,0.9134146341463415
3,30,irregular,1,243,250,7,155,88,95,0.6378600823045267,0.62,0.972,0.6288032454361056
3,30,regular,2,981,997,16,969,12,28,0.9877675840978594,0.9719157472417251,0.9839518555667001,0.9797775530839232
3,30,semiregular,2,807,810,3,747,60,63,0.9256505576208178,0.9222222222222223,0.9962962962962963,0.9239332096474954
3,30,irregular,2,236,250,14,170,66,80,0.7203389830508474,0.68,0.944,0.6995884773662552
3,30,regular,3,1008,997,11,993,15,4,0.9851190476190477,0.995987963891675,1.0110330992978938,0.9905236907730672
3,30,semiregular,3,829,810,19,753,76,57,0.9083232810615199,0.9296296296296296,1.0234567901234568,0.9188529591214154
3,30,irregular,3,250,250,0,178,72,72,0.712,0.712,1.0,0.712
4,1,regular,1,934,937,3,920,14,17,0.9850107066381156,0.9818569903948773,0.9967982924226254,0.9834313201496526
4,1,semiregular,1,747,703,44,624,123,79,0.8353413654618473,0.887624466571835,1.062588904694168,0.8606896551724138
4,1,irregular,1,199,199,0,142,57,57,0.7135678391959799,0.7135678391959799,1.0,0.7135678391959799
4,1,regular,2,925,937,12,875,50,62,0.9459459459459459,0.9338313767342583,0.9871931696905016,0.9398496240601504
4,1,semiregular,2,716,703,13,611,105,92,0.8533519553072626,0.8691322901849218,1.0184921763869133,0.861169837914024
4,1,irregular,2,191,199,8,145,46,54,0.7591623036649214,0.7286432160804021,0.9597989949748744,0.7435897435897436
4,1,regular,3,937,937,0,930,7,7,0.9925293489861259,0.9925293489861259,1.0,0.9925293489861259
4,1,semiregular,3,703,703,0,605,98,98,0.8605974395448079,0.8605974395448079,1.0,0.8605974395448078
4,1,irregular,3,190,199,9,145,45,54,0.7631578947368421,0.7286432160804021,0.9547738693467337,0.7455012853470437
4,2,regular,1,1179,1224,45,1166,13,58,0.9889737065309584,0.9526143790849673,0.9632352941176471,0.9704535996670827
4,2,semiregular,1,604,647,43,570,34,77,0.9437086092715232,0.8809891808346213,0.9335394126738794,0.9112709832134293
4,2,irregular,1,183,217,34,114,69,103,0.6229508196721312,0.5253456221198156,0.8433179723502304,0.5700000000000001
4,2,regular,2,1201,1224,23,1179,22,45,0.9816819317235637,0.9632352941176471,0.9812091503267973,0.9723711340206186
4,2,semiregular,2,617,647,30,578,39,69,0.9367909238249594,0.893353941267388,0.9536321483771252,0.9145569620253166
4,2,irregular,2,209,217,8,154,55,63,0.7368421052631579,0.7096774193548387,0.9631336405529954,0.7230046948356809
4,2,regular,3,1218,1224,6,1210,8,14,0.993431855500821,0.988562091503268,0.9950980392156863,0.9909909909909911
4,2,semiregular,3,649,647,2,608,41,39,0.9368258859784283,0.9397217928902627,1.0030911901081916,0.9382716049382716
4,2,irregular,3,228,217,11,165,63,52,0.7236842105263158,0.7603686635944701,1.0506912442396312,0.7415730337078652
4,3,regular,1,1022,1053,31,1009,13,44,0.987279843444227,0.9582146248812915,0.9705603038936372,0.9725301204819278
4,3,semiregular,1,737,716,21,652,85,64,0.8846675712347354,0.9106145251396648,1.0293296089385475,0.8974535443909153
4,3,irregular,1,221,224,3,151,70,73,0.6832579185520362,0.6741071428571429,0.9866071428571429,0.6786516853932584
4,3,regular,2,1011,1053,42,994,17,59,0.9831849653808111,0.9439696106362773,0.9601139601139601,0.9631782945736433
4,3,semiregular,2,732,716,16,658,74,58,0.8989071038251366,0.9189944134078212,1.0223463687150838,0.9088397790055248
4,3,irregular,2,206,224,18,154,52,70,0.7475728155339806,0.6875,0.9196428571428571,0.7162790697674418
4,3,regular,3,1041,1053,12,1037,4,16,0.9961575408261287,0.9848053181386515,0.9886039886039886,0.9904489016236868
4,3,semiregular,3,713,716,3,642,71,74,0.9004207573632539,0.8966480446927374,0.9958100558659218,0.8985304408677397
4,3,irregular,3,223,224,1,162,61,62,0.726457399103139,0.7232142857142857,0.9955357142857143,0.7248322147651007
4,4,regular,1,1132,1101,31,1097,35,4,0.9690812720848057,0.9963669391462306,1.0281562216167122,0.9825347066726376
4,4,semiregular,1,606,614,8,514,92,100,0.8481848184818482,0.8371335504885994,0.9869706840390879,0.8426229508196722
4,4,irregular,1,235,228,7,153,82,75,0.6510638297872341,0.6710526315789473,1.030701754385965,0.6609071274298056
4,4,regular,2,1107,1101,6,1097,10,4,0.99096657633243,0.9963669391462306,1.005449591280654,0.9936594202898551
4,4,semiregular,2,604,614,10,538,66,76,0.890728476821192,0.8762214983713354,0.9837133550488599,0.8834154351395731
4,4,irregular,2,218,228,10,160,58,68,0.7339449541284404,0.7017543859649122,0.956140350877193,0.7174887892376682
4,4,regular,3,1099,1101,2,1093,6,8,0.9945404913557779,0.9927338782924614,0.9981834695731153,0.9936363636363635
4,4,semiregular,3,614,614,0,548,66,66,0.8925081433224755,0.8925081433224755,1.0,0.8925081433224755
4,4,irregular,3,231,228,3,168,63,60,0.7272727272727273,0.7368421052631579,1.013157894736842,0.7320261437908497
4,5,regular,1,1065,1044,21,1042,23,2,0.9784037558685446,0.9980842911877394,1.0201149425287357,0.9881460407776197
4,5,semiregular,1,743,668,75,622,121,46,0.8371467025572006,0.9311377245508982,1.1122754491017963,0.8816442239546423
4,5,irregular,1,223,217,6,154,69,63,0.6905829596412556,0.7096774193548387,1.0276497695852536,0.7
4,5,regular,2,1046,1044,2,1034,12,10,0.988527724665392,0.9904214559386973,1.0019157088122606,0.9894736842105263
4,5,semiregular,2,693,668,25,598,95,70,0.862914862914863,0.8952095808383234,1.0374251497005988,0.878765613519471
4,5,irregular,2,218,217,1,157,61,60,0.7201834862385321,0.7235023041474654,1.0046082949308757,0.7218390804597701
4,5,regular,3,1040,1044,4,1036,4,8,0.9961538461538462,0.9923371647509579,0.9961685823754789,0.9942418426103647
4,5,semiregular,3,679,668,11,590,89,78,0.8689248895434463,0.8832335329341318,1.0164670658682635,0.8760207869339273
4,5,irregular,3,210,217,7,157,53,60,0.7476190476190476,0.7235023041474654,0.967741935483871,0.7353629976580797
4,6,regular,1,955,915,40,912,43,3,0.9549738219895288,0.9967213114754099,1.0437158469945356,0.9754010695187166
4,6,semiregular,1,723,701,22,647,76,54,0.8948824343015215,0.9229671897289586,1.0313837375178316,0.9087078651685394
4,6,irregular,1,188,195,7,122,66,73,0.648936170212766,0.6256410256410256,0.9641025641025641,0.6370757180156658
4,6,regular,2,942,915,27,904,38,11,0.9596602972399151,0.9879781420765027,1.0295081967213116,0.9736133548734517
4,6,semiregular,2,695,701,6,637,58,64,0.9165467625899281,0.9087018544935807,0.9914407988587732,0.9126074498567336
4,6,irregular,2,177,195,18,128,49,67,0.7231638418079096,0.6564102564102564,0.9076923076923077,0.6881720430107527
4,6,regular,3,911,915,4,906,5,9,0.9945115257958288,0.9901639344262295,0.9956284153005465,0.9923329682365826
4,6,semiregular,3,713,701,12,643,70,58,0.9018232819074333,0.9172610556348074,1.0171184022824535,0.9094766619519095
4,6,irregular,3,205,195,10,142,63,53,0.6926829268292682,0.7282051282051282,1.0512820512820513,0.71
4,7,regular,1,1262,1230,32,1223,39,7,0.9690966719492868,0.9943089430894309,1.0260162601626017,0.9815409309791332
4,7,semiregular,1,773,761,12,670,103,91,0.8667529107373868,0.8804204993429697,1.0157687253613665,0.8735332464146024
4,7,irregular,1,271,225,46,167,104,58,0.6162361623616236,0.7422222222222222,1.2044444444444444,0.6733870967741935
4,7,regular,2,1238,1230,8,1211,27,19,0.9781906300484653,0.9845528455284552,1.0065040650406505,0.9813614262560778
4,7,semiregular,2,726,761,35,629,97,132,0.8663911845730028,0.8265440210249672,0.9540078843626807,0.8459986550100874
4,7,irregular,2,206,225,19,150,56,75,0.7281553398058253,0.6666666666666666,0.9155555555555556,0.6960556844547564
4,7,regular,3,1227,1230,3,1220,7,10,0.9942950285248574,0.991869918699187,0.9975609756097561,0.9930809930809931
4,7,semiregular,3,757,761,4,659,98,102,0.8705416116248349,0.8659658344283837,0.9947437582128777,0.8682476943346509
4,7,irregular,3,220,225,5,169,51,56,0.7681818181818182,0.7511111111111111,0.9777777777777777,0.7595505617977527
4,8,regular,1,1015,1035,20,1003,12,32,0.9881773399014778,0.9690821256038648,0.9806763285024155,0.9785365853658536
4,8,semiregular,1,831,827,4,742,89,85,0.8929001203369434,0.8972188633615478,1.0048367593712213,0.8950542822677926
4,8,irregular,1,259,243,16,159,100,84,0.6138996138996139,0.654320987654321,1.0658436213991769,0.6334661354581673
4,8,regular,2,1058,1035,23,1028,30,7,0.9716446124763705,0.9932367149758454,1.0222222222222221,0.9823220258002867
4,8,semiregular,2,832,827,5,765,67,62,0.9194711538461539,0.9250302297460702,1.0060459492140266,0.922242314647378
4,8,irregular,2,222,243,21,153,69,90,0.6891891891891891,0.6296296296296297,0.9135802469135802,0.6580645161290323
4,8,regular,3,1031,1035,4,1024,7,11,0.9932104752667313,0.9893719806763285,0.996135265700483,0.9912875121006777
4,8,semiregular,3,835,827,8,756,79,71,0.9053892215568863,0.9141475211608222,1.0096735187424426,0.9097472924187725
4,8,irregular,3,248,243,5,173,75,70,0.6975806451612904,0.7119341563786008,1.0205761316872428,0.704684317718941
4,9,regular,1,1099,1107,8,1092,7,15,0.9936305732484076,0.986449864498645,0.992773261065944,0.9900271985494107
4,9,semiregular,1,676,701,25,626,50,75,0.9260355029585798,0.8930099857346647,0.9643366619115549,0.9092229484386347
4,9,irregular,1,232,266,34,165,67,101,0.7112068965517241,0.6203007518796992,0.8721804511278195,0.6626506024096385
4,9,regular,2,1072,1107,35,1059,13,48,0.9878731343283582,0.9566395663956639,0.9683830171635049,0.9720055071133548
4,9,semiregular,2,616,701,85,575,41,126,0.9334415584415584,0.8202567760342369,0.8787446504992867,0.8731966590736523
4,9,irregular,2,249,266,17,190,59,76,0.7630522088353414,0.7142857142857143,0.9360902255639098,0.7378640776699029
4,9,regular,3,1090,1107,17,1086,4,21,0.9963302752293578,0.981029810298103,0.9846431797651309,0.9886208466090123
4,9,semiregular,3,702,701,1,653,49,48,0.9301994301994302,0.9315263908701854,1.0014265335235377,0.9308624376336422
4,9,irregular,3,260,266,6,193,67,73,0.7423076923076923,0.7255639097744361,0.9774436090225563,0.7338403041825096
4,10,regular,1,1014,1014,0,995,19,19,0.9812623274161736,0.9812623274161736,1.0,0.9812623274161736
4,10,semiregular,1,689,656,33,612,77,44,0.888243831640058,0.9329268292682927,1.0503048780487805,0.9100371747211897
4,10,irregular,1,229,247,18,177,52,70,0.7729257641921398,0.7165991902834008,0.9271255060728745,0.7436974789915966
4,10,regular,2,1047,1014,33,1010,37,4,0.9646609360076409,0.9960552268244576,1.032544378698225,0.980106744298884
4,10,semiregular,2,661,656,5,604,57,52,0.913767019667171,0.9207317073170732,1.0076219512195121,0.9172361427486713
4,10,irregular,2,234,247,13,190,44,57,0.811965811965812,0.7692307692307693,0.9473684210526315,0.79002079002079
4,10,regular,3,1019,1014,5,1010,9,4,0.9911678115799804,0.9960552268244576,1.004930966469428,0.9936055090998523
4,10,semiregular,3,644,656,12,597,47,59,0.9270186335403726,0.9100609756097561,0.9817073170731707,0.9184615384615383
4,10,irregular,3,247,247,0,194,53,53,0.7854251012145749,0.7854251012145749,1.0,0.7854251012145749
4,11,regular,1,1062,1070,8,1052,10,18,0.9905838041431262,0.983177570093458,0.9925233644859813,0.9868667917448406
4,11,semiregular,1,722,700,22,619,103,81,0.8573407202216067,0.8842857142857142,1.0314285714285714,0.870604781997187
4,11,irregular,1,226,239,13,152,74,87,0.672566371681416,0.6359832635983264,0.9456066945606695,0.6537634408602151
4,11,regular,2,1095,1070,25,1068,27,2,0.9753424657534246,0.9981308411214953,1.0233644859813085,0.9866050808314087
4,11,semiregular,2,692,700,8,622,70,78,0.8988439306358381,0.8885714285714286,0.9885714285714285,0.8936781609195401
4,11,irregular,2,210,239,29,161,49,78,0.7666666666666667,0.6736401673640168,0.8786610878661087,0.7171492204899778
4,11,regular,3,1066,1070,4,1062,4,8,0.9962476547842402,0.9925233644859813,0.9962616822429906,0.9943820224719101
4,11,semiregular,3,699,700,1,621,78,79,0.8884120171673819,0.8871428571428571,0.9985714285714286,0.8877769835596855
4,11,irregular,3,230,239,9,176,54,63,0.7652173913043478,0.7364016736401674,0.9623430962343096,0.7505330490405118
4,12,regular,1,1031,1007,24,1007,24,0,0.976721629485936,1.0,1.0238331678252235,0.9882237487733072
4,12,semiregular,1,717,641,76,598,119,43,0.8340306834030683,0.9329173166926678,1.1185647425897036,0.8807069219440353
4,12,irregular,1,239,204,35,150,89,54,0.6276150627615062,0.7352941176470589,1.1715686274509804,0.6772009029345373
4,12,regular,2,1032,1007,25,1007,25,0,0.9757751937984496,1.0,1.0248262164846078,0.9877390877881315
4,12,semiregular,2,662,641,21,567,95,74,0.8564954682779456,0.8845553822152886,1.032761310452418,0.8702993092862625
4,12,irregular,2,234,204,30,148,86,56,0.6324786324786325,0.7254901960784313,1.1470588235294117,0.6757990867579907
4,12,regular,3,1012,1007,5,1006,6,1,0.9940711462450593,0.9990069513406157,1.0049652432969216,0.9965329370975731
4,12,semiregular,3,644,641,3,561,83,80,0.8711180124223602,0.875195007800312,1.0046801872074882,0.8731517509727625
4,12,irregular,3,223,204,19,154,69,50,0.6905829596412556,0.7549019607843137,1.0931372549019607,0.7213114754098361
4,13,regular,1,1034,1000,34,998,36,2,0.965183752417795,0.998,1.034,0.9813176007866273
4,13,semiregular,1,831,815,16,753,78,62,0.9061371841155235,0.9239263803680982,1.019631901840491,0.9149453219927096
4,13,irregular,1,249,216,33,148,101,68,0.5943775100401606,0.6851851851851852,1.1527777777777777,0.6365591397849462
4,13,regular,2,997,1000,3,986,11,14,0.9889669007021064,0.986,0.997,0.9874812218327491
4,13,semiregular,2,819,815,4,751,68,64,0.9169719169719169,0.9214723926380368,1.0049079754601227,0.9192166462668299
4,13,irregular,2,247,216,31,161,86,55,0.6518218623481782,0.7453703703703703,1.1435185185185186,0.695464362850972
4,13,regular,3,999,1000,1,995,4,5,0.995995995995996,0.995,0.999,0.9954977488744372
4,13,semiregular,3,806,815,9,743,63,72,0.9218362282878412,0.9116564417177914,0.9889570552147239,0.9167180752621839
4,13,irregular,3,221,216,5,160,61,56,0.7239819004524887,0.7407407407407407,1.0231481481481481,0.7322654462242563
4,14,regular,1,1008,1052,44,1006,2,46,0.998015873015873,0.9562737642585551,0.9581749049429658,0.9766990291262136
4,14,semiregular,1,891,913,22,824,67,89,0.9248035914702581,0.9025191675794085,0.9759036144578314,0.9135254988913525
4,14,irregular,1,225,217,8,154,71,63,0.6844444444444444,0.7096774193548387,1.0368663594470047,0.6968325791855203
4,14,regular,2,1036,1052,16,1023,13,29,0.9874517374517374,0.9724334600760456,0.9847908745247148,0.9798850574712644
4,14,semiregular,2,908,913,5,836,72,77,0.920704845814978,0.9156626506024096,0.9945235487404163,0.9181768259198242
4,14,irregular,2,217,217,0,160,57,57,0.7373271889400922,0.7373271889400922,1.0,0.7373271889400922
4,14,regular,3,1052,1052,0,1048,4,4,0.9961977186311787,0.9961977186311787,1.0,0.9961977186311787
4,14,semiregular,3,898,913,15,832,66,81,0.9265033407572383,0.9112814895947426,0.9835706462212487,0.9188293760353395
4,14,irregular,3,219,217,2,156,63,61,0.7123287671232876,0.7188940092165899,1.0092165898617511,0.7155963302752294
4,15,regular,1,993,964,29,964,29,0,0.9707955689828801,1.0,1.0300829875518671,0.9851814001021971
4,15,semiregular,1,795,774,21,721,74,53,0.9069182389937107,0.9315245478036176,1.0271317829457365,0.9190567240280434
4,15,irregular,1,200,218,18,149,51,69,0.745,0.6834862385321101,0.9174311926605505,0.7129186602870814
4,15,regular,2,972,964,8,955,17,9,0.9825102880658436,0.9906639004149378,1.008298755186722,0.9865702479338844
4,15,semiregular,2,759,774,15,696,63,78,0.9169960474308301,0.8992248062015504,0.9806201550387597,0.9080234833659492
4,15,irregular,2,213,218,5,168,45,50,0.7887323943661971,0.7706422018348624,0.9770642201834863,0.7795823665893271
4,15,regular,3,956,964,8,952,4,12,0.99581589958159,0.9875518672199171,0.991701244813278,0.9916666666666667
4,15,semiregular,3,750,774,24,696,54,78,0.928,0.8992248062015504,0.9689922480620154,0.9133858267716536
4,15,irregular,3,219,218,1,170,49,48,0.776255707762557,0.7798165137614679,1.0045871559633028,0.7780320366132722
4,16,regular,1,1110,1109,1,1095,15,14,0.9864864864864865,0.9873760144274121,1.000901713255185,0.9869310500225327
4,16,semiregular,1,666,681,15,576,90,105,0.8648648648648649,0.8458149779735683,0.9779735682819384,0.8552338530066816
4,16,irregular,1,233,272,39,155,78,117,0.6652360515021459,0.5698529411764706,0.8566176470588235,0.6138613861386139
4,16,regular,2,1146,1109,37,1108,38,1,0.9668411867364747,0.9990982867448152,1.0333633904418396,0.9827050997782706
4,16,semiregular,2,667,681,14,593,74,88,0.889055472263868,0.8707782672540382,0.9794419970631424,0.8798219584569733
4,16,irregular,2,261,272,11,193,68,79,0.7394636015325671,0.7095588235294118,0.9595588235294118,0.7242026266416511
4,16,regular,3,1114,1109,5,1105,9,4,0.9919210053859964,0.9963931469792606,1.0045085662759243,0.9941520467836257
4,16,semiregular,3,664,681,17,587,77,94,0.8840361445783133,0.8619676945668135,0.9750367107195301,0.8728624535315986
4,16,irregular,3,253,272,19,199,54,73,0.7865612648221344,0.7316176470588235,0.9301470588235294,0.7580952380952382
4,17,regular,1,1024,1029,5,1021,3,8,0.9970703125,0.9922254616132167,0.9951409135082604,0.9946419873356065
4,17,semiregular,1,835,837,2,753,82,84,0.9017964071856287,0.899641577060932,0.997610513739546,0.9007177033492823
4,17,irregular,1,256,240,16,160,96,80,0.625,0.6666666666666666,1.0666666666666667,0.6451612903225806
4,17,regular,2,1032,1029,3,1018,14,11,0.9864341085271318,0.989310009718173,1.0029154518950438,0.9878699660359048
4,17,semiregular,2,839,837,2,761,78,76,0.9070321811680572,0.9091995221027479,1.002389486260454,0.9081145584725536
4,17,irregular,2,270,240,30,179,91,61,0.662962962962963,0.7458333333333333,1.125,0.7019607843137254
4,17,regular,3,1030,1029,1,1026,4,3,0.996116504854369,0.9970845481049563,1.000971817298348,0.996600291403594
4,17,semiregular,3,840,837,3,768,72,69,0.9142857142857143,0.9175627240143369,1.003584229390681,0.9159212880143113
4,17,irregular,3,238,240,2,169,69,71,0.7100840336134454,0.7041666666666667,0.9916666666666667,0.7071129707112972
4,18,regular,1,1040,1044,4,1028,12,16,0.9884615384615385,0.9846743295019157,0.9961685823754789,0.9865642994241843
4,18,semiregular,1,789,801,12,724,65,77,0.917617237008872,0.9038701622971286,0.9850187265917603,0.9106918238993711
4,18,irregular,1,256,252,4,182,74,70,0.7109375,0.7222222222222222,1.0158730158730158,0.716535433070866
4,18,regular,2,1041,1044,3,1032,9,12,0.9913544668587896,0.9885057471264368,0.9971264367816092,0.9899280575539569
4,18,semiregular,2,814,801,13,747,67,54,0.9176904176904177,0.9325842696629213,1.0162297128589264,0.925077399380805
4,18,irregular,2,252,252,0,194,58,58,0.7698412698412699,0.7698412698412699,1.0,0.7698412698412699
4,18,regular,3,1045,1044,1,1040,5,4,0.9952153110047847,0.9961685823754789,1.0009578544061302,0.9956917185256103
4,18,semiregular,3,808,801,7,751,57,50,0.9294554455445545,0.9375780274656679,1.0087390761548065,0.9334990677439404
4,18,irregular,3,254,252,2,197,57,55,0.7755905511811023,0.7817460317460317,1.007936507936508,0.7786561264822134
4,19,regular,1,1074,1076,2,1023,51,53,0.952513966480447,0.9507434944237918,0.9981412639405205,0.9516279069767442
4,19,semiregular,1,750,753,3,684,66,69,0.912,0.9083665338645418,0.9960159362549801,0.9101796407185629
4,19,irregular,1,294,245,49,173,121,72,0.5884353741496599,0.7061224489795919,1.2,0.6419294990723563
4,19,regular,2,1089,1076,13,1072,17,4,0.9843893480257117,0.9962825278810409,1.012081784386617,0.9903002309468822
4,19,semiregular,2,734,753,19,669,65,84,0.9114441416893733,0.8884462151394422,0.9747675962815405,0.8997982515131137
4,19,irregular,2,243,245,2,166,77,79,0.6831275720164609,0.6775510204081633,0.9918367346938776,0.6803278688524591
4,19,regular,3,1068,1076,8,1064,4,12,0.9962546816479401,0.9888475836431226,0.9925650557620818,0.9925373134328358
4,19,semiregular,3,694,753,59,639,55,114,0.920749279538905,0.848605577689243,0.9216467463479415,0.8832066344160333
4,19,irregular,3,237,245,8,177,60,68,0.7468354430379747,0.7224489795918367,0.9673469387755103,0.7344398340248963
4,20,regular,1,1232,1251,19,1195,37,56,0.9699675324675324,0.9552358113509193,0.9848121502797762,0.9625453080950462
4,20,semiregular,1,882,841,41,752,130,89,0.8526077097505669,0.8941736028537456,1.0487514863258025,0.8728961114335462
4,20,irregular,1,298,252,46,158,140,94,0.5302013422818792,0.626984126984127,1.1825396825396826,0.5745454545454546
4,20,regular,2,988,1251,263,973,15,278,0.9848178137651822,0.7777777777777778,0.7897681854516387,0.8691380080393032
4,20,semiregular,2,581,841,260,521,60,320,0.8967297762478486,0.619500594530321,0.6908442330558858,0.7327707454289732
4,20,irregular,2,244,252,8,175,69,77,0.7172131147540983,0.6944444444444444,0.9682539682539683,0.7056451612903225
4,20,regular,3,1153,1251,98,1149,4,102,0.9965307892454467,0.9184652278177458,0.9216626698641087,0.9559068219633943
4,20,semiregular,3,817,841,24,719,98,122,0.8800489596083231,0.8549346016646849,0.9714625445897741,0.8673100120627262
4,20,irregular,3,245,252,7,172,73,80,0.7020408163265306,0.6825396825396826,0.9722222222222222,0.6921529175050302
4,21,regular,1,986,920,66,917,69,3,0.9300202839756593,0.9967391304347826,1.0717391304347825,0.9622245540398741
4,21,semiregular,1,603,549,54,482,121,67,0.7993366500829188,0.8779599271402551,1.098360655737705,0.8368055555555556
4,21,irregular,1,214,204,10,144,70,60,0.6728971962616822,0.7058823529411765,1.0490196078431373,0.6889952153110048
4,21,regular,2,948,920,28,920,28,0,0.9704641350210971,1.0,1.0304347826086957,0.9850107066381156
4,21,semiregular,2,586,549,37,479,107,70,0.8174061433447098,0.8724954462659381,1.0673952641165756,0.8440528634361233
4,21,irregular,2,200,204,4,140,60,64,0.7,0.6862745098039216,0.9803921568627451,0.693069306930693
4,21,regular,3,912,920,8,907,5,13,0.9945175438596491,0.9858695652173913,0.991304347826087,0.990174672489083
4,21,semiregular,3,592,549,43,495,97,54,0.8361486486486487,0.9016393442622951,1.0783242258652095,0.8676599474145487
4,21,irregular,3,199,204,5,156,43,48,0.7839195979899497,0.7647058823529411,0.9754901960784313,0.7741935483870969
4,22,regular,1,997,946,51,938,59,8,0.9408224674022067,0.9915433403805497,1.0539112050739958,0.9655172413793104
4,22,semiregular,1,695,703,8,604,91,99,0.8690647482014389,0.8591749644381224,0.9886201991465149,0.8640915593705294
4,22,irregular,1,209,247,38,150,59,97,0.7177033492822966,0.6072874493927125,0.8461538461538461,0.6578947368421052
4,22,regular,2,953,946,7,918,35,28,0.9632738719832109,0.9704016913319239,1.007399577167019,0.966824644549763
4,22,semiregular,2,697,703,6,623,74,80,0.8938307030129125,0.8862019914651493,0.9914651493598862,0.89
4,22,irregular,2,215,247,32,158,57,89,0.7348837209302326,0.6396761133603239,0.8704453441295547,0.683982683982684
4,22,regular,3,946,946,0,940,6,6,0.9936575052854123,0.9936575052854123,1.0,0.9936575052854123
4,22,semiregular,3,710,703,7,626,84,77,0.8816901408450705,0.8904694167852063,1.0099573257467995,0.8860580325548478
4,22,irregular,3,246,247,1,180,66,67,0.7317073170731707,0.728744939271255,0.9959514170040485,0.7302231237322515
4,23,regular,1,1080,999,81,996,84,3,0.9222222222222223,0.996996996996997,1.0810810810810811,0.9581529581529582
4,23,semiregular,1,898,835,63,751,147,84,0.8363028953229399,0.8994011976047904,1.0754491017964072,0.8667051356030006
4,23,irregular,1,357,266,91,176,181,90,0.49299719887955185,0.6616541353383458,1.3421052631578947,0.565008025682183
4,23,regular,2,1225,999,226,958,267,41,0.7820408163265307,0.958958958958959,1.2262262262262262,0.8615107913669066
4,23,semiregular,2,876,835,41,756,120,79,0.863013698630137,0.9053892215568863,1.0491017964071856,0.8836937463471654
4,23,irregular,2,82,266,184,60,22,206,0.7317073170731707,0.22556390977443608,0.3082706766917293,0.3448275862068965
4,23,regular,3,1004,999,5,992,12,7,0.9880478087649402,0.992992992992993,1.005005005005005,0.9905142286570144
4,23,semiregular,3,881,835,46,767,114,68,0.8706015891032917,0.918562874251497,1.0550898203592813,0.8939393939393938
4,23,irregular,3,270,266,4,186,84,80,0.6888888888888889,0.6992481203007519,1.0150375939849625,0.6940298507462687
4,24,regular,1,1046,1079,33,1028,18,51,0.982791586998088,0.9527340129749768,0.969416126042632,0.967529411764706
4,24,semiregular,1,679,680,1,612,67,68,0.9013254786450663,0.9,0.9985294117647059,0.9006622516556291
4,24,irregular,1,171,247,76,123,48,124,0.7192982456140351,0.4979757085020243,0.6923076923076923,0.5885167464114833
4,24,regular,2,1058,1079,21,1035,23,44,0.9782608695652174,0.959221501390176,0.9805375347544022,0.9686476368741226
4,24,semiregular,2,660,680,20,614,46,66,0.9303030303030303,0.9029411764705882,0.9705882352941176,0.9164179104477611
4,24,irregular,2,217,247,30,172,45,75,0.7926267281105991,0.6963562753036437,0.8785425101214575,0.7413793103448276
4,24,regular,3,1070,1079,9,1064,6,15,0.994392523364486,0.9860982391102873,0.9916589434661723,0.9902280130293161
4,24,semiregular,3,665,680,15,614,51,66,0.9233082706766917,0.9029411764705882,0.9779411764705882,0.9130111524163569
4,24,irregular,3,240,247,7,193,47,54,0.8041666666666667,0.7813765182186235,0.97165991902834,0.7926078028747435
4,25,regular,1,952,946,6,941,11,5,0.9884453781512605,0.9947145877378436,1.0063424947145878,0.9915700737618547
4,25,semiregular,1,718,718,0,629,89,89,0.8760445682451253,0.8760445682451253,1.0,0.8760445682451253
4,25,irregular,1,196,207,11,117,79,90,0.5969387755102041,0.5652173913043478,0.9468599033816425,0.5806451612903226
4,25,regular,2,924,946,22,920,4,26,0.9956709956709957,0.9725158562367865,0.9767441860465116,0.9839572192513368
4,25,semiregular,2,711,718,7,637,74,81,0.8959212376933896,0.8871866295264624,0.9902506963788301,0.8915325402379286
4,25,irregular,2,196,207,11,119,77,88,0.6071428571428571,0.5748792270531401,0.9468599033816425,0.5905707196029777
4,25,regular,3,945,946,1,940,5,6,0.9947089947089947,0.9936575052854123,0.9989429175475687,0.9941829719725014
4,25,semiregular,3,706,718,12,628,78,90,0.8895184135977338,0.8746518105849582,0.9832869080779945,0.8820224719101124
4,25,irregular,3,222,207,15,137,85,70,0.6171171171171171,0.6618357487922706,1.0724637681159421,0.6386946386946388
4,26,regular,1,1028,985,43,982,46,3,0.9552529182879378,0.9969543147208122,1.0436548223350255,0.9756582215598608
4,26,semiregular,1,750,720,30,662,88,58,0.8826666666666667,0.9194444444444444,1.0416666666666667,0.9006802721088436
4,26,irregular,1,229,214,15,156,73,58,0.6812227074235808,0.7289719626168224,1.0700934579439252,0.7042889390519187
4,26,regular,2,991,985,6,974,17,11,0.9828456104944501,0.9888324873096447,1.0060913705583756,0.98582995951417
4,26,semiregular,2,739,720,19,648,91,72,0.8768606224627875,0.9,1.0263888888888888,0.8882796435915009
4,26,irregular,2,205,214,9,139,66,75,0.6780487804878049,0.6495327102803738,0.9579439252336449,0.6634844868735084
4,26,regular,3,995,985,10,979,16,6,0.9839195979899498,0.9939086294416244,1.0101522842639594,0.9888888888888888
4,26,semiregular,3,728,720,8,656,72,64,0.9010989010989011,0.9111111111111111,1.011111111111111,0.9060773480662984
4,26,irregular,3,247,214,33,163,84,51,0.659919028340081,0.7616822429906542,1.1542056074766356,0.7071583514099783
4,27,regular,1,1154,1166,12,1145,9,21,0.9922010398613518,0.9819897084048027,0.9897084048027445,0.9870689655172413
4,27,semiregular,1,690,728,38,619,71,109,0.8971014492753623,0.8502747252747253,0.9478021978021978,0.8730606488011283
4,27,irregular,1,224,270,46,170,54,100,0.7589285714285714,0.6296296296296297,0.8296296296296296,0.688259109311741
4,27,regular,2,1137,1166,29,1123,14,43,0.9876868953386104,0.9631217838765008,0.9751286449399656,0.9752496743378203
4,27,semiregular,2,726,728,2,655,71,73,0.9022038567493113,0.8997252747252747,0.9972527472527473,0.9009628610729024
4,27,irregular,2,256,270,14,198,58,72,0.7734375,0.7333333333333333,0.9481481481481482,0.7528517110266159
4,27,regular,3,1172,1166,6,1164,8,2,0.9931740614334471,0.9982847341337907,1.0051457975986278,0.9957228400342173
4,27,semiregular,3,704,728,24,645,59,83,0.9161931818181818,0.885989010989011,0.967032967032967,0.9008379888268156
4,27,irregular,3,269,270,1,213,56,57,0.79182156133829,0.7888888888888889,0.9962962962962963,0.7903525046382189
4,28,regular,1,1072,1098,26,1065,7,33,0.9934701492537313,0.9699453551912568,0.97632058287796,0.9815668202764977
4,28,semiregular,1,887,859,28,801,86,58,0.90304396843292,0.9324796274738067,1.0325960419091968,0.9175257731958762
4,28,irregular,1,298,293,5,180,118,113,0.6040268456375839,0.6143344709897611,1.0170648464163823,0.6091370558375635
4,28,regular,2,1094,1098,4,1075,19,23,0.9826325411334552,0.9790528233151184,0.9963570127504554,0.9808394160583942
4,28,semiregular,2,835,859,24,759,76,100,0.9089820359281438,0.8835855646100116,0.9720605355064028,0.8961038961038961
4,28,irregular,2,268,293,25,184,84,109,0.6865671641791045,0.6279863481228669,0.9146757679180887,0.6559714795008913
4,28,regular,3,1099,1098,1,1091,8,7,0.9927206551410374,0.9936247723132969,1.0009107468123861,0.9931725079654075
4,28,semiregular,3,843,859,16,777,66,82,0.9217081850533808,0.9045401629802096,0.9813736903376019,0.9130434782608695
4,28,irregular,3,288,293,5,197,91,96,0.6840277777777778,0.6723549488054608,0.9829351535836177,0.6781411359724613
4,29,regular,1,1082,1140,58,1077,5,63,0.9953789279112755,0.9447368421052632,0.9491228070175438,0.9693969396939695
4,29,semiregular,1,944,869,75,811,133,58,0.8591101694915254,0.9332566168009206,1.0863060989643267,0.894649751792609
4,29,irregular,1,247,247,0,164,83,83,0.6639676113360324,0.6639676113360324,1.0,0.6639676113360324
4,29,regular,2,1117,1140,23,1107,10,33,0.991047448522829,0.9710526315789474,0.9798245614035088,0.9809481612760302
4,29,semiregular,2,915,869,46,802,113,67,0.8765027322404372,0.9228998849252014,1.052934407364787,0.8991031390134528
4,29,irregular,2,257,247,10,180,77,67,0.7003891050583657,0.728744939271255,1.040485829959514,0.7142857142857142
4,29,regular,3,1131,1140,9,1126,5,14,0.995579133510168,0.987719298245614,0.9921052631578947,0.9916336415675914
4,29,semiregular,3,875,869,6,782,93,87,0.8937142857142857,0.8998849252013809,1.006904487917146,0.896788990825688
4,29,irregular,3,254,247,7,186,68,61,0.7322834645669292,0.7530364372469636,1.0283400809716599,0.7425149700598803
4,30,regular,1,992,997,5,984,8,13,0.9919354838709677,0.9869608826479438,0.9949849548645938,0.9894419306184012
4,30,semiregular,1,804,810,6,728,76,82,0.9054726368159204,0.8987654320987655,0.9925925925925926,0.9021065675340769
4,30,irregular,1,252,250,2,163,89,87,0.6468253968253969,0.652,1.008,0.6494023904382471
4,30,regular,2,974,997,23,964,10,33,0.9897330595482546,0.966900702106319,0.9769307923771314,0.9781836631151699
4,30,semiregular,2,801,810,9,733,68,77,0.9151061173533084,0.9049382716049382,0.9888888888888889,0.9099937926753568
4,30,irregular,2,234,250,16,172,62,78,0.7350427350427351,0.688,0.936,0.7107438016528925
4,30,regular,3,995,997,2,992,3,5,0.9969849246231156,0.9949849548645938,0.9979939819458375,0.995983935742972
4,30,semiregular,3,810,810,0,741,69,69,0.9148148148148149,0.9148148148148149,1.0,0.9148148148148149
4,30,irregular,3,260,250,10,181,79,69,0.6961538461538461,0.724,1.04,0.7098039215686274
5,1,regular,1,941,937,4,931,10,6,0.9893730074388948,0.9935965848452508,1.0042689434364995,0.9914802981895634
5,1,semiregular,1,702,703,1,596,106,107,0.8490028490028491,0.8477951635846372,0.9985775248933144,0.8483985765124554
5,1,irregular,1,190,199,9,142,48,57,0.7473684210526316,0.7135678391959799,0.9547738693467337,0.7300771208226222
5,1,regular,2,939,937,2,919,20,18,0.9787007454739084,0.9807897545357525,1.0021344717182497,0.9797441364605542
5,1,semiregular,2,647,703,56,565,82,138,0.8732612055641422,0.8036984352773826,0.9203413940256046,0.837037037037037
5,1,irregular,2,177,199,22,137,40,62,0.7740112994350282,0.6884422110552764,0.8894472361809045,0.728723404255319
5,1,regular,3,934,937,3,926,8,11,0.9914346895074947,0.9882604055496265,0.9967982924226254,0.9898450026723677
5,1,semiregular,3,710,703,7,611,99,92,0.8605633802816901,0.8691322901849218,1.0099573257467995,0.8648266100495399
5,1,irregular,3,192,199,7,143,49,56,0.7447916666666666,0.7185929648241206,0.964824120603015,0.7314578005115089
5,2,regular,1,1195,1224,29,1186,9,38,0.9924686192468619,0.9689542483660131,0.9763071895424836,0.9805704836709384
5,2,semiregular,1,579,647,68,542,37,105,0.9360967184801382,0.8377125193199382,0.8948995363214838,0.8841761827079935
5,2,irregular,1,206,217,11,131,75,86,0.6359223300970874,0.6036866359447005,0.9493087557603687,0.6193853427895981
5,2,regular,2,1194,1224,30,1186,8,38,0.9932998324958124,0.9689542483660131,0.9754901960784313,0.9809760132340778
5,2,semiregular,2,632,647,15,592,40,55,0.9367088607594937,0.9149922720247295,0.9768160741885626,0.9257232212666145
5,2,irregular,2,207,217,10,153,54,64,0.7391304347826086,0.7050691244239631,0.9539170506912442,0.7216981132075472
5,2,regular,3,1228,1224,4,1213,15,11,0.987785016286645,0.9910130718954249,1.0032679738562091,0.9893964110929853
5,2,semiregular,3,644,647,3,599,45,48,0.9301242236024845,0.9258114374034003,0.9953632148377125,0.9279628195197521
5,2,irregular,3,218,217,1,161,57,56,0.7385321100917431,0.7419354838709677,1.0046082949308757,0.7402298850574712
5,3,regular,1,1053,1053,0,1039,14,14,0.9867046533713201,0.9867046533713201,1.0,0.9867046533713201
5,3,semiregular,1,691,716,25,622,69,94,0.9001447178002895,0.8687150837988827,0.9650837988826816,0.8841506751954513
5,3,irregular,1,224,224,0,153,71,71,0.6830357142857143,0.6830357142857143,1.0,0.6830357142857143
5,3,regular,2,1023,1053,30,1007,16,46,0.9843597262952102,0.956315289648623,0.9715099715099715,0.9701348747591523
5,3,semiregular,2,739,716,23,655,84,61,0.8863328822733424,0.914804469273743,1.032122905027933,0.9003436426116839
5,3,irregular,2,210,224,14,161,49,63,0.7666666666666667,0.71875,0.9375,0.7419354838709677
5,3,regular,3,1048,1053,5,1044,4,9,0.9961832061068703,0.9914529914529915,0.9952516619183286,0.9938124702522608
5,3,semiregular,3,708,716,8,639,69,77,0.902542372881356,0.8924581005586593,0.9888268156424581,0.8974719101123596
5,3,irregular,3,216,224,8,154,62,70,0.7129629629629629,0.6875,0.9642857142857143,0.7
5,4,regular,1,1131,1101,30,1095,36,6,0.9681697612732095,0.9945504087193461,1.0272479564032697,0.9811827956989247
5,4,semiregular,1,600,614,14,516,84,98,0.86,0.8403908794788274,0.9771986970684039,0.8500823723228995
5,4,irregular,1,216,228,12,142,74,86,0.6574074074074074,0.6228070175438597,0.9473684210526315,0.6396396396396398
5,4,regular,2,1082,1101,19,1073,9,28,0.9916820702402958,0.9745685740236149,0.9827429609445958,0.983050847457627
5,4,semiregular,2,615,614,1,543,72,71,0.8829268292682927,0.8843648208469055,1.001628664495114,0.8836452400325466
5,4,irregular,2,226,228,2,168,58,60,0.7433628318584071,0.7368421052631579,0.9912280701754386,0.7400881057268723
5,4,regular,3,1096,1101,5,1091,5,10,0.9954379562043796,0.9909173478655767,0.9954586739327884,0.9931725079654073
5,4,semiregular,3,602,614,12,532,70,82,0.8837209302325582,0.8664495114006515,0.9804560260586319,0.8749999999999999
5,4,irregular,3,230,228,2,168,62,60,0.7304347826086957,0.7368421052631579,1.0087719298245614,0.7336244541484717
5,5,regular,1,1046,1044,2,1037,9,7,0.9913957934990439,0.9932950191570882,1.0019157088122606,0.9923444976076555
5,5,semiregular,1,703,668,35,607,96,61,0.8634423897581792,0.9086826347305389,1.0523952095808384,0.8854850474106492
5,5,irregular,1,225,217,8,147,78,70,0.6533333333333333,0.6774193548387096,1.0368663594470047,0.6651583710407241
5,5,regular,2,1035,1044,9,1026,9,18,0.991304347826087,0.9827586206896551,0.9913793103448276,0.9870129870129869
5,5,semiregular,2,706,668,38,603,103,65,0.8541076487252125,0.9026946107784432,1.0568862275449102,0.8777292576419214
5,5,irregular,2,204,217,13,153,51,64,0.75,0.7050691244239631,0.9400921658986175,0.7268408551068883
5,5,regular,3,1038,1044,6,1035,3,9,0.9971098265895953,0.9913793103448276,0.9942528735632183,0.9942363112391931
5,5,semiregular,3,670,668,2,589,81,79,0.8791044776119403,0.8817365269461078,1.0029940119760479,0.8804185351270554
5,5,irregular,3,216,217,1,156,60,61,0.7222222222222222,0.7188940092165899,0.9953917050691244,0.7205542725173208
5,6,regular,1,934,915,19,913,21,2,0.9775160599571735,0.9978142076502732,1.0207650273224043,0.987560843699297
5,6,semiregular,1,688,701,13,622,66,79,0.9040697674418605,0.8873038516405135,0.9814550641940085,0.8956083513318935
5,6,irregular,1,185,195,10,125,60,70,0.6756756756756757,0.6410256410256411,0.9487179487179487,0.6578947368421052
5,6,regular,2,923,915,8,904,19,11,0.9794149512459371,0.9879781420765027,1.008743169398907,0.9836779107725787
5,6,semiregular,2,737,701,36,657,80,44,0.8914518317503393,0.9372325249643366,1.0513552068473608,0.913769123783032
5,6,irregular,2,178,195,17,122,56,73,0.6853932584269663,0.6256410256410256,0.9128205128205128,0.6541554959785523
5,6,regular,3,910,915,5,906,4,9,0.9956043956043956,0.9901639344262295,0.994535519125683,0.9928767123287671
5,6,semiregular,3,707,701,6,638,69,63,0.9024045261669024,0.9101283880171184,1.0085592011412268,0.90625
5,6,irregular,3,195,195,0,144,51,51,0.7384615384615385,0.7384615384615385,1.0,0.7384615384615385
5,7,regular,1,1222,1230,8,1208,14,22,0.9885433715220949,0.9821138211382113,0.9934959349593496,0.9853181076672104
5,7,semiregular,1,780,761,19,677,103,84,0.867948717948718,0.8896189224704336,1.0249671484888305,0.8786502271252433
5,7,irregular,1,162,225,63,115,47,110,0.7098765432098766,0.5111111111111111,0.72,0.5943152454780362
5,7,regular,2,1229,1230,1,1197,32,33,0.9739625711960944,0.973170731707317,0.9991869918699187,0.9735664904432696
5,7,semiregular,2,746,761,15,659,87,102,0.8833780160857909,0.8659658344283837,0.9802890932982917,0.8745852687458527
5,7,irregular,2,207,225,18,162,45,63,0.782608695652174,0.72,0.92,0.7499999999999999
5,7,regular,3,1221,1230,9,1219,2,11,0.9983619983619983,0.9910569105691057,0.9926829268292683,0.9946960424316605
5,7,semiregular,3,762,761,1,668,94,93,0.8766404199475065,0.8777923784494087,1.0013140604467805,0.8772160210111623
5,7,irregular,3,220,225,5,167,53,58,0.759090909090909,0.7422222222222222,0.9777777777777777,0.750561797752809
5,8,regular,1,1039,1035,4,1025,14,10,0.9865255052935515,0.9903381642512077,1.0038647342995168,0.9884281581485054
5,8,semiregular,1,809,827,18,724,85,103,0.8949320148331273,0.875453446191052,0.9782345828295043,0.8850855745721271
5,8,irregular,1,230,243,13,151,79,92,0.6565217391304348,0.6213991769547325,0.9465020576131687,0.6384778012684988
5,8,regular,2,1019,1035,16,1005,14,30,0.9862610402355251,0.9710144927536232,0.9845410628019323,0.9785783836416748
5,8,semiregular,2,839,827,12,766,73,61,0.9129916567342073,0.9262394195888755,1.014510278113664,0.9195678271308524
5,8,irregular,2,214,243,29,153,61,90,0.7149532710280374,0.6296296296296297,0.8806584362139918,0.6695842450765865
5,8,regular,3,1038,1035,3,1028,10,7,0.9903660886319846,0.9932367149758454,1.0028985507246377,0.9917993246502653
5,8,semiregular,3,835,827,8,759,76,68,0.9089820359281438,0.9177750906892382,1.0096735187424426,0.9133574007220217
5,8,irregular,3,239,243,4,166,73,77,0.694560669456067,0.6831275720164609,0.9835390946502057,0.6887966804979254
5,9,regular,1,1128,1107,21,1103,25,4,0.9778368794326241,0.996386630532972,1.018970189701897,0.9870246085011186
5,9,semiregular,1,660,701,41,615,45,86,0.9318181818181818,0.8773181169757489,0.9415121255349501,0.9037472446730346
5,9,irregular,1,234,266,32,163,71,103,0.6965811965811965,0.6127819548872181,0.8796992481203008,0.652
5,9,regular,2,1073,1107,34,1061,12,46,0.9888164026095061,0.9584462511291779,0.969286359530262,0.9733944954128441
5,9,semiregular,2,656,701,45,609,47,92,0.9283536585365854,0.8687589158345221,0.9358059914407989,0.8975681650700075
5,9,irregular,2,237,266,29,186,51,80,0.7848101265822784,0.6992481203007519,0.8909774436090225,0.7395626242544732
5,9,regular,3,1098,1107,9,1094,4,13,0.9963570127504554,0.988256549232159,0.991869918699187,0.9922902494331066
5,9,semiregular,3,702,701,1,654,48,47,0.9316239316239316,0.9329529243937232,1.0014265335235377,0.932287954383464
5,9,irregular,3,253,266,13,187,66,79,0.7391304347826086,0.7030075187969925,0.9511278195488722,0.7206165703275529
5,10,regular,1,1019,1014,5,1003,16,11,0.9842983316977428,0.9891518737672583,1.004930966469428,0.9867191342843089
5,10,semiregular,1,662,656,6,601,61,55,0.9078549848942599,0.9161585365853658,1.0091463414634145,0.9119878603945373
5,10,irregular,1,231,247,16,177,54,70,0.7662337662337663,0.7165991902834008,0.9352226720647774,0.7405857740585775
5,10,regular,2,1010,1014,4,996,14,18,0.9861386138613861,0.9822485207100592,0.9960552268244576,0.984189723320158
5,10,semiregular,2,639,656,17,583,56,73,0.9123630672926447,0.8887195121951219,0.9740853658536586,0.9003861003861002
5,10,irregular,2,231,247,16,193,38,54,0.8354978354978355,0.7813765182186235,0.9352226720647774,0.8075313807531381
5,10,regular,3,1026,1014,12,1010,16,4,0.9844054580896686,0.9960552268244576,1.0118343195266273,0.9901960784313726
5,10,semiregular,3,649,656,7,590,59,66,0.9090909090909091,0.899390243902439,0.989329268292683,0.9042145593869731
5,10,irregular,3,240,247,7,191,49,56,0.7958333333333333,0.7732793522267206,0.97165991902834,0.784394250513347
5,11,regular,1,1086,1070,16,1065,21,5,0.9806629834254144,0.9953271028037384,1.0149532710280373,0.9879406307977737
5,11,semiregular,1,720,700,20,623,97,77,0.8652777777777778,0.89,1.0285714285714285,0.8774647887323944
5,11,irregular,1,220,239,19,156,64,83,0.7090909090909091,0.6527196652719666,0.9205020920502092,0.6797385620915033
5,11,regular,2,1078,1070,8,1066,12,4,0.9888682745825603,0.9962616822429906,1.0074766355140188,0.9925512104283054
5,11,semiregular,2,701,700,1,619,82,81,0.8830242510699001,0.8842857142857142,1.0014285714285713,0.8836545324768023
5,11,irregular,2,211,239,28,161,50,78,0.7630331753554502,0.6736401673640168,0.8828451882845189,0.7155555555555557
5,11,regular,3,1064,1070,6,1059,5,11,0.9953007518796992,0.9897196261682243,0.994392523364486,0.9925023430178068
5,11,semiregular,3,695,700,5,618,77,82,0.8892086330935252,0.8828571428571429,0.9928571428571429,0.886021505376344
5,11,irregular,3,224,239,15,168,56,71,0.75,0.702928870292887,0.9372384937238494,0.7257019438444923
5,12,regular,1,1014,1007,7,1005,9,2,0.9911242603550295,0.9980139026812314,1.0069513406156902,0.9945571499257793
5,12,semiregular,1,687,641,46,578,109,63,0.8413391557496361,0.9017160686427457,1.0717628705148206,0.8704819277108433
5,12,irregular,1,249,204,45,162,87,42,0.6506024096385542,0.7941176470588235,1.2205882352941178,0.7152317880794702
5,12,regular,2,1025,1007,18,1007,18,0,0.9824390243902439,1.0,1.0178748758689176,0.9911417322834646
5,12,semiregular,2,655,641,14,561,94,80,0.8564885496183207,0.875195007800312,1.0218408736349454,0.8657407407407407
5,12,irregular,2,224,204,20,151,73,53,0.6741071428571429,0.7401960784313726,1.0980392156862746,0.705607476635514
5,12,regular,3,1016,1007,9,1004,12,3,0.9881889763779528,0.997020854021847,1.008937437934459,0.9925852694018784
5,12,semiregular,3,636,641,5,547,89,94,0.860062893081761,0.8533541341653667,0.9921996879875195,0.8566953797963979
5,12,irregular,3,214,204,10,140,74,64,0.6542056074766355,0.6862745098039216,1.0490196078431373,0.6698564593301435
5,13,regular,1,998,1000,2,994,4,6,0.9959919839679359,0.994,0.998,0.994994994994995
5,13,semiregular,1,851,815,36,767,84,48,0.9012925969447708,0.9411042944785276,1.0441717791411043,0.9207683073229291
5,13,irregular,1,251,216,35,151,100,65,0.601593625498008,0.6990740740740741,1.162037037037037,0.6466809421841542
5,13,regular,2,983,1000,17,972,11,28,0.9888097660223805,0.972,0.983,0.9803328290468987
5,13,semiregular,2,855,815,40,775,80,40,0.9064327485380117,0.950920245398773,1.049079754601227,0.9281437125748503
5,13,irregular,2,223,216,7,161,62,55,0.7219730941704036,0.7453703703703703,1.0324074074074074,0.7334851936218679
5,13,regular,3,999,1000,1,995,4,5,0.995995995995996,0.995,0.999,0.9954977488744372
5,13,semiregular,3,815,815,0,749,66,66,0.9190184049079755,0.9190184049079755,1.0,0.9190184049079755
5,13,irregular,3,212,216,4,158,54,58,0.7452830188679245,0.7314814814814815,0.9814814814814815,0.7383177570093458
5,14,regular,1,1048,1052,4,1046,2,6,0.9980916030534351,0.9942965779467681,0.9961977186311787,0.9961904761904762
5,14,semiregular,1,840,913,73,781,59,132,0.9297619047619048,0.8554216867469879,0.9200438116100766,0.8910439247005134
5,14,irregular,1,228,217,11,157,71,60,0.6885964912280702,0.7235023041474654,1.0506912442396312,0.7056179775280899
5,14,regular,2,1027,1052,25,1016,11,36,0.9892891918208374,0.9657794676806084,0.9762357414448669,0.9773929773929775
5,14,semiregular,2,914,913,1,846,68,67,0.925601750547046,0.9266155531215772,1.0010952902519168,0.9261083743842364
5,14,irregular,2,207,217,10,152,55,65,0.7342995169082126,0.7004608294930875,0.9539170506912442,0.7169811320754716
5,14,regular,3,1055,1052,3,1047,8,5,0.9924170616113744,0.9952471482889734,1.002851711026616,0.9938300901756052
5,14,semiregular,3,892,913,21,827,65,86,0.9271300448430493,0.9058050383351588,0.976998904709748,0.9163434903047091
5,14,irregular,3,204,217,13,152,52,65,0.7450980392156863,0.7004608294930875,0.9400921658986175,0.7220902612826603
5,15,regular,1,1001,964,37,964,37,0,0.9630369630369631,1.0,1.0383817427385893,0.9811704834605598
5,15,semiregular,1,814,774,40,731,83,43,0.898034398034398,0.9444444444444444,1.0516795865633075,0.9206549118387909
5,15,irregular,1,213,218,5,166,47,52,0.7793427230046949,0.7614678899082569,0.9770642201834863,0.7703016241299304
5,15,regular,2,961,964,3,949,12,15,0.9875130072840791,0.9844398340248963,0.9968879668049793,0.9859740259740261
5,15,semiregular,2,796,774,22,718,78,56,0.9020100502512562,0.9276485788113695,1.028423772609819,0.9146496815286624
5,15,irregular,2,202,218,16,159,43,59,0.7871287128712872,0.7293577981651376,0.926605504587156,0.7571428571428572
5,15,regular,3,959,964,5,954,5,10,0.9947862356621481,0.9896265560165975,0.9948132780082988,0.9921996879875196
5,15,semiregular,3,740,774,34,686,54,88,0.927027027027027,0.8863049095607235,0.9560723514211886,0.9062087186261558
5,15,irregular,3,210,218,8,165,45,53,0.7857142857142857,0.7568807339449541,0.963302752293578,0.7710280373831775
5,16,regular,1,1117,1109,8,1105,12,4,0.9892569382273948,0.9963931469792606,1.0072137060414788,0.9928122192273136
5,16,semiregular,1,696,681,15,603,93,78,0.8663793103448276,0.8854625550660793,1.0220264317180616,0.8758169934640523
5,16,irregular,1,197,272,75,126,71,146,0.6395939086294417,0.4632352941176471,0.7242647058823529,0.537313432835821
5,16,regular,2,1128,1109,19,1108,20,1,0.9822695035460993,0.9990982867448152,1.0171325518485121,0.9906124273580689
5,16,semiregular,2,686,681,5,591,95,90,0.8615160349854227,0.8678414096916299,1.0073421439060206,0.8646671543525969
5,16,irregular,2,248,272,24,187,61,85,0.7540322580645161,0.6875,0.9117647058823529,0.7192307692307693
5,16,regular,3,1111,1109,2,1106,5,3,0.9954995499549955,0.9972948602344455,1.0018034265103697,0.9963963963963963
5,16,semiregular,3,650,681,31,578,72,103,0.8892307692307693,0.8487518355359766,0.9544787077826725,0.868519909842224
5,16,irregular,3,246,272,26,192,54,80,0.7804878048780488,0.7058823529411765,0.9044117647058824,0.7413127413127415
5,17,regular,1,1045,1029,16,1026,19,3,0.9818181818181818,0.9970845481049563,1.0155490767735667,0.9893924783027965
5,17,semiregular,1,835,837,2,749,86,88,0.8970059880239521,0.8948626045400239,0.997610513739546,0.8959330143540669
5,17,irregular,1,213,240,27,134,79,106,0.6291079812206573,0.5583333333333333,0.8875,0.5916114790286976
5,17,regular,2,1030,1029,1,1019,11,10,0.9893203883495145,0.9902818270165209,1.000971817298348,0.9898008742107819
5,17,semiregular,2,852,837,15,771,81,66,0.9049295774647887,0.921146953405018,1.017921146953405,0.9129662522202486
5,17,irregular,2,253,240,13,172,81,68,0.6798418972332015,0.7166666666666667,1.0541666666666667,0.6977687626774848
5,17,regular,3,1036,1029,7,1027,9,2,0.9913127413127413,0.9980563654033042,1.0068027210884354,0.9946731234866828
5,17,semiregular,3,836,837,1,763,73,74,0.9126794258373205,0.9115890083632019,0.998805256869773,0.9121338912133891
5,17,irregular,3,240,240,0,169,71,71,0.7041666666666667,0.7041666666666667,1.0,0.7041666666666667
5,18,regular,1,1056,1044,12,1038,18,6,0.9829545454545454,0.9942528735632183,1.0114942528735633,0.9885714285714285
5,18,semiregular,1,794,801,7,730,64,71,0.9193954659949622,0.9113607990012484,0.9912609238451935,0.9153605015673981
5,18,irregular,1,237,252,15,176,61,76,0.7426160337552743,0.6984126984126984,0.9404761904761905,0.7198364008179959
5,18,regular,2,1048,1044,4,1039,9,5,0.9914122137404581,0.9952107279693486,1.003831417624521,0.9933078393881453
5,18,semiregular,2,846,801,45,771,75,30,0.9113475177304965,0.9625468164794008,1.0561797752808988,0.936247723132969
5,18,irregular,2,247,252,5,184,63,68,0.7449392712550608,0.7301587301587301,0.9801587301587301,0.7374749498997996
5,18,regular,3,1043,1044,1,1036,7,8,0.9932885906040269,0.9923371647509579,0.9990421455938697,0.9928126497364639
5,18,semiregular,3,794,801,7,738,56,63,0.929471032745592,0.9213483146067416,0.9912609238451935,0.9253918495297806
5,18,irregular,3,251,252,1,192,59,60,0.7649402390438247,0.7619047619047619,0.996031746031746,0.7634194831013915
5,19,regular,1,1084,1076,8,1066,18,10,0.9833948339483395,0.9907063197026023,1.0074349442379182,0.9870370370370369
5,19,semiregular,1,746,753,7,686,60,67,0.9195710455764075,0.9110225763612217,0.9907038512616202,0.9152768512341559
5,19,irregular,1,272,245,27,181,91,64,0.6654411764705882,0.7387755102040816,1.110204081632653,0.7001934235976789
5,19,regular,2,1065,1076,11,1060,5,16,0.9953051643192489,0.9851301115241635,0.9897769516728625,0.9901914992993928
5,19,semiregular,2,731,753,22,666,65,87,0.9110807113543091,0.8844621513944223,0.9707835325365206,0.8975741239892183
5,19,irregular,2,247,245,2,176,71,69,0.7125506072874493,0.7183673469387755,1.0081632653061225,0.7154471544715447
5,19,regular,3,1081,1076,5,1071,10,5,0.9907493061979649,0.9953531598513011,1.004646840148699,0.9930458970792767
5,19,semiregular,3,717,753,36,660,57,93,0.9205020920502092,0.8764940239043825,0.952191235059761,0.8979591836734694
5,19,irregular,3,243,245,2,173,70,72,0.7119341563786008,0.7061224489795919,0.9918367346938776,0.7090163934426229
5,20,regular,1,1247,1251,4,1233,14,18,0.9887730553327987,0.9856115107913669,0.996802557953637,0.9871897518014412
5,20,semiregular,1,874,841,33,762,112,79,0.8718535469107551,0.906064209274673,1.0392390011890607,0.8886297376093295
5,20,irregular,1,251,252,1,157,94,95,0.6254980079681275,0.623015873015873,0.996031746031746,0.6242544731610339
5,20,regular,2,1242,1251,9,1227,15,24,0.9879227053140096,0.9808153477218226,0.9928057553956835,0.9843561973525872
5,20,semiregular,2,804,841,37,714,90,127,0.8880597014925373,0.8489892984542212,0.9560047562425684,0.8680851063829789
5,20,irregular,2,231,252,21,171,60,81,0.7402597402597403,0.6785714285714286,0.9166666666666666,0.7080745341614907
5,20,regular,3,1224,1251,27,1219,5,32,0.9959150326797386,0.9744204636290967,0.9784172661870504,0.9850505050505051
5,20,semiregular,3,820,841,21,729,91,112,0.8890243902439025,0.8668252080856124,0.9750297265160524,0.8777844671884407
5,20,irregular,3,242,252,10,180,62,72,0.743801652892562,0.7142857142857143,0.9603174603174603,0.728744939271255
5,21,regular,1,951,920,31,919,32,1,0.9663512092534174,0.9989130434782608,1.0336956521739131,0.9823623730625334
5,21,semiregular,1,551,549,2,453,98,96,0.822141560798548,0.825136612021858,1.0036429872495447,0.8236363636363637
5,21,irregular,1,225,204,21,157,68,47,0.6977777777777778,0.7696078431372549,1.1029411764705883,0.7319347319347319
5,21,regular,2,920,920,0,905,15,15,0.9836956521739131,0.9836956521739131,1.0,0.9836956521739131
5,21,semiregular,2,577,549,28,478,99,71,0.82842287694974,0.8706739526411658,1.0510018214936248,0.8490230905861458
5,21,irregular,2,210,204,6,151,59,53,0.719047619047619,0.7401960784313726,1.0294117647058822,0.7294685990338163
5,21,regular,3,913,920,7,909,4,11,0.9956188389923329,0.9880434782608696,0.9923913043478261,0.9918166939443535
5,21,semiregular,3,565,549,16,478,87,71,0.8460176991150442,0.8706739526411658,1.029143897996357,0.858168761220826
5,21,irregular,3,200,204,4,151,49,53,0.755,0.7401960784313726,0.9803921568627451,0.7475247524752475
5,22,regular,1,978,946,32,942,36,4,0.9631901840490797,0.9957716701902748,1.0338266384778012,0.9792099792099792
5,22,semiregular,1,710,703,7,624,86,79,0.8788732394366198,0.887624466571835,1.0099573257467995,0.8832271762208068
5,22,irregular,1,200,247,47,149,51,98,0.745,0.6032388663967612,0.8097165991902834,0.6666666666666666
5,22,regular,2,968,946,22,933,35,13,0.9638429752066116,0.9862579281183932,1.0232558139534884,0.9749216300940439
5,22,semiregular,2,698,703,5,626,72,77,0.8968481375358166,0.8904694167852063,0.9928876244665719,0.8936473947180585
5,22,irregular,2,225,247,22,167,58,80,0.7422222222222222,0.6761133603238867,0.9109311740890689,0.7076271186440678
5,22,regular,3,948,946,2,941,7,5,0.9926160337552743,0.9947145877378436,1.0021141649048626,0.9936642027455123
5,22,semiregular,3,691,703,12,619,72,84,0.8958031837916064,0.8805120910384068,0.9829302987197724,0.8880918220946915
5,22,irregular,3,231,247,16,176,55,71,0.7619047619047619,0.7125506072874493,0.9352226720647774,0.7364016736401673
5,23,regular,1,986,999,13,978,8,21,0.9918864097363083,0.978978978978979,0.986986986986987,0.9853904282115867
5,23,semiregular,1,849,835,14,752,97,83,0.8857479387514723,0.9005988023952096,1.0167664670658683,0.8931116389548694
5,23,irregular,1,190,266,76,126,64,140,0.6631578947368421,0.47368421052631576,0.7142857142857143,0.5526315789473684
5,23,regular,2,985,999,14,971,14,28,0.9857868020304569,0.9719719719719719,0.985985985985986,0.9788306451612903
5,23,semiregular,2,841,835,6,740,101,95,0.8799048751486326,0.8862275449101796,1.007185628742515,0.883054892601432
5,23,irregular,2,250,266,16,172,78,94,0.688,0.6466165413533834,0.9398496240601504,0.6666666666666665
5,23,regular,3,1002,999,3,990,12,9,0.9880239520958084,0.990990990990991,1.003003003003003,0.9895052473763118
5,23,semiregular,3,839,835,4,746,93,89,0.8891537544696066,0.8934131736526946,1.0047904191616766,0.8912783751493428
5,23,irregular,3,257,266,9,178,79,88,0.6926070038910506,0.6691729323308271,0.9661654135338346,0.6806883365200764
5,24,regular,1,1099,1079,20,1078,21,1,0.9808917197452229,0.9990732159406858,1.0185356811862836,0.98989898989899
5,24,semiregular,1,669,680,11,615,54,65,0.9192825112107623,0.9044117647058824,0.9838235294117647,0.9117865085248331
5,24,irregular,1,212,247,35,166,46,81,0.7830188679245284,0.6720647773279352,0.8582995951417004,0.7233115468409587
5,24,regular,2,1071,1079,8,1056,15,23,0.9859943977591037,0.9786839666357738,0.9925857275254866,0.9823255813953489
5,24,semiregular,2,663,680,17,609,54,71,0.918552036199095,0.8955882352941177,0.975,0.9069247952345495
5,24,irregular,2,215,247,32,175,40,72,0.813953488372093,0.708502024291498,0.8704453441295547,0.7575757575757576
5,24,regular,3,1079,1079,0,1074,5,5,0.995366079703429,0.995366079703429,1.0,0.995366079703429
5,24,semiregular,3,672,680,8,621,51,59,0.9241071428571429,0.913235294117647,0.9882352941176471,0.9186390532544378
5,24,irregular,3,237,247,10,188,49,59,0.7932489451476793,0.7611336032388664,0.9595141700404858,0.7768595041322314
5,25,regular,1,973,946,27,943,30,3,0.9691675231243576,0.9968287526427061,1.0285412262156448,0.982803543512246
5,25,semiregular,1,680,718,38,603,77,115,0.8867647058823529,0.8398328690807799,0.947075208913649,0.8626609442060085
5,25,irregular,1,242,207,35,143,99,64,0.5909090909090909,0.6908212560386473,1.1690821256038648,0.6369710467706013
5,25,regular,2,915,946,31,908,7,38,0.9923497267759562,0.959830866807611,0.96723044397463,0.9758194519075766
5,25,semiregular,2,748,718,30,649,99,69,0.8676470588235294,0.903899721448468,1.041782729805014,0.8854024556616644
5,25,irregular,2,186,207,21,126,60,81,0.6774193548387096,0.6086956521739131,0.8985507246376812,0.6412213740458016
5,25,regular,3,777,946,169,775,2,171,0.9974259974259975,0.8192389006342494,0.821353065539112,0.8995937318630296
5,25,semiregular,3,651,718,67,584,67,134,0.8970814132104454,0.8133704735376045,0.9066852367688022,0.8531775018261504
5,25,irregular,3,205,207,2,126,79,81,0.6146341463414634,0.6086956521739131,0.9903381642512077,0.6116504854368932
5,26,regular,1,1023,985,38,981,42,4,0.9589442815249267,0.9959390862944163,1.0385786802030457,0.9770916334661355
5,26,semiregular,1,731,720,11,636,95,84,0.8700410396716827,0.8833333333333333,1.0152777777777777,0.8766368022053755
5,26,irregular,1,301,214,87,174,127,40,0.5780730897009967,0.8130841121495327,1.4065420560747663,0.6757281553398058
5,26,regular,2,806,985,179,801,5,184,0.9937965260545906,0.8131979695431472,0.8182741116751269,0.8944723618090452
5,26,semiregular,2,644,720,76,579,65,141,0.8990683229813664,0.8041666666666667,0.8944444444444445,0.8489736070381232
5,26,irregular,2,231,214,17,152,79,62,0.658008658008658,0.7102803738317757,1.0794392523364487,0.6831460674157303
5,26,regular,3,1058,985,73,976,82,9,0.9224952741020794,0.9908629441624366,1.0741116751269035,0.9554576603034753
5,26,semiregular,3,805,720,85,682,123,38,0.8472049689440994,0.9472222222222222,1.1180555555555556,0.8944262295081967
5,26,irregular,3,260,214,46,164,96,50,0.6307692307692307,0.7663551401869159,1.2149532710280373,0.6919831223628692
5,27,regular,1,1060,1166,106,1049,11,117,0.9896226415094339,0.8996569468267581,0.9090909090909091,0.9424977538185086
5,27,semiregular,1,603,728,125,533,70,195,0.8839137645107794,0.7321428571428571,0.8282967032967034,0.8009015777610818
5,27,irregular,1,186,270,84,143,43,127,0.7688172043010753,0.5296296296296297,0.6888888888888889,0.6271929824561403
5,27,regular,2,1094,1166,72,1075,19,91,0.9826325411334552,0.9219554030874786,0.9382504288164666,0.9513274336283186
5,27,semiregular,2,738,728,10,658,80,70,0.8915989159891599,0.9038461538461539,1.0137362637362637,0.897680763983629
5,27,irregular,2,245,270,25,199,46,71,0.8122448979591836,0.737037037037037,0.9074074074074074,0.7728155339805826
5,27,regular,3,1169,1166,3,1163,6,3,0.9948674080410608,0.9974271012006861,1.0025728987993139,0.9961456102783727
5,27,semiregular,3,714,728,14,649,65,79,0.9089635854341737,0.8914835164835165,0.9807692307692307,0.9001386962552012
5,27,irregular,3,252,270,18,193,59,77,0.7658730158730159,0.7148148148148148,0.9333333333333333,0.7394636015325671
5,28,regular,1,1098,1098,0,1077,21,21,0.9808743169398907,0.9808743169398907,1.0,0.9808743169398907
5,28,semiregular,1,878,859,19,775,103,84,0.8826879271070615,0.9022118742724098,1.0221187427240979,0.8923431203223948
5,28,irregular,1,243,293,50,143,100,150,0.588477366255144,0.4880546075085324,0.8293515358361775,0.5335820895522387
5,28,regular,2,1102,1098,4,1084,18,14,0.9836660617059891,0.9872495446265938,1.0036429872495447,0.9854545454545455
5,28,semiregular,2,846,859,13,764,82,95,0.9030732860520094,0.889406286379511,0.9848661233993015,0.8961876832844574
5,28,irregular,2,253,293,40,177,76,116,0.6996047430830039,0.6040955631399317,0.863481228668942,0.6483516483516484
5,28,regular,3,1095,1098,3,1087,8,11,0.9926940639269406,0.9899817850637522,0.9972677595628415,0.9913360693114455
5,28,semiregular,3,808,859,51,745,63,114,0.9220297029702971,0.8672875436554133,0.940628637951106,0.8938212357528494
5,28,irregular,3,259,293,34,173,86,120,0.667953667953668,0.590443686006826,0.8839590443686007,0.6268115942028987
5,29,regular,1,1149,1140,9,1135,14,5,0.9878154917319408,0.9956140350877193,1.0078947368421052,0.9916994320664047
5,29,semiregular,1,882,869,13,777,105,92,0.8809523809523809,0.8941311852704258,1.0149597238204833,0.8874928612221586
5,29,irregular,1,239,247,8,163,76,84,0.6820083682008368,0.659919028340081,0.9676113360323887,0.6707818930041153
5,29,regular,2,1082,1140,58,1067,15,73,0.9861367837338263,0.9359649122807018,0.9491228070175438,0.9603960396039605
5,29,semiregular,2,970,869,101,827,143,42,0.8525773195876288,0.9516685845799769,1.1162255466052935,0.8994018488308864
5,29,irregular,2,248,247,1,178,70,69,0.717741935483871,0.7206477732793523,1.0040485829959513,0.7191919191919193
5,29,regular,3,1080,1140,60,1076,4,64,0.9962962962962963,0.9438596491228071,0.9473684210526315,0.9693693693693695
5,29,semiregular,3,855,869,14,756,99,113,0.8842105263157894,0.8699654775604143,0.9838895281933256,0.8770301624129931
5,29,irregular,3,247,247,0,183,64,64,0.7408906882591093,0.7408906882591093,1.0,0.7408906882591093
5,30,regular,1,976,997,21,969,7,28,0.992827868852459,0.9719157472417251,0.9789368104312939,0.9822605169792195
5,30,semiregular,1,792,810,18,724,68,86,0.9141414141414141,0.8938271604938272,0.9777777777777777,0.9038701622971286
5,30,irregular,1,232,250,18,148,84,102,0.6379310344827587,0.592,0.928,0.6141078838174274
5,30,regular,2,960,997,37,952,8,45,0.9916666666666667,0.954864593781344,0.9628886659979939,0.972917731221257
5,30,semiregular,2,801,810,9,734,67,76,0.916354556803995,0.9061728395061729,0.9888888888888889,0.9112352576039727
5,30,irregular,2,222,250,28,158,64,92,0.7117117117117117,0.632,0.888,0.6694915254237288
5,30,regular,3,997,997,0,993,4,4,0.995987963891675,0.995987963891675,1.0,0.995987963891675
5,30,semiregular,3,807,810,3,742,65,68,0.919454770755886,0.9160493827160494,0.9962962962962963,0.9177489177489178
5,30,irregular,3,238,250,12,164,74,86,0.6890756302521008,0.656,0.952,0.6721311475409837
