Test fold number,Subject,Gait,Sensor,Predicted,Actual,Difference,TP,FP,FN,PPV,Sensitivity,RCA,SDA
1,1,regular,1,932,937,5,921,11,16,0.9881974248927039,0.9829242262540021,0.9946638207043756,0.985553772070626
1,1,semiregular,1,1021,703,318,692,329,11,0.6777668952007836,0.984352773826458,1.4523470839260313,0.802784222737819
1,1,irregular,1,445,199,246,165,280,34,0.3707865168539326,0.8291457286432161,2.236180904522613,0.5124223602484471
1,1,regular,2,1123,937,186,937,186,0,0.8343722172751559,1.0,1.1985058697972253,0.9097087378640778
1,1,semiregular,2,1095,703,392,683,412,20,0.6237442922374429,0.9715504978662873,1.5576102418207682,0.7597330367074526
1,1,irregular,2,1094,199,895,199,895,0,0.18190127970749542,1.0,5.49748743718593,0.30781129156999226
1,1,regular,3,989,937,52,934,55,3,0.9443882709807887,0.9967982924226254,1.055496264674493,0.9698857736240913
1,1,semiregular,3,985,703,282,687,298,16,0.6974619289340102,0.9772403982930299,1.4011379800853485,0.8139810426540284
1,1,irregular,3,851,199,652,197,654,2,0.23149236192714454,0.9899497487437185,4.276381909547739,0.3752380952380952
1,2,regular,1,1081,1224,143,1067,14,157,0.9870490286771508,0.8717320261437909,0.8831699346405228,0.9258134490238613
1,2,semiregular,1,727,647,80,613,114,34,0.8431911966987621,0.9474497681607419,1.1236476043276662,0.8922852983988354
1,2,irregular,1,904,217,687,173,731,44,0.1913716814159292,0.7972350230414746,4.1658986175115205,0.3086529884032114
1,2,regular,2,1246,1224,22,1213,33,11,0.9735152487961477,0.9910130718954249,1.0179738562091503,0.9821862348178139
1,2,semiregular,2,930,647,283,647,283,0,0.6956989247311828,1.0,1.437403400309119,0.8205453392517438
1,2,irregular,2,1440,217,1223,217,1223,0,0.15069444444444444,1.0,6.635944700460829,0.2619191309595655
1,2,regular,3,1114,1224,110,1100,14,124,0.9874326750448833,0.8986928104575164,0.9101307189542484,0.9409751924721985
1,2,semiregular,3,697,647,50,620,77,27,0.8895265423242468,0.9582689335394127,1.0772797527047913,0.9226190476190477
1,2,irregular,3,1065,217,848,205,860,12,0.19248826291079812,0.9447004608294931,4.907834101382488,0.31981279251170047
1,3,regular,1,1016,1053,37,1009,7,44,0.9931102362204725,0.9582146248812915,0.9648622981956315,0.9753504108264862
1,3,semiregular,1,893,716,177,700,193,16,0.7838745800671892,0.9776536312849162,1.2472067039106145,0.870105655686762
1,3,irregular,1,790,224,566,171,619,53,0.21645569620253163,0.7633928571428571,3.5267857142857144,0.33727810650887574
1,3,regular,2,999,1053,54,988,11,65,0.988988988988989,0.9382716049382716,0.9487179487179487,0.9629629629629628
1,3,semiregular,2,957,716,241,708,249,8,0.7398119122257053,0.9888268156424581,1.3365921787709498,0.8463837417812313
1,3,irregular,2,1123,224,899,223,900,1,0.19857524487978628,0.9955357142857143,5.013392857142857,0.3311061618411284
1,3,regular,3,973,1053,80,964,9,89,0.9907502569373073,0.9154795821462488,0.9240265906932573,0.951628825271471
1,3,semiregular,3,804,716,88,674,130,42,0.8383084577114428,0.9413407821229051,1.1229050279329609,0.8868421052631579
1,3,irregular,3,1025,224,801,217,808,7,0.21170731707317073,0.96875,4.575892857142857,0.3474779823859087
1,4,regular,1,1163,1101,62,1101,62,0,0.9466895958727429,1.0,1.056312443233424,0.9726148409893993
1,4,semiregular,1,868,614,254,583,285,31,0.6716589861751152,0.9495114006514658,1.4136807817589576,0.786774628879892
1,4,irregular,1,454,228,226,175,279,53,0.3854625550660793,0.7675438596491229,1.9912280701754386,0.5131964809384164
1,4,regular,2,1234,1101,133,1101,133,0,0.8922204213938412,1.0,1.1207992733878291,0.9430406852248394
1,4,semiregular,2,1053,614,439,614,439,0,0.5830959164292497,1.0,1.714983713355049,0.7366526694661067
1,4,irregular,2,1531,228,1303,228,1303,0,0.14892227302416722,1.0,6.714912280701754,0.25923820352473
1,4,regular,3,1005,1101,96,988,17,113,0.9830845771144279,0.8973660308810173,0.9128065395095368,0.9382716049382717
1,4,semiregular,3,784,614,170,592,192,22,0.7551020408163265,0.9641693811074918,1.276872964169381,0.8469241773962803
1,4,irregular,3,1099,228,871,218,881,10,0.19836214740673339,0.956140350877193,4.8201754385964914,0.32856066314996235
1,5,regular,1,1002,1044,42,995,7,49,0.9930139720558883,0.9530651340996169,0.9597701149425287,0.9726295210166178
1,5,semiregular,1,1003,668,335,660,343,8,0.6580259222333001,0.9880239520958084,1.501497005988024,0.7899461400359067
1,5,irregular,1,1039,217,822,165,874,52,0.1588065447545717,0.7603686635944701,4.788018433179723,0.2627388535031847
1,5,regular,2,1067,1044,23,1044,23,0,0.9784442361761949,1.0,1.0220306513409962,0.9891046897205116
1,5,semiregular,2,1094,668,426,668,426,0,0.6106032906764168,1.0,1.6377245508982037,0.7582292849035187
1,5,irregular,2,1406,217,1189,217,1189,0,0.15433854907539118,1.0,6.47926267281106,0.2674060382008626
1,5,regular,3,1010,1044,34,1002,8,42,0.9920792079207921,0.9597701149425287,0.9674329501915708,0.9756572541382669
1,5,semiregular,3,908,668,240,652,256,16,0.7180616740088106,0.9760479041916168,1.3592814371257484,0.8274111675126904
1,5,irregular,3,1267,217,1050,216,1051,1,0.17048145224940806,0.9953917050691244,5.838709677419355,0.2911051212938005
1,6,regular,1,1027,915,112,914,113,1,0.8899707887049659,0.9989071038251366,1.1224043715846994,0.9412976313079299
1,6,semiregular,1,865,701,164,655,210,46,0.7572254335260116,0.9343794579172611,1.2339514978601998,0.8365261813537676
1,6,irregular,1,734,195,539,109,625,86,0.14850136239782016,0.558974358974359,3.764102564102564,0.2346609257265877
1,6,regular,2,1007,915,92,915,92,0,0.9086395233366436,1.0,1.1005464480874316,0.9521331945889698
1,6,semiregular,2,966,701,265,687,279,14,0.7111801242236024,0.9800285306704708,1.3780313837375178,0.8242351529694062
1,6,irregular,2,1324,195,1129,195,1129,0,0.1472809667673716,1.0,6.78974358974359,0.2567478604344964
1,6,regular,3,942,915,27,905,37,10,0.9607218683651805,0.9890710382513661,1.0295081967213116,0.9746903607969843
1,6,semiregular,3,806,701,105,655,151,46,0.8126550868486352,0.9343794579172611,1.1497860199714693,0.8692767086927672
1,6,irregular,3,1136,195,941,188,948,7,0.16549295774647887,0.9641025641025641,5.825641025641025,0.2824943651389933
1,7,regular,1,1190,1230,40,1184,6,46,0.9949579831932773,0.9626016260162602,0.967479674796748,0.978512396694215
1,7,semiregular,1,1367,761,606,702,665,59,0.5135332845647403,0.9224704336399474,1.7963206307490145,0.6597744360902257
1,7,irregular,1,400,225,175,81,319,144,0.2025,0.36,1.7777777777777777,0.25920000000000004
1,7,regular,2,1222,1230,8,1202,20,28,0.983633387888707,0.9772357723577236,0.9934959349593496,0.9804241435562807
1,7,semiregular,2,1139,761,378,760,379,1,0.6672519754170325,0.9986859395532195,1.4967148488830486,0.8
1,7,irregular,2,1856,225,1631,224,1632,1,0.1206896551724138,0.9955555555555555,8.248888888888889,0.2152811148486305
1,7,regular,3,1156,1230,74,1142,14,88,0.9878892733564014,0.9284552845528455,0.9398373983739837,0.9572506286672255
1,7,semiregular,3,946,761,185,733,213,28,0.7748414376321353,0.9632063074901446,1.243101182654402,0.8588166373755126
1,7,irregular,3,1450,225,1225,219,1231,6,0.1510344827586207,0.9733333333333334,6.444444444444445,0.2614925373134328
1,8,regular,1,1000,1035,35,990,10,45,0.99,0.9565217391304348,0.966183574879227,0.972972972972973
1,8,semiregular,1,984,827,157,772,212,55,0.7845528455284553,0.9334945586457074,1.1898428053204353,0.8525676421866373
1,8,irregular,1,867,243,624,159,708,84,0.18339100346020762,0.654320987654321,3.567901234567901,0.2864864864864865
1,8,regular,2,987,1035,48,971,16,64,0.983789260385005,0.9381642512077295,0.9536231884057971,0.9604352126607318
1,8,semiregular,2,1055,827,228,805,250,22,0.7630331753554502,0.973397823458283,1.275695284159613,0.8554729011689692
1,8,irregular,2,2005,243,1762,234,1771,9,0.11670822942643391,0.9629629629629629,8.251028806584362,0.2081850533807829
1,8,regular,3,1023,1035,12,1012,11,23,0.989247311827957,0.9777777777777777,0.9884057971014493,0.9834791059280855
1,8,semiregular,3,919,827,92,764,155,63,0.8313384113166485,0.9238210399032648,1.1112454655380894,0.8751431844215349
1,8,irregular,3,1685,243,1442,228,1457,15,0.13531157270029673,0.9382716049382716,6.934156378600823,0.23651452282157678
1,9,regular,1,1048,1107,59,1043,5,64,0.9952290076335878,0.9421860885275519,0.9467028003613369,0.9679814385150812
1,9,semiregular,1,697,701,4,615,82,86,0.8823529411764706,0.8773181169757489,0.9942938659058488,0.8798283261802574
1,9,irregular,1,708,266,442,143,565,123,0.2019774011299435,0.5375939849624061,2.661654135338346,0.29363449691991783
1,9,regular,2,1061,1107,46,1049,12,58,0.9886899151743638,0.947606142728094,0.9584462511291779,0.9677121771217713
1,9,semiregular,2,823,701,122,675,148,26,0.8201701093560145,0.9629101283880172,1.174037089871612,0.8858267716535433
1,9,irregular,2,1807,266,1541,266,1541,0,0.14720531267293857,1.0,6.793233082706767,0.2566328991799324
1,9,regular,3,1037,1107,70,1025,12,82,0.9884281581485053,0.9259259259259259,0.9367660343270099,0.9561567164179103
1,9,semiregular,3,698,701,3,624,74,77,0.8939828080229226,0.8901569186875892,0.9957203994293866,0.8920657612580415
1,9,irregular,3,1351,266,1085,243,1108,23,0.17986676535899335,0.9135338345864662,5.078947368421052,0.300556586270872
1,10,regular,1,1039,1014,25,1003,36,11,0.9653512993262753,0.9891518737672583,1.02465483234714,0.9771066731612275
1,10,semiregular,1,847,656,191,645,202,11,0.7615112160566706,0.9832317073170732,1.291158536585366,0.8582834331337326
1,10,irregular,1,922,247,675,234,688,13,0.25379609544468545,0.9473684210526315,3.7327935222672064,0.4003421727972626
1,10,regular,2,1200,1014,186,1014,186,0,0.845,1.0,1.183431952662722,0.9159891598915989
1,10,semiregular,2,1015,656,359,650,365,6,0.6403940886699507,0.9908536585365854,1.5472560975609757,0.7779772591262716
1,10,irregular,2,1689,247,1442,247,1442,0,0.14624037892243932,1.0,6.838056680161944,0.25516528925619836
1,10,regular,3,1065,1014,51,1013,52,1,0.9511737089201878,0.9990138067061144,1.0502958579881656,0.9745069745069745
1,10,semiregular,3,877,656,221,644,233,12,0.734321550741163,0.9817073170731707,1.336890243902439,0.8401826484018264
1,10,irregular,3,761,247,514,241,520,6,0.316688567674113,0.9757085020242915,3.080971659919028,0.47817460317460314
1,11,regular,1,1023,1070,47,1020,3,50,0.9970674486803519,0.9532710280373832,0.9560747663551402,0.9746774964166269
1,11,semiregular,1,895,700,195,679,216,21,0.758659217877095,0.97,1.2785714285714285,0.85141065830721
1,11,irregular,1,983,239,744,196,787,43,0.19938962360122076,0.8200836820083682,4.112970711297071,0.32078559738134205
1,11,regular,2,1039,1070,31,1029,10,41,0.9903753609239654,0.9616822429906542,0.9710280373831776,0.9758179231863442
1,11,semiregular,2,944,700,244,694,250,6,0.7351694915254238,0.9914285714285714,1.3485714285714285,0.8442822384428224
1,11,irregular,2,1354,239,1115,237,1117,2,0.17503692762186115,0.9916317991631799,5.665271966527197,0.2975517890772128
1,11,regular,3,993,1070,77,986,7,84,0.9929506545820745,0.9214953271028037,0.9280373831775701,0.9558894813378576
1,11,semiregular,3,825,700,125,663,162,37,0.8036363636363636,0.9471428571428572,1.1785714285714286,0.8695081967213115
1,11,irregular,3,1146,239,907,224,922,15,0.19546247818499127,0.9372384937238494,4.794979079497908,0.3234657039711191
1,12,regular,1,1056,1007,49,1007,49,0,0.9535984848484849,1.0,1.048659384309831,0.9762481822588464
1,12,semiregular,1,915,641,274,626,289,15,0.6841530054644809,0.9765990639625585,1.4274570982839314,0.8046272493573265
1,12,irregular,1,995,204,791,177,818,27,0.17788944723618091,0.8676470588235294,4.877450980392157,0.2952460383653044
1,12,regular,2,1101,1007,94,1007,94,0,0.9146230699364214,1.0,1.093346573982125,0.9554079696394687
1,12,semiregular,2,1034,641,393,634,400,7,0.6131528046421664,0.9890795631825273,1.6131045241809672,0.7570149253731343
1,12,irregular,2,1510,204,1306,204,1306,0,0.13509933774834437,1.0,7.401960784313726,0.23803967327887984
1,12,regular,3,1005,1007,2,996,9,11,0.991044776119403,0.9890764647467726,0.9980139026812314,0.9900596421471174
1,12,semiregular,3,827,641,186,609,218,32,0.7363966142684402,0.9500780031201248,1.2901716068642746,0.829700272479564
1,12,irregular,3,1201,204,997,202,999,2,0.16819317235636969,0.9901960784313726,5.887254901960785,0.2875444839857651
1,13,regular,1,1013,1000,13,998,15,2,0.9851924975320829,0.998,1.013,0.9915548931942374
1,13,semiregular,1,987,815,172,795,192,20,0.8054711246200608,0.9754601226993865,1.211042944785276,0.8823529411764706
1,13,irregular,1,1284,216,1068,131,1153,85,0.10202492211838006,0.6064814814814815,5.944444444444445,0.17466666666666666
1,13,regular,2,1095,1000,95,1000,95,0,0.91324200913242,1.0,1.095,0.954653937947494
1,13,semiregular,2,1082,815,267,814,268,1,0.7523105360443623,0.9987730061349693,1.3276073619631903,0.8581971534001054
1,13,irregular,2,2141,216,1925,216,1925,0,0.10088743577767398,1.0,9.912037037037036,0.18328383538396267
1,13,regular,3,1013,1000,13,993,20,7,0.9802566633761106,0.993,1.013,0.9865871833084948
1,13,semiregular,3,910,815,95,775,135,40,0.8516483516483516,0.950920245398773,1.116564417177914,0.8985507246376812
1,13,irregular,3,1672,216,1456,210,1462,6,0.1255980861244019,0.9722222222222222,7.7407407407407405,0.22245762711864406
1,14,regular,1,1058,1052,6,1049,9,3,0.9914933837429112,0.997148288973384,1.005703422053232,0.9943127962085309
1,14,semiregular,1,1154,913,241,884,270,29,0.7660311958405546,0.968236582694414,1.2639649507119386,0.8553459119496856
1,14,irregular,1,880,217,663,166,714,51,0.18863636363636363,0.7649769585253456,4.055299539170507,0.30264357338195075
1,14,regular,2,1056,1052,4,1042,14,10,0.9867424242424242,0.9904942965779467,1.0038022813688212,0.9886148007590132
1,14,semiregular,2,1302,913,389,912,390,1,0.7004608294930875,0.9989047097480832,1.4260679079956189,0.8234762979683973
1,14,irregular,2,1451,217,1234,217,1234,0,0.14955203308063406,1.0,6.686635944700461,0.26019184652278177
1,14,regular,3,973,1052,79,967,6,85,0.9938335046248715,0.9192015209125475,0.9249049429657795,0.9550617283950616
1,14,semiregular,3,1053,913,140,864,189,49,0.8205128205128205,0.9463307776560789,1.1533406352683462,0.8789420142421158
1,14,irregular,3,1085,217,868,197,888,20,0.1815668202764977,0.9078341013824884,5.0,0.30261136712749614
1,15,regular,1,999,964,35,964,35,0,0.964964964964965,1.0,1.0363070539419088,0.9821701477330617
1,15,semiregular,1,969,774,195,760,209,14,0.7843137254901961,0.9819121447028424,1.251937984496124,0.8720596672403902
1,15,irregular,1,790,218,572,158,632,60,0.2,0.7247706422018348,3.623853211009174,0.3134920634920635
1,15,regular,2,922,964,42,911,11,53,0.9880694143167028,0.9450207468879668,0.9564315352697096,0.9660657476139978
1,15,semiregular,2,1005,774,231,757,248,17,0.7532338308457711,0.9780361757105943,1.2984496124031009,0.8510399100618324
1,15,irregular,2,1514,218,1296,218,1296,0,0.14398943196829592,1.0,6.944954128440367,0.2517321016166282
1,15,regular,3,922,964,42,914,8,50,0.9913232104121475,0.9481327800829875,0.9564315352697096,0.9692470837751856
1,15,semiregular,3,874,774,100,731,143,43,0.8363844393592678,0.9444444444444444,1.1291989664082687,0.8871359223300972
1,15,irregular,3,1199,218,981,214,985,4,0.17848206839032527,0.981651376146789,5.5,0.30204657727593504
1,16,regular,1,1100,1109,9,1090,10,19,0.990909090909091,0.9828674481514879,0.9918845807033363,0.9868718877320054
1,16,semiregular,1,798,681,117,628,170,53,0.7869674185463659,0.922173274596182,1.171806167400881,0.8492224475997295
1,16,irregular,1,636,272,364,156,480,116,0.24528301886792453,0.5735294117647058,2.338235294117647,0.3436123348017621
1,16,regular,2,1146,1109,37,1109,37,0,0.9677137870855148,1.0,1.0333633904418396,0.9835920177383591
1,16,semiregular,2,965,681,284,675,290,6,0.6994818652849741,0.9911894273127754,1.4170337738619676,0.8201701093560145
1,16,irregular,2,1423,272,1151,272,1151,0,0.19114546732255797,1.0,5.231617647058823,0.3209439528023599
1,16,regular,3,1101,1109,8,1088,13,21,0.9881925522252498,0.9810640216411182,0.9927862939585211,0.9846153846153847
1,16,semiregular,3,844,681,163,664,180,17,0.7867298578199052,0.9750367107195301,1.2393538913362703,0.8708196721311476
1,16,irregular,3,1191,272,919,271,920,1,0.22753988245172124,0.9963235294117647,4.3786764705882355,0.3704716336295284
1,17,regular,1,1030,1029,1,1020,10,9,0.9902912621359223,0.9912536443148688,1.000971817298348,0.9907722195240407
1,17,semiregular,1,911,837,74,744,167,93,0.8166849615806806,0.8888888888888888,1.088410991636798,0.851258581235698
1,17,irregular,1,328,240,88,113,215,127,0.3445121951219512,0.4708333333333333,1.3666666666666667,0.397887323943662
1,17,regular,2,1083,1029,54,1029,54,0,0.9501385041551247,1.0,1.0524781341107872,0.9744318181818182
1,17,semiregular,2,1099,837,262,823,276,14,0.7488626023657871,0.983273596176822,1.3130227001194743,0.8502066115702479
1,17,irregular,2,1689,240,1449,240,1449,0,0.14209591474245115,1.0,7.0375,0.2488335925349922
1,17,regular,3,1050,1029,21,1028,22,1,0.979047619047619,0.9990281827016521,1.0204081632653061,0.988936988936989
1,17,semiregular,3,931,837,94,804,127,33,0.8635875402792696,0.9605734767025089,1.1123058542413382,0.9095022624434389
1,17,irregular,3,1376,240,1136,233,1143,7,0.1693313953488372,0.9708333333333333,5.733333333333333,0.28836633663366334
1,18,regular,1,1029,1044,15,1021,8,23,0.9922254616132167,0.9779693486590039,0.985632183908046,0.9850458273034249
1,18,semiregular,1,935,801,134,770,165,31,0.8235294117647058,0.9612983770287141,1.16729088639201,0.8870967741935485
1,18,irregular,1,774,252,522,180,594,72,0.23255813953488372,0.7142857142857143,3.0714285714285716,0.3508771929824562
1,18,regular,2,1144,1044,100,1043,101,1,0.9117132867132867,0.9990421455938697,1.0957854406130267,0.953382084095064
1,18,semiregular,2,1094,801,293,793,301,8,0.7248628884826326,0.9900124843945068,1.365792759051186,0.8369393139841688
1,18,irregular,2,1402,252,1150,251,1151,1,0.17902995720399428,0.996031746031746,5.563492063492063,0.30350665054413545
1,18,regular,3,1042,1044,2,1030,12,14,0.9884836852207294,0.9865900383141762,0.9980842911877394,0.987535953978907
1,18,semiregular,3,916,801,115,772,144,29,0.8427947598253275,0.9637952559300874,1.1435705368289637,0.8992428654630169
1,18,irregular,3,1104,252,852,249,855,3,0.22554347826086957,0.9880952380952381,4.380952380952381,0.36725663716814155
1,19,regular,1,1062,1076,14,1051,11,25,0.9896421845574388,0.9767657992565055,0.9869888475836431,0.9831618334892424
1,19,semiregular,1,862,753,109,703,159,50,0.8155452436194895,0.9335989375830013,1.1447543160690572,0.8705882352941177
1,19,irregular,1,607,245,362,163,444,82,0.2685337726523888,0.6653061224489796,2.477551020408163,0.38262910798122063
1,19,regular,2,1147,1076,71,1073,74,3,0.9354838709677419,0.9972118959107806,1.0659851301115242,0.96536212325686
1,19,semiregular,2,1000,753,247,745,255,8,0.745,0.9893758300132802,1.3280212483399734,0.849971477467199
1,19,irregular,2,1227,245,982,244,983,1,0.19885900570497148,0.9959183673469387,5.0081632653061225,0.33152173913043476
1,19,regular,3,1021,1076,55,1011,10,65,0.990205680705191,0.9395910780669146,0.9488847583643123,0.9642346208869814
1,19,semiregular,3,836,753,83,710,126,43,0.8492822966507177,0.9428950863213812,1.1102257636122177,0.8936438011327879
1,19,irregular,3,964,245,719,229,735,16,0.237551867219917,0.9346938775510204,3.9346938775510205,0.37882547559966917
1,20,regular,1,1195,1251,56,1181,14,70,0.9882845188284519,0.9440447641886491,0.9552358113509193,0.9656582174979559
1,20,semiregular,1,1022,841,181,793,229,48,0.7759295499021527,0.9429250891795482,1.2152199762187872,0.8513150831991413
1,20,irregular,1,689,252,437,168,521,84,0.24383164005805516,0.6666666666666666,2.734126984126984,0.357066950053135
1,20,regular,2,1008,1251,243,995,13,256,0.9871031746031746,0.7953637090327738,0.8057553956834532,0.8809207613988491
1,20,semiregular,2,1143,841,302,832,311,9,0.7279090113735783,0.9892984542211652,1.3590963139120096,0.8387096774193548
1,20,irregular,2,1293,252,1041,242,1051,10,0.1871616395978345,0.9603174603174603,5.130952380952381,0.3132686084142395
1,20,regular,3,1087,1251,164,1075,12,176,0.9889604415823368,0.8593125499600319,0.8689048760991207,0.9195893926432849
1,20,semiregular,3,934,841,93,760,174,81,0.8137044967880086,0.9036860879904876,1.1105826397146255,0.856338028169014
1,20,irregular,3,1081,252,829,219,862,33,0.20259019426456984,0.8690476190476191,4.2896825396825395,0.3285821455363841
1,21,regular,1,892,920,28,887,5,33,0.9943946188340808,0.9641304347826087,0.9695652173913043,0.9790286975717439
1,21,semiregular,1,870,549,321,523,347,26,0.6011494252873564,0.9526411657559198,1.5846994535519126,0.7371388301620859
1,21,irregular,1,652,204,448,151,501,53,0.23159509202453987,0.7401960784313726,3.196078431372549,0.352803738317757
1,21,regular,2,1006,920,86,920,86,0,0.9145129224652088,1.0,1.0934782608695652,0.9553478712357216
1,21,semiregular,2,1025,549,476,546,479,3,0.5326829268292683,0.994535519125683,1.867030965391621,0.6937738246505718
1,21,irregular,2,1346,204,1142,204,1142,0,0.1515601783060921,1.0,6.598039215686274,0.2632258064516129
1,21,regular,3,938,920,18,919,19,1,0.9797441364605544,0.9989130434782608,1.0195652173913043,0.9892357373519914
1,21,semiregular,3,821,549,272,538,283,11,0.6552984165651644,0.9799635701275046,1.4954462659380692,0.7854014598540145
1,21,irregular,3,1090,204,886,202,888,2,0.1853211009174312,0.9901960784313726,5.3431372549019605,0.3122102009273571
1,22,regular,1,1007,946,61,944,63,2,0.9374379344587885,0.9978858350951374,1.0644820295983086,0.9667178699436765
1,22,semiregular,1,925,703,222,673,252,30,0.7275675675675676,0.957325746799431,1.3157894736842106,0.8267813267813269
1,22,irregular,1,936,247,689,210,726,37,0.22435897435897437,0.8502024291497976,3.789473684210526,0.35502958579881655
1,22,regular,2,1038,946,92,946,92,0,0.9113680154142582,1.0,1.0972515856236786,0.9536290322580644
1,22,semiregular,2,1129,703,426,697,432,6,0.6173604960141719,0.9914651493598862,1.6059743954480796,0.7609170305676856
1,22,irregular,2,1564,247,1317,247,1317,0,0.15792838874680307,1.0,6.331983805668016,0.27277747101049143
1,22,regular,3,954,946,8,931,23,15,0.9758909853249476,0.9841437632135307,1.0084566596194504,0.98
1,22,semiregular,3,908,703,205,687,221,16,0.7566079295154186,0.9772403982930299,1.2916073968705548,0.8528864059590316
1,22,irregular,3,1144,247,897,246,898,1,0.21503496503496503,0.9959514170040485,4.631578947368421,0.3537023723939612
1,23,regular,1,980,999,19,972,8,27,0.9918367346938776,0.972972972972973,0.980980980980981,0.9823143001515916
1,23,semiregular,1,633,835,202,545,88,290,0.8609794628751974,0.6526946107784432,0.7580838323353294,0.742506811989101
1,23,irregular,1,806,266,540,50,756,216,0.062034739454094295,0.18796992481203006,3.030075187969925,0.09328358208955224
1,23,regular,2,1140,999,141,975,165,24,0.8552631578947368,0.975975975975976,1.1411411411411412,0.9116409537166901
1,23,semiregular,2,2003,835,1168,824,1179,11,0.41138292561158263,0.9868263473053892,2.398802395209581,0.5806906272022552
1,23,irregular,2,4489,266,4223,265,4224,1,0.059033192247716644,0.9962406015037594,16.87593984962406,0.1114616193480547
1,23,regular,3,1004,999,5,964,40,35,0.9601593625498008,0.964964964964965,1.005005005005005,0.962556165751373
1,23,semiregular,3,1023,835,188,789,234,46,0.7712609970674487,0.9449101796407186,1.2251497005988023,0.8493003229278794
1,23,irregular,3,1909,266,1643,261,1648,5,0.13672079622839184,0.981203007518797,7.176691729323308,0.24
1,24,regular,1,1065,1079,14,1052,13,27,0.9877934272300469,0.9749768303985171,0.9870250231696015,0.9813432835820894
1,24,semiregular,1,743,680,63,627,116,53,0.8438761776581427,0.9220588235294118,1.0926470588235293,0.8812368236120872
1,24,irregular,1,1154,247,907,156,998,91,0.13518197573656845,0.631578947368421,4.672064777327935,0.22269807280513917
1,24,regular,2,1056,1079,23,1035,21,44,0.9801136363636364,0.959221501390176,0.9786839666357738,0.9695550351288056
1,24,semiregular,2,834,680,154,673,161,7,0.8069544364508393,0.9897058823529412,1.2264705882352942,0.8890356671070013
1,24,irregular,2,1954,247,1707,247,1707,0,0.12640736949846468,1.0,7.910931174089069,0.22444343480236256
1,24,regular,3,954,1079,125,944,10,135,0.989517819706499,0.8748841519925857,0.8841519925857275,0.9286768322675848
1,24,semiregular,3,697,680,17,612,85,68,0.8780487804878049,0.9,1.025,0.888888888888889
1,24,irregular,3,1410,247,1163,228,1182,19,0.16170212765957448,0.9230769230769231,5.708502024291498,0.2751961375980688
1,25,regular,1,919,946,27,913,6,33,0.9934711643090316,0.9651162790697675,0.9714587737843552,0.979088471849866
1,25,semiregular,1,909,718,191,692,217,26,0.7612761276127613,0.9637883008356546,1.266016713091922,0.8506453595574677
1,25,irregular,1,1315,207,1108,166,1149,41,0.12623574144486693,0.8019323671497585,6.352657004830918,0.21813403416557164
1,25,regular,2,949,946,3,937,12,9,0.9873551106427819,0.9904862579281184,1.0031712473572938,0.9889182058047494
1,25,semiregular,2,1032,718,314,714,318,4,0.6918604651162791,0.9944289693593314,1.4373259052924792,0.8160000000000001
1,25,irregular,2,2491,207,2284,207,2284,0,0.08309915696507426,1.0,12.033816425120772,0.15344699777613047
1,25,regular,3,803,946,143,794,9,152,0.9887920298879203,0.8393234672304439,0.8488372093023255,0.9079473985134362
1,25,semiregular,3,803,718,85,645,158,73,0.8032378580323786,0.8983286908077994,1.1183844011142061,0.8481262327416175
1,25,irregular,3,1826,207,1619,188,1638,19,0.10295728368017525,0.9082125603864735,8.821256038647343,0.1849483521888834
1,26,regular,1,1107,985,122,985,122,0,0.8897922312556459,1.0,1.1238578680203046,0.9416826003824091
1,26,semiregular,1,981,720,261,708,273,12,0.7217125382262997,0.9833333333333333,1.3625,0.8324514991181656
1,26,irregular,1,1118,214,904,201,917,13,0.17978533094812166,0.9392523364485982,5.224299065420561,0.30180180180180183
1,26,regular,2,1213,985,228,983,230,2,0.8103874690849134,0.9979695431472081,1.231472081218274,0.8944494995450409
1,26,semiregular,2,630,720,90,488,142,232,0.7746031746031746,0.6777777777777778,0.875,0.7229629629629629
1,26,irregular,2,1552,214,1338,191,1361,23,0.12306701030927836,0.8925233644859814,7.252336448598131,0.21630804077010193
1,26,regular,3,989,985,4,973,16,12,0.9838220424671386,0.9878172588832488,1.0040609137055838,0.9858156028368794
1,26,semiregular,3,833,720,113,671,162,49,0.8055222088835534,0.9319444444444445,1.1569444444444446,0.8641339343206696
1,26,irregular,3,1266,214,1052,211,1055,3,0.16666666666666666,0.985981308411215,5.91588785046729,0.2851351351351351
1,27,regular,1,1099,1166,67,1093,6,73,0.9945404913557779,0.9373927958833619,0.9425385934819898,0.9651214128035319
1,27,semiregular,1,816,728,88,632,184,96,0.7745098039215687,0.8681318681318682,1.120879120879121,0.8186528497409328
1,27,irregular,1,1670,270,1400,215,1455,55,0.12874251497005987,0.7962962962962963,6.185185185185185,0.22164948453608246
1,27,regular,2,1195,1166,29,1166,29,0,0.9757322175732217,1.0,1.0248713550600344,0.987717069038543
1,27,semiregular,2,1036,728,308,723,313,5,0.6978764478764479,0.9931318681318682,1.4230769230769231,0.8197278911564625
1,27,irregular,2,2262,270,1992,270,1992,0,0.11936339522546419,1.0,8.377777777777778,0.21327014218009477
1,27,regular,3,1085,1166,81,1074,11,92,0.9898617511520738,0.9210977701543739,0.9305317324185248,0.9542425588627277
1,27,semiregular,3,853,728,125,690,163,38,0.8089097303634232,0.9478021978021978,1.1717032967032968,0.872865275142315
1,27,irregular,3,1734,270,1464,262,1472,8,0.1510957324106113,0.9703703703703703,6.4222222222222225,0.26147704590818366
1,28,regular,1,1084,1098,14,1072,12,26,0.988929889298893,0.97632058287796,0.9872495446265938,0.9825847846012833
1,28,semiregular,1,1020,859,161,827,193,32,0.8107843137254902,0.9627473806752037,1.1874272409778812,0.8802554550292707
1,28,irregular,1,1904,293,1611,253,1651,40,0.1328781512605042,0.863481228668942,6.498293515358362,0.23031406463359128
1,28,regular,2,1100,1098,2,1075,25,23,0.9772727272727273,0.9790528233151184,1.0018214936247722,0.978161965423112
1,28,semiregular,2,1135,859,276,859,276,0,0.7568281938325991,1.0,1.3213038416763678,0.8615847542627884
1,28,irregular,2,2671,293,2378,293,2378,0,0.10969674279296143,1.0,9.1160409556314,0.19770580296896087
1,28,regular,3,937,1098,161,920,17,178,0.9818569903948773,0.8378870673952641,0.8533697632058288,0.9041769041769041
1,28,semiregular,3,898,859,39,762,136,97,0.8485523385300668,0.8870779976717112,1.0454016298020954,0.8673875924871942
1,28,irregular,3,2112,293,1819,267,1845,26,0.12642045454545456,0.9112627986348123,7.208191126279863,0.22203742203742205
1,29,regular,1,1087,1140,53,1081,6,59,0.9944802207911684,0.9482456140350877,0.9535087719298245,0.9708127525819489
1,29,semiregular,1,1245,869,376,861,384,8,0.691566265060241,0.9907940161104718,1.432681242807825,0.8145695364238411
1,29,irregular,1,1237,247,990,198,1039,49,0.16006467259498788,0.8016194331983806,5.008097165991903,0.26684636118598387
1,29,regular,2,1141,1140,1,1126,15,14,0.9868536371603857,0.987719298245614,1.000877192982456,0.9872862779482683
1,29,semiregular,2,1401,869,532,868,533,1,0.6195574589578873,0.998849252013809,1.6121979286536248,0.7647577092511013
1,29,irregular,2,1742,247,1495,247,1495,0,0.1417910447761194,1.0,7.052631578947368,0.2483660130718954
1,29,regular,3,991,1140,149,981,10,159,0.9899091826437941,0.8605263157894737,0.8692982456140351,0.9206945096198967
1,29,semiregular,3,1114,869,245,842,272,27,0.755834829443447,0.9689298043728424,1.281933256616801,0.8492183560262229
1,29,irregular,3,1309,247,1062,238,1071,9,0.18181818181818182,0.9635627530364372,5.299595141700405,0.3059125964010283
1,30,regular,1,974,997,23,969,5,28,0.9948665297741273,0.9719157472417251,0.9769307923771314,0.9832572298325722
1,30,semiregular,1,950,810,140,780,170,30,0.8210526315789474,0.9629629629629629,1.1728395061728396,0.8863636363636364
1,30,irregular,1,1526,250,1276,227,1299,23,0.14875491480996067,0.908,6.104,0.25563063063063063
1,30,regular,2,1066,997,69,997,69,0,0.9352720450281425,1.0,1.0692076228686058,0.9665535627726612
1,30,semiregular,2,1126,810,316,806,320,4,0.7158081705150977,0.9950617283950617,1.3901234567901235,0.8326446280991736
1,30,irregular,2,2746,250,2496,250,2496,0,0.09104151493080845,1.0,10.984,0.16688918558077437
1,30,regular,3,982,997,15,977,5,20,0.994908350305499,0.9799398194583752,0.9849548645937813,0.9873673572511369
1,30,semiregular,3,895,810,85,773,122,37,0.8636871508379889,0.9543209876543209,1.1049382716049383,0.9067448680351905
1,30,irregular,3,2071,250,1821,237,1834,13,0.11443746982134234,0.948,8.284,0.20422231796639378
2,1,regular,1,947,937,10,936,11,1,0.9883843717001056,0.9989327641408752,1.0106723585912487,0.9936305732484078
2,1,semiregular,1,971,703,268,674,297,29,0.694129763130793,0.9587482219061166,1.3812233285917497,0.8052568697729988
2,1,irregular,1,249,199,50,128,121,71,0.5140562248995983,0.6432160804020101,1.2512562814070352,0.5714285714285714
2,1,regular,2,1061,937,124,937,124,0,0.883129123468426,1.0,1.1323372465314834,0.9379379379379379
2,1,semiregular,2,1195,703,492,696,499,7,0.5824267782426779,0.9900426742532006,1.6998577524893315,0.7334035827186511
2,1,irregular,2,1085,199,886,199,886,0,0.18341013824884791,1.0,5.452261306532663,0.3099688473520249
2,1,regular,3,870,937,67,814,56,123,0.9356321839080459,0.8687299893276414,0.928495197438634,0.9009407858328722
2,1,semiregular,3,894,703,191,645,249,58,0.7214765100671141,0.9174964438122333,1.271692745376956,0.8077645585472761
2,1,irregular,3,508,199,309,169,339,30,0.33267716535433073,0.8492462311557789,2.5527638190954773,0.4780763790664781
2,2,regular,1,1193,1224,31,1188,5,36,0.9958088851634534,0.9705882352941176,0.9746732026143791,0.9830368225072403
2,2,semiregular,1,731,647,84,617,114,30,0.8440492476060192,0.9536321483771252,1.1298299845440494,0.895500725689405
2,2,irregular,1,702,217,485,135,567,82,0.19230769230769232,0.6221198156682027,3.2350230414746544,0.29379760609358
2,2,regular,2,1233,1224,9,1207,26,17,0.9789132197891321,0.9861111111111112,1.0073529411764706,0.9824989824989825
2,2,semiregular,2,849,647,202,647,202,0,0.7620730270906949,1.0,1.312210200927357,0.8649732620320855
2,2,irregular,2,1396,217,1179,217,1179,0,0.15544412607449856,1.0,6.433179723502304,0.2690638561686299
2,2,regular,3,1001,1224,223,988,13,236,0.987012987012987,0.8071895424836601,0.8178104575163399,0.8880898876404494
2,2,semiregular,3,706,647,59,604,102,43,0.8555240793201133,0.9335394126738794,1.0911901081916537,0.8928307464892831
2,2,irregular,3,1146,217,929,198,948,19,0.17277486910994763,0.9124423963133641,5.28110599078341,0.2905355832721937
2,3,regular,1,1063,1053,10,1048,15,5,0.9858889934148636,0.9952516619183286,1.0094966761633428,0.9905482041587903
2,3,semiregular,1,864,716,148,685,179,31,0.7928240740740741,0.9567039106145251,1.2067039106145252,0.8670886075949367
2,3,irregular,1,723,224,499,140,583,84,0.19363762102351315,0.625,3.2276785714285716,0.29567053854276665
2,3,regular,2,1051,1053,2,1038,13,15,0.9876308277830638,0.9857549857549858,0.9981006647673314,0.9866920152091255
2,3,semiregular,2,919,716,203,697,222,19,0.7584330794341676,0.973463687150838,1.2835195530726258,0.8525993883792049
2,3,irregular,2,870,224,646,208,662,16,0.23908045977011494,0.9285714285714286,3.8839285714285716,0.38025594149908587
2,3,regular,3,915,1053,138,906,9,147,0.9901639344262295,0.8603988603988604,0.8689458689458689,0.9207317073170732
2,3,semiregular,3,618,716,98,526,92,190,0.8511326860841424,0.7346368715083799,0.8631284916201117,0.7886056971514241
2,3,irregular,3,958,224,734,189,769,35,0.19728601252609604,0.84375,4.276785714285714,0.3197969543147208
2,4,regular,1,1135,1101,34,1096,39,5,0.9656387665198238,0.9954586739327884,1.030881017257039,0.9803220035778175
2,4,semiregular,1,763,614,149,534,229,80,0.6998689384010485,0.8697068403908795,1.242671009771987,0.775599128540305
2,4,irregular,1,233,228,5,121,112,107,0.51931330472103,0.5307017543859649,1.0219298245614035,0.5249457700650758
2,4,regular,2,1148,1101,47,1101,47,0,0.9590592334494773,1.0,1.0426884650317894,0.9791018230324587
2,4,semiregular,2,959,614,345,613,346,1,0.6392075078206465,0.998371335504886,1.5618892508143323,0.7794024157660522
2,4,irregular,2,1430,228,1202,228,1202,0,0.15944055944055943,1.0,6.271929824561403,0.2750301568154403
2,4,regular,3,791,1101,310,782,9,319,0.988621997471555,0.7102633969118983,0.7184377838328792,0.8266384778012686
2,4,semiregular,3,658,614,44,517,141,97,0.7857142857142857,0.8420195439739414,1.0716612377850163,0.8128930817610064
2,4,irregular,3,1077,228,849,192,885,36,0.17827298050139276,0.8421052631578947,4.723684210526316,0.2942528735632184
2,5,regular,1,1062,1044,18,1044,18,0,0.9830508474576272,1.0,1.0172413793103448,0.9914529914529915
2,5,semiregular,1,999,668,331,654,345,14,0.6546546546546547,0.9790419161676647,1.4955089820359282,0.7846430713857229
2,5,irregular,1,852,217,635,130,722,87,0.15258215962441316,0.5990783410138248,3.9262672811059907,0.2432179607109448
2,5,regular,2,1063,1044,19,1042,21,2,0.980244590780809,0.9980842911877394,1.0181992337164751,0.9890840056953013
2,5,semiregular,2,1068,668,400,666,402,2,0.6235955056179775,0.9970059880239521,1.598802395209581,0.7672811059907833
2,5,irregular,2,1192,217,975,212,980,5,0.17785234899328858,0.9769585253456221,5.493087557603687,0.30092264017033354
2,5,regular,3,850,1044,194,845,5,199,0.9941176470588236,0.8093869731800766,0.814176245210728,0.8922914466737065
2,5,semiregular,3,789,668,121,583,206,85,0.7389100126742713,0.8727544910179641,1.1811377245508983,0.8002745367192864
2,5,irregular,3,886,217,669,205,681,12,0.23137697516930023,0.9447004608294931,4.082949308755761,0.37171350861287394
2,6,regular,1,960,915,45,913,47,2,0.9510416666666667,0.9978142076502732,1.0491803278688525,0.9738666666666667
2,6,semiregular,1,708,701,7,570,138,131,0.8050847457627118,0.8131241084165478,1.0099857346647647,0.8090844570617459
2,6,irregular,1,479,195,284,44,435,151,0.0918580375782881,0.22564102564102564,2.4564102564102566,0.13056379821958458
2,6,regular,2,1019,915,104,915,104,0,0.8979391560353287,1.0,1.1136612021857923,0.9462254395036194
2,6,semiregular,2,929,701,228,683,246,18,0.7351991388589881,0.9743223965763196,1.3252496433666192,0.8380368098159509
2,6,irregular,2,1392,195,1197,195,1197,0,0.1400862068965517,1.0,7.138461538461539,0.2457466918714556
2,6,regular,3,756,915,159,723,33,192,0.9563492063492064,0.7901639344262295,0.8262295081967214,0.8653500897666068
2,6,semiregular,3,648,701,53,546,102,155,0.8425925925925926,0.7788873038516405,0.9243937232524965,0.809488510007413
2,6,irregular,3,1020,195,825,172,848,23,0.16862745098039217,0.882051282051282,5.230769230769231,0.28312757201646094
2,7,regular,1,18,1230,1212,17,1,1213,0.9444444444444444,0.013821138211382113,0.014634146341463415,0.02724358974358974
2,7,semiregular,1,16,761,745,13,3,748,0.8125,0.017082785808147174,0.02102496714848883,0.03346203346203346
2,7,irregular,1,18,225,207,3,15,222,0.16666666666666666,0.013333333333333334,0.08,0.02469135802469136
2,7,regular,2,1284,1230,54,1230,54,0,0.9579439252336449,1.0,1.0439024390243903,0.9785202863961814
2,7,semiregular,2,1137,761,376,755,382,6,0.6640281442392261,0.9921156373193167,1.4940867279894876,0.7955742887249736
2,7,irregular,2,1934,225,1709,224,1710,1,0.11582213029989659,0.9955555555555555,8.595555555555556,0.20750347383047707
2,7,regular,3,1067,1230,163,1055,12,175,0.9887535145267105,0.8577235772357723,0.8674796747967479,0.9185894645189377
2,7,semiregular,3,811,761,50,659,152,102,0.812577065351418,0.8659658344283837,1.0657030223390276,0.8384223918575064
2,7,irregular,3,1458,225,1233,199,1259,26,0.1364883401920439,0.8844444444444445,6.48,0.23648247177658943
2,8,regular,1,1000,1035,35,993,7,42,0.993,0.9594202898550724,0.966183574879227,0.975921375921376
2,8,semiregular,1,857,827,30,701,156,126,0.8179696616102684,0.8476420798065296,1.0362756952841596,0.8325415676959621
2,8,irregular,1,592,243,349,89,503,154,0.15033783783783783,0.3662551440329218,2.4362139917695473,0.21317365269461078
2,8,regular,2,813,1035,222,802,11,233,0.986469864698647,0.77487922705314,0.7855072463768116,0.8679653679653679
2,8,semiregular,2,959,827,132,759,200,68,0.7914494264859229,0.9177750906892382,1.1596130592503022,0.8499440089585666
2,8,irregular,2,1532,243,1289,207,1325,36,0.13511749347258487,0.8518518518518519,6.304526748971194,0.23323943661971833
2,8,regular,3,880,1035,155,874,6,161,0.9931818181818182,0.8444444444444444,0.8502415458937198,0.9127937336814621
2,8,semiregular,3,778,827,49,672,106,155,0.8637532133676092,0.8125755743651754,0.9407496977025392,0.8373831775700934
2,8,irregular,3,1183,243,940,190,993,53,0.16060862214708369,0.7818930041152263,4.868312757201646,0.26647966339410933
2,9,regular,1,1086,1107,21,1079,7,28,0.9935543278084714,0.974706413730804,0.981029810298103,0.9840401276789785
2,9,semiregular,1,605,701,96,533,72,168,0.8809917355371901,0.760342368045649,0.8630527817403709,0.8162327718223583
2,9,irregular,1,456,266,190,111,345,155,0.24342105263157895,0.41729323308270677,1.7142857142857142,0.30747922437673136
2,9,regular,2,1116,1107,9,1101,15,6,0.9865591397849462,0.994579945799458,1.008130081300813,0.9905533063427799
2,9,semiregular,2,826,701,125,674,152,27,0.8159806295399515,0.9614835948644793,1.1783166904422253,0.8827766863130322
2,9,irregular,2,1809,266,1543,266,1543,0,0.1470425649530127,1.0,6.8007518796992485,0.2563855421686747
2,9,regular,3,944,1107,163,932,12,175,0.9872881355932204,0.8419150858175248,0.8527551942186089,0.908824963432472
2,9,semiregular,3,621,701,80,561,60,140,0.9033816425120773,0.8002853067047075,0.8858773181169758,0.848714069591528
2,9,irregular,3,1417,266,1151,221,1196,45,0.1559633027522936,0.8308270676691729,5.327067669172933,0.26262626262626265
2,10,regular,1,1055,1014,41,1001,54,13,0.9488151658767773,0.9871794871794872,1.0404339250493098,0.9676172063798937
2,10,semiregular,1,788,656,132,621,167,35,0.7880710659898477,0.9466463414634146,1.201219512195122,0.8601108033240996
2,10,irregular,1,751,247,504,206,545,41,0.27430093209054596,0.8340080971659919,3.0404858299595143,0.41282565130260523
2,10,regular,2,1099,1014,85,1011,88,3,0.9199272065514104,0.9970414201183432,1.0838264299802762,0.9569332702318977
2,10,semiregular,2,919,656,263,643,276,13,0.6996735582154516,0.9801829268292683,1.4009146341463414,0.8165079365079365
2,10,irregular,2,1428,247,1181,245,1183,2,0.1715686274509804,0.9919028340080972,5.781376518218623,0.29253731343283584
2,10,regular,3,810,1014,204,786,24,228,0.9703703703703703,0.7751479289940828,0.7988165680473372,0.8618421052631579
2,10,semiregular,3,655,656,1,522,133,134,0.7969465648854962,0.7957317073170732,0.9984756097560976,0.7963386727688787
2,10,irregular,3,474,247,227,222,252,25,0.46835443037974683,0.8987854251012146,1.9190283400809716,0.6158113730929264
2,11,regular,1,1075,1070,5,1059,16,11,0.9851162790697674,0.9897196261682243,1.0046728971962617,0.9874125874125874
2,11,semiregular,1,800,700,100,628,172,72,0.785,0.8971428571428571,1.1428571428571428,0.8373333333333334
2,11,irregular,1,747,239,508,158,589,81,0.21151271753681392,0.6610878661087866,3.1255230125523012,0.3204868154158215
2,11,regular,2,964,1070,106,955,9,115,0.9906639004149378,0.8925233644859814,0.9009345794392524,0.9390363815142577
2,11,semiregular,2,883,700,183,674,209,26,0.7633069082672707,0.9628571428571429,1.2614285714285713,0.8515476942514214
2,11,irregular,2,1272,239,1033,221,1051,18,0.17374213836477986,0.9246861924686193,5.322175732217573,0.2925215089344805
2,11,regular,3,848,1070,222,842,6,228,0.9929245283018868,0.7869158878504673,0.7925233644859813,0.8779979144942649
2,11,semiregular,3,712,700,12,576,136,124,0.8089887640449438,0.8228571428571428,1.0171428571428571,0.8158640226628895
2,11,irregular,3,1033,239,794,194,839,45,0.18780251694094868,0.8117154811715481,4.322175732217573,0.3050314465408805
2,12,regular,1,1060,1007,53,1007,53,0,0.95,1.0,1.0526315789473684,0.9743589743589743
2,12,semiregular,1,817,641,176,583,234,58,0.7135862913096696,0.9095163806552262,1.2745709828393135,0.7997256515775034
2,12,irregular,1,724,204,520,124,600,80,0.1712707182320442,0.6078431372549019,3.549019607843137,0.26724137931034486
2,12,regular,2,1116,1007,109,1007,109,0,0.9023297491039427,1.0,1.1082423038728897,0.9486575600565238
2,12,semiregular,2,999,641,358,633,366,8,0.6336336336336337,0.9875195007800313,1.5585023400936038,0.7719512195121951
2,12,irregular,2,1587,204,1383,204,1383,0,0.1285444234404537,1.0,7.779411764705882,0.22780569514237858
2,12,regular,3,812,1007,195,803,9,204,0.9889162561576355,0.7974180734856008,0.8063555114200596,0.8829026937877955
2,12,semiregular,3,663,641,22,522,141,119,0.7873303167420814,0.8143525741029641,1.034321372854914,0.8006134969325154
2,12,irregular,3,1174,204,970,174,1000,30,0.14821124361158433,0.8529411764705882,5.754901960784314,0.25253991291727146
2,13,regular,1,992,1000,8,987,5,13,0.9949596774193549,0.987,0.992,0.9909638554216869
2,13,semiregular,1,905,815,90,754,151,61,0.8331491712707182,0.9251533742331288,1.1104294478527608,0.8767441860465116
2,13,irregular,1,757,216,541,39,718,177,0.05151915455746367,0.18055555555555555,3.5046296296296298,0.08016443987667009
2,13,regular,2,1067,1000,67,1000,67,0,0.9372071227741331,1.0,1.067,0.9675858732462507
2,13,semiregular,2,1047,815,232,813,234,2,0.7765042979942693,0.9975460122699387,1.2846625766871165,0.8732545649838883
2,13,irregular,2,2263,216,2047,216,2047,0,0.09544851966416261,1.0,10.476851851851851,0.17426381605486083
2,13,regular,3,896,1000,104,887,9,113,0.9899553571428571,0.887,0.896,0.9356540084388185
2,13,semiregular,3,815,815,0,693,122,122,0.8503067484662576,0.8503067484662576,1.0,0.8503067484662576
2,13,irregular,3,788,216,572,181,607,35,0.2296954314720812,0.8379629629629629,3.6481481481481484,0.36055776892430275
2,14,regular,1,1048,1052,4,1045,3,7,0.9971374045801527,0.9933460076045627,0.9961977186311787,0.9952380952380951
2,14,semiregular,1,1125,913,212,868,257,45,0.7715555555555556,0.9507119386637459,1.2322015334063527,0.8518155053974484
2,14,irregular,1,545,217,328,108,437,109,0.1981651376146789,0.4976958525345622,2.511520737327189,0.28346456692913385
2,14,regular,2,1061,1052,9,1050,11,2,0.9896324222431668,0.9980988593155894,1.008555133079848,0.9938476100331283
2,14,semiregular,2,1287,913,374,912,375,1,0.7086247086247086,0.9989047097480832,1.4096385542168675,0.8290909090909091
2,14,irregular,2,1363,217,1146,210,1153,7,0.15407190022010273,0.967741935483871,6.28110599078341,0.2658227848101266
2,14,regular,3,879,1052,173,869,10,183,0.9886234357224118,0.8260456273764258,0.8355513307984791,0.9000517866390473
2,14,semiregular,3,892,913,21,766,126,147,0.8587443946188341,0.8389923329682366,0.976998904709748,0.8487534626038782
2,14,irregular,3,864,217,647,174,690,43,0.2013888888888889,0.8018433179723502,3.9815668202764978,0.3219241443108233
2,15,regular,1,997,964,33,964,33,0,0.966900702106319,1.0,1.0342323651452283,0.9831718510963794
2,15,semiregular,1,925,774,151,752,173,22,0.812972972972973,0.9715762273901809,1.1950904392764858,0.8852266038846381
2,15,irregular,1,619,218,401,129,490,89,0.2084006462035541,0.591743119266055,2.8394495412844036,0.3082437275985663
2,15,regular,2,812,964,152,801,11,163,0.9864532019704434,0.8309128630705395,0.8423236514522822,0.902027027027027
2,15,semiregular,2,906,774,132,723,183,51,0.7980132450331126,0.9341085271317829,1.1705426356589148,0.8607142857142857
2,15,irregular,2,1535,218,1317,217,1318,1,0.14136807817589578,0.9954128440366973,7.041284403669724,0.24757558471192245
2,15,regular,3,737,964,227,731,6,233,0.9918588873812755,0.758298755186722,0.7645228215767634,0.8594944150499706
2,15,semiregular,3,752,774,22,637,115,137,0.8470744680851063,0.8229974160206718,0.9715762273901809,0.834862385321101
2,15,irregular,3,717,218,499,179,538,39,0.2496513249651325,0.8211009174311926,3.2889908256880735,0.38288770053475935
2,16,regular,1,1116,1109,7,1102,14,7,0.9874551971326165,0.9936880072137061,1.006311992786294,0.990561797752809
2,16,semiregular,1,745,681,64,593,152,88,0.7959731543624161,0.8707782672540382,1.0939794419970632,0.8316970546984572
2,16,irregular,1,316,272,44,104,212,168,0.3291139240506329,0.38235294117647056,1.161764705882353,0.35374149659863946
2,16,regular,2,1158,1109,49,1109,49,0,0.957685664939551,1.0,1.0441839495040577,0.9783855315394795
2,16,semiregular,2,908,681,227,671,237,10,0.7389867841409692,0.9853157121879589,1.3333333333333333,0.8445563247325363
2,16,irregular,2,1458,272,1186,272,1186,0,0.18655692729766804,1.0,5.360294117647059,0.31445086705202313
2,16,regular,3,1051,1109,58,1040,11,69,0.9895337773549001,0.9377817853922452,0.9477006311992786,0.9629629629629628
2,16,semiregular,3,819,681,138,643,176,38,0.7851037851037851,0.9441997063142438,1.2026431718061674,0.8573333333333334
2,16,irregular,3,522,272,250,234,288,38,0.4482758620689655,0.8602941176470589,1.9191176470588236,0.5894206549118388
2,17,regular,1,1078,1029,49,1029,49,0,0.9545454545454546,1.0,1.0476190476190477,0.9767441860465117
2,17,semiregular,1,866,837,29,701,165,136,0.8094688221709007,0.8375149342891278,1.034647550776583,0.8232530827950675
2,17,irregular,1,91,240,149,61,30,179,0.6703296703296703,0.25416666666666665,0.37916666666666665,0.3685800604229607
2,17,regular,2,1061,1029,32,1027,34,2,0.9679547596606974,0.9980563654033042,1.031098153547133,0.9827751196172249
2,17,semiregular,2,1093,837,256,821,272,16,0.7511436413540714,0.980884109916368,1.3058542413381122,0.8507772020725389
2,17,irregular,2,1909,240,1669,240,1669,0,0.12572027239392353,1.0,7.954166666666667,0.22335970218706377
2,17,regular,3,881,1029,148,874,7,155,0.9920544835414302,0.8493683187560739,0.8561710398445093,0.9151832460732984
2,17,semiregular,3,773,837,64,683,90,154,0.8835705045278137,0.8160095579450418,0.9235364396654719,0.8484472049689441
2,17,irregular,3,1379,240,1139,207,1172,33,0.15010877447425672,0.8625,5.745833333333334,0.2557134033353922
2,18,regular,1,1070,1044,26,1037,33,7,0.9691588785046729,0.9932950191570882,1.024904214559387,0.9810785241248818
2,18,semiregular,1,915,801,114,750,165,51,0.819672131147541,0.9363295880149812,1.142322097378277,0.8741258741258741
2,18,irregular,1,411,252,159,112,299,140,0.2725060827250608,0.4444444444444444,1.630952380952381,0.33785822021116135
2,18,regular,2,1093,1044,49,1043,50,1,0.9542543458371455,0.9990421455938697,1.0469348659003832,0.9761347683668694
2,18,semiregular,2,1039,801,238,784,255,17,0.7545717035611165,0.978776529338327,1.2971285892634208,0.8521739130434782
2,18,irregular,2,1445,252,1193,250,1195,2,0.17301038062283736,0.9920634920634921,5.734126984126984,0.2946375957572186
2,18,regular,3,837,1044,207,828,9,216,0.989247311827957,0.7931034482758621,0.8017241379310345,0.8803827751196173
2,18,semiregular,3,793,801,8,688,105,113,0.8675914249684742,0.8589263420724095,0.9900124843945068,0.8632371392722711
2,18,irregular,3,1166,252,914,228,938,24,0.1955403087478559,0.9047619047619048,4.626984126984127,0.3215796897038082
2,19,regular,1,1073,1076,3,1060,13,16,0.9878844361602982,0.9851301115241635,0.9972118959107806,0.9865053513261981
2,19,semiregular,1,798,753,45,654,144,99,0.8195488721804511,0.8685258964143426,1.0597609561752988,0.8433268858800773
2,19,irregular,1,337,245,92,109,228,136,0.32344213649851633,0.4448979591836735,1.3755102040816327,0.3745704467353952
2,19,regular,2,1158,1076,82,1074,84,2,0.927461139896373,0.9981412639405205,1.0762081784386617,0.9615040286481648
2,19,semiregular,2,981,753,228,740,241,13,0.7543323139653415,0.9827357237715804,1.302788844621514,0.8535178777393311
2,19,irregular,2,1271,245,1026,243,1028,2,0.1911880409126672,0.9918367346938776,5.187755102040816,0.3205804749340369
2,19,regular,3,889,1076,187,882,7,194,0.9921259842519685,0.8197026022304833,0.8262081784386617,0.8977099236641222
2,19,semiregular,3,778,753,25,661,117,92,0.8496143958868895,0.8778220451527224,1.0332005312084993,0.8634879163945134
2,19,irregular,3,982,245,737,213,769,32,0.21690427698574338,0.8693877551020408,4.0081632653061225,0.3471882640586797
2,20,regular,1,1218,1251,33,1213,5,38,0.9958949096880131,0.9696243005595524,0.973621103117506,0.9825840421223168
2,20,semiregular,1,894,841,53,731,163,110,0.8176733780760627,0.8692033293697978,1.0630202140309155,0.8426512968299712
2,20,irregular,1,565,252,313,74,491,178,0.13097345132743363,0.29365079365079366,2.242063492063492,0.18115055079559364
2,20,regular,2,1239,1251,12,1221,18,30,0.9854721549636803,0.9760191846522782,0.9904076738609112,0.9807228915662651
2,20,semiregular,2,1199,841,358,825,374,16,0.6880733944954128,0.9809750297265161,1.4256837098692032,0.8088235294117647
2,20,irregular,2,2030,252,1778,248,1782,4,0.12216748768472907,0.9841269841269841,8.055555555555555,0.217353198948291
2,20,regular,3,913,1251,338,901,12,350,0.9868565169769989,0.7202238209432454,0.7298161470823341,0.83271719038817
2,20,semiregular,3,821,841,20,675,146,166,0.8221680876979294,0.8026159334126041,0.976218787158145,0.812274368231047
2,20,irregular,3,766,252,514,185,581,67,0.24151436031331594,0.7341269841269841,3.0396825396825395,0.36345776031434185
2,21,regular,1,917,920,3,913,4,7,0.9956379498364231,0.9923913043478261,0.9967391304347826,0.9940119760479041
2,21,semiregular,1,847,549,298,510,337,39,0.602125147579693,0.9289617486338798,1.5428051001821494,0.7306590257879656
2,21,irregular,1,480,204,276,125,355,79,0.2604166666666667,0.6127450980392157,2.3529411764705883,0.3654970760233918
2,21,regular,2,1000,920,80,920,80,0,0.92,1.0,1.0869565217391304,0.9583333333333334
2,21,semiregular,2,1000,549,451,546,454,3,0.546,0.994535519125683,1.8214936247723132,0.7049709489993544
2,21,irregular,2,1412,204,1208,204,1208,0,0.14447592067988668,1.0,6.921568627450981,0.2524752475247525
2,21,regular,3,732,920,188,725,7,195,0.9904371584699454,0.7880434782608695,0.7956521739130434,0.87772397094431
2,21,semiregular,3,637,549,88,438,199,111,0.6875981161695447,0.7978142076502732,1.1602914389799637,0.7386172006745363
2,21,irregular,3,999,204,795,171,828,33,0.17117117117117117,0.8382352941176471,4.897058823529412,0.28428927680798005
2,22,regular,1,1001,946,55,940,61,6,0.939060939060939,0.9936575052854123,1.058139534883721,0.965588084232152
2,22,semiregular,1,849,703,146,639,210,64,0.7526501766784452,0.9089615931721194,1.2076813655761025,0.8234536082474226
2,22,irregular,1,754,247,507,184,570,63,0.2440318302387268,0.7449392712550608,3.0526315789473686,0.3676323676323677
2,22,regular,2,1039,946,93,946,93,0,0.9104908565928778,1.0,1.0983086680761098,0.9531486146095718
2,22,semiregular,2,1090,703,387,696,394,7,0.6385321100917432,0.9900426742532006,1.5504978662873399,0.7763524818739543
2,22,irregular,2,1519,247,1272,247,1272,0,0.16260697827518103,1.0,6.149797570850202,0.27972819932049825
2,22,regular,3,793,946,153,771,22,175,0.9722572509457755,0.8150105708245243,0.8382663847780126,0.8867165037377803
2,22,semiregular,3,777,703,74,604,173,99,0.7773487773487774,0.8591749644381224,1.105263157894737,0.8162162162162162
2,22,irregular,3,992,247,745,222,770,25,0.22379032258064516,0.8987854251012146,4.016194331983805,0.35835351089588374
2,23,regular,1,1011,999,12,991,20,8,0.9802176063303659,0.991991991991992,1.012012012012012,0.9860696517412936
2,23,semiregular,1,771,835,64,648,123,187,0.8404669260700389,0.7760479041916167,0.9233532934131736,0.8069738480697385
2,23,irregular,1,85,266,181,33,52,233,0.38823529411764707,0.12406015037593984,0.31954887218045114,0.18803418803418803
2,23,regular,2,1029,999,30,954,75,45,0.9271137026239067,0.954954954954955,1.03003003003003,0.9408284023668639
2,23,semiregular,2,1408,835,573,827,581,8,0.5873579545454546,0.9904191616766467,1.6862275449101796,0.7374052608114133
2,23,irregular,2,3533,266,3267,266,3267,0,0.07529012170959525,1.0,13.281954887218046,0.1400368518031061
2,23,regular,3,791,999,208,759,32,240,0.9595448798988622,0.7597597597597597,0.7917917917917918,0.8480446927374301
2,23,semiregular,3,785,835,50,664,121,171,0.845859872611465,0.7952095808383234,0.9401197604790419,0.8197530864197532
2,23,irregular,3,1367,266,1101,223,1144,43,0.16313094367227504,0.8383458646616542,5.139097744360902,0.27311696264543783
2,24,regular,1,1102,1079,23,1078,24,1,0.9782214156079855,0.9990732159406858,1.0213160333642262,0.988537368179734
2,24,semiregular,1,734,680,54,631,103,49,0.8596730245231607,0.9279411764705883,1.0794117647058823,0.8925035360678926
2,24,irregular,1,869,247,622,97,772,150,0.11162255466052934,0.39271255060728744,3.5182186234817814,0.17383512544802865
2,24,regular,2,1103,1079,24,1078,25,1,0.9773345421577516,0.9990732159406858,1.0222428174235403,0.9880843263061412
2,24,semiregular,2,839,680,159,671,168,9,0.799761620977354,0.986764705882353,1.2338235294117648,0.8834759710335748
2,24,irregular,2,1901,247,1654,247,1654,0,0.12993161493950553,1.0,7.696356275303644,0.22998137802607077
2,24,regular,3,888,1079,191,878,10,201,0.9887387387387387,0.8137164040778498,0.8229842446709916,0.8927300457549567
2,24,semiregular,3,619,680,61,542,77,138,0.875605815831987,0.7970588235294118,0.9102941176470588,0.8344880677444189
2,24,irregular,3,1171,247,924,203,968,44,0.17335610589239966,0.8218623481781376,4.7408906882591095,0.2863187588152327
2,25,regular,1,980,946,34,943,37,3,0.9622448979591837,0.9968287526427061,1.0359408033826638,0.9792315680166147
2,25,semiregular,1,832,718,114,647,185,71,0.7776442307692307,0.9011142061281338,1.158774373259053,0.8348387096774194
2,25,irregular,1,1176,207,969,107,1069,100,0.09098639455782313,0.5169082125603864,5.681159420289855,0.1547360809833695
2,25,regular,2,977,946,31,946,31,0,0.9682702149437052,1.0,1.03276955602537,0.983879355174207
2,25,semiregular,2,992,718,274,693,299,25,0.6985887096774194,0.9651810584958217,1.3816155988857939,0.8105263157894737
2,25,irregular,2,2269,207,2062,207,2062,0,0.09122961657117673,1.0,10.96135265700483,0.16720516962843296
2,25,regular,3,852,946,94,826,26,120,0.9694835680751174,0.8731501057082452,0.9006342494714588,0.9187986651835373
2,25,semiregular,3,835,718,117,683,152,35,0.8179640718562874,0.9512534818941504,1.1629526462395543,0.8795878943979395
2,25,irregular,3,1871,207,1664,190,1681,17,0.10154997327632283,0.9178743961352657,9.03864734299517,0.18286814244465832
2,26,regular,1,1020,985,35,984,36,1,0.9647058823529412,0.9989847715736041,1.0355329949238579,0.9815461346633417
2,26,semiregular,1,808,720,88,631,177,89,0.780940594059406,0.8763888888888889,1.1222222222222222,0.8259162303664921
2,26,irregular,1,1013,214,799,169,844,45,0.16683119447186576,0.7897196261682243,4.733644859813084,0.2754686226568867
2,26,regular,2,1080,985,95,978,102,7,0.9055555555555556,0.9928934010152284,1.0964467005076142,0.9472154963680386
2,26,semiregular,2,259,720,461,173,86,547,0.667953667953668,0.24027777777777778,0.3597222222222222,0.35342185903983653
2,26,irregular,2,812,214,598,104,708,110,0.12807881773399016,0.48598130841121495,3.794392523364486,0.202729044834308
2,26,regular,3,728,985,257,716,12,269,0.9835164835164835,0.7269035532994924,0.7390862944162436,0.8359603035610041
2,26,semiregular,3,640,720,80,542,98,178,0.846875,0.7527777777777778,0.8888888888888888,0.7970588235294117
2,26,irregular,3,1329,214,1115,182,1147,32,0.13694507148231752,0.8504672897196262,6.210280373831775,0.2359040829552819
2,27,regular,1,1159,1166,7,1151,8,15,0.9930974978429681,0.9871355060034306,0.9939965694682675,0.9901075268817205
2,27,semiregular,1,936,728,208,666,270,62,0.7115384615384616,0.9148351648351648,1.2857142857142858,0.8004807692307693
2,27,irregular,1,1757,270,1487,220,1537,50,0.12521343198634036,0.8148148148148148,6.507407407407407,0.21706956092747903
2,27,regular,2,1185,1166,19,1165,20,1,0.9831223628691983,0.9991423670668954,1.016295025728988,0.9910676307954063
2,27,semiregular,2,1036,728,308,720,316,8,0.694980694980695,0.989010989010989,1.4230769230769231,0.8163265306122449
2,27,irregular,2,2354,270,2084,270,2084,0,0.11469838572642312,1.0,8.718518518518518,0.20579268292682926
2,27,regular,3,1052,1166,114,1044,8,122,0.9923954372623575,0.8953687821612349,0.902229845626072,0.9413886384129846
2,27,semiregular,3,754,728,26,637,117,91,0.8448275862068966,0.875,1.0357142857142858,0.8596491228070176
2,27,irregular,3,1577,270,1307,241,1336,29,0.15282181357006974,0.8925925925925926,5.840740740740741,0.26096372495939363
2,28,regular,1,1106,1098,8,1092,14,6,0.9873417721518988,0.994535519125683,1.0072859744990892,0.9909255898366606
2,28,semiregular,1,978,859,119,798,180,61,0.8159509202453987,0.9289871944121071,1.1385331781140862,0.8688078388677191
2,28,irregular,1,2112,293,1819,238,1874,55,0.11268939393939394,0.8122866894197952,7.208191126279863,0.1979209979209979
2,28,regular,2,1144,1098,46,1098,46,0,0.9597902097902098,1.0,1.041894353369763,0.9794826048171276
2,28,semiregular,2,1130,859,271,853,277,6,0.7548672566371681,0.9930151338766007,1.3154831199068684,0.8577174459527401
2,28,irregular,2,2097,293,1804,289,1808,4,0.13781592751549834,0.9863481228668942,7.156996587030717,0.24184100418410043
2,28,regular,3,1003,1098,95,989,14,109,0.9860418743768694,0.900728597449909,0.9134790528233151,0.9414564493098525
2,28,semiregular,3,926,859,67,796,130,63,0.8596112311015118,0.9266589057043073,1.0779976717112922,0.8918767507002802
2,28,irregular,3,1760,293,1467,274,1486,19,0.15568181818181817,0.9351535836177475,6.006825938566553,0.2669264490988797
2,29,regular,1,1159,1140,19,1138,21,2,0.9818809318377912,0.9982456140350877,1.0166666666666666,0.9899956502827316
2,29,semiregular,1,1238,869,369,848,390,21,0.6849757673667205,0.9758342922899885,1.4246260069044878,0.8049359278595158
2,29,irregular,1,1058,247,811,143,915,104,0.13516068052930058,0.5789473684210527,4.283400809716599,0.21915708812260537
2,29,regular,2,1177,1140,37,1139,38,1,0.967714528462192,0.9991228070175439,1.0324561403508772,0.9831678895123003
2,29,semiregular,2,1326,869,457,864,462,5,0.6515837104072398,0.9942462600690449,1.525891829689298,0.787243735763098
2,29,irregular,2,1809,247,1562,247,1562,0,0.13653952459922608,1.0,7.323886639676114,0.24027237354085604
2,29,regular,3,826,1140,314,820,6,320,0.9927360774818402,0.7192982456140351,0.724561403508772,0.8341810783316378
2,29,semiregular,3,942,869,73,749,193,120,0.7951167728237792,0.8619102416570771,1.0840046029919448,0.8271673108779679
2,29,irregular,3,1089,247,842,196,893,51,0.17998163452708907,0.7935222672064778,4.4089068825910935,0.29341317365269465
2,30,regular,1,996,997,1,987,9,10,0.9909638554216867,0.9899699097291875,0.9989969909729187,0.9904666332162568
2,30,semiregular,1,877,810,67,731,146,79,0.8335233751425314,0.9024691358024691,1.0827160493827162,0.8666271487848252
2,30,irregular,1,1773,250,1523,193,1580,57,0.10885504794134236,0.772,7.092,0.19080573405832923
2,30,regular,2,1027,997,30,997,30,0,0.9707887049659202,1.0,1.0300902708124373,0.9851778656126483
2,30,semiregular,2,1056,810,246,799,257,11,0.7566287878787878,0.9864197530864197,1.3037037037037038,0.8563772775991425
2,30,irregular,2,2847,250,2597,250,2597,0,0.08781173164734808,1.0,11.388,0.16144656118824668
2,30,regular,3,856,997,141,852,4,145,0.9953271028037384,0.8545636910732196,0.8585757271815446,0.9195898542903399
2,30,semiregular,3,771,810,39,675,96,135,0.8754863813229572,0.8333333333333334,0.9518518518518518,0.8538899430740038
2,30,irregular,3,1752,250,1502,208,1544,42,0.1187214611872146,0.832,7.008,0.20779220779220778
3,1,regular,1,960,937,23,934,26,3,0.9729166666666667,0.9967982924226254,1.024546424759872,0.9847127042698998
3,1,semiregular,1,968,703,265,675,293,28,0.6973140495867769,0.9601706970128022,1.3769559032716927,0.8078994614003591
3,1,irregular,1,184,199,15,133,51,66,0.7228260869565217,0.6683417085427136,0.9246231155778895,0.6945169712793735
3,1,regular,2,1090,937,153,937,153,0,0.8596330275229358,1.0,1.1632870864461047,0.9245189935865812
3,1,semiregular,2,1194,703,491,701,493,2,0.5871021775544388,0.9971550497866287,1.6984352773826459,0.739061676331049
3,1,irregular,2,1078,199,879,199,879,0,0.18460111317254174,1.0,5.417085427135678,0.31166797180892714
3,1,regular,3,612,937,325,611,1,326,0.9983660130718954,0.6520811099252934,0.6531483457844184,0.788896061975468
3,1,semiregular,3,462,703,241,331,131,372,0.7164502164502164,0.47083926031294454,0.6571834992887624,0.5682403433476395
3,1,irregular,3,80,199,119,70,10,129,0.875,0.35175879396984927,0.4020100502512563,0.5017921146953406
3,2,regular,1,1124,1224,100,1117,7,107,0.9937722419928826,0.9125816993464052,0.9183006535947712,0.9514480408858603
3,2,semiregular,1,732,647,85,611,121,36,0.8346994535519126,0.9443585780525502,1.1313755795981453,0.8861493836113126
3,2,irregular,1,614,217,397,114,500,103,0.18566775244299674,0.5253456221198156,2.8294930875576036,0.2743682310469314
3,2,regular,2,1254,1224,30,1219,35,5,0.9720893141945773,0.9959150326797386,1.0245098039215685,0.9838579499596448
3,2,semiregular,2,873,647,226,647,226,0,0.7411225658648339,1.0,1.3493044822256568,0.8513157894736842
3,2,irregular,2,1399,217,1182,217,1182,0,0.15511079342387418,1.0,6.447004608294931,0.2685643564356435
3,2,regular,3,1038,1224,186,1036,2,188,0.9980732177263969,0.8464052287581699,0.8480392156862745,0.916003536693192
3,2,semiregular,3,269,647,378,261,8,386,0.9702602230483272,0.4034003091190108,0.41576506955177744,0.5698689956331878
3,2,irregular,3,401,217,184,123,278,94,0.30673316708229426,0.5668202764976958,1.847926267281106,0.3980582524271845
3,3,regular,1,1022,1053,31,1015,7,38,0.9931506849315068,0.9639126305792972,0.9705603038936372,0.9783132530120483
3,3,semiregular,1,866,716,150,683,183,33,0.7886836027713626,0.9539106145251397,1.2094972067039107,0.86346396965866
3,3,irregular,1,632,224,408,150,482,74,0.23734177215189872,0.6696428571428571,2.8214285714285716,0.3504672897196261
3,3,regular,2,662,1053,391,653,9,400,0.986404833836858,0.6201329534662868,0.6286799620132953,0.7615160349854228
3,3,semiregular,2,233,716,483,210,23,506,0.9012875536480687,0.29329608938547486,0.3254189944134078,0.44257112750263433
3,3,irregular,2,9,224,215,9,0,215,1.0,0.04017857142857143,0.04017857142857143,0.07725321888412018
3,3,regular,3,750,1053,303,750,0,303,1.0,0.7122507122507122,0.7122507122507122,0.831946755407654
3,3,semiregular,3,326,716,390,307,19,409,0.941717791411043,0.42877094972067037,0.4553072625698324,0.5892514395393473
3,3,irregular,3,114,224,110,104,10,120,0.9122807017543859,0.4642857142857143,0.5089285714285714,0.6153846153846154
3,4,regular,1,1105,1101,4,1090,15,11,0.9864253393665159,0.9900090826521344,1.0036330608537694,0.9882139619220308
3,4,semiregular,1,745,614,131,539,206,75,0.723489932885906,0.8778501628664495,1.213355048859935,0.7932303164091243
3,4,irregular,1,188,228,40,109,79,119,0.5797872340425532,0.4780701754385965,0.8245614035087719,0.5240384615384616
3,4,regular,2,1181,1101,80,1101,80,0,0.9322607959356477,1.0,1.072661217075386,0.964943032427695
3,4,semiregular,2,690,614,76,492,198,122,0.7130434782608696,0.8013029315960912,1.1237785016286646,0.754601226993865
3,4,irregular,2,425,228,197,198,227,30,0.46588235294117647,0.868421052631579,1.8640350877192982,0.6064318529862175
3,4,regular,3,94,1101,1007,88,6,1013,0.9361702127659575,0.07992733878292461,0.08537693006357856,0.14728033472803348
3,4,semiregular,3,39,614,575,24,15,590,0.6153846153846154,0.03908794788273615,0.06351791530944625,0.07350689127105665
3,4,irregular,3,190,228,38,6,184,222,0.031578947368421054,0.02631578947368421,0.8333333333333334,0.028708133971291863
3,5,regular,1,1030,1044,14,1024,6,20,0.9941747572815534,0.9808429118773946,0.9865900383141762,0.987463837994214
3,5,semiregular,1,991,668,323,657,334,11,0.6629667003027245,0.9835329341317365,1.4835329341317365,0.7920433996383365
3,5,irregular,1,760,217,543,152,608,65,0.2,0.7004608294930875,3.5023041474654377,0.3111566018423746
3,5,regular,2,748,1044,296,743,5,301,0.9933155080213903,0.7116858237547893,0.7164750957854407,0.8292410714285714
3,5,semiregular,2,140,668,528,108,32,560,0.7714285714285715,0.16167664670658682,0.20958083832335328,0.26732673267326734
3,5,irregular,2,45,217,172,1,44,216,0.022222222222222223,0.004608294930875576,0.2073732718894009,0.007633587786259542
3,5,regular,3,629,1044,415,628,1,416,0.9984101748807631,0.6015325670498084,0.6024904214559387,0.7507471607890017
3,5,semiregular,3,327,668,341,278,49,390,0.8501529051987767,0.4161676646706587,0.48952095808383234,0.5587939698492461
3,5,irregular,3,99,217,118,87,12,130,0.8787878787878788,0.4009216589861751,0.45622119815668205,0.550632911392405
3,6,regular,1,938,915,23,908,30,7,0.9680170575692963,0.9923497267759562,1.025136612021858,0.9800323799244468
3,6,semiregular,1,670,701,31,577,93,124,0.8611940298507462,0.8231098430813124,0.9557774607703281,0.8417213712618526
3,6,irregular,1,293,195,98,56,237,139,0.19112627986348124,0.28717948717948716,1.5025641025641026,0.22950819672131148
3,6,regular,2,988,915,73,913,75,2,0.9240890688259109,0.9978142076502732,1.0797814207650274,0.9595375722543352
3,6,semiregular,2,770,701,69,611,159,90,0.7935064935064935,0.8716119828815977,1.0984308131241085,0.8307273963290278
3,6,irregular,2,138,195,57,100,38,95,0.7246376811594203,0.5128205128205128,0.7076923076923077,0.6006006006006005
3,6,regular,3,235,915,680,234,1,681,0.9957446808510638,0.25573770491803277,0.2568306010928962,0.4069565217391304
3,6,semiregular,3,116,701,585,100,16,601,0.8620689655172413,0.14265335235378032,0.16547788873038516,0.2447980416156671
3,6,irregular,3,326,195,131,44,282,151,0.13496932515337423,0.22564102564102564,1.6717948717948719,0.16890595009596931
3,7,regular,1,1191,1230,39,1184,7,46,0.9941225860621327,0.9626016260162602,0.9682926829268292,0.9781082197439075
3,7,semiregular,1,993,761,232,666,327,95,0.6706948640483383,0.8751642575558476,1.3048620236530881,0.7594070695553021
3,7,irregular,1,171,225,54,43,128,182,0.25146198830409355,0.19111111111111112,0.76,0.21717171717171715
3,7,regular,2,0,1230,1230,0,0,1230,-1,-1,0.0,-1
3,7,semiregular,2,26,761,735,9,17,752,0.34615384615384615,0.011826544021024968,0.03416557161629435,0.02287166454891995
3,7,irregular,2,444,225,219,83,361,142,0.18693693693693694,0.3688888888888889,1.9733333333333334,0.24813153961136022
3,7,regular,3,101,1230,1129,101,0,1129,1.0,0.08211382113821138,0.08211382113821138,0.1517655897821187
3,7,semiregular,3,11,761,750,8,3,753,0.7272727272727273,0.010512483574244415,0.01445466491458607,0.02072538860103627
3,7,irregular,3,192,225,33,10,182,215,0.052083333333333336,0.044444444444444446,0.8533333333333334,0.04796163069544365
3,8,regular,1,1009,1035,26,1000,9,35,0.9910802775024777,0.966183574879227,0.9748792270531401,0.9784735812133072
3,8,semiregular,1,864,827,37,701,163,126,0.8113425925925926,0.8476420798065296,1.044740024183797,0.8290952099349497
3,8,irregular,1,489,243,246,113,376,130,0.2310838445807771,0.46502057613168724,2.0123456790123457,0.3087431693989071
3,8,regular,2,656,1035,379,651,5,384,0.9923780487804879,0.6289855072463768,0.633816425120773,0.7699586043761089
3,8,semiregular,2,694,827,133,581,113,246,0.8371757925072046,0.7025392986698912,0.8391777509068924,0.7639710716633794
3,8,irregular,2,334,243,91,22,312,221,0.0658682634730539,0.09053497942386832,1.374485596707819,0.0762564991334489
3,8,regular,3,839,1035,196,837,2,198,0.9976162097735399,0.808695652173913,0.8106280193236715,0.8932764140875133
3,8,semiregular,3,287,827,540,264,23,563,0.9198606271777003,0.3192261185006046,0.347037484885127,0.47396768402154404
3,8,irregular,3,281,243,38,85,196,158,0.302491103202847,0.3497942386831276,1.1563786008230452,0.3244274809160305
3,9,regular,1,1052,1107,55,1047,5,60,0.9952471482889734,0.94579945799458,0.950316169828365,0.9698934691987032
3,9,semiregular,1,689,701,12,614,75,87,0.8911465892597968,0.8758915834522111,0.9828815977175464,0.883453237410072
3,9,irregular,1,440,266,174,137,303,129,0.31136363636363634,0.5150375939849624,1.6541353383458646,0.38810198300283283
3,9,regular,2,1110,1107,3,1094,16,13,0.9855855855855856,0.988256549232159,1.002710027100271,0.9869192602616148
3,9,semiregular,2,819,701,118,676,143,25,0.8253968253968254,0.9643366619115549,1.1683309557774608,0.8894736842105262
3,9,irregular,2,1806,266,1540,263,1543,3,0.14562569213732005,0.9887218045112782,6.7894736842105265,0.2538610038610039
3,9,regular,3,323,1107,784,319,4,788,0.9876160990712074,0.2881662149954833,0.2917795844625113,0.4461538461538462
3,9,semiregular,3,81,701,620,73,8,628,0.9012345679012346,0.10413694721825963,0.11554921540656206,0.1867007672634271
3,9,irregular,3,490,266,224,78,412,188,0.15918367346938775,0.2932330827067669,1.8421052631578947,0.20634920634920637
3,10,regular,1,1050,1014,36,997,53,17,0.9495238095238095,0.9832347140039448,1.0355029585798816,0.9660852713178296
3,10,semiregular,1,821,656,165,627,194,29,0.7637028014616322,0.9557926829268293,1.2515243902439024,0.849018280297901
3,10,irregular,1,651,247,404,203,448,44,0.3118279569892473,0.8218623481781376,2.6356275303643724,0.4521158129175946
3,10,regular,2,1152,1014,138,1014,138,0,0.8802083333333334,1.0,1.136094674556213,0.9362880886426592
3,10,semiregular,2,976,656,320,651,325,5,0.6670081967213115,0.9923780487804879,1.4878048780487805,0.7977941176470589
3,10,irregular,2,1535,247,1288,247,1288,0,0.16091205211726384,1.0,6.2145748987854255,0.2772166105499439
3,10,regular,3,787,1014,227,776,11,238,0.9860228716645489,0.7652859960552268,0.7761341222879684,0.8617434758467517
3,10,semiregular,3,426,656,230,389,37,267,0.9131455399061033,0.5929878048780488,0.649390243902439,0.7190388170055452
3,10,irregular,3,309,247,62,153,156,94,0.49514563106796117,0.6194331983805668,1.2510121457489878,0.5503597122302158
3,11,regular,1,1068,1070,2,1060,8,10,0.9925093632958801,0.9906542056074766,0.9981308411214953,0.9915809167446211
3,11,semiregular,1,850,700,150,655,195,45,0.7705882352941177,0.9357142857142857,1.2142857142857142,0.8451612903225807
3,11,irregular,1,598,239,359,145,453,94,0.24247491638795987,0.606694560669456,2.502092050209205,0.34647550776583036
3,11,regular,2,0,1070,1070,0,0,1070,-1,-1,0.0,-1
3,11,semiregular,2,0,700,700,0,0,700,-1,-1,0.0,-1
3,11,irregular,2,0,239,239,0,0,239,-1,-1,0.0,-1
3,11,regular,3,68,1070,1002,68,0,1002,1.0,0.06355140186915888,0.06355140186915888,0.11950790861159928
3,11,semiregular,3,77,700,623,71,6,629,0.922077922077922,0.10142857142857142,0.11,0.18275418275418273
3,11,irregular,3,178,239,61,40,138,199,0.2247191011235955,0.16736401673640167,0.7447698744769874,0.19184652278177458
3,12,regular,1,1066,1007,59,1007,59,0,0.9446529080675422,1.0,1.0585898709036743,0.9715388326097444
3,12,semiregular,1,835,641,194,596,239,45,0.7137724550898203,0.9297971918876755,1.3026521060842433,0.8075880758807588
3,12,irregular,1,656,204,452,148,508,56,0.22560975609756098,0.7254901960784313,3.215686274509804,0.3441860465116279
3,12,regular,2,1135,1007,128,1007,128,0,0.8872246696035242,1.0,1.1271102284011916,0.9402427637721755
3,12,semiregular,2,691,641,50,495,196,146,0.7163531114327062,0.7722308892355694,1.078003120124805,0.7432432432432432
3,12,irregular,2,413,204,209,155,258,49,0.37530266343825663,0.7598039215686274,2.0245098039215685,0.5024311183144246
3,12,regular,3,167,1007,840,165,2,842,0.9880239520958084,0.16385302879841113,0.16583912611717974,0.28109028960817717
3,12,semiregular,3,45,641,596,40,5,601,0.8888888888888888,0.062402496099843996,0.07020280811232449,0.11661807580174928
3,12,irregular,3,434,204,230,25,409,179,0.0576036866359447,0.12254901960784313,2.127450980392157,0.07836990595611286
3,13,regular,1,971,1000,29,966,5,34,0.9948506694129763,0.966,0.971,0.9802130898021308
3,13,semiregular,1,839,815,24,725,114,90,0.8641239570917759,0.8895705521472392,1.0294478527607362,0.8766626360338572
3,13,irregular,1,666,216,450,60,606,156,0.09009009009009009,0.2777777777777778,3.0833333333333335,0.1360544217687075
3,13,regular,2,1049,1000,49,994,55,6,0.9475691134413727,0.994,1.049,0.9702293801854565
3,13,semiregular,2,587,815,228,510,77,305,0.868824531516184,0.6257668711656442,0.7202453987730061,0.7275320970042797
3,13,irregular,2,1219,216,1003,181,1038,35,0.14848236259228875,0.8379629629629629,5.643518518518518,0.2522648083623693
3,13,regular,3,661,1000,339,659,2,341,0.9969742813918305,0.659,0.661,0.7934978928356412
3,13,semiregular,3,282,815,533,248,34,567,0.8794326241134752,0.3042944785276074,0.3460122699386503,0.4521422060164085
3,13,irregular,3,666,216,450,66,600,150,0.0990990990990991,0.3055555555555556,3.0833333333333335,0.14965986394557823
3,14,regular,1,1001,1052,51,1001,0,51,1.0,0.9515209125475285,0.9515209125475285,0.9751583049196297
3,14,semiregular,1,1084,913,171,865,219,48,0.7979704797047971,0.9474260679079957,1.1872946330777656,0.8662994491737607
3,14,irregular,1,446,217,229,113,333,104,0.2533632286995516,0.5207373271889401,2.055299539170507,0.3408748114630467
3,14,regular,2,1072,1052,20,1049,23,3,0.9785447761194029,0.997148288973384,1.0190114068441065,0.9877589453860641
3,14,semiregular,2,1229,913,316,876,353,37,0.7127746135069162,0.9594742606790799,1.3461117196056955,0.8179271708683473
3,14,irregular,2,1281,217,1064,180,1101,37,0.1405152224824356,0.8294930875576036,5.903225806451613,0.2403204272363151
3,14,regular,3,26,1052,1026,23,3,1029,0.8846153846153846,0.021863117870722433,0.024714828897338403,0.04267161410018553
3,14,semiregular,3,76,913,837,69,7,844,0.9078947368421053,0.0755750273822563,0.0832420591456736,0.13953488372093023
3,14,irregular,3,52,217,165,4,48,213,0.07692307692307693,0.018433179723502304,0.23963133640552994,0.02973977695167286
3,15,regular,1,1000,964,36,964,36,0,0.964,1.0,1.037344398340249,0.9816700610997963
3,15,semiregular,1,929,774,155,746,183,28,0.8030139935414424,0.9638242894056848,1.2002583979328165,0.8761009982384028
3,15,irregular,1,547,218,329,133,414,85,0.24314442413162707,0.6100917431192661,2.5091743119266057,0.34771241830065364
3,15,regular,2,38,964,926,38,0,926,1.0,0.03941908713692946,0.03941908713692946,0.07584830339321356
3,15,semiregular,2,69,774,705,57,12,717,0.8260869565217391,0.07364341085271318,0.08914728682170543,0.13523131672597866
3,15,irregular,2,22,218,196,10,12,208,0.45454545454545453,0.045871559633027525,0.10091743119266056,0.08333333333333334
3,15,regular,3,522,964,442,520,2,444,0.9961685823754789,0.5394190871369294,0.5414937759336099,0.6998654104979811
3,15,semiregular,3,386,774,388,347,39,427,0.8989637305699482,0.4483204134366925,0.49870801033591733,0.5982758620689655
3,15,irregular,3,172,218,46,81,91,137,0.47093023255813954,0.37155963302752293,0.7889908256880734,0.4153846153846153
3,16,regular,1,0,1109,1109,0,0,1109,-1,-1,0.0,-1
3,16,semiregular,1,3,681,678,2,1,679,0.6666666666666666,0.002936857562408223,0.004405286343612335,0.005847953216374269
3,16,irregular,1,1,272,271,0,1,272,-1,-1,0.003676470588235294,-1
3,16,regular,2,422,1109,687,421,1,688,0.9976303317535545,0.37962128043282234,0.38052299368800724,0.5499673416067928
3,16,semiregular,2,267,681,414,228,39,453,0.8539325842696629,0.33480176211453744,0.3920704845814978,0.4810126582278481
3,16,irregular,2,484,272,212,184,300,88,0.38016528925619836,0.6764705882352942,1.7794117647058822,0.48677248677248675
3,16,regular,3,333,1109,776,331,2,778,0.993993993993994,0.2984670874661858,0.30027051397655546,0.4590846047156727
3,16,semiregular,3,232,681,449,196,36,485,0.8448275862068966,0.2878120411160059,0.3406754772393539,0.42935377875136915
3,16,irregular,3,493,272,221,105,388,167,0.2129817444219067,0.3860294117647059,1.8125,0.2745098039215686
3,17,regular,1,532,1029,497,531,1,498,0.9981203007518797,0.5160349854227405,0.5170068027210885,0.6803331197950033
3,17,semiregular,1,351,837,486,315,36,522,0.8974358974358975,0.3763440860215054,0.41935483870967744,0.5303030303030303
3,17,irregular,1,53,240,187,23,30,217,0.4339622641509434,0.09583333333333334,0.22083333333333333,0.15699658703071673
3,17,regular,2,1074,1029,45,1025,49,4,0.9543761638733705,0.9961127308066083,1.043731778425656,0.974797907750832
3,17,semiregular,2,1079,837,242,813,266,24,0.7534754402224282,0.9713261648745519,1.2891278375149342,0.848643006263048
3,17,irregular,2,1537,240,1297,238,1299,2,0.15484710474951205,0.9916666666666667,6.404166666666667,0.2678671918964547
3,17,regular,3,500,1029,529,500,0,529,1.0,0.4859086491739553,0.4859086491739553,0.6540222367560498
3,17,semiregular,3,408,837,429,319,89,518,0.7818627450980392,0.3811230585424134,0.4874551971326165,0.5124497991967871
3,17,irregular,3,57,240,183,50,7,190,0.8771929824561403,0.20833333333333334,0.2375,0.3367003367003367
3,18,regular,1,541,1044,503,541,0,503,1.0,0.5181992337164751,0.5181992337164751,0.6826498422712934
3,18,semiregular,1,386,801,415,360,26,441,0.9326424870466321,0.449438202247191,0.4818976279650437,0.6065711878685762
3,18,irregular,1,10,252,242,9,1,243,0.9,0.03571428571428571,0.03968253968253968,0.06870229007633587
3,18,regular,2,1102,1044,58,1042,60,2,0.9455535390199638,0.9980842911877394,1.0555555555555556,0.9711090400745572
3,18,semiregular,2,983,801,182,759,224,42,0.7721261444557477,0.947565543071161,1.227215980024969,0.8508968609865469
3,18,irregular,2,1339,252,1087,249,1090,3,0.1859596713965646,0.9880952380952381,5.313492063492063,0.3130106851037084
3,18,regular,3,493,1044,551,491,2,553,0.9959432048681541,0.4703065134099617,0.4722222222222222,0.6389069616135329
3,18,semiregular,3,451,801,350,424,27,377,0.9401330376940134,0.529338327091136,0.5630461922596754,0.6773162939297124
3,18,irregular,3,191,252,61,106,85,146,0.5549738219895288,0.42063492063492064,0.7579365079365079,0.4785553047404063
3,19,regular,1,1061,1076,15,1053,8,23,0.9924599434495759,0.9786245353159851,0.9860594795539034,0.985493682732803
3,19,semiregular,1,804,753,51,675,129,78,0.8395522388059702,0.896414342629482,1.0677290836653386,0.8670520231213873
3,19,irregular,1,291,245,46,115,176,130,0.3951890034364261,0.46938775510204084,1.1877551020408164,0.4291044776119403
3,19,regular,2,872,1076,204,865,7,211,0.9919724770642202,0.8039033457249071,0.8104089219330854,0.8880903490759754
3,19,semiregular,2,344,753,409,315,29,438,0.9156976744186046,0.41832669322709165,0.45683930942895085,0.5742935278030994
3,19,irregular,2,268,245,23,127,141,118,0.47388059701492535,0.5183673469387755,1.0938775510204082,0.49512670565302147
3,19,regular,3,549,1076,527,549,0,527,1.0,0.5102230483271375,0.5102230483271375,0.6756923076923077
3,19,semiregular,3,400,753,353,385,15,368,0.9625,0.5112881806108898,0.5312084993359893,0.6678230702515179
3,19,irregular,3,83,245,162,77,6,168,0.927710843373494,0.3142857142857143,0.33877551020408164,0.46951219512195125
3,20,regular,1,1159,1251,92,1155,4,96,0.996548748921484,0.9232613908872902,0.926458832933653,0.9585062240663901
3,20,semiregular,1,884,841,43,724,160,117,0.8190045248868778,0.8608799048751486,1.051129607609988,0.8394202898550724
3,20,irregular,1,582,252,330,98,484,154,0.16838487972508592,0.3888888888888889,2.3095238095238093,0.2350119904076739
3,20,regular,2,1199,1251,52,1183,16,68,0.9866555462885738,0.9456434852118305,0.9584332533972821,0.9657142857142857
3,20,semiregular,2,1139,841,298,827,312,14,0.7260755048287972,0.9833531510107015,1.3543400713436384,0.8353535353535355
3,20,irregular,2,1064,252,812,245,819,7,0.23026315789473684,0.9722222222222222,4.222222222222222,0.3723404255319149
3,20,regular,3,749,1251,502,742,7,509,0.9906542056074766,0.5931254996003198,0.5987210231814548,0.742
3,20,semiregular,3,392,841,449,344,48,497,0.8775510204081632,0.4090368608799049,0.4661117717003567,0.5579886455798865
3,20,irregular,3,203,252,49,109,94,143,0.5369458128078818,0.43253968253968256,0.8055555555555556,0.47912087912087914
3,21,regular,1,935,920,15,917,18,3,0.9807486631016042,0.9967391304347826,1.016304347826087,0.9886792452830189
3,21,semiregular,1,865,549,316,514,351,35,0.5942196531791908,0.936247723132969,1.575591985428051,0.7270155586987269
3,21,irregular,1,338,204,134,129,209,75,0.3816568047337278,0.6323529411764706,1.6568627450980393,0.47601476014760147
3,21,regular,2,1004,920,84,920,84,0,0.9163346613545816,1.0,1.0913043478260869,0.9563409563409563
3,21,semiregular,2,680,549,131,433,247,116,0.6367647058823529,0.7887067395264117,1.238615664845173,0.7046379170056957
3,21,irregular,2,290,204,86,97,193,107,0.33448275862068966,0.47549019607843135,1.4215686274509804,0.39271255060728744
3,21,regular,3,100,920,820,99,1,821,0.99,0.10760869565217392,0.10869565217391304,0.1941176470588235
3,21,semiregular,3,49,549,500,34,15,515,0.6938775510204082,0.061930783242258654,0.08925318761384335,0.1137123745819398
3,21,irregular,3,241,204,37,15,226,189,0.06224066390041494,0.07352941176470588,1.1813725490196079,0.06741573033707865
3,22,regular,1,997,946,51,943,54,3,0.9458375125376128,0.9968287526427061,1.0539112050739958,0.970663921770458
3,22,semiregular,1,843,703,140,645,198,58,0.7651245551601423,0.9174964438122333,1.1991465149359886,0.8344113842173351
3,22,irregular,1,672,247,425,185,487,62,0.27529761904761907,0.7489878542510121,2.720647773279352,0.40261153427638735
3,22,regular,2,1069,946,123,946,123,0,0.8849391955098223,1.0,1.1300211416490487,0.9389578163771712
3,22,semiregular,2,971,703,268,662,309,41,0.6817713697219362,0.9416785206258891,1.3812233285917497,0.7909199522102749
3,22,irregular,2,603,247,356,230,373,17,0.3814262023217247,0.9311740890688259,2.4412955465587043,0.5411764705882353
3,22,regular,3,10,946,936,10,0,936,1.0,0.010570824524312896,0.010570824524312896,0.020920502092050212
3,22,semiregular,3,23,703,680,18,5,685,0.782608695652174,0.025604551920341393,0.032716927453769556,0.049586776859504134
3,22,irregular,3,240,247,7,19,221,228,0.07916666666666666,0.07692307692307693,0.97165991902834,0.07802874743326489
3,23,regular,1,976,999,23,972,4,27,0.9959016393442623,0.972972972972973,0.9769769769769769,0.9843037974683545
3,23,semiregular,1,387,835,448,352,35,483,0.9095607235142119,0.4215568862275449,0.46347305389221555,0.5761047463175123
3,23,irregular,1,243,266,23,21,222,245,0.08641975308641975,0.07894736842105263,0.9135338345864662,0.0825147347740668
3,23,regular,2,745,999,254,698,47,301,0.9369127516778524,0.6986986986986987,0.7457457457457457,0.8004587155963303
3,23,semiregular,2,388,835,447,292,96,543,0.7525773195876289,0.34970059880239523,0.46467065868263474,0.4775143090760426
3,23,irregular,2,2183,266,1917,127,2056,139,0.058176820888685296,0.4774436090225564,8.206766917293233,0.10371580236831358
3,23,regular,3,812,999,187,810,2,189,0.9975369458128078,0.8108108108108109,0.8128128128128128,0.894533406957482
3,23,semiregular,3,343,835,492,302,41,533,0.880466472303207,0.36167664670658684,0.41077844311377243,0.5127334465195246
3,23,irregular,3,196,266,70,84,112,182,0.42857142857142855,0.3157894736842105,0.7368421052631579,0.36363636363636365
3,24,regular,1,1067,1079,12,1054,13,25,0.9878163074039362,0.9768303985171455,0.9888785912882299,0.9822926374650512
3,24,semiregular,1,739,680,59,643,96,37,0.8700947225981055,0.9455882352941176,1.0867647058823529,0.9062720225510923
3,24,irregular,1,894,247,647,121,773,126,0.13534675615212527,0.4898785425101215,3.619433198380567,0.21209465381244522
3,24,regular,2,1070,1079,9,1049,21,30,0.9803738317757009,0.9721964782205746,0.9916589434661723,0.9762680316426245
3,24,semiregular,2,789,680,109,648,141,32,0.8212927756653993,0.9529411764705882,1.160294117647059,0.8822328114363512
3,24,irregular,2,1933,247,1686,245,1688,2,0.12674599068804968,0.9919028340080972,7.825910931174089,0.2247706422018349
3,24,regular,3,175,1079,904,175,0,904,1.0,0.16218721037998146,0.16218721037998146,0.27910685805422647
3,24,semiregular,3,51,680,629,48,3,632,0.9411764705882353,0.07058823529411765,0.075,0.13132694938440495
3,24,irregular,3,18,247,229,13,5,234,0.7222222222222222,0.05263157894736842,0.0728744939271255,0.0981132075471698
3,25,regular,1,936,946,10,931,5,15,0.9946581196581197,0.9841437632135307,0.9894291754756871,0.9893730074388949
3,25,semiregular,1,840,718,122,661,179,57,0.7869047619047619,0.9206128133704735,1.16991643454039,0.8485237483953786
3,25,irregular,1,1141,207,934,109,1032,98,0.09553023663453111,0.5265700483091788,5.51207729468599,0.16172106824925817
3,25,regular,2,975,946,29,946,29,0,0.9702564102564103,1.0,1.0306553911205074,0.984903695991671
3,25,semiregular,2,924,718,206,671,253,47,0.7261904761904762,0.9345403899721448,1.286908077994429,0.8172959805115712
3,25,irregular,2,1858,207,1651,97,1761,110,0.052206673842841764,0.46859903381642515,8.97584541062802,0.09394673123486683
3,25,regular,3,751,946,195,748,3,198,0.996005326231691,0.7906976744186046,0.7938689217758985,0.8815556865055981
3,25,semiregular,3,298,718,420,272,26,446,0.912751677852349,0.3788300835654596,0.415041782729805,0.5354330708661418
3,25,irregular,3,27,207,180,4,23,203,0.14814814814814814,0.01932367149758454,0.13043478260869565,0.034188034188034185
3,26,regular,1,995,985,10,974,21,11,0.978894472361809,0.9888324873096447,1.0101522842639594,0.9838383838383838
3,26,semiregular,1,847,720,127,666,181,54,0.7863046044864227,0.925,1.176388888888889,0.8500319081046587
3,26,irregular,1,961,214,747,170,791,44,0.1768990634755463,0.794392523364486,4.490654205607477,0.2893617021276596
3,26,regular,2,1142,985,157,985,157,0,0.862521891418564,1.0,1.1593908629441625,0.926187118006582
3,26,semiregular,2,913,720,193,657,256,63,0.71960569550931,0.9125,1.2680555555555555,0.8046540110226577
3,26,irregular,2,1512,214,1298,207,1305,7,0.13690476190476192,0.9672897196261683,7.065420560747664,0.23986095017381234
3,26,regular,3,4,985,981,4,0,981,1.0,0.0040609137055837565,0.0040609137055837565,0.008088978766430738
3,26,semiregular,3,0,720,720,0,0,720,-1,-1,0.0,-1
3,26,irregular,3,18,214,196,0,18,214,-1,-1,0.08411214953271028,-1
3,27,regular,1,1110,1166,56,1106,4,60,0.9963963963963964,0.9485420240137221,0.9519725557461407,0.9718804920913885
3,27,semiregular,1,957,728,229,649,308,79,0.6781609195402298,0.8914835164835165,1.3145604395604396,0.7703264094955491
3,27,irregular,1,1628,270,1358,206,1422,64,0.12653562653562653,0.762962962962963,6.029629629629629,0.21707060063224445
3,27,regular,2,1203,1166,37,1166,37,0,0.969243557772236,1.0,1.0317324185248713,0.984381595609962
3,27,semiregular,2,911,728,183,650,261,78,0.7135016465422612,0.8928571428571429,1.2513736263736264,0.7931665649786455
3,27,irregular,2,1939,270,1669,221,1718,49,0.11397627643115008,0.8185185185185185,7.181481481481481,0.2000905387052965
3,27,regular,3,875,1166,291,873,2,293,0.9977142857142857,0.7487135506003431,0.7504288164665524,0.8554630083292503
3,27,semiregular,3,415,728,313,367,48,361,0.8843373493975903,0.5041208791208791,0.570054945054945,0.642169728783902
3,27,irregular,3,734,270,464,150,584,120,0.20435967302452315,0.5555555555555556,2.7185185185185183,0.298804780876494
3,28,regular,1,1095,1098,3,1083,12,15,0.989041095890411,0.9863387978142076,0.9972677595628415,0.9876880984952121
3,28,semiregular,1,967,859,108,804,163,55,0.8314374353671148,0.9359720605355064,1.1257275902211874,0.8806133625410734
3,28,irregular,1,2075,293,1782,219,1856,74,0.10554216867469879,0.7474402730375427,7.081911262798635,0.1849662162162162
3,28,regular,2,1135,1098,37,1098,37,0,0.9674008810572687,1.0,1.0336976320582878,0.9834303627407076
3,28,semiregular,2,1091,859,232,845,246,14,0.7745187901008249,0.9837019790454016,1.270081490104773,0.8666666666666667
3,28,irregular,2,1393,293,1100,267,1126,26,0.19167264895908112,0.9112627986348123,4.7542662116040955,0.3167259786476868
3,28,regular,3,786,1098,312,783,3,315,0.9961832061068703,0.7131147540983607,0.7158469945355191,0.8312101910828025
3,28,semiregular,3,431,859,428,397,34,462,0.9211136890951276,0.46216530849825377,0.5017462165308498,0.6155038759689923
3,28,irregular,3,511,293,218,122,389,171,0.23874755381604695,0.41638225255972694,1.7440273037542662,0.30348258706467657
3,29,regular,1,1105,1140,35,1103,2,37,0.9981900452488688,0.9675438596491228,0.9692982456140351,0.9826280623608018
3,29,semiregular,1,1193,869,324,841,352,28,0.7049455155071249,0.9677790563866513,1.3728423475258917,0.8157129000969933
3,29,irregular,1,1036,247,789,167,869,80,0.1611969111969112,0.6761133603238867,4.194331983805668,0.26032735775526117
3,29,regular,2,1166,1140,26,1133,33,7,0.9716981132075472,0.993859649122807,1.0228070175438597,0.9826539462272332
3,29,semiregular,2,1202,869,333,807,395,62,0.6713810316139767,0.9286536248561565,1.3831990794016111,0.7793336552390149
3,29,irregular,2,1586,247,1339,234,1352,13,0.14754098360655737,0.9473684210526315,6.421052631578948,0.2553191489361702
3,29,regular,3,10,1140,1130,10,0,1130,1.0,0.008771929824561403,0.008771929824561403,0.017391304347826087
3,29,semiregular,3,47,869,822,38,9,831,0.8085106382978723,0.04372842347525892,0.05408515535097814,0.08296943231441048
3,29,irregular,3,124,247,123,4,120,243,0.03225806451612903,0.016194331983805668,0.5020242914979757,0.021563342318059297
3,30,regular,1,990,997,7,984,6,13,0.9939393939393939,0.9869608826479438,0.9929789368104313,0.9904378459989935
3,30,semiregular,1,851,810,41,732,119,78,0.8601645123384254,0.9037037037037037,1.0506172839506174,0.8813967489464178
3,30,irregular,1,1827,250,1577,187,1640,63,0.1023535851122058,0.748,7.308,0.1800674049109292
3,30,regular,2,1042,997,45,994,48,3,0.9539347408829175,0.9969909729187563,1.045135406218656,0.9749877390877881
3,30,semiregular,2,999,810,189,782,217,28,0.7827827827827828,0.9654320987654321,1.2333333333333334,0.8645660585959094
3,30,irregular,2,228,250,22,163,65,87,0.7149122807017544,0.652,0.912,0.6820083682008369
3,30,regular,3,381,997,616,378,3,619,0.9921259842519685,0.3791374122367101,0.38214643931795383,0.548621190130624
3,30,semiregular,3,143,810,667,131,12,679,0.916083916083916,0.1617283950617284,0.1765432098765432,0.2749213011542498
3,30,irregular,3,595,250,345,42,553,208,0.07058823529411765,0.168,2.38,0.09940828402366864
4,1,regular,1,924,937,13,913,11,24,0.9880952380952381,0.9743863393810032,0.9861259338313767,0.9811929070392262
4,1,semiregular,1,919,703,216,661,258,42,0.719260065288357,0.9402560455192034,1.3072546230440967,0.8150431565967939
4,1,irregular,1,238,199,39,138,100,61,0.5798319327731093,0.6934673366834171,1.1959798994974875,0.6315789473684211
4,1,regular,2,1067,937,130,937,130,0,0.8781630740393627,1.0,1.1387406616862326,0.935129740518962
4,1,semiregular,2,1195,703,492,696,499,7,0.5824267782426779,0.9900426742532006,1.6998577524893315,0.7334035827186511
4,1,irregular,2,1066,199,867,199,867,0,0.18667917448405252,1.0,5.35678391959799,0.3146245059288537
4,1,regular,3,874,937,63,841,33,96,0.9622425629290617,0.8975453575240128,0.9327641408751334,0.9287686361126448
4,1,semiregular,3,623,703,80,512,111,191,0.8218298555377207,0.7283072546230441,0.8862019914651493,0.7722473604826546
4,1,irregular,3,517,199,318,146,371,53,0.28239845261121854,0.7336683417085427,2.5979899497487438,0.4078212290502793
4,2,regular,1,1207,1224,17,1198,9,26,0.9925434962717481,0.9787581699346405,0.9861111111111112,0.9856026326614561
4,2,semiregular,1,710,647,63,608,102,39,0.856338028169014,0.9397217928902627,1.0973724884080371,0.8960943257184967
4,2,irregular,1,689,217,472,139,550,78,0.20174165457184326,0.6405529953917051,3.175115207373272,0.30684326710816784
4,2,regular,2,1204,1224,20,1181,23,43,0.9808970099667774,0.9648692810457516,0.9836601307189542,0.9728171334431631
4,2,semiregular,2,838,647,191,647,191,0,0.7720763723150358,1.0,1.295208655332303,0.8713804713804714
4,2,irregular,2,1370,217,1153,217,1153,0,0.1583941605839416,1.0,6.313364055299539,0.2734719596723377
4,2,regular,3,1014,1224,210,1011,3,213,0.9970414201183432,0.8259803921568627,0.8284313725490197,0.9034852546916889
4,2,semiregular,3,386,647,261,370,16,277,0.9585492227979274,0.5718701700154559,0.5965996908809892,0.7163601161665052
4,2,irregular,3,441,217,224,142,299,75,0.3219954648526077,0.6543778801843319,2.032258064516129,0.4316109422492401
4,3,regular,1,1030,1053,23,1023,7,30,0.9932038834951457,0.9715099715099715,0.9781576448243114,0.9822371579452713
4,3,semiregular,1,882,716,166,687,195,29,0.7789115646258503,0.9594972067039106,1.2318435754189945,0.8598247809762202
4,3,irregular,1,763,224,539,166,597,58,0.21756225425950196,0.7410714285714286,3.40625,0.33637284701114484
4,3,regular,2,979,1053,74,968,11,85,0.9887640449438202,0.9192782526115859,0.929724596391263,0.952755905511811
4,3,semiregular,2,620,716,96,520,100,196,0.8387096774193549,0.7262569832402235,0.8659217877094972,0.7784431137724551
4,3,irregular,2,51,224,173,44,7,180,0.8627450980392157,0.19642857142857142,0.22767857142857142,0.32
4,3,regular,3,954,1053,99,952,2,101,0.9979035639412998,0.9040835707502374,0.905982905982906,0.9486796213253612
4,3,semiregular,3,416,716,300,396,20,320,0.9519230769230769,0.553072625698324,0.5810055865921788,0.6996466431095407
4,3,irregular,3,130,224,94,106,24,118,0.8153846153846154,0.4732142857142857,0.5803571428571429,0.5988700564971751
4,4,regular,1,1116,1101,15,1092,24,9,0.978494623655914,0.9918256130790191,1.013623978201635,0.9851150202976996
4,4,semiregular,1,754,614,140,555,199,59,0.7360742705570292,0.9039087947882736,1.228013029315961,0.8114035087719297
4,4,irregular,1,268,228,40,133,135,95,0.4962686567164179,0.5833333333333334,1.1754385964912282,0.5362903225806452
4,4,regular,2,1142,1101,41,1101,41,0,0.9640980735551664,1.0,1.0372388737511353,0.9817209094962105
4,4,semiregular,2,986,614,372,614,372,0,0.6227180527383367,1.0,1.6058631921824105,0.7675
4,4,irregular,2,1440,228,1212,228,1212,0,0.15833333333333333,1.0,6.315789473684211,0.2733812949640288
4,4,regular,3,393,1101,708,384,9,717,0.9770992366412213,0.34877384196185285,0.3569482288828338,0.5140562248995983
4,4,semiregular,3,130,614,484,123,7,491,0.9461538461538461,0.2003257328990228,0.21172638436482086,0.33064516129032256
4,4,irregular,3,227,228,1,23,204,205,0.1013215859030837,0.10087719298245613,0.9956140350877193,0.10109890109890109
4,5,regular,1,1055,1044,11,1043,12,1,0.9886255924170616,0.9990421455938697,1.010536398467433,0.993806574559314
4,5,semiregular,1,947,668,279,646,301,22,0.6821541710665259,0.9670658682634731,1.4176646706586826,0.7999999999999999
4,5,irregular,1,906,217,689,138,768,79,0.152317880794702,0.6359447004608295,4.175115207373272,0.24577025823686555
4,5,regular,2,1037,1044,7,1026,11,18,0.9893924783027965,0.9827586206896551,0.9932950191570882,0.9860643921191734
4,5,semiregular,2,868,668,200,615,253,53,0.7085253456221198,0.9206586826347305,1.2994011976047903,0.80078125
4,5,irregular,2,145,217,72,1,144,216,0.006896551724137931,0.004608294930875576,0.6682027649769585,0.005524861878453038
4,5,regular,3,802,1044,242,799,3,245,0.9962593516209476,0.7653256704980843,0.7681992337164751,0.8656554712892741
4,5,semiregular,3,431,668,237,385,46,283,0.8932714617169374,0.5763473053892215,0.6452095808383234,0.7006369426751593
4,5,irregular,3,707,217,490,150,557,67,0.21216407355021216,0.6912442396313364,3.2580645161290325,0.3246753246753247
4,6,regular,1,906,915,9,895,11,20,0.9878587196467992,0.9781420765027322,0.9901639344262295,0.9829763866007688
4,6,semiregular,1,604,701,97,519,85,182,0.859271523178808,0.7403708987161198,0.8616262482168331,0.7954022988505748
4,6,irregular,1,393,195,198,56,337,139,0.14249363867684478,0.28717948717948716,2.0153846153846153,0.19047619047619047
4,6,regular,2,995,915,80,915,80,0,0.9195979899497487,1.0,1.0874316939890711,0.9581151832460733
4,6,semiregular,2,943,701,242,687,256,14,0.7285259809119831,0.9800285306704708,1.3452211126961484,0.8357664233576643
4,6,irregular,2,340,195,145,144,196,51,0.4235294117647059,0.7384615384615385,1.7435897435897436,0.5383177570093458
4,6,regular,3,559,915,356,557,2,358,0.9964221824686941,0.6087431693989072,0.6109289617486339,0.7557666214382632
4,6,semiregular,3,202,701,499,178,24,523,0.8811881188118812,0.25392296718972895,0.28815977175463625,0.39424141749723146
4,6,irregular,3,356,195,161,64,292,131,0.1797752808988764,0.3282051282051282,1.8256410256410256,0.23230490018148822
4,7,regular,1,1234,1230,4,1218,16,12,0.9870340356564019,0.9902439024390244,1.0032520325203251,0.9886363636363638
4,7,semiregular,1,1358,761,597,754,604,7,0.5552282768777614,0.9908015768725361,1.7844940867279895,0.7116564417177914
4,7,irregular,1,1013,225,788,140,873,85,0.13820335636722605,0.6222222222222222,4.502222222222223,0.22617124394184168
4,7,regular,2,1206,1230,24,1184,22,46,0.9817578772802653,0.9626016260162602,0.9804878048780488,0.9720853858784894
4,7,semiregular,2,933,761,172,655,278,106,0.7020364415862809,0.8607095926412615,1.226018396846255,0.7733175914994097
4,7,irregular,2,1759,225,1534,224,1535,1,0.1273450824332007,0.9955555555555555,7.817777777777778,0.22580645161290325
4,7,regular,3,986,1230,244,980,6,250,0.9939148073022313,0.7967479674796748,0.8016260162601626,0.884476534296029
4,7,semiregular,3,401,761,360,367,34,394,0.9152119700748129,0.48226018396846254,0.5269382391590013,0.631669535283993
4,7,irregular,3,342,225,117,83,259,142,0.24269005847953215,0.3688888888888889,1.52,0.2927689594356261
4,8,regular,1,1018,1035,17,1009,9,26,0.9911591355599214,0.9748792270531401,0.9835748792270531,0.9829517778860205
4,8,semiregular,1,860,827,33,699,161,128,0.8127906976744186,0.845223700120919,1.0399032648125757,0.8286899822169531
4,8,irregular,1,689,243,446,113,576,130,0.16400580551523947,0.46502057613168724,2.8353909465020575,0.24248927038626605
4,8,regular,2,842,1035,193,832,10,203,0.9881235154394299,0.8038647342995169,0.8135265700483092,0.8865210442194992
4,8,semiregular,2,903,827,76,734,169,93,0.8128460686600222,0.8875453446191052,1.0918984280532043,0.8485549132947977
4,8,irregular,2,1579,243,1336,162,1417,81,0.1025965801139962,0.6666666666666666,6.497942386831276,0.17782656421514817
4,8,regular,3,872,1035,163,867,5,168,0.9942660550458715,0.8376811594202899,0.842512077294686,0.9092815941269009
4,8,semiregular,3,343,827,484,325,18,502,0.9475218658892128,0.39298669891172916,0.4147521160822249,0.5555555555555556
4,8,irregular,3,442,243,199,110,332,133,0.248868778280543,0.45267489711934156,1.8189300411522633,0.32116788321167883
4,9,regular,1,1080,1107,27,1076,4,31,0.9962962962962963,0.971996386630533,0.975609756097561,0.9839963420210335
4,9,semiregular,1,614,701,87,548,66,153,0.8925081433224755,0.7817403708987162,0.8758915834522111,0.8334600760456273
4,9,irregular,1,624,266,358,142,482,124,0.22756410256410256,0.5338345864661654,2.345864661654135,0.31910112359550563
4,9,regular,2,1064,1107,43,1052,12,55,0.9887218045112782,0.950316169828365,0.9611562782294489,0.9691386457853525
4,9,semiregular,2,802,701,101,664,138,37,0.827930174563591,0.9472182596291013,1.144079885877318,0.8835662009314705
4,9,irregular,2,1748,266,1482,265,1483,1,0.15160183066361557,0.9962406015037594,6.571428571428571,0.2631578947368421
4,9,regular,3,704,1107,403,700,4,407,0.9943181818181818,0.6323396567299007,0.6359530261969286,0.7730535615681944
4,9,semiregular,3,229,701,472,209,20,492,0.9126637554585153,0.29814550641940085,0.32667617689015693,0.4494623655913979
4,9,irregular,3,474,266,208,109,365,157,0.229957805907173,0.40977443609022557,1.781954887218045,0.2945945945945946
4,10,regular,1,1005,1014,9,993,12,21,0.9880597014925373,0.9792899408284024,0.9911242603550295,0.9836552748885588
4,10,semiregular,1,780,656,124,622,158,34,0.7974358974358975,0.948170731707317,1.1890243902439024,0.8662952646239556
4,10,irregular,1,657,247,410,183,474,64,0.2785388127853881,0.7408906882591093,2.659919028340081,0.40486725663716816
4,10,regular,2,1092,1014,78,1011,81,3,0.9258241758241759,0.9970414201183432,1.0769230769230769,0.96011396011396
4,10,semiregular,2,944,656,288,650,294,6,0.6885593220338984,0.9908536585365854,1.4390243902439024,0.8125000000000001
4,10,irregular,2,1500,247,1253,247,1253,0,0.16466666666666666,1.0,6.0728744939271255,0.2827704636519748
4,10,regular,3,904,1014,110,885,19,129,0.9789823008849557,0.8727810650887574,0.8915187376725838,0.9228362877997914
4,10,semiregular,3,428,656,228,401,27,255,0.9369158878504673,0.6112804878048781,0.6524390243902439,0.7398523985239853
4,10,irregular,3,311,247,64,125,186,122,0.40192926045016075,0.5060728744939271,1.2591093117408907,0.44802867383512546
4,11,regular,1,1087,1070,17,1064,23,6,0.9788408463661453,0.994392523364486,1.0158878504672897,0.9865554010199351
4,11,semiregular,1,816,700,116,647,169,53,0.7928921568627451,0.9242857142857143,1.1657142857142857,0.8535620052770448
4,11,irregular,1,740,239,501,174,566,65,0.23513513513513515,0.7280334728033473,3.096234309623431,0.35546475995914195
4,11,regular,2,0,1070,1070,0,0,1070,-1,-1,0.0,-1
4,11,semiregular,2,30,700,670,28,2,672,0.9333333333333333,0.04,0.04285714285714286,0.07671232876712329
4,11,irregular,2,85,239,154,6,79,233,0.07058823529411765,0.02510460251046025,0.35564853556485354,0.037037037037037035
4,11,regular,3,748,1070,322,745,3,325,0.9959893048128342,0.6962616822429907,0.6990654205607477,0.8195819581958196
4,11,semiregular,3,384,700,316,342,42,358,0.890625,0.48857142857142855,0.5485714285714286,0.6309963099630997
4,11,irregular,3,273,239,34,88,185,151,0.32234432234432236,0.3682008368200837,1.1422594142259415,0.34375000000000006
4,12,regular,1,989,1007,18,985,4,22,0.9959555106167847,0.9781529294935452,0.9821251241310824,0.9869739478957916
4,12,semiregular,1,792,641,151,584,208,57,0.7373737373737373,0.9110764430577223,1.2355694227769112,0.8150732728541522
4,12,irregular,1,667,204,463,129,538,75,0.1934032983508246,0.6323529411764706,3.269607843137255,0.29621125143513205
4,12,regular,2,1089,1007,82,1007,82,0,0.9247015610651974,1.0,1.0814299900695135,0.9608778625954199
4,12,semiregular,2,1007,641,366,632,375,9,0.6276067527308838,0.9859594383775351,1.5709828393135725,0.7669902912621359
4,12,irregular,2,1276,204,1072,203,1073,1,0.1590909090909091,0.9950980392156863,6.254901960784314,0.2743243243243243
4,12,regular,3,536,1007,471,535,1,472,0.9981343283582089,0.5312810327706058,0.5322740814299901,0.6934543097861309
4,12,semiregular,3,182,641,459,154,28,487,0.8461538461538461,0.24024960998439937,0.2839313572542902,0.37424058323207776
4,12,irregular,3,277,204,73,68,209,136,0.24548736462093862,0.3333333333333333,1.357843137254902,0.2827442827442827
4,13,regular,1,1001,1000,1,991,10,9,0.99000999000999,0.991,1.001,0.9905047476261869
4,13,semiregular,1,851,815,36,738,113,77,0.8672150411280846,0.905521472392638,1.0441717791411043,0.8859543817527011
4,13,irregular,1,742,216,526,52,690,164,0.07008086253369272,0.24074074074074073,3.435185185185185,0.10855949895615867
4,13,regular,2,1059,1000,59,1000,59,0,0.9442870632672332,1.0,1.059,0.9713453132588634
4,13,semiregular,2,990,815,175,792,198,23,0.8,0.9717791411042945,1.2147239263803682,0.8775623268698062
4,13,irregular,2,2046,216,1830,216,1830,0,0.10557184750733138,1.0,9.472222222222221,0.19098143236074272
4,13,regular,3,952,1000,48,944,8,56,0.9915966386554622,0.944,0.952,0.9672131147540983
4,13,semiregular,3,365,815,450,340,25,475,0.9315068493150684,0.4171779141104294,0.44785276073619634,0.5762711864406779
4,13,irregular,3,125,216,91,75,50,141,0.6,0.3472222222222222,0.5787037037037037,0.4398826979472141
4,14,regular,1,1047,1052,5,1042,5,10,0.9952244508118434,0.9904942965779467,0.9952471482889734,0.9928537398761315
4,14,semiregular,1,1051,913,138,850,201,63,0.8087535680304472,0.9309967141292442,1.1511500547645126,0.8655804480651731
4,14,irregular,1,423,217,206,99,324,118,0.23404255319148937,0.45622119815668205,1.9493087557603688,0.309375
4,14,regular,2,1029,1052,23,1022,7,30,0.9931972789115646,0.9714828897338403,0.9781368821292775,0.9822200864968765
4,14,semiregular,2,1268,913,355,910,358,3,0.7176656151419558,0.9967141292442497,1.388828039430449,0.8344795965153599
4,14,irregular,2,1303,217,1086,198,1105,19,0.15195702225633154,0.9124423963133641,6.0046082949308754,0.26052631578947366
4,14,regular,3,197,1052,855,195,2,857,0.9898477157360406,0.18536121673003803,0.18726235741444866,0.3122497998398719
4,14,semiregular,3,173,913,740,159,14,754,0.9190751445086706,0.1741511500547645,0.18948521358159912,0.2928176795580111
4,14,irregular,3,1071,217,854,63,1008,154,0.058823529411764705,0.2903225806451613,4.935483870967742,0.09782608695652173
4,15,regular,1,982,964,18,964,18,0,0.9816700610997964,1.0,1.0186721991701244,0.9907502569373073
4,15,semiregular,1,918,774,144,744,174,30,0.8104575163398693,0.9612403100775194,1.186046511627907,0.8794326241134751
4,15,irregular,1,741,218,523,147,594,71,0.19838056680161945,0.6743119266055045,3.3990825688073394,0.30656934306569344
4,15,regular,2,236,964,728,232,4,732,0.9830508474576272,0.24066390041493776,0.24481327800829875,0.38666666666666666
4,15,semiregular,2,402,774,372,321,81,453,0.7985074626865671,0.41472868217054265,0.5193798449612403,0.5459183673469388
4,15,irregular,2,490,218,272,87,403,131,0.17755102040816326,0.39908256880733944,2.2477064220183487,0.2457627118644068
4,15,regular,3,592,964,372,591,1,373,0.9983108108108109,0.6130705394190872,0.6141078838174274,0.7596401028277634
4,15,semiregular,3,437,774,337,404,33,370,0.9244851258581236,0.5219638242894057,0.5645994832041343,0.6672171758876961
4,15,irregular,3,137,218,81,83,54,135,0.6058394160583942,0.38073394495412843,0.6284403669724771,0.4676056338028169
4,16,regular,1,1108,1109,1,1103,5,6,0.9954873646209387,0.9945897204688909,0.9990982867448152,0.9950383400992332
4,16,semiregular,1,776,681,95,618,158,63,0.7963917525773195,0.9074889867841409,1.1395007342143906,0.848318462594372
4,16,irregular,1,552,272,280,144,408,128,0.2608695652173913,0.5294117647058824,2.0294117647058822,0.34951456310679613
4,16,regular,2,1032,1109,77,1025,7,84,0.9932170542635659,0.9242560865644724,0.9305680793507665,0.9574964969640355
4,16,semiregular,2,613,681,68,498,115,183,0.8123980424143556,0.7312775330396476,0.9001468428781204,0.7697063369397218
4,16,irregular,2,867,272,595,258,609,14,0.2975778546712803,0.9485294117647058,3.1875,0.45302897278314314
4,16,regular,3,943,1109,166,939,4,170,0.9957582184517497,0.8467087466185753,0.8503155996393147,0.9152046783625731
4,16,semiregular,3,542,681,139,483,59,198,0.8911439114391144,0.7092511013215859,0.7958883994126285,0.7898609975470154
4,16,irregular,3,272,272,0,147,125,125,0.5404411764705882,0.5404411764705882,1.0,0.5404411764705882
4,17,regular,1,1036,1029,7,1029,7,0,0.9932432432432432,1.0,1.0068027210884354,0.9966101694915254
4,17,semiregular,1,888,837,51,747,141,90,0.8412162162162162,0.8924731182795699,1.060931899641577,0.8660869565217391
4,17,irregular,1,714,240,474,131,583,109,0.18347338935574228,0.5458333333333333,2.975,0.2746331236897274
4,17,regular,2,1076,1029,47,1028,48,1,0.9553903345724907,0.9990281827016521,1.0456754130223518,0.9767220902612828
4,17,semiregular,2,1051,837,214,811,240,26,0.7716460513796385,0.9689366786140979,1.2556750298685782,0.8591101694915255
4,17,irregular,2,1502,240,1262,240,1262,0,0.15978695073235685,1.0,6.258333333333334,0.2755453501722158
4,17,regular,3,1016,1029,13,1006,10,23,0.9901574803149606,0.9776482021379981,0.9873663751214772,0.9838630806845966
4,17,semiregular,3,692,837,145,633,59,204,0.9147398843930635,0.7562724014336918,0.8267622461170848,0.8279921517331589
4,17,irregular,3,425,240,185,138,287,102,0.3247058823529412,0.575,1.7708333333333333,0.4150375939849624
4,18,regular,1,1052,1044,8,1040,12,4,0.9885931558935361,0.9961685823754789,1.0076628352490422,0.9923664122137406
4,18,semiregular,1,907,801,106,757,150,44,0.834619625137817,0.9450686641697877,1.1323345817727841,0.8864168618266979
4,18,irregular,1,538,252,286,171,367,81,0.31784386617100374,0.6785714285714286,2.134920634920635,0.4329113924050634
4,18,regular,2,1116,1044,72,1044,72,0,0.9354838709677419,1.0,1.0689655172413792,0.9666666666666666
4,18,semiregular,2,1054,801,253,790,264,11,0.7495256166982922,0.9862671660424469,1.3158551810237205,0.8517520215633423
4,18,irregular,2,1366,252,1114,250,1116,2,0.18301610541727673,0.9920634920634921,5.420634920634921,0.30902348578491967
4,18,regular,3,988,1044,56,983,5,61,0.9949392712550608,0.9415708812260536,0.946360153256705,0.96751968503937
4,18,semiregular,3,703,801,98,652,51,149,0.9274537695590327,0.8139825218476904,0.8776529338327091,0.8670212765957447
4,18,irregular,3,651,252,399,195,456,57,0.2995391705069124,0.7738095238095238,2.5833333333333335,0.4318936877076412
4,19,regular,1,1007,1076,69,1002,5,74,0.9950347567030785,0.9312267657992565,0.9358736059479554,0.9620739318290927
4,19,semiregular,1,721,753,32,621,100,132,0.8613037447988904,0.8247011952191236,0.9575033200531209,0.8426051560379919
4,19,irregular,1,331,245,86,118,213,127,0.3564954682779456,0.4816326530612245,1.3510204081632653,0.4097222222222222
4,19,regular,2,1129,1076,53,1075,54,1,0.9521700620017715,0.9990706319702602,1.0492565055762082,0.9750566893424036
4,19,semiregular,2,996,753,243,747,249,6,0.75,0.9920318725099602,1.3227091633466135,0.8542024013722127
4,19,irregular,2,1223,245,978,243,980,2,0.19869174161896974,0.9918367346938776,4.9918367346938775,0.33106267029972747
4,19,regular,3,1019,1076,57,1016,3,60,0.9970559371933267,0.9442379182156134,0.9470260223048327,0.969928400954654
4,19,semiregular,3,589,753,164,540,49,213,0.9168081494057725,0.7171314741035857,0.7822045152722443,0.804769001490313
4,19,irregular,3,433,245,188,131,302,114,0.302540415704388,0.5346938775510204,1.7673469387755103,0.3864306784660767
4,20,regular,1,1272,1251,21,1217,55,34,0.9567610062893082,0.9728217426059153,1.0167865707434052,0.9647245342845817
4,20,semiregular,1,853,841,12,715,138,126,0.8382180539273154,0.8501783590963139,1.014268727705113,0.8441558441558441
4,20,irregular,1,734,252,482,110,624,142,0.14986376021798364,0.4365079365079365,2.9126984126984126,0.22312373225152127
4,20,regular,2,1393,1251,142,1250,143,1,0.8973438621679828,0.9992006394884093,1.1135091926458833,0.9455370650529501
4,20,semiregular,2,1127,841,286,821,306,20,0.7284826974267968,0.976218787158145,1.3400713436385256,0.8343495934959348
4,20,irregular,2,1136,252,884,242,894,10,0.2130281690140845,0.9603174603174603,4.507936507936508,0.3487031700288184
4,20,regular,3,750,1251,501,746,4,505,0.9946666666666667,0.5963229416466826,0.5995203836930456,0.7456271864067966
4,20,semiregular,3,399,841,442,363,36,478,0.9097744360902256,0.43162901307966706,0.47443519619500596,0.585483870967742
4,20,irregular,3,180,252,72,99,81,153,0.55,0.39285714285714285,0.7142857142857143,0.45833333333333337
4,21,regular,1,949,920,29,917,32,3,0.9662802950474183,0.9967391304347826,1.0315217391304348,0.9812734082397003
4,21,semiregular,1,887,549,338,518,369,31,0.5839909808342728,0.9435336976320583,1.615664845173042,0.7214484679665738
4,21,irregular,1,393,204,189,125,268,79,0.31806615776081426,0.6127450980392157,1.9264705882352942,0.4187604690117253
4,21,regular,2,975,920,55,920,55,0,0.9435897435897436,1.0,1.059782608695652,0.9709762532981531
4,21,semiregular,2,988,549,439,544,444,5,0.5506072874493927,0.9908925318761385,1.7996357012750455,0.7078724788549121
4,21,irregular,2,940,204,736,196,744,8,0.20851063829787234,0.9607843137254902,4.607843137254902,0.34265734265734266
4,21,regular,3,555,920,365,555,0,365,1.0,0.6032608695652174,0.6032608695652174,0.752542372881356
4,21,semiregular,3,205,549,344,156,49,393,0.7609756097560976,0.28415300546448086,0.37340619307832423,0.4137931034482758
4,21,irregular,3,179,204,25,36,143,168,0.2011173184357542,0.17647058823529413,0.8774509803921569,0.18798955613577023
4,22,regular,1,1022,946,76,942,80,4,0.9217221135029354,0.9957716701902748,1.080338266384778,0.9573170731707317
4,22,semiregular,1,833,703,130,617,216,86,0.7406962785114045,0.8776671408250356,1.1849217638691323,0.8033854166666666
4,22,irregular,1,731,247,484,188,543,59,0.25718194254445964,0.7611336032388664,2.9595141700404857,0.38445807770961143
4,22,regular,2,1032,946,86,946,86,0,0.9166666666666666,1.0,1.0909090909090908,0.9565217391304348
4,22,semiregular,2,1096,703,393,697,399,6,0.6359489051094891,0.9914651493598862,1.5590327169274538,0.7748749305169539
4,22,irregular,2,1509,247,1262,247,1262,0,0.16368455931080186,1.0,6.109311740890688,0.28132118451025057
4,22,regular,3,703,946,243,697,6,249,0.9914651493598862,0.7367864693446089,0.7431289640591966,0.8453608247422681
4,22,semiregular,3,521,703,182,473,48,230,0.9078694817658349,0.6728307254623044,0.7411095305832148,0.7728758169934641
4,22,irregular,3,494,247,247,86,408,161,0.17408906882591094,0.3481781376518219,2.0,0.2321187584345479
4,23,regular,1,1144,999,145,998,146,1,0.8723776223776224,0.998998998998999,1.145145145145145,0.9314045730284648
4,23,semiregular,1,1234,835,399,804,430,31,0.6515397082658023,0.962874251497006,1.4778443113772455,0.7771870468825521
4,23,irregular,1,1477,266,1211,154,1323,112,0.10426540284360189,0.5789473684210527,5.552631578947368,0.17670682730923695
4,23,regular,2,1031,999,32,949,82,50,0.9204655674102813,0.94994994994995,1.032032032032032,0.9349753694581281
4,23,semiregular,2,1423,835,588,833,590,2,0.5853829936753338,0.9976047904191617,1.704191616766467,0.7378210806023029
4,23,irregular,2,3148,266,2882,266,2882,0,0.08449809402795426,1.0,11.834586466165414,0.15582893966022263
4,23,regular,3,897,999,102,897,0,102,1.0,0.8978978978978979,0.8978978978978979,0.9462025316455697
4,23,semiregular,3,442,835,393,391,51,444,0.8846153846153846,0.4682634730538922,0.5293413173652695,0.6123727486296007
4,23,irregular,3,516,266,250,119,397,147,0.23062015503875968,0.4473684210526316,1.9398496240601504,0.3043478260869565
4,24,regular,1,1074,1079,5,1060,14,19,0.9869646182495344,0.9823911028730306,0.995366079703429,0.9846725499303297
4,24,semiregular,1,745,680,65,640,105,40,0.8590604026845637,0.9411764705882353,1.0955882352941178,0.8982456140350877
4,24,irregular,1,834,247,587,125,709,122,0.1498800959232614,0.5060728744939271,3.376518218623482,0.23126734505087884
4,24,regular,2,1052,1079,27,1033,19,46,0.9819391634980988,0.9573679332715477,0.9749768303985171,0.969497888315345
4,24,semiregular,2,821,680,141,671,150,9,0.8172959805115713,0.986764705882353,1.2073529411764705,0.8940706195869421
4,24,irregular,2,1862,247,1615,247,1615,0,0.1326530612244898,1.0,7.538461538461538,0.23423423423423423
4,24,regular,3,692,1079,387,689,3,390,0.9956647398843931,0.6385542168674698,0.6413345690454124,0.7780914737436476
4,24,semiregular,3,325,680,355,307,18,373,0.9446153846153846,0.4514705882352941,0.47794117647058826,0.6109452736318408
4,24,irregular,3,96,247,151,84,12,163,0.875,0.340080971659919,0.38866396761133604,0.48979591836734687
4,25,regular,1,946,946,0,941,5,5,0.9947145877378436,0.9947145877378436,1.0,0.9947145877378436
4,25,semiregular,1,858,718,140,663,195,55,0.7727272727272727,0.9233983286908078,1.1949860724233983,0.8413705583756345
4,25,irregular,1,1289,207,1082,123,1166,84,0.09542280837858805,0.5942028985507246,6.2270531400966185,0.16443850267379678
4,25,regular,2,944,946,2,931,13,15,0.986228813559322,0.9841437632135307,0.9978858350951374,0.9851851851851852
4,25,semiregular,2,910,718,192,666,244,52,0.7318681318681318,0.9275766016713092,1.267409470752089,0.8181818181818182
4,25,irregular,2,2408,207,2201,185,2223,22,0.07682724252491695,0.893719806763285,11.632850241545894,0.14149139579349906
4,25,regular,3,541,946,405,538,3,408,0.9944547134935305,0.5687103594080338,0.5718816067653277,0.7236045729657028
4,25,semiregular,3,456,718,262,417,39,301,0.9144736842105263,0.5807799442896936,0.6350974930362117,0.7103918228279387
4,25,irregular,3,600,207,393,63,537,144,0.105,0.30434782608695654,2.898550724637681,0.15613382899628256
4,26,regular,1,975,985,10,959,16,26,0.9835897435897436,0.9736040609137055,0.9898477157360406,0.9785714285714285
4,26,semiregular,1,800,720,80,646,154,74,0.8075,0.8972222222222223,1.1111111111111112,0.85
4,26,irregular,1,1024,214,810,168,856,46,0.1640625,0.7850467289719626,4.785046728971962,0.27140549273021003
4,26,regular,2,1069,985,84,985,84,0,0.921421889616464,1.0,1.085279187817259,0.9591041869522882
4,26,semiregular,2,615,720,105,446,169,274,0.7252032520325203,0.6194444444444445,0.8541666666666666,0.6681647940074907
4,26,irregular,2,1389,214,1175,169,1220,45,0.1216702663786897,0.7897196261682243,6.490654205607477,0.21085464753587024
4,26,regular,3,69,985,916,67,2,918,0.9710144927536232,0.06802030456852792,0.0700507614213198,0.12713472485768504
4,26,semiregular,3,20,720,700,14,6,706,0.7,0.019444444444444445,0.027777777777777776,0.03783783783783783
4,26,irregular,3,616,214,402,39,577,175,0.0633116883116883,0.1822429906542056,2.878504672897196,0.09397590361445783
4,27,regular,1,1145,1166,21,1139,6,27,0.994759825327511,0.9768439108061749,0.9819897084048027,0.98572046733016
4,27,semiregular,1,904,728,176,672,232,56,0.7433628318584071,0.9230769230769231,1.2417582417582418,0.8235294117647058
4,27,irregular,1,1727,270,1457,220,1507,50,0.12738853503184713,0.8148148148148148,6.396296296296296,0.2203304957436154
4,27,regular,2,1163,1166,3,1146,17,20,0.9853826311263972,0.9828473413379074,0.9974271012006861,0.9841133533705453
4,27,semiregular,2,1019,728,291,723,296,5,0.7095191364082434,0.9931318681318682,1.3997252747252746,0.8277046365197481
4,27,irregular,2,2054,270,1784,259,1795,11,0.12609542356377798,0.9592592592592593,7.607407407407408,0.22289156626506024
4,27,regular,3,1023,1166,143,1023,0,143,1.0,0.8773584905660378,0.8773584905660378,0.9346733668341709
4,27,semiregular,3,519,728,209,488,31,240,0.9402697495183044,0.6703296703296703,0.7129120879120879,0.7826784282277466
4,27,irregular,3,365,270,95,169,196,101,0.46301369863013697,0.6259259259259259,1.3518518518518519,0.5322834645669292
4,28,regular,1,1083,1098,15,1077,6,21,0.9944598337950139,0.9808743169398907,0.9863387978142076,0.9876203576341127
4,28,semiregular,1,967,859,108,792,175,67,0.8190279214064116,0.9220023282887078,1.1257275902211874,0.8674698795180723
4,28,irregular,1,2414,293,2121,244,2170,49,0.10107705053852527,0.8327645051194539,8.238907849829351,0.18027336534909494
4,28,regular,2,1097,1098,1,1073,24,25,0.9781221513217867,0.9772313296903461,0.9990892531876139,0.9776765375854213
4,28,semiregular,2,1102,859,243,857,245,2,0.7776769509981851,0.9976717112922002,1.2828870779976718,0.8740438551759306
4,28,irregular,2,2596,293,2303,290,2306,3,0.11171032357473036,0.9897610921501706,8.860068259385665,0.20076150917272412
4,28,regular,3,853,1098,245,839,14,259,0.9835873388042204,0.7641165755919854,0.7768670309653917,0.8600717580727832
4,28,semiregular,3,597,859,262,553,44,306,0.9262981574539364,0.6437718277066357,0.6949941792782305,0.7596153846153848
4,28,irregular,3,668,293,375,151,517,142,0.22604790419161677,0.515358361774744,2.279863481228669,0.3142559833506764
4,29,regular,1,1138,1140,2,1129,9,11,0.992091388400703,0.9903508771929824,0.9982456140350877,0.9912203687445127
4,29,semiregular,1,1141,869,272,836,305,33,0.7326906222611744,0.9620253164556962,1.3130034522439586,0.8318407960199006
4,29,irregular,1,1162,247,915,183,979,64,0.15748709122203097,0.7408906882591093,4.704453441295547,0.25975869410929736
4,29,regular,2,1131,1140,9,1119,12,21,0.9893899204244032,0.9815789473684211,0.9921052631578947,0.9854689564068693
4,29,semiregular,2,1316,869,447,863,453,6,0.6557750759878419,0.9930955120828538,1.514384349827388,0.7899313501144165
4,29,irregular,2,1657,247,1410,247,1410,0,0.14906457453228728,1.0,6.708502024291498,0.25945378151260506
4,29,regular,3,514,1140,626,514,0,626,1.0,0.45087719298245615,0.45087719298245615,0.6215235792019347
4,29,semiregular,3,433,869,436,396,37,473,0.9145496535796767,0.45569620253164556,0.4982738780207135,0.6082949308755761
4,29,irregular,3,652,247,405,80,572,167,0.12269938650306748,0.32388663967611336,2.639676113360324,0.17797552836484984
4,30,regular,1,987,997,10,982,5,15,0.9949341438703141,0.9849548645937813,0.9899699097291875,0.9899193548387096
4,30,semiregular,1,872,810,62,728,144,82,0.8348623853211009,0.8987654320987655,1.0765432098765433,0.8656361474435197
4,30,irregular,1,1846,250,1596,212,1634,38,0.11484290357529794,0.848,7.384,0.20229007633587787
4,30,regular,2,1003,997,6,993,10,4,0.9900299102691924,0.995987963891675,1.0060180541624875,0.993
4,30,semiregular,2,1050,810,240,803,247,7,0.7647619047619048,0.991358024691358,1.2962962962962963,0.8634408602150537
4,30,irregular,2,768,250,518,231,537,19,0.30078125,0.924,3.072,0.45383104125736745
4,30,regular,3,824,997,173,823,1,174,0.9987864077669902,0.8254764292878636,0.8264794383149449,0.9038989566172432
4,30,semiregular,3,504,810,306,467,37,343,0.9265873015873016,0.5765432098765432,0.6222222222222222,0.710806697108067
4,30,irregular,3,2101,250,1851,138,1963,112,0.06568300809138505,0.552,8.404,0.11739685240323267
5,1,regular,1,941,937,4,931,10,6,0.9893730074388948,0.9935965848452508,1.0042689434364995,0.9914802981895634
5,1,semiregular,1,1006,703,303,679,327,24,0.6749502982107356,0.9658605974395448,1.4310099573257469,0.7946167349327091
5,1,irregular,1,384,199,185,147,237,52,0.3828125,0.7386934673366834,1.92964824120603,0.5042881646655232
5,1,regular,2,1045,937,108,937,108,0,0.8966507177033493,1.0,1.1152614727854855,0.9455095862764883
5,1,semiregular,2,1143,703,440,690,453,13,0.6036745406824147,0.9815078236130867,1.6258890469416785,0.7475622968580714
5,1,irregular,2,1111,199,912,199,912,0,0.1791179117911791,1.0,5.582914572864322,0.30381679389312977
5,1,regular,3,822,937,115,764,58,173,0.9294403892944039,0.8153681963713981,0.8772678762006404,0.8686753837407618
5,1,semiregular,3,872,703,169,614,258,89,0.7041284403669725,0.8733997155049786,1.240398293029872,0.7796825396825398
5,1,irregular,3,928,199,729,186,742,13,0.20043103448275862,0.9346733668341709,4.663316582914573,0.3300798580301686
5,2,regular,1,1173,1224,51,1164,9,60,0.9923273657289002,0.9509803921568627,0.9583333333333334,0.9712140175219023
5,2,semiregular,1,743,647,96,615,128,32,0.8277254374158816,0.9505409582689336,1.1483771251931993,0.8848920863309353
5,2,irregular,1,852,217,635,125,727,92,0.1467136150234742,0.576036866359447,3.9262672811059907,0.23386342376052388
5,2,regular,2,1227,1224,3,1203,24,21,0.980440097799511,0.9828431372549019,1.0024509803921569,0.981640146878825
5,2,semiregular,2,828,647,181,646,182,1,0.7801932367149759,0.9984544049459042,1.2797527047913446,0.8759322033898305
5,2,irregular,2,1388,217,1171,217,1171,0,0.1563400576368876,1.0,6.3963133640553,0.270404984423676
5,2,regular,3,1108,1224,116,1092,16,132,0.9855595667870036,0.8921568627450981,0.9052287581699346,0.9365351629502573
5,2,semiregular,3,694,647,47,599,95,48,0.8631123919308358,0.9258114374034003,1.0726429675425038,0.8933631618195377
5,2,irregular,3,1236,217,1019,204,1032,13,0.1650485436893204,0.9400921658986175,5.695852534562212,0.2807983482450103
5,3,regular,1,1053,1053,0,1043,10,10,0.9905033238366572,0.9905033238366572,1.0,0.9905033238366572
5,3,semiregular,1,878,716,162,682,196,34,0.7767653758542141,0.952513966480447,1.2262569832402235,0.8557089084065245
5,3,irregular,1,1006,224,782,175,831,49,0.17395626242544732,0.78125,4.491071428571429,0.2845528455284553
5,3,regular,2,972,1053,81,961,11,92,0.9886831275720165,0.912630579297246,0.9230769230769231,0.9491358024691358
5,3,semiregular,2,375,716,341,328,47,388,0.8746666666666667,0.4581005586592179,0.5237430167597765,0.6012832263978002
5,3,irregular,2,12,224,212,12,0,212,1.0,0.05357142857142857,0.05357142857142857,0.10169491525423728
5,3,regular,3,965,1053,88,955,10,98,0.9896373056994818,0.9069325735992403,0.9164292497625831,0.9464816650148662
5,3,semiregular,3,694,716,22,562,132,154,0.8097982708933718,0.7849162011173184,0.9692737430167597,0.7971631205673758
5,3,irregular,3,1185,224,961,191,994,33,0.16118143459915613,0.8526785714285714,5.290178571428571,0.2711142654364798
5,4,regular,1,1104,1101,3,1083,21,18,0.9809782608695652,0.9836512261580381,1.002724795640327,0.982312925170068
5,4,semiregular,1,681,614,67,504,177,110,0.7400881057268722,0.8208469055374593,1.1091205211726385,0.7783783783783784
5,4,irregular,1,401,228,173,137,264,91,0.341645885286783,0.6008771929824561,1.7587719298245614,0.4356120826709062
5,4,regular,2,1134,1101,33,1101,33,0,0.9708994708994709,1.0,1.0299727520435968,0.9852348993288591
5,4,semiregular,2,911,614,297,603,308,11,0.6619099890230515,0.9820846905537459,1.48371335504886,0.7908196721311476
5,4,irregular,2,1396,228,1168,218,1178,10,0.15616045845272206,0.956140350877193,6.12280701754386,0.2684729064039409
5,4,regular,3,97,1101,1004,82,15,1019,0.845360824742268,0.07447774750227067,0.08810172570390554,0.13689482470784642
5,4,semiregular,3,431,614,183,291,140,323,0.6751740139211136,0.4739413680781759,0.7019543973941368,0.5569377990430621
5,4,irregular,3,1122,228,894,92,1030,136,0.08199643493761141,0.40350877192982454,4.921052631578948,0.1362962962962963
5,5,regular,1,1046,1044,2,1038,8,6,0.9923518164435946,0.9942528735632183,1.0019157088122606,0.9933014354066986
5,5,semiregular,1,984,668,316,646,338,22,0.6565040650406504,0.9670658682634731,1.473053892215569,0.7820823244552058
5,5,irregular,1,1080,217,863,169,911,48,0.15648148148148147,0.7788018433179723,4.976958525345622,0.2606013878180416
5,5,regular,2,990,1044,54,982,8,62,0.9919191919191919,0.9406130268199234,0.9482758620689655,0.9655850540806293
5,5,semiregular,2,329,668,339,241,88,427,0.7325227963525835,0.36077844311377244,0.49251497005988026,0.48345035105315953
5,5,irregular,2,61,217,156,1,60,216,0.01639344262295082,0.004608294930875576,0.28110599078341014,0.007194244604316546
5,5,regular,3,901,1044,143,895,6,149,0.9933407325194229,0.85727969348659,0.8630268199233716,0.9203084832904885
5,5,semiregular,3,930,668,262,645,285,23,0.6935483870967742,0.9655688622754491,1.3922155688622755,0.8072590738423029
5,5,irregular,3,1412,217,1195,202,1210,15,0.14305949008498584,0.9308755760368663,6.506912442396313,0.24800491098833644
5,6,regular,1,866,915,49,851,15,64,0.9826789838337182,0.9300546448087431,0.946448087431694,0.9556428972487366
5,6,semiregular,1,576,701,125,481,95,220,0.8350694444444444,0.6861626248216833,0.8216833095577746,0.7533281127642912
5,6,irregular,1,827,195,632,92,735,103,0.11124546553808948,0.4717948717948718,4.241025641025641,0.18003913894324852
5,6,regular,2,975,915,60,915,60,0,0.9384615384615385,1.0,1.0655737704918034,0.9682539682539683
5,6,semiregular,2,861,701,160,663,198,38,0.7700348432055749,0.9457917261055635,1.2282453637660484,0.8489116517285531
5,6,irregular,2,1141,195,946,168,973,27,0.147239263803681,0.8615384615384616,5.851282051282051,0.251497005988024
5,6,regular,3,470,915,445,431,39,484,0.9170212765957447,0.4710382513661202,0.5136612021857924,0.6223826714801444
5,6,semiregular,3,605,701,96,461,144,240,0.7619834710743801,0.6576319543509273,0.8630527817403709,0.7059724349157734
5,6,irregular,3,1275,195,1080,153,1122,42,0.12,0.7846153846153846,6.538461538461538,0.20816326530612242
5,7,regular,1,1236,1230,6,1217,19,13,0.9846278317152104,0.989430894308943,1.0048780487804878,0.9870235198702352
5,7,semiregular,1,141,761,620,106,35,655,0.75177304964539,0.1392904073587385,0.18528252299605782,0.2350332594235033
5,7,irregular,1,699,225,474,80,619,145,0.11444921316165951,0.35555555555555557,3.1066666666666665,0.17316017316017315
5,7,regular,2,249,1230,981,241,8,989,0.9678714859437751,0.19593495934959348,0.20243902439024392,0.325895875591616
5,7,semiregular,2,103,761,658,64,39,697,0.6213592233009708,0.08409986859395532,0.13534822601839686,0.14814814814814814
5,7,irregular,2,1423,225,1198,188,1235,37,0.13211524947294448,0.8355555555555556,6.3244444444444445,0.22815533980582522
5,7,regular,3,799,1230,431,782,17,448,0.9787234042553191,0.6357723577235772,0.6495934959349593,0.7708230655495317
5,7,semiregular,3,950,761,189,688,262,73,0.7242105263157895,0.9040735873850198,1.2483574244415243,0.804208065458796
5,7,irregular,3,1690,225,1465,204,1486,21,0.12071005917159763,0.9066666666666666,7.511111111111111,0.2130548302872063
5,8,regular,1,1020,1035,15,1011,9,24,0.9911764705882353,0.9768115942028985,0.9855072463768116,0.983941605839416
5,8,semiregular,1,873,827,46,694,179,133,0.7949599083619702,0.8391777509068924,1.0556227327690448,0.8164705882352941
5,8,irregular,1,984,243,741,142,842,101,0.1443089430894309,0.5843621399176955,4.049382716049383,0.2314588427057865
5,8,regular,2,725,1035,310,721,4,314,0.9944827586206897,0.6966183574879227,0.7004830917874396,0.8193181818181818
5,8,semiregular,2,716,827,111,589,127,238,0.8226256983240223,0.7122128174123338,0.8657799274486094,0.7634478289047311
5,8,irregular,2,356,243,113,14,342,229,0.03932584269662921,0.05761316872427984,1.4650205761316872,0.04674457429048414
5,8,regular,3,914,1035,121,907,7,128,0.9923413566739606,0.8763285024154589,0.8830917874396135,0.930733709594664
5,8,semiregular,3,785,827,42,633,152,194,0.8063694267515924,0.7654171704957679,0.9492140266021766,0.7853598014888337
5,8,irregular,3,1345,243,1102,195,1150,48,0.1449814126394052,0.8024691358024691,5.534979423868313,0.2455919395465995
5,9,regular,1,1092,1107,15,1085,7,22,0.9935897435897436,0.980126467931346,0.986449864498645,0.98681218735789
5,9,semiregular,1,672,701,29,584,88,117,0.8690476190476191,0.833095577746077,0.9586305278174037,0.8506919155134742
5,9,irregular,1,862,266,596,158,704,108,0.18329466357308585,0.5939849624060151,3.2406015037593985,0.2801418439716312
5,9,regular,2,1086,1107,21,1073,13,34,0.9880294659300184,0.969286359530262,0.981029810298103,0.9785681714546283
5,9,semiregular,2,805,701,104,669,136,32,0.831055900621118,0.9543509272467903,1.1483594864479316,0.8884462151394422
5,9,irregular,2,1793,266,1527,262,1531,4,0.14612381483547127,0.9849624060150376,6.7406015037593985,0.25449247207382225
5,9,regular,3,431,1107,676,415,16,692,0.962877030162413,0.3748870822041554,0.3893405600722674,0.5396618985695709
5,9,semiregular,3,339,701,362,279,60,422,0.8230088495575221,0.3980028530670471,0.48359486447931527,0.5365384615384615
5,9,irregular,3,1497,266,1231,175,1322,91,0.11690046760187041,0.6578947368421053,5.62781954887218,0.19852524106636416
5,10,regular,1,1032,1014,18,1005,27,9,0.9738372093023255,0.9911242603550295,1.017751479289941,0.9824046920821115
5,10,semiregular,1,782,656,126,602,180,54,0.7698209718670077,0.9176829268292683,1.1920731707317074,0.8372739916550765
5,10,irregular,1,1028,247,781,208,820,39,0.20233463035019456,0.8421052631578947,4.161943319838056,0.3262745098039216
5,10,regular,2,1083,1014,69,1011,72,3,0.9335180055401662,0.9970414201183432,1.0680473372781065,0.9642346208869813
5,10,semiregular,2,935,656,279,647,288,9,0.6919786096256685,0.9862804878048781,1.4253048780487805,0.8133249528598366
5,10,irregular,2,1492,247,1245,247,1245,0,0.16554959785522788,1.0,6.040485829959514,0.2840713053479011
5,10,regular,3,938,1014,76,915,23,99,0.9754797441364605,0.9023668639053254,0.9250493096646942,0.9375
5,10,semiregular,3,488,656,168,403,85,253,0.8258196721311475,0.614329268292683,0.7439024390243902,0.7045454545454545
5,10,irregular,3,1191,247,944,208,983,39,0.1746431570109152,0.8421052631578947,4.821862348178137,0.2892906815020862
5,11,regular,1,1073,1070,3,1060,13,10,0.9878844361602982,0.9906542056074766,1.002803738317757,0.9892673821745217
5,11,semiregular,1,807,700,107,624,183,76,0.7732342007434945,0.8914285714285715,1.1528571428571428,0.8281353682813537
5,11,irregular,1,990,239,751,158,832,81,0.1595959595959596,0.6610878661087866,4.142259414225942,0.25711960943856793
5,11,regular,2,0,1070,1070,0,0,1070,-1,-1,0.0,-1
5,11,semiregular,2,0,700,700,0,0,700,-1,-1,0.0,-1
5,11,irregular,2,1,239,238,0,1,239,-1,-1,0.0041841004184100415,-1
5,11,regular,3,690,1070,380,680,10,390,0.9855072463768116,0.6355140186915887,0.6448598130841121,0.7727272727272727
5,11,semiregular,3,765,700,65,588,177,112,0.7686274509803922,0.84,1.0928571428571427,0.8027303754266212
5,11,irregular,3,1277,239,1038,156,1121,83,0.12216131558339859,0.6527196652719666,5.343096234309623,0.2058047493403694
5,12,regular,1,1031,1007,24,1007,24,0,0.976721629485936,1.0,1.0238331678252235,0.9882237487733072
5,12,semiregular,1,831,641,190,586,245,55,0.7051744885679904,0.9141965678627145,1.296411856474259,0.7961956521739131
5,12,irregular,1,1019,204,815,162,857,42,0.1589793915603533,0.7941176470588235,4.995098039215686,0.2649223221586263
5,12,regular,2,1079,1007,72,1007,72,0,0.933271547729379,1.0,1.0714995034756702,0.9654841802492808
5,12,semiregular,2,902,641,261,616,286,25,0.6829268292682927,0.9609984399375975,1.4071762870514821,0.7984445884640311
5,12,irregular,2,963,204,759,180,783,24,0.18691588785046728,0.8823529411764706,4.720588235294118,0.30848329048843187
5,12,regular,3,338,1007,669,328,10,679,0.9704142011834319,0.3257199602780536,0.3356504468718967,0.4877323420074349
5,12,semiregular,3,671,641,30,460,211,181,0.6855439642324889,0.717628705148206,1.046801872074883,0.701219512195122
5,12,irregular,3,1288,204,1084,115,1173,89,0.08928571428571429,0.5637254901960784,6.313725490196078,0.15415549597855227
5,13,regular,1,981,1000,19,979,2,21,0.9979612640163099,0.979,0.981,0.9883897021706209
5,13,semiregular,1,882,815,67,742,140,73,0.8412698412698413,0.9104294478527607,1.0822085889570552,0.8744843842074249
5,13,irregular,1,1060,216,844,59,1001,157,0.05566037735849057,0.27314814814814814,4.907407407407407,0.09247648902821316
5,13,regular,2,1020,1000,20,996,24,4,0.9764705882352941,0.996,1.02,0.986138613861386
5,13,semiregular,2,780,815,35,652,128,163,0.8358974358974359,0.8,0.9570552147239264,0.8175548589341693
5,13,irregular,2,1798,216,1582,146,1652,70,0.08120133481646273,0.6759259259259259,8.324074074074074,0.14498510427010922
5,13,regular,3,870,1000,130,858,12,142,0.9862068965517241,0.858,0.87,0.9176470588235293
5,13,semiregular,3,674,815,141,544,130,271,0.8071216617210683,0.6674846625766871,0.8269938650306748,0.7306917394224312
5,13,irregular,3,1468,216,1252,130,1338,86,0.0885558583106267,0.6018518518518519,6.796296296296297,0.1543942992874109
5,14,regular,1,1022,1052,30,1020,2,32,0.9980430528375733,0.9695817490494296,0.9714828897338403,0.9836065573770493
5,14,semiregular,1,1092,913,179,856,236,57,0.7838827838827839,0.9375684556407448,1.1960569550930997,0.8538653366583542
5,14,irregular,1,808,217,591,135,673,82,0.1670792079207921,0.6221198156682027,3.7235023041474653,0.2634146341463415
5,14,regular,2,1030,1052,22,1023,7,29,0.9932038834951457,0.9724334600760456,0.9790874524714829,0.9827089337175793
5,14,semiregular,2,1201,913,288,892,309,21,0.742714404662781,0.976998904709748,1.3154435925520263,0.8438978240302745
5,14,irregular,2,1212,217,995,160,1052,57,0.132013201320132,0.7373271889400922,5.585253456221198,0.22393282015395383
5,14,regular,3,50,1052,1002,36,14,1016,0.72,0.034220532319391636,0.04752851711026616,0.06533575317604357
5,14,semiregular,3,588,913,325,428,160,485,0.7278911564625851,0.4687842278203724,0.6440306681270537,0.570286475682878
5,14,irregular,3,1137,217,920,45,1092,172,0.0395778364116095,0.2073732718894009,5.23963133640553,0.06646971935007387
5,15,regular,1,998,964,34,964,34,0,0.9659318637274549,1.0,1.0352697095435686,0.9826707441386341
5,15,semiregular,1,955,774,181,748,207,26,0.7832460732984293,0.9664082687338501,1.2338501291989663,0.86524002313476
5,15,irregular,1,997,218,779,144,853,74,0.1444332998996991,0.6605504587155964,4.573394495412844,0.23703703703703705
5,15,regular,2,81,964,883,81,0,883,1.0,0.08402489626556017,0.08402489626556017,0.1550239234449761
5,15,semiregular,2,151,774,623,109,42,665,0.7218543046357616,0.14082687338501293,0.19509043927648578,0.23567567567567566
5,15,irregular,2,36,218,182,8,28,210,0.2222222222222222,0.03669724770642202,0.1651376146788991,0.06299212598425198
5,15,regular,3,607,964,357,599,8,365,0.9868204283360791,0.6213692946058091,0.6296680497925311,0.7625716104392107
5,15,semiregular,3,792,774,18,645,147,129,0.8143939393939394,0.8333333333333334,1.0232558139534884,0.8237547892720306
5,15,irregular,3,974,218,756,186,788,32,0.19096509240246407,0.8532110091743119,4.467889908256881,0.31208053691275167
5,16,regular,1,1105,1109,4,1098,7,11,0.9936651583710407,0.9900811541929666,0.9963931469792606,0.9918699186991871
5,16,semiregular,1,766,681,85,605,161,76,0.7898172323759791,0.8883994126284875,1.1248164464023496,0.8362128541810643
5,16,irregular,1,621,272,349,167,454,105,0.2689210950080515,0.6139705882352942,2.2830882352941178,0.37402015677491596
5,16,regular,2,926,1109,183,924,2,185,0.9978401727861771,0.8331830477908025,0.8349864743011722,0.908108108108108
5,16,semiregular,2,426,681,255,345,81,336,0.8098591549295775,0.5066079295154186,0.6255506607929515,0.6233062330623307
5,16,irregular,2,551,272,279,190,361,82,0.3448275862068966,0.6985294117647058,2.025735294117647,0.4617253948967193
5,16,regular,3,930,1109,179,916,14,193,0.9849462365591398,0.8259693417493237,0.8385933273219116,0.8984796468857285
5,16,semiregular,3,803,681,122,632,171,49,0.7870485678704857,0.9280469897209985,1.1791483113069017,0.8517520215633423
5,16,irregular,3,984,272,712,252,732,20,0.25609756097560976,0.9264705882352942,3.6176470588235294,0.4012738853503185
5,17,regular,1,1036,1029,7,1027,9,2,0.9913127413127413,0.9980563654033042,1.0068027210884354,0.9946731234866828
5,17,semiregular,1,867,837,30,722,145,115,0.8327566320645905,0.8626045400238949,1.03584229390681,0.8474178403755869
5,17,irregular,1,720,240,480,133,587,107,0.18472222222222223,0.5541666666666667,3.0,0.27708333333333335
5,17,regular,2,1046,1029,17,1024,22,5,0.9789674952198852,0.9951409135082604,1.0165208940719144,0.9869879518072289
5,17,semiregular,2,1044,837,207,818,226,19,0.7835249042145593,0.977299880525687,1.2473118279569892,0.8697501329080275
5,17,irregular,2,954,240,714,225,729,15,0.2358490566037736,0.9375,3.975,0.37688442211055273
5,17,regular,3,921,1029,108,910,11,119,0.988056460369164,0.8843537414965986,0.8950437317784257,0.9333333333333332
5,17,semiregular,3,857,837,20,728,129,109,0.8494749124854143,0.8697729988052568,1.02389486260454,0.8595041322314049
5,17,irregular,3,1644,240,1404,213,1431,27,0.12956204379562045,0.8875,6.85,0.2261146496815287
5,18,regular,1,1044,1044,0,1035,9,9,0.9913793103448276,0.9913793103448276,1.0,0.9913793103448276
5,18,semiregular,1,901,801,100,739,162,62,0.8201997780244173,0.9225967540574282,1.1248439450686643,0.8683901292596946
5,18,irregular,1,649,252,397,162,487,90,0.24961479198767333,0.6428571428571429,2.5753968253968256,0.35960044395116536
5,18,regular,2,1063,1044,19,1040,23,4,0.9783631232361242,0.9961685823754789,1.0181992337164751,0.9871855719031798
5,18,semiregular,2,982,801,181,770,212,31,0.7841140529531568,0.9612983770287141,1.2259675405742823,0.8637128435221537
5,18,irregular,2,1348,252,1096,242,1106,10,0.1795252225519288,0.9603174603174603,5.349206349206349,0.30250000000000005
5,18,regular,3,897,1044,147,886,11,158,0.987736900780379,0.8486590038314177,0.8591954022988506,0.9129314786192686
5,18,semiregular,3,878,801,77,739,139,62,0.8416856492027335,0.9225967540574282,1.0961298377028714,0.8802858844550328
5,18,irregular,3,1258,252,1006,236,1022,16,0.1875993640699523,0.9365079365079365,4.992063492063492,0.3125827814569537
5,19,regular,1,1063,1076,13,1051,12,25,0.9887111947318908,0.9767657992565055,0.9879182156133829,0.9827021972884525
5,19,semiregular,1,816,753,63,670,146,83,0.821078431372549,0.8897742363877822,1.0836653386454183,0.8540471637985979
5,19,irregular,1,602,245,357,149,453,96,0.24750830564784054,0.6081632653061224,2.4571428571428573,0.3518299881936246
5,19,regular,2,1086,1076,10,1072,14,4,0.9871086556169429,0.9962825278810409,1.0092936802973977,0.9916743755781684
5,19,semiregular,2,870,753,117,720,150,33,0.8275862068965517,0.9561752988047809,1.155378486055777,0.8872458410351203
5,19,irregular,2,1162,245,917,229,933,16,0.19707401032702238,0.9346938775510204,4.742857142857143,0.3255152807391613
5,19,regular,3,933,1076,143,923,10,153,0.9892818863879957,0.8578066914498141,0.8671003717472119,0.9188651070184172
5,19,semiregular,3,824,753,71,677,147,76,0.8216019417475728,0.899070385126162,1.094289508632138,0.8585922637920101
5,19,irregular,3,1143,245,898,223,920,22,0.19510061242344706,0.9102040816326531,4.66530612244898,0.32132564841498557
5,20,regular,1,1211,1251,40,1203,8,48,0.9933938893476466,0.9616306954436451,0.9680255795363709,0.9772542648253453
5,20,semiregular,1,862,841,21,702,160,139,0.814385150812065,0.8347205707491082,1.0249702734839476,0.8244274809160306
5,20,irregular,1,884,252,632,124,760,128,0.14027149321266968,0.49206349206349204,3.507936507936508,0.21830985915492956
5,20,regular,2,1219,1251,32,1200,19,51,0.9844134536505332,0.9592326139088729,0.9744204636290967,0.97165991902834
5,20,semiregular,2,1174,841,333,837,337,4,0.712947189097104,0.995243757431629,1.3959571938168847,0.8307692307692308
5,20,irregular,2,1490,252,1238,249,1241,3,0.16711409395973154,0.9880952380952381,5.912698412698413,0.28587830080367393
5,20,regular,3,804,1251,447,791,13,460,0.9838308457711443,0.6322941646682654,0.6426858513189448,0.7698296836982969
5,20,semiregular,3,839,841,2,664,175,177,0.7914183551847438,0.7895362663495838,0.9976218787158145,0.7904761904761906
5,20,irregular,3,973,252,721,188,785,64,0.1932168550873587,0.746031746031746,3.861111111111111,0.3069387755102041
5,21,regular,1,947,920,27,917,30,3,0.9683210137275607,0.9967391304347826,1.0293478260869566,0.9823245848955544
5,21,semiregular,1,905,549,356,524,381,25,0.5790055248618785,0.9544626593806922,1.6484517304189434,0.720770288858322
5,21,irregular,1,701,204,497,125,576,79,0.1783166904422254,0.6127450980392157,3.4362745098039214,0.27624309392265195
5,21,regular,2,969,920,49,920,49,0,0.9494324045407637,1.0,1.0532608695652175,0.9740603493912122
5,21,semiregular,2,893,549,344,503,390,46,0.5632698768197089,0.9162112932604736,1.6265938069216759,0.6976421636615812
5,21,irregular,2,827,204,623,143,684,61,0.17291414752116083,0.7009803921568627,4.053921568627451,0.2774005819592628
5,21,regular,3,262,920,658,255,7,665,0.9732824427480916,0.27717391304347827,0.2847826086956522,0.43147208121827413
5,21,semiregular,3,741,549,192,440,301,109,0.5937921727395412,0.8014571948998178,1.349726775956284,0.6821705426356589
5,21,irregular,3,1173,204,969,124,1049,80,0.10571184995737426,0.6078431372549019,5.75,0.18010167029774873
5,22,regular,1,992,946,46,939,53,7,0.9465725806451613,0.992600422832981,1.0486257928118394,0.9690402476780186
5,22,semiregular,1,856,703,153,642,214,61,0.75,0.9132290184921764,1.2176386913229018,0.8236048749198204
5,22,irregular,1,990,247,743,176,814,71,0.17777777777777778,0.7125506072874493,4.008097165991903,0.2845594179466451
5,22,regular,2,1000,946,54,946,54,0,0.946,1.0,1.0570824524312896,0.9722507708119219
5,22,semiregular,2,1007,703,304,688,319,15,0.6832174776564052,0.9786628733997155,1.4324324324324325,0.8046783625730993
5,22,irregular,2,1469,247,1222,244,1225,3,0.16609938733832538,0.9878542510121457,5.947368421052632,0.28438228438228436
5,22,regular,3,624,946,322,600,24,346,0.9615384615384616,0.6342494714587738,0.6596194503171248,0.7643312101910827
5,22,semiregular,3,908,703,205,656,252,47,0.7224669603524229,0.9331436699857752,1.2916073968705548,0.8144009931719428
5,22,irregular,3,1275,247,1028,203,1072,44,0.1592156862745098,0.8218623481781376,5.161943319838056,0.2667542706964521
5,23,regular,1,987,999,12,977,10,22,0.9898682877406282,0.977977977977978,0.987987987987988,0.9838872104733133
5,23,semiregular,1,903,835,68,753,150,82,0.8338870431893688,0.9017964071856287,1.081437125748503,0.8665132336018412
5,23,irregular,1,582,266,316,124,458,142,0.21305841924398625,0.46616541353383456,2.18796992481203,0.29245283018867924
5,23,regular,2,948,999,51,907,41,92,0.9567510548523207,0.9079079079079079,0.948948948948949,0.9316897791474064
5,23,semiregular,2,955,835,120,756,199,79,0.7916230366492146,0.9053892215568863,1.1437125748502994,0.8446927374301676
5,23,irregular,2,1896,266,1630,241,1655,25,0.1271097046413502,0.9060150375939849,7.12781954887218,0.22294172062904719
5,23,regular,3,952,999,47,934,18,65,0.9810924369747899,0.934934934934935,0.9529529529529529,0.9574577139928241
5,23,semiregular,3,887,835,52,687,200,148,0.7745208568207441,0.822754491017964,1.0622754491017965,0.7979094076655052
5,23,irregular,3,1921,266,1655,234,1687,32,0.12181155648099948,0.8796992481203008,7.2218045112781954,0.21399176954732513
5,24,regular,1,1107,1079,28,1079,28,0,0.974706413730804,1.0,1.025949953660797,0.9871912168344007
5,24,semiregular,1,757,680,77,645,112,35,0.8520475561426685,0.9485294117647058,1.113235294117647,0.8977035490605428
5,24,irregular,1,1240,247,993,111,1129,136,0.08951612903225807,0.4493927125506073,5.020242914979757,0.1492938802958978
5,24,regular,2,1053,1079,26,1034,19,45,0.9819563152896487,0.9582947173308619,0.9759036144578314,0.9699812382739211
5,24,semiregular,2,800,680,120,664,136,16,0.83,0.9764705882352941,1.1764705882352942,0.8972972972972972
5,24,irregular,2,1895,247,1648,245,1650,2,0.12928759894459102,0.9919028340080972,7.672064777327935,0.22875816993464052
5,24,regular,3,677,1079,402,665,12,414,0.982274741506647,0.6163113994439295,0.6274328081556997,0.7574031890660592
5,24,semiregular,3,579,680,101,488,91,192,0.842832469775475,0.7176470588235294,0.8514705882352941,0.7752184273232724
5,24,irregular,3,599,247,352,164,435,83,0.27378964941569284,0.6639676113360324,2.425101214574899,0.3877068557919622
5,25,regular,1,966,946,20,945,21,1,0.9782608695652174,0.9989429175475687,1.0211416490486258,0.9884937238493724
5,25,semiregular,1,844,718,126,645,199,73,0.764218009478673,0.8983286908077994,1.1754874651810585,0.8258642765685019
5,25,irregular,1,1662,207,1455,139,1523,68,0.08363417569193743,0.6714975845410628,8.028985507246377,0.14874264312466562
5,25,regular,2,937,946,9,925,12,21,0.9871931696905016,0.9778012684989429,0.9904862579281184,0.9824747742963356
5,25,semiregular,2,901,718,183,653,248,65,0.7247502774694784,0.9094707520891365,1.2548746518105849,0.8066707844348364
5,25,irregular,2,1353,207,1146,39,1314,168,0.028824833702882482,0.18840579710144928,6.536231884057971,0.05
5,25,regular,3,923,946,23,912,11,34,0.9880823401950163,0.9640591966173362,0.9756871035940803,0.9759229534510434
5,25,semiregular,3,840,718,122,673,167,45,0.8011904761904762,0.9373259052924791,1.16991643454039,0.8639281129653402
5,25,irregular,3,2166,207,1959,184,1982,23,0.08494921514312095,0.8888888888888888,10.46376811594203,0.1550779603876949
5,26,regular,1,995,985,10,970,25,15,0.9748743718592965,0.9847715736040609,1.0101522842639594,0.9797979797979797
5,26,semiregular,1,805,720,85,637,168,83,0.7913043478260869,0.8847222222222222,1.1180555555555556,0.8354098360655737
5,26,irregular,1,1323,214,1109,180,1143,34,0.1360544217687075,0.8411214953271028,6.182242990654205,0.23422251138581654
5,26,regular,2,812,985,173,791,21,194,0.9741379310344828,0.8030456852791878,0.8243654822335026,0.8803561491374512
5,26,semiregular,2,196,720,524,152,44,568,0.7755102040816326,0.2111111111111111,0.2722222222222222,0.3318777292576419
5,26,irregular,2,737,214,523,73,664,141,0.09905020352781546,0.3411214953271028,3.44392523364486,0.15352260778128285
5,26,regular,3,16,985,969,7,9,978,0.4375,0.007106598984771574,0.016243654822335026,0.013986013986013986
5,26,semiregular,3,249,720,471,161,88,559,0.6465863453815262,0.22361111111111112,0.3458333333333333,0.33230134158926733
5,26,irregular,3,1312,214,1098,64,1248,150,0.04878048780487805,0.29906542056074764,6.130841121495327,0.08387942332896461
5,27,regular,1,1114,1166,52,1103,11,63,0.9901256732495511,0.9459691252144082,0.9554030874785592,0.9675438596491227
5,27,semiregular,1,881,728,153,664,217,64,0.753688989784336,0.9120879120879121,1.210164835164835,0.8253573648228713
5,27,irregular,1,1830,270,1560,219,1611,51,0.11967213114754098,0.8111111111111111,6.777777777777778,0.20857142857142857
5,27,regular,2,1170,1166,4,1153,17,13,0.9854700854700855,0.9888507718696398,1.0034305317324186,0.9871575342465754
5,27,semiregular,2,984,728,256,702,282,26,0.7134146341463414,0.9642857142857143,1.3516483516483517,0.8200934579439252
5,27,irregular,2,2039,270,1769,244,1795,26,0.11966650318783717,0.9037037037037037,7.551851851851852,0.21134690342139453
5,27,regular,3,1068,1166,98,1057,11,109,0.9897003745318352,0.9065180102915952,0.9159519725557461,0.9462846911369741
5,27,semiregular,3,846,728,118,675,171,53,0.7978723404255319,0.9271978021978022,1.1620879120879122,0.8576874205844982
5,27,irregular,3,1949,270,1679,256,1693,14,0.13134940995382247,0.9481481481481482,7.218518518518518,0.23073456511942317
5,28,regular,1,1088,1098,10,1071,17,27,0.984375,0.9754098360655737,0.9908925318761385,0.979871912168344
5,28,semiregular,1,970,859,111,808,162,51,0.8329896907216495,0.940628637951106,1.129220023282887,0.8835429196282121
5,28,irregular,1,2129,293,1836,228,1901,65,0.10709253170502583,0.7781569965870307,7.266211604095563,0.18827415359207267
5,28,regular,2,1100,1098,2,1074,26,24,0.9763636363636363,0.9781420765027322,1.0018214936247722,0.9772520473157416
5,28,semiregular,2,1080,859,221,848,232,11,0.7851851851851852,0.9871944121071012,1.2572759022118742,0.8746776689014956
5,28,irregular,2,2418,293,2125,276,2142,17,0.1141439205955335,0.9419795221843004,8.252559726962458,0.20361490225009224
5,28,regular,3,933,1098,165,914,19,184,0.9796355841371919,0.8324225865209471,0.8497267759562842,0.9000492368291481
5,28,semiregular,3,878,859,19,744,134,115,0.8473804100227791,0.8661233993015134,1.0221187427240979,0.8566493955094993
5,28,irregular,3,2386,293,2093,278,2108,15,0.1165129924559933,0.9488054607508533,8.143344709897612,0.20754012691302728
5,29,regular,1,1152,1140,12,1136,16,4,0.9861111111111112,0.9964912280701754,1.0105263157894737,0.9912739965095986
5,29,semiregular,1,1215,869,346,843,372,26,0.6938271604938272,0.9700805523590333,1.3981588032220944,0.8090211132437619
5,29,irregular,1,1290,247,1043,199,1091,48,0.15426356589147286,0.805668016194332,5.222672064777328,0.25894599869876384
5,29,regular,2,1123,1140,17,1113,10,27,0.9910952804986642,0.9763157894736842,0.9850877192982456,0.9836500220945646
5,29,semiregular,2,1214,869,345,828,386,41,0.6820428336079077,0.952819332566168,1.3970080552359034,0.7950072011521844
5,29,irregular,2,1585,247,1338,233,1352,14,0.1470031545741325,0.9433198380566802,6.417004048582996,0.2543668122270742
5,29,regular,3,420,1140,720,411,9,729,0.9785714285714285,0.3605263157894737,0.3684210526315789,0.5269230769230769
5,29,semiregular,3,1104,869,235,807,297,62,0.7309782608695652,0.9286536248561565,1.2704257767548908,0.8180435884439939
5,29,irregular,3,1474,247,1227,175,1299,72,0.11872455902306649,0.708502024291498,5.967611336032388,0.20337013364323067
5,30,regular,1,970,997,27,965,5,32,0.9948453608247423,0.9679037111334002,0.9729187562688064,0.9811896288764617
5,30,semiregular,1,867,810,57,721,146,89,0.831603229527105,0.8901234567901235,1.0703703703703704,0.8598688133571855
5,30,irregular,1,2709,250,2459,211,2498,39,0.07788851974898486,0.844,10.836,0.14261574856370396
5,30,regular,2,1013,997,16,997,16,0,0.9842053307008884,1.0,1.0160481444332998,0.9920398009950249
5,30,semiregular,2,1004,810,194,795,209,15,0.7918326693227091,0.9814814814814815,1.2395061728395063,0.87651598676957
5,30,irregular,2,365,250,115,194,171,56,0.5315068493150685,0.776,1.46,0.6308943089430895
5,30,regular,3,614,997,383,605,9,392,0.9853420195439739,0.6068204613841525,0.6158475426278837,0.7510862818125389
5,30,semiregular,3,803,810,7,681,122,129,0.8480697384806973,0.8407407407407408,0.991358024691358,0.8443893366398015
5,30,irregular,3,2540,250,2290,167,2373,83,0.065748031496063,0.668,10.16,0.11971326164874552
