Test fold number,Subject,Gait,Sensor,Predicted,Actual,Difference,TP,FP,FN,PPV,Sensitivity,RCA,SDA
1,1,regular,1,931,937,6,920,11,17,0.9881847475832438,0.9818569903948773,0.9935965848452508,0.9850107066381157
1,1,semiregular,1,979,703,276,680,299,23,0.6945863125638406,0.9672830725462305,1.3926031294452348,0.8085612366230677
1,1,irregular,1,240,199,41,127,113,72,0.5291666666666667,0.6381909547738693,1.2060301507537687,0.5785876993166288
1,1,regular,2,1072,937,135,937,135,0,0.8740671641791045,1.0,1.144076840981857,0.9328023892483823
1,1,semiregular,2,1210,703,507,700,510,3,0.5785123966942148,0.9957325746799431,1.7211948790896159,0.7318348144276006
1,1,irregular,2,1094,199,895,199,895,0,0.18190127970749542,1.0,5.49748743718593,0.30781129156999226
1,1,regular,3,884,937,53,843,41,94,0.9536199095022625,0.8996798292422625,0.9434364994663821,0.9258649093904449
1,1,semiregular,3,732,703,29,595,137,108,0.8128415300546448,0.8463726884779517,1.0412517780938833,0.8292682926829268
1,1,irregular,3,652,199,453,168,484,31,0.25766871165644173,0.8442211055276382,3.2763819095477387,0.3948296122209166
1,2,regular,1,1072,1224,152,1064,8,160,0.9925373134328358,0.869281045751634,0.8758169934640523,0.926829268292683
1,2,semiregular,1,697,647,50,592,105,55,0.8493543758967002,0.9149922720247295,1.0772797527047913,0.880952380952381
1,2,irregular,1,742,217,525,119,623,98,0.16037735849056603,0.5483870967741935,3.4193548387096775,0.2481751824817518
1,2,regular,2,1226,1224,2,1196,30,28,0.9755301794453507,0.9771241830065359,1.0016339869281046,0.976326530612245
1,2,semiregular,2,852,647,205,645,207,2,0.7570422535211268,0.9969088098918083,1.3168469860896446,0.8605737158105402
1,2,irregular,2,1382,217,1165,217,1165,0,0.15701881331403764,1.0,6.368663594470046,0.2714196372732958
1,2,regular,3,743,1224,481,736,7,488,0.990578734858681,0.6013071895424836,0.6070261437908496,0.7483477376715811
1,2,semiregular,3,301,647,346,284,17,363,0.9435215946843853,0.43894899536321486,0.4652241112828439,0.5991561181434599
1,2,irregular,3,849,217,632,148,701,69,0.17432273262661954,0.6820276497695853,3.912442396313364,0.27767354596622884
1,3,regular,1,1038,1053,15,1029,9,24,0.9913294797687862,0.9772079772079773,0.9857549857549858,0.9842180774748924
1,3,semiregular,1,872,716,156,686,186,30,0.786697247706422,0.9581005586592178,1.217877094972067,0.8639798488664988
1,3,irregular,1,687,224,463,144,543,80,0.2096069868995633,0.6428571428571429,3.0669642857142856,0.3161361141602635
1,3,regular,2,1019,1053,34,1002,17,51,0.9833169774288518,0.9515669515669516,0.9677113010446344,0.9671814671814671
1,3,semiregular,2,805,716,89,617,188,99,0.7664596273291926,0.861731843575419,1.1243016759776536,0.8113083497698883
1,3,irregular,2,146,224,78,101,45,123,0.6917808219178082,0.45089285714285715,0.6517857142857143,0.545945945945946
1,3,regular,3,987,1053,66,978,9,75,0.9908814589665653,0.9287749287749287,0.9373219373219374,0.9588235294117647
1,3,semiregular,3,575,716,141,512,63,204,0.8904347826086957,0.7150837988826816,0.803072625698324,0.7931835786212239
1,3,irregular,3,186,224,38,144,42,80,0.7741935483870968,0.6428571428571429,0.8303571428571429,0.7024390243902439
1,4,regular,1,1138,1101,37,1099,39,2,0.9657293497363796,0.9981834695731153,1.033605812897366,0.9816882536846806
1,4,semiregular,1,733,614,119,540,193,74,0.7366984993178718,0.8794788273615635,1.1938110749185669,0.8017817371937639
1,4,irregular,1,172,228,56,84,88,144,0.4883720930232558,0.3684210526315789,0.7543859649122807,0.41999999999999993
1,4,regular,2,1141,1101,40,1101,40,0,0.964943032427695,1.0,1.036330608537693,0.9821587867975021
1,4,semiregular,2,961,614,347,614,347,0,0.6389177939646202,1.0,1.5651465798045603,0.7796825396825398
1,4,irregular,2,1423,228,1195,228,1195,0,0.1602248770203795,1.0,6.241228070175438,0.2761962447001817
1,4,regular,3,354,1101,747,344,10,757,0.9717514124293786,0.31244323342415986,0.3215258855585831,0.47285223367697593
1,4,semiregular,3,120,614,494,90,30,524,0.75,0.1465798045602606,0.19543973941368079,0.24523160762942778
1,4,irregular,3,638,228,410,45,593,183,0.07053291536050156,0.19736842105263158,2.7982456140350878,0.10392609699769052
1,5,regular,1,989,1044,55,984,5,60,0.9949443882709808,0.9425287356321839,0.9473180076628352,0.9680275454992622
1,5,semiregular,1,959,668,291,653,306,15,0.6809176225234619,0.9775449101796407,1.43562874251497,0.8027043638598647
1,5,irregular,1,986,217,769,141,845,76,0.14300202839756593,0.6497695852534562,4.543778801843318,0.2344139650872818
1,5,regular,2,1090,1044,46,1044,46,0,0.9577981651376147,1.0,1.0440613026819923,0.978444236176195
1,5,semiregular,2,1010,668,342,637,373,31,0.6306930693069307,0.9535928143712575,1.5119760479041917,0.7592371871275326
1,5,irregular,2,335,217,118,57,278,160,0.1701492537313433,0.2626728110599078,1.543778801843318,0.2065217391304348
1,5,regular,3,970,1044,74,969,1,75,0.9989690721649485,0.9281609195402298,0.9291187739463601,0.9622641509433962
1,5,semiregular,3,663,668,5,552,111,116,0.832579185520362,0.8263473053892215,0.9925149700598802,0.8294515401953418
1,5,irregular,3,1002,217,785,186,816,31,0.18562874251497005,0.8571428571428571,4.617511520737327,0.3051681706316653
1,6,regular,1,967,915,52,913,54,2,0.9441571871768356,0.9978142076502732,1.0568306010928963,0.9702444208289054
1,6,semiregular,1,746,701,45,610,136,91,0.8176943699731903,0.8701854493580599,1.0641940085592012,0.8431237042156184
1,6,irregular,1,478,195,283,67,411,128,0.1401673640167364,0.3435897435897436,2.4512820512820515,0.19910846953937594
1,6,regular,2,997,915,82,914,83,1,0.9167502507522568,0.9989071038251366,1.0896174863387977,0.9560669456066946
1,6,semiregular,2,928,701,227,688,240,13,0.7413793103448276,0.9814550641940085,1.3238231098430813,0.8446899938612646
1,6,irregular,2,322,195,127,161,161,34,0.5,0.8256410256410256,1.6512820512820512,0.6228239845261122
1,6,regular,3,827,915,88,813,14,102,0.9830713422007256,0.8885245901639345,0.9038251366120219,0.9334098737083812
1,6,semiregular,3,384,701,317,342,42,359,0.890625,0.48787446504992865,0.5477888730385164,0.6304147465437787
1,6,irregular,3,475,195,280,105,370,90,0.22105263157894736,0.5384615384615384,2.4358974358974357,0.31343283582089554
1,7,regular,1,1254,1230,24,1221,33,9,0.9736842105263158,0.9926829268292683,1.0195121951219512,0.9830917874396135
1,7,semiregular,1,1073,761,312,716,357,45,0.6672879776328052,0.9408672798948752,1.4099868593955323,0.7808069792802618
1,7,irregular,1,615,225,390,96,519,129,0.15609756097560976,0.4266666666666667,2.7333333333333334,0.2285714285714286
1,7,regular,2,1264,1230,34,1210,54,20,0.9572784810126582,0.983739837398374,1.0276422764227642,0.9703287890938251
1,7,semiregular,2,1022,761,261,690,332,71,0.675146771037182,0.9067017082785808,1.342969776609724,0.7739764441951766
1,7,irregular,2,1767,225,1542,225,1542,0,0.1273344651952462,1.0,7.8533333333333335,0.22590361445783133
1,7,regular,3,1081,1230,149,1070,11,160,0.9898242368177613,0.8699186991869918,0.8788617886178862,0.926006057983557
1,7,semiregular,3,461,761,300,401,60,360,0.8698481561822126,0.5269382391590013,0.6057818659658344,0.6563011456628477
1,7,irregular,3,783,225,558,139,644,86,0.17752234993614305,0.6177777777777778,3.48,0.2757936507936508
1,8,regular,1,1016,1035,19,1009,7,26,0.9931102362204725,0.9748792270531401,0.9816425120772947,0.9839102876645539
1,8,semiregular,1,887,827,60,724,163,103,0.8162344983089064,0.875453446191052,1.0725513905683193,0.8448074679113186
1,8,irregular,1,515,243,272,103,412,140,0.2,0.42386831275720166,2.119341563786008,0.2717678100263852
1,8,regular,2,63,1035,972,62,1,973,0.9841269841269841,0.05990338164251208,0.06086956521739131,0.11293260473588342
1,8,semiregular,2,305,827,522,252,53,575,0.8262295081967214,0.3047158403869408,0.3688029020556227,0.4452296819787987
1,8,irregular,2,160,243,83,13,147,230,0.08125,0.053497942386831275,0.6584362139917695,0.06451612903225806
1,8,regular,3,1007,1035,28,998,9,37,0.9910625620655412,0.9642512077294686,0.9729468599033816,0.9774730656219393
1,8,semiregular,3,574,827,253,521,53,306,0.9076655052264808,0.6299879081015719,0.694074969770254,0.7437544610992147
1,8,irregular,3,442,243,199,139,303,104,0.31447963800904977,0.5720164609053497,1.8189300411522633,0.40583941605839413
1,9,regular,1,1117,1107,10,1101,16,6,0.9856759176365264,0.994579945799458,1.00903342366757,0.9901079136690648
1,9,semiregular,1,688,701,13,604,84,97,0.877906976744186,0.8616262482168331,0.9814550641940085,0.8696904247660187
1,9,irregular,1,325,266,59,100,225,166,0.3076923076923077,0.37593984962406013,1.2218045112781954,0.338409475465313
1,9,regular,2,1079,1107,28,1066,13,41,0.9879518072289156,0.9629629629629629,0.974706413730804,0.9752973467520585
1,9,semiregular,2,816,701,115,673,143,28,0.8247549019607843,0.9600570613409415,1.1640513552068474,0.8872775214238628
1,9,irregular,2,1772,266,1506,265,1507,1,0.14954853273137697,0.9962406015037594,6.661654135338346,0.26005888125613347
1,9,regular,3,929,1107,178,921,8,186,0.9913885898815931,0.8319783197831978,0.8392050587172538,0.9047151277013752
1,9,semiregular,3,483,701,218,437,46,264,0.9047619047619048,0.62339514978602,0.6890156918687589,0.7381756756756758
1,9,irregular,3,1150,266,884,202,948,64,0.17565217391304347,0.7593984962406015,4.323308270676692,0.28531073446327687
1,10,regular,1,1010,1014,4,996,14,18,0.9861386138613861,0.9822485207100592,0.9960552268244576,0.984189723320158
1,10,semiregular,1,766,656,110,615,151,41,0.8028720626631853,0.9375,1.1676829268292683,0.8649789029535865
1,10,irregular,1,864,247,617,203,661,44,0.2349537037037037,0.8218623481781376,3.4979757085020244,0.36543654365436545
1,10,regular,2,1110,1014,96,1013,97,1,0.9126126126126126,0.9990138067061144,1.0946745562130178,0.9538606403013183
1,10,semiregular,2,940,656,284,650,290,6,0.6914893617021277,0.9908536585365854,1.4329268292682926,0.8145363408521304
1,10,irregular,2,1525,247,1278,247,1278,0,0.1619672131147541,1.0,6.174089068825911,0.27878103837471785
1,10,regular,3,1000,1014,14,958,42,56,0.958,0.9447731755424064,0.9861932938856016,0.9513406156901688
1,10,semiregular,3,474,656,182,444,30,212,0.9367088607594937,0.676829268292683,0.7225609756097561,0.7858407079646018
1,10,irregular,3,222,247,25,149,73,98,0.6711711711711712,0.6032388663967612,0.8987854251012146,0.6353944562899787
1,11,regular,1,1059,1070,11,1051,8,19,0.9924457034938622,0.9822429906542056,0.9897196261682243,0.9873179896665101
1,11,semiregular,1,813,700,113,643,170,57,0.7908979089790897,0.9185714285714286,1.1614285714285715,0.8499669530733641
1,11,irregular,1,850,239,611,148,702,91,0.17411764705882352,0.6192468619246861,3.5564853556485354,0.27180899908172634
1,11,regular,2,57,1070,1013,54,3,1016,0.9473684210526315,0.05046728971962617,0.05327102803738318,0.09582963620230701
1,11,semiregular,2,161,700,539,132,29,568,0.8198757763975155,0.18857142857142858,0.23,0.30662020905923343
1,11,irregular,2,138,239,101,30,108,209,0.21739130434782608,0.12552301255230125,0.5774058577405857,0.15915119363395225
1,11,regular,3,912,1070,158,911,1,159,0.9989035087719298,0.8514018691588785,0.8523364485981308,0.9192734611503532
1,11,semiregular,3,522,700,178,462,60,238,0.8850574712643678,0.66,0.7457142857142857,0.7561374795417349
1,11,irregular,3,402,239,163,153,249,86,0.3805970149253731,0.6401673640167364,1.6820083682008369,0.47737909516380655
1,12,regular,1,1014,1007,7,1006,8,1,0.9921104536489151,0.9990069513406157,1.0069513406156902,0.9955467590301831
1,12,semiregular,1,810,641,169,596,214,45,0.7358024691358025,0.9297971918876755,1.2636505460218408,0.8215024121295659
1,12,irregular,1,771,204,567,128,643,76,0.16601815823605706,0.6274509803921569,3.7794117647058822,0.26256410256410256
1,12,regular,2,1102,1007,95,1007,95,0,0.9137931034482759,1.0,1.0943396226415094,0.9549549549549551
1,12,semiregular,2,1004,641,363,634,370,7,0.6314741035856574,0.9890795631825273,1.5663026521060843,0.770820668693009
1,12,irregular,2,1272,204,1068,203,1069,1,0.15959119496855345,0.9950980392156863,6.235294117647059,0.2750677506775067
1,12,regular,3,723,1007,284,714,9,293,0.9875518672199171,0.7090367428003972,0.717974180734856,0.8254335260115607
1,12,semiregular,3,326,641,315,275,51,366,0.843558282208589,0.4290171606864275,0.5085803432137286,0.5687693898655637
1,12,irregular,3,863,204,659,137,726,67,0.15874855156431056,0.6715686274509803,4.230392156862745,0.2567947516401125
1,13,regular,1,997,1000,3,989,8,11,0.9919759277833501,0.989,0.997,0.9904857285928894
1,13,semiregular,1,920,815,105,770,150,45,0.8369565217391305,0.9447852760736196,1.1288343558282208,0.887608069164265
1,13,irregular,1,922,216,706,49,873,167,0.05314533622559653,0.22685185185185186,4.268518518518518,0.08611599297012303
1,13,regular,2,1043,1000,43,1000,43,0,0.9587727708533078,1.0,1.043,0.9789525208027411
1,13,semiregular,2,1051,815,236,810,241,5,0.7706945765937203,0.9938650306748467,1.2895705521472394,0.8681672025723473
1,13,irregular,2,2156,216,1940,216,1940,0,0.10018552875695733,1.0,9.981481481481481,0.1821247892074199
1,13,regular,3,965,1000,35,961,4,39,0.9958549222797928,0.961,0.965,0.9781170483460558
1,13,semiregular,3,547,815,268,508,39,307,0.9287020109689214,0.6233128834355828,0.6711656441717792,0.7459618208516886
1,13,irregular,3,283,216,67,111,172,105,0.392226148409894,0.5138888888888888,1.3101851851851851,0.44488977955911824
1,14,regular,1,1039,1052,13,1039,0,13,1.0,0.9876425855513308,0.9876425855513308,0.9937828790052606
1,14,semiregular,1,1108,913,195,871,237,42,0.7861010830324909,0.9539978094194962,1.2135815991237677,0.8619495299356754
1,14,irregular,1,468,217,251,108,360,109,0.23076923076923078,0.4976958525345622,2.1566820276497696,0.31532846715328466
1,14,regular,2,1046,1052,6,1036,10,16,0.9904397705544933,0.9847908745247148,0.9942965779467681,0.9876072449952336
1,14,semiregular,2,1292,913,379,912,380,1,0.7058823529411765,0.9989047097480832,1.4151150054764512,0.8272108843537416
1,14,irregular,2,856,217,639,140,716,77,0.16355140186915887,0.6451612903225806,3.944700460829493,0.260950605778192
1,14,regular,3,552,1052,500,550,2,502,0.9963768115942029,0.5228136882129277,0.5247148288973384,0.6857855361596009
1,14,semiregular,3,389,913,524,367,22,546,0.9434447300771208,0.4019715224534502,0.42606790799561883,0.5637480798771121
1,14,irregular,3,21,217,196,17,4,200,0.8095238095238095,0.07834101382488479,0.0967741935483871,0.14285714285714285
1,15,regular,1,979,964,15,963,16,1,0.9836567926455567,0.9989626556016598,1.0155601659751037,0.991250643335049
1,15,semiregular,1,934,774,160,750,184,24,0.8029978586723768,0.9689922480620154,1.20671834625323,0.8782201405152226
1,15,irregular,1,688,218,470,122,566,96,0.17732558139534885,0.5596330275229358,3.1559633027522938,0.2693156732891832
1,15,regular,2,208,964,756,199,9,765,0.9567307692307693,0.20643153526970953,0.2157676348547718,0.33959044368600677
1,15,semiregular,2,669,774,105,525,144,249,0.7847533632286996,0.6782945736434108,0.8643410852713178,0.7276507276507276
1,15,irregular,2,888,218,670,161,727,57,0.18130630630630631,0.7385321100917431,4.073394495412844,0.29113924050632917
1,15,regular,3,855,964,109,855,0,109,1.0,0.8869294605809128,0.8869294605809128,0.9400769653655855
1,15,semiregular,3,698,774,76,627,71,147,0.8982808022922636,0.810077519379845,0.9018087855297158,0.8519021739130435
1,15,irregular,3,184,218,34,133,51,85,0.7228260869565217,0.6100917431192661,0.8440366972477065,0.6616915422885572
1,16,regular,1,1106,1109,3,1097,9,12,0.9918625678119349,0.9891794409377818,0.9972948602344455,0.9905191873589165
1,16,semiregular,1,678,681,3,550,128,131,0.8112094395280236,0.8076358296622613,0.9955947136563876,0.8094186902133922
1,16,irregular,1,229,272,43,104,125,168,0.45414847161572053,0.38235294117647056,0.8419117647058824,0.41516966067864275
1,16,regular,2,1188,1109,79,1109,79,0,0.9335016835016835,1.0,1.0712353471596032,0.9656073138876796
1,16,semiregular,2,788,681,107,603,185,78,0.7652284263959391,0.8854625550660793,1.15712187958884,0.8209666439754936
1,16,irregular,2,1061,272,789,268,793,4,0.2525918944392083,0.9852941176470589,3.900735294117647,0.4021005251312829
1,16,regular,3,1066,1109,43,1057,9,52,0.9915572232645403,0.9531109107303878,0.9612263300270514,0.9719540229885058
1,16,semiregular,3,674,681,7,579,95,102,0.8590504451038575,0.8502202643171806,0.9897209985315712,0.8546125461254612
1,16,irregular,3,242,272,30,169,73,103,0.6983471074380165,0.6213235294117647,0.8897058823529411,0.6575875486381323
1,17,regular,1,1036,1029,7,1028,8,1,0.9922779922779923,0.9990281827016521,1.0068027210884354,0.9956416464891041
1,17,semiregular,1,916,837,79,757,159,80,0.8264192139737991,0.9044205495818399,1.0943847072879331,0.8636622932116371
1,17,irregular,1,248,240,8,101,147,139,0.40725806451612906,0.42083333333333334,1.0333333333333334,0.41393442622950816
1,17,regular,2,1075,1029,46,1028,47,1,0.9562790697674418,0.9990281827016521,1.0447035957240038,0.9771863117870722
1,17,semiregular,2,1046,837,209,808,238,29,0.7724665391969407,0.965352449223417,1.2497013142174433,0.8582049920339884
1,17,irregular,2,1018,240,778,231,787,9,0.2269155206286837,0.9625,4.241666666666666,0.36724960254372024
1,17,regular,3,1026,1029,3,1019,7,10,0.99317738791423,0.9902818270165209,0.9970845481049563,0.991727493917275
1,17,semiregular,3,743,837,94,671,72,166,0.9030955585464334,0.8016726403823178,0.8876941457586619,0.8493670886075949
1,17,irregular,3,310,240,70,167,143,73,0.5387096774193548,0.6958333333333333,1.2916666666666667,0.6072727272727273
1,18,regular,1,1046,1044,2,1037,9,7,0.9913957934990439,0.9932950191570882,1.0019157088122606,0.9923444976076555
1,18,semiregular,1,913,801,112,758,155,43,0.8302300109529025,0.9463171036204744,1.1398252184769038,0.8844807467911319
1,18,irregular,1,251,252,1,135,116,117,0.5378486055776892,0.5357142857142857,0.996031746031746,0.5367793240556661
1,18,regular,2,1076,1044,32,1043,33,1,0.9693308550185874,0.9990421455938697,1.0306513409961686,0.9839622641509435
1,18,semiregular,2,1023,801,222,761,262,40,0.7438905180840665,0.9500624219725343,1.2771535580524345,0.8344298245614035
1,18,irregular,2,1348,252,1096,248,1100,4,0.18397626112759644,0.9841269841269841,5.349206349206349,0.31
1,18,regular,3,947,1044,97,938,9,106,0.9904963041182682,0.8984674329501916,0.907088122605364,0.9422400803616273
1,18,semiregular,3,731,801,70,666,65,135,0.9110807113543091,0.8314606741573034,0.9126092384519351,0.8694516971279372
1,18,irregular,3,927,252,675,222,705,30,0.23948220064724918,0.8809523809523809,3.6785714285714284,0.37659033078880405
1,19,regular,1,1078,1076,2,1060,18,16,0.9833024118738405,0.9851301115241635,1.0018587360594795,0.9842154131847725
1,19,semiregular,1,812,753,59,683,129,70,0.8411330049261084,0.9070385126162018,1.0783532536520584,0.8728434504792332
1,19,irregular,1,396,245,151,112,284,133,0.2828282828282828,0.45714285714285713,1.616326530612245,0.3494539781591264
1,19,regular,2,1158,1076,82,1075,83,1,0.9283246977547496,0.9990706319702602,1.0762081784386617,0.9623992837958819
1,19,semiregular,2,983,753,230,745,238,8,0.757884028484232,0.9893758300132802,1.3054448871181938,0.8582949308755761
1,19,irregular,2,1214,245,969,244,970,1,0.20098846787479407,0.9959183673469387,4.955102040816326,0.3344756682659355
1,19,regular,3,961,1076,115,955,6,121,0.9937565036420395,0.887546468401487,0.8931226765799256,0.937653411880216
1,19,semiregular,3,712,753,41,625,87,128,0.8778089887640449,0.8300132802124834,0.9455511288180611,0.8532423208191127
1,19,irregular,3,456,245,211,155,301,90,0.3399122807017544,0.6326530612244898,1.8612244897959183,0.442225392296719
1,20,regular,1,1234,1251,17,1223,11,28,0.9910858995137763,0.9776179056754596,0.9864108713029577,0.9843058350100603
1,20,semiregular,1,890,841,49,742,148,99,0.8337078651685393,0.882282996432818,1.0582639714625446,0.8573079145002888
1,20,irregular,1,419,252,167,86,333,166,0.2052505966587112,0.3412698412698413,1.6626984126984128,0.2563338301043219
1,20,regular,2,1257,1251,6,1226,31,25,0.9753381066030231,0.9800159872102319,1.0047961630695443,0.9776714513556619
1,20,semiregular,2,1185,841,344,825,360,16,0.6962025316455697,0.9809750297265161,1.4090368608799049,0.8144126357354394
1,20,irregular,2,1526,252,1274,247,1279,5,0.1618610747051114,0.9801587301587301,6.055555555555555,0.27784026996625427
1,20,regular,3,1020,1251,231,1007,13,244,0.9872549019607844,0.8049560351718625,0.815347721822542,0.8868339938353149
1,20,semiregular,3,647,841,194,548,99,293,0.8469860896445132,0.6516052318668252,0.7693222354340071,0.7365591397849464
1,20,irregular,3,369,252,117,148,221,104,0.4010840108401084,0.5873015873015873,1.4642857142857142,0.47665056360708535
1,21,regular,1,935,920,15,915,20,5,0.9786096256684492,0.9945652173913043,1.016304347826087,0.9865229110512129
1,21,semiregular,1,866,549,317,513,353,36,0.5923787528868361,0.9344262295081968,1.5774134790528234,0.7250883392226148
1,21,irregular,1,288,204,84,98,190,106,0.3402777777777778,0.4803921568627451,1.411764705882353,0.39837398373983746
1,21,regular,2,989,920,69,920,69,0,0.9302325581395349,1.0,1.075,0.963855421686747
1,21,semiregular,2,1005,549,456,543,462,6,0.5402985074626866,0.9890710382513661,1.830601092896175,0.698841698841699
1,21,irregular,2,805,204,601,196,609,8,0.24347826086956523,0.9607843137254902,3.946078431372549,0.3885034687809713
1,21,regular,3,692,920,228,687,5,233,0.9927745664739884,0.7467391304347826,0.7521739130434782,0.8523573200992555
1,21,semiregular,3,334,549,215,259,75,290,0.7754491017964071,0.47176684881602915,0.6083788706739527,0.5866364665911665
1,21,irregular,3,525,204,321,115,410,89,0.21904761904761905,0.5637254901960784,2.573529411764706,0.31550068587105623
1,22,regular,1,982,946,36,942,40,4,0.9592668024439919,0.9957716701902748,1.0380549682875264,0.9771784232365145
1,22,semiregular,1,759,703,56,623,136,80,0.8208168642951251,0.8862019914651493,1.0796586059743956,0.8522571819425445
1,22,irregular,1,792,247,545,179,613,68,0.22601010101010102,0.7246963562753036,3.2064777327935223,0.34456207892204044
1,22,regular,2,1037,946,91,946,91,0,0.9122468659594986,1.0,1.0961945031712474,0.9541099344427636
1,22,semiregular,2,1093,703,390,698,395,5,0.6386093321134492,0.9928876244665719,1.5547652916073968,0.77728285077951
1,22,irregular,2,1490,247,1243,247,1243,0,0.1657718120805369,1.0,6.032388663967612,0.284398388025331
1,22,regular,3,833,946,113,825,8,121,0.9903961584633854,0.872093023255814,0.8805496828752643,0.9274873524451939
1,22,semiregular,3,617,703,86,531,86,172,0.8606158833063209,0.7553342816500711,0.8776671408250356,0.8045454545454546
1,22,irregular,3,290,247,43,114,176,133,0.3931034482758621,0.46153846153846156,1.174089068825911,0.4245810055865922
1,23,regular,1,989,999,10,977,12,22,0.9878665318503539,0.977977977977978,0.98998998998999,0.982897384305835
1,23,semiregular,1,941,835,106,750,191,85,0.7970244420828906,0.8982035928143712,1.1269461077844312,0.8445945945945946
1,23,irregular,1,593,266,327,64,529,202,0.10792580101180438,0.24060150375939848,2.2293233082706765,0.1490104772991851
1,23,regular,2,1032,999,33,973,59,26,0.9428294573643411,0.973973973973974,1.033033033033033,0.9581486952240276
1,23,semiregular,2,1203,835,368,828,375,7,0.6882793017456359,0.9916167664670659,1.4407185628742516,0.8125613346418057
1,23,irregular,2,2535,266,2269,266,2269,0,0.10493096646942801,1.0,9.530075187969924,0.18993216708318458
1,23,regular,3,929,999,70,924,5,75,0.9946178686759957,0.924924924924925,0.92992992992993,0.9585062240663901
1,23,semiregular,3,727,835,108,611,116,224,0.8404401650618982,0.7317365269461078,0.8706586826347306,0.7823303457106274
1,23,irregular,3,301,266,35,146,155,120,0.4850498338870432,0.5488721804511278,1.131578947368421,0.5149911816578484
1,24,regular,1,1089,1079,10,1074,15,5,0.9862258953168044,0.995366079703429,1.009267840593142,0.9907749077490775
1,24,semiregular,1,727,680,47,634,93,46,0.8720770288858322,0.9323529411764706,1.0691176470588235,0.9012082444918266
1,24,irregular,1,1048,247,801,105,943,142,0.10019083969465649,0.4251012145748988,4.242914979757085,0.16216216216216217
1,24,regular,2,1077,1079,2,1051,26,28,0.9758588672237697,0.974050046339203,0.9981464318813716,0.9749536178107606
1,24,semiregular,2,841,680,161,675,166,5,0.8026159334126041,0.9926470588235294,1.236764705882353,0.8875739644970415
1,24,irregular,2,1889,247,1642,247,1642,0,0.13075701429327688,1.0,7.647773279352227,0.2312734082397004
1,24,regular,3,828,1079,251,826,2,253,0.9975845410628019,0.7655236329935126,0.7673772011121409,0.8662821185107499
1,24,semiregular,3,449,680,231,411,38,269,0.9153674832962138,0.6044117647058823,0.6602941176470588,0.7280779450841453
1,24,irregular,3,146,247,101,124,22,123,0.8493150684931506,0.5020242914979757,0.5910931174089069,0.6310432569974554
1,25,regular,1,949,946,3,941,8,5,0.9915700737618546,0.9947145877378436,1.0031712473572938,0.9931398416886544
1,25,semiregular,1,834,718,116,660,174,58,0.7913669064748201,0.9192200557103064,1.1615598885793872,0.8505154639175259
1,25,irregular,1,1286,207,1079,117,1169,90,0.09097978227060653,0.5652173913043478,6.21256038647343,0.1567314132618888
1,25,regular,2,954,946,8,935,19,11,0.980083857442348,0.9883720930232558,1.0084566596194504,0.9842105263157895
1,25,semiregular,2,711,718,7,498,213,220,0.70042194092827,0.6935933147632312,0.9902506963788301,0.6969909027291812
1,25,irregular,2,1682,207,1475,85,1597,122,0.050535077288941736,0.4106280193236715,8.1256038647343,0.08999470619375331
1,25,regular,3,343,946,603,337,6,609,0.9825072886297376,0.3562367864693446,0.36257928118393234,0.5228859581070597
1,25,semiregular,3,178,718,540,138,40,580,0.7752808988764045,0.19220055710306408,0.2479108635097493,0.3080357142857143
1,25,irregular,3,773,207,566,28,745,179,0.03622250970245795,0.13526570048309178,3.7342995169082127,0.05714285714285714
1,26,regular,1,995,985,10,977,18,8,0.9819095477386934,0.9918781725888325,1.0101522842639594,0.9868686868686869
1,26,semiregular,1,844,720,124,665,179,55,0.7879146919431279,0.9236111111111112,1.1722222222222223,0.850383631713555
1,26,irregular,1,1033,214,819,177,856,37,0.1713455953533398,0.8271028037383178,4.827102803738318,0.2838813151563753
1,26,regular,2,1064,985,79,983,81,2,0.9238721804511278,0.9979695431472081,1.0802030456852791,0.9594924353343094
1,26,semiregular,2,654,720,66,528,126,192,0.8073394495412844,0.7333333333333333,0.9083333333333333,0.7685589519650654
1,26,irregular,2,1472,214,1258,192,1280,22,0.13043478260869565,0.897196261682243,6.878504672897196,0.2277580071174377
1,26,regular,3,237,985,748,237,0,748,1.0,0.24060913705583756,0.24060913705583756,0.38788870703764317
1,26,semiregular,3,24,720,696,21,3,699,0.875,0.029166666666666667,0.03333333333333333,0.056451612903225805
1,26,irregular,3,846,214,632,90,756,124,0.10638297872340426,0.4205607476635514,3.953271028037383,0.169811320754717
1,27,regular,1,1129,1166,37,1126,3,40,0.9973427812223207,0.9656946826758147,0.9682675814751286,0.9812636165577343
1,27,semiregular,1,894,728,166,670,224,58,0.7494407158836689,0.9203296703296703,1.228021978021978,0.8261405672009864
1,27,irregular,1,1821,270,1551,202,1619,68,0.11092806150466776,0.7481481481481481,6.7444444444444445,0.19320899091343854
1,27,regular,2,1176,1166,10,1153,23,13,0.9804421768707483,0.9888507718696398,1.0085763293310464,0.9846285226302306
1,27,semiregular,2,1036,728,308,722,314,6,0.696911196911197,0.9917582417582418,1.4230769230769231,0.81859410430839
1,27,irregular,2,2155,270,1885,265,1890,5,0.12296983758700696,0.9814814814814815,7.981481481481482,0.21855670103092784
1,27,regular,3,1085,1166,81,1080,5,86,0.9953917050691244,0.9262435677530018,0.9305317324185248,0.9595735228787206
1,27,semiregular,3,664,728,64,599,65,129,0.9021084337349398,0.8228021978021978,0.9120879120879121,0.8606321839080459
1,27,irregular,3,845,270,575,209,636,61,0.24733727810650888,0.774074074074074,3.1296296296296298,0.3748878923766816
1,28,regular,1,1088,1098,10,1082,6,16,0.9944852941176471,0.9854280510018215,0.9908925318761385,0.9899359560841721
1,28,semiregular,1,955,859,96,807,148,52,0.8450261780104712,0.9394644935972061,1.1117578579743888,0.8897464167585446
1,28,irregular,1,1970,293,1677,200,1770,93,0.10152284263959391,0.6825938566552902,6.723549488054608,0.17675651789659746
1,28,regular,2,1113,1098,15,1081,32,17,0.9712488769092543,0.9845173041894353,1.0136612021857923,0.9778380823156944
1,28,semiregular,2,1093,859,234,839,254,20,0.7676120768526989,0.9767171129220024,1.2724097788125728,0.8596311475409836
1,28,irregular,2,2662,293,2369,291,2371,2,0.10931630353117956,0.9931740614334471,9.085324232081911,0.19695431472081218
1,28,regular,3,263,1098,835,263,0,835,1.0,0.2395264116575592,0.2395264116575592,0.38648052902277735
1,28,semiregular,3,227,859,632,204,23,655,0.8986784140969163,0.23748544819557627,0.26426076833527357,0.37569060773480667
1,28,irregular,3,948,293,655,84,864,209,0.08860759493670886,0.28668941979522183,3.2354948805460753,0.13537469782433523
1,29,regular,1,1120,1140,20,1116,4,24,0.9964285714285714,0.9789473684210527,0.9824561403508771,0.9876106194690266
1,29,semiregular,1,1162,869,293,839,323,30,0.7220309810671256,0.9654775604142692,1.3371691599539701,0.8261939931068438
1,29,irregular,1,1147,247,900,158,989,89,0.13775065387968613,0.6396761133603239,4.6437246963562755,0.22668579626972743
1,29,regular,2,1153,1140,13,1132,21,8,0.981786643538595,0.9929824561403509,1.0114035087719297,0.987352812908853
1,29,semiregular,2,1324,869,455,864,460,5,0.6525679758308157,0.9942462600690449,1.523590333716916,0.7879616963064296
1,29,irregular,2,1727,247,1480,246,1481,1,0.14244354371742907,0.9959514170040485,6.991902834008097,0.2492401215805471
1,29,regular,3,662,1140,478,662,0,478,1.0,0.5807017543859649,0.5807017543859649,0.7347391786903441
1,29,semiregular,3,541,869,328,480,61,389,0.8872458410351202,0.5523590333716916,0.622554660529344,0.6808510638297872
1,29,irregular,3,126,247,121,88,38,159,0.6984126984126984,0.3562753036437247,0.5101214574898786,0.47184986595174255
1,30,regular,1,995,997,2,987,8,10,0.9919597989949749,0.9899699097291875,0.9979939819458375,0.9909638554216867
1,30,semiregular,1,889,810,79,745,144,65,0.8380202474690663,0.9197530864197531,1.0975308641975308,0.8769864626250735
1,30,irregular,1,1441,250,1191,185,1256,65,0.12838306731436502,0.74,5.764,0.21880544056771142
1,30,regular,2,1021,997,24,996,25,1,0.9755142017629774,0.9989969909729187,1.0240722166499499,0.9871159563924677
1,30,semiregular,2,1066,810,256,804,262,6,0.7542213883677298,0.9925925925925926,1.3160493827160493,0.8571428571428572
1,30,irregular,2,934,250,684,233,701,17,0.2494646680942184,0.932,3.736,0.3935810810810811
1,30,regular,3,958,997,39,953,5,44,0.9947807933194155,0.9558676028084253,0.9608826479438315,0.9749360613810741
1,30,semiregular,3,699,810,111,636,63,174,0.9098712446351931,0.7851851851851852,0.8629629629629629,0.8429423459244533
1,30,irregular,3,75,250,175,71,4,179,0.9466666666666667,0.284,0.3,0.43692307692307697
2,1,regular,1,988,937,51,935,53,2,0.9463562753036437,0.9978655282817502,1.0544290288153682,0.9714285714285714
2,1,semiregular,1,972,703,269,675,297,28,0.6944444444444444,0.9601706970128022,1.3826458036984353,0.8059701492537313
2,1,irregular,1,344,199,145,143,201,56,0.41569767441860467,0.7185929648241206,1.728643216080402,0.5267034990791897
2,1,regular,2,1117,937,180,937,180,0,0.8388540734109221,1.0,1.1921024546424759,0.9123661148977604
2,1,semiregular,2,1251,703,548,700,551,3,0.5595523581135092,0.9957325746799431,1.7795163584637268,0.7164790174002048
2,1,irregular,2,1127,199,928,199,928,0,0.17657497781721385,1.0,5.663316582914573,0.30015082956259426
2,1,regular,3,930,937,7,878,52,59,0.9440860215053763,0.9370330843116329,0.9925293489861259,0.9405463310123192
2,1,semiregular,3,677,703,26,531,146,172,0.7843426883308715,0.7553342816500711,0.9630156472261735,0.7695652173913043
2,1,irregular,3,759,199,560,160,599,39,0.21080368906455862,0.8040201005025126,3.814070351758794,0.3340292275574112
2,2,regular,1,1193,1224,31,1186,7,38,0.9941324392288349,0.9689542483660131,0.9746732026143791,0.9813818783616053
2,2,semiregular,1,749,647,102,618,131,29,0.8251001335113485,0.955177743431221,1.1576506955177743,0.8853868194842406
2,2,irregular,1,811,217,594,151,660,66,0.18618988902589395,0.695852534562212,3.737327188940092,0.2937743190661478
2,2,regular,2,1266,1224,42,1220,46,4,0.9636650868878357,0.9967320261437909,1.0343137254901962,0.9799196787148593
2,2,semiregular,2,859,647,212,644,215,3,0.7497089639115251,0.9953632148377125,1.3276661514683152,0.8552456839309429
2,2,irregular,2,1436,217,1219,216,1220,1,0.15041782729805014,0.9953917050691244,6.617511520737327,0.26134301270417426
2,2,regular,3,613,1224,611,613,0,611,1.0,0.5008169934640523,0.5008169934640523,0.6673924877517692
2,2,semiregular,3,50,647,597,50,0,597,1.0,0.07727975270479134,0.07727975270479134,0.1434720229555237
2,2,irregular,3,287,217,70,36,251,181,0.1254355400696864,0.16589861751152074,1.3225806451612903,0.14285714285714282
2,3,regular,1,1064,1053,11,1044,20,9,0.981203007518797,0.9914529914529915,1.0104463437796771,0.9863013698630136
2,3,semiregular,1,902,716,186,693,209,23,0.7682926829268293,0.9678770949720671,1.2597765363128492,0.8566131025957973
2,3,irregular,1,787,224,563,180,607,44,0.22871664548919948,0.8035714285714286,3.513392857142857,0.35608308605341243
2,3,regular,2,1021,1053,32,1001,20,52,0.980411361410382,0.9506172839506173,0.9696106362773029,0.9652844744455159
2,3,semiregular,2,725,716,9,580,145,136,0.8,0.8100558659217877,1.0125698324022345,0.8049965301873699
2,3,irregular,2,980,224,756,100,880,124,0.10204081632653061,0.44642857142857145,4.375,0.1661129568106312
2,3,regular,3,832,1053,221,830,2,223,0.9975961538461539,0.7882241215574549,0.7901234567901234,0.8806366047745359
2,3,semiregular,3,266,716,450,251,15,465,0.943609022556391,0.3505586592178771,0.3715083798882682,0.5112016293279023
2,3,irregular,3,169,224,55,110,59,114,0.650887573964497,0.49107142857142855,0.7544642857142857,0.559796437659033
2,4,regular,1,1151,1101,50,1097,54,4,0.9530842745438749,0.9963669391462306,1.0454132606721163,0.9742451154529308
2,4,semiregular,1,776,614,162,554,222,60,0.7139175257731959,0.9022801302931596,1.263843648208469,0.7971223021582733
2,4,irregular,1,415,228,187,154,261,74,0.3710843373493976,0.6754385964912281,1.8201754385964912,0.47900466562986005
2,4,regular,2,1174,1101,73,1101,73,0,0.9378194207836457,1.0,1.0663033605812897,0.9679120879120879
2,4,semiregular,2,1017,614,403,613,404,1,0.6027531956735497,0.998371335504886,1.6563517915309447,0.7516860821581851
2,4,irregular,2,1481,228,1253,227,1254,1,0.15327481431465226,0.9956140350877193,6.495614035087719,0.2656524283206554
2,4,regular,3,41,1101,1060,32,9,1069,0.7804878048780488,0.029064486830154404,0.03723887375113533,0.056042031523642725
2,4,semiregular,3,22,614,592,6,16,608,0.2727272727272727,0.009771986970684038,0.035830618892508145,0.018867924528301886
2,4,irregular,3,9,228,219,1,8,227,0.1111111111111111,0.0043859649122807015,0.039473684210526314,0.008438818565400843
2,5,regular,1,1076,1044,32,1043,33,1,0.9693308550185874,0.9990421455938697,1.0306513409961686,0.9839622641509435
2,5,semiregular,1,1000,668,332,659,341,9,0.659,0.9865269461077845,1.4970059880239521,0.7901678657074341
2,5,irregular,1,807,217,590,185,622,32,0.22924411400247832,0.8525345622119815,3.71889400921659,0.361328125
2,5,regular,2,1072,1044,28,1041,31,3,0.9710820895522388,0.9971264367816092,1.0268199233716475,0.9839319470699432
2,5,semiregular,2,875,668,207,574,301,94,0.656,0.8592814371257484,1.3098802395209581,0.74400518470512
2,5,irregular,2,464,217,247,35,429,182,0.07543103448275862,0.16129032258064516,2.1382488479262673,0.1027900146842878
2,5,regular,3,625,1044,419,625,0,419,1.0,0.5986590038314177,0.5986590038314177,0.7489514679448772
2,5,semiregular,3,183,668,485,159,24,509,0.8688524590163934,0.23802395209580837,0.27395209580838326,0.3736780258519389
2,5,irregular,3,1173,217,956,159,1014,58,0.13554987212276215,0.7327188940092166,5.405529953917051,0.2287769784172662
2,6,regular,1,942,915,27,909,33,6,0.964968152866242,0.9934426229508196,1.0295081967213116,0.9789983844911148
2,6,semiregular,1,681,701,20,572,109,129,0.8399412628487518,0.8159771754636234,0.9714693295292439,0.8277858176555717
2,6,irregular,1,681,195,486,119,562,76,0.17474302496328928,0.6102564102564103,3.4923076923076923,0.271689497716895
2,6,regular,2,1042,915,127,915,127,0,0.8781190019193857,1.0,1.1387978142076502,0.9351047521716913
2,6,semiregular,2,982,701,281,689,293,12,0.7016293279022403,0.9828815977175464,1.4008559201141226,0.8187759952465836
2,6,irregular,2,1479,195,1284,193,1286,2,0.13049357674104126,0.9897435897435898,7.584615384615384,0.23058542413381122
2,6,regular,3,402,915,513,402,0,513,1.0,0.43934426229508194,0.43934426229508194,0.6104783599088839
2,6,semiregular,3,73,701,628,69,4,632,0.9452054794520548,0.09843081312410841,0.10413694721825963,0.17829457364341084
2,6,irregular,3,2,195,193,2,0,193,1.0,0.010256410256410256,0.010256410256410256,0.020304568527918784
2,7,regular,1,2,1230,1228,0,2,1230,-1,-1,0.0016260162601626016,-1
2,7,semiregular,1,2,761,759,1,1,760,0.5,0.001314060446780552,0.002628120893561104,0.0026212319790301446
2,7,irregular,1,5,225,220,1,4,224,0.2,0.0044444444444444444,0.022222222222222223,0.008695652173913044
2,7,regular,2,1072,1230,158,1055,17,175,0.9841417910447762,0.8577235772357723,0.8715447154471545,0.9165942658557775
2,7,semiregular,2,896,761,135,631,265,130,0.7042410714285714,0.8291721419185283,1.1773981603153745,0.7616173808086905
2,7,irregular,2,1858,225,1633,224,1634,1,0.12055974165769645,0.9955555555555555,8.257777777777777,0.21507441190590493
2,7,regular,3,701,1230,529,696,5,534,0.992867332382311,0.5658536585365853,0.5699186991869919,0.7208700155359916
2,7,semiregular,3,140,761,621,123,17,638,0.8785714285714286,0.1616294349540079,0.18396846254927726,0.2730299667036626
2,7,irregular,3,214,225,11,31,183,194,0.14485981308411214,0.13777777777777778,0.9511111111111111,0.14123006833712987
2,8,regular,1,1006,1035,29,994,12,41,0.9880715705765407,0.9603864734299516,0.9719806763285024,0.974032337089662
2,8,semiregular,1,875,827,48,715,160,112,0.8171428571428572,0.8645707376058042,1.0580411124546554,0.8401880141010577
2,8,irregular,1,595,243,352,128,467,115,0.21512605042016808,0.5267489711934157,2.448559670781893,0.3054892601431981
2,8,regular,2,333,1035,702,330,3,705,0.990990990990991,0.3188405797101449,0.3217391304347826,0.48245614035087714
2,8,semiregular,2,492,827,335,426,66,401,0.8658536585365854,0.5151148730350665,0.5949214026602176,0.6459438968915846
2,8,irregular,2,456,243,213,41,415,202,0.08991228070175439,0.16872427983539096,1.876543209876543,0.11731044349070101
2,8,regular,3,909,1035,126,905,4,130,0.9955995599559956,0.8743961352657005,0.8782608695652174,0.9310699588477367
2,8,semiregular,3,159,827,668,153,6,674,0.9622641509433962,0.18500604594921402,0.19226118500604594,0.3103448275862069
2,8,irregular,3,244,243,1,42,202,201,0.1721311475409836,0.1728395061728395,1.0041152263374487,0.17248459958932238
2,9,regular,1,1082,1107,25,1066,16,41,0.9852125693160814,0.9629629629629629,0.9774164408310749,0.9739607126541799
2,9,semiregular,1,642,701,59,579,63,122,0.9018691588785047,0.8259629101283881,0.9158345221112696,0.8622486969471332
2,9,irregular,1,500,266,234,142,358,124,0.284,0.5338345864661654,1.8796992481203008,0.370757180156658
2,9,regular,2,1109,1107,2,1092,17,15,0.9846708746618575,0.986449864498645,1.001806684733514,0.9855595667870036
2,9,semiregular,2,848,701,147,684,164,17,0.8066037735849056,0.9757489300998573,1.2097004279600572,0.883150419625565
2,9,irregular,2,1812,266,1546,263,1549,3,0.14514348785871964,0.9887218045112782,6.81203007518797,0.2531280076997112
2,9,regular,3,737,1107,370,732,5,375,0.9932157394843962,0.6612466124661247,0.6657633242999097,0.7939262472885033
2,9,semiregular,3,111,701,590,106,5,595,0.954954954954955,0.15121255349500715,0.15834522111269614,0.26108374384236455
2,9,irregular,3,143,266,123,41,102,225,0.2867132867132867,0.15413533834586465,0.5375939849624061,0.20048899755501223
2,10,regular,1,1070,1014,56,1000,70,14,0.9345794392523364,0.9861932938856016,1.0552268244575937,0.9596928982725528
2,10,semiregular,1,817,656,161,624,193,32,0.7637698898408812,0.9512195121951219,1.2454268292682926,0.8472505091649692
2,10,irregular,1,835,247,588,222,613,25,0.26586826347305387,0.8987854251012146,3.380566801619433,0.41035120147874304
2,10,regular,2,1180,1014,166,1014,166,0,0.8593220338983051,1.0,1.1637080867850098,0.9243391066545122
2,10,semiregular,2,952,656,296,652,300,4,0.6848739495798319,0.9939024390243902,1.451219512195122,0.8109452736318409
2,10,irregular,2,1459,247,1212,247,1212,0,0.16929403701165183,1.0,5.906882591093117,0.28956623681125443
2,10,regular,3,631,1014,383,617,14,397,0.9778129952456418,0.6084812623274162,0.6222879684418146,0.7501519756838906
2,10,semiregular,3,591,656,65,519,72,137,0.8781725888324873,0.7911585365853658,0.9009146341463414,0.8323977546110666
2,10,irregular,3,561,247,314,203,358,44,0.36185383244206776,0.8218623481781376,2.2712550607287447,0.5024752475247525
2,11,regular,1,1089,1070,19,1061,28,9,0.9742883379247016,0.991588785046729,1.0177570093457944,0.9828624363131079
2,11,semiregular,1,866,700,166,655,211,45,0.75635103926097,0.9357142857142857,1.237142857142857,0.8365261813537677
2,11,irregular,1,687,239,448,153,534,86,0.22270742358078602,0.6401673640167364,2.8744769874476988,0.3304535637149028
2,11,regular,2,0,1070,1070,0,0,1070,-1,-1,0.0,-1
2,11,semiregular,2,7,700,693,4,3,696,0.5714285714285714,0.005714285714285714,0.01,0.011315417256011316
2,11,irregular,2,180,239,59,7,173,232,0.03888888888888889,0.029288702928870293,0.7531380753138075,0.0334128878281623
2,11,regular,3,598,1070,472,598,0,472,1.0,0.5588785046728972,0.5588785046728972,0.7170263788968825
2,11,semiregular,3,228,700,472,202,26,498,0.8859649122807017,0.2885714285714286,0.32571428571428573,0.43534482758620696
2,11,irregular,3,124,239,115,60,64,179,0.4838709677419355,0.2510460251046025,0.5188284518828452,0.3305785123966942
2,12,regular,1,1110,1007,103,1007,103,0,0.9072072072072072,1.0,1.102284011916584,0.9513462446858763
2,12,semiregular,1,880,641,239,616,264,25,0.7,0.9609984399375975,1.3728549141965678,0.8099934253780406
2,12,irregular,1,765,204,561,158,607,46,0.2065359477124183,0.7745098039215687,3.75,0.326109391124871
2,12,regular,2,1138,1007,131,1007,131,0,0.8848857644991213,1.0,1.1300893743793445,0.938927738927739
2,12,semiregular,2,1034,641,393,632,402,9,0.6112185686653772,0.9859594383775351,1.6131045241809672,0.7546268656716418
2,12,irregular,2,1090,204,886,201,889,3,0.18440366972477065,0.9852941176470589,5.3431372549019605,0.3106646058732612
2,12,regular,3,376,1007,631,376,0,631,1.0,0.3733862959285005,0.3733862959285005,0.5437454808387564
2,12,semiregular,3,61,641,580,54,7,587,0.8852459016393442,0.0842433697347894,0.09516380655226209,0.15384615384615383
2,12,irregular,3,45,204,159,24,21,180,0.5333333333333333,0.11764705882352941,0.22058823529411764,0.19277108433734938
2,13,regular,1,1045,1000,45,997,48,3,0.9540669856459331,0.997,1.045,0.9750611246943766
2,13,semiregular,1,916,815,101,765,151,50,0.8351528384279476,0.9386503067484663,1.123926380368098,0.8838821490467937
2,13,irregular,1,781,216,565,100,681,116,0.12804097311139565,0.46296296296296297,3.615740740740741,0.20060180541624875
2,13,regular,2,1109,1000,109,1000,109,0,0.9017132551848512,1.0,1.109,0.948316737790422
2,13,semiregular,2,1023,815,208,793,230,22,0.7751710654936461,0.9730061349693252,1.2552147239263804,0.8628944504896627
2,13,irregular,2,2114,216,1898,216,1898,0,0.1021759697256386,1.0,9.787037037037036,0.1854077253218884
2,13,regular,3,938,1000,62,919,19,81,0.9797441364605544,0.919,0.938,0.9484004127966976
2,13,semiregular,3,160,815,655,133,27,682,0.83125,0.16319018404907976,0.19631901840490798,0.27282051282051284
2,13,irregular,3,715,216,499,38,677,178,0.05314685314685315,0.17592592592592593,3.310185185185185,0.0816326530612245
2,14,regular,1,1048,1052,4,1044,4,8,0.9961832061068703,0.9923954372623575,0.9961977186311787,0.9942857142857143
2,14,semiregular,1,1131,913,218,878,253,35,0.7763041556145004,0.9616648411829135,1.2387732749178533,0.8590998043052838
2,14,irregular,1,647,217,430,137,510,80,0.2117465224111283,0.631336405529954,2.9815668202764978,0.31712962962962965
2,14,regular,2,1080,1052,28,1049,31,3,0.9712962962962963,0.997148288973384,1.026615969581749,0.9840525328330206
2,14,semiregular,2,1326,913,413,911,415,2,0.6870286576168929,0.9978094194961665,1.452354874041621,0.813756141134435
2,14,irregular,2,1055,217,838,154,901,63,0.14597156398104266,0.7096774193548387,4.861751152073733,0.24213836477987424
2,14,regular,3,252,1052,800,246,6,806,0.9761904761904762,0.2338403041825095,0.23954372623574144,0.3773006134969325
2,14,semiregular,3,96,913,817,95,1,818,0.9895833333333334,0.10405257393209201,0.10514786418400876,0.1883052527254708
2,14,irregular,3,1,217,216,1,0,216,1.0,0.004608294930875576,0.004608294930875576,0.009174311926605503
2,15,regular,1,1008,964,44,964,44,0,0.9563492063492064,1.0,1.045643153526971,0.9776876267748479
2,15,semiregular,1,915,774,141,743,172,31,0.8120218579234972,0.9599483204134367,1.182170542635659,0.8798105387803433
2,15,irregular,1,713,218,495,156,557,62,0.2187938288920056,0.7155963302752294,3.270642201834862,0.3351235230934479
2,15,regular,2,206,964,758,200,6,764,0.970873786407767,0.2074688796680498,0.21369294605809128,0.34188034188034194
2,15,semiregular,2,588,774,186,474,114,300,0.8061224489795918,0.6124031007751938,0.7596899224806202,0.696035242290749
2,15,irregular,2,659,218,441,130,529,88,0.19726858877086495,0.5963302752293578,3.022935779816514,0.29646522234891676
2,15,regular,3,582,964,382,580,2,384,0.9965635738831615,0.6016597510373444,0.6037344398340249,0.7503234152652004
2,15,semiregular,3,230,774,544,213,17,561,0.9260869565217391,0.2751937984496124,0.2971576227390181,0.4243027888446215
2,15,irregular,3,76,218,142,18,58,200,0.23684210526315788,0.08256880733944955,0.3486238532110092,0.12244897959183673
2,16,regular,1,1124,1109,15,1103,21,6,0.9813167259786477,0.9945897204688909,1.0135256988277728,0.9879086430810569
2,16,semiregular,1,738,681,57,585,153,96,0.7926829268292683,0.8590308370044053,1.0837004405286343,0.8245243128964059
2,16,irregular,1,487,272,215,101,386,171,0.20739219712525667,0.3713235294117647,1.7904411764705883,0.26613965744400525
2,16,regular,2,1118,1109,9,1102,16,7,0.9856887298747764,0.9936880072137061,1.0081154192966637,0.9896722047597665
2,16,semiregular,2,736,681,55,571,165,110,0.7758152173913043,0.8384728340675477,1.080763582966226,0.8059280169371913
2,16,irregular,2,890,272,618,266,624,6,0.298876404494382,0.9779411764705882,3.2720588235294117,0.4578313253012048
2,16,regular,3,1022,1109,87,1010,12,99,0.9882583170254403,0.9107303877366997,0.9215509467989179,0.9479117785077429
2,16,semiregular,3,637,681,44,534,103,147,0.8383045525902669,0.7841409691629956,0.9353891336270191,0.8103186646433991
2,16,irregular,3,847,272,575,206,641,66,0.24321133412042503,0.7573529411764706,3.113970588235294,0.3681858802502234
2,17,regular,1,1048,1029,19,1028,20,1,0.9809160305343512,0.9990281827016521,1.0184645286686103,0.9898892633606162
2,17,semiregular,1,902,837,65,740,162,97,0.8203991130820399,0.8841099163679809,1.077658303464755,0.851063829787234
2,17,irregular,1,79,240,161,45,34,195,0.569620253164557,0.1875,0.32916666666666666,0.2821316614420063
2,17,regular,2,1105,1029,76,1029,76,0,0.9312217194570136,1.0,1.0738581146744413,0.964386129334583
2,17,semiregular,2,1072,837,235,801,271,36,0.7472014925373134,0.956989247311828,1.2807646356033453,0.8391828182294395
2,17,irregular,2,1065,240,825,233,832,7,0.2187793427230047,0.9708333333333333,4.4375,0.35708812260536404
2,17,regular,3,898,1029,131,893,5,136,0.9944320712694877,0.8678328474246841,0.8726919339164237,0.9268292682926829
2,17,semiregular,3,398,837,439,372,26,465,0.9346733668341709,0.4444444444444444,0.4755077658303465,0.6024291497975708
2,17,irregular,3,1051,240,811,116,935,124,0.11037107516650808,0.48333333333333334,4.379166666666666,0.17970565453137102
2,18,regular,1,1068,1044,24,1037,31,7,0.9709737827715356,0.9932950191570882,1.0229885057471264,0.9820075757575758
2,18,semiregular,1,925,801,124,759,166,42,0.8205405405405405,0.947565543071161,1.1548064918851435,0.8794901506373116
2,18,irregular,1,768,252,516,140,628,112,0.18229166666666666,0.5555555555555556,3.0476190476190474,0.27450980392156865
2,18,regular,2,1163,1044,119,1044,119,0,0.8976784178847808,1.0,1.1139846743295019,0.9460806524694155
2,18,semiregular,2,1057,801,256,777,280,24,0.7350993377483444,0.9700374531835206,1.3196004993757802,0.8363832077502691
2,18,irregular,2,1399,252,1147,248,1151,4,0.17726947819871336,0.9841269841269841,5.551587301587301,0.3004239854633555
2,18,regular,3,608,1044,436,605,3,439,0.9950657894736842,0.5795019157088123,0.5823754789272031,0.7324455205811139
2,18,semiregular,3,311,801,490,288,23,513,0.9260450160771704,0.3595505617977528,0.3882646691635456,0.5179856115107913
2,18,irregular,3,466,252,214,132,334,120,0.2832618025751073,0.5238095238095238,1.8492063492063493,0.36768802228412256
2,19,regular,1,1096,1076,20,1069,27,7,0.9753649635036497,0.9934944237918215,1.0185873605947955,0.9843462246777164
2,19,semiregular,1,811,753,58,677,134,76,0.8347718865598027,0.899070385126162,1.0770252324037184,0.8657289002557544
2,19,irregular,1,489,245,244,161,328,84,0.3292433537832311,0.6571428571428571,1.9959183673469387,0.43869209809264303
2,19,regular,2,1174,1076,98,1075,99,1,0.9156729131175468,0.9990706319702602,1.0910780669144982,0.9555555555555556
2,19,semiregular,2,1011,753,258,747,264,6,0.7388724035608308,0.9920318725099602,1.342629482071713,0.8469387755102041
2,19,irregular,2,1256,245,1011,244,1012,1,0.1942675159235669,0.9959183673469387,5.126530612244898,0.3251165889407062
2,19,regular,3,736,1076,340,733,3,343,0.9959239130434783,0.6812267657992565,0.6840148698884758,0.8090507726269316
2,19,semiregular,3,361,753,392,340,21,413,0.9418282548476454,0.45152722443559096,0.47941567065073043,0.6104129263913824
2,19,irregular,3,685,245,440,94,591,151,0.13722627737226278,0.3836734693877551,2.795918367346939,0.20215053763440863
2,20,regular,1,1240,1251,11,1225,15,26,0.9879032258064516,0.9792166266986411,0.991207034372502,0.9835407466880771
2,20,semiregular,1,921,841,80,752,169,89,0.8165038002171553,0.8941736028537456,1.0951248513674197,0.8535754824063565
2,20,irregular,1,680,252,428,126,554,126,0.18529411764705883,0.5,2.6984126984126986,0.2703862660944206
2,20,regular,2,1285,1251,34,1249,36,2,0.9719844357976654,0.9984012789768185,1.0271782573940846,0.9850157728706624
2,20,semiregular,2,1086,841,245,782,304,59,0.7200736648250461,0.929845422116528,1.291319857312723,0.8116242864556306
2,20,irregular,2,990,252,738,225,765,27,0.22727272727272727,0.8928571428571429,3.9285714285714284,0.36231884057971014
2,20,regular,3,715,1251,536,715,0,536,1.0,0.5715427657873701,0.5715427657873701,0.7273652085452696
2,20,semiregular,3,168,841,673,158,10,683,0.9404761904761905,0.187871581450654,0.19976218787158145,0.313181367690783
2,20,irregular,3,38,252,214,32,6,220,0.8421052631578947,0.12698412698412698,0.15079365079365079,0.2206896551724138
2,21,regular,1,954,920,34,917,37,3,0.9612159329140462,0.9967391304347826,1.0369565217391303,0.9786552828175027
2,21,semiregular,1,875,549,326,518,357,31,0.592,0.9435336976320583,1.5938069216757742,0.7275280898876404
2,21,irregular,1,593,204,389,159,434,45,0.26812816188870153,0.7794117647058824,2.906862745098039,0.3989962358845671
2,21,regular,2,1052,920,132,920,132,0,0.8745247148288974,1.0,1.1434782608695653,0.9330628803245435
2,21,semiregular,2,1035,549,486,544,491,5,0.5256038647342995,0.9908925318761385,1.8852459016393444,0.6868686868686869
2,21,irregular,2,983,204,779,195,788,9,0.19837232960325535,0.9558823529411765,4.818627450980392,0.3285593934288121
2,21,regular,3,325,920,595,325,0,595,1.0,0.3532608695652174,0.3532608695652174,0.5220883534136547
2,21,semiregular,3,52,549,497,47,5,502,0.9038461538461539,0.08561020036429873,0.0947176684881603,0.15640599001663893
2,21,irregular,3,21,204,183,20,1,184,0.9523809523809523,0.09803921568627451,0.10294117647058823,0.17777777777777776
2,22,regular,1,1050,946,104,943,107,3,0.8980952380952381,0.9968287526427061,1.109936575052854,0.9448897795591182
2,22,semiregular,1,874,703,171,647,227,56,0.7402745995423341,0.9203413940256046,1.2432432432432432,0.8205453392517439
2,22,irregular,1,806,247,559,218,588,29,0.2704714640198511,0.8825910931174089,3.263157894736842,0.41405508072174735
2,22,regular,2,1077,946,131,946,131,0,0.8783658310120706,1.0,1.1384778012684988,0.935244686109738
2,22,semiregular,2,1120,703,417,698,422,5,0.6232142857142857,0.9928876244665719,1.593172119487909,0.7657707076247943
2,22,irregular,2,1548,247,1301,247,1301,0,0.15956072351421188,1.0,6.267206477732794,0.2752089136490251
2,22,regular,3,756,946,190,754,2,192,0.9973544973544973,0.7970401691331924,0.7991543340380549,0.8860164512338425
2,22,semiregular,3,258,703,445,240,18,463,0.9302325581395349,0.3413940256045519,0.3669985775248933,0.4994797086368366
2,22,irregular,3,28,247,219,20,8,227,0.7142857142857143,0.08097165991902834,0.11336032388663968,0.14545454545454545
2,23,regular,1,963,999,36,951,12,48,0.9875389408099688,0.9519519519519519,0.963963963963964,0.9694189602446482
2,23,semiregular,1,789,835,46,679,110,156,0.8605830164765526,0.8131736526946107,0.9449101796407186,0.836206896551724
2,23,irregular,1,111,266,155,33,78,233,0.2972972972972973,0.12406015037593984,0.41729323308270677,0.17506631299734748
2,23,regular,2,968,999,31,931,37,68,0.9617768595041323,0.9319319319319319,0.968968968968969,0.9466192170818505
2,23,semiregular,2,991,835,156,790,201,45,0.7971745711402624,0.9461077844311377,1.1868263473053893,0.8652792990142388
2,23,irregular,2,2430,266,2164,264,2166,2,0.10864197530864197,0.9924812030075187,9.135338345864662,0.19584569732937682
2,23,regular,3,656,999,343,653,3,346,0.9954268292682927,0.6536536536536537,0.6566566566566566,0.7891238670694863
2,23,semiregular,3,85,835,750,84,1,751,0.9882352941176471,0.10059880239520957,0.10179640718562874,0.1826086956521739
2,23,irregular,3,63,266,203,14,49,252,0.2222222222222222,0.05263157894736842,0.23684210526315788,0.0851063829787234
2,24,regular,1,1123,1079,44,1079,44,0,0.9608192341941229,1.0,1.0407784986098239,0.9800181653042688
2,24,semiregular,1,752,680,72,634,118,46,0.8430851063829787,0.9323529411764706,1.1058823529411765,0.8854748603351955
2,24,irregular,1,957,247,710,145,812,102,0.15151515151515152,0.5870445344129555,3.874493927125506,0.2408637873754153
2,24,regular,2,1081,1079,2,1054,27,25,0.9750231267345051,0.9768303985171455,1.0018535681186285,0.975925925925926
2,24,semiregular,2,850,680,170,675,175,5,0.7941176470588235,0.9926470588235294,1.25,0.8823529411764706
2,24,irregular,2,1950,247,1703,247,1703,0,0.12666666666666668,1.0,7.894736842105263,0.22485207100591717
2,24,regular,3,625,1079,454,623,2,456,0.9968,0.577386468952734,0.5792400370713624,0.7312206572769954
2,24,semiregular,3,215,680,465,196,19,484,0.9116279069767442,0.28823529411764703,0.3161764705882353,0.4379888268156425
2,24,irregular,3,66,247,181,56,10,191,0.8484848484848485,0.22672064777327935,0.26720647773279355,0.3578274760383387
2,25,regular,1,962,946,16,944,18,2,0.9812889812889813,0.9978858350951374,1.0169133192389006,0.989517819706499
2,25,semiregular,1,855,718,137,666,189,52,0.7789473684210526,0.9275766016713092,1.190807799442897,0.8467895740623013
2,25,irregular,1,1172,207,965,145,1027,62,0.12372013651877133,0.7004830917874396,5.661835748792271,0.21029731689630166
2,25,regular,2,980,946,34,946,34,0,0.9653061224489796,1.0,1.0359408033826638,0.9823468328141225
2,25,semiregular,2,728,718,10,520,208,198,0.7142857142857143,0.724233983286908,1.0139275766016713,0.719225449515906
2,25,irregular,2,200,207,7,21,179,186,0.105,0.10144927536231885,0.966183574879227,0.1031941031941032
2,25,regular,3,180,946,766,180,0,766,1.0,0.19027484143763213,0.19027484143763213,0.3197158081705151
2,25,semiregular,3,0,718,718,0,0,718,-1,-1,0.0,-1
2,25,irregular,3,237,207,30,8,229,199,0.03375527426160337,0.03864734299516908,1.144927536231884,0.036036036036036036
2,26,regular,1,1041,985,56,984,57,1,0.9452449567723343,0.9989847715736041,1.0568527918781725,0.9713721618953604
2,26,semiregular,1,868,720,148,669,199,51,0.7707373271889401,0.9291666666666667,1.2055555555555555,0.8425692695214106
2,26,irregular,1,1032,214,818,179,853,35,0.17344961240310078,0.8364485981308412,4.822429906542056,0.2873194221508828
2,26,regular,2,1084,985,99,981,103,4,0.9049815498154982,0.9959390862944163,1.100507614213198,0.9482841952634123
2,26,semiregular,2,939,720,219,690,249,30,0.7348242811501597,0.9583333333333334,1.3041666666666667,0.8318264014466545
2,26,irregular,2,1597,214,1383,211,1386,3,0.13212273011897308,0.985981308411215,7.462616822429907,0.23302043070127
2,26,regular,3,30,985,955,26,4,959,0.8666666666666667,0.026395939086294416,0.030456852791878174,0.05123152709359606
2,26,semiregular,3,106,720,614,69,37,651,0.6509433962264151,0.09583333333333334,0.14722222222222223,0.16707021791767557
2,26,irregular,3,430,214,216,18,412,196,0.04186046511627907,0.08411214953271028,2.0093457943925235,0.055900621118012424
2,27,regular,1,1165,1166,1,1156,9,10,0.992274678111588,0.9914236706689536,0.9991423670668954,0.9918489918489918
2,27,semiregular,1,882,728,154,645,237,83,0.7312925170068028,0.885989010989011,1.2115384615384615,0.8012422360248447
2,27,irregular,1,1652,270,1382,238,1414,32,0.1440677966101695,0.8814814814814815,6.118518518518519,0.2476586888657648
2,27,regular,2,1226,1166,60,1166,60,0,0.9510603588907015,1.0,1.0514579759862779,0.9749163879598662
2,27,semiregular,2,1059,728,331,722,337,6,0.6817752596789424,0.9917582417582418,1.4546703296703296,0.8080581980973699
2,27,irregular,2,2153,270,1883,265,1888,5,0.12308406874129123,0.9814814814814815,7.974074074074074,0.21873710276516717
2,27,regular,3,1079,1166,87,1076,3,90,0.9972196478220574,0.9228130360205832,0.9253859348198971,0.9585746102449887
2,27,semiregular,3,411,728,317,374,37,354,0.9099756690997567,0.5137362637362637,0.5645604395604396,0.6567164179104477
2,27,irregular,3,611,270,341,138,473,132,0.22585924713584288,0.5111111111111111,2.262962962962963,0.31328036322360947
2,28,regular,1,1126,1098,28,1095,31,3,0.9724689165186501,0.9972677595628415,1.0255009107468125,0.9847122302158273
2,28,semiregular,1,1017,859,158,819,198,40,0.8053097345132744,0.9534342258440046,1.1839348079161816,0.873134328358209
2,28,irregular,1,1685,293,1392,215,1470,78,0.12759643916913946,0.7337883959044369,5.750853242320819,0.21739130434782608
2,28,regular,2,1132,1098,34,1098,34,0,0.9699646643109541,1.0,1.0309653916211294,0.9847533632286996
2,28,semiregular,2,1118,859,259,851,267,8,0.761180679785331,0.9906868451688009,1.3015133876600697,0.860900354071826
2,28,irregular,2,1648,293,1355,272,1376,21,0.1650485436893204,0.9283276450511946,5.624573378839591,0.28026790314271
2,28,regular,3,79,1098,1019,79,0,1019,1.0,0.07194899817850638,0.07194899817850638,0.13423959218351741
2,28,semiregular,3,31,859,828,21,10,838,0.6774193548387096,0.024447031431897557,0.03608847497089639,0.04719101123595506
2,28,irregular,3,808,293,515,14,794,279,0.017326732673267328,0.04778156996587031,2.757679180887372,0.02543142597638511
2,29,regular,1,1161,1140,21,1136,25,4,0.9784668389319552,0.9964912280701754,1.018421052631579,0.9873967840069536
2,29,semiregular,1,1219,869,350,848,371,21,0.6956521739130435,0.9758342922899885,1.4027617951668585,0.8122605363984674
2,29,irregular,1,1056,247,809,176,880,71,0.16666666666666666,0.7125506072874493,4.275303643724697,0.2701458173445894
2,29,regular,2,1192,1140,52,1139,53,1,0.9555369127516778,0.9991228070175439,1.0456140350877192,0.9768439108061749
2,29,semiregular,2,1382,869,513,869,513,0,0.6287988422575976,1.0,1.5903337169159955,0.7721012883163039
2,29,irregular,2,1740,247,1493,246,1494,1,0.1413793103448276,0.9959514170040485,7.044534412955466,0.24760946149974836
2,29,regular,3,280,1140,860,280,0,860,1.0,0.24561403508771928,0.24561403508771928,0.3943661971830986
2,29,semiregular,3,152,869,717,143,9,726,0.9407894736842105,0.16455696202531644,0.17491369390103567,0.28011753183153765
2,29,irregular,3,33,247,214,27,6,220,0.8181818181818182,0.10931174089068826,0.13360323886639677,0.19285714285714287
2,30,regular,1,1017,997,20,993,24,4,0.976401179941003,0.995987963891675,1.020060180541625,0.9860973187686196
2,30,semiregular,1,892,810,82,743,149,67,0.8329596412556054,0.917283950617284,1.1012345679012345,0.873090481786134
2,30,irregular,1,1575,250,1325,179,1396,71,0.11365079365079366,0.716,6.3,0.19616438356164384
2,30,regular,2,1062,997,65,997,65,0,0.9387947269303202,1.0,1.065195586760281,0.968431277319087
2,30,semiregular,2,1094,810,284,806,288,4,0.7367458866544789,0.9950617283950617,1.3506172839506172,0.8466386554621849
2,30,irregular,2,579,250,329,219,360,31,0.37823834196891193,0.876,2.316,0.5283474065138722
2,30,regular,3,732,997,265,732,0,265,1.0,0.7342026078234705,0.7342026078234705,0.8467322151532678
2,30,semiregular,3,353,810,457,338,15,472,0.9575070821529745,0.41728395061728396,0.43580246913580245,0.5812553740326741
2,30,irregular,3,4,250,246,4,0,246,1.0,0.016,0.016,0.031496062992125984
3,1,regular,1,918,937,19,903,15,34,0.9836601307189542,0.9637139807897546,0.9797225186766275,0.9735849056603773
3,1,semiregular,1,910,703,207,676,234,27,0.7428571428571429,0.9615931721194879,1.294452347083926,0.8381897086174829
3,1,irregular,1,362,199,163,142,220,57,0.39226519337016574,0.7135678391959799,1.8190954773869348,0.5062388591800356
3,1,regular,2,1099,937,162,937,162,0,0.8525932666060054,1.0,1.1728922091782283,0.9204322200392927
3,1,semiregular,2,1218,703,515,702,516,1,0.5763546798029556,0.9985775248933144,1.732574679943101,0.7308693388859968
3,1,irregular,2,1088,199,889,199,889,0,0.18290441176470587,1.0,5.467336683417085,0.30924630924630925
3,1,regular,3,660,937,277,659,1,278,0.9984848484848485,0.7033084311632871,0.7043756670224119,0.8252974326862869
3,1,semiregular,3,393,703,310,334,59,369,0.8498727735368957,0.4751066856330014,0.5590327169274538,0.6094890510948905
3,1,irregular,3,99,199,100,75,24,124,0.7575757575757576,0.3768844221105528,0.49748743718592964,0.5033557046979866
3,2,regular,1,1101,1224,123,1093,8,131,0.9927338782924614,0.8929738562091504,0.8995098039215687,0.9402150537634409
3,2,semiregular,1,684,647,37,601,83,46,0.8786549707602339,0.9289026275115919,1.0571870170015456,0.9030803906836964
3,2,irregular,1,798,217,581,183,615,34,0.22932330827067668,0.8433179723502304,3.6774193548387095,0.36059113300492607
3,2,regular,2,1261,1224,37,1220,41,4,0.9674861221252974,0.9967320261437909,1.0302287581699345,0.9818913480885312
3,2,semiregular,2,708,647,61,611,97,36,0.8629943502824858,0.9443585780525502,1.0942812982998456,0.9018450184501845
3,2,irregular,2,1286,217,1069,203,1083,14,0.1578538102643857,0.9354838709677419,5.926267281105991,0.27012641383898867
3,2,regular,3,1004,1224,220,1003,1,221,0.999003984063745,0.8194444444444444,0.8202614379084967,0.900359066427289
3,2,semiregular,3,381,647,266,366,15,281,0.9606299212598425,0.5656877897990726,0.58887171561051,0.7120622568093385
3,2,irregular,3,109,217,108,98,11,119,0.8990825688073395,0.45161290322580644,0.5023041474654378,0.6012269938650308
3,3,regular,1,1053,1053,0,1038,15,15,0.9857549857549858,0.9857549857549858,1.0,0.9857549857549858
3,3,semiregular,1,853,716,137,684,169,32,0.8018757327080891,0.9553072625698324,1.191340782122905,0.8718929254302102
3,3,irregular,1,711,224,487,171,540,53,0.24050632911392406,0.7633928571428571,3.174107142857143,0.36577540106951867
3,3,regular,2,881,1053,172,864,17,189,0.9807037457434733,0.8205128205128205,0.8366571699905033,0.8934850051706308
3,3,semiregular,2,756,716,40,623,133,93,0.8240740740740741,0.8701117318435754,1.0558659217877095,0.8464673913043478
3,3,irregular,2,126,224,98,101,25,123,0.8015873015873016,0.45089285714285715,0.5625,0.5771428571428572
3,3,regular,3,838,1053,215,837,1,216,0.9988066825775657,0.7948717948717948,0.7958214624881291,0.8852459016393442
3,3,semiregular,3,476,716,240,449,27,267,0.9432773109243697,0.6270949720670391,0.664804469273743,0.7533557046979865
3,3,irregular,3,135,224,89,113,22,111,0.837037037037037,0.5044642857142857,0.6026785714285714,0.6295264623955432
3,4,regular,1,1128,1101,27,1088,40,13,0.9645390070921985,0.9881925522252498,1.0245231607629428,0.9762225213100045
3,4,semiregular,1,716,614,102,543,173,71,0.7583798882681564,0.8843648208469055,1.1661237785016287,0.8165413533834587
3,4,irregular,1,438,228,210,165,273,63,0.3767123287671233,0.7236842105263158,1.9210526315789473,0.4954954954954955
3,4,regular,2,1072,1101,29,1056,16,45,0.9850746268656716,0.9591280653950953,0.9736603088101726,0.9719282098481362
3,4,semiregular,2,465,614,149,383,82,231,0.8236559139784946,0.6237785016286646,0.757328990228013,0.7099165894346616
3,4,irregular,2,171,228,57,125,46,103,0.7309941520467836,0.5482456140350878,0.75,0.6265664160401003
3,4,regular,3,610,1101,491,607,3,494,0.9950819672131147,0.5513169845594914,0.5540417801998183,0.7095265926358855
3,4,semiregular,3,217,614,397,209,8,405,0.9631336405529954,0.34039087947882735,0.3534201954397394,0.5030084235860408
3,4,irregular,3,51,228,177,45,6,183,0.8823529411764706,0.19736842105263158,0.2236842105263158,0.32258064516129026
3,5,regular,1,1018,1044,26,1009,9,35,0.9911591355599214,0.9664750957854407,0.975095785440613,0.9786614936954414
3,5,semiregular,1,914,668,246,649,265,19,0.7100656455142232,0.9715568862275449,1.3682634730538923,0.820480404551201
3,5,irregular,1,805,217,588,181,624,36,0.2248447204968944,0.8341013824884793,3.7096774193548385,0.35420743639921726
3,5,regular,2,935,1044,109,929,6,115,0.9935828877005347,0.8898467432950191,0.8955938697318008,0.9388580090955028
3,5,semiregular,2,675,668,7,499,176,169,0.7392592592592593,0.7470059880239521,1.0104790419161678,0.7431124348473567
3,5,irregular,2,406,217,189,130,276,87,0.32019704433497537,0.5990783410138248,1.8709677419354838,0.4173354735152488
3,5,regular,3,880,1044,164,878,2,166,0.9977272727272727,0.8409961685823755,0.842911877394636,0.9126819126819126
3,5,semiregular,3,434,668,234,375,59,293,0.8640552995391705,0.561377245508982,0.6497005988023952,0.6805807622504537
3,5,irregular,3,95,217,122,80,15,137,0.8421052631578947,0.3686635944700461,0.4377880184331797,0.5128205128205129
3,6,regular,1,932,915,17,902,30,13,0.9678111587982833,0.985792349726776,1.0185792349726777,0.9767190037899297
3,6,semiregular,1,736,701,35,628,108,73,0.8532608695652174,0.8958630527817404,1.0499286733238231,0.8740431454418928
3,6,irregular,1,519,195,324,114,405,81,0.21965317919075145,0.5846153846153846,2.6615384615384614,0.319327731092437
3,6,regular,2,984,915,69,908,76,7,0.9227642276422764,0.9923497267759562,1.0754098360655737,0.9562927856766719
3,6,semiregular,2,779,701,78,635,144,66,0.8151476251604621,0.905848787446505,1.1112696148359487,0.8581081081081081
3,6,irregular,2,168,195,27,110,58,85,0.6547619047619048,0.5641025641025641,0.8615384615384616,0.6060606060606061
3,6,regular,3,663,915,252,663,0,252,1.0,0.7245901639344262,0.7245901639344262,0.8403041825095058
3,6,semiregular,3,367,701,334,353,14,348,0.9618528610354223,0.5035663338088445,0.5235378031383737,0.6610486891385768
3,6,irregular,3,326,195,131,104,222,91,0.31901840490797545,0.5333333333333333,1.6717948717948719,0.3992322456813819
3,7,regular,1,1214,1230,16,1200,14,30,0.9884678747940692,0.975609756097561,0.9869918699186991,0.9819967266775778
3,7,semiregular,1,1086,761,325,720,366,41,0.6629834254143646,0.9461235216819974,1.4270696452036793,0.7796426637791013
3,7,irregular,1,126,225,99,72,54,153,0.5714285714285714,0.32,0.56,0.41025641025641024
3,7,regular,2,160,1230,1070,158,2,1072,0.9875,0.12845528455284552,0.13008130081300814,0.2273381294964029
3,7,semiregular,2,498,761,263,398,100,363,0.7991967871485943,0.5229960578186597,0.6544021024967148,0.6322478157267672
3,7,irregular,2,731,225,506,173,558,52,0.23666210670314639,0.7688888888888888,3.2488888888888887,0.36192468619246865
3,7,regular,3,496,1230,734,496,0,734,1.0,0.4032520325203252,0.4032520325203252,0.574739281575898
3,7,semiregular,3,229,761,532,213,16,548,0.9301310043668122,0.27989487516425754,0.3009198423127464,0.4303030303030303
3,7,irregular,3,44,225,181,38,6,187,0.8636363636363636,0.1688888888888889,0.19555555555555557,0.28252788104089216
3,8,regular,1,1039,1035,4,1019,20,16,0.9807507218479307,0.9845410628019323,1.0038647342995168,0.9826422372227579
3,8,semiregular,1,866,827,39,716,150,111,0.8267898383371824,0.8657799274486094,1.0471584038694075,0.8458357944477259
3,8,irregular,1,846,243,603,154,692,89,0.18203309692671396,0.6337448559670782,3.4814814814814814,0.2828282828282828
3,8,regular,2,928,1035,107,918,10,117,0.9892241379310345,0.8869565217391304,0.8966183574879227,0.935303107488538
3,8,semiregular,2,911,827,84,735,176,92,0.8068057080131723,0.8887545344619106,1.1015719467956469,0.8457997698504028
3,8,irregular,2,1385,243,1142,177,1208,66,0.12779783393501806,0.7283950617283951,5.699588477366255,0.21744471744471747
3,8,regular,3,941,1035,94,938,3,97,0.9968119022316685,0.9062801932367149,0.9091787439613527,0.9493927125506073
3,8,semiregular,3,494,827,333,462,32,365,0.9352226720647774,0.558645707376058,0.5973397823458283,0.6994700984102953
3,8,irregular,3,503,243,260,132,371,111,0.2624254473161034,0.5432098765432098,2.0699588477366255,0.35388739946380693
3,9,regular,1,1089,1107,18,1079,10,28,0.9908172635445363,0.974706413730804,0.983739837398374,0.9826958105646629
3,9,semiregular,1,655,701,46,589,66,112,0.899236641221374,0.8402282453637661,0.9343794579172611,0.868731563421829
3,9,irregular,1,619,266,353,165,454,101,0.2665589660743134,0.6203007518796992,2.327067669172932,0.3728813559322034
3,9,regular,2,1119,1107,12,1102,17,5,0.9848078641644326,0.995483288166215,1.010840108401084,0.9901168014375562
3,9,semiregular,2,799,701,98,671,128,30,0.8397997496871089,0.9572039942938659,1.1398002853067046,0.8946666666666667
3,9,irregular,2,1819,266,1553,265,1554,1,0.1456844420010995,0.9962406015037594,6.838345864661654,0.2541966426858513
3,9,regular,3,778,1107,329,778,0,329,1.0,0.7028003613369467,0.7028003613369467,0.8254641909814323
3,9,semiregular,3,373,701,328,361,12,340,0.967828418230563,0.514978601997147,0.5320970042796006,0.6722532588454376
3,9,irregular,3,126,266,140,114,12,152,0.9047619047619048,0.42857142857142855,0.47368421052631576,0.5816326530612245
3,10,regular,1,995,1014,19,983,12,31,0.9879396984924623,0.9694280078895463,0.9812623274161736,0.9785963165754107
3,10,semiregular,1,767,656,111,633,134,23,0.8252933507170795,0.9649390243902439,1.1692073170731707,0.8896697118763177
3,10,irregular,1,786,247,539,220,566,27,0.27989821882951654,0.8906882591093117,3.182186234817814,0.4259438528557599
3,10,regular,2,983,1014,31,941,42,73,0.9572736520854527,0.928007889546351,0.9694280078895463,0.9424136204306458
3,10,semiregular,2,885,656,229,643,242,13,0.7265536723163842,0.9801829268292683,1.3490853658536586,0.8345230369889683
3,10,irregular,2,1514,247,1267,247,1267,0,0.16314398943196828,1.0,6.129554655870446,0.28052243043725156
3,10,regular,3,890,1014,124,888,2,126,0.9977528089887641,0.8757396449704142,0.8777120315581854,0.9327731092436974
3,10,semiregular,3,380,656,276,365,15,291,0.9605263157894737,0.5564024390243902,0.5792682926829268,0.7046332046332047
3,10,irregular,3,120,247,127,108,12,139,0.9,0.43724696356275305,0.48582995951417,0.5885558583106267
3,11,regular,1,1070,1070,0,1056,14,14,0.9869158878504672,0.9869158878504672,1.0,0.9869158878504672
3,11,semiregular,1,830,700,130,664,166,36,0.8,0.9485714285714286,1.1857142857142857,0.8679738562091504
3,11,irregular,1,695,239,456,179,516,60,0.25755395683453236,0.7489539748953975,2.907949790794979,0.3832976445396145
3,11,regular,2,346,1070,724,343,3,727,0.9913294797687862,0.3205607476635514,0.3233644859813084,0.48446327683615814
3,11,semiregular,2,188,700,512,159,29,541,0.8457446808510638,0.22714285714285715,0.26857142857142857,0.3581081081081081
3,11,irregular,2,50,239,189,39,11,200,0.78,0.16317991631799164,0.20920502092050208,0.2698961937716263
3,11,regular,3,525,1070,545,525,0,545,1.0,0.49065420560747663,0.49065420560747663,0.658307210031348
3,11,semiregular,3,282,700,418,271,11,429,0.9609929078014184,0.3871428571428571,0.40285714285714286,0.5519348268839104
3,11,irregular,3,108,239,131,83,25,156,0.7685185185185185,0.3472803347280335,0.45188284518828453,0.47838616714697413
3,12,regular,1,1017,1007,10,1007,10,0,0.9901671583087512,1.0,1.009930486593843,0.9950592885375494
3,12,semiregular,1,806,641,165,606,200,35,0.7518610421836228,0.9453978159126365,1.2574102964118565,0.837595024187975
3,12,irregular,1,803,204,599,173,630,31,0.21544209215442092,0.8480392156862745,3.9362745098039214,0.34359483614697117
3,12,regular,2,1089,1007,82,1007,82,0,0.9247015610651974,1.0,1.0814299900695135,0.9608778625954199
3,12,semiregular,2,688,641,47,516,172,125,0.75,0.8049921996879875,1.0733229329173166,0.7765237020316028
3,12,irregular,2,556,204,352,174,382,30,0.3129496402877698,0.8529411764705882,2.7254901960784315,0.4578947368421053
3,12,regular,3,649,1007,358,649,0,358,1.0,0.6444885799404171,0.6444885799404171,0.783816425120773
3,12,semiregular,3,285,641,356,259,26,382,0.9087719298245615,0.4040561622464899,0.44461778471138846,0.5593952483801297
3,12,irregular,3,121,204,83,86,35,118,0.7107438016528925,0.4215686274509804,0.5931372549019608,0.5292307692307693
3,13,regular,1,973,1000,27,967,6,33,0.9938335046248715,0.967,0.973,0.9802331474911302
3,13,semiregular,1,835,815,20,730,105,85,0.874251497005988,0.8957055214723927,1.0245398773006136,0.8848484848484848
3,13,irregular,1,930,216,714,128,802,88,0.13763440860215054,0.5925925925925926,4.305555555555555,0.22338568935427575
3,13,regular,2,848,1000,152,837,11,163,0.9870283018867925,0.837,0.848,0.9058441558441558
3,13,semiregular,2,838,815,23,709,129,106,0.8460620525059666,0.8699386503067484,1.0282208588957056,0.8578342407743497
3,13,irregular,2,2030,216,1814,202,1828,14,0.09950738916256158,0.9351851851851852,9.398148148148149,0.1798753339269813
3,13,regular,3,716,1000,284,715,1,285,0.9986033519553073,0.715,0.716,0.8333333333333334
3,13,semiregular,3,484,815,331,464,20,351,0.9586776859504132,0.5693251533742332,0.5938650306748466,0.7143956889915319
3,13,irregular,3,189,216,27,106,83,110,0.5608465608465608,0.49074074074074076,0.875,0.5234567901234567
3,14,regular,1,1046,1052,6,1043,3,9,0.997131931166348,0.9914448669201521,0.9942965779467681,0.994280266920877
3,14,semiregular,1,1056,913,143,879,177,34,0.8323863636363636,0.9627601314348302,1.1566265060240963,0.8928390045708482
3,14,irregular,1,715,217,498,157,558,60,0.21958041958041957,0.7235023041474654,3.294930875576037,0.3369098712446352
3,14,regular,2,1072,1052,20,1051,21,1,0.980410447761194,0.9990494296577946,1.0190114068441065,0.9896421845574388
3,14,semiregular,2,1213,913,300,888,325,25,0.7320692497938994,0.9726177437020811,1.3285870755750273,0.8353715898400752
3,14,irregular,2,1442,217,1225,205,1237,12,0.1421636615811373,0.9447004608294931,6.645161290322581,0.2471368294153104
3,14,regular,3,525,1052,527,523,2,529,0.9961904761904762,0.49714828897338403,0.4990494296577947,0.663284717818643
3,14,semiregular,3,338,913,575,323,15,590,0.9556213017751479,0.3537787513691128,0.3702081051478642,0.5163868904876099
3,14,irregular,3,67,217,150,55,12,162,0.8208955223880597,0.2534562211981567,0.3087557603686636,0.3873239436619718
3,15,regular,1,1011,964,47,964,47,0,0.9535113748763601,1.0,1.0487551867219918,0.9762025316455697
3,15,semiregular,1,886,774,112,748,138,26,0.8442437923250564,0.9664082687338501,1.144702842377261,0.9012048192771084
3,15,irregular,1,748,218,530,165,583,53,0.22058823529411764,0.7568807339449541,3.4311926605504586,0.34161490683229817
3,15,regular,2,676,964,288,666,10,298,0.985207100591716,0.6908713692946058,0.7012448132780082,0.8121951219512195
3,15,semiregular,2,673,774,101,576,97,198,0.8558692421991084,0.7441860465116279,0.8695090439276486,0.7961299239806495
3,15,irregular,2,884,218,666,175,709,43,0.19796380090497737,0.8027522935779816,4.055045871559633,0.3176043557168784
3,15,regular,3,793,964,171,790,3,174,0.9962168978562421,0.8195020746887967,0.8226141078838174,0.8992601024473535
3,15,semiregular,3,454,774,320,427,27,347,0.9405286343612335,0.5516795865633075,0.58656330749354,0.6954397394136808
3,15,irregular,3,393,218,175,112,281,106,0.28498727735368956,0.5137614678899083,1.8027522935779816,0.36661211129296234
3,16,regular,1,0,1109,1109,0,0,1109,-1,-1,0.0,-1
3,16,semiregular,1,32,681,649,28,4,653,0.875,0.041116005873715125,0.04698972099853157,0.07854137447405331
3,16,irregular,1,62,272,210,19,43,253,0.3064516129032258,0.06985294117647059,0.22794117647058823,0.11377245508982035
3,16,regular,2,1060,1109,49,1047,13,62,0.9877358490566037,0.9440937781785392,0.9558160504959423,0.9654218533886584
3,16,semiregular,2,763,681,82,616,147,65,0.8073394495412844,0.9045521292217328,1.1204111600587372,0.8531855955678671
3,16,irregular,2,894,272,622,246,648,26,0.2751677852348993,0.9044117647058824,3.286764705882353,0.42195540308747853
3,16,regular,3,329,1109,780,329,0,780,1.0,0.29666366095581603,0.29666366095581603,0.4575799721835883
3,16,semiregular,3,185,681,496,171,14,510,0.9243243243243243,0.2511013215859031,0.27165932452276065,0.394919168591224
3,16,irregular,3,50,272,222,49,1,223,0.98,0.1801470588235294,0.18382352941176472,0.30434782608695654
3,17,regular,1,63,1029,966,62,1,967,0.9841269841269841,0.06025267249757046,0.061224489795918366,0.11355311355311357
3,17,semiregular,1,216,837,621,194,22,643,0.8981481481481481,0.23178016726403824,0.25806451612903225,0.3684710351377018
3,17,irregular,1,109,240,131,22,87,218,0.2018348623853211,0.09166666666666666,0.45416666666666666,0.12607449856733524
3,17,regular,2,1077,1029,48,1028,49,1,0.9545032497678737,0.9990281827016521,1.0466472303206997,0.976258309591643
3,17,semiregular,2,1055,837,218,811,244,26,0.7687203791469195,0.9689366786140979,1.2604540023894863,0.8572938689217761
3,17,irregular,2,1201,240,961,238,963,2,0.19816819317235637,0.9916666666666667,5.004166666666666,0.3303261623872311
3,17,regular,3,776,1029,253,776,0,253,1.0,0.7541302235179786,0.7541302235179786,0.8598337950138504
3,17,semiregular,3,584,837,253,530,54,307,0.9075342465753424,0.6332138590203107,0.6977299880525687,0.7459535538353272
3,17,irregular,3,106,240,134,91,15,149,0.8584905660377359,0.37916666666666665,0.44166666666666665,0.5260115606936416
3,18,regular,1,648,1044,396,647,1,397,0.9984567901234568,0.6197318007662835,0.6206896551724138,0.7647754137115841
3,18,semiregular,1,469,801,332,437,32,364,0.9317697228144989,0.5455680399500624,0.5855181023720349,0.6881889763779528
3,18,irregular,1,93,252,159,47,46,205,0.5053763440860215,0.1865079365079365,0.36904761904761907,0.27246376811594203
3,18,regular,2,1098,1044,54,1043,55,1,0.9499089253187614,0.9990421455938697,1.0517241379310345,0.9738562091503269
3,18,semiregular,2,1050,801,249,789,261,12,0.7514285714285714,0.9850187265917603,1.3108614232209739,0.8525121555915721
3,18,irregular,2,1430,252,1178,252,1178,0,0.17622377622377622,1.0,5.674603174603175,0.2996432818073722
3,18,regular,3,813,1044,231,811,2,233,0.997539975399754,0.7768199233716475,0.7787356321839081,0.873451803984922
3,18,semiregular,3,510,801,291,491,19,310,0.9627450980392157,0.6129837702871411,0.6367041198501873,0.7490465293668955
3,18,irregular,3,127,252,125,117,10,135,0.9212598425196851,0.4642857142857143,0.503968253968254,0.6174142480211081
3,19,regular,1,1031,1076,45,1017,14,59,0.9864209505334627,0.9451672862453532,0.95817843866171,0.9653535832937827
3,19,semiregular,1,805,753,52,676,129,77,0.8397515527950311,0.897742363877822,1.0690571049136786,0.8677792041078306
3,19,irregular,1,572,245,327,187,385,58,0.3269230769230769,0.763265306122449,2.3346938775510204,0.45777233782129745
3,19,regular,2,897,1076,179,883,14,193,0.9843924191750278,0.820631970260223,0.8336431226765799,0.8950836289913836
3,19,semiregular,2,493,753,260,441,52,312,0.8945233265720081,0.5856573705179283,0.6547144754316069,0.7078651685393259
3,19,irregular,2,384,245,139,154,230,91,0.4010416666666667,0.6285714285714286,1.5673469387755101,0.48966613672496023
3,19,regular,3,692,1076,384,691,1,385,0.9985549132947977,0.6421933085501859,0.6431226765799256,0.7816742081447963
3,19,semiregular,3,366,753,387,351,15,402,0.9590163934426229,0.46613545816733065,0.4860557768924303,0.6273458445040214
3,19,irregular,3,104,245,141,89,15,156,0.8557692307692307,0.363265306122449,0.42448979591836733,0.510028653295129
3,20,regular,1,1162,1251,89,1157,5,94,0.995697074010327,0.9248601119104716,0.9288569144684252,0.958972233733941
3,20,semiregular,1,892,841,51,741,151,100,0.8307174887892377,0.8810939357907254,1.0606420927467302,0.8551644547028274
3,20,irregular,1,701,252,449,144,557,108,0.20542082738944364,0.5714285714285714,2.7817460317460316,0.3022035676810073
3,20,regular,2,1203,1251,48,1180,23,71,0.9808811305070657,0.9432454036770583,0.9616306954436451,0.9616951915240425
3,20,semiregular,2,1088,841,247,820,268,21,0.7536764705882353,0.9750297265160524,1.2936979785969085,0.8501814411612235
3,20,irregular,2,1024,252,772,232,792,20,0.2265625,0.9206349206349206,4.063492063492063,0.36363636363636365
3,20,regular,3,947,1251,304,943,4,308,0.9957761351636748,0.753796962430056,0.7569944044764189,0.8580527752502276
3,20,semiregular,3,574,841,267,515,59,326,0.8972125435540069,0.6123662306777645,0.6825208085612366,0.7279151943462897
3,20,irregular,3,461,252,209,147,314,105,0.3188720173535792,0.5833333333333334,1.8293650793650793,0.4123422159887798
3,21,regular,1,897,920,23,889,8,31,0.9910813823857302,0.966304347826087,0.975,0.9785360484314805
3,21,semiregular,1,789,549,240,507,282,42,0.6425855513307985,0.9234972677595629,1.4371584699453552,0.7578475336322871
3,21,irregular,1,569,204,365,157,412,47,0.2759226713532513,0.7696078431372549,2.7892156862745097,0.40620957309184996
3,21,regular,2,1016,920,96,920,96,0,0.905511811023622,1.0,1.1043478260869566,0.9504132231404958
3,21,semiregular,2,706,549,157,468,238,81,0.6628895184135978,0.8524590163934426,1.2859744990892532,0.7458167330677291
3,21,irregular,2,431,204,227,127,304,77,0.29466357308584684,0.6225490196078431,2.1127450980392157,0.39999999999999997
3,21,regular,3,624,920,296,624,0,296,1.0,0.6782608695652174,0.6782608695652174,0.8082901554404144
3,21,semiregular,3,261,549,288,241,20,308,0.9233716475095786,0.43897996357012753,0.47540983606557374,0.5950617283950618
3,21,irregular,3,80,204,124,67,13,137,0.8375,0.3284313725490196,0.39215686274509803,0.47183098591549294
3,22,regular,1,990,946,44,941,49,5,0.9505050505050505,0.9947145877378436,1.0465116279069768,0.972107438016529
3,22,semiregular,1,754,703,51,622,132,81,0.8249336870026526,0.8847795163584637,1.0725462304409672,0.8538091969800962
3,22,irregular,1,810,247,563,215,595,32,0.2654320987654321,0.8704453441295547,3.279352226720648,0.4068117313150426
3,22,regular,2,1034,946,88,944,90,2,0.9129593810444874,0.9978858350951374,1.0930232558139534,0.9535353535353536
3,22,semiregular,2,849,703,146,637,212,66,0.7502944640753828,0.9061166429587483,1.2076813655761025,0.8208762886597938
3,22,irregular,2,404,247,157,191,213,56,0.47277227722772275,0.7732793522267206,1.6356275303643724,0.58678955453149
3,22,regular,3,630,946,316,628,2,318,0.9968253968253968,0.6638477801268499,0.6659619450317125,0.7969543147208121
3,22,semiregular,3,341,703,362,326,15,377,0.9560117302052786,0.46372688477951635,0.4850640113798009,0.6245210727969348
3,22,irregular,3,158,247,89,76,82,171,0.4810126582278481,0.3076923076923077,0.6396761133603239,0.37530864197530867
3,23,regular,1,967,999,32,952,15,47,0.984488107549121,0.9529529529529529,0.9679679679679679,0.9684638860630723
3,23,semiregular,1,956,835,121,749,207,86,0.7834728033472803,0.8970059880239521,1.1449101796407186,0.8364042434394193
3,23,irregular,1,1045,266,779,83,962,183,0.07942583732057416,0.31203007518796994,3.9285714285714284,0.12662090007627766
3,23,regular,2,1029,999,30,969,60,30,0.9416909620991254,0.96996996996997,1.03003003003003,0.9556213017751479
3,23,semiregular,2,1157,835,322,823,334,12,0.7113223854796888,0.98562874251497,1.38562874251497,0.8263052208835342
3,23,irregular,2,2449,266,2183,266,2183,0,0.10861576153532054,1.0,9.206766917293233,0.19594843462246778
3,23,regular,3,872,999,127,866,6,133,0.9931192660550459,0.8668668668668669,0.8728728728728729,0.9257081774452165
3,23,semiregular,3,630,835,205,530,100,305,0.8412698412698413,0.6347305389221557,0.7544910179640718,0.7235494880546075
3,23,irregular,3,484,266,218,141,343,125,0.29132231404958675,0.5300751879699248,1.8195488721804511,0.376
3,24,regular,1,1102,1079,23,1076,26,3,0.9764065335753176,0.9972196478220574,1.0213160333642262,0.9867033470884915
3,24,semiregular,1,720,680,40,627,93,53,0.8708333333333333,0.9220588235294118,1.0588235294117647,0.8957142857142857
3,24,irregular,1,976,247,729,158,818,89,0.16188524590163936,0.6396761133603239,3.951417004048583,0.2583810302534751
3,24,regular,2,1106,1079,27,1076,30,3,0.972875226039783,0.9972196478220574,1.0250231696014829,0.9848970251716247
3,24,semiregular,2,816,680,136,665,151,15,0.8149509803921569,0.9779411764705882,1.2,0.8890374331550802
3,24,irregular,2,1939,247,1692,245,1694,2,0.1263537906137184,0.9919028340080972,7.850202429149798,0.22415370539798718
3,24,regular,3,602,1079,477,600,2,479,0.9966777408637874,0.5560704355885079,0.5579240037071362,0.7138607971445569
3,24,semiregular,3,403,680,277,381,22,299,0.9454094292803971,0.5602941176470588,0.5926470588235294,0.7036011080332409
3,24,irregular,3,97,247,150,89,8,158,0.9175257731958762,0.3603238866396761,0.39271255060728744,0.5174418604651163
3,25,regular,1,971,946,25,945,26,1,0.9732234809474768,0.9989429175475687,1.0264270613107822,0.9859154929577465
3,25,semiregular,1,822,718,104,661,161,57,0.8041362530413625,0.9206128133704735,1.1448467966573816,0.8584415584415584
3,25,irregular,1,1288,207,1081,171,1117,36,0.1327639751552795,0.8260869565217391,6.222222222222222,0.22876254180602007
3,25,regular,2,983,946,37,946,37,0,0.9623601220752798,1.0,1.0391120507399578,0.9808190772420944
3,25,semiregular,2,956,718,238,690,266,28,0.7217573221757322,0.9610027855153204,1.3314763231197773,0.8243727598566308
3,25,irregular,2,1435,207,1228,122,1313,85,0.08501742160278745,0.5893719806763285,6.932367149758454,0.14859926918392205
3,25,regular,3,542,946,404,540,2,406,0.996309963099631,0.5708245243128964,0.572938689217759,0.7258064516129032
3,25,semiregular,3,355,718,363,327,28,391,0.9211267605633803,0.4554317548746518,0.49442896935933145,0.6095060577819199
3,25,irregular,3,54,207,153,48,6,159,0.8888888888888888,0.2318840579710145,0.2608695652173913,0.36781609195402304
3,26,regular,1,977,985,8,958,19,27,0.9805527123848515,0.9725888324873097,0.9918781725888325,0.9765545361875636
3,26,semiregular,1,810,720,90,667,143,53,0.8234567901234567,0.9263888888888889,1.125,0.8718954248366014
3,26,irregular,1,1019,214,805,192,827,22,0.18842001962708538,0.897196261682243,4.761682242990654,0.31143552311435524
3,26,regular,2,1121,985,136,985,136,0,0.8786797502230151,1.0,1.1380710659898476,0.9354226020892686
3,26,semiregular,2,713,720,7,584,129,136,0.8190743338008415,0.8111111111111111,0.9902777777777778,0.8150732728541521
3,26,irregular,2,1609,214,1395,205,1404,9,0.127408328154133,0.9579439252336449,7.518691588785047,0.2249040043883708
3,26,regular,3,639,985,346,637,2,348,0.9968701095461658,0.6467005076142132,0.6487309644670051,0.7844827586206896
3,26,semiregular,3,277,720,443,262,15,458,0.9458483754512635,0.3638888888888889,0.38472222222222224,0.5255767301905717
3,26,irregular,3,75,214,139,66,9,148,0.88,0.308411214953271,0.35046728971962615,0.4567474048442906
3,27,regular,1,1137,1166,29,1131,6,35,0.9947229551451188,0.9699828473413379,0.9751286449399656,0.9821971341728181
3,27,semiregular,1,794,728,66,605,189,123,0.7619647355163728,0.8310439560439561,1.0906593406593406,0.795006570302234
3,27,irregular,1,1580,270,1310,241,1339,29,0.15253164556962026,0.8925925925925926,5.851851851851852,0.2605405405405406
3,27,regular,2,1204,1166,38,1166,38,0,0.96843853820598,1.0,1.032590051457976,0.9839662447257383
3,27,semiregular,2,913,728,185,690,223,38,0.755750273822563,0.9478021978021978,1.254120879120879,0.8409506398537477
3,27,irregular,2,2315,270,2045,264,2051,6,0.11403887688984882,0.9777777777777777,8.574074074074074,0.2042553191489362
3,27,regular,3,846,1166,320,843,3,323,0.9964539007092199,0.7229845626072041,0.725557461406518,0.8379721669980118
3,27,semiregular,3,393,728,335,364,29,364,0.926208651399491,0.5,0.5398351648351648,0.6494201605709188
3,27,irregular,3,241,270,29,105,136,165,0.43568464730290457,0.3888888888888889,0.8925925925925926,0.4109589041095891
3,28,regular,1,1111,1098,13,1087,24,11,0.9783978397839784,0.9899817850637522,1.01183970856102,0.9841557265731101
3,28,semiregular,1,967,859,108,817,150,42,0.8448810754912099,0.9511059371362048,1.1257275902211874,0.8948521358159912
3,28,irregular,1,1384,293,1091,243,1141,50,0.1755780346820809,0.8293515358361775,4.723549488054608,0.2898032200357782
3,28,regular,2,1146,1098,48,1098,48,0,0.9581151832460733,1.0,1.0437158469945356,0.9786096256684492
3,28,semiregular,2,1127,859,268,858,269,1,0.7613132209405501,0.9988358556461001,1.3119906868451687,0.8640483383685801
3,28,irregular,2,1520,293,1227,265,1255,28,0.17434210526315788,0.9044368600682594,5.187713310580205,0.29233314947600664
3,28,regular,3,703,1098,395,703,0,395,1.0,0.6402550091074681,0.6402550091074681,0.7806774014436424
3,28,semiregular,3,485,859,374,459,26,400,0.9463917525773196,0.5343422584400466,0.5646100116414435,0.6830357142857143
3,28,irregular,3,179,293,114,108,71,185,0.6033519553072626,0.36860068259385664,0.6109215017064846,0.45762711864406785
3,29,regular,1,1144,1140,4,1134,10,6,0.9912587412587412,0.9947368421052631,1.0035087719298246,0.9929947460595446
3,29,semiregular,1,1147,869,278,852,295,17,0.7428073234524848,0.9804372842347526,1.3199079401611047,0.8452380952380953
3,29,irregular,1,1051,247,804,185,866,62,0.17602283539486205,0.7489878542510121,4.255060728744939,0.2850539291217257
3,29,regular,2,1178,1140,38,1138,40,2,0.966044142614601,0.9982456140350877,1.0333333333333334,0.9818809318377913
3,29,semiregular,2,1272,869,403,857,415,12,0.6737421383647799,0.9861910241657077,1.4637514384349828,0.8005604857543205
3,29,irregular,2,1761,247,1514,246,1515,1,0.13969335604770017,0.9959514170040485,7.129554655870446,0.2450199203187251
3,29,regular,3,410,1140,730,410,0,730,1.0,0.35964912280701755,0.35964912280701755,0.5290322580645161
3,29,semiregular,3,433,869,436,409,24,460,0.9445727482678984,0.4706559263521289,0.4982738780207135,0.6282642089093702
3,29,irregular,3,77,247,170,69,8,178,0.8961038961038961,0.2793522267206478,0.3117408906882591,0.42592592592592593
3,30,regular,1,989,997,8,977,12,20,0.9878665318503539,0.9799398194583752,0.9919759277833501,0.9838872104733132
3,30,semiregular,1,850,810,40,736,114,74,0.8658823529411764,0.908641975308642,1.0493827160493827,0.8867469879518072
3,30,irregular,1,1410,250,1160,199,1211,51,0.14113475177304965,0.796,5.64,0.2397590361445783
3,30,regular,2,1035,997,38,995,40,2,0.961352657004831,0.9979939819458375,1.0381143430290873,0.9793307086614175
3,30,semiregular,2,890,810,80,744,146,66,0.8359550561797753,0.9185185185185185,1.0987654320987654,0.8752941176470589
3,30,irregular,2,309,250,59,171,138,79,0.5533980582524272,0.684,1.236,0.6118067978533095
3,30,regular,3,726,997,271,726,0,271,1.0,0.728184553660983,0.728184553660983,0.8427161926871736
3,30,semiregular,3,384,810,426,370,14,440,0.9635416666666666,0.4567901234567901,0.4740740740740741,0.6197654941373534
3,30,irregular,3,270,250,20,111,159,139,0.4111111111111111,0.444,1.08,0.4269230769230769
4,1,regular,1,934,937,3,920,14,17,0.9850107066381156,0.9818569903948773,0.9967982924226254,0.9834313201496526
4,1,semiregular,1,925,703,222,656,269,47,0.7091891891891892,0.9331436699857752,1.3157894736842106,0.8058968058968059
4,1,irregular,1,146,199,53,88,58,111,0.6027397260273972,0.44221105527638194,0.7336683417085427,0.510144927536232
4,1,regular,2,1077,937,140,936,141,1,0.8690807799442897,0.9989327641408752,1.1494130202774813,0.929493545183714
4,1,semiregular,2,1025,703,322,657,368,46,0.6409756097560976,0.9345661450924608,1.4580369843527738,0.7604166666666666
4,1,irregular,2,1051,199,852,198,853,1,0.18839200761179828,0.9949748743718593,5.28140703517588,0.31679999999999997
4,1,regular,3,904,937,33,901,3,36,0.9966814159292036,0.9615795090715048,0.9647812166488794,0.9788158609451385
4,1,semiregular,3,628,703,75,524,104,179,0.8343949044585988,0.7453769559032717,0.8933143669985776,0.7873779113448535
4,1,irregular,3,200,199,1,106,94,93,0.53,0.5326633165829145,1.0050251256281406,0.531328320802005
4,2,regular,1,1179,1224,45,1166,13,58,0.9889737065309584,0.9526143790849673,0.9632352941176471,0.9704535996670827
4,2,semiregular,1,708,647,61,596,112,51,0.8418079096045198,0.9211746522411128,1.0942812982998456,0.8797047970479704
4,2,irregular,1,399,217,182,101,298,116,0.2531328320802005,0.46543778801843316,1.8387096774193548,0.3279220779220779
4,2,regular,2,1114,1224,110,1089,25,135,0.9775583482944344,0.8897058823529411,0.9101307189542484,0.9315654405474765
4,2,semiregular,2,854,647,207,646,208,1,0.7564402810304449,0.9984544049459042,1.3199381761978362,0.8607594936708859
4,2,irregular,2,1295,217,1078,217,1078,0,0.16756756756756758,1.0,5.967741935483871,0.28703703703703703
4,2,regular,3,575,1224,649,575,0,649,1.0,0.46977124183006536,0.46977124183006536,0.6392440244580322
4,2,semiregular,3,26,647,621,26,0,621,1.0,0.0401854714064915,0.0401854714064915,0.07726597325408618
4,2,irregular,3,109,217,108,22,87,195,0.2018348623853211,0.10138248847926268,0.5023041474654378,0.13496932515337426
4,3,regular,1,1022,1053,31,1009,13,44,0.987279843444227,0.9582146248812915,0.9705603038936372,0.9725301204819278
4,3,semiregular,1,866,716,150,690,176,26,0.7967667436489607,0.9636871508379888,1.2094972067039107,0.8723135271807839
4,3,irregular,1,373,224,149,104,269,120,0.27882037533512066,0.4642857142857143,1.6651785714285714,0.34840871021775544
4,3,regular,2,956,1053,97,940,16,113,0.9832635983263598,0.8926875593542261,0.9078822412155746,0.9357889497262319
4,3,semiregular,2,700,716,16,565,135,151,0.8071428571428572,0.7891061452513967,0.9776536312849162,0.7980225988700564
4,3,irregular,2,38,224,186,37,1,187,0.9736842105263158,0.16517857142857142,0.16964285714285715,0.282442748091603
4,3,regular,3,913,1053,140,913,0,140,1.0,0.8670465337132004,0.8670465337132004,0.9287894201424212
4,3,semiregular,3,232,716,484,224,8,492,0.9655172413793104,0.3128491620111732,0.3240223463687151,0.47257383966244726
4,3,irregular,3,71,224,153,63,8,161,0.8873239436619719,0.28125,0.3169642857142857,0.4271186440677966
4,4,regular,1,1132,1101,31,1097,35,4,0.9690812720848057,0.9963669391462306,1.0281562216167122,0.9825347066726376
4,4,semiregular,1,796,614,182,552,244,62,0.6934673366834171,0.8990228013029316,1.296416938110749,0.7829787234042553
4,4,irregular,1,284,228,56,82,202,146,0.2887323943661972,0.35964912280701755,1.2456140350877194,0.32031249999999994
4,4,regular,2,1106,1101,5,1084,22,17,0.9801084990958409,0.9845594913714805,1.0045413260672116,0.9823289533303126
4,4,semiregular,2,956,614,342,614,342,0,0.6422594142259415,1.0,1.5570032573289903,0.7821656050955414
4,4,irregular,2,1439,228,1211,228,1211,0,0.15844336344683807,1.0,6.31140350877193,0.2735452909418116
4,4,regular,3,21,1101,1080,17,4,1084,0.8095238095238095,0.015440508628519528,0.01907356948228883,0.030303030303030304
4,4,semiregular,3,3,614,611,0,3,614,-1,-1,0.004885993485342019,-1
4,4,irregular,3,1,228,227,0,1,228,-1,-1,0.0043859649122807015,-1
4,5,regular,1,1065,1044,21,1042,23,2,0.9784037558685446,0.9980842911877394,1.0201149425287357,0.9881460407776197
4,5,semiregular,1,1046,668,378,662,384,6,0.6328871892925431,0.9910179640718563,1.5658682634730539,0.7724620770128355
4,5,irregular,1,717,217,500,90,627,127,0.12552301255230125,0.4147465437788018,3.304147465437788,0.19271948608137043
4,5,regular,2,1014,1044,30,998,16,46,0.9842209072978304,0.9559386973180076,0.9712643678160919,0.9698736637512148
4,5,semiregular,2,829,668,161,562,267,106,0.6779252110977081,0.8413173652694611,1.2410179640718564,0.7508350033400133
4,5,irregular,2,180,217,37,18,162,199,0.1,0.08294930875576037,0.8294930875576036,0.09068010075566751
4,5,regular,3,847,1044,197,836,11,208,0.987012987012987,0.8007662835249042,0.8113026819923371,0.884188260179799
4,5,semiregular,3,209,668,459,164,45,504,0.784688995215311,0.24550898203592814,0.312874251497006,0.37400228050171036
4,5,irregular,3,130,217,87,92,38,125,0.7076923076923077,0.423963133640553,0.5990783410138248,0.5302593659942363
4,6,regular,1,955,915,40,912,43,3,0.9549738219895288,0.9967213114754099,1.0437158469945356,0.9754010695187166
4,6,semiregular,1,757,701,56,586,171,115,0.774108322324967,0.8359486447931527,1.079885877318117,0.8038408779149521
4,6,irregular,1,176,195,19,19,157,176,0.10795454545454546,0.09743589743589744,0.9025641025641026,0.10242587601078168
4,6,regular,2,989,915,74,915,74,0,0.9251769464105156,1.0,1.0808743169398907,0.9611344537815125
4,6,semiregular,2,897,701,196,682,215,19,0.7603121516164995,0.9728958630527818,1.2796005706134095,0.853566958698373
4,6,irregular,2,731,195,536,176,555,19,0.24076607387140903,0.9025641025641026,3.7487179487179487,0.38012958963282933
4,6,regular,3,449,915,466,449,0,466,1.0,0.4907103825136612,0.4907103825136612,0.6583577712609971
4,6,semiregular,3,31,701,670,31,0,670,1.0,0.0442225392296719,0.0442225392296719,0.08469945355191257
4,6,irregular,3,34,195,161,7,27,188,0.20588235294117646,0.035897435897435895,0.17435897435897435,0.0611353711790393
4,7,regular,1,1262,1230,32,1223,39,7,0.9690966719492868,0.9943089430894309,1.0260162601626017,0.9815409309791332
4,7,semiregular,1,303,761,458,240,63,521,0.7920792079207921,0.31537450722733246,0.39816031537450725,0.4511278195488722
4,7,irregular,1,430,225,205,56,374,169,0.13023255813953488,0.24888888888888888,1.9111111111111112,0.17099236641221374
4,7,regular,2,1094,1230,136,1076,18,154,0.9835466179159049,0.8747967479674796,0.8894308943089431,0.9259896729776247
4,7,semiregular,2,840,761,79,631,209,130,0.7511904761904762,0.8291721419185283,1.1038107752956636,0.7882573391630231
4,7,irregular,2,1690,225,1465,222,1468,3,0.13136094674556212,0.9866666666666667,7.511111111111111,0.23185378590078326
4,7,regular,3,391,1230,839,391,0,839,1.0,0.3178861788617886,0.3178861788617886,0.4824182603331277
4,7,semiregular,3,3,761,758,2,1,759,0.6666666666666666,0.002628120893561104,0.003942181340341655,0.005235602094240838
4,7,irregular,3,66,225,159,0,66,225,-1,-1,0.29333333333333333,-1
4,8,regular,1,1015,1035,20,1003,12,32,0.9881773399014778,0.9690821256038648,0.9806763285024155,0.9785365853658536
4,8,semiregular,1,766,827,61,627,139,200,0.8185378590078329,0.7581620314389359,0.9262394195888755,0.7871939736346515
4,8,irregular,1,945,243,702,113,832,130,0.11957671957671957,0.46502057613168724,3.888888888888889,0.19023569023569023
4,8,regular,2,200,1035,835,196,4,839,0.98,0.18937198067632852,0.1932367149758454,0.3174089068825911
4,8,semiregular,2,495,827,332,404,91,423,0.8161616161616162,0.48851269649334944,0.5985489721886336,0.611195158850227
4,8,irregular,2,403,243,160,34,369,209,0.08436724565756824,0.13991769547325103,1.6584362139917694,0.10526315789473685
4,8,regular,3,1005,1035,30,995,10,40,0.9900497512437811,0.961352657004831,0.9710144927536232,0.9754901960784315
4,8,semiregular,3,185,827,642,168,17,659,0.9081081081081082,0.20314389359129384,0.22370012091898428,0.3320158102766798
4,8,irregular,3,1093,243,850,119,974,124,0.10887465690759378,0.4897119341563786,4.497942386831276,0.17814371257485032
4,9,regular,1,1099,1107,8,1092,7,15,0.9936305732484076,0.986449864498645,0.992773261065944,0.9900271985494107
4,9,semiregular,1,508,701,193,466,42,235,0.9173228346456693,0.6647646219686163,0.724679029957204,0.7708850289495451
4,9,irregular,1,472,266,206,62,410,204,0.13135593220338984,0.23308270676691728,1.7744360902255638,0.16802168021680217
4,9,regular,2,1056,1107,51,1039,17,68,0.9839015151515151,0.938572719060524,0.9539295392953929,0.9607027276930189
4,9,semiregular,2,801,701,100,668,133,33,0.8339575530586767,0.9529243937232525,1.1426533523537803,0.8894806924101198
4,9,irregular,2,1730,266,1464,265,1465,1,0.1531791907514451,0.9962406015037594,6.503759398496241,0.2655310621242485
4,9,regular,3,677,1107,430,674,3,433,0.9955686853766618,0.6088527551942186,0.6115627822944896,0.7556053811659192
4,9,semiregular,3,64,701,637,62,2,639,0.96875,0.0884450784593438,0.0912981455064194,0.16209150326797384
4,9,irregular,3,57,266,209,26,31,240,0.45614035087719296,0.09774436090225563,0.21428571428571427,0.1609907120743034
4,10,regular,1,1014,1014,0,995,19,19,0.9812623274161736,0.9812623274161736,1.0,0.9812623274161736
4,10,semiregular,1,774,656,118,608,166,48,0.7855297157622739,0.926829268292683,1.1798780487804879,0.8503496503496504
4,10,irregular,1,354,247,107,129,225,118,0.3644067796610169,0.5222672064777328,1.4331983805668016,0.42928452579034937
4,10,regular,2,1073,1014,59,1008,65,6,0.9394221808014911,0.9940828402366864,1.0581854043392505,0.965979875419262
4,10,semiregular,2,919,656,263,649,270,7,0.70620239390642,0.989329268292683,1.4009146341463414,0.8241269841269842
4,10,irregular,2,1234,247,987,246,988,1,0.1993517017828201,0.9959514170040485,4.995951417004049,0.33220796758946664
4,10,regular,3,726,1014,288,710,16,304,0.977961432506887,0.7001972386587771,0.7159763313609467,0.8160919540229885
4,10,semiregular,3,702,656,46,571,131,85,0.8133903133903134,0.8704268292682927,1.0701219512195121,0.8409425625920471
4,10,irregular,3,1132,247,885,216,916,31,0.19081272084805653,0.8744939271255061,4.582995951417004,0.3132704858593183
4,11,regular,1,1062,1070,8,1052,10,18,0.9905838041431262,0.983177570093458,0.9925233644859813,0.9868667917448406
4,11,semiregular,1,825,700,125,639,186,61,0.7745454545454545,0.9128571428571428,1.1785714285714286,0.838032786885246
4,11,irregular,1,404,239,165,76,328,163,0.18811881188118812,0.3179916317991632,1.6903765690376569,0.23639191290824263
4,11,regular,2,3,1070,1067,0,3,1070,-1,-1,0.002803738317757009,-1
4,11,semiregular,2,9,700,691,2,7,698,0.2222222222222222,0.002857142857142857,0.012857142857142857,0.005641748942172073
4,11,irregular,2,28,239,211,4,24,235,0.14285714285714285,0.016736401673640166,0.11715481171548117,0.0299625468164794
4,11,regular,3,390,1070,680,388,2,682,0.9948717948717949,0.36261682242990656,0.3644859813084112,0.5315068493150686
4,11,semiregular,3,68,700,632,65,3,635,0.9558823529411765,0.09285714285714286,0.09714285714285714,0.16927083333333334
4,11,irregular,3,83,239,156,27,56,212,0.3253012048192771,0.11297071129707113,0.3472803347280335,0.16770186335403725
4,12,regular,1,1031,1007,24,1007,24,0,0.976721629485936,1.0,1.0238331678252235,0.9882237487733072
4,12,semiregular,1,848,641,207,587,261,54,0.6922169811320755,0.9157566302652106,1.3229329173166926,0.788448623237072
4,12,irregular,1,482,204,278,98,384,106,0.2033195020746888,0.4803921568627451,2.3627450980392157,0.2857142857142857
4,12,regular,2,1046,1007,39,1007,39,0,0.9627151051625239,1.0,1.038728897715988,0.9810034096444229
4,12,semiregular,2,961,641,320,629,332,12,0.6545265348595213,0.9812792511700468,1.499219968798752,0.7852684144818975
4,12,irregular,2,1115,204,911,202,913,2,0.18116591928251122,0.9901960784313726,5.465686274509804,0.30629264594389694
4,12,regular,3,262,1007,745,262,0,745,1.0,0.2601787487586892,0.2601787487586892,0.4129235618597321
4,12,semiregular,3,11,641,630,11,0,630,1.0,0.0171606864274571,0.0171606864274571,0.03374233128834356
4,12,irregular,3,20,204,184,2,18,202,0.1,0.00980392156862745,0.09803921568627451,0.017857142857142856
4,13,regular,1,1034,1000,34,998,36,2,0.965183752417795,0.998,1.034,0.9813176007866273
4,13,semiregular,1,904,815,89,744,160,71,0.8230088495575221,0.912883435582822,1.10920245398773,0.8656195462478184
4,13,irregular,1,588,216,372,26,562,190,0.04421768707482993,0.12037037037037036,2.7222222222222223,0.06467661691542288
4,13,regular,2,1012,1000,12,993,19,7,0.9812252964426877,0.993,1.012,0.9870775347912525
4,13,semiregular,2,956,815,141,778,178,37,0.8138075313807531,0.9546012269938651,1.173006134969325,0.878599661208357
4,13,irregular,2,2006,216,1790,215,1791,1,0.10717846460618145,0.9953703703703703,9.287037037037036,0.19351935193519354
4,13,regular,3,1004,1000,4,986,18,14,0.9820717131474104,0.986,1.004,0.9840319361277445
4,13,semiregular,3,141,815,674,112,29,703,0.7943262411347518,0.1374233128834356,0.17300613496932515,0.23430962343096234
4,13,irregular,3,1558,216,1342,66,1492,150,0.04236200256739409,0.3055555555555556,7.212962962962963,0.07440811724915446
4,14,regular,1,1008,1052,44,1006,2,46,0.998015873015873,0.9562737642585551,0.9581749049429658,0.9766990291262136
4,14,semiregular,1,1121,913,208,839,282,74,0.7484388938447815,0.91894852135816,1.2278203723986856,0.8249754178957719
4,14,irregular,1,238,217,21,58,180,159,0.24369747899159663,0.2672811059907834,1.096774193548387,0.2549450549450549
4,14,regular,2,973,1052,79,964,9,88,0.9907502569373073,0.9163498098859315,0.9249049429657795,0.9520987654320988
4,14,semiregular,2,1268,913,355,910,358,3,0.7176656151419558,0.9967141292442497,1.388828039430449,0.8344795965153599
4,14,irregular,2,1039,217,822,162,877,55,0.15591915303176132,0.7465437788018433,4.788018433179723,0.25796178343949044
4,14,regular,3,147,1052,905,146,1,906,0.9931972789115646,0.13878326996197718,0.1397338403041825,0.24353628023352797
4,14,semiregular,3,41,913,872,41,0,872,1.0,0.044906900328587074,0.044906900328587074,0.08595387840670858
4,14,irregular,3,73,217,144,3,70,214,0.0410958904109589,0.013824884792626729,0.33640552995391704,0.020689655172413793
4,15,regular,1,993,964,29,964,29,0,0.9707955689828801,1.0,1.0300829875518671,0.9851814001021971
4,15,semiregular,1,890,774,116,721,169,53,0.8101123595505618,0.9315245478036176,1.1498708010335916,0.8665865384615384
4,15,irregular,1,394,218,176,111,283,107,0.2817258883248731,0.5091743119266054,1.8073394495412844,0.3627450980392157
4,15,regular,2,140,964,824,135,5,829,0.9642857142857143,0.1400414937759336,0.14522821576763487,0.24456521739130432
4,15,semiregular,2,524,774,250,418,106,356,0.7977099236641222,0.5400516795865633,0.6770025839793282,0.6440677966101696
4,15,irregular,2,674,218,456,124,550,94,0.18397626112759644,0.5688073394495413,3.091743119266055,0.27802690582959644
4,15,regular,3,700,964,264,688,12,276,0.9828571428571429,0.7136929460580913,0.7261410788381742,0.8269230769230771
4,15,semiregular,3,277,774,497,248,29,526,0.8953068592057761,0.32041343669250644,0.3578811369509044,0.47193149381541394
4,15,irregular,3,981,218,763,73,908,145,0.0744138634046891,0.3348623853211009,4.5,0.12176814011676398
4,16,regular,1,1110,1109,1,1095,15,14,0.9864864864864865,0.9873760144274121,1.000901713255185,0.9869310500225327
4,16,semiregular,1,541,681,140,467,74,214,0.8632162661737524,0.6857562408223201,0.7944199706314243,0.7643207855973814
4,16,irregular,1,387,272,115,144,243,128,0.37209302325581395,0.5294117647058824,1.4227941176470589,0.4370257966616085
4,16,regular,2,1071,1109,38,1061,10,48,0.9906629318394025,0.9567177637511272,0.9657348963029756,0.9733944954128441
4,16,semiregular,2,667,681,14,538,129,143,0.8065967016491754,0.7900146842878121,0.9794419970631424,0.798219584569733
4,16,irregular,2,857,272,585,258,599,14,0.30105017502917153,0.9485294117647058,3.150735294117647,0.4570416297608504
4,16,regular,3,851,1109,258,840,11,269,0.9870740305522914,0.757439134355275,0.7673579801623084,0.8571428571428572
4,16,semiregular,3,437,681,244,376,61,305,0.8604118993135011,0.5521292217327459,0.6417033773861968,0.6726296958855098
4,16,irregular,3,1214,272,942,186,1028,86,0.15321252059308071,0.6838235294117647,4.463235294117647,0.2503364737550471
4,17,regular,1,1024,1029,5,1021,3,8,0.9970703125,0.9922254616132167,0.9951409135082604,0.9946419873356065
4,17,semiregular,1,813,837,24,687,126,150,0.8450184501845018,0.8207885304659498,0.9713261648745519,0.8327272727272728
4,17,irregular,1,301,240,61,70,231,170,0.23255813953488372,0.2916666666666667,1.2541666666666667,0.2587800369685767
4,17,regular,2,1086,1029,57,1029,57,0,0.9475138121546961,1.0,1.055393586005831,0.9730496453900709
4,17,semiregular,2,1080,837,243,807,273,30,0.7472222222222222,0.96415770609319,1.2903225806451613,0.8419405320813772
4,17,irregular,2,1031,240,791,232,799,8,0.22502424830261883,0.9666666666666667,4.295833333333333,0.36506687647521635
4,17,regular,3,1005,1029,24,1002,3,27,0.9970149253731343,0.9737609329446064,0.9766763848396501,0.9852507374631269
4,17,semiregular,3,343,837,494,326,17,511,0.9504373177842566,0.38948626045400236,0.40979689366786143,0.552542372881356
4,17,irregular,3,31,240,209,26,5,214,0.8387096774193549,0.10833333333333334,0.12916666666666668,0.1918819188191882
4,18,regular,1,1040,1044,4,1028,12,16,0.9884615384615385,0.9846743295019157,0.9961685823754789,0.9865642994241843
4,18,semiregular,1,847,801,46,718,129,83,0.8476977567886659,0.8963795255930087,1.0574282147315854,0.8713592233009708
4,18,irregular,1,276,252,24,114,162,138,0.41304347826086957,0.4523809523809524,1.0952380952380953,0.4318181818181818
4,18,regular,2,1122,1044,78,1043,79,1,0.9295900178253119,0.9990421455938697,1.0747126436781609,0.9630655586334257
4,18,semiregular,2,1039,801,238,776,263,25,0.7468719923002888,0.968789013732834,1.2971285892634208,0.8434782608695652
4,18,irregular,2,1348,252,1096,249,1099,3,0.1847181008902077,0.9880952380952381,5.349206349206349,0.31124999999999997
4,18,regular,3,671,1044,373,671,0,373,1.0,0.64272030651341,0.64272030651341,0.7825072886297376
4,18,semiregular,3,319,801,482,297,22,504,0.9310344827586207,0.3707865168539326,0.3982521847690387,0.5303571428571429
4,18,irregular,3,152,252,100,63,89,189,0.4144736842105263,0.25,0.6031746031746031,0.3118811881188119
4,19,regular,1,1074,1076,2,1023,51,53,0.952513966480447,0.9507434944237918,0.9981412639405205,0.9516279069767442
4,19,semiregular,1,765,753,12,623,142,130,0.8143790849673203,0.8273572377158035,1.0159362549800797,0.8208168642951252
4,19,irregular,1,261,245,16,68,193,177,0.26053639846743293,0.27755102040816326,1.0653061224489795,0.26877470355731226
4,19,regular,2,1082,1076,6,1067,15,9,0.9861367837338263,0.991635687732342,1.0055762081784387,0.98887859128823
4,19,semiregular,2,950,753,197,741,209,12,0.78,0.9840637450199203,1.2616201859229748,0.8702290076335878
4,19,irregular,2,1181,245,936,244,937,1,0.20660457239627433,0.9959183673469387,4.820408163265306,0.3422159887798036
4,19,regular,3,678,1076,398,678,0,398,1.0,0.6301115241635687,0.6301115241635687,0.7730900798175598
4,19,semiregular,3,300,753,453,291,9,462,0.97,0.38645418326693226,0.398406374501992,0.5527065527065528
4,19,irregular,3,27,245,218,22,5,223,0.8148148148148148,0.08979591836734693,0.11020408163265306,0.16176470588235295
4,20,regular,1,1232,1251,19,1195,37,56,0.9699675324675324,0.9552358113509193,0.9848121502797762,0.9625453080950462
4,20,semiregular,1,863,841,22,717,146,124,0.8308227114716107,0.8525564803804994,1.0261593341260404,0.8415492957746478
4,20,irregular,1,564,252,312,85,479,167,0.15070921985815602,0.3373015873015873,2.238095238095238,0.20833333333333334
4,20,regular,2,1255,1251,4,1236,19,15,0.9848605577689243,0.988009592326139,1.003197442046363,0.9864325618515563
4,20,semiregular,2,1162,841,321,830,332,11,0.7142857142857143,0.9869203329369798,1.3816884661117717,0.8287568647029455
4,20,irregular,2,1143,252,891,230,913,22,0.20122484689413822,0.9126984126984127,4.535714285714286,0.32974910394265233
4,20,regular,3,762,1251,489,762,0,489,1.0,0.6091127098321343,0.6091127098321343,0.7570789865871833
4,20,semiregular,3,200,841,641,178,22,663,0.89,0.2116527942925089,0.23781212841854935,0.3419788664745437
4,20,irregular,3,620,252,368,96,524,156,0.15483870967741936,0.38095238095238093,2.4603174603174605,0.22018348623853215
4,21,regular,1,986,920,66,917,69,3,0.9300202839756593,0.9967391304347826,1.0717391304347825,0.9622245540398741
4,21,semiregular,1,906,549,357,524,382,25,0.5783664459161147,0.9544626593806922,1.650273224043716,0.7202749140893471
4,21,irregular,1,291,204,87,87,204,117,0.29896907216494845,0.4264705882352941,1.4264705882352942,0.3515151515151515
4,21,regular,2,952,920,32,920,32,0,0.9663865546218487,1.0,1.0347826086956522,0.9829059829059829
4,21,semiregular,2,972,549,423,544,428,5,0.5596707818930041,0.9908925318761385,1.7704918032786885,0.7153188691650231
4,21,irregular,2,837,204,633,193,644,11,0.23058542413381122,0.946078431372549,4.102941176470588,0.37079731027857826
4,21,regular,3,414,920,506,414,0,506,1.0,0.45,0.45,0.6206896551724138
4,21,semiregular,3,12,549,537,10,2,539,0.8333333333333334,0.018214936247723135,0.02185792349726776,0.035650623885918005
4,21,irregular,3,1,204,203,1,0,203,1.0,0.004901960784313725,0.004901960784313725,0.00975609756097561
4,22,regular,1,997,946,51,938,59,8,0.9408224674022067,0.9915433403805497,1.0539112050739958,0.9655172413793104
4,22,semiregular,1,864,703,161,642,222,61,0.7430555555555556,0.9132290184921764,1.229018492176387,0.8194001276324187
4,22,irregular,1,361,247,114,91,270,156,0.2520775623268698,0.3684210526315789,1.4615384615384615,0.29934210526315785
4,22,regular,2,999,946,53,946,53,0,0.9469469469469469,1.0,1.0560253699788584,0.9727506426735218
4,22,semiregular,2,1058,703,355,697,361,6,0.6587901701323251,0.9914651493598862,1.5049786628733997,0.7915956842703009
4,22,irregular,2,1465,247,1218,247,1218,0,0.16860068259385666,1.0,5.931174089068826,0.2885514018691589
4,22,regular,3,588,946,358,588,0,358,1.0,0.6215644820295984,0.6215644820295984,0.7666232073011735
4,22,semiregular,3,65,703,638,65,0,638,1.0,0.09246088193456614,0.09246088193456614,0.16927083333333331
4,22,irregular,3,8,247,239,3,5,244,0.375,0.012145748987854251,0.032388663967611336,0.02352941176470588
4,23,regular,1,1080,999,81,996,84,3,0.9222222222222223,0.996996996996997,1.0810810810810811,0.9581529581529582
4,23,semiregular,1,1129,835,294,792,337,43,0.7015057573073517,0.948502994011976,1.3520958083832335,0.8065173116089613
4,23,irregular,1,1021,266,755,99,922,167,0.0969637610186092,0.37218045112781956,3.838345864661654,0.15384615384615383
4,23,regular,2,991,999,8,941,50,58,0.9495459132189707,0.9419419419419419,0.991991991991992,0.9457286432160804
4,23,semiregular,2,1031,835,196,790,241,45,0.7662463627546072,0.9461077844311377,1.2347305389221557,0.8467309753483387
4,23,irregular,2,2170,266,1904,263,1907,3,0.12119815668202764,0.9887218045112782,8.157894736842104,0.21592775041050902
4,23,regular,3,800,999,199,795,5,204,0.99375,0.7957957957957958,0.8008008008008008,0.8838243468593663
4,23,semiregular,3,180,835,655,159,21,676,0.8833333333333333,0.19041916167664671,0.2155688622754491,0.3133004926108375
4,23,irregular,3,527,266,261,57,470,209,0.10815939278937381,0.21428571428571427,1.981203007518797,0.14375788146279947
4,24,regular,1,1046,1079,33,1028,18,51,0.982791586998088,0.9527340129749768,0.969416126042632,0.967529411764706
4,24,semiregular,1,689,680,9,578,111,102,0.8388969521044993,0.85,1.013235294117647,0.8444119795471146
4,24,irregular,1,624,247,377,87,537,160,0.13942307692307693,0.3522267206477733,2.526315789473684,0.1997703788748565
4,24,regular,2,1044,1079,35,1019,25,60,0.9760536398467433,0.9443929564411492,0.9675625579240037,0.9599623174752708
4,24,semiregular,2,810,680,130,665,145,15,0.8209876543209876,0.9779411764705882,1.1911764705882353,0.8926174496644296
4,24,irregular,2,1704,247,1457,247,1457,0,0.1449530516431925,1.0,6.898785425101215,0.25320348539210663
4,24,regular,3,481,1079,598,481,0,598,1.0,0.4457831325301205,0.4457831325301205,0.6166666666666667
4,24,semiregular,3,91,680,589,89,2,591,0.978021978021978,0.13088235294117648,0.1338235294117647,0.23086900129701682
4,24,irregular,3,7,247,240,5,2,242,0.7142857142857143,0.020242914979757085,0.02834008097165992,0.03937007874015748
4,25,regular,1,952,946,6,941,11,5,0.9884453781512605,0.9947145877378436,1.0063424947145878,0.9915700737618547
4,25,semiregular,1,826,718,108,647,179,71,0.7832929782082324,0.9011142061281338,1.15041782729805,0.8380829015544041
4,25,irregular,1,1400,207,1193,111,1289,96,0.07928571428571428,0.5362318840579711,6.763285024154589,0.13814561294337271
4,25,regular,2,943,946,3,925,18,21,0.9809119830328739,0.9778012684989429,0.9968287526427061,0.9793541556379037
4,25,semiregular,2,796,718,78,562,234,156,0.7060301507537688,0.7827298050139275,1.1086350974930361,0.7424042272126816
4,25,irregular,2,1386,207,1179,112,1274,95,0.08080808080808081,0.5410628019323671,6.695652173913044,0.14061519146264911
4,25,regular,3,57,946,889,54,3,892,0.9473684210526315,0.05708245243128964,0.06025369978858351,0.10767696909272183
4,25,semiregular,3,8,718,710,4,4,714,0.5,0.005571030640668524,0.011142061281337047,0.011019283746556474
4,25,irregular,3,2,207,205,0,2,207,-1,-1,0.00966183574879227,-1
4,26,regular,1,1028,985,43,982,46,3,0.9552529182879378,0.9969543147208122,1.0436548223350255,0.9756582215598608
4,26,semiregular,1,842,720,122,643,199,77,0.7636579572446556,0.8930555555555556,1.1694444444444445,0.8233034571062741
4,26,irregular,1,683,214,469,134,549,80,0.19619326500732065,0.6261682242990654,3.191588785046729,0.29877369007803795
4,26,regular,2,807,985,178,704,103,281,0.872366790582404,0.7147208121827411,0.8192893401015229,0.7857142857142857
4,26,semiregular,2,254,720,466,199,55,521,0.7834645669291339,0.2763888888888889,0.3527777777777778,0.4086242299794661
4,26,irregular,2,783,214,569,67,716,147,0.08556832694763729,0.3130841121495327,3.6588785046728973,0.13440320962888666
4,26,regular,3,0,985,985,0,0,985,-1,-1,0.0,-1
4,26,semiregular,3,1,720,719,0,1,720,-1,-1,0.001388888888888889,-1
4,26,irregular,3,2,214,212,0,2,214,-1,-1,0.009345794392523364,-1
4,27,regular,1,1154,1166,12,1145,9,21,0.9922010398613518,0.9819897084048027,0.9897084048027445,0.9870689655172413
4,27,semiregular,1,937,728,209,659,278,69,0.7033084311632871,0.9052197802197802,1.2870879120879122,0.7915915915915916
4,27,irregular,1,1825,270,1555,171,1654,99,0.0936986301369863,0.6333333333333333,6.7592592592592595,0.16324582338902147
4,27,regular,2,1090,1166,76,1072,18,94,0.9834862385321101,0.9193825042881647,0.934819897084048,0.950354609929078
4,27,semiregular,2,999,728,271,719,280,9,0.7197197197197197,0.9876373626373627,1.3722527472527473,0.8326577880718008
4,27,irregular,2,2068,270,1798,265,1803,5,0.1281431334622824,0.9814814814814815,7.659259259259259,0.22668947818648416
4,27,regular,3,1083,1166,83,1073,10,93,0.9907663896583564,0.9202401372212693,0.9288164665523156,0.9542018674966651
4,27,semiregular,3,472,728,256,412,60,316,0.8728813559322034,0.5659340659340659,0.6483516483516484,0.6866666666666665
4,27,irregular,3,800,270,530,143,657,127,0.17875,0.5296296296296297,2.962962962962963,0.2672897196261682
4,28,regular,1,1072,1098,26,1065,7,33,0.9934701492537313,0.9699453551912568,0.97632058287796,0.9815668202764977
4,28,semiregular,1,946,859,87,790,156,69,0.8350951374207188,0.919674039580908,1.1012805587892898,0.8753462603878116
4,28,irregular,1,2150,293,1857,158,1992,135,0.07348837209302325,0.5392491467576792,7.337883959044369,0.1293491608677855
4,28,regular,2,1089,1098,9,1060,29,38,0.9733700642791552,0.9653916211293261,0.9918032786885246,0.9693644261545495
4,28,semiregular,2,1115,859,256,853,262,6,0.7650224215246637,0.9930151338766007,1.2980209545983703,0.8642350557244174
4,28,irregular,2,3045,293,2752,291,2754,2,0.09556650246305419,0.9931740614334471,10.392491467576791,0.1743559017375674
4,28,regular,3,124,1098,974,120,4,978,0.967741935483871,0.1092896174863388,0.11293260473588343,0.19639934533551553
4,28,semiregular,3,25,859,834,16,9,843,0.64,0.018626309662398137,0.02910360884749709,0.03619909502262444
4,28,irregular,3,322,293,29,19,303,274,0.059006211180124224,0.06484641638225255,1.098976109215017,0.061788617886178863
4,29,regular,1,1082,1140,58,1077,5,63,0.9953789279112755,0.9447368421052632,0.9491228070175438,0.9693969396939695
4,29,semiregular,1,1190,869,321,837,353,32,0.7033613445378152,0.9631760644418872,1.3693901035673188,0.8130160271976687
4,29,irregular,1,990,247,743,142,848,105,0.14343434343434344,0.5748987854251012,4.008097165991903,0.2295877122069523
4,29,regular,2,1121,1140,19,1107,14,33,0.9875111507582516,0.9710526315789474,0.9833333333333333,0.9792127377266696
4,29,semiregular,2,1319,869,450,864,455,5,0.6550416982562547,0.9942462600690449,1.5178365937859608,0.789762340036563
4,29,irregular,2,1668,247,1421,245,1423,2,0.14688249400479617,0.9919028340080972,6.753036437246964,0.2558746736292428
4,29,regular,3,103,1140,1037,103,0,1037,1.0,0.09035087719298246,0.09035087719298246,0.16572807723250202
4,29,semiregular,3,17,869,852,15,2,854,0.8823529411764706,0.01726121979286536,0.019562715765247412,0.033860045146726865
4,29,irregular,3,0,247,247,0,0,247,-1,-1,0.0,-1
4,30,regular,1,992,997,5,984,8,13,0.9919354838709677,0.9869608826479438,0.9949849548645938,0.9894419306184012
4,30,semiregular,1,888,810,78,749,139,61,0.8434684684684685,0.9246913580246914,1.0962962962962963,0.8822143698468786
4,30,irregular,1,2138,250,1888,199,1939,51,0.0930776426566885,0.796,8.552,0.16666666666666669
4,30,regular,2,973,997,24,957,16,40,0.9835560123329907,0.9598796389167502,0.9759277833500501,0.9715736040609138
4,30,semiregular,2,1009,810,199,800,209,10,0.7928642220019821,0.9876543209876543,1.245679012345679,0.879604178119846
4,30,irregular,2,610,250,360,217,393,33,0.3557377049180328,0.868,2.44,0.5046511627906977
4,30,regular,3,800,997,197,798,2,199,0.9975,0.8004012036108324,0.802407221664995,0.8881469115191986
4,30,semiregular,3,229,810,581,225,4,585,0.982532751091703,0.2777777777777778,0.28271604938271605,0.43310875842155927
4,30,irregular,3,11,250,239,8,3,242,0.7272727272727273,0.032,0.044,0.06130268199233717
5,1,regular,1,941,937,4,931,10,6,0.9893730074388948,0.9935965848452508,1.0042689434364995,0.9914802981895634
5,1,semiregular,1,1021,703,318,677,344,26,0.66307541625857,0.9630156472261735,1.4523470839260313,0.7853828306264502
5,1,irregular,1,355,199,156,145,210,54,0.4084507042253521,0.7286432160804021,1.7839195979899498,0.5234657039711191
5,1,regular,2,1023,937,86,937,86,0,0.9159335288367546,1.0,1.0917822838847386,0.9561224489795918
5,1,semiregular,2,1196,703,493,701,495,2,0.5861204013377926,0.9971550497866287,1.701280227596017,0.7382833070036862
5,1,irregular,2,1108,199,909,199,909,0,0.1796028880866426,1.0,5.567839195979899,0.3045141545524101
5,1,regular,3,842,937,95,785,57,152,0.9323040380047506,0.8377801494130203,0.8986125933831377,0.8825182686902755
5,1,semiregular,3,598,703,105,479,119,224,0.8010033444816054,0.6813655761024182,0.8506401137980085,0.7363566487317449
5,1,irregular,3,698,199,499,146,552,53,0.20916905444126074,0.7336683417085427,3.507537688442211,0.32552954292084724
5,2,regular,1,1195,1224,29,1186,9,38,0.9924686192468619,0.9689542483660131,0.9763071895424836,0.9805704836709384
5,2,semiregular,1,711,647,64,590,121,57,0.829817158931083,0.9119010819165378,1.0989180834621328,0.8689248895434462
5,2,irregular,1,639,217,422,110,529,107,0.17214397496087636,0.5069124423963134,2.944700460829493,0.2570093457943925
5,2,regular,2,1238,1224,14,1209,29,15,0.9765751211631664,0.9877450980392157,1.011437908496732,0.9821283509341998
5,2,semiregular,2,853,647,206,647,206,0,0.7584994138335287,1.0,1.3183925811437402,0.8626666666666666
5,2,irregular,2,1380,217,1163,217,1163,0,0.1572463768115942,1.0,6.359447004608295,0.271759549154665
5,2,regular,3,1107,1224,117,1094,13,130,0.988256549232159,0.8937908496732027,0.9044117647058824,0.9386529386529388
5,2,semiregular,3,540,647,107,470,70,177,0.8703703703703703,0.7264296754250387,0.8346213292117465,0.7919123841617524
5,2,irregular,3,1260,217,1043,186,1074,31,0.14761904761904762,0.8571428571428571,5.806451612903226,0.25186188219363576
5,3,regular,1,1053,1053,0,1039,14,14,0.9867046533713201,0.9867046533713201,1.0,0.9867046533713201
5,3,semiregular,1,914,716,198,697,217,19,0.762582056892779,0.973463687150838,1.276536312849162,0.8552147239263803
5,3,irregular,1,682,224,458,120,562,104,0.17595307917888564,0.5357142857142857,3.044642857142857,0.2649006622516557
5,3,regular,2,961,1053,92,944,17,109,0.9823100936524454,0.8964862298195632,0.912630579297246,0.9374379344587884
5,3,semiregular,2,513,716,203,438,75,278,0.8538011695906432,0.611731843575419,0.7164804469273743,0.7127746135069162
5,3,irregular,2,7,224,217,7,0,217,1.0,0.03125,0.03125,0.06060606060606061
5,3,regular,3,926,1053,127,911,15,142,0.9838012958963283,0.8651471984805318,0.879392212725546,0.92066700353714
5,3,semiregular,3,716,716,0,594,122,122,0.8296089385474861,0.8296089385474861,1.0,0.8296089385474861
5,3,irregular,3,1183,224,959,198,985,26,0.16737109044801352,0.8839285714285714,5.28125,0.2814498933901919
5,4,regular,1,1131,1101,30,1095,36,6,0.9681697612732095,0.9945504087193461,1.0272479564032697,0.9811827956989247
5,4,semiregular,1,758,614,144,531,227,83,0.7005277044854882,0.8648208469055375,1.234527687296417,0.7740524781341108
5,4,irregular,1,539,228,311,146,393,82,0.27087198515769945,0.6403508771929824,2.3640350877192984,0.3807040417209908
5,4,regular,2,1144,1101,43,1101,43,0,0.9624125874125874,1.0,1.03905540417802,0.9808463251670378
5,4,semiregular,2,931,614,317,609,322,5,0.6541353383458647,0.99185667752443,1.51628664495114,0.7883495145631069
5,4,irregular,2,1415,228,1187,225,1190,3,0.15901060070671377,0.9868421052631579,6.206140350877193,0.2738892270237371
5,4,regular,3,210,1101,891,189,21,912,0.9,0.17166212534059946,0.1907356948228883,0.2883295194508009
5,4,semiregular,3,324,614,290,213,111,401,0.6574074074074074,0.3469055374592834,0.5276872964169381,0.4541577825159915
5,4,irregular,3,1110,228,882,64,1046,164,0.05765765765765766,0.2807017543859649,4.868421052631579,0.09566517189835574
5,5,regular,1,1046,1044,2,1037,9,7,0.9913957934990439,0.9932950191570882,1.0019157088122606,0.9923444976076555
5,5,semiregular,1,995,668,327,643,352,25,0.6462311557788945,0.9625748502994012,1.4895209580838322,0.7733012627781118
5,5,irregular,1,863,217,646,145,718,72,0.16801853997682503,0.6682027649769585,3.9769585253456223,0.2685185185185185
5,5,regular,2,972,1044,72,958,14,86,0.98559670781893,0.9176245210727969,0.9310344827586207,0.9503968253968254
5,5,semiregular,2,309,668,359,196,113,472,0.6343042071197411,0.2934131736526946,0.4625748502994012,0.4012282497441146
5,5,irregular,2,119,217,98,7,112,210,0.058823529411764705,0.03225806451612903,0.5483870967741935,0.041666666666666664
5,5,regular,3,889,1044,155,880,9,164,0.9898762654668166,0.842911877394636,0.8515325670498084,0.9105018106570097
5,5,semiregular,3,832,668,164,561,271,107,0.6742788461538461,0.8398203592814372,1.2455089820359282,0.748
5,5,irregular,3,1222,217,1005,173,1049,44,0.14157119476268412,0.7972350230414746,5.631336405529954,0.2404447533009034
5,6,regular,1,934,915,19,913,21,2,0.9775160599571735,0.9978142076502732,1.0207650273224043,0.987560843699297
5,6,semiregular,1,715,701,14,570,145,131,0.7972027972027972,0.8131241084165478,1.0199714693295292,0.8050847457627119
5,6,irregular,1,560,195,365,64,496,131,0.11428571428571428,0.3282051282051282,2.871794871794872,0.1695364238410596
5,6,regular,2,1002,915,87,915,87,0,0.9131736526946108,1.0,1.0950819672131147,0.9546165884194053
5,6,semiregular,2,854,701,153,656,198,45,0.7681498829039812,0.9358059914407989,1.218259629101284,0.8437299035369775
5,6,irregular,2,278,195,83,83,195,112,0.29856115107913667,0.4256410256410256,1.4256410256410257,0.35095137420718814
5,6,regular,3,557,915,358,513,44,402,0.9210053859964094,0.5606557377049181,0.6087431693989072,0.6970108695652175
5,6,semiregular,3,434,701,267,320,114,381,0.7373271889400922,0.456490727532097,0.6191155492154066,0.5638766519823789
5,6,irregular,3,1330,195,1135,144,1186,51,0.10827067669172932,0.7384615384615385,6.82051282051282,0.18885245901639344
5,7,regular,1,1222,1230,8,1208,14,22,0.9885433715220949,0.9821138211382113,0.9934959349593496,0.9853181076672104
5,7,semiregular,1,1060,761,299,685,375,76,0.6462264150943396,0.900131406044678,1.392904073587385,0.7523338824821527
5,7,irregular,1,449,225,224,69,380,156,0.15367483296213807,0.30666666666666664,1.9955555555555555,0.20474777448071216
5,7,regular,2,51,1230,1179,49,2,1181,0.9607843137254902,0.03983739837398374,0.041463414634146344,0.07650273224043716
5,7,semiregular,2,31,761,730,14,17,747,0.45161290322580644,0.018396846254927726,0.040735873850197106,0.03535353535353536
5,7,irregular,2,1186,225,961,144,1042,81,0.12141652613827993,0.64,5.271111111111111,0.20411055988660523
5,7,regular,3,191,1230,1039,175,16,1055,0.9162303664921466,0.14227642276422764,0.15528455284552845,0.24630541871921183
5,7,semiregular,3,532,761,229,402,130,359,0.7556390977443609,0.5282522996057819,0.6990801576872536,0.6218097447795824
5,7,irregular,3,1573,225,1348,87,1486,138,0.05530832803560076,0.38666666666666666,6.9911111111111115,0.0967741935483871
5,8,regular,1,1039,1035,4,1025,14,10,0.9865255052935515,0.9903381642512077,1.0038647342995168,0.9884281581485054
5,8,semiregular,1,850,827,23,678,172,149,0.7976470588235294,0.8198307134220073,1.0278113663845223,0.8085867620751341
5,8,irregular,1,1236,243,993,144,1092,99,0.11650485436893204,0.5925925925925926,5.08641975308642,0.1947261663286004
5,8,regular,2,809,1035,226,800,9,235,0.9888751545117429,0.7729468599033816,0.7816425120772947,0.8676789587852494
5,8,semiregular,2,766,827,61,623,143,204,0.8133159268929504,0.7533252720677146,0.9262394195888755,0.7821720025109855
5,8,irregular,2,605,243,362,69,536,174,0.1140495867768595,0.2839506172839506,2.4897119341563787,0.16273584905660377
5,8,regular,3,944,1035,91,936,8,99,0.9915254237288136,0.9043478260869565,0.9120772946859903,0.945932289034866
5,8,semiregular,3,620,827,207,517,103,310,0.8338709677419355,0.6251511487303507,0.7496977025392987,0.7145818935729096
5,8,irregular,3,1188,243,945,169,1019,74,0.14225589225589225,0.6954732510288066,4.888888888888889,0.23619846261355693
5,9,regular,1,1128,1107,21,1103,25,4,0.9778368794326241,0.996386630532972,1.018970189701897,0.9870246085011186
5,9,semiregular,1,664,701,37,568,96,133,0.8554216867469879,0.8102710413694721,0.9472182596291013,0.8322344322344323
5,9,irregular,1,968,266,702,173,795,93,0.1787190082644628,0.650375939849624,3.6390977443609023,0.28038897893030795
5,9,regular,2,1108,1107,1,1091,17,16,0.9846570397111913,0.985546522131888,1.000903342366757,0.9851015801354402
5,9,semiregular,2,811,701,110,673,138,28,0.8298397040690506,0.9600570613409415,1.1569186875891584,0.8902116402116402
5,9,irregular,2,1817,266,1551,262,1555,4,0.1441937259218492,0.9849624060150376,6.830827067669173,0.2515602496399424
5,9,regular,3,473,1107,634,453,20,654,0.9577167019027484,0.4092140921409214,0.42728093947606144,0.5734177215189873
5,9,semiregular,3,227,701,474,183,44,518,0.8061674008810573,0.26105563480741795,0.3238231098430813,0.3943965517241379
5,9,irregular,3,1522,266,1256,147,1375,119,0.09658344283837056,0.5526315789473685,5.7218045112781954,0.16442953020134227
5,10,regular,1,1019,1014,5,1003,16,11,0.9842983316977428,0.9891518737672583,1.004930966469428,0.9867191342843089
5,10,semiregular,1,810,656,154,617,193,39,0.7617283950617284,0.9405487804878049,1.2347560975609757,0.8417462482946795
5,10,irregular,1,899,247,652,192,707,55,0.2135706340378198,0.7773279352226721,3.639676113360324,0.33507853403141363
5,10,regular,2,1056,1014,42,1006,50,8,0.9526515151515151,0.9921104536489151,1.0414201183431953,0.9719806763285025
5,10,semiregular,2,913,656,257,647,266,9,0.7086527929901424,0.9862804878048781,1.391768292682927,0.8247291268323773
5,10,irregular,2,1509,247,1262,247,1262,0,0.16368455931080186,1.0,6.109311740890688,0.28132118451025057
5,10,regular,3,912,1014,102,886,26,128,0.9714912280701754,0.873767258382643,0.8994082840236687,0.9200415368639668
5,10,semiregular,3,414,656,242,376,38,280,0.9082125603864735,0.573170731707317,0.6310975609756098,0.7028037383177569
5,10,irregular,3,264,247,17,107,157,140,0.4053030303030303,0.4331983805668016,1.0688259109311742,0.4187866927592955
5,11,regular,1,1086,1070,16,1065,21,5,0.9806629834254144,0.9953271028037384,1.0149532710280373,0.9879406307977737
5,11,semiregular,1,816,700,116,631,185,69,0.7732843137254902,0.9014285714285715,1.1657142857142857,0.8324538258575198
5,11,irregular,1,645,239,406,104,541,135,0.16124031007751938,0.4351464435146444,2.698744769874477,0.23529411764705882
5,11,regular,2,0,1070,1070,0,0,1070,-1,-1,0.0,-1
5,11,semiregular,2,0,700,700,0,0,700,-1,-1,0.0,-1
5,11,irregular,2,1,239,238,0,1,239,-1,-1,0.0041841004184100415,-1
5,11,regular,3,293,1070,777,282,11,788,0.962457337883959,0.2635514018691589,0.2738317757009346,0.41379310344827586
5,11,semiregular,3,443,700,257,318,125,382,0.7178329571106095,0.4542857142857143,0.6328571428571429,0.5564304461942258
5,11,irregular,3,1255,239,1016,116,1139,123,0.09243027888446215,0.48535564853556484,5.2510460251046025,0.15528781793842034
5,12,regular,1,1014,1007,7,1005,9,2,0.9911242603550295,0.9980139026812314,1.0069513406156902,0.9945571499257793
5,12,semiregular,1,868,641,227,601,267,40,0.6923963133640553,0.9375975039001561,1.3541341653666146,0.7965540092776674
5,12,irregular,1,731,204,527,133,598,71,0.18194254445964433,0.6519607843137255,3.5833333333333335,0.28449197860962566
5,12,regular,2,1089,1007,82,1007,82,0,0.9247015610651974,1.0,1.0814299900695135,0.9608778625954199
5,12,semiregular,2,924,641,283,618,306,23,0.6688311688311688,0.9641185647425897,1.4414976599063962,0.7897763578274759
5,12,irregular,2,760,204,556,174,586,30,0.22894736842105262,0.8529411764705882,3.7254901960784315,0.36099585062240663
5,12,regular,3,346,1007,661,331,15,676,0.9566473988439307,0.3286991062562066,0.3435948361469712,0.4892830746489283
5,12,semiregular,3,297,641,344,195,102,446,0.6565656565656566,0.3042121684867395,0.46333853354134164,0.4157782515991471
5,12,irregular,3,1295,204,1091,73,1222,131,0.05637065637065637,0.35784313725490197,6.348039215686274,0.09739826551034023
5,13,regular,1,998,1000,2,994,4,6,0.9959919839679359,0.994,0.998,0.994994994994995
5,13,semiregular,1,885,815,70,740,145,75,0.8361581920903954,0.9079754601226994,1.0858895705521472,0.8705882352941177
5,13,irregular,1,828,216,612,98,730,118,0.11835748792270531,0.4537037037037037,3.8333333333333335,0.18773946360153257
5,13,regular,2,1043,1000,43,1000,43,0,0.9587727708533078,1.0,1.043,0.9789525208027411
5,13,semiregular,2,751,815,64,623,128,192,0.829560585885486,0.7644171779141105,0.9214723926380368,0.7956577266922094
5,13,irregular,2,1749,216,1533,168,1581,48,0.09605488850771869,0.7777777777777778,8.097222222222221,0.17099236641221374
5,13,regular,3,623,1000,377,617,6,383,0.9903691813804173,0.617,0.623,0.7603203943314849
5,13,semiregular,3,590,815,225,475,115,340,0.8050847457627118,0.5828220858895705,0.7239263803680982,0.6761565836298933
5,13,irregular,3,1705,216,1489,142,1563,74,0.08328445747800586,0.6574074074074074,7.893518518518518,0.1478396668401874
5,14,regular,1,1048,1052,4,1046,2,6,0.9980916030534351,0.9942965779467681,0.9961977186311787,0.9961904761904762
5,14,semiregular,1,1060,913,147,810,250,103,0.7641509433962265,0.8871851040525739,1.1610076670317635,0.8210846426761277
5,14,irregular,1,651,217,434,101,550,116,0.15514592933947774,0.46543778801843316,3.0,0.23271889400921658
5,14,regular,2,1035,1052,17,1025,10,27,0.9903381642512077,0.9743346007604563,0.9838403041825095,0.9822712026832774
5,14,semiregular,2,1254,913,341,906,348,7,0.722488038277512,0.9923329682365827,1.3734939759036144,0.8361790493770189
5,14,irregular,2,1294,217,1077,156,1138,61,0.1205564142194745,0.7188940092165899,5.9631336405529956,0.20648577101257445
5,14,regular,3,39,1052,1013,29,10,1023,0.7435897435897436,0.027566539923954372,0.0370722433460076,0.05316223648029331
5,14,semiregular,3,431,913,482,353,78,560,0.8190255220417634,0.38663745892661555,0.4720700985761227,0.525297619047619
5,14,irregular,3,1152,217,935,51,1101,166,0.044270833333333336,0.2350230414746544,5.308755760368664,0.07450693937180423
5,15,regular,1,1001,964,37,964,37,0,0.9630369630369631,1.0,1.0383817427385893,0.9811704834605598
5,15,semiregular,1,932,774,158,733,199,41,0.7864806866952789,0.9470284237726099,1.2041343669250646,0.8593200468933176
5,15,irregular,1,783,218,565,146,637,72,0.18646232439335889,0.6697247706422018,3.591743119266055,0.29170829170829177
5,15,regular,2,436,964,528,433,3,531,0.9931192660550459,0.4491701244813278,0.45228215767634855,0.6185714285714287
5,15,semiregular,2,328,774,446,272,56,502,0.8292682926829268,0.35142118863049093,0.42377260981912146,0.4936479128856624
5,15,irregular,2,220,218,2,47,173,171,0.21363636363636362,0.21559633027522937,1.0091743119266054,0.21461187214611868
5,15,regular,3,819,964,145,806,13,158,0.9841269841269841,0.8360995850622407,0.8495850622406639,0.9040942232192933
5,15,semiregular,3,764,774,10,611,153,163,0.7997382198952879,0.789405684754522,0.9870801033591732,0.7945383615084525
5,15,irregular,3,871,218,653,178,693,40,0.20436280137772675,0.8165137614678899,3.9954128440366974,0.3269054178145087
5,16,regular,1,1117,1109,8,1105,12,4,0.9892569382273948,0.9963931469792606,1.0072137060414788,0.9928122192273136
5,16,semiregular,1,712,681,31,559,153,122,0.7851123595505618,0.8208516886930984,1.0455212922173274,0.8025843503230438
5,16,irregular,1,238,272,34,91,147,181,0.38235294117647056,0.33455882352941174,0.875,0.3568627450980393
5,16,regular,2,1068,1109,41,1062,6,47,0.9943820224719101,0.957619477006312,0.9630297565374211,0.975654570509876
5,16,semiregular,2,551,681,130,441,110,240,0.8003629764065335,0.6475770925110133,0.8091042584434655,0.7159090909090908
5,16,irregular,2,578,272,306,188,390,84,0.32525951557093424,0.6911764705882353,2.125,0.44235294117647067
5,16,regular,3,1004,1109,105,996,8,113,0.9920318725099602,0.8981064021641119,0.9053201082055906,0.9427354472314246
5,16,semiregular,3,627,681,54,522,105,159,0.8325358851674641,0.7665198237885462,0.920704845814978,0.7981651376146789
5,16,irregular,3,895,272,623,232,663,40,0.25921787709497207,0.8529411764705882,3.2904411764705883,0.3976006855184233
5,17,regular,1,1045,1029,16,1026,19,3,0.9818181818181818,0.9970845481049563,1.0155490767735667,0.9893924783027965
5,17,semiregular,1,794,837,43,661,133,176,0.8324937027707808,0.7897252090800478,0.948626045400239,0.8105456774984672
5,17,irregular,1,413,240,173,87,326,153,0.2106537530266344,0.3625,1.7208333333333334,0.2664624808575804
5,17,regular,2,1081,1029,52,1029,52,0,0.9518963922294172,1.0,1.0505344995140913,0.9753554502369668
5,17,semiregular,2,1011,837,174,793,218,44,0.7843719090009891,0.9474313022700119,1.2078853046594982,0.8582251082251082
5,17,irregular,2,814,240,574,220,594,20,0.2702702702702703,0.9166666666666666,3.3916666666666666,0.4174573055028463
5,17,regular,3,779,1029,250,770,9,259,0.9884467265725289,0.7482993197278912,0.7570456754130224,0.8517699115044248
5,17,semiregular,3,754,837,83,620,134,217,0.8222811671087533,0.7407407407407407,0.9008363201911589,0.7793840351979887
5,17,irregular,3,1621,240,1381,193,1428,47,0.11906230721776681,0.8041666666666667,6.754166666666666,0.20741536808167652
5,18,regular,1,1056,1044,12,1038,18,6,0.9829545454545454,0.9942528735632183,1.0114942528735633,0.9885714285714285
5,18,semiregular,1,847,801,46,702,145,99,0.8288075560802833,0.8764044943820225,1.0574282147315854,0.8519417475728156
5,18,irregular,1,233,252,19,105,128,147,0.45064377682403434,0.4166666666666667,0.9246031746031746,0.4329896907216495
5,18,regular,2,1092,1044,48,1037,55,7,0.9496336996336996,0.9932950191570882,1.0459770114942528,0.9709737827715356
5,18,semiregular,2,988,801,187,768,220,33,0.7773279352226721,0.9588014981273408,1.233458177278402,0.8585802124091672
5,18,irregular,2,1396,252,1144,240,1156,12,0.17191977077363896,0.9523809523809523,5.5396825396825395,0.2912621359223301
5,18,regular,3,886,1044,158,871,15,173,0.9830699774266366,0.8342911877394636,0.8486590038314177,0.9025906735751296
5,18,semiregular,3,857,801,56,726,131,75,0.8471411901983664,0.9063670411985019,1.0699126092384519,0.8757539203860072
5,18,irregular,3,1237,252,985,234,1003,18,0.18916734033953111,0.9285714285714286,4.908730158730159,0.3143049026192075
5,19,regular,1,1084,1076,8,1066,18,10,0.9833948339483395,0.9907063197026023,1.0074349442379182,0.9870370370370369
5,19,semiregular,1,854,753,101,690,164,63,0.8079625292740047,0.9163346613545816,1.1341301460823374,0.8587429993777226
5,19,irregular,1,469,245,224,99,370,146,0.21108742004264391,0.40408163265306124,1.9142857142857144,0.27731092436974786
5,19,regular,2,1112,1076,36,1073,39,3,0.9649280575539568,0.9972118959107806,1.033457249070632,0.9808043875685558
5,19,semiregular,2,887,753,134,719,168,34,0.8105975197294251,0.9548472775564409,1.1779548472775565,0.8768292682926829
5,19,irregular,2,1142,245,897,231,911,14,0.202276707530648,0.9428571428571428,4.661224489795918,0.33309300648882484
5,19,regular,3,960,1076,116,952,8,124,0.9916666666666667,0.8847583643122676,0.8921933085501859,0.9351669941060904
5,19,semiregular,3,736,753,17,615,121,138,0.8355978260869565,0.8167330677290837,0.9774236387782205,0.8260577568838147
5,19,irregular,3,1115,245,870,211,904,34,0.18923766816143497,0.8612244897959184,4.551020408163265,0.3102941176470588
5,20,regular,1,1247,1251,4,1233,14,18,0.9887730553327987,0.9856115107913669,0.996802557953637,0.9871897518014412
5,20,semiregular,1,917,841,76,733,184,108,0.7993456924754635,0.8715814506539834,1.0903686087990487,0.8339021615472128
5,20,irregular,1,815,252,563,143,672,109,0.1754601226993865,0.5674603174603174,3.234126984126984,0.26804123711340205
5,20,regular,2,1275,1251,24,1236,39,15,0.9694117647058823,0.988009592326139,1.0191846522781776,0.9786223277909738
5,20,semiregular,2,1196,841,355,839,357,2,0.7015050167224081,0.9976218787158145,1.422116527942925,0.8237604320078548
5,20,irregular,2,1070,252,818,246,824,6,0.22990654205607478,0.9761904761904762,4.246031746031746,0.3721633888048412
5,20,regular,3,944,1251,307,924,20,327,0.9788135593220338,0.7386091127098321,0.7545963229416467,0.8419134396355352
5,20,semiregular,3,727,841,114,569,158,272,0.782668500687758,0.6765755053507729,0.8644470868014269,0.7257653061224489
5,20,irregular,3,964,252,712,186,778,66,0.19294605809128632,0.7380952380952381,3.8253968253968256,0.305921052631579
5,21,regular,1,951,920,31,919,32,1,0.9663512092534174,0.9989130434782608,1.0336956521739131,0.9823623730625334
5,21,semiregular,1,903,549,354,519,384,30,0.574750830564784,0.9453551912568307,1.644808743169399,0.7148760330578512
5,21,irregular,1,554,204,350,123,431,81,0.22202166064981949,0.6029411764705882,2.715686274509804,0.32453825857519786
5,21,regular,2,997,920,77,920,77,0,0.9227683049147443,1.0,1.083695652173913,0.959833072509129
5,21,semiregular,2,846,549,297,481,365,68,0.5685579196217494,0.8761384335154827,1.540983606557377,0.689605734767025
5,21,irregular,2,516,204,312,135,381,69,0.2616279069767442,0.6617647058823529,2.5294117647058822,0.375
5,21,regular,3,322,920,598,311,11,609,0.9658385093167702,0.33804347826086956,0.35,0.500805152979066
5,21,semiregular,3,320,549,229,167,153,382,0.521875,0.30418943533697634,0.5828779599271403,0.38434982738780205
5,21,irregular,3,1139,204,935,56,1083,148,0.04916593503072871,0.27450980392156865,5.583333333333333,0.08339538346984365
5,22,regular,1,978,946,32,942,36,4,0.9631901840490797,0.9957716701902748,1.0338266384778012,0.9792099792099792
5,22,semiregular,1,817,703,114,621,196,82,0.7600979192166463,0.883357041251778,1.162162162162162,0.8171052631578948
5,22,irregular,1,741,247,494,155,586,92,0.20917678812415655,0.6275303643724697,3.0,0.31376518218623484
5,22,regular,2,1024,946,78,946,78,0,0.923828125,1.0,1.0824524312896406,0.9604060913705583
5,22,semiregular,2,1033,703,330,686,347,17,0.6640851887705711,0.9758179231863442,1.469416785206259,0.7903225806451614
5,22,irregular,2,1468,247,1221,244,1224,3,0.16621253405994552,0.9878542510121457,5.94331983805668,0.28454810495626826
5,22,regular,3,522,946,424,495,27,451,0.9482758620689655,0.5232558139534884,0.5517970401691332,0.6743869209809265
5,22,semiregular,3,705,703,2,497,208,206,0.7049645390070922,0.7069701280227596,1.0028449502133712,0.7059659090909091
5,22,irregular,3,1233,247,986,133,1100,114,0.10786699107866991,0.5384615384615384,4.991902834008097,0.17972972972972973
5,23,regular,1,986,999,13,978,8,21,0.9918864097363083,0.978978978978979,0.986986986986987,0.9853904282115867
5,23,semiregular,1,737,835,98,598,139,237,0.8113975576662144,0.7161676646706587,0.8826347305389222,0.7608142493638678
5,23,irregular,1,687,266,421,59,628,207,0.0858806404657933,0.22180451127819548,2.582706766917293,0.12381951731374603
5,23,regular,2,1014,999,15,953,61,46,0.9398422090729783,0.953953953953954,1.015015015015015,0.9468455042225533
5,23,semiregular,2,1166,835,331,808,358,27,0.692967409948542,0.9676646706586827,1.3964071856287426,0.8075962018990505
5,23,irregular,2,2599,266,2333,262,2337,4,0.10080800307810696,0.9849624060150376,9.770676691729323,0.18289703315881325
5,23,regular,3,897,999,102,883,14,116,0.9843924191750278,0.8838838838838838,0.8978978978978979,0.9314345991561183
5,23,semiregular,3,811,835,24,607,204,228,0.7484586929716399,0.7269461077844311,0.9712574850299401,0.7375455650060755
5,23,irregular,3,1862,266,1596,216,1646,50,0.11600429645542427,0.8120300751879699,7.0,0.20300751879699247
5,24,regular,1,1099,1079,20,1078,21,1,0.9808917197452229,0.9990732159406858,1.0185356811862836,0.98989898989899
5,24,semiregular,1,755,680,75,636,119,44,0.8423841059602649,0.9352941176470588,1.1102941176470589,0.8864111498257841
5,24,irregular,1,950,247,703,154,796,93,0.16210526315789472,0.6234817813765182,3.8461538461538463,0.2573099415204678
5,24,regular,2,1076,1079,3,1049,27,30,0.974907063197026,0.9721964782205746,0.9972196478220574,0.9735498839907192
5,24,semiregular,2,808,680,128,664,144,16,0.8217821782178217,0.9764705882352941,1.188235294117647,0.8924731182795699
5,24,irregular,2,1894,247,1647,246,1648,1,0.12988384371700107,0.9959514170040485,7.668016194331984,0.22979915927136854
5,24,regular,3,571,1079,508,557,14,522,0.9754816112084063,0.5162187210379982,0.5291936978683967,0.6751515151515152
5,24,semiregular,3,387,680,293,310,77,370,0.8010335917312662,0.45588235294117646,0.5691176470588235,0.5810684161199625
5,24,irregular,3,141,247,106,55,86,192,0.3900709219858156,0.22267206477732793,0.5708502024291497,0.28350515463917525
5,25,regular,1,973,946,27,943,30,3,0.9691675231243576,0.9968287526427061,1.0285412262156448,0.982803543512246
5,25,semiregular,1,894,718,176,670,224,48,0.7494407158836689,0.9331476323119777,1.2451253481894151,0.8312655086848636
5,25,irregular,1,1442,207,1235,101,1341,106,0.07004160887656033,0.48792270531400966,6.966183574879227,0.12249848392965433
5,25,regular,2,955,946,9,941,14,5,0.9853403141361257,0.9947145877378436,1.0095137420718816,0.9900052603892688
5,25,semiregular,2,877,718,159,626,251,92,0.7137970353477765,0.871866295264624,1.2214484679665738,0.7849529780564264
5,25,irregular,2,1262,207,1055,21,1241,186,0.01664025356576862,0.10144927536231885,6.096618357487923,0.028590878148400268
5,25,regular,3,936,946,10,919,17,27,0.9818376068376068,0.9714587737843552,0.9894291754756871,0.9766206163655685
5,25,semiregular,3,717,718,1,580,137,138,0.8089260808926081,0.807799442896936,0.9986072423398329,0.8083623693379791
5,25,irregular,3,2074,207,1867,121,1953,86,0.05834136933461909,0.5845410628019324,10.019323671497585,0.10609381850065762
5,26,regular,1,1023,985,38,981,42,4,0.9589442815249267,0.9959390862944163,1.0385786802030457,0.9770916334661355
5,26,semiregular,1,862,720,142,657,205,63,0.7621809744779582,0.9125,1.1972222222222222,0.8305941845764853
5,26,irregular,1,968,214,754,137,831,77,0.1415289256198347,0.6401869158878505,4.5233644859813085,0.2318104906937394
5,26,regular,2,1031,985,46,983,48,2,0.953443258971872,0.9979695431472081,1.0467005076142133,0.9751984126984127
5,26,semiregular,2,623,720,97,513,110,207,0.8234349919743178,0.7125,0.8652777777777778,0.7639612807148175
5,26,irregular,2,1457,214,1243,169,1288,45,0.11599176389842142,0.7897196261682243,6.808411214953271,0.20227408737283065
5,26,regular,3,8,985,977,2,6,983,0.25,0.0020304568527918783,0.008121827411167513,0.004028197381671703
5,26,semiregular,3,29,720,691,7,22,713,0.2413793103448276,0.009722222222222222,0.04027777777777778,0.01869158878504673
5,26,irregular,3,1255,214,1041,25,1230,189,0.0199203187250996,0.11682242990654206,5.864485981308412,0.03403675970047651
5,27,regular,1,1060,1166,106,1049,11,117,0.9896226415094339,0.8996569468267581,0.9090909090909091,0.9424977538185086
5,27,semiregular,1,735,728,7,560,175,168,0.7619047619047619,0.7692307692307693,1.0096153846153846,0.7655502392344499
5,27,irregular,1,1578,270,1308,178,1400,92,0.11280101394169835,0.6592592592592592,5.844444444444444,0.19264069264069264
5,27,regular,2,1179,1166,13,1157,22,9,0.981340118744699,0.9922813036020584,1.0111492281303602,0.9867803837953092
5,27,semiregular,2,956,728,228,694,262,34,0.7259414225941423,0.9532967032967034,1.3131868131868132,0.824228028503563
5,27,irregular,2,2201,270,1931,248,1953,22,0.11267605633802817,0.9185185185185185,8.151851851851852,0.2007284500202347
5,27,regular,3,1064,1166,102,1047,17,119,0.9840225563909775,0.8979416809605489,0.9125214408233276,0.9390134529147982
5,27,semiregular,3,753,728,25,599,154,129,0.795484727755644,0.8228021978021978,1.0343406593406594,0.8089128966914246
5,27,irregular,3,1996,270,1726,241,1755,29,0.12074148296593186,0.8925925925925926,7.392592592592592,0.21270962047661077
5,28,regular,1,1098,1098,0,1077,21,21,0.9808743169398907,0.9808743169398907,1.0,0.9808743169398907
5,28,semiregular,1,940,859,81,783,157,76,0.8329787234042553,0.9115250291036089,1.0942956926658907,0.8704836020011116
5,28,irregular,1,1421,293,1128,188,1233,105,0.13230119634060522,0.6416382252559727,4.849829351535837,0.21936989498249712
5,28,regular,2,1121,1098,23,1096,25,2,0.9776984834968778,0.9981785063752276,1.0209471766848817,0.9878323569175304
5,28,semiregular,2,1070,859,211,842,228,17,0.7869158878504673,0.980209545983702,1.2456344586728754,0.8729911871435978
5,28,irregular,2,1376,293,1083,235,1141,58,0.17078488372093023,0.8020477815699659,4.696245733788396,0.2816057519472738
5,28,regular,3,875,1098,223,854,21,244,0.976,0.7777777777777778,0.7969034608378871,0.8656867714140902
5,28,semiregular,3,679,859,180,581,98,278,0.8556701030927835,0.6763678696158324,0.7904540162980209,0.7555266579973993
5,28,irregular,3,2240,293,1947,248,1992,45,0.11071428571428571,0.8464163822525598,7.645051194539249,0.19581523884721674
5,29,regular,1,1149,1140,9,1135,14,5,0.9878154917319408,0.9956140350877193,1.0078947368421052,0.9916994320664047
5,29,semiregular,1,1223,869,354,836,387,33,0.6835650040883074,0.9620253164556962,1.4073647871116226,0.7992351816443595
5,29,irregular,1,1128,247,881,192,936,55,0.1702127659574468,0.7773279352226721,4.566801619433198,0.27927272727272723
5,29,regular,2,1144,1140,4,1129,15,11,0.9868881118881119,0.9903508771929824,1.0035087719298246,0.9886164623467601
5,29,semiregular,2,1179,869,310,819,360,50,0.6946564885496184,0.9424626006904487,1.3567318757192175,0.7998046875
5,29,irregular,2,1713,247,1466,238,1475,9,0.1389375364856976,0.9635627530364372,6.935222672064778,0.24285714285714288
5,29,regular,3,58,1140,1082,47,11,1093,0.8103448275862069,0.0412280701754386,0.05087719298245614,0.07846410684474123
5,29,semiregular,3,829,869,40,619,210,250,0.7466827503015682,0.7123130034522439,0.953970080552359,0.729093050647821
5,29,irregular,3,1428,247,1181,85,1343,162,0.05952380952380952,0.3441295546558704,5.781376518218623,0.10149253731343283
5,30,regular,1,976,997,21,969,7,28,0.992827868852459,0.9719157472417251,0.9789368104312939,0.9822605169792195
5,30,semiregular,1,907,810,97,749,158,61,0.8257993384785005,0.9246913580246914,1.1197530864197531,0.8724519510774607
5,30,irregular,1,2113,250,1863,190,1923,60,0.08991954566966398,0.76,8.452,0.1608125264494287
5,30,regular,2,1023,997,26,997,26,0,0.9745845552297165,1.0,1.0260782347041124,0.9871287128712871
5,30,semiregular,2,1041,810,231,800,241,10,0.7684918347742555,0.9876543209876543,1.2851851851851852,0.864397622906537
5,30,irregular,2,303,250,53,171,132,79,0.5643564356435643,0.684,1.212,0.6184448462929476
5,30,regular,3,627,997,370,616,11,381,0.9824561403508771,0.6178535606820461,0.6288866599799399,0.7586206896551725
5,30,semiregular,3,521,810,289,437,84,373,0.8387715930902111,0.5395061728395062,0.6432098765432098,0.656649135987979
5,30,irregular,3,2522,250,2272,160,2362,90,0.063441712926249,0.64,10.088,0.11544011544011544
