Test fold number,Subject,Gait,Sensor,Predicted,Actual,Difference,TP,FP,FN,PPV,Sensitivity,RCA,SDA
1,1,regular,1,983,937,46,937,46,0,0.953204476093591,1.0,1.0490928495197438,0.9760416666666666
1,1,semiregular,1,1141,703,438,700,441,3,0.6134969325153374,0.9957325746799431,1.6230440967283073,0.7592190889370933
1,1,irregular,1,950,199,751,198,752,1,0.20842105263157895,0.9949748743718593,4.773869346733668,0.34464751958224543
1,1,regular,2,985,937,48,929,56,8,0.9431472081218274,0.991462113127001,1.0512273212379937,0.9667013527575442
1,1,semiregular,2,1166,703,463,699,467,4,0.5994854202401372,0.9943100995732574,1.658605974395448,0.7479935794542536
1,1,irregular,2,1027,199,828,199,828,0,0.1937682570593963,1.0,5.160804020100502,0.32463295269168024
1,1,regular,3,946,937,9,896,50,41,0.9471458773784355,0.9562433297758804,1.0096051227321239,0.9516728624535317
1,1,semiregular,3,1102,703,399,697,405,6,0.632486388384755,0.9914651493598862,1.5675675675675675,0.7722991689750692
1,1,irregular,3,920,199,721,199,721,0,0.21630434782608696,1.0,4.623115577889447,0.35567470956210906
1,2,regular,1,1193,1224,31,1182,11,42,0.9907795473595976,0.9656862745098039,0.9746732026143791,0.9780719900703352
1,2,semiregular,1,821,647,174,643,178,4,0.7831912302070646,0.9938176197836167,1.268933539412674,0.8760217983651226
1,2,irregular,1,1274,217,1057,216,1058,1,0.1695447409733124,0.9953917050691244,5.870967741935484,0.289738430583501
1,2,regular,2,1180,1224,44,1167,13,57,0.9889830508474576,0.9534313725490197,0.9640522875816994,0.9708818635607321
1,2,semiregular,2,834,647,187,647,187,0,0.7757793764988009,1.0,1.2890262751159196,0.8737339635381498
1,2,irregular,2,1349,217,1132,217,1132,0,0.1608598962194218,1.0,6.216589861751152,0.2771392081736909
1,2,regular,3,1199,1224,25,1187,12,37,0.9899916597164303,0.9697712418300654,0.9795751633986928,0.9797771357820884
1,2,semiregular,3,802,647,155,641,161,6,0.7992518703241895,0.990726429675425,1.239567233384853,0.8847481021394065
1,2,irregular,3,1335,217,1118,217,1118,0,0.16254681647940075,1.0,6.152073732718894,0.27963917525773196
1,3,regular,1,1022,1053,31,1022,0,31,1.0,0.9705603038936372,0.9705603038936372,0.9850602409638555
1,3,semiregular,1,961,716,245,706,255,10,0.7346514047866806,0.9860335195530726,1.3421787709497206,0.841979725700656
1,3,irregular,1,1222,224,998,224,998,0,0.18330605564648117,1.0,5.455357142857143,0.30982019363762103
1,3,regular,2,983,1053,70,982,1,71,0.9989827060020345,0.932573599240266,0.9335232668566001,0.9646365422396858
1,3,semiregular,2,959,716,243,707,252,9,0.7372262773722628,0.9874301675977654,1.339385474860335,0.844179104477612
1,3,irregular,2,1299,224,1075,224,1075,0,0.1724403387220939,1.0,5.799107142857143,0.29415627051871307
1,3,regular,3,984,1053,69,983,1,70,0.9989837398373984,0.9335232668566001,0.9344729344729344,0.9651448208149239
1,3,semiregular,3,893,716,177,686,207,30,0.7681970884658454,0.9581005586592178,1.2472067039106145,0.8527035425730267
1,3,irregular,3,1288,224,1064,224,1064,0,0.17391304347826086,1.0,5.75,0.29629629629629634
1,4,regular,1,1126,1101,25,1101,25,0,0.977797513321492,1.0,1.0227066303360581,0.9887741356084419
1,4,semiregular,1,938,614,324,611,327,3,0.6513859275053305,0.995114006514658,1.5276872964169381,0.7873711340206186
1,4,irregular,1,1258,228,1030,224,1034,4,0.178060413354531,0.9824561403508771,5.517543859649122,0.30148048452220727
1,4,regular,2,1119,1101,18,1100,19,1,0.9830205540661304,0.9990917347865577,1.0163487738419619,0.990990990990991
1,4,semiregular,2,959,614,345,614,345,0,0.6402502606882169,1.0,1.5618892508143323,0.7806738715829625
1,4,irregular,2,1352,228,1124,228,1124,0,0.16863905325443787,1.0,5.9298245614035086,0.28860759493670884
1,4,regular,3,1007,1101,94,996,11,105,0.9890764647467726,0.9046321525885559,0.9146230699364214,0.9449715370018976
1,4,semiregular,3,940,614,326,603,337,11,0.6414893617021277,0.9820846905537459,1.5309446254071661,0.7760617760617761
1,4,irregular,3,1399,228,1171,228,1171,0,0.1629735525375268,1.0,6.135964912280702,0.2802704363859864
1,5,regular,1,1028,1044,16,1028,0,16,1.0,0.9846743295019157,0.9846743295019157,0.9922779922779923
1,5,semiregular,1,1093,668,425,665,428,3,0.6084172003659652,0.9955089820359282,1.6362275449101797,0.7552526973310619
1,5,irregular,1,1491,217,1274,217,1274,0,0.14553990610328638,1.0,6.870967741935484,0.25409836065573765
1,5,regular,2,1019,1044,25,1018,1,26,0.9990186457311089,0.975095785440613,0.9760536398467433,0.9869122636936499
1,5,semiregular,2,1086,668,418,667,419,1,0.6141804788213628,0.9985029940119761,1.625748502994012,0.7605473204104903
1,5,irregular,2,1552,217,1335,217,1335,0,0.13981958762886598,1.0,7.152073732718894,0.24533634821933298
1,5,regular,3,951,1044,93,951,0,93,1.0,0.9109195402298851,0.9109195402298851,0.9533834586466166
1,5,semiregular,3,1044,668,376,653,391,15,0.6254789272030651,0.9775449101796407,1.562874251497006,0.7628504672897196
1,5,irregular,3,1435,217,1218,217,1218,0,0.15121951219512195,1.0,6.612903225806452,0.2627118644067797
1,6,regular,1,960,915,45,915,45,0,0.953125,1.0,1.0491803278688525,0.976
1,6,semiregular,1,922,701,221,682,240,19,0.7396963123644251,0.9728958630527818,1.3152639087018545,0.840418977202711
1,6,irregular,1,1420,195,1225,195,1225,0,0.13732394366197184,1.0,7.282051282051282,0.24148606811145515
1,6,regular,2,959,915,44,915,44,0,0.954118873826903,1.0,1.048087431693989,0.9765208110992528
1,6,semiregular,2,941,701,240,684,257,17,0.7268862911795961,0.9757489300998573,1.3423680456490727,0.833130328867235
1,6,irregular,2,1422,195,1227,195,1227,0,0.1371308016877637,1.0,7.292307692307692,0.2411873840445269
1,6,regular,3,857,915,58,824,33,91,0.9614935822637106,0.9005464480874317,0.9366120218579235,0.9300225733634311
1,6,semiregular,3,900,701,199,669,231,32,0.7433333333333333,0.9543509272467903,1.2838801711840229,0.8357276702061212
1,6,irregular,3,1494,195,1299,195,1299,0,0.13052208835341367,1.0,7.661538461538462,0.23090586145648315
1,7,regular,1,1219,1230,11,1207,12,23,0.9901558654634947,0.9813008130081301,0.9910569105691057,0.9857084524295632
1,7,semiregular,1,1199,761,438,754,445,7,0.6288573811509591,0.9908015768725361,1.5755584756898817,0.7693877551020407
1,7,irregular,1,1183,225,958,175,1008,50,0.14792899408284024,0.7777777777777778,5.257777777777778,0.24857954545454547
1,7,regular,2,1244,1230,14,1222,22,8,0.9823151125401929,0.9934959349593496,1.0113821138211383,0.9878738884397736
1,7,semiregular,2,1147,761,386,761,386,0,0.6634699215344376,1.0,1.5072273324572931,0.7976939203354297
1,7,irregular,2,1845,225,1620,225,1620,0,0.12195121951219512,1.0,8.2,0.21739130434782605
1,7,regular,3,1195,1230,35,1185,10,45,0.9916317991631799,0.9634146341463414,0.9715447154471545,0.977319587628866
1,7,semiregular,3,1123,761,362,760,363,1,0.6767586821015138,0.9986859395532195,1.4756898817345598,0.8067940552016987
1,7,irregular,3,1845,225,1620,225,1620,0,0.12195121951219512,1.0,8.2,0.21739130434782605
1,8,regular,1,1059,1035,24,1034,25,1,0.9763928234183191,0.9990338164251208,1.0231884057971015,0.9875835721107927
1,8,semiregular,1,1065,827,238,805,260,22,0.755868544600939,0.973397823458283,1.2877871825876663,0.8509513742071882
1,8,irregular,1,1981,243,1738,236,1745,7,0.11913175164058556,0.9711934156378601,8.152263374485596,0.21223021582733814
1,8,regular,2,1072,1035,37,1034,38,1,0.9645522388059702,0.9990338164251208,1.0357487922705313,0.9814902705268154
1,8,semiregular,2,1151,827,324,823,328,4,0.7150304083405734,0.9951632406287787,1.3917775090689237,0.8321536905965622
1,8,irregular,2,2364,243,2121,243,2121,0,0.10279187817258884,1.0,9.728395061728396,0.18642117376294595
1,8,regular,3,972,1035,63,966,6,69,0.9938271604938271,0.9333333333333333,0.9391304347826087,0.9626307922272048
1,8,semiregular,3,1031,827,204,803,228,24,0.7788554801163918,0.9709794437726723,1.2466747279322854,0.8643702906350915
1,8,irregular,3,2173,243,1930,242,1931,1,0.11136677404509894,0.9958847736625515,8.94238683127572,0.20033112582781457
1,9,regular,1,1097,1107,10,1092,5,15,0.9954421148587056,0.986449864498645,0.99096657633243,0.9909255898366606
1,9,semiregular,1,798,701,97,672,126,29,0.8421052631578947,0.9586305278174037,1.138373751783167,0.896597731821214
1,9,irregular,1,1522,266,1256,258,1264,8,0.16951379763469118,0.9699248120300752,5.7218045112781954,0.2885906040268456
1,9,regular,2,1076,1107,31,1071,5,36,0.9953531598513011,0.967479674796748,0.971996386630533,0.9812185066422355
1,9,semiregular,2,806,701,105,670,136,31,0.8312655086848635,0.9557774607703281,1.1497860199714693,0.8891838088918381
1,9,irregular,2,1783,266,1517,265,1518,1,0.14862591138530568,0.9962406015037594,6.703007518796992,0.25866276232308444
1,9,regular,3,1031,1107,76,1027,4,80,0.9961202715809894,0.9277326106594399,0.931345980126468,0.960710944808232
1,9,semiregular,3,774,701,73,663,111,38,0.8565891472868217,0.9457917261055635,1.1041369472182596,0.8989830508474576
1,9,irregular,3,1710,266,1444,262,1448,4,0.15321637426900586,0.9849624060150376,6.428571428571429,0.2651821862348178
1,10,regular,1,1056,1014,42,1010,46,4,0.9564393939393939,0.9960552268244576,1.0414201183431953,0.9758454106280193
1,10,semiregular,1,921,656,265,648,273,8,0.7035830618892508,0.9878048780487805,1.4039634146341464,0.8218135700697528
1,10,irregular,1,1454,247,1207,247,1207,0,0.16987620357634112,1.0,5.886639676113361,0.29041740152851264
1,10,regular,2,1075,1014,61,1014,61,0,0.9432558139534883,1.0,1.0601577909270217,0.9707994255624701
1,10,semiregular,2,925,656,269,651,274,5,0.7037837837837838,0.9923780487804879,1.4100609756097562,0.8235294117647058
1,10,irregular,2,1430,247,1183,247,1183,0,0.17272727272727273,1.0,5.7894736842105265,0.2945736434108527
1,10,regular,3,992,1014,22,966,26,48,0.9737903225806451,0.9526627218934911,0.9783037475345168,0.9631106679960119
1,10,semiregular,3,877,656,221,647,230,9,0.7377423033067275,0.9862804878048781,1.336890243902439,0.8440965427266797
1,10,irregular,3,1284,247,1037,247,1037,0,0.1923676012461059,1.0,5.198380566801619,0.3226649248856956
1,11,regular,1,1091,1070,21,1070,21,0,0.9807516040329972,1.0,1.019626168224299,0.990282276723739
1,11,semiregular,1,949,700,249,694,255,6,0.7312961011591148,0.9914285714285714,1.3557142857142856,0.8417222559126742
1,11,irregular,1,1417,239,1178,235,1182,4,0.16584333098094567,0.9832635983263598,5.928870292887029,0.283816425120773
1,11,regular,2,1041,1070,29,1040,1,30,0.9990393852065321,0.9719626168224299,0.9728971962616823,0.98531501657982
1,11,semiregular,2,970,700,270,699,271,1,0.7206185567010309,0.9985714285714286,1.3857142857142857,0.837125748502994
1,11,irregular,2,1457,239,1218,238,1219,1,0.1633493479752917,0.99581589958159,6.096234309623431,0.2806603773584906
1,11,regular,3,1046,1070,24,1045,1,25,0.9990439770554493,0.9766355140186916,0.9775700934579439,0.9877126654064273
1,11,semiregular,3,950,700,250,694,256,6,0.7305263157894737,0.9914285714285714,1.3571428571428572,0.8412121212121213
1,11,irregular,3,1473,239,1234,239,1234,0,0.16225390359809913,1.0,6.163179916317992,0.27920560747663553
1,12,regular,1,1029,1007,22,1007,22,0,0.9786200194363459,1.0,1.0218470705064548,0.9891944990176817
1,12,semiregular,1,980,641,339,628,352,13,0.6408163265306123,0.9797191887675507,1.5288611544461779,0.7748303516347933
1,12,irregular,1,1488,204,1284,204,1284,0,0.13709677419354838,1.0,7.294117647058823,0.2411347517730496
1,12,regular,2,1056,1007,49,1007,49,0,0.9535984848484849,1.0,1.048659384309831,0.9762481822588464
1,12,semiregular,2,1004,641,363,633,371,8,0.6304780876494024,0.9875195007800313,1.5663026521060843,0.7696048632218846
1,12,irregular,2,1529,204,1325,204,1325,0,0.13342053629823414,1.0,7.495098039215686,0.23542989036353146
1,12,regular,3,930,1007,77,928,2,79,0.9978494623655914,0.9215491559086395,0.9235352532274081,0.9581827568404749
1,12,semiregular,3,970,641,329,629,341,12,0.6484536082474227,0.9812792511700468,1.5132605304212168,0.7808814400993173
1,12,irregular,3,1527,204,1323,204,1323,0,0.13359528487229863,1.0,7.485294117647059,0.23570190641247837
1,13,regular,1,990,1000,10,987,3,13,0.996969696969697,0.987,0.99,0.9919597989949748
1,13,semiregular,1,1037,815,222,809,228,6,0.7801350048216008,0.992638036809816,1.2723926380368098,0.8736501079913607
1,13,irregular,1,2047,216,1831,215,1832,1,0.10503175378602833,0.9953703703703703,9.476851851851851,0.19001325673884226
1,13,regular,2,1033,1000,33,1000,33,0,0.968054211035818,1.0,1.033,0.9837678307919331
1,13,semiregular,2,1051,815,236,812,239,3,0.7725975261655567,0.996319018404908,1.2895705521472394,0.8703108252947481
1,13,irregular,2,2096,216,1880,216,1880,0,0.10305343511450382,1.0,9.703703703703704,0.18685121107266436
1,13,regular,3,933,1000,67,932,1,68,0.9989281886387996,0.932,0.933,0.9643041903776514
1,13,semiregular,3,1009,815,194,794,215,21,0.7869177403369673,0.9742331288343559,1.2380368098159509,0.8706140350877194
1,13,irregular,3,2085,216,1869,216,1869,0,0.10359712230215827,1.0,9.652777777777779,0.18774445893089958
1,14,regular,1,1025,1052,27,1025,0,27,1.0,0.9743346007604563,0.9743346007604563,0.9870004814636495
1,14,semiregular,1,1256,913,343,909,347,4,0.7237261146496815,0.9956188389923329,1.375684556407448,0.8381742738589212
1,14,irregular,1,1415,217,1198,216,1199,1,0.15265017667844524,0.9953917050691244,6.52073732718894,0.2647058823529412
1,14,regular,2,1013,1052,39,1011,2,41,0.998025666337611,0.9610266159695817,0.9629277566539924,0.9791767554479418
1,14,semiregular,2,1297,913,384,912,385,1,0.7031611410948342,0.9989047097480832,1.4205914567360352,0.8253393665158371
1,14,irregular,2,1582,217,1365,217,1365,0,0.13716814159292035,1.0,7.290322580645161,0.2412451361867704
1,14,regular,3,989,1052,63,987,2,65,0.9979777553083923,0.938212927756654,0.9401140684410646,0.9671729544341009
1,14,semiregular,3,1240,913,327,902,338,11,0.7274193548387097,0.9879518072289156,1.3581599123767798,0.8379006038086391
1,14,irregular,3,1499,217,1282,217,1282,0,0.1447631754503002,1.0,6.907834101382488,0.2529137529137529
1,15,regular,1,991,964,27,964,27,0,0.9727547931382442,1.0,1.0280082987551866,0.9861892583120205
1,15,semiregular,1,1030,774,256,766,264,8,0.7436893203883496,0.9896640826873385,1.330749354005168,0.8492239467849224
1,15,irregular,1,1459,218,1241,217,1242,1,0.1487320082248115,0.9954128440366973,6.692660550458716,0.25879546809779364
1,15,regular,2,949,964,15,948,1,16,0.9989462592202318,0.983402489626556,0.9844398340248963,0.9911134343962362
1,15,semiregular,2,1009,774,235,766,243,8,0.759167492566898,0.9896640826873385,1.3036175710594315,0.8592260235558049
1,15,irregular,2,1508,218,1290,218,1290,0,0.14456233421750664,1.0,6.91743119266055,0.2526071842410197
1,15,regular,3,883,964,81,882,1,82,0.9988674971687429,0.9149377593360996,0.9159751037344398,0.955062263129399
1,15,semiregular,3,964,774,190,744,220,30,0.7717842323651453,0.9612403100775194,1.2454780361757105,0.8561565017261221
1,15,irregular,3,1538,218,1320,218,1320,0,0.14174252275682706,1.0,7.055045871559633,0.24829157175398636
1,16,regular,1,1055,1109,54,1049,6,60,0.9943127962085309,0.9458972046889089,0.951307484220018,0.9695009242144177
1,16,semiregular,1,867,681,186,665,202,16,0.7670126874279123,0.9765051395007343,1.2731277533039647,0.8591731266149869
1,16,irregular,1,1033,272,761,225,808,47,0.21781219748305905,0.8272058823529411,3.797794117647059,0.3448275862068965
1,16,regular,2,1103,1109,6,1094,9,15,0.9918404351767905,0.9864743011722272,0.9945897204688909,0.9891500904159132
1,16,semiregular,2,973,681,292,676,297,5,0.6947584789311408,0.9926578560939795,1.4287812041116006,0.8174123337363967
1,16,irregular,2,1424,272,1152,272,1152,0,0.19101123595505617,1.0,5.235294117647059,0.32075471698113206
1,16,regular,3,1094,1109,15,1086,8,23,0.9926873857404022,0.9792605951307484,0.9864743011722272,0.9859282796187017
1,16,semiregular,3,937,681,256,674,263,7,0.7193169690501601,0.9897209985315712,1.3759177679882526,0.8331273176761433
1,16,irregular,3,1381,272,1109,272,1109,0,0.19695872556118754,1.0,5.077205882352941,0.3290986085904416
1,17,regular,1,1040,1029,11,1027,13,2,0.9875,0.9980563654033042,1.010689990281827,0.9927501208313195
1,17,semiregular,1,989,837,152,798,191,39,0.8068756319514662,0.953405017921147,1.1816009557945042,0.8740416210295728
1,17,irregular,1,1083,240,843,194,889,46,0.1791320406278855,0.8083333333333333,4.5125,0.2932728647014361
1,17,regular,2,1053,1029,24,1029,24,0,0.9772079772079773,1.0,1.0233236151603498,0.9884726224783863
1,17,semiregular,2,1082,837,245,824,258,13,0.7615526802218114,0.984468339307049,1.2927120669056154,0.8587806149035956
1,17,irregular,2,1916,240,1676,240,1676,0,0.12526096033402923,1.0,7.983333333333333,0.22263450834879409
1,17,regular,3,957,1029,72,956,1,73,0.9989550679205852,0.9290573372206026,0.9300291545189504,0.9627391742195368
1,17,semiregular,3,989,837,152,792,197,45,0.8008088978766431,0.946236559139785,1.1816009557945042,0.8674698795180722
1,17,irregular,3,1700,240,1460,239,1461,1,0.14058823529411765,0.9958333333333333,7.083333333333333,0.24639175257731957
1,18,regular,1,1102,1044,58,1044,58,0,0.9473684210526315,1.0,1.0555555555555556,0.972972972972973
1,18,semiregular,1,1037,801,236,788,249,13,0.759884281581485,0.9837702871410736,1.2946317103620475,0.8574537540805223
1,18,irregular,1,1091,252,839,225,866,27,0.20623281393217233,0.8928571428571429,4.329365079365079,0.33507073715562175
1,18,regular,2,1068,1044,24,1044,24,0,0.9775280898876404,1.0,1.0229885057471264,0.9886363636363636
1,18,semiregular,2,1096,801,295,794,302,7,0.7244525547445255,0.9912609238451935,1.3682896379525593,0.8371112282551397
1,18,irregular,2,1454,252,1202,252,1202,0,0.1733149931224209,1.0,5.76984126984127,0.2954279015240328
1,18,regular,3,960,1044,84,957,3,87,0.996875,0.9166666666666666,0.9195402298850575,0.9550898203592814
1,18,semiregular,3,982,801,181,769,213,32,0.7830957230142567,0.9600499375780275,1.2259675405742823,0.8625911385305665
1,18,irregular,3,1334,252,1082,252,1082,0,0.1889055472263868,1.0,5.2936507936507935,0.31778058007566207
1,19,regular,1,1091,1076,15,1071,20,5,0.9816681943171403,0.9953531598513011,1.0139405204460967,0.9884633133364098
1,19,semiregular,1,964,753,211,744,220,9,0.7717842323651453,0.9880478087649402,1.2802124833997344,0.8666278392545138
1,19,irregular,1,1168,245,923,241,927,4,0.20633561643835616,0.9836734693877551,4.7673469387755105,0.34111818825194623
1,19,regular,2,1109,1076,33,1074,35,2,0.9684400360685302,0.9981412639405205,1.0306691449814127,0.9830663615560642
1,19,semiregular,2,987,753,234,747,240,6,0.756838905775076,0.9920318725099602,1.3107569721115537,0.8586206896551725
1,19,irregular,2,1233,245,988,245,988,0,0.19870235198702352,1.0,5.03265306122449,0.33152909336941816
1,19,regular,3,1001,1076,75,1001,0,75,1.0,0.9302973977695167,0.9302973977695167,0.9638902262879152
1,19,semiregular,3,946,753,193,735,211,18,0.7769556025369979,0.9760956175298805,1.2563081009296149,0.8652148322542673
1,19,irregular,3,1199,245,954,244,955,1,0.20350291909924936,0.9959183673469387,4.893877551020408,0.33795013850415506
1,20,regular,1,1174,1251,77,1169,5,82,0.995741056218058,0.9344524380495604,0.938449240607514,0.9641237113402062
1,20,semiregular,1,1087,841,246,819,268,22,0.7534498620055198,0.9738406658739596,1.2925089179548157,0.849585062240664
1,20,irregular,1,1185,252,933,222,963,30,0.18734177215189873,0.8809523809523809,4.7023809523809526,0.3089770354906054
1,20,regular,2,1133,1251,118,1128,5,123,0.9955869373345102,0.9016786570743405,0.9056754596322941,0.9463087248322148
1,20,semiregular,2,1183,841,342,834,349,7,0.7049873203719358,0.9916765755053508,1.4066587395957193,0.8241106719367589
1,20,irregular,2,1460,252,1208,247,1213,5,0.16917808219178082,0.9801587301587301,5.7936507936507935,0.28855140186915884
1,20,regular,3,1094,1251,157,1090,4,161,0.9963436928702011,0.8713029576338929,0.8745003996802558,0.929637526652452
1,20,semiregular,3,1081,841,240,805,276,36,0.7446808510638298,0.9571938168846611,1.2853745541022592,0.837669094693028
1,20,irregular,3,1383,252,1131,229,1154,23,0.16558206796818511,0.9087301587301587,5.488095238095238,0.28012232415902144
1,21,regular,1,962,920,42,920,42,0,0.9563409563409564,1.0,1.0456521739130435,0.9776833156216791
1,21,semiregular,1,1009,549,460,544,465,5,0.5391476709613479,0.9908925318761385,1.837887067395264,0.698331193838254
1,21,irregular,1,1310,204,1106,204,1106,0,0.15572519083969466,1.0,6.421568627450981,0.2694848084544254
1,21,regular,2,926,920,6,919,7,1,0.9924406047516199,0.9989130434782608,1.0065217391304349,0.9956663055254605
1,21,semiregular,2,1002,549,453,547,455,2,0.5459081836327345,0.9963570127504554,1.825136612021858,0.7053513862024501
1,21,irregular,2,1383,204,1179,204,1179,0,0.1475054229934924,1.0,6.779411764705882,0.25708884688090733
1,21,regular,3,830,920,90,829,1,91,0.9987951807228915,0.9010869565217391,0.9021739130434783,0.9474285714285714
1,21,semiregular,3,968,549,419,539,429,10,0.5568181818181818,0.9817850637522769,1.7632058287795993,0.7106130520764666
1,21,irregular,3,1397,204,1193,204,1193,0,0.14602720114531137,1.0,6.848039215686274,0.254840724547158
1,22,regular,1,986,946,40,946,40,0,0.9594320486815415,1.0,1.0422832980972516,0.9792960662525879
1,22,semiregular,1,1010,703,307,691,319,12,0.6841584158415842,0.9829302987197724,1.4366998577524894,0.8067717454757736
1,22,irregular,1,1399,247,1152,246,1153,1,0.1758398856325947,0.9959514170040485,5.663967611336032,0.2989064398541919
1,22,regular,2,985,946,39,946,39,0,0.9604060913705583,1.0,1.0412262156448202,0.9798032107716209
1,22,semiregular,2,1080,703,377,698,382,5,0.6462962962962963,0.9928876244665719,1.5362731152204836,0.7829500841278744
1,22,irregular,2,1457,247,1210,247,1210,0,0.1695264241592313,1.0,5.898785425101215,0.289906103286385
1,22,regular,3,976,946,30,946,30,0,0.9692622950819673,1.0,1.0317124735729386,0.9843912591050988
1,22,semiregular,3,1068,703,365,698,370,5,0.653558052434457,0.9928876244665719,1.5192034139402562,0.7882552230378317
1,22,irregular,3,1500,247,1253,247,1253,0,0.16466666666666666,1.0,6.0728744939271255,0.2827704636519748
1,23,regular,1,1017,999,18,993,24,6,0.976401179941003,0.993993993993994,1.018018018018018,0.9851190476190477
1,23,semiregular,1,1084,835,249,811,273,24,0.7481549815498155,0.9712574850299401,1.2982035928143714,0.8452318916102136
1,23,irregular,1,1609,266,1343,204,1405,62,0.12678682411435674,0.7669172932330827,6.048872180451128,0.21760000000000002
1,23,regular,2,1068,999,69,999,69,0,0.9353932584269663,1.0,1.0690690690690692,0.9666182873730043
1,23,semiregular,2,1342,835,507,830,512,5,0.6184798807749627,0.9940119760479041,1.607185628742515,0.7625172255397337
1,23,irregular,2,2916,266,2650,266,2650,0,0.09122085048010974,1.0,10.962406015037594,0.1671904462602137
1,23,regular,3,981,999,18,941,40,58,0.9592252803261978,0.9419419419419419,0.9819819819819819,0.9505050505050505
1,23,semiregular,3,1100,835,265,810,290,25,0.7363636363636363,0.9700598802395209,1.3173652694610778,0.8372093023255814
1,23,irregular,3,2473,266,2207,266,2207,0,0.10756166599272139,1.0,9.296992481203008,0.19423147133990507
1,24,regular,1,1057,1079,22,1050,7,29,0.9933774834437086,0.9731232622798888,0.9796107506950881,0.9831460674157303
1,24,semiregular,1,804,680,124,669,135,11,0.832089552238806,0.9838235294117647,1.1823529411764706,0.9016172506738545
1,24,irregular,1,1754,247,1507,242,1512,5,0.1379703534777651,0.979757085020243,7.101214574898785,0.2418790604697651
1,24,regular,2,1075,1079,4,1068,7,11,0.9934883720930232,0.989805375347544,0.9962928637627433,0.9916434540389971
1,24,semiregular,2,836,680,156,674,162,6,0.80622009569378,0.9911764705882353,1.2294117647058824,0.8891820580474935
1,24,irregular,2,1841,247,1594,247,1594,0,0.13416621401412276,1.0,7.4534412955465585,0.23659003831417624
1,24,regular,3,1019,1079,60,1012,7,67,0.9931305201177625,0.93790546802595,0.9443929564411492,0.9647283126787417
1,24,semiregular,3,795,680,115,663,132,17,0.8339622641509434,0.975,1.1691176470588236,0.8989830508474577
1,24,irregular,3,1832,247,1585,247,1585,0,0.13482532751091703,1.0,7.417004048582996,0.2376142376142376
1,25,regular,1,942,946,4,941,1,5,0.9989384288747346,0.9947145877378436,0.9957716701902748,0.9968220338983053
1,25,semiregular,1,1026,718,308,712,314,6,0.6939571150097466,0.9916434540389972,1.4289693593314763,0.8165137614678899
1,25,irregular,1,2215,207,2008,207,2008,0,0.09345372460496613,1.0,10.70048309178744,0.17093311312964493
1,25,regular,2,944,946,2,943,1,3,0.9989406779661016,0.9968287526427061,0.9978858350951374,0.9978835978835978
1,25,semiregular,2,1085,718,367,714,371,4,0.6580645161290323,0.9944289693593314,1.511142061281337,0.7920133111480865
1,25,irregular,2,2701,207,2494,207,2494,0,0.07663828211773417,1.0,13.048309178743962,0.14236588720770288
1,25,regular,3,918,946,28,917,1,29,0.9989106753812637,0.9693446088794926,0.9704016913319239,0.9839055793991416
1,25,semiregular,3,1002,718,284,707,295,11,0.7055888223552894,0.9846796657381616,1.3955431754874652,0.8220930232558139
1,25,irregular,3,2347,207,2140,207,2140,0,0.0881976991904559,1.0,11.33816425120773,0.1620986687548943
1,26,regular,1,1050,985,65,985,65,0,0.9380952380952381,1.0,1.0659898477157361,0.9680589680589681
1,26,semiregular,1,1050,720,330,706,344,14,0.6723809523809524,0.9805555555555555,1.4583333333333333,0.7977401129943502
1,26,irregular,1,1550,214,1336,214,1336,0,0.13806451612903226,1.0,7.242990654205608,0.24263038548752833
1,26,regular,2,1088,985,103,985,103,0,0.9053308823529411,1.0,1.1045685279187818,0.9503135552339604
1,26,semiregular,2,1003,720,283,706,297,14,0.7038883349950149,0.9805555555555555,1.3930555555555555,0.8195008705745791
1,26,irregular,2,1552,214,1338,214,1338,0,0.13788659793814434,1.0,7.252336448598131,0.24235560588901475
1,26,regular,3,1103,985,118,985,118,0,0.8930190389845875,1.0,1.1197969543147208,0.9434865900383143
1,26,semiregular,3,1067,720,347,709,358,11,0.6644798500468604,0.9847222222222223,1.4819444444444445,0.7935086737548965
1,26,irregular,3,1589,214,1375,214,1375,0,0.13467589679043424,1.0,7.425233644859813,0.23738214087631726
1,27,regular,1,1130,1166,36,1125,5,41,0.995575221238938,0.9648370497427101,0.9691252144082333,0.9799651567944251
1,27,semiregular,1,989,728,261,717,272,11,0.7249747219413549,0.9848901098901099,1.3585164835164836,0.8351776354105999
1,27,irregular,1,2138,270,1868,268,1870,2,0.1253507951356408,0.9925925925925926,7.9185185185185185,0.22259136212624586
1,27,regular,2,1127,1166,39,1123,4,43,0.9964507542147294,0.9631217838765008,0.9665523156089194,0.979502834714348
1,27,semiregular,2,1017,728,289,720,297,8,0.7079646017699115,0.989010989010989,1.396978021978022,0.8252148997134671
1,27,irregular,2,2340,270,2070,270,2070,0,0.11538461538461539,1.0,8.666666666666666,0.20689655172413793
1,27,regular,3,1101,1166,65,1098,3,68,0.997275204359673,0.9416809605488851,0.9442538593481989,0.968681076312307
1,27,semiregular,3,987,728,259,717,270,11,0.7264437689969605,0.9848901098901099,1.3557692307692308,0.8361516034985423
1,27,irregular,3,2237,270,1967,270,1967,0,0.12069736253911488,1.0,8.285185185185185,0.2153968887116075
1,28,regular,1,1097,1098,1,1083,14,15,0.9872379216043756,0.9863387978142076,0.9990892531876139,0.9867881548974943
1,28,semiregular,1,1078,859,219,854,224,5,0.7922077922077922,0.9941792782305006,1.2549476135040745,0.8817759421786266
1,28,irregular,1,2424,293,2131,287,2137,6,0.1183993399339934,0.9795221843003413,8.273037542662117,0.21126242178873758
1,28,regular,2,1124,1098,26,1098,26,0,0.9768683274021353,1.0,1.02367941712204,0.9882988298829883
1,28,semiregular,2,1145,859,286,858,287,1,0.7493449781659388,0.9988358556461001,1.3329452852153667,0.8562874251497005
1,28,irregular,2,2790,293,2497,293,2497,0,0.10501792114695341,1.0,9.522184300341298,0.190074602659747
1,28,regular,3,1086,1098,12,1071,15,27,0.9861878453038674,0.9754098360655737,0.9890710382513661,0.9807692307692307
1,28,semiregular,3,1084,859,225,848,236,11,0.7822878228782287,0.9871944121071012,1.2619324796274738,0.8728769943386515
1,28,irregular,3,2606,293,2313,293,2313,0,0.11243284727551804,1.0,8.89419795221843,0.2021386685063815
1,29,regular,1,1123,1140,17,1121,2,19,0.9982190560997328,0.9833333333333333,0.9850877192982456,0.9907202828104287
1,29,semiregular,1,1359,869,490,867,492,2,0.6379690949227373,0.997698504027618,1.5638665132336018,0.7782764811490125
1,29,irregular,1,1611,247,1364,247,1364,0,0.15332091868404718,1.0,6.522267206477733,0.26587728740581273
1,29,regular,2,1137,1140,3,1134,3,6,0.9973614775725593,0.9947368421052631,0.9973684210526316,0.9960474308300395
1,29,semiregular,2,1391,869,522,867,524,2,0.6232925952552121,0.997698504027618,1.6006904487917146,0.7672566371681416
1,29,irregular,2,1791,247,1544,247,1544,0,0.13791178112786154,1.0,7.251012145748988,0.2423945044160942
1,29,regular,3,1082,1140,58,1081,1,59,0.9990757855822551,0.9482456140350877,0.9491228070175438,0.9729972997299728
1,29,semiregular,3,1341,869,472,865,476,4,0.645041014168531,0.9953970080552359,1.5431530494821635,0.7828054298642534
1,29,irregular,3,1758,247,1511,247,1511,0,0.14050056882821388,1.0,7.117408906882591,0.24638403990024937
1,30,regular,1,1003,997,6,995,8,2,0.9920239282153539,0.9979939819458375,1.0060180541624875,0.995
1,30,semiregular,1,1028,810,218,800,228,10,0.7782101167315175,0.9876543209876543,1.2691358024691357,0.8705114254624593
1,30,irregular,1,2528,250,2278,250,2278,0,0.09889240506329114,1.0,10.112,0.17998560115190784
1,30,regular,2,987,997,10,987,0,10,1.0,0.9899699097291875,0.9899699097291875,0.9949596774193549
1,30,semiregular,2,1033,810,223,802,231,8,0.7763794772507261,0.9901234567901235,1.2753086419753086,0.8703201302224635
1,30,irregular,2,2844,250,2594,250,2594,0,0.08790436005625879,1.0,11.376,0.16160310277957338
1,30,regular,3,930,997,67,929,1,68,0.9989247311827957,0.9317953861584755,0.9327983951855566,0.9641930461857809
1,30,semiregular,3,1003,810,193,798,205,12,0.7956131605184447,0.9851851851851852,1.2382716049382716,0.8803088803088802
1,30,irregular,3,2873,250,2623,249,2624,1,0.0866689871214758,0.996,11.492,0.159462055715658
2,1,regular,1,932,937,5,912,20,25,0.9785407725321889,0.9733191035218783,0.9946638207043756,0.9759229534510433
2,1,semiregular,1,1090,703,387,697,393,6,0.6394495412844037,0.9914651493598862,1.5504978662873399,0.7774679308421638
2,1,irregular,1,837,199,638,197,640,2,0.23536439665471923,0.9899497487437185,4.206030150753769,0.3803088803088803
2,1,regular,2,1006,937,69,937,69,0,0.9314115308151093,1.0,1.0736392742796157,0.9644879053010808
2,1,semiregular,2,1166,703,463,698,468,5,0.5986277873070326,0.9928876244665719,1.658605974395448,0.7469234884965223
2,1,irregular,2,1063,199,864,199,864,0,0.187206020696143,1.0,5.341708542713568,0.31537242472266247
2,1,regular,3,806,937,131,760,46,177,0.9429280397022333,0.8110992529348986,0.8601921024546425,0.8720596672403901
2,1,semiregular,3,939,703,236,651,288,52,0.6932907348242812,0.9260312944523471,1.3357041251778095,0.7929354445797808
2,1,irregular,3,848,199,649,190,658,9,0.2240566037735849,0.9547738693467337,4.261306532663316,0.3629417382999045
2,2,regular,1,1183,1224,41,1173,10,51,0.9915469146238377,0.9583333333333334,0.9665032679738562,0.9746572496884088
2,2,semiregular,1,784,647,137,638,146,9,0.8137755102040817,0.9860896445131375,1.2117465224111283,0.891684136967156
2,2,irregular,1,1143,217,926,211,932,6,0.18460192475940507,0.9723502304147466,5.267281105990784,0.31029411764705883
2,2,regular,2,1187,1224,37,1174,13,50,0.9890480202190396,0.9591503267973857,0.9697712418300654,0.9738697635835752
2,2,semiregular,2,803,647,156,646,157,1,0.8044831880448319,0.9984544049459042,1.241112828438949,0.8910344827586207
2,2,irregular,2,1330,217,1113,217,1113,0,0.1631578947368421,1.0,6.129032258064516,0.28054298642533937
2,2,regular,3,1120,1224,104,1110,10,114,0.9910714285714286,0.9068627450980392,0.9150326797385621,0.947098976109215
2,2,semiregular,3,777,647,130,643,134,4,0.8275418275418276,0.9938176197836167,1.2009273570324575,0.9030898876404494
2,2,irregular,3,1268,217,1051,217,1051,0,0.17113564668769715,1.0,5.84331797235023,0.2922558922558922
2,3,regular,1,1004,1053,49,1004,0,49,1.0,0.9534662867996201,0.9534662867996201,0.9761789013125911
2,3,semiregular,1,924,716,208,703,221,13,0.7608225108225108,0.9818435754189944,1.2905027932960893,0.8573170731707316
2,3,irregular,1,1098,224,874,216,882,8,0.19672131147540983,0.9642857142857143,4.901785714285714,0.3267776096822996
2,3,regular,2,964,1053,89,964,0,89,1.0,0.9154795821462488,0.9154795821462488,0.9558750619732275
2,3,semiregular,2,948,716,232,708,240,8,0.7468354430379747,0.9888268156424581,1.324022346368715,0.8509615384615385
2,3,irregular,2,1292,224,1068,224,1068,0,0.17337461300309598,1.0,5.767857142857143,0.2955145118733509
2,3,regular,3,956,1053,97,956,0,97,1.0,0.9078822412155746,0.9078822412155746,0.9517172722747637
2,3,semiregular,3,816,716,100,662,154,54,0.8112745098039216,0.9245810055865922,1.1396648044692737,0.8642297650130549
2,3,irregular,3,1186,224,962,217,969,7,0.18296795952782463,0.96875,5.294642857142857,0.3078014184397163
2,4,regular,1,1112,1101,11,1096,16,5,0.9856115107913669,0.9954586739327884,1.0099909173478656,0.9905106190691368
2,4,semiregular,1,869,614,255,600,269,14,0.6904487917146145,0.9771986970684039,1.4153094462540716,0.8091706001348618
2,4,irregular,1,1116,228,888,223,893,5,0.19982078853046595,0.9780701754385965,4.894736842105263,0.3318452380952381
2,4,regular,2,1080,1101,21,1070,10,31,0.9907407407407407,0.971843778383288,0.9809264305177112,0.9812012838147638
2,4,semiregular,2,918,614,304,613,305,1,0.6677559912854031,0.998371335504886,1.495114006514658,0.8002610966057442
2,4,irregular,2,1319,228,1091,228,1091,0,0.1728582259287339,1.0,5.785087719298246,0.29476405946994183
2,4,regular,3,1078,1101,23,1068,10,33,0.9907235621521335,0.9700272479564033,0.9791099000908265,0.9802661771454796
2,4,semiregular,3,922,614,308,614,308,0,0.665943600867679,1.0,1.501628664495114,0.7994791666666666
2,4,irregular,3,1335,228,1107,228,1107,0,0.1707865168539326,1.0,5.855263157894737,0.29174664107485604
2,5,regular,1,1039,1044,5,1039,0,5,1.0,0.9952107279693486,0.9952107279693486,0.9975996159385502
2,5,semiregular,1,1069,668,401,666,403,2,0.6230121608980356,0.9970059880239521,1.6002994011976048,0.7668393782383421
2,5,irregular,1,1333,217,1116,215,1118,2,0.16129032258064516,0.9907834101382489,6.142857142857143,0.27741935483870966
2,5,regular,2,1016,1044,28,1016,0,28,1.0,0.9731800766283525,0.9731800766283525,0.9864077669902913
2,5,semiregular,2,1081,668,413,666,415,2,0.6160962072155411,0.9970059880239521,1.6182634730538923,0.7615780445969125
2,5,irregular,2,1540,217,1323,217,1323,0,0.1409090909090909,1.0,7.096774193548387,0.24701195219123506
2,5,regular,3,958,1044,86,958,0,86,1.0,0.9176245210727969,0.9176245210727969,0.957042957042957
2,5,semiregular,3,978,668,310,650,328,18,0.6646216768916156,0.9730538922155688,1.464071856287425,0.7897934386391251
2,5,irregular,3,1330,217,1113,215,1115,2,0.16165413533834586,0.9907834101382489,6.129032258064516,0.27795733678086615
2,6,regular,1,926,915,11,900,26,15,0.9719222462203023,0.9836065573770492,1.0120218579234972,0.9777294948397609
2,6,semiregular,1,865,701,164,675,190,26,0.7803468208092486,0.9629101283880172,1.2339514978601998,0.8620689655172413
2,6,irregular,1,1234,195,1039,193,1041,2,0.15640194489465153,0.9897435897435898,6.328205128205128,0.27011896431070676
2,6,regular,2,941,915,26,907,34,8,0.9638682252922423,0.9912568306010929,1.028415300546448,0.9773706896551725
2,6,semiregular,2,920,701,219,684,236,17,0.7434782608695653,0.9757489300998573,1.3124108416547788,0.8439235040098705
2,6,irregular,2,1423,195,1228,195,1228,0,0.13703443429374562,1.0,7.297435897435897,0.24103831891223731
2,6,regular,3,927,915,12,897,30,18,0.9676375404530745,0.980327868852459,1.0131147540983607,0.973941368078176
2,6,semiregular,3,879,701,178,678,201,23,0.7713310580204779,0.9671897289586305,1.253922967189729,0.8582278481012658
2,6,irregular,3,1408,195,1213,195,1213,0,0.13849431818181818,1.0,7.220512820512821,0.24329382407985028
2,7,regular,1,370,1230,860,369,1,861,0.9972972972972973,0.3,0.3008130081300813,0.46125
2,7,semiregular,1,570,761,191,473,97,288,0.8298245614035088,0.621550591327201,0.7490144546649146,0.7107438016528925
2,7,irregular,1,809,225,584,91,718,134,0.11248454882571075,0.40444444444444444,3.5955555555555554,0.17601547388781433
2,7,regular,2,1211,1230,19,1200,11,30,0.990916597853014,0.975609756097561,0.9845528455284552,0.9832036050798851
2,7,semiregular,2,1133,761,372,760,373,1,0.6707855251544572,0.9986859395532195,1.4888304862023654,0.8025343189017952
2,7,irregular,2,1792,225,1567,225,1567,0,0.12555803571428573,1.0,7.964444444444444,0.22310361923648983
2,7,regular,3,1186,1230,44,1179,7,51,0.9940978077571669,0.9585365853658536,0.9642276422764228,0.9759933774834437
2,7,semiregular,3,1058,761,297,756,302,5,0.7145557655954632,0.9934296977660972,1.390275952693824,0.8312259483232545
2,7,irregular,3,1736,225,1511,224,1512,1,0.12903225806451613,0.9955555555555555,7.7155555555555555,0.22845486996430392
2,8,regular,1,993,1035,42,989,4,46,0.9959718026183283,0.9555555555555556,0.9594202898550724,0.97534516765286
2,8,semiregular,1,995,827,168,789,206,38,0.792964824120603,0.9540507859733979,1.203143893591294,0.8660812294182217
2,8,irregular,1,1757,243,1514,218,1539,25,0.12407512805919181,0.897119341563786,7.230452674897119,0.21800000000000003
2,8,regular,2,987,1035,48,980,7,55,0.9929078014184397,0.9468599033816425,0.9536231884057971,0.9693372898120673
2,8,semiregular,2,1057,827,230,809,248,18,0.7653736991485336,0.9782345828295043,1.2781136638452237,0.8588110403397028
2,8,irregular,2,2120,243,1877,242,1878,1,0.11415094339622642,0.9958847736625515,8.724279835390947,0.20482437579348287
2,8,regular,3,968,1035,67,962,6,73,0.993801652892562,0.9294685990338164,0.9352657004830918,0.9605591612581128
2,8,semiregular,3,988,827,161,792,196,35,0.8016194331983806,0.9576783555018138,1.1946795646916566,0.8727272727272727
2,8,irregular,3,1947,243,1704,237,1710,6,0.12172573189522343,0.9753086419753086,8.012345679012345,0.21643835616438356
2,9,regular,1,1027,1107,80,1023,4,84,0.9961051606621227,0.924119241192412,0.9277326106594399,0.9587628865979382
2,9,semiregular,1,745,701,44,648,97,53,0.8697986577181208,0.9243937232524965,1.0627674750356633,0.8962655601659751
2,9,irregular,1,1367,266,1101,238,1129,28,0.17410387710314557,0.8947368421052632,5.139097744360902,0.2914880587875077
2,9,regular,2,1048,1107,59,1043,5,64,0.9952290076335878,0.9421860885275519,0.9467028003613369,0.9679814385150812
2,9,semiregular,2,794,701,93,669,125,32,0.8425692695214105,0.9543509272467903,1.1326676176890156,0.8949832775919732
2,9,irregular,2,1737,266,1471,264,1473,2,0.15198618307426598,0.9924812030075187,6.530075187969925,0.2636045931103345
2,9,regular,3,1018,1107,89,1014,4,93,0.9960707269155207,0.9159891598915989,0.919602529358627,0.9543529411764706
2,9,semiregular,3,751,701,50,652,99,49,0.8681757656458056,0.9300998573466477,1.0713266761768903,0.8980716253443527
2,9,irregular,3,1629,266,1363,258,1371,8,0.15837937384898712,0.9699248120300752,6.12406015037594,0.27229551451187334
2,10,regular,1,1010,1014,4,990,20,24,0.9801980198019802,0.9763313609467456,0.9960552268244576,0.9782608695652174
2,10,semiregular,1,880,656,224,648,232,8,0.7363636363636363,0.9878048780487805,1.3414634146341464,0.8437499999999999
2,10,irregular,1,1278,247,1031,247,1031,0,0.19327073552425664,1.0,5.174089068825911,0.3239344262295082
2,10,regular,2,1059,1014,45,1014,45,0,0.9575070821529745,1.0,1.044378698224852,0.9782923299565847
2,10,semiregular,2,892,656,236,650,242,6,0.7286995515695067,0.9908536585365854,1.3597560975609757,0.8397932816537468
2,10,irregular,2,1336,247,1089,247,1089,0,0.18488023952095808,1.0,5.4089068825910935,0.312065698041693
2,10,regular,3,967,1014,47,943,24,71,0.9751809720785936,0.9299802761341223,0.9536489151873767,0.9520444220090862
2,10,semiregular,3,759,656,103,618,141,38,0.8142292490118577,0.9420731707317073,1.1570121951219512,0.8734982332155476
2,10,irregular,3,1105,247,858,237,868,10,0.21447963800904976,0.9595141700404858,4.473684210526316,0.3505917159763313
2,11,regular,1,1055,1070,15,1055,0,15,1.0,0.985981308411215,0.985981308411215,0.9929411764705882
2,11,semiregular,1,906,700,206,694,212,6,0.7660044150110376,0.9914285714285714,1.2942857142857143,0.8642590286425903
2,11,irregular,1,1258,239,1019,231,1027,8,0.1836248012718601,0.9665271966527197,5.2635983263598325,0.3086172344689379
2,11,regular,2,1077,1070,7,1069,8,1,0.9925719591457753,0.9990654205607477,1.0065420560747664,0.9958081043316256
2,11,semiregular,2,980,700,280,698,282,2,0.7122448979591837,0.9971428571428571,1.4,0.8309523809523809
2,11,irregular,2,1459,239,1220,239,1220,0,0.16381082933516106,1.0,6.104602510460251,0.28150765606595995
2,11,regular,3,1017,1070,53,1017,0,53,1.0,0.9504672897196261,0.9504672897196261,0.9746046957355055
2,11,semiregular,3,896,700,196,686,210,14,0.765625,0.98,1.28,0.8596491228070174
2,11,irregular,3,1384,239,1145,236,1148,3,0.17052023121387283,0.9874476987447699,5.7907949790794975,0.29081947011706716
2,12,regular,1,1016,1007,9,1006,10,1,0.9901574803149606,0.9990069513406157,1.008937437934459,0.9945625308947109
2,12,semiregular,1,940,641,299,628,312,13,0.6680851063829787,0.9797191887675507,1.466458658346334,0.7944339025932954
2,12,irregular,1,1315,204,1111,204,1111,0,0.15513307984790875,1.0,6.446078431372549,0.2685977616853193
2,12,regular,2,1031,1007,24,1007,24,0,0.976721629485936,1.0,1.0238331678252235,0.9882237487733072
2,12,semiregular,2,974,641,333,631,343,10,0.6478439425051334,0.984399375975039,1.5195007800312013,0.7814241486068112
2,12,irregular,2,1486,204,1282,204,1282,0,0.13728129205921938,1.0,7.284313725490196,0.24142011834319524
2,12,regular,3,1012,1007,5,1007,5,0,0.9950592885375494,1.0,1.0049652432969216,0.9975235264982666
2,12,semiregular,3,934,641,293,629,305,12,0.6734475374732334,0.9812792511700468,1.4570982839313573,0.7987301587301586
2,12,irregular,3,1460,204,1256,204,1256,0,0.13972602739726028,1.0,7.1568627450980395,0.2451923076923077
2,13,regular,1,958,1000,42,958,0,42,1.0,0.958,0.958,0.9785495403472931
2,13,semiregular,1,982,815,167,798,184,17,0.8126272912423625,0.9791411042944785,1.2049079754601226,0.8881469115191988
2,13,irregular,1,1783,216,1567,209,1574,7,0.11721817162086372,0.9675925925925926,8.25462962962963,0.20910455227613806
2,13,regular,2,970,1000,30,968,2,32,0.9979381443298969,0.968,0.97,0.982741116751269
2,13,semiregular,2,1042,815,227,811,231,4,0.7783109404990403,0.9950920245398773,1.2785276073619631,0.873451803984922
2,13,irregular,2,2071,216,1855,216,1855,0,0.104297440849831,1.0,9.587962962962964,0.18889374726716224
2,13,regular,3,873,1000,127,873,0,127,1.0,0.873,0.873,0.9321943406300054
2,13,semiregular,3,975,815,160,800,175,15,0.8205128205128205,0.9815950920245399,1.196319018404908,0.893854748603352
2,13,irregular,3,1875,216,1659,215,1660,1,0.11466666666666667,0.9953703703703703,8.680555555555555,0.20564323290291728
2,14,regular,1,1026,1052,26,1026,0,26,1.0,0.9752851711026616,0.9752851711026616,0.9874879692011549
2,14,semiregular,1,1225,913,312,906,319,7,0.7395918367346939,0.9923329682365827,1.3417305585980284,0.8475210477081384
2,14,irregular,1,1232,217,1015,204,1028,13,0.16558441558441558,0.9400921658986175,5.67741935483871,0.2815734989648033
2,14,regular,2,1017,1052,35,1016,1,36,0.9990167158308751,0.9657794676806084,0.9667300380228137,0.9821169647172547
2,14,semiregular,2,1259,913,346,912,347,1,0.7243844320889595,0.9989047097480832,1.3789704271631982,0.8397790055248618
2,14,irregular,2,1425,217,1208,217,1208,0,0.15228070175438596,1.0,6.566820276497696,0.26431181485992694
2,14,regular,3,993,1052,59,992,1,60,0.998992950654582,0.9429657794676806,0.9439163498098859,0.9701711491442542
2,14,semiregular,3,1202,913,289,903,299,10,0.7512479201331115,0.9890470974808324,1.316538882803943,0.8539007092198582
2,14,irregular,3,1371,217,1154,217,1154,0,0.15827862873814733,1.0,6.317972350230415,0.27329974811083124
2,15,regular,1,929,964,35,929,0,35,1.0,0.9636929460580913,0.9636929460580913,0.9815108293713681
2,15,semiregular,1,969,774,195,763,206,11,0.7874097007223942,0.9857881136950905,1.251937984496124,0.8755020080321285
2,15,irregular,1,1284,218,1066,214,1070,4,0.16666666666666666,0.981651376146789,5.889908256880734,0.2849533954727031
2,15,regular,2,945,964,19,944,1,20,0.9989417989417989,0.979253112033195,0.9802904564315352,0.9889994761655316
2,15,semiregular,2,1019,774,245,767,252,7,0.7526987242394504,0.9909560723514211,1.3165374677002584,0.8555493586168432
2,15,irregular,2,1527,218,1309,218,1309,0,0.14276358873608383,1.0,7.004587155963303,0.2498567335243553
2,15,regular,3,887,964,77,886,1,78,0.9988726042841037,0.9190871369294605,0.9201244813278008,0.9573203673689897
2,15,semiregular,3,919,774,145,742,177,32,0.8073993471164309,0.958656330749354,1.1873385012919897,0.876550502067336
2,15,irregular,3,1379,218,1161,218,1161,0,0.15808556925308195,1.0,6.325688073394495,0.27301189730745146
2,16,regular,1,1045,1109,64,1040,5,69,0.9952153110047847,0.9377817853922452,0.9422903516681695,0.9656453110492108
2,16,semiregular,1,857,681,176,655,202,26,0.764294049008168,0.9618208516886931,1.2584434654919237,0.8517555266579975
2,16,irregular,1,1004,272,732,205,799,67,0.20418326693227093,0.7536764705882353,3.6911764705882355,0.3213166144200627
2,16,regular,2,1115,1109,6,1104,11,5,0.9901345291479821,0.9954914337240758,1.005410279531109,0.9928057553956834
2,16,semiregular,2,967,681,286,675,292,6,0.6980351602895554,0.9911894273127754,1.4199706314243759,0.8191747572815535
2,16,irregular,2,1410,272,1138,272,1138,0,0.19290780141843972,1.0,5.1838235294117645,0.3234244946492271
2,16,regular,3,994,1109,115,989,5,120,0.9949698189134809,0.8917944093778178,0.8963029756537421,0.9405611031859249
2,16,semiregular,3,844,681,163,650,194,31,0.7701421800947867,0.9544787077826725,1.2393538913362703,0.8524590163934426
2,16,irregular,3,1207,272,935,272,935,0,0.22535211267605634,1.0,4.4375,0.36781609195402304
2,17,regular,1,971,1029,58,969,2,60,0.9979402677651905,0.9416909620991254,0.9436345966958212,0.9690000000000001
2,17,semiregular,1,915,837,78,756,159,81,0.8262295081967214,0.9032258064516129,1.093189964157706,0.863013698630137
2,17,irregular,1,850,240,610,159,691,81,0.18705882352941178,0.6625,3.5416666666666665,0.29174311926605506
2,17,regular,2,1029,1029,0,1025,4,4,0.9961127308066083,0.9961127308066083,1.0,0.9961127308066083
2,17,semiregular,2,1045,837,208,818,227,19,0.7827751196172249,0.977299880525687,1.2485065710872163,0.8692879914984059
2,17,irregular,2,1695,240,1455,240,1455,0,0.1415929203539823,1.0,7.0625,0.24806201550387597
2,17,regular,3,947,1029,82,946,1,83,0.9989440337909187,0.9193391642371235,0.9203109815354713,0.9574898785425101
2,17,semiregular,3,941,837,104,781,160,56,0.8299681190223167,0.9330943847072879,1.124253285543608,0.8785151856017999
2,17,irregular,3,1617,240,1377,238,1379,2,0.1471861471861472,0.9916666666666667,6.7375,0.2563274098007539
2,18,regular,1,1051,1044,7,1040,11,4,0.9895337773549001,0.9961685823754789,1.0067049808429118,0.9928400954653936
2,18,semiregular,1,985,801,184,783,202,18,0.7949238578680203,0.9775280898876404,1.229712858926342,0.8768197088465846
2,18,irregular,1,1109,252,857,216,893,36,0.19477006311992787,0.8571428571428571,4.400793650793651,0.3174136664217487
2,18,regular,2,1055,1044,11,1041,14,3,0.9867298578199052,0.9971264367816092,1.010536398467433,0.991900905192949
2,18,semiregular,2,1049,801,248,793,256,8,0.7559580552907531,0.9900124843945068,1.3096129837702872,0.8572972972972973
2,18,irregular,2,1376,252,1124,252,1124,0,0.18313953488372092,1.0,5.4603174603174605,0.30958230958230953
2,18,regular,3,942,1044,102,941,1,103,0.9989384288747346,0.9013409961685823,0.9022988505747126,0.9476334340382678
2,18,semiregular,3,920,801,119,754,166,47,0.8195652173913044,0.9413233458177278,1.1485642946317103,0.8762347472399767
2,18,irregular,3,1252,252,1000,245,1007,7,0.19568690095846644,0.9722222222222222,4.968253968253968,0.3257978723404255
2,19,regular,1,1037,1076,39,1037,0,39,1.0,0.9637546468401487,0.9637546468401487,0.9815428300993847
2,19,semiregular,1,909,753,156,735,174,18,0.8085808580858086,0.9760956175298805,1.207171314741036,0.8844765342960289
2,19,irregular,1,1027,245,782,231,796,14,0.2249269717624148,0.9428571428571428,4.191836734693878,0.36320754716981135
2,19,regular,2,1082,1076,6,1075,7,1,0.9935304990757856,0.9990706319702602,1.0055762081784387,0.9962928637627433
2,19,semiregular,2,946,753,193,744,202,9,0.7864693446088795,0.9880478087649402,1.2563081009296149,0.8758092995879929
2,19,irregular,2,1184,245,939,245,939,0,0.20692567567567569,1.0,4.83265306122449,0.3428971308607418
2,19,regular,3,927,1076,149,926,1,150,0.9989212513484358,0.8605947955390335,0.8615241635687733,0.9246130803794309
2,19,semiregular,3,847,753,94,690,157,63,0.8146399055489965,0.9163346613545816,1.1248339973439574,0.8624999999999999
2,19,irregular,3,1127,245,882,235,892,10,0.2085181898846495,0.9591836734693877,4.6,0.3425655976676385
2,20,regular,1,1153,1251,98,1150,3,101,0.997398091934085,0.9192645883293366,0.9216626698641087,0.956738768718802
2,20,semiregular,1,1038,841,197,806,232,35,0.7764932562620424,0.9583828775267539,1.2342449464922711,0.8579031399680681
2,20,irregular,1,1085,252,833,211,874,41,0.19447004608294932,0.8373015873015873,4.305555555555555,0.31563201196709056
2,20,regular,2,1129,1251,122,1124,5,127,0.995571302037201,0.8984812150279776,0.9024780175859313,0.9445378151260505
2,20,semiregular,2,1084,841,243,817,267,24,0.753690036900369,0.9714625445897741,1.2889417360285376,0.8488311688311687
2,20,irregular,2,1306,252,1054,241,1065,11,0.18453292496171517,0.9563492063492064,5.182539682539683,0.30937098844672656
2,20,regular,3,1071,1251,180,1067,4,184,0.996265172735761,0.8529176658673061,0.8561151079136691,0.9190353143841515
2,20,semiregular,3,1028,841,187,797,231,44,0.7752918287937743,0.9476813317479191,1.2223543400713437,0.8528624933119315
2,20,irregular,3,1272,252,1020,231,1041,21,0.18160377358490565,0.9166666666666666,5.0476190476190474,0.3031496062992125
2,21,regular,1,924,920,4,917,7,3,0.9924242424242424,0.9967391304347826,1.0043478260869565,0.9945770065075922
2,21,semiregular,1,953,549,404,540,413,9,0.5666316894018888,0.9836065573770492,1.7358834244080146,0.7190412782956058
2,21,irregular,1,1142,204,938,204,938,0,0.1786339754816112,1.0,5.598039215686274,0.3031203566121843
2,21,regular,2,928,920,8,920,8,0,0.9913793103448276,1.0,1.008695652173913,0.9956709956709957
2,21,semiregular,2,980,549,431,545,435,4,0.5561224489795918,0.9927140255009107,1.785063752276867,0.7128842380640942
2,21,irregular,2,1353,204,1149,204,1149,0,0.15077605321507762,1.0,6.632352941176471,0.26204238921001927
2,21,regular,3,921,920,1,920,1,0,0.998914223669924,1.0,1.001086956521739,0.9994568169473113
2,21,semiregular,3,921,549,372,544,377,5,0.5906623235613464,0.9908925318761385,1.6775956284153006,0.7401360544217687
2,21,irregular,3,1317,204,1113,204,1113,0,0.1548974943052392,1.0,6.455882352941177,0.2682445759368836
2,22,regular,1,991,946,45,946,45,0,0.9545913218970736,1.0,1.047568710359408,0.9767681982447083
2,22,semiregular,1,979,703,276,689,290,14,0.7037793667007151,0.9800853485064012,1.3926031294452348,0.8192627824019025
2,22,irregular,1,1249,247,1002,245,1004,2,0.19615692554043235,0.9919028340080972,5.05668016194332,0.32754010695187163
2,22,regular,2,947,946,1,930,17,16,0.9820485744456178,0.9830866807610994,1.0010570824524312,0.9825673534072901
2,22,semiregular,2,1037,703,334,696,341,7,0.6711668273866924,0.9900426742532006,1.4751066856330015,0.8
2,22,irregular,2,1400,247,1153,246,1154,1,0.1757142857142857,0.9959514170040485,5.668016194331984,0.2987249544626594
2,22,regular,3,942,946,4,924,18,22,0.9808917197452229,0.9767441860465116,0.9957716701902748,0.9788135593220338
2,22,semiregular,3,991,703,288,694,297,9,0.7003027245206862,0.9871977240398293,1.4096728307254622,0.8193624557260922
2,22,irregular,3,1394,247,1147,246,1148,1,0.17647058823529413,0.9959514170040485,5.6437246963562755,0.2998171846435101
2,23,regular,1,935,999,64,926,9,73,0.9903743315508021,0.9269269269269269,0.9359359359359359,0.9576008273009307
2,23,semiregular,1,930,835,95,760,170,75,0.8172043010752689,0.9101796407185628,1.1137724550898203,0.8611898016997167
2,23,irregular,1,656,266,390,137,519,129,0.20884146341463414,0.5150375939849624,2.4661654135338344,0.29718004338394793
2,23,regular,2,1006,999,7,964,42,35,0.9582504970178927,0.964964964964965,1.007007007007007,0.9615960099750624
2,23,semiregular,2,1155,835,320,823,332,12,0.7125541125541126,0.98562874251497,1.3832335329341316,0.8271356783919598
2,23,irregular,2,2651,266,2385,266,2385,0,0.1003394945303659,1.0,9.966165413533835,0.1823791566678094
2,23,regular,3,950,999,49,912,38,87,0.96,0.9129129129129129,0.950950950950951,0.9358645459209851
2,23,semiregular,3,1021,835,186,801,220,34,0.7845249755142018,0.9592814371257485,1.222754491017964,0.8631465517241379
2,23,irregular,3,2290,266,2024,266,2024,0,0.11615720524017467,1.0,8.609022556390977,0.2081377151799687
2,24,regular,1,1068,1079,11,1061,7,18,0.9934456928838952,0.9833178869323448,0.989805375347544,0.9883558453656265
2,24,semiregular,1,782,680,102,662,120,18,0.8465473145780051,0.9735294117647059,1.15,0.9056087551299589
2,24,irregular,1,1542,247,1295,229,1313,18,0.14850843060959792,0.9271255060728745,6.242914979757085,0.25600894354387926
2,24,regular,2,1026,1079,53,1019,7,60,0.99317738791423,0.9443929564411492,0.9508804448563485,0.9681710213776721
2,24,semiregular,2,805,680,125,667,138,13,0.8285714285714286,0.9808823529411764,1.1838235294117647,0.8983164983164984
2,24,irregular,2,1839,247,1592,247,1592,0,0.1343121261555193,1.0,7.445344129554656,0.23681687440076699
2,24,regular,3,989,1079,90,984,5,95,0.9949443882709808,0.9119555143651529,0.9165894346617238,0.9516441005802708
2,24,semiregular,3,739,680,59,635,104,45,0.8592692828146143,0.9338235294117647,1.0867647058823529,0.8949964763918252
2,24,irregular,3,1718,247,1471,243,1475,4,0.14144353899883585,0.9838056680161943,6.955465587044534,0.24732824427480912
2,25,regular,1,916,946,30,915,1,31,0.9989082969432315,0.96723044397463,0.9682875264270613,0.9828141783029002
2,25,semiregular,1,971,718,253,711,260,7,0.7322348094747683,0.9902506963788301,1.3523676880222841,0.8419182948490231
2,25,irregular,1,1983,207,1776,203,1780,4,0.10237014624306606,0.9806763285024155,9.579710144927537,0.18538812785388128
2,25,regular,2,910,946,36,908,2,38,0.9978021978021978,0.959830866807611,0.9619450317124736,0.978448275862069
2,25,semiregular,2,1003,718,285,712,291,6,0.7098703888334995,0.9916434540389972,1.3969359331476323,0.8274259151656014
2,25,irregular,2,2221,207,2014,207,2014,0,0.09320126069338136,1.0,10.729468599033817,0.17051070840197693
2,25,regular,3,841,946,105,839,2,107,0.9976218787158145,0.8868921775898521,0.8890063424947146,0.9390039171796307
2,25,semiregular,3,939,718,221,698,241,20,0.7433439829605963,0.9721448467966574,1.307799442896936,0.8424864212432106
2,25,irregular,3,2195,207,1988,207,1988,0,0.09430523917995444,1.0,10.603864734299517,0.17235636969192342
2,26,regular,1,1005,985,20,980,25,5,0.9751243781094527,0.9949238578680203,1.0203045685279188,0.9849246231155779
2,26,semiregular,1,994,720,274,702,292,18,0.7062374245472837,0.975,1.3805555555555555,0.8191365227537923
2,26,irregular,1,1387,214,1173,214,1173,0,0.15428983417447728,1.0,6.481308411214953,0.2673329169269206
2,26,regular,2,989,985,4,971,18,14,0.9817997977755308,0.9857868020304569,1.0040609137055838,0.983789260385005
2,26,semiregular,2,736,720,16,602,134,118,0.8179347826086957,0.8361111111111111,1.0222222222222221,0.826923076923077
2,26,irregular,2,1227,214,1013,205,1022,9,0.16707416462917685,0.9579439252336449,5.733644859813084,0.28452463566967384
2,26,regular,3,1115,985,130,985,130,0,0.8834080717488789,1.0,1.131979695431472,0.9380952380952381
2,26,semiregular,3,1031,720,311,704,327,16,0.6828322017458778,0.9777777777777777,1.4319444444444445,0.8041119360365506
2,26,irregular,3,1503,214,1289,214,1289,0,0.14238190286094476,1.0,7.0233644859813085,0.2492719860221316
2,27,regular,1,1123,1166,43,1119,4,47,0.9964381121994658,0.9596912521440824,0.9631217838765008,0.9777195281782439
2,27,semiregular,1,933,728,205,701,232,27,0.7513397642015005,0.9629120879120879,1.2815934065934067,0.8440698374473209
2,27,irregular,1,1960,270,1690,262,1698,8,0.1336734693877551,0.9703703703703703,7.2592592592592595,0.23497757847533632
2,27,regular,2,1135,1166,31,1130,5,36,0.9955947136563876,0.9691252144082333,0.9734133790737565,0.982181660147762
2,27,semiregular,2,1005,728,277,721,284,7,0.7174129353233831,0.9903846153846154,1.3804945054945055,0.8320830929024813
2,27,irregular,2,2221,270,1951,270,1951,0,0.12156686177397569,1.0,8.225925925925926,0.21678040947410676
2,27,regular,3,1079,1166,87,1076,3,90,0.9972196478220574,0.9228130360205832,0.9253859348198971,0.9585746102449887
2,27,semiregular,3,903,728,175,697,206,31,0.7718715393133998,0.9574175824175825,1.2403846153846154,0.8546903740036788
2,27,irregular,3,2098,270,1828,270,1828,0,0.12869399428026693,1.0,7.770370370370371,0.22804054054054054
2,28,regular,1,1068,1098,30,1056,12,42,0.9887640449438202,0.9617486338797814,0.9726775956284153,0.9750692520775623
2,28,semiregular,1,1033,859,174,840,193,19,0.8131655372700871,0.9778812572759022,1.2025611175785798,0.8879492600422834
2,28,irregular,1,2270,293,1977,281,1989,12,0.1237885462555066,0.9590443686006825,7.747440273037543,0.21927428794381584
2,28,regular,2,1070,1098,28,1055,15,43,0.985981308411215,0.9608378870673953,0.9744990892531876,0.9732472324723248
2,28,semiregular,2,1103,859,244,853,250,6,0.7733454215775158,0.9930151338766007,1.2840512223515717,0.8695208970438327
2,28,irregular,2,2569,293,2276,293,2276,0,0.11405216037368626,1.0,8.7679180887372,0.2047519217330538
2,28,regular,3,1006,1098,92,993,13,105,0.9870775347912525,0.9043715846994536,0.9162112932604736,0.943916349809886
2,28,semiregular,3,1022,859,163,822,200,37,0.8043052837573386,0.9569266589057043,1.189755529685681,0.8740031897926634
2,28,irregular,3,2432,293,2139,288,2144,5,0.11842105263157894,0.9829351535836177,8.300341296928327,0.2113761467889908
2,29,regular,1,1126,1140,14,1124,2,16,0.9982238010657194,0.9859649122807017,0.987719298245614,0.9920564872021183
2,29,semiregular,1,1316,869,447,865,451,4,0.6572948328267477,0.9953970080552359,1.514384349827388,0.7917620137299772
2,29,irregular,1,1468,247,1221,245,1223,2,0.16689373297002724,0.9919028340080972,5.94331983805668,0.2857142857142857
2,29,regular,2,1111,1140,29,1108,3,32,0.9972997299729973,0.9719298245614035,0.974561403508772,0.984451354953354
2,29,semiregular,2,1358,869,489,866,492,3,0.6377025036818851,0.996547756041427,1.5627157652474108,0.7777278850471486
2,29,irregular,2,1701,247,1454,247,1454,0,0.14520870076425632,1.0,6.886639676113361,0.25359342915811084
2,29,regular,3,1054,1140,86,1053,1,87,0.9990512333965844,0.9236842105263158,0.9245614035087719,0.959890610756609
2,29,semiregular,3,1233,869,364,855,378,14,0.6934306569343066,0.9838895281933256,1.4188722669735327,0.813510941960038
2,29,irregular,3,1597,247,1350,247,1350,0,0.15466499686912963,1.0,6.465587044534413,0.2678958785249458
2,30,regular,1,970,997,27,970,0,27,1.0,0.9729187562688064,0.9729187562688064,0.9862735129639044
2,30,semiregular,1,978,810,168,791,187,19,0.8087934560327198,0.9765432098765432,1.2074074074074075,0.8847874720357942
2,30,irregular,1,2279,250,2029,244,2035,6,0.10706450197455024,0.976,9.116,0.1929616449189403
2,30,regular,2,977,997,20,976,1,21,0.9989764585465711,0.9789368104312939,0.9799398194583752,0.988855116514691
2,30,semiregular,2,1007,810,197,801,206,9,0.7954319761668321,0.9888888888888889,1.2432098765432098,0.8816730875068796
2,30,irregular,2,2813,250,2563,249,2564,1,0.08851759687166726,0.996,11.252,0.1625857002938296
2,30,regular,3,954,997,43,954,0,43,1.0,0.9568706118355065,0.9568706118355065,0.9779600205023065
2,30,semiregular,3,944,810,134,786,158,24,0.8326271186440678,0.9703703703703703,1.165432098765432,0.896237172177879
2,30,irregular,3,2659,250,2409,249,2410,1,0.09364422715306506,0.996,10.636,0.17119284977655552
3,1,regular,1,957,937,20,937,20,0,0.9791013584117032,1.0,1.0213447171824974,0.9894403379091868
3,1,semiregular,1,1096,703,393,697,399,6,0.6359489051094891,0.9914651493598862,1.5590327169274538,0.7748749305169539
3,1,irregular,1,914,199,715,199,715,0,0.21772428884026257,1.0,4.592964824120603,0.35759209344115
3,1,regular,2,1017,937,80,936,81,1,0.9203539823008849,0.9989327641408752,1.0853788687299892,0.9580348004094166
3,1,semiregular,2,1170,703,467,698,472,5,0.5965811965811966,0.9928876244665719,1.6642958748221905,0.7453283502402562
3,1,irregular,2,1031,199,832,199,832,0,0.1930164888457808,1.0,5.180904522613066,0.3235772357723577
3,1,regular,3,732,937,205,706,26,231,0.9644808743169399,0.7534685165421559,0.7812166488794023,0.8460155781905332
3,1,semiregular,3,736,703,33,593,143,110,0.8057065217391305,0.8435277382645804,1.0469416785206258,0.8241834607366226
3,1,irregular,3,480,199,281,168,312,31,0.35,0.8442211055276382,2.4120603015075375,0.49484536082474223
3,2,regular,1,1142,1224,82,1134,8,90,0.9929947460595446,0.9264705882352942,0.9330065359477124,0.9585798816568047
3,2,semiregular,1,788,647,141,639,149,8,0.8109137055837563,0.9876352395672334,1.2179289026275115,0.8905923344947736
3,2,irregular,1,1224,217,1007,216,1008,1,0.17647058823529413,0.9953917050691244,5.640552995391705,0.29979181124219295
3,2,regular,2,1102,1224,122,1091,11,133,0.9900181488203267,0.8913398692810458,0.9003267973856209,0.938091143594153
3,2,semiregular,2,668,647,21,593,75,54,0.8877245508982036,0.9165378670788253,1.0324574961360125,0.9019011406844105
3,2,irregular,2,1060,217,843,208,852,9,0.19622641509433963,0.9585253456221198,4.88479262672811,0.32576350822239625
3,2,regular,3,1166,1224,58,1158,8,66,0.9931389365351629,0.946078431372549,0.9526143790849673,0.9690376569037655
3,2,semiregular,3,745,647,98,640,105,7,0.8590604026845637,0.9891808346213292,1.151468315301391,0.9195402298850575
3,2,irregular,3,1022,217,805,216,806,1,0.21135029354207435,0.9953917050691244,4.709677419354839,0.34866828087167073
3,3,regular,1,1006,1053,47,1005,1,48,0.9990059642147118,0.9544159544159544,0.9553656220322887,0.9762020398251579
3,3,semiregular,1,927,716,211,707,220,9,0.7626752966558792,0.9874301675977654,1.2946927374301676,0.8606208155812539
3,3,irregular,1,1170,224,946,222,948,2,0.18974358974358974,0.9910714285714286,5.223214285714286,0.31850789096126253
3,3,regular,2,803,1053,250,803,0,250,1.0,0.7625830959164293,0.7625830959164293,0.865301724137931
3,3,semiregular,2,824,716,108,671,153,45,0.8143203883495146,0.9371508379888268,1.1508379888268156,0.8714285714285714
3,3,irregular,2,1211,224,987,210,1001,14,0.17341040462427745,0.9375,5.40625,0.2926829268292683
3,3,regular,3,950,1053,103,950,0,103,1.0,0.9021842355175689,0.9021842355175689,0.9485771342985522
3,3,semiregular,3,755,716,39,631,124,85,0.8357615894039735,0.8812849162011173,1.0544692737430168,0.8579197824609108
3,3,irregular,3,893,224,669,211,682,13,0.23628219484882418,0.9419642857142857,3.986607142857143,0.37779767233661593
3,4,regular,1,1106,1101,5,1094,12,7,0.9891500904159132,0.9936421435059037,1.0045413260672116,0.991391028545537
3,4,semiregular,1,873,614,259,595,278,19,0.6815578465063001,0.9690553745928339,1.4218241042345277,0.8002689979825152
3,4,irregular,1,1230,228,1002,227,1003,1,0.18455284552845527,0.9956140350877193,5.394736842105263,0.3113854595336077
3,4,regular,2,844,1101,257,839,5,262,0.9940758293838863,0.7620345140781108,0.7665758401453224,0.8627249357326479
3,4,semiregular,2,577,614,37,474,103,140,0.8214904679376083,0.7719869706840391,0.9397394136807817,0.795969773299748
3,4,irregular,2,674,228,446,178,496,50,0.26409495548961426,0.7807017543859649,2.956140350877193,0.39467849223946794
3,4,regular,3,978,1101,123,972,6,129,0.9938650306748467,0.8828337874659401,0.888283378746594,0.935064935064935
3,4,semiregular,3,813,614,199,598,215,16,0.7355473554735548,0.9739413680781759,1.3241042345276872,0.8381219341275403
3,4,irregular,3,1103,228,875,222,881,6,0.20126926563916592,0.9736842105263158,4.837719298245614,0.33358377160030056
3,5,regular,1,1015,1044,29,1014,1,30,0.9990147783251232,0.9712643678160919,0.9722222222222222,0.9849441476444876
3,5,semiregular,1,1054,668,386,665,389,3,0.6309297912713473,0.9955089820359282,1.5778443113772456,0.7723577235772359
3,5,irregular,1,1371,217,1154,217,1154,0,0.15827862873814733,1.0,6.317972350230415,0.27329974811083124
3,5,regular,2,887,1044,157,887,0,157,1.0,0.8496168582375478,0.8496168582375478,0.9186949766960124
3,5,semiregular,2,824,668,156,600,224,68,0.7281553398058253,0.8982035928143712,1.2335329341317365,0.804289544235925
3,5,irregular,2,1347,217,1130,214,1133,3,0.1588715664439495,0.9861751152073732,6.207373271889401,0.27365728900255754
3,5,regular,3,940,1044,104,940,0,104,1.0,0.9003831417624522,0.9003831417624522,0.9475806451612904
3,5,semiregular,3,884,668,216,606,278,62,0.6855203619909502,0.907185628742515,1.3233532934131738,0.7809278350515464
3,5,irregular,3,807,217,590,193,614,24,0.23915737298636927,0.8894009216589862,3.71889400921659,0.37695312500000006
3,6,regular,1,943,915,28,910,33,5,0.9650053022269353,0.994535519125683,1.0306010928961749,0.9795479009687836
3,6,semiregular,1,889,701,188,680,209,21,0.7649043869516311,0.9700427960057061,1.268188302425107,0.8553459119496855
3,6,irregular,1,1336,195,1141,195,1141,0,0.14595808383233533,1.0,6.851282051282051,0.25473546701502287
3,6,regular,2,900,915,15,867,33,48,0.9633333333333334,0.9475409836065574,0.9836065573770492,0.9553719008264463
3,6,semiregular,2,797,701,96,644,153,57,0.8080301129234629,0.9186875891583453,1.1369472182596292,0.8598130841121496
3,6,irregular,2,579,195,384,146,433,49,0.25215889464594127,0.7487179487179487,2.9692307692307693,0.3772609819121447
3,6,regular,3,817,915,98,796,21,119,0.9742962056303549,0.8699453551912568,0.892896174863388,0.9191685912240185
3,6,semiregular,3,747,701,46,606,141,95,0.8112449799196787,0.8644793152639088,1.065620542082739,0.8370165745856354
3,6,irregular,3,1388,195,1193,191,1197,4,0.13760806916426513,0.9794871794871794,7.1179487179487175,0.24131396083385978
3,7,regular,1,1193,1230,37,1185,8,45,0.9932942162615256,0.9634146341463414,0.9699186991869919,0.9781262897234833
3,7,semiregular,1,908,761,147,683,225,78,0.7522026431718062,0.897503285151117,1.1931668856767412,0.8184541641701618
3,7,irregular,1,1086,225,861,104,982,121,0.09576427255985268,0.4622222222222222,4.826666666666667,0.15865751334858888
3,7,regular,2,758,1230,472,755,3,475,0.996042216358839,0.6138211382113821,0.616260162601626,0.7595573440643864
3,7,semiregular,2,781,761,20,638,143,123,0.8169014084507042,0.8383705650459922,1.026281208935611,0.827496757457847
3,7,irregular,2,1177,225,952,202,975,23,0.17162276975361088,0.8977777777777778,5.231111111111111,0.28815977175463625
3,7,regular,3,926,1230,304,925,1,305,0.9989200863930886,0.7520325203252033,0.7528455284552845,0.8580705009276439
3,7,semiregular,3,720,761,41,606,114,155,0.8416666666666667,0.7963206307490145,0.9461235216819974,0.8183659689399054
3,7,irregular,3,1369,225,1144,189,1180,36,0.13805697589481372,0.84,6.084444444444444,0.2371392722710163
3,8,regular,1,1036,1035,1,1026,10,9,0.9903474903474904,0.991304347826087,1.0009661835748793,0.9908256880733944
3,8,semiregular,1,1011,827,184,790,221,37,0.781404549950544,0.9552599758162031,1.222490931076179,0.8596300326441784
3,8,irregular,1,1903,243,1660,234,1669,9,0.12296374146085129,0.9629629629629629,7.8312757201646095,0.2180801491146319
3,8,regular,2,1032,1035,3,1021,11,14,0.9893410852713178,0.9864734299516909,0.9971014492753624,0.9879051765844219
3,8,semiregular,2,1094,827,267,816,278,11,0.7458866544789763,0.9866989117291415,1.3228536880290205,0.8495575221238938
3,8,irregular,2,2186,243,1943,243,1943,0,0.1111619396157365,1.0,8.995884773662551,0.2000823384108687
3,8,regular,3,972,1035,63,968,4,67,0.9958847736625515,0.9352657004830918,0.9391304347826087,0.9646238166417538
3,8,semiregular,3,891,827,64,738,153,89,0.8282828282828283,0.8923821039903265,1.0773881499395406,0.8591385331781141
3,8,irregular,3,1959,243,1716,229,1730,14,0.11689637570188872,0.9423868312757202,8.061728395061728,0.20799273387829245
3,9,regular,1,1050,1107,57,1045,5,62,0.9952380952380953,0.9439927732610659,0.948509485094851,0.9689383402874361
3,9,semiregular,1,765,701,64,658,107,43,0.8601307189542484,0.9386590584878745,1.0912981455064195,0.897680763983629
3,9,irregular,1,1503,266,1237,248,1255,18,0.1650033266799734,0.9323308270676691,5.650375939849624,0.28038439796495196
3,9,regular,2,1051,1107,56,1047,4,60,0.9961941008563273,0.94579945799458,0.9494128274616079,0.9703429101019462
3,9,semiregular,2,784,701,83,662,122,39,0.8443877551020408,0.9443651925820257,1.1184022824536377,0.8915824915824915
3,9,irregular,2,1730,266,1464,266,1464,0,0.15375722543352602,1.0,6.503759398496241,0.2665330661322645
3,9,regular,3,933,1107,174,931,2,176,0.9978563772775991,0.8410117434507678,0.8428184281842819,0.9127450980392156
3,9,semiregular,3,633,701,68,582,51,119,0.919431279620853,0.8302425106990015,0.9029957203994294,0.8725637181409295
3,9,irregular,3,1328,266,1062,240,1088,26,0.18072289156626506,0.9022556390977443,4.992481203007519,0.30112923462986196
3,10,regular,1,1035,1014,21,1009,26,5,0.9748792270531401,0.995069033530572,1.0207100591715976,0.9848706686188385
3,10,semiregular,1,894,656,238,648,246,8,0.7248322147651006,0.9878048780487805,1.3628048780487805,0.8361290322580646
3,10,irregular,1,1357,247,1110,246,1111,1,0.1812822402358143,0.9959514170040485,5.493927125506073,0.3067331670822943
3,10,regular,2,989,1014,25,967,22,47,0.9777553083923155,0.9536489151873767,0.97534516765286,0.9655516724912632
3,10,semiregular,2,795,656,139,631,164,25,0.7937106918238994,0.961890243902439,1.211890243902439,0.8697450034458993
3,10,irregular,2,1232,247,985,247,985,0,0.200487012987013,1.0,4.987854251012146,0.3340094658553076
3,10,regular,3,991,1014,23,972,19,42,0.9808274470232089,0.9585798816568047,0.9773175542406312,0.9695760598503741
3,10,semiregular,3,711,656,55,597,114,59,0.8396624472573839,0.9100609756097561,1.083841463414634,0.8734455010972934
3,10,irregular,3,700,247,453,220,480,27,0.3142857142857143,0.8906882591093117,2.834008097165992,0.46462513199577615
3,11,regular,1,1068,1070,2,1065,3,5,0.9971910112359551,0.9953271028037384,0.9981308411214953,0.9962581852198317
3,11,semiregular,1,926,700,226,695,231,5,0.7505399568034558,0.9928571428571429,1.322857142857143,0.8548585485854858
3,11,irregular,1,1314,239,1075,234,1080,5,0.1780821917808219,0.9790794979079498,5.497907949790795,0.30135222150676105
3,11,regular,2,800,1070,270,800,0,270,1.0,0.7476635514018691,0.7476635514018691,0.8556149732620321
3,11,semiregular,2,660,700,40,542,118,158,0.8212121212121212,0.7742857142857142,0.9428571428571428,0.7970588235294118
3,11,irregular,2,1012,239,773,194,818,45,0.191699604743083,0.8117154811715481,4.2343096234309625,0.31015187849720227
3,11,regular,3,776,1070,294,776,0,294,1.0,0.7252336448598131,0.7252336448598131,0.8407367280606718
3,11,semiregular,3,665,700,35,556,109,144,0.8360902255639098,0.7942857142857143,0.95,0.8146520146520146
3,11,irregular,3,1222,239,983,206,1016,33,0.1685761047463175,0.8619246861924686,5.112970711297071,0.28199863107460643
3,12,regular,1,1042,1007,35,1007,35,0,0.9664107485604606,1.0,1.0347567030784508,0.9829184968277209
3,12,semiregular,1,957,641,316,629,328,12,0.6572622779519331,0.9812792511700468,1.4929797191887675,0.7872340425531914
3,12,irregular,1,1385,204,1181,204,1181,0,0.1472924187725632,1.0,6.78921568627451,0.2567652611705475
3,12,regular,2,873,1007,134,873,0,134,1.0,0.8669314796425025,0.8669314796425025,0.9287234042553192
3,12,semiregular,2,720,641,79,576,144,65,0.8,0.8985959438377535,1.1232449297971918,0.84643644379133
3,12,irregular,2,998,204,794,198,800,6,0.19839679358717435,0.9705882352941176,4.892156862745098,0.329450915141431
3,12,regular,3,869,1007,138,869,0,138,1.0,0.8629592850049652,0.8629592850049652,0.9264392324093816
3,12,semiregular,3,737,641,96,559,178,82,0.7584803256445047,0.8720748829953198,1.1497659906396256,0.8113207547169811
3,12,irregular,3,1293,204,1089,192,1101,12,0.14849187935034802,0.9411764705882353,6.338235294117647,0.2565130260521042
3,13,regular,1,961,1000,39,961,0,39,1.0,0.961,0.961,0.9801121876593575
3,13,semiregular,1,961,815,146,793,168,22,0.8251821019771072,0.9730061349693252,1.1791411042944786,0.8930180180180181
3,13,irregular,1,1928,216,1712,215,1713,1,0.11151452282157677,0.9953703703703703,8.925925925925926,0.20055970149253732
3,13,regular,2,771,1000,229,770,1,230,0.9987029831387808,0.77,0.771,0.8695652173913044
3,13,semiregular,2,857,815,42,741,116,74,0.8646441073512252,0.90920245398773,1.0515337423312883,0.8863636363636364
3,13,irregular,2,1789,216,1573,211,1578,5,0.11794298490776971,0.9768518518518519,8.282407407407407,0.21047381546134664
3,13,regular,3,855,1000,145,855,0,145,1.0,0.855,0.855,0.921832884097035
3,13,semiregular,3,877,815,62,755,122,60,0.8608893956670467,0.9263803680981595,1.0760736196319018,0.892434988179669
3,13,irregular,3,1795,216,1579,207,1588,9,0.11532033426183844,0.9583333333333334,8.310185185185185,0.20586772749875684
3,14,regular,1,1001,1052,51,1001,0,51,1.0,0.9515209125475285,0.9515209125475285,0.9751583049196297
3,14,semiregular,1,1219,913,306,904,315,9,0.7415914684167351,0.9901423877327492,1.3351588170865278,0.8480300187617261
3,14,irregular,1,1345,217,1128,210,1135,7,0.15613382899628253,0.967741935483871,6.1981566820276495,0.26888604353393086
3,14,regular,2,962,1052,90,962,0,90,1.0,0.9144486692015209,0.9144486692015209,0.955312810327706
3,14,semiregular,2,1239,913,326,894,345,19,0.7215496368038741,0.9791894852135816,1.357064622124863,0.8308550185873605
3,14,irregular,2,1500,217,1283,217,1283,0,0.14466666666666667,1.0,6.912442396313364,0.2527664531158998
3,14,regular,3,843,1052,209,843,0,209,1.0,0.8013307984790875,0.8013307984790875,0.8897097625329816
3,14,semiregular,3,1031,913,118,834,197,79,0.8089233753637245,0.9134720700985761,1.1292442497261774,0.8580246913580247
3,14,irregular,3,1417,217,1200,214,1203,3,0.15102328863796755,0.9861751152073732,6.529953917050691,0.26193390452876375
3,15,regular,1,977,964,13,964,13,0,0.9866939611054247,1.0,1.0134854771784232,0.9933024214322513
3,15,semiregular,1,997,774,223,764,233,10,0.7662988966900702,0.9870801033591732,1.2881136950904393,0.862789384528515
3,15,irregular,1,1384,218,1166,217,1167,1,0.15679190751445088,0.9954128440366973,6.348623853211009,0.27091136079900124
3,15,regular,2,838,964,126,837,1,127,0.9988066825775657,0.8682572614107884,0.8692946058091287,0.9289678135405105
3,15,semiregular,2,867,774,93,711,156,63,0.8200692041522492,0.9186046511627907,1.12015503875969,0.86654478976234
3,15,irregular,2,1208,218,990,212,996,6,0.17549668874172186,0.9724770642201835,5.541284403669724,0.29733520336605895
3,15,regular,3,865,964,99,865,0,99,1.0,0.8973029045643154,0.8973029045643154,0.9458720612356479
3,15,semiregular,3,853,774,79,710,143,64,0.8323563892145369,0.917312661498708,1.1020671834625324,0.8727719729563613
3,15,irregular,3,1428,218,1210,207,1221,11,0.14495798319327732,0.9495412844036697,6.5504587155963305,0.2515188335358445
3,16,regular,1,420,1109,689,419,1,690,0.9976190476190476,0.37781785392245265,0.3787195671776375,0.5480706344015697
3,16,semiregular,1,326,681,355,272,54,409,0.8343558282208589,0.39941262848751835,0.4787077826725404,0.5402184707050645
3,16,irregular,1,692,272,420,92,600,180,0.1329479768786127,0.3382352941176471,2.5441176470588234,0.1908713692946058
3,16,regular,2,969,1109,140,962,7,147,0.9927760577915377,0.8674481514878268,0.8737601442741209,0.9258902791145331
3,16,semiregular,2,843,681,162,654,189,27,0.7758007117437722,0.960352422907489,1.2378854625550662,0.8582677165354331
3,16,irregular,2,1140,272,868,268,872,4,0.23508771929824562,0.9852941176470589,4.1911764705882355,0.37960339943342775
3,16,regular,3,695,1109,414,692,3,417,0.99568345323741,0.6239855725879171,0.6266907123534716,0.7671840354767183
3,16,semiregular,3,608,681,73,503,105,178,0.8273026315789473,0.7386196769456681,0.8928046989720999,0.7804499612102405
3,16,irregular,3,1055,272,783,218,837,54,0.2066350710900474,0.8014705882352942,3.8786764705882355,0.32856066314996235
3,17,regular,1,628,1029,401,626,2,403,0.9968152866242038,0.608357628765792,0.6103012633624878,0.7555823777911889
3,17,semiregular,1,554,837,283,492,62,345,0.8880866425992779,0.5878136200716846,0.6618876941457587,0.7074047447879224
3,17,irregular,1,661,240,421,106,555,134,0.16036308623298035,0.44166666666666665,2.754166666666667,0.23529411764705882
3,17,regular,2,1054,1029,25,1029,25,0,0.976280834914611,1.0,1.0242954324586977,0.9879980796927509
3,17,semiregular,2,1083,837,246,824,259,13,0.7608494921514312,0.984468339307049,1.2939068100358424,0.8583333333333333
3,17,irregular,2,1801,240,1561,240,1561,0,0.13325930038867295,1.0,7.504166666666666,0.23517883390494856
3,17,regular,3,867,1029,162,867,0,162,1.0,0.8425655976676385,0.8425655976676385,0.9145569620253164
3,17,semiregular,3,823,837,14,734,89,103,0.8918590522478737,0.8769414575866189,0.983273596176822,0.8843373493975905
3,17,irregular,3,1004,240,764,223,781,17,0.22211155378486055,0.9291666666666667,4.183333333333334,0.35852090032154343
3,18,regular,1,834,1044,210,833,1,211,0.9988009592326139,0.7978927203065134,0.7988505747126436,0.8871139510117145
3,18,semiregular,1,714,801,87,644,70,157,0.9019607843137255,0.8039950062421972,0.8913857677902621,0.8501650165016501
3,18,irregular,1,809,252,557,129,680,123,0.15945611866501855,0.5119047619047619,3.2103174603174605,0.24316682375117812
3,18,regular,2,1049,1044,5,1039,10,5,0.990467111534795,0.9952107279693486,1.0047892720306513,0.9928332537028188
3,18,semiregular,2,1067,801,266,793,274,8,0.7432052483598875,0.9900124843945068,1.3320848938826466,0.8490364025695931
3,18,irregular,2,1406,252,1154,252,1154,0,0.17923186344238975,1.0,5.579365079365079,0.3039806996381182
3,18,regular,3,921,1044,123,920,1,124,0.998914223669924,0.8812260536398467,0.882183908045977,0.9363867684478372
3,18,semiregular,3,879,801,78,747,132,54,0.8498293515358362,0.9325842696629213,1.097378277153558,0.8892857142857143
3,18,irregular,3,914,252,662,246,668,6,0.26914660831509846,0.9761904761904762,3.626984126984127,0.42195540308747853
3,19,regular,1,1070,1076,6,1062,8,14,0.9925233644859813,0.9869888475836431,0.9944237918215614,0.9897483690587139
3,19,semiregular,1,941,753,188,742,199,11,0.7885228480340064,0.9853917662682603,1.249667994687915,0.8760330578512396
3,19,irregular,1,1102,245,857,239,863,6,0.21687840290381125,0.9755102040816327,4.497959183673469,0.3548626577579807
3,19,regular,2,856,1076,220,855,1,221,0.9988317757009346,0.7946096654275093,0.7955390334572491,0.8850931677018633
3,19,semiregular,2,627,753,126,561,66,192,0.8947368421052632,0.7450199203187251,0.8326693227091634,0.8130434782608696
3,19,irregular,2,739,245,494,194,545,51,0.2625169147496617,0.7918367346938775,3.016326530612245,0.3943089430894309
3,19,regular,3,884,1076,192,883,1,193,0.998868778280543,0.820631970260223,0.8215613382899628,0.9010204081632653
3,19,semiregular,3,753,753,0,663,90,90,0.8804780876494024,0.8804780876494024,1.0,0.8804780876494024
3,19,irregular,3,754,245,509,224,530,21,0.29708222811671087,0.9142857142857143,3.0775510204081633,0.44844844844844844
3,20,regular,1,1148,1251,103,1144,4,107,0.9965156794425087,0.9144684252597922,0.9176658673061551,0.9537307211338057
3,20,semiregular,1,1047,841,206,814,233,27,0.7774594078319007,0.9678953626634959,1.2449464922711058,0.8622881355932203
3,20,irregular,1,1201,252,949,223,978,29,0.18567860116569526,0.8849206349206349,4.765873015873016,0.3069511355815554
3,20,regular,2,1152,1251,99,1147,5,104,0.9956597222222222,0.9168665067945644,0.920863309352518,0.9546400332917188
3,20,semiregular,2,1125,841,284,829,296,12,0.7368888888888889,0.985731272294887,1.33769322235434,0.8433367243133265
3,20,irregular,2,1359,252,1107,247,1112,5,0.1817512877115526,0.9801587301587301,5.392857142857143,0.3066418373680943
3,20,regular,3,1070,1251,181,1066,4,185,0.9962616822429906,0.8521183053557154,0.8553157474020784,0.9185695820766911
3,20,semiregular,3,964,841,123,766,198,75,0.7946058091286307,0.9108204518430439,1.1462544589774077,0.848753462603878
3,20,irregular,3,1302,252,1050,223,1079,29,0.17127496159754224,0.8849206349206349,5.166666666666667,0.287001287001287
3,21,regular,1,943,920,23,919,24,1,0.9745493107104984,0.9989130434782608,1.025,0.986580783682233
3,21,semiregular,1,951,549,402,530,421,19,0.5573080967402734,0.9653916211293261,1.7322404371584699,0.7066666666666666
3,21,irregular,1,1243,204,1039,204,1039,0,0.16411906677393404,1.0,6.0931372549019605,0.2819626814098134
3,21,regular,2,888,920,32,887,1,33,0.9988738738738738,0.9641304347826087,0.9652173913043478,0.9811946902654868
3,21,semiregular,2,776,549,227,517,259,32,0.6662371134020618,0.941712204007286,1.4134790528233152,0.780377358490566
3,21,irregular,2,847,204,643,182,665,22,0.21487603305785125,0.8921568627450981,4.151960784313726,0.346336822074215
3,21,regular,3,785,920,135,784,1,136,0.9987261146496815,0.8521739130434782,0.8532608695652174,0.9196480938416421
3,21,semiregular,3,706,549,157,490,216,59,0.6940509915014165,0.8925318761384335,1.2859744990892532,0.7808764940239044
3,21,irregular,3,1182,204,978,192,990,12,0.16243654822335024,0.9411764705882353,5.794117647058823,0.277056277056277
3,22,regular,1,985,946,39,945,40,1,0.9593908629441624,0.9989429175475687,1.0412262156448202,0.9787674779906784
3,22,semiregular,1,999,703,296,690,309,13,0.6906906906906907,0.9815078236130867,1.4210526315789473,0.8108108108108109
3,22,irregular,1,1328,247,1081,245,1083,2,0.1844879518072289,0.9919028340080972,5.376518218623482,0.3111111111111111
3,22,regular,2,841,946,105,824,17,122,0.9797859690844233,0.8710359408033826,0.8890063424947146,0.9222160044767768
3,22,semiregular,2,818,703,115,654,164,49,0.7995110024449877,0.930298719772404,1.1635846372688479,0.8599605522682446
3,22,irregular,2,853,247,606,238,615,9,0.2790152403282532,0.9635627530364372,3.4534412955465585,0.4327272727272727
3,22,regular,3,647,946,299,637,10,309,0.9845440494590417,0.6733615221987315,0.6839323467230444,0.7997489014438167
3,22,semiregular,3,696,703,7,565,131,138,0.8117816091954023,0.8036984352773826,0.9900426742532006,0.8077197998570408
3,22,irregular,3,1312,247,1065,238,1074,9,0.18140243902439024,0.9635627530364372,5.3117408906882595,0.30532392559332905
3,23,regular,1,947,999,52,938,9,61,0.9904963041182682,0.938938938938939,0.9479479479479479,0.9640287769784173
3,23,semiregular,1,918,835,83,748,170,87,0.8148148148148148,0.895808383233533,1.0994011976047904,0.8533941814033086
3,23,irregular,1,939,266,673,110,829,156,0.11714589989350373,0.41353383458646614,3.530075187969925,0.1825726141078838
3,23,regular,2,1014,999,15,974,40,25,0.960552268244576,0.974974974974975,1.015015015015015,0.9677098857426727
3,23,semiregular,2,1167,835,332,827,340,8,0.7086546700942588,0.9904191616766467,1.3976047904191617,0.8261738261738262
3,23,irregular,2,2522,266,2256,266,2256,0,0.10547184773988898,1.0,9.481203007518797,0.19081779053084647
3,23,regular,3,961,999,38,934,27,65,0.9719042663891779,0.934934934934935,0.9619619619619619,0.9530612244897959
3,23,semiregular,3,1014,835,179,780,234,55,0.7692307692307693,0.9341317365269461,1.2143712574850298,0.8436992969172527
3,23,irregular,3,2271,266,2005,261,2010,5,0.11492734478203434,0.981203007518797,8.537593984962406,0.2057548285376429
3,24,regular,1,1055,1079,24,1049,6,30,0.9943127962085309,0.9721964782205746,0.9777571825764597,0.9831302717900656
3,24,semiregular,1,781,680,101,666,115,14,0.852752880921895,0.9794117647058823,1.1485294117647058,0.9117043121149897
3,24,irregular,1,1658,247,1411,238,1420,9,0.14354644149577805,0.9635627530364372,6.712550607287449,0.24986876640419947
3,24,regular,2,1024,1079,55,1017,7,62,0.9931640625,0.9425393883225208,0.9490268767377201,0.9671897289586305
3,24,semiregular,2,782,680,102,658,124,22,0.8414322250639387,0.9676470588235294,1.15,0.9001367989056087
3,24,irregular,2,1606,247,1359,243,1363,4,0.15130759651307596,0.9838056680161943,6.502024291497976,0.26227738801942796
3,24,regular,3,797,1079,282,793,4,286,0.9949811794228356,0.7349397590361446,0.7386468952734013,0.8454157782515992
3,24,semiregular,3,566,680,114,499,67,181,0.8816254416961131,0.7338235294117647,0.8323529411764706,0.8009630818619582
3,24,irregular,3,1287,247,1040,199,1088,48,0.15462315462315462,0.805668016194332,5.2105263157894735,0.25945241199478486
3,25,regular,1,924,946,22,923,1,23,0.9989177489177489,0.9756871035940803,0.9767441860465116,0.9871657754010695
3,25,semiregular,1,976,718,258,709,267,9,0.7264344262295082,0.9874651810584958,1.3593314763231197,0.8370720188902007
3,25,irregular,1,2077,207,1870,207,1870,0,0.09966297544535388,1.0,10.033816425120772,0.18126094570928195
3,25,regular,2,943,946,3,941,2,5,0.9978791092258749,0.9947145877378436,0.9968287526427061,0.996294335627316
3,25,semiregular,2,1052,718,334,713,339,5,0.6777566539923955,0.9930362116991643,1.4651810584958218,0.8056497175141243
3,25,irregular,2,2402,207,2195,206,2196,1,0.08576186511240633,0.9951690821256038,11.603864734299517,0.15791490992717516
3,25,regular,3,871,946,75,870,1,76,0.9988518943742825,0.919661733615222,0.9207188160676533,0.9576224545954871
3,25,semiregular,3,919,718,201,697,222,21,0.7584330794341676,0.9707520891364902,1.2799442896935933,0.851557727550397
3,25,irregular,3,1615,207,1408,205,1410,2,0.12693498452012383,0.9903381642512077,7.8019323671497585,0.22502744237102087
3,26,regular,1,1020,985,35,984,36,1,0.9647058823529412,0.9989847715736041,1.0355329949238579,0.9815461346633417
3,26,semiregular,1,998,720,278,703,295,17,0.7044088176352705,0.9763888888888889,1.386111111111111,0.8183934807916181
3,26,irregular,1,1467,214,1253,214,1253,0,0.14587593728698023,1.0,6.855140186915888,0.2546103509815586
3,26,regular,2,1073,985,88,985,88,0,0.9179869524697111,1.0,1.0893401015228426,0.9572400388726919
3,26,semiregular,2,881,720,161,676,205,44,0.7673098751418842,0.9388888888888889,1.2236111111111112,0.8444722048719551
3,26,irregular,2,1460,214,1246,214,1246,0,0.14657534246575343,1.0,6.822429906542056,0.25567502986857826
3,26,regular,3,927,985,58,921,6,64,0.9935275080906149,0.9350253807106599,0.9411167512690355,0.9633891213389122
3,26,semiregular,3,702,720,18,610,92,110,0.8689458689458689,0.8472222222222222,0.975,0.8579465541490858
3,26,irregular,3,997,214,783,200,797,14,0.20060180541624875,0.9345794392523364,4.658878504672897,0.33030553261767137
3,27,regular,1,1106,1166,60,1103,3,63,0.9972875226039783,0.9459691252144082,0.9485420240137221,0.9709507042253522
3,27,semiregular,1,904,728,176,675,229,53,0.7466814159292036,0.9271978021978022,1.2417582417582418,0.8272058823529412
3,27,irregular,1,1993,270,1723,267,1726,3,0.13396889111891622,0.9888888888888889,7.381481481481481,0.2359699513919576
3,27,regular,2,1069,1166,97,1064,5,102,0.9953227315247896,0.9125214408233276,0.9168096054888508,0.9521252796420582
3,27,semiregular,2,897,728,169,688,209,40,0.7670011148272018,0.945054945054945,1.2321428571428572,0.8467692307692307
3,27,irregular,2,2173,270,1903,268,1905,2,0.12333179935572941,0.9925925925925926,8.048148148148147,0.21940237413016783
3,27,regular,3,998,1166,168,995,3,171,0.996993987975952,0.8533447684391081,0.855917667238422,0.9195933456561922
3,27,semiregular,3,790,728,62,635,155,93,0.8037974683544303,0.8722527472527473,1.085164835164835,0.836627140974967
3,27,irregular,3,1916,270,1646,246,1670,24,0.12839248434237996,0.9111111111111111,7.0962962962962965,0.2250686184812443
3,28,regular,1,1099,1098,1,1086,13,12,0.9881710646041856,0.9890710382513661,1.0009107468123861,0.9886208466090123
3,28,semiregular,1,1047,859,188,848,199,11,0.8099331423113658,0.9871944121071012,1.2188591385331782,0.8898216159496327
3,28,irregular,1,2186,293,1893,278,1908,15,0.12717291857273558,0.9488054607508533,7.460750853242321,0.22428398547801529
3,28,regular,2,1109,1098,11,1092,17,6,0.9846708746618575,0.994535519125683,1.0100182149362478,0.989578613502492
3,28,semiregular,2,1130,859,271,859,271,0,0.7601769911504425,1.0,1.3154831199068684,0.8637506284565107
3,28,irregular,2,2690,293,2397,293,2397,0,0.10892193308550185,1.0,9.180887372013652,0.1964465303385853
3,28,regular,3,1045,1098,53,1032,13,66,0.9875598086124402,0.9398907103825137,0.9517304189435337,0.9631357909472701
3,28,semiregular,3,1025,859,166,832,193,27,0.8117073170731708,0.9685681024447031,1.1932479627473807,0.8832271762208069
3,28,irregular,3,2052,293,1759,289,1763,4,0.14083820662768032,0.9863481228668942,7.003412969283277,0.2464818763326226
3,29,regular,1,1101,1140,39,1100,1,40,0.9990917347865577,0.9649122807017544,0.9657894736842105,0.9817045961624274
3,29,semiregular,1,1305,869,436,864,441,5,0.6620689655172414,0.9942462600690449,1.5017261219792866,0.7948482060717571
3,29,irregular,1,1523,247,1276,247,1276,0,0.16217990807616547,1.0,6.165991902834008,0.2790960451977401
3,29,regular,2,1134,1140,6,1131,3,9,0.9973544973544973,0.9921052631578947,0.9947368421052631,0.9947229551451188
3,29,semiregular,2,1343,869,474,859,484,10,0.6396128071481757,0.9884925201380897,1.5454545454545454,0.7766726943942134
3,29,irregular,2,1721,247,1474,247,1474,0,0.14352120859965137,1.0,6.967611336032388,0.25101626016260165
3,29,regular,3,783,1140,357,783,0,357,1.0,0.6868421052631579,0.6868421052631579,0.8143525741029641
3,29,semiregular,3,920,869,51,715,205,154,0.7771739130434783,0.8227848101265823,1.0586881472957423,0.7993292342090553
3,29,irregular,3,1539,247,1292,205,1334,42,0.1332033788174139,0.8299595141700404,6.230769230769231,0.22956326987681971
3,30,regular,1,978,997,19,977,1,20,0.9989775051124744,0.9799398194583752,0.9809428284854563,0.9893670886075949
3,30,semiregular,1,987,810,177,798,189,12,0.8085106382978723,0.9851851851851852,1.2185185185185186,0.8881469115191987
3,30,irregular,1,2506,250,2256,247,2259,3,0.0985634477254589,0.988,10.024,0.1792452830188679
3,30,regular,2,911,997,86,910,1,87,0.9989023051591658,0.9127382146439318,0.9137412236710131,0.9538784067085953
3,30,semiregular,2,852,810,42,738,114,72,0.8661971830985915,0.9111111111111111,1.0518518518518518,0.8880866425992779
3,30,irregular,2,1852,250,1602,224,1628,26,0.12095032397408208,0.896,7.408,0.2131303520456708
3,30,regular,3,857,997,140,857,0,140,1.0,0.8595787362086259,0.8595787362086259,0.924487594390507
3,30,semiregular,3,726,810,84,638,88,172,0.8787878787878788,0.7876543209876543,0.8962962962962963,0.8307291666666667
3,30,irregular,3,2739,250,2489,242,2497,8,0.08835341365461848,0.968,10.956,0.16192706590833056
4,1,regular,1,949,937,12,935,14,2,0.9852476290832455,0.9978655282817502,1.0128068303094984,0.9915164369034996
4,1,semiregular,1,1087,703,384,696,391,7,0.640294388224471,0.9900426742532006,1.5462304409672831,0.7776536312849162
4,1,irregular,1,723,199,524,192,531,7,0.26556016597510373,0.964824120603015,3.6331658291457285,0.4164859002169197
4,1,regular,2,992,937,55,933,59,4,0.9405241935483871,0.9957310565635006,1.0586979722518677,0.9673405909797822
4,1,semiregular,2,1083,703,380,691,392,12,0.6380424746075716,0.9829302987197724,1.5405405405405406,0.7737961926091825
4,1,irregular,2,1033,199,834,199,834,0,0.19264278799612777,1.0,5.190954773869347,0.3230519480519481
4,1,regular,3,828,937,109,780,48,157,0.9420289855072463,0.8324439701173959,0.8836712913553896,0.8838526912181303
4,1,semiregular,3,966,703,263,667,299,36,0.6904761904761905,0.9487908961593172,1.3741109530583215,0.799281006590773
4,1,irregular,3,927,199,728,191,736,8,0.20604099244875945,0.9597989949748744,4.658291457286432,0.3392539964476021
4,2,regular,1,1172,1224,52,1162,10,62,0.9914675767918089,0.9493464052287581,0.9575163398692811,0.9699499165275458
4,2,semiregular,1,780,647,133,636,144,11,0.8153846153846154,0.9829984544049459,1.205564142194745,0.8913805185704274
4,2,irregular,1,1049,217,832,199,850,18,0.18970448045757865,0.9170506912442397,4.8341013824884795,0.31437598736176936
4,2,regular,2,1184,1224,40,1171,13,53,0.9890202702702703,0.9566993464052288,0.9673202614379085,0.9725913621262459
4,2,semiregular,2,843,647,196,647,196,0,0.767497034400949,1.0,1.302936630602782,0.8684563758389262
4,2,irregular,2,1363,217,1146,217,1146,0,0.15920763022743947,1.0,6.28110599078341,0.2746835443037975
4,2,regular,3,1185,1224,39,1177,8,47,0.9932489451476794,0.9616013071895425,0.9681372549019608,0.9771689497716897
4,2,semiregular,3,756,647,109,641,115,6,0.8478835978835979,0.990726429675425,1.1684698608964452,0.9137562366357805
4,2,irregular,3,1114,217,897,217,897,0,0.1947935368043088,1.0,5.1336405529953915,0.32607062359128475
4,3,regular,1,1025,1053,28,1025,0,28,1.0,0.97340930674264,0.97340930674264,0.9865255052935515
4,3,semiregular,1,933,716,217,706,227,10,0.7566988210075026,0.9860335195530726,1.303072625698324,0.8562765312310491
4,3,irregular,1,993,224,769,205,788,19,0.20644511581067473,0.9151785714285714,4.433035714285714,0.33689400164338534
4,3,regular,2,974,1053,79,973,1,80,0.9989733059548255,0.9240265906932573,0.9249762583095916,0.9600394671928959
4,3,semiregular,2,941,716,225,708,233,8,0.7523910733262487,0.9888268156424581,1.3142458100558658,0.8545564272782137
4,3,irregular,2,1258,224,1034,224,1034,0,0.178060413354531,1.0,5.616071428571429,0.30229419703103916
4,3,regular,3,951,1053,102,951,0,102,1.0,0.9031339031339032,0.9031339031339032,0.9491017964071856
4,3,semiregular,3,789,716,73,653,136,63,0.8276299112801014,0.9120111731843575,1.1019553072625698,0.8677740863787375
4,3,irregular,3,1144,224,920,215,929,9,0.18793706293706294,0.9598214285714286,5.107142857142857,0.31432748538011696
4,4,regular,1,1142,1101,41,1101,41,0,0.9640980735551664,1.0,1.0372388737511353,0.9817209094962105
4,4,semiregular,1,874,614,260,591,283,23,0.6762013729977117,0.9625407166123778,1.4234527687296417,0.7943548387096774
4,4,irregular,1,966,228,738,218,748,10,0.22567287784679088,0.956140350877193,4.2368421052631575,0.36515912897822445
4,4,regular,2,1125,1101,24,1101,24,0,0.9786666666666667,1.0,1.021798365122616,0.9892183288409703
4,4,semiregular,2,980,614,366,614,366,0,0.6265306122448979,1.0,1.5960912052117264,0.7703889585947302
4,4,irregular,2,1419,228,1191,228,1191,0,0.160676532769556,1.0,6.223684210526316,0.2768670309653916
4,4,regular,3,1026,1101,75,1019,7,82,0.99317738791423,0.9255222524977293,0.9318801089918256,0.9581570286788904
4,4,semiregular,3,848,614,234,602,246,12,0.7099056603773585,0.9804560260586319,1.3811074918566775,0.8235294117647058
4,4,irregular,3,1143,228,915,228,915,0,0.1994750656167979,1.0,5.0131578947368425,0.3326039387308534
4,5,regular,1,1019,1044,25,1018,1,26,0.9990186457311089,0.975095785440613,0.9760536398467433,0.9869122636936499
4,5,semiregular,1,1047,668,379,664,383,4,0.6341929321872015,0.9940119760479041,1.5673652694610778,0.7743440233236152
4,5,irregular,1,1215,217,998,197,1018,20,0.16213991769547326,0.9078341013824884,5.599078341013825,0.2751396648044693
4,5,regular,2,1005,1044,39,1005,0,39,1.0,0.9626436781609196,0.9626436781609196,0.9809663250366032
4,5,semiregular,2,1086,668,418,666,420,2,0.6132596685082873,0.9970059880239521,1.625748502994012,0.7594070695553022
4,5,irregular,2,1509,217,1292,217,1292,0,0.14380384360503645,1.0,6.953917050691245,0.2514484356894554
4,5,regular,3,935,1044,109,935,0,109,1.0,0.8955938697318008,0.8955938697318008,0.9449216776149572
4,5,semiregular,3,931,668,263,639,292,29,0.686358754027927,0.9565868263473054,1.3937125748502994,0.799249530956848
4,5,irregular,3,1395,217,1178,216,1179,1,0.15483870967741936,0.9953917050691244,6.428571428571429,0.2679900744416873
4,6,regular,1,929,915,14,905,24,10,0.9741657696447793,0.9890710382513661,1.0153005464480875,0.9815618221258136
4,6,semiregular,1,846,701,145,660,186,41,0.7801418439716312,0.9415121255349501,1.2068473609129815,0.8532643826761475
4,6,irregular,1,1048,195,853,158,890,37,0.15076335877862596,0.8102564102564103,5.374358974358974,0.25422365245374096
4,6,regular,2,923,915,8,890,33,25,0.9642470205850487,0.9726775956284153,1.008743169398907,0.9684439608269858
4,6,semiregular,2,915,701,214,683,232,18,0.746448087431694,0.9743223965763196,1.3052781740370898,0.8452970297029704
4,6,irregular,2,1415,195,1220,195,1220,0,0.13780918727915195,1.0,7.256410256410256,0.24223602484472048
4,6,regular,3,845,915,70,819,26,96,0.9692307692307692,0.8950819672131147,0.9234972677595629,0.9306818181818182
4,6,semiregular,3,808,701,107,645,163,56,0.7982673267326733,0.920114122681883,1.152639087018545,0.8548707753479127
4,6,irregular,3,1329,195,1134,195,1134,0,0.14672686230248308,1.0,6.815384615384615,0.2559055118110236
4,7,regular,1,1264,1230,34,1229,35,1,0.9723101265822784,0.9991869918699187,1.0276422764227642,0.9855653568564554
4,7,semiregular,1,1166,761,405,759,407,2,0.6509433962264151,0.9973718791064389,1.5321944809461234,0.7877529839128178
4,7,irregular,1,1836,225,1611,225,1611,0,0.12254901960784313,1.0,8.16,0.21834061135371177
4,7,regular,2,1229,1230,1,1214,15,16,0.9877949552481693,0.9869918699186991,0.9991869918699187,0.9873932492883286
4,7,semiregular,2,1148,761,387,760,388,1,0.662020905923345,0.9986859395532195,1.5085413929040736,0.7962283918281823
4,7,irregular,2,1853,225,1628,224,1629,1,0.12088505126821371,0.9955555555555555,8.235555555555555,0.21559191530317612
4,7,regular,3,1129,1230,101,1121,8,109,0.9929140832595217,0.9113821138211382,0.9178861788617886,0.950402713013989
4,7,semiregular,3,1011,761,250,739,272,22,0.7309594460929772,0.9710906701708278,1.328515111695138,0.8340857787810384
4,7,irregular,3,1534,225,1309,222,1312,3,0.14471968709256844,0.9866666666666667,6.817777777777778,0.252416145537237
4,8,regular,1,1042,1035,7,1028,14,7,0.9865642994241842,0.9932367149758454,1.0067632850241546,0.9898892633606162
4,8,semiregular,1,998,827,171,784,214,43,0.7855711422845691,0.9480048367593712,1.2067714631197097,0.8591780821917809
4,8,irregular,1,1507,243,1264,199,1308,44,0.1320504313205043,0.8189300411522634,6.20164609053498,0.22742857142857145
4,8,regular,2,1037,1035,2,1026,11,9,0.9893924783027965,0.991304347826087,1.0019323671497584,0.9903474903474904
4,8,semiregular,2,1098,827,271,816,282,11,0.7431693989071039,0.9866989117291415,1.3276904474002418,0.8477922077922079
4,8,irregular,2,2197,243,1954,243,1954,0,0.11060537096040055,1.0,9.041152263374485,0.19918032786885248
4,8,regular,3,953,1035,82,946,7,89,0.9926547743966422,0.9140096618357488,0.9207729468599034,0.9517102615694165
4,8,semiregular,3,934,827,107,763,171,64,0.816916488222698,0.9226118500604595,1.1293833131801694,0.8665530948324817
4,8,irregular,3,1811,243,1568,233,1578,10,0.12865819988956378,0.9588477366255144,7.4526748971193415,0.2268743914313535
4,9,regular,1,1077,1107,30,1072,5,35,0.9953574744661096,0.9683830171635049,0.9728997289972899,0.9816849816849818
4,9,semiregular,1,745,701,44,639,106,62,0.8577181208053691,0.9115549215406562,1.0627674750356633,0.8838174273858921
4,9,irregular,1,1244,266,978,218,1026,48,0.1752411575562701,0.8195488721804511,4.676691729323308,0.28874172185430463
4,9,regular,2,1043,1107,64,1038,5,69,0.9952061361457335,0.9376693766937669,0.9421860885275519,0.9655813953488372
4,9,semiregular,2,786,701,85,664,122,37,0.8447837150127226,0.9472182596291013,1.1212553495007134,0.8930733019502354
4,9,irregular,2,1759,266,1493,265,1494,1,0.15065378055713474,0.9962406015037594,6.612781954887218,0.2617283950617284
4,9,regular,3,1006,1107,101,1003,3,104,0.9970178926441352,0.9060523938572719,0.9087624209575429,0.9493610979649787
4,9,semiregular,3,709,701,8,635,74,66,0.8956276445698167,0.905848787446505,1.0114122681883024,0.9007092198581561
4,9,irregular,3,1393,266,1127,253,1140,13,0.18162239770279973,0.9511278195488722,5.2368421052631575,0.3050030138637734
4,10,regular,1,1012,1014,2,993,19,21,0.9812252964426877,0.9792899408284024,0.9980276134122288,0.9802566633761105
4,10,semiregular,1,878,656,222,647,231,9,0.7369020501138952,0.9862804878048781,1.3384146341463414,0.8435462842242503
4,10,irregular,1,1114,247,867,245,869,2,0.2199281867145422,0.9919028340080972,4.510121457489879,0.3600293901542983
4,10,regular,2,1049,1014,35,1013,36,1,0.9656816015252622,0.9990138067061144,1.0345167652859961,0.9820649539505575
4,10,semiregular,2,922,656,266,651,271,5,0.7060737527114967,0.9923780487804879,1.4054878048780488,0.8250950570342205
4,10,irregular,2,1517,247,1270,247,1270,0,0.16282135794330915,1.0,6.1417004048583,0.2800453514739229
4,10,regular,3,971,1014,43,953,18,61,0.9814624098867147,0.9398422090729783,0.9575936883629191,0.9602015113350127
4,10,semiregular,3,778,656,122,624,154,32,0.8020565552699229,0.9512195121951219,1.1859756097560976,0.8702928870292888
4,10,irregular,3,1360,247,1113,247,1113,0,0.18161764705882352,1.0,5.506072874493927,0.3074051026757934
4,11,regular,1,1068,1070,2,1063,5,7,0.9953183520599251,0.9934579439252337,0.9981308411214953,0.9943872778297475
4,11,semiregular,1,903,700,203,690,213,10,0.7641196013289037,0.9857142857142858,1.29,0.860885839051778
4,11,irregular,1,1158,239,919,220,938,19,0.18998272884283246,0.9205020920502092,4.845188284518828,0.31496062992125984
4,11,regular,2,1059,1070,11,1057,2,13,0.9981114258734656,0.9878504672897196,0.9897196261682243,0.9929544387036167
4,11,semiregular,2,969,700,269,698,271,2,0.7203302373581011,0.9971428571428571,1.3842857142857143,0.8364289994008388
4,11,irregular,2,1440,239,1201,239,1201,0,0.16597222222222222,1.0,6.02510460251046,0.28469326980345444
4,11,regular,3,950,1070,120,949,1,121,0.9989473684210526,0.8869158878504673,0.8878504672897196,0.9396039603960396
4,11,semiregular,3,844,700,144,665,179,35,0.7879146919431279,0.95,1.2057142857142857,0.8613989637305699
4,11,irregular,3,1256,239,1017,233,1023,6,0.18550955414012738,0.9748953974895398,5.2552301255230125,0.311705685618729
4,12,regular,1,1019,1007,12,1007,12,0,0.9882237487733072,1.0,1.0119165839126116,0.9940769990128332
4,12,semiregular,1,937,641,296,628,309,13,0.6702241195304163,0.9797191887675507,1.4617784711388455,0.7959442332065906
4,12,irregular,1,1184,204,980,195,989,9,0.16469594594594594,0.9558823529411765,5.803921568627451,0.28097982708933716
4,12,regular,2,1023,1007,16,1007,16,0,0.9843597262952102,1.0,1.015888778550149,0.9921182266009853
4,12,semiregular,2,999,641,358,633,366,8,0.6336336336336337,0.9875195007800313,1.5585023400936038,0.7719512195121951
4,12,irregular,2,1511,204,1307,204,1307,0,0.13500992720052946,1.0,7.4068627450980395,0.23790087463556853
4,12,regular,3,911,1007,96,910,1,97,0.9989023051591658,0.9036742800397219,0.9046673286991063,0.9489051094890512
4,12,semiregular,3,872,641,231,607,265,34,0.6961009174311926,0.9469578783151326,1.360374414976599,0.8023793787177792
4,12,irregular,3,1278,204,1074,203,1075,1,0.15884194053208137,0.9950980392156863,6.264705882352941,0.2739541160593792
4,13,regular,1,963,1000,37,963,0,37,1.0,0.963,0.963,0.9811512990320936
4,13,semiregular,1,967,815,152,792,175,23,0.8190279214064116,0.9717791411042945,1.1865030674846626,0.888888888888889
4,13,irregular,1,1589,216,1373,185,1404,31,0.11642542479546884,0.8564814814814815,7.356481481481482,0.20498614958448755
4,13,regular,2,990,1000,10,986,4,14,0.9959595959595959,0.986,0.99,0.9909547738693467
4,13,semiregular,2,1041,815,226,810,231,5,0.7780979827089337,0.9938650306748467,1.2773006134969325,0.8728448275862069
4,13,irregular,2,2092,216,1876,216,1876,0,0.10325047801147227,1.0,9.685185185185185,0.18717504332755633
4,13,regular,3,883,1000,117,883,0,117,1.0,0.883,0.883,0.9378651088688263
4,13,semiregular,3,916,815,101,776,140,39,0.8471615720524017,0.9521472392638037,1.123926380368098,0.8965915655690353
4,13,irregular,3,1829,216,1613,215,1614,1,0.11755057408419901,0.9953703703703703,8.467592592592593,0.21026894865525672
4,14,regular,1,1021,1052,31,1021,0,31,1.0,0.970532319391635,0.970532319391635,0.985045827303425
4,14,semiregular,1,1173,913,260,886,287,27,0.7553282182438192,0.9704271631982475,1.284775465498357,0.8494726749760306
4,14,irregular,1,1066,217,849,183,883,34,0.17166979362101314,0.8433179723502304,4.912442396313364,0.2852689010132502
4,14,regular,2,1007,1052,45,1006,1,46,0.9990069513406157,0.9562737642585551,0.9572243346007605,0.9771733851384168
4,14,semiregular,2,1264,913,351,911,353,2,0.7207278481012658,0.9978094194961665,1.3844468784227821,0.836931557188792
4,14,irregular,2,1504,217,1287,217,1287,0,0.14428191489361702,1.0,6.9308755760368665,0.25217896571760606
4,14,regular,3,970,1052,82,970,0,82,1.0,0.9220532319391636,0.9220532319391636,0.9594460929772504
4,14,semiregular,3,1126,913,213,883,243,30,0.7841918294849023,0.9671412924424972,1.2332968236582695,0.8661108386463954
4,14,irregular,3,1387,217,1170,217,1170,0,0.15645277577505406,1.0,6.391705069124424,0.27057356608478805
4,15,regular,1,971,964,7,963,8,1,0.9917610710607621,0.9989626556016598,1.0072614107883817,0.9953488372093022
4,15,semiregular,1,1001,774,227,766,235,8,0.7652347652347652,0.9896640826873385,1.29328165374677,0.8630985915492958
4,15,irregular,1,1135,218,917,205,930,13,0.18061674008810572,0.9403669724770642,5.206422018348624,0.30303030303030304
4,15,regular,2,921,964,43,920,1,44,0.998914223669924,0.9543568464730291,0.9553941908713693,0.9761273209549072
4,15,semiregular,2,1004,774,230,763,241,11,0.7599601593625498,0.9857881136950905,1.297157622739018,0.858267716535433
4,15,irregular,2,1534,218,1316,218,1316,0,0.1421121251629726,1.0,7.036697247706422,0.24885844748858446
4,15,regular,3,862,964,102,861,1,103,0.9988399071925754,0.8931535269709544,0.8941908713692946,0.9430449069003286
4,15,semiregular,3,871,774,97,722,149,52,0.8289322617680827,0.9328165374677002,1.1253229974160206,0.8778115501519758
4,15,irregular,3,1330,218,1112,213,1117,5,0.16015037593984963,0.9770642201834863,6.10091743119266,0.2751937984496124
4,16,regular,1,1123,1109,14,1107,16,2,0.9857524487978628,0.9981965734896303,1.0126239855725878,0.9919354838709677
4,16,semiregular,1,963,681,282,675,288,6,0.7009345794392523,0.9911894273127754,1.4140969162995596,0.8211678832116789
4,16,irregular,1,1404,272,1132,272,1132,0,0.19373219373219372,1.0,5.161764705882353,0.324582338902148
4,16,regular,2,1111,1109,2,1102,9,7,0.991899189918992,0.9936880072137061,1.0018034265103697,0.9927927927927929
4,16,semiregular,2,961,681,280,675,286,6,0.7023933402705516,0.9911894273127754,1.4111600587371513,0.8221680876979295
4,16,irregular,2,1415,272,1143,272,1143,0,0.192226148409894,1.0,5.202205882352941,0.3224659158269117
4,16,regular,3,1020,1109,89,1015,5,94,0.9950980392156863,0.915238954012624,0.9197475202885482,0.9534992954438704
4,16,semiregular,3,844,681,163,653,191,28,0.773696682464455,0.9588839941262849,1.2393538913362703,0.8563934426229508
4,16,irregular,3,1201,272,929,269,932,3,0.22398001665278935,0.9889705882352942,4.415441176470588,0.3652410047522064
4,17,regular,1,1024,1029,5,1022,2,7,0.998046875,0.9931972789115646,0.9951409135082604,0.9956161714564052
4,17,semiregular,1,1027,837,190,815,212,22,0.7935735150925024,0.973715651135006,1.2270011947431303,0.8744635193133047
4,17,irregular,1,1748,240,1508,239,1509,1,0.13672768878718536,0.9958333333333333,7.283333333333333,0.24044265593561368
4,17,regular,2,1018,1029,11,1012,6,17,0.9941060903732809,0.9834791059280855,0.989310009718173,0.9887640449438202
4,17,semiregular,2,1062,837,225,820,242,17,0.7721280602636534,0.9796893667861409,1.2688172043010753,0.8636124275934702
4,17,irregular,2,1815,240,1575,240,1575,0,0.1322314049586777,1.0,7.5625,0.23357664233576642
4,17,regular,3,922,1029,107,921,1,108,0.9989154013015185,0.8950437317784257,0.8960155490767736,0.9441312147616606
4,17,semiregular,3,918,837,81,776,142,61,0.8453159041394336,0.927120669056153,1.096774193548387,0.8843304843304844
4,17,irregular,3,1621,240,1381,235,1386,5,0.14497223935842074,0.9791666666666666,6.754166666666666,0.25255239118753364
4,18,regular,1,1030,1044,14,1027,3,17,0.9970873786407767,0.9837164750957854,0.9865900383141762,0.9903567984570877
4,18,semiregular,1,1007,801,206,790,217,11,0.7845084409136047,0.9862671660424469,1.2571785268414482,0.8738938053097344
4,18,irregular,1,1341,252,1089,252,1089,0,0.18791946308724833,1.0,5.321428571428571,0.3163841807909605
4,18,regular,2,1030,1044,14,1028,2,16,0.9980582524271845,0.9846743295019157,0.9865900383141762,0.991321118611379
4,18,semiregular,2,1051,801,250,792,259,9,0.7535680304471931,0.9887640449438202,1.3121098626716605,0.8552915766738661
4,18,irregular,2,1384,252,1132,252,1132,0,0.18208092485549132,1.0,5.492063492063492,0.3080684596577017
4,18,regular,3,946,1044,98,945,1,99,0.9989429175475687,0.9051724137931034,0.9061302681992337,0.949748743718593
4,18,semiregular,3,909,801,108,767,142,34,0.8437843784378438,0.9575530586766542,1.1348314606741574,0.8970760233918128
4,18,irregular,3,1166,252,914,251,915,1,0.21526586620926244,0.996031746031746,4.626984126984127,0.3540197461212976
4,19,regular,1,938,1076,138,938,0,138,1.0,0.8717472118959108,0.8717472118959108,0.9314796425024826
4,19,semiregular,1,823,753,70,694,129,59,0.8432563791008505,0.9216467463479415,1.092961487383798,0.8807106598984771
4,19,irregular,1,859,245,614,205,654,40,0.23864959254947612,0.8367346938775511,3.5061224489795917,0.37137681159420294
4,19,regular,2,1075,1076,1,1071,4,5,0.9962790697674418,0.9953531598513011,0.9990706319702602,0.99581589958159
4,19,semiregular,2,978,753,225,745,233,8,0.7617586912065439,0.9893758300132802,1.298804780876494,0.8607741190063547
4,19,irregular,2,1223,245,978,245,978,0,0.20032706459525756,1.0,4.9918367346938775,0.33378746594005454
4,19,regular,3,930,1076,146,929,1,147,0.9989247311827957,0.8633828996282528,0.8643122676579925,0.9262213359920239
4,19,semiregular,3,821,753,68,688,133,65,0.8380024360535931,0.9136786188579017,1.0903054448871181,0.8742058449809401
4,19,irregular,3,1131,245,886,237,894,8,0.20954907161803712,0.9673469387755103,4.616326530612245,0.3444767441860465
4,20,regular,1,1110,1251,141,1106,4,145,0.9963963963963964,0.8840927258193445,0.8872901678657075,0.9368911478187208
4,20,semiregular,1,998,841,157,781,217,60,0.782565130260521,0.9286563614744352,1.1866825208085612,0.8493746601413812
4,20,irregular,1,1045,252,793,196,849,56,0.1875598086124402,0.7777777777777778,4.146825396825397,0.30223592906707786
4,20,regular,2,931,1251,320,928,3,323,0.9967776584317938,0.7418065547561951,0.7442046362909672,0.8505957836846929
4,20,semiregular,2,1075,841,234,821,254,20,0.7637209302325582,0.976218787158145,1.2782401902497027,0.8569937369519833
4,20,irregular,2,1169,252,917,229,940,23,0.1958939264328486,0.9087301587301587,4.638888888888889,0.32230823363828287
4,20,regular,3,1067,1251,184,1063,4,188,0.9962511715089035,0.8497202238209433,0.8529176658673061,0.917169974115617
4,20,semiregular,3,998,841,157,787,211,54,0.7885771543086172,0.9357907253269917,1.1866825208085612,0.855899945622621
4,20,irregular,3,1193,252,941,222,971,30,0.18608549874266556,0.8809523809523809,4.734126984126984,0.30726643598615916
4,21,regular,1,957,920,37,919,38,1,0.9602925809822361,0.9989130434782608,1.0402173913043478,0.9792221630261055
4,21,semiregular,1,958,549,409,534,424,15,0.55741127348643,0.9726775956284153,1.7449908925318762,0.7086927670869276
4,21,irregular,1,996,204,792,186,810,18,0.18674698795180722,0.9117647058823529,4.882352941176471,0.31
4,21,regular,2,922,920,2,919,3,1,0.9967462039045553,0.9989130434782608,1.0021739130434784,0.997828447339848
4,21,semiregular,2,989,549,440,545,444,4,0.5510616784630941,0.9927140255009107,1.801457194899818,0.7087126137841352
4,21,irregular,2,1361,204,1157,204,1157,0,0.14988978692138133,1.0,6.671568627450981,0.260702875399361
4,21,regular,3,824,920,96,824,0,96,1.0,0.8956521739130435,0.8956521739130435,0.944954128440367
4,21,semiregular,3,856,549,307,529,327,20,0.6179906542056075,0.9635701275045537,1.5591985428051003,0.7530249110320285
4,21,irregular,3,1172,204,968,199,973,5,0.1697952218430034,0.9754901960784313,5.745098039215686,0.28924418604651164
4,22,regular,1,993,946,47,943,50,3,0.9496475327291037,0.9968287526427061,1.0496828752642706,0.9726663228468283
4,22,semiregular,1,1008,703,305,689,319,14,0.683531746031746,0.9800853485064012,1.433854907539118,0.8053769725306839
4,22,irregular,1,1106,247,859,244,862,3,0.2206148282097649,0.9878542510121457,4.477732793522267,0.36067997043606803
4,22,regular,2,939,946,7,921,18,25,0.9808306709265175,0.9735729386892178,0.992600422832981,0.9771883289124669
4,22,semiregular,2,1068,703,365,697,371,6,0.6526217228464419,0.9914651493598862,1.5192034139402562,0.7871259175607
4,22,irregular,2,1479,247,1232,246,1233,1,0.1663286004056795,0.9959514170040485,5.987854251012146,0.2850521436848204
4,22,regular,3,863,946,83,849,14,97,0.9837775202780996,0.8974630021141649,0.912262156448203,0.9386401326699834
4,22,semiregular,3,934,703,231,682,252,21,0.7301927194860813,0.9701280227596017,1.3285917496443813,0.8332315210751374
4,22,irregular,3,1300,247,1053,245,1055,2,0.18846153846153846,0.9919028340080972,5.2631578947368425,0.3167420814479638
4,23,regular,1,1045,999,46,999,46,0,0.9559808612440192,1.0,1.0460460460460461,0.977495107632094
4,23,semiregular,1,1185,835,350,826,359,9,0.6970464135021097,0.9892215568862276,1.4191616766467066,0.817821782178218
4,23,irregular,1,2533,266,2267,265,2268,1,0.10461902881958153,0.9962406015037594,9.522556390977444,0.18935334047874242
4,23,regular,2,1010,999,11,967,43,32,0.9574257425742574,0.9679679679679679,1.011011011011011,0.9626679940268791
4,23,semiregular,2,1187,835,352,828,359,7,0.6975568660488627,0.9916167664670659,1.421556886227545,0.8189910979228487
4,23,irregular,2,2594,266,2328,266,2328,0,0.10254433307632999,1.0,9.75187969924812,0.186013986013986
4,23,regular,3,957,999,42,918,39,81,0.9592476489028213,0.918918918918919,0.9579579579579579,0.9386503067484663
4,23,semiregular,3,1015,835,180,786,229,49,0.774384236453202,0.9413173652694611,1.215568862275449,0.8497297297297297
4,23,irregular,3,2202,266,1936,265,1937,1,0.12034514078110808,0.9962406015037594,8.278195488721805,0.21474878444084278
4,24,regular,1,1079,1079,0,1071,8,8,0.9925857275254866,0.9925857275254866,1.0,0.9925857275254866
4,24,semiregular,1,767,680,87,652,115,28,0.8500651890482399,0.9588235294117647,1.1279411764705882,0.9011748445058743
4,24,irregular,1,1382,247,1135,207,1175,40,0.14978292329956586,0.8380566801619433,5.5951417004048585,0.25414364640883974
4,24,regular,2,1017,1079,62,1010,7,69,0.9931170108161259,0.9360518999073216,0.9425393883225208,0.9637404580152672
4,24,semiregular,2,797,680,117,665,132,15,0.8343789209535759,0.9779411764705882,1.1720588235294118,0.9004739336492892
4,24,irregular,2,1852,247,1605,247,1605,0,0.13336933045356372,1.0,7.497975708502024,0.23535016674606957
4,24,regular,3,964,1079,115,958,6,121,0.9937759336099585,0.8878591288229842,0.8934198331788693,0.937836514929026
4,24,semiregular,3,698,680,18,609,89,71,0.8724928366762178,0.8955882352941177,1.026470588235294,0.8838896952104499
4,24,irregular,3,1659,247,1412,236,1423,11,0.14225437010247136,0.9554655870445344,6.716599190283401,0.24763903462749212
4,25,regular,1,944,946,2,941,3,5,0.996822033898305,0.9947145877378436,0.9978858350951374,0.9957671957671957
4,25,semiregular,1,970,718,252,707,263,11,0.7288659793814433,0.9846796657381616,1.350974930362117,0.8376777251184834
4,25,irregular,1,1782,207,1575,193,1589,14,0.10830527497194165,0.9323671497584541,8.608695652173912,0.19406737053795878
4,25,regular,2,914,946,32,913,1,33,0.9989059080962801,0.9651162790697675,0.9661733615221987,0.981720430107527
4,25,semiregular,2,1040,718,322,713,327,5,0.6855769230769231,0.9930362116991643,1.448467966573816,0.8111490329920363
4,25,irregular,2,2219,207,2012,207,2012,0,0.09328526363226679,1.0,10.719806763285025,0.17065127782357792
4,25,regular,3,841,946,105,841,0,105,1.0,0.8890063424947146,0.8890063424947146,0.9412423055400112
4,25,semiregular,3,926,718,208,703,223,15,0.7591792656587473,0.979108635097493,1.2896935933147633,0.8552311435523113
4,25,irregular,3,2053,207,1846,206,1847,1,0.10034096444227959,0.9951690821256038,9.917874396135266,0.1823008849557522
4,26,regular,1,1020,985,35,984,36,1,0.9647058823529412,0.9989847715736041,1.0355329949238579,0.9815461346633417
4,26,semiregular,1,990,720,270,705,285,15,0.7121212121212122,0.9791666666666666,1.375,0.8245614035087719
4,26,irregular,1,1283,214,1069,205,1078,9,0.1597817614964926,0.9579439252336449,5.9953271028037385,0.2738810955243821
4,26,regular,2,1064,985,79,985,79,0,0.9257518796992481,1.0,1.0802030456852791,0.961444607125427
4,26,semiregular,2,731,720,11,562,169,158,0.7688098495212038,0.7805555555555556,1.0152777777777777,0.7746381805651275
4,26,irregular,2,1515,214,1301,204,1311,10,0.13465346534653466,0.9532710280373832,7.079439252336448,0.23597455176402543
4,26,regular,3,1019,985,34,985,34,0,0.9666339548577036,1.0,1.0345177664974619,0.9830339321357285
4,26,semiregular,3,999,720,279,696,303,24,0.6966966966966966,0.9666666666666667,1.3875,0.8097731239092495
4,26,irregular,3,1436,214,1222,214,1222,0,0.149025069637883,1.0,6.710280373831775,0.2593939393939394
4,27,regular,1,1138,1166,28,1134,4,32,0.9964850615114236,0.9725557461406518,0.9759862778730704,0.984375
4,27,semiregular,1,909,728,181,691,218,37,0.7601760176017601,0.9491758241758241,1.2486263736263736,0.8442272449602931
4,27,irregular,1,1797,270,1527,245,1552,25,0.13633834168057873,0.9074074074074074,6.655555555555556,0.23705853894533138
4,27,regular,2,1134,1166,32,1129,5,37,0.9955908289241623,0.9682675814751286,0.9725557461406518,0.9817391304347826
4,27,semiregular,2,992,728,264,720,272,8,0.7258064516129032,0.989010989010989,1.3626373626373627,0.8372093023255814
4,27,irregular,2,2207,270,1937,270,1937,0,0.12233801540552787,1.0,8.174074074074074,0.21800565199838517
4,27,regular,3,1036,1166,130,1033,3,133,0.997104247104247,0.885934819897084,0.888507718696398,0.9382379654859219
4,27,semiregular,3,855,728,127,680,175,48,0.7953216374269005,0.9340659340659341,1.1744505494505495,0.8591282375236892
4,27,irregular,3,1888,270,1618,264,1624,6,0.13983050847457626,0.9777777777777777,6.992592592592593,0.24467099165894343
4,28,regular,1,1087,1098,11,1078,9,20,0.9917203311867525,0.9817850637522769,0.9899817850637522,0.9867276887871854
4,28,semiregular,1,1051,859,192,848,203,11,0.8068506184586108,0.9871944121071012,1.2235157159487777,0.887958115183246
4,28,irregular,1,2266,293,1973,275,1991,18,0.12135922330097088,0.9385665529010239,7.733788395904437,0.21492770613520906
4,28,regular,2,1070,1098,28,1055,15,43,0.985981308411215,0.9608378870673953,0.9744990892531876,0.9732472324723248
4,28,semiregular,2,1105,859,246,855,250,4,0.7737556561085973,0.9953434225844005,1.2863795110593714,0.8706720977596742
4,28,irregular,2,2577,293,2284,293,2284,0,0.11369809856422196,1.0,8.795221843003413,0.20418118466898955
4,28,regular,3,1074,1098,24,1062,12,36,0.9888268156424581,0.9672131147540983,0.9781420765027322,0.9779005524861879
4,28,semiregular,3,1025,859,166,839,186,20,0.8185365853658536,0.9767171129220024,1.1932479627473807,0.8906581740976646
4,28,irregular,3,2301,293,2008,292,2009,1,0.12690134724033028,0.9965870307167235,7.853242320819112,0.22513492675404778
4,29,regular,1,1133,1140,7,1131,2,9,0.9982347749338041,0.9921052631578947,0.993859649122807,0.9951605807303122
4,29,semiregular,1,1313,869,444,865,448,4,0.6587966488956588,0.9953970080552359,1.5109321058688148,0.7928505957836847
4,29,irregular,1,1357,247,1110,234,1123,13,0.17243920412675018,0.9473684210526315,5.493927125506073,0.29177057356608477
4,29,regular,2,1116,1140,24,1114,2,26,0.9982078853046595,0.9771929824561404,0.9789473684210527,0.9875886524822696
4,29,semiregular,2,1375,869,506,867,508,2,0.6305454545454545,0.997698504027618,1.5822784810126582,0.7727272727272728
4,29,irregular,2,1714,247,1467,247,1467,0,0.1441073512252042,1.0,6.939271255060729,0.2519122896481387
4,29,regular,3,1006,1140,134,1006,0,134,1.0,0.8824561403508772,0.8824561403508772,0.9375582479030755
4,29,semiregular,3,1159,869,290,835,324,34,0.7204486626402071,0.9608745684695051,1.333716915995397,0.8234714003944774
4,29,irregular,3,1502,247,1255,240,1262,7,0.15978695073235685,0.97165991902834,6.080971659919029,0.27444253859348194
4,30,regular,1,975,997,22,975,0,22,1.0,0.9779338014042126,0.9779338014042126,0.988843813387424
4,30,semiregular,1,986,810,176,794,192,16,0.8052738336713996,0.980246913580247,1.217283950617284,0.8841870824053452
4,30,irregular,1,2153,250,1903,239,1914,11,0.1110078959591268,0.956,8.612,0.19891801914273824
4,30,regular,2,973,997,24,973,0,24,1.0,0.9759277833500501,0.9759277833500501,0.9878172588832488
4,30,semiregular,2,1037,810,227,802,235,8,0.7733847637415622,0.9901234567901235,1.280246913580247,0.8684353004872766
4,30,irregular,2,2814,250,2564,250,2564,0,0.08884150675195451,1.0,11.256,0.1631853785900783
4,30,regular,3,905,997,92,905,0,92,1.0,0.9077231695085256,0.9077231695085256,0.9516298633017876
4,30,semiregular,3,894,810,84,757,137,53,0.8467561521252797,0.9345679012345679,1.1037037037037036,0.8884976525821596
4,30,irregular,3,2685,250,2435,245,2440,5,0.09124767225325885,0.98,10.74,0.16695059625212946
5,1,regular,1,948,937,11,936,12,1,0.9873417721518988,0.9989327641408752,1.0117395944503735,0.993103448275862
5,1,semiregular,1,1086,703,383,698,388,5,0.6427255985267035,0.9928876244665719,1.5448079658605975,0.7803242034656233
5,1,irregular,1,906,199,707,197,709,2,0.217439293598234,0.9899497487437185,4.552763819095477,0.35656108597285063
5,1,regular,2,1009,937,72,937,72,0,0.9286422200198216,1.0,1.0768409818569904,0.9630010277492292
5,1,semiregular,2,1150,703,447,699,451,4,0.6078260869565217,0.9943100995732574,1.635846372688478,0.7544522396114409
5,1,irregular,2,1006,199,807,199,807,0,0.1978131212723658,1.0,5.055276381909548,0.3302904564315353
5,1,regular,3,967,937,30,919,48,18,0.9503619441571872,0.9807897545357525,1.032017075773746,0.9653361344537815
5,1,semiregular,3,989,703,286,687,302,16,0.6946410515672397,0.9772403982930299,1.406827880512091,0.8120567375886526
5,1,irregular,3,860,199,661,199,661,0,0.2313953488372093,1.0,4.321608040201005,0.37582625118035884
5,2,regular,1,1111,1224,113,1102,9,122,0.991899189918992,0.9003267973856209,0.9076797385620915,0.94389721627409
5,2,semiregular,1,777,647,130,639,138,8,0.8223938223938224,0.9876352395672334,1.2009273570324575,0.8974719101123595
5,2,irregular,1,1214,217,997,213,1001,4,0.17545304777594728,0.9815668202764977,5.594470046082949,0.29769392033542974
5,2,regular,2,1134,1224,90,1124,10,100,0.9911816578483245,0.9183006535947712,0.9264705882352942,0.9533502968617471
5,2,semiregular,2,721,647,74,615,106,32,0.8529819694868238,0.9505409582689336,1.1143740340030912,0.8991228070175439
5,2,irregular,2,1296,217,1079,216,1080,1,0.16666666666666666,0.9953917050691244,5.972350230414746,0.2855254461335096
5,2,regular,3,1125,1224,99,1117,8,107,0.9928888888888889,0.9125816993464052,0.9191176470588235,0.9510429970200086
5,2,semiregular,3,761,647,114,640,121,7,0.8409986859395532,0.9891808346213292,1.1761978361669243,0.9090909090909091
5,2,irregular,3,1210,217,993,217,993,0,0.1793388429752066,1.0,5.576036866359447,0.3041345480028031
5,3,regular,1,971,1053,82,971,0,82,1.0,0.9221272554605888,0.9221272554605888,0.9594861660079052
5,3,semiregular,1,903,716,187,699,204,17,0.7740863787375415,0.9762569832402235,1.261173184357542,0.8634959851760345
5,3,irregular,1,1181,224,957,224,957,0,0.1896697713801863,1.0,5.272321428571429,0.3188612099644128
5,3,regular,2,922,1053,131,922,0,131,1.0,0.8755935422602089,0.8755935422602089,0.9336708860759493
5,3,semiregular,2,813,716,97,667,146,49,0.8204182041820418,0.9315642458100558,1.1354748603351956,0.8724656638325702
5,3,irregular,2,987,224,763,215,772,9,0.21783181357649442,0.9598214285714286,4.40625,0.35507844756399665
5,3,regular,3,952,1053,101,952,0,101,1.0,0.9040835707502374,0.9040835707502374,0.9496259351620948
5,3,semiregular,3,871,716,155,695,176,21,0.7979334098737084,0.9706703910614525,1.2164804469273742,0.8758664146187775
5,3,irregular,3,1144,224,920,224,920,0,0.1958041958041958,1.0,5.107142857142857,0.32748538011695905
5,4,regular,1,1070,1101,31,1062,8,39,0.9925233644859813,0.9645776566757494,0.971843778383288,0.9783509903270382
5,4,semiregular,1,872,614,258,598,274,16,0.6857798165137615,0.9739413680781759,1.4201954397394136,0.8048452220726783
5,4,irregular,1,1211,228,983,225,986,3,0.18579686209744012,0.9868421052631579,5.31140350877193,0.3127171646977067
5,4,regular,2,1080,1101,21,1073,7,28,0.9935185185185185,0.9745685740236149,0.9809264305177112,0.9839523154516278
5,4,semiregular,2,947,614,333,614,333,0,0.648363252375924,1.0,1.5423452768729642,0.7866752081998719
5,4,irregular,2,1369,228,1141,228,1141,0,0.16654492330168005,1.0,6.004385964912281,0.2855353788353162
5,4,regular,3,955,1101,146,948,7,153,0.9926701570680628,0.8610354223433242,0.8673932788374206,0.9221789883268482
5,4,semiregular,3,839,614,225,600,239,14,0.7151370679380215,0.9771986970684039,1.3664495114006514,0.8258774948382657
5,4,irregular,3,1238,228,1010,225,1013,3,0.18174474959612277,0.9868421052631579,5.4298245614035086,0.3069577080491132
5,5,regular,1,1005,1044,39,1005,0,39,1.0,0.9626436781609196,0.9626436781609196,0.9809663250366032
5,5,semiregular,1,1045,668,377,665,380,3,0.6363636363636364,0.9955089820359282,1.56437125748503,0.7764156450671338
5,5,irregular,1,1370,217,1153,217,1153,0,0.1583941605839416,1.0,6.313364055299539,0.2734719596723377
5,5,regular,2,958,1044,86,957,1,87,0.9989561586638831,0.9166666666666666,0.9176245210727969,0.9560439560439561
5,5,semiregular,2,976,668,308,662,314,6,0.6782786885245902,0.9910179640718563,1.4610778443113772,0.805352798053528
5,5,irregular,2,1182,217,965,206,976,11,0.17428087986463622,0.9493087557603687,5.447004608294931,0.29449606862044325
5,5,regular,3,996,1044,48,995,1,49,0.998995983935743,0.9530651340996169,0.9540229885057471,0.9754901960784315
5,5,semiregular,3,1000,668,332,665,335,3,0.665,0.9955089820359282,1.4970059880239521,0.7973621103117506
5,5,irregular,3,1360,217,1143,217,1143,0,0.15955882352941175,1.0,6.267281105990784,0.2752060875079264
5,6,regular,1,932,915,17,903,29,12,0.9688841201716738,0.9868852459016394,1.0185792349726777,0.9778018408229563
5,6,semiregular,1,887,701,186,681,206,20,0.7677564825253664,0.9714693295292439,1.2653352353780314,0.8576826196473551
5,6,irregular,1,1364,195,1169,195,1169,0,0.1429618768328446,1.0,6.994871794871795,0.2501603592046183
5,6,regular,2,951,915,36,912,39,3,0.9589905362776026,0.9967213114754099,1.039344262295082,0.977491961414791
5,6,semiregular,2,910,701,209,681,229,20,0.7483516483516484,0.9714693295292439,1.298145506419401,0.845437616387337
5,6,irregular,2,1335,195,1140,195,1140,0,0.14606741573033707,1.0,6.846153846153846,0.25490196078431376
5,6,regular,3,888,915,27,860,28,55,0.9684684684684685,0.9398907103825137,0.9704918032786886,0.9539656128674431
5,6,semiregular,3,839,701,138,665,174,36,0.7926102502979738,0.948644793152639,1.1968616262482168,0.8636363636363636
5,6,irregular,3,1333,195,1138,195,1138,0,0.14628657164291073,1.0,6.835897435897436,0.25523560209424084
5,7,regular,1,1157,1230,73,1151,6,79,0.9948141745894555,0.9357723577235773,0.9406504065040651,0.9643904482614162
5,7,semiregular,1,985,761,224,723,262,38,0.7340101522842639,0.9500657030223391,1.2943495400788436,0.8281786941580757
5,7,irregular,1,1039,225,814,141,898,84,0.13570741097208855,0.6266666666666667,4.6177777777777775,0.2231012658227848
5,7,regular,2,1140,1230,90,1132,8,98,0.9929824561403509,0.9203252032520325,0.926829268292683,0.9552742616033755
5,7,semiregular,2,1034,761,273,750,284,11,0.7253384912959381,0.985545335085414,1.3587385019710907,0.8356545961002786
5,7,irregular,2,1756,225,1531,225,1531,0,0.12813211845102507,1.0,7.804444444444444,0.22715800100959113
5,7,regular,3,1104,1230,126,1098,6,132,0.9945652173913043,0.8926829268292683,0.8975609756097561,0.9408740359897172
5,7,semiregular,3,1014,761,253,749,265,12,0.7386587771203156,0.9842312746386334,1.3324572930354797,0.8439436619718309
5,7,irregular,3,1638,225,1413,222,1416,3,0.13553113553113552,0.9866666666666667,7.28,0.23832528180354265
5,8,regular,1,988,1035,47,984,4,51,0.9959514170040485,0.9507246376811594,0.9545893719806763,0.9728126544735541
5,8,semiregular,1,992,827,165,784,208,43,0.7903225806451613,0.9480048367593712,1.199516324062878,0.8620120945574491
5,8,irregular,1,1895,243,1652,231,1664,12,0.12189973614775726,0.9506172839506173,7.79835390946502,0.21608980355472407
5,8,regular,2,967,1035,68,963,4,72,0.9958634953464323,0.9304347826086956,0.9342995169082126,0.962037962037962
5,8,semiregular,2,1011,827,184,802,209,25,0.7932739861523245,0.969770253929867,1.222490931076179,0.8726877040261154
5,8,irregular,2,1805,243,1562,225,1580,18,0.12465373961218837,0.9259259259259259,7.42798353909465,0.2197265625
5,8,regular,3,991,1035,44,985,6,50,0.9939455095862765,0.9516908212560387,0.957487922705314,0.9723593287265547
5,8,semiregular,3,980,827,153,784,196,43,0.8,0.9480048367593712,1.185006045949214,0.8677365799667959
5,8,irregular,3,1956,243,1713,237,1719,6,0.12116564417177914,0.9753086419753086,8.049382716049383,0.21555252387448842
5,9,regular,1,1021,1107,86,1017,4,90,0.9960822722820764,0.9186991869918699,0.9223125564588979,0.9558270676691729
5,9,semiregular,1,754,701,53,656,98,45,0.870026525198939,0.9358059914407989,1.0756062767475036,0.9017182130584193
5,9,irregular,1,1463,266,1197,257,1206,9,0.17566643882433355,0.9661654135338346,5.5,0.29728166570271836
5,9,regular,2,1010,1107,97,1005,5,102,0.995049504950495,0.907859078590786,0.912375790424571,0.949456778460085
5,9,semiregular,2,774,701,73,663,111,38,0.8565891472868217,0.9457917261055635,1.1041369472182596,0.8989830508474576
5,9,irregular,2,1664,266,1398,264,1400,2,0.15865384615384615,0.9924812030075187,6.2556390977443606,0.27357512953367874
5,9,regular,3,937,1107,170,933,4,174,0.9957310565635006,0.8428184281842819,0.8464317976513098,0.9129158512720157
5,9,semiregular,3,695,701,6,619,76,82,0.8906474820143885,0.8830242510699001,0.9914407988587732,0.8868194842406877
5,9,irregular,3,1530,266,1264,250,1280,16,0.16339869281045752,0.9398496240601504,5.7518796992481205,0.27839643652561247
5,10,regular,1,1047,1014,33,1007,40,7,0.9617956064947469,0.9930966469428008,1.032544378698225,0.9771955361475012
5,10,semiregular,1,881,656,225,646,235,10,0.7332576617480137,0.9847560975609756,1.3429878048780488,0.8405985686402082
5,10,irregular,1,1379,247,1132,247,1132,0,0.1791153009427121,1.0,5.582995951417004,0.30381303813038135
5,10,regular,2,1042,1014,28,1005,37,9,0.9644913627639156,0.9911242603550295,1.0276134122287968,0.9776264591439687
5,10,semiregular,2,804,656,148,635,169,21,0.7898009950248757,0.9679878048780488,1.225609756097561,0.8698630136986302
5,10,irregular,2,1009,247,762,247,762,0,0.244796828543112,1.0,4.08502024291498,0.39331210191082805
5,10,regular,3,1083,1014,69,1014,69,0,0.9362880886426593,1.0,1.0680473372781065,0.9670958512160229
5,10,semiregular,3,788,656,132,639,149,17,0.8109137055837563,0.9740853658536586,1.201219512195122,0.8850415512465375
5,10,irregular,3,746,247,499,238,508,9,0.3190348525469169,0.9635627530364372,3.020242914979757,0.47935548841893255
5,11,regular,1,1035,1070,35,1034,1,36,0.9990338164251208,0.9663551401869159,0.9672897196261683,0.9824228028503563
5,11,semiregular,1,912,700,212,693,219,7,0.7598684210526315,0.99,1.302857142857143,0.8598014888337467
5,11,irregular,1,1318,239,1079,236,1082,3,0.17905918057663125,0.9874476987447699,5.514644351464435,0.3031470777135517
5,11,regular,2,860,1070,210,860,0,210,1.0,0.8037383177570093,0.8037383177570093,0.8911917098445596
5,11,semiregular,2,814,700,114,650,164,50,0.7985257985257985,0.9285714285714286,1.1628571428571428,0.8586525759577279
5,11,irregular,2,1172,239,933,219,953,20,0.18686006825938567,0.9163179916317992,4.903765690376569,0.3104181431608788
5,11,regular,3,963,1070,107,963,0,107,1.0,0.9,0.9,0.9473684210526316
5,11,semiregular,3,866,700,166,673,193,27,0.7771362586605081,0.9614285714285714,1.237142857142857,0.859514687100894
5,11,irregular,3,1302,239,1063,227,1075,12,0.17434715821812596,0.9497907949790795,5.447698744769874,0.29461388708630765
5,12,regular,1,1033,1007,26,1007,26,0,0.9748305905130688,1.0,1.0258192651439921,0.9872549019607844
5,12,semiregular,1,944,641,303,631,313,10,0.6684322033898306,0.984399375975039,1.4726989079563182,0.7962145110410096
5,12,irregular,1,1396,204,1192,203,1193,1,0.14541547277936961,0.9950980392156863,6.8431372549019605,0.2537499999999999
5,12,regular,2,1028,1007,21,1007,21,0,0.9795719844357976,1.0,1.0208540218470705,0.9896805896805896
5,12,semiregular,2,978,641,337,630,348,11,0.6441717791411042,0.982839313572543,1.5257410296411857,0.7782581840642372
5,12,irregular,2,1424,204,1220,204,1220,0,0.14325842696629212,1.0,6.980392156862745,0.2506142506142506
5,12,regular,3,941,1007,66,941,0,66,1.0,0.9344587884806356,0.9344587884806356,0.9661190965092402
5,12,semiregular,3,883,641,242,616,267,25,0.6976217440543602,0.9609984399375975,1.3775351014040562,0.8083989501312335
5,12,irregular,3,1368,204,1164,204,1164,0,0.14912280701754385,1.0,6.705882352941177,0.2595419847328244
5,13,regular,1,999,1000,1,996,3,4,0.996996996996997,0.996,0.999,0.9964982491245623
5,13,semiregular,1,1003,815,188,804,199,11,0.8015952143569293,0.9865030674846625,1.2306748466257669,0.8844884488448845
5,13,irregular,1,1889,216,1673,213,1676,3,0.1127580730545262,0.9861111111111112,8.74537037037037,0.20237529691211403
5,13,regular,2,1009,1000,9,998,11,2,0.9890981169474727,0.998,1.009,0.9935291189646591
5,13,semiregular,2,984,815,169,799,185,16,0.8119918699186992,0.9803680981595092,1.207361963190184,0.8882712618121178
5,13,irregular,2,1927,216,1711,216,1711,0,0.11209133367929423,1.0,8.921296296296296,0.20158656089594026
5,13,regular,3,975,1000,25,974,1,26,0.9989743589743589,0.974,0.975,0.9863291139240505
5,13,semiregular,3,955,815,140,790,165,25,0.8272251308900523,0.9693251533742331,1.1717791411042944,0.8926553672316384
5,13,irregular,3,1829,216,1613,215,1614,1,0.11755057408419901,0.9953703703703703,8.467592592592593,0.21026894865525672
5,14,regular,1,965,1052,87,965,0,87,1.0,0.9173003802281369,0.9173003802281369,0.9568666336142786
5,14,semiregular,1,1204,913,291,901,303,12,0.7483388704318937,0.9868565169769989,1.3187294633077766,0.851204534718942
5,14,irregular,1,1357,217,1140,208,1149,9,0.15327929255711129,0.9585253456221198,6.253456221198157,0.26429479034307496
5,14,regular,2,978,1052,74,977,1,75,0.9989775051124744,0.9287072243346007,0.9296577946768061,0.9625615763546798
5,14,semiregular,2,1227,913,314,905,322,8,0.7375713121434393,0.9912376779846659,1.343921139101862,0.8457943925233645
5,14,irregular,2,1391,217,1174,217,1174,0,0.15600287562904386,1.0,6.410138248847926,0.26990049751243783
5,14,regular,3,870,1052,182,869,1,183,0.9988505747126437,0.8260456273764258,0.8269961977186312,0.9042663891779397
5,14,semiregular,3,1087,913,174,850,237,63,0.7819687212511499,0.9309967141292442,1.190580503833516,0.8500000000000001
5,14,irregular,3,1288,217,1071,199,1089,18,0.1545031055900621,0.9170506912442397,5.935483870967742,0.2644518272425249
5,15,regular,1,937,964,27,936,1,28,0.9989327641408752,0.970954356846473,0.9719917012448133,0.9847448711204629
5,15,semiregular,1,982,774,208,763,219,11,0.7769857433808554,0.9857881136950905,1.268733850129199,0.869020501138952
5,15,irregular,1,1420,218,1202,218,1202,0,0.15352112676056337,1.0,6.513761467889908,0.2661782661782662
5,15,regular,2,759,964,205,759,0,205,1.0,0.7873443983402489,0.7873443983402489,0.8810214741729542
5,15,semiregular,2,840,774,66,699,141,75,0.8321428571428572,0.9031007751937985,1.0852713178294573,0.8661710037174722
5,15,irregular,2,1279,218,1061,211,1068,7,0.16497263487099295,0.9678899082568807,5.86697247706422,0.2818971275885104
5,15,regular,3,887,964,77,887,0,77,1.0,0.9201244813278008,0.9201244813278008,0.958400864397623
5,15,semiregular,3,932,774,158,748,184,26,0.8025751072961373,0.9664082687338501,1.2041343669250646,0.8769050410316529
5,15,irregular,3,1385,218,1167,218,1167,0,0.15740072202166064,1.0,6.353211009174312,0.2719900187149095
5,16,regular,1,1084,1109,25,1079,5,30,0.9953874538745388,0.9729486023444545,0.9774571686203787,0.9840401276789785
5,16,semiregular,1,878,681,197,665,213,16,0.7574031890660592,0.9765051395007343,1.28928046989721,0.8531109685695959
5,16,irregular,1,1072,272,800,224,848,48,0.208955223880597,0.8235294117647058,3.9411764705882355,0.33333333333333337
5,16,regular,2,985,1109,124,980,5,129,0.9949238578680203,0.8836789900811542,0.8881875563570785,0.936007640878701
5,16,semiregular,2,823,681,142,652,171,29,0.7922235722964763,0.9574155653450808,1.208516886930984,0.8670212765957448
5,16,irregular,2,1255,272,983,272,983,0,0.21673306772908366,1.0,4.613970588235294,0.3562540929927963
5,16,regular,3,1069,1109,40,1064,5,45,0.9953227315247896,0.9594229035166817,0.9639314697926059,0.9770431588613407
5,16,semiregular,3,856,681,175,669,187,12,0.7815420560747663,0.9823788546255506,1.2569750367107195,0.870527000650618
5,16,irregular,3,1135,272,863,269,866,3,0.23700440528634362,0.9889705882352942,4.172794117647059,0.3823738450604123
5,17,regular,1,1004,1029,25,1002,2,27,0.99800796812749,0.9737609329446064,0.9757045675413022,0.985735366453517
5,17,semiregular,1,914,837,77,759,155,78,0.8304157549234136,0.9068100358422939,1.091995221027479,0.8669331810394061
5,17,irregular,1,995,240,755,167,828,73,0.1678391959798995,0.6958333333333333,4.145833333333333,0.2704453441295546
5,17,regular,2,1027,1029,2,1021,6,8,0.994157740993184,0.9922254616132167,0.9980563654033042,0.9931906614785992
5,17,semiregular,2,1034,837,197,821,213,16,0.7940038684719536,0.980884109916368,1.2353643966547192,0.8776055585248531
5,17,irregular,2,1666,240,1426,240,1426,0,0.14405762304921968,1.0,6.941666666666666,0.2518363064008394
5,17,regular,3,1006,1029,23,1004,2,25,0.9980119284294234,0.9757045675413022,0.9776482021379981,0.9867321867321868
5,17,semiregular,3,971,837,134,809,162,28,0.8331616889804325,0.966547192353644,1.1600955794504182,0.8949115044247787
5,17,irregular,3,1586,240,1346,239,1347,1,0.15069356872635561,0.9958333333333333,6.608333333333333,0.2617743702081052
5,18,regular,1,1020,1044,24,1018,2,26,0.9980392156862745,0.975095785440613,0.9770114942528736,0.9864341085271318
5,18,semiregular,1,968,801,167,778,190,23,0.8037190082644629,0.9712858926342073,1.2084893882646692,0.879592990390051
5,18,irregular,1,1086,252,834,223,863,29,0.20534069981583794,0.8849206349206349,4.309523809523809,0.3333333333333333
5,18,regular,2,1080,1044,36,1043,37,1,0.9657407407407408,0.9990421455938697,1.0344827586206897,0.9821092278719398
5,18,semiregular,2,1030,801,229,790,240,11,0.7669902912621359,0.9862671660424469,1.285892634207241,0.8629164391043146
5,18,irregular,2,1323,252,1071,252,1071,0,0.19047619047619047,1.0,5.25,0.32
5,18,regular,3,1049,1044,5,1040,9,4,0.9914204003813155,0.9961685823754789,1.0047892720306513,0.9937888198757764
5,18,semiregular,3,989,801,188,788,201,13,0.7967644084934277,0.9837702871410736,1.2347066167290885,0.8804469273743016
5,18,irregular,3,1225,252,973,252,973,0,0.2057142857142857,1.0,4.861111111111111,0.34123222748815163
5,19,regular,1,1072,1076,4,1064,8,12,0.9925373134328358,0.9888475836431226,0.9962825278810409,0.9906890130353817
5,19,semiregular,1,941,753,188,744,197,9,0.7906482465462275,0.9880478087649402,1.249667994687915,0.8783943329397875
5,19,irregular,1,1117,245,872,237,880,8,0.21217547000895254,0.9673469387755103,4.559183673469388,0.34801762114537443
5,19,regular,2,1071,1076,5,1069,2,7,0.9981325863678805,0.9934944237918215,0.9953531598513011,0.9958081043316255
5,19,semiregular,2,960,753,207,746,214,7,0.7770833333333333,0.9907038512616202,1.2749003984063745,0.8709865732632808
5,19,irregular,2,1187,245,942,244,943,1,0.2055602358887953,0.9959183673469387,4.844897959183673,0.3407821229050279
5,19,regular,3,1051,1076,25,1051,0,25,1.0,0.9767657992565055,0.9767657992565055,0.9882463563704749
5,19,semiregular,3,912,753,159,739,173,14,0.8103070175438597,0.9814077025232404,1.2111553784860558,0.8876876876876877
5,19,irregular,3,1111,245,866,243,868,2,0.21872187218721872,0.9918367346938776,4.53469387755102,0.3584070796460177
5,20,regular,1,1126,1251,125,1123,3,128,0.9973357015985791,0.8976818545163869,0.9000799360511591,0.9448885149347918
5,20,semiregular,1,1043,841,202,802,241,39,0.7689357622243528,0.9536266349583828,1.2401902497027348,0.8513800424628449
5,20,irregular,1,1157,252,905,218,939,34,0.18841832324978391,0.8650793650793651,4.591269841269841,0.3094393186657204
5,20,regular,2,1137,1251,114,1133,4,118,0.9964819700967458,0.9056754596322941,0.9088729016786571,0.9489112227805696
5,20,semiregular,2,1104,841,263,819,285,22,0.7418478260869565,0.9738406658739596,1.3127229488703924,0.842159383033419
5,20,irregular,2,1361,252,1109,242,1119,10,0.1778104335047759,0.9603174603174603,5.400793650793651,0.3000619962802232
5,20,regular,3,1075,1251,176,1071,4,180,0.9962790697674418,0.8561151079136691,0.8593125499600319,0.9208942390369732
5,20,semiregular,3,1014,841,173,792,222,49,0.7810650887573964,0.9417360285374554,1.2057074910820451,0.8539083557951482
5,20,irregular,3,1258,252,1006,232,1026,20,0.18441971383147854,0.9206349206349206,4.992063492063492,0.3072847682119205
5,21,regular,1,922,920,2,918,4,2,0.9956616052060737,0.9978260869565218,1.0021739130434784,0.996742671009772
5,21,semiregular,1,929,549,380,534,395,15,0.5748116254036598,0.9726775956284153,1.692167577413479,0.7225981055480379
5,21,irregular,1,1259,204,1055,204,1055,0,0.16203335980937253,1.0,6.171568627450981,0.278879015721121
5,21,regular,2,936,920,16,920,16,0,0.9829059829059829,1.0,1.017391304347826,0.9913793103448275
5,21,semiregular,2,958,549,409,545,413,4,0.5688935281837161,0.9927140255009107,1.7449908925318762,0.723291307232913
5,21,irregular,2,1266,204,1062,204,1062,0,0.16113744075829384,1.0,6.205882352941177,0.27755102040816326
5,21,regular,3,859,920,61,859,0,61,1.0,0.933695652173913,0.933695652173913,0.9657110736368747
5,21,semiregular,3,879,549,330,541,338,8,0.6154721274175199,0.9854280510018215,1.6010928961748634,0.7577030812324931
5,21,irregular,3,1236,204,1032,203,1033,1,0.16423948220064724,0.9950980392156863,6.0588235294117645,0.28194444444444444
5,22,regular,1,977,946,31,946,31,0,0.9682702149437052,1.0,1.03276955602537,0.983879355174207
5,22,semiregular,1,990,703,287,689,301,14,0.695959595959596,0.9800853485064012,1.4082503556187767,0.8139397519196693
5,22,irregular,1,1320,247,1073,244,1076,3,0.18484848484848485,0.9878542510121457,5.34412955465587,0.31142310146777286
5,22,regular,2,971,946,25,946,25,0,0.9742533470648815,1.0,1.0264270613107822,0.9869587897756912
5,22,semiregular,2,1053,703,350,697,356,6,0.6619183285849952,0.9914651493598862,1.4978662873399715,0.7938496583143507
5,22,irregular,2,1437,247,1190,247,1190,0,0.17188587334725122,1.0,5.817813765182186,0.29334916864608074
5,22,regular,3,915,946,31,900,15,46,0.9836065573770492,0.9513742071881607,0.96723044397463,0.9672219236969373
5,22,semiregular,3,969,703,266,695,274,8,0.717234262125903,0.9886201991465149,1.3783783783783783,0.8313397129186603
5,22,irregular,3,1315,247,1068,247,1068,0,0.18783269961977186,1.0,5.323886639676114,0.31626120358514725
5,23,regular,1,978,999,21,969,9,30,0.99079754601227,0.96996996996997,0.978978978978979,0.9802731411229135
5,23,semiregular,1,847,835,12,703,144,132,0.8299881936245572,0.8419161676646707,1.0143712574850299,0.8359096313912009
5,23,irregular,1,1220,266,954,143,1077,123,0.11721311475409836,0.5375939849624061,4.586466165413534,0.1924629878869448
5,23,regular,2,960,999,39,913,47,86,0.9510416666666667,0.913913913913914,0.960960960960961,0.9321082184788158
5,23,semiregular,2,1174,835,339,825,349,10,0.702725724020443,0.9880239520958084,1.4059880239520959,0.8213041314086612
5,23,irregular,2,2610,266,2344,265,2345,1,0.10153256704980843,0.9962406015037594,9.81203007518797,0.1842837273991655
5,23,regular,3,981,999,18,948,33,51,0.9663608562691132,0.948948948948949,0.9819819819819819,0.9575757575757576
5,23,semiregular,3,1058,835,223,804,254,31,0.7599243856332704,0.962874251497006,1.267065868263473,0.8494453248811411
5,23,irregular,3,2238,266,1972,266,1972,0,0.11885612153708669,1.0,8.413533834586467,0.2124600638977636
5,24,regular,1,1012,1079,67,1006,6,73,0.9940711462450593,0.9323447636700649,0.93790546802595,0.9622190339550455
5,24,semiregular,1,766,680,86,658,108,22,0.8590078328981723,0.9676470588235294,1.1264705882352941,0.9100968188105116
5,24,irregular,1,1648,247,1401,237,1411,10,0.14381067961165048,0.9595141700404858,6.672064777327935,0.2501319261213721
5,24,regular,2,988,1079,91,981,7,98,0.992914979757085,0.9091751621872104,0.9156626506024096,0.9492017416545719
5,24,semiregular,2,777,680,97,657,120,23,0.8455598455598455,0.9661764705882353,1.1426470588235293,0.9018531228551818
5,24,irregular,2,1771,247,1524,247,1524,0,0.13946922642574816,1.0,7.17004048582996,0.24479682854311197
5,24,regular,3,939,1079,140,933,6,146,0.9936102236421726,0.8646895273401297,0.8702502316960148,0.9246778989098117
5,24,semiregular,3,727,680,47,629,98,51,0.8651994497936726,0.925,1.0691176470588235,0.8941009239516702
5,24,irregular,3,1511,247,1264,234,1277,13,0.15486432825943083,0.9473684210526315,6.117408906882591,0.26621160409556316
5,25,regular,1,893,946,53,892,1,54,0.9988801791713325,0.9429175475687104,0.9439746300211417,0.9700924415443174
5,25,semiregular,1,959,718,241,707,252,11,0.7372262773722628,0.9846796657381616,1.3356545961002786,0.8431723315444246
5,25,irregular,1,2111,207,1904,207,1904,0,0.09805779251539555,1.0,10.198067632850242,0.17860224331320104
5,25,regular,2,894,946,52,893,1,53,0.9988814317673378,0.9439746300211417,0.945031712473573,0.9706521739130435
5,25,semiregular,2,979,718,261,712,267,6,0.7272727272727273,0.9916434540389972,1.3635097493036212,0.8391278727165586
5,25,irregular,2,1807,207,1600,202,1605,5,0.11178749308245711,0.9758454106280193,8.729468599033817,0.2005958291956306
5,25,regular,3,874,946,72,874,0,72,1.0,0.9238900634249472,0.9238900634249472,0.9604395604395605
5,25,semiregular,3,928,718,210,705,223,13,0.759698275862069,0.9818941504178273,1.2924791086350975,0.856622114216282
5,25,irregular,3,2089,207,1882,206,1883,1,0.09861177596936334,0.9951690821256038,10.091787439613526,0.1794425087108014
5,26,regular,1,1115,985,130,985,130,0,0.8834080717488789,1.0,1.131979695431472,0.9380952380952381
5,26,semiregular,1,1009,720,289,704,305,16,0.6977205153617443,0.9777777777777777,1.4013888888888888,0.8143435511856564
5,26,irregular,1,1491,214,1277,214,1277,0,0.14352783366867874,1.0,6.9672897196261685,0.25102639296187684
5,26,regular,2,1103,985,118,985,118,0,0.8930190389845875,1.0,1.1197969543147208,0.9434865900383143
5,26,semiregular,2,831,720,111,658,173,62,0.7918170878459687,0.9138888888888889,1.1541666666666666,0.8484848484848485
5,26,irregular,2,1351,214,1137,208,1143,6,0.153960029607698,0.9719626168224299,6.313084112149533,0.265814696485623
5,26,regular,3,925,985,60,917,8,68,0.9913513513513513,0.9309644670050762,0.9390862944162437,0.9602094240837696
5,26,semiregular,3,866,720,146,669,197,51,0.7725173210161663,0.9291666666666667,1.2027777777777777,0.8436317780580077
5,26,irregular,3,1440,214,1226,213,1227,1,0.14791666666666667,0.9953271028037384,6.728971962616822,0.25755743651753327
5,27,regular,1,1054,1166,112,1051,3,115,0.9971537001897534,0.9013722126929674,0.9039451114922813,0.946846846846847
5,27,semiregular,1,897,728,169,686,211,42,0.7647714604236343,0.9423076923076923,1.2321428571428572,0.8443076923076924
5,27,irregular,1,1959,270,1689,267,1692,3,0.1362940275650842,0.9888888888888889,7.2555555555555555,0.2395693135935397
5,27,regular,2,1095,1166,71,1092,3,74,0.9972602739726028,0.9365351629502573,0.9391080617495712,0.9659442724458205
5,27,semiregular,2,972,728,244,713,259,15,0.7335390946502057,0.9793956043956044,1.335164835164835,0.8388235294117646
5,27,irregular,2,2082,270,1812,269,1813,1,0.1292026897214217,0.9962962962962963,7.711111111111111,0.22874149659863943
5,27,regular,3,1069,1166,97,1066,3,100,0.9971936389148737,0.9142367066895368,0.9168096054888508,0.9539149888143176
5,27,semiregular,3,920,728,192,709,211,19,0.7706521739130435,0.9739010989010989,1.2637362637362637,0.8604368932038835
5,27,irregular,3,2005,270,1735,270,1735,0,0.13466334164588528,1.0,7.425925925925926,0.23736263736263735
5,28,regular,1,1036,1098,62,1023,13,75,0.9874517374517374,0.9316939890710383,0.9435336976320583,0.9587628865979382
5,28,semiregular,1,1017,859,158,832,185,27,0.8180924287118977,0.9685681024447031,1.1839348079161816,0.8869936034115139
5,28,irregular,1,2129,293,1836,277,1852,16,0.13010803193987788,0.9453924914675768,7.266211604095563,0.22873658133773742
5,28,regular,2,1041,1098,57,1028,13,70,0.9875120076849183,0.936247723132969,0.9480874316939891,0.9611968209443665
5,28,semiregular,2,1062,859,203,843,219,16,0.7937853107344632,0.9813736903376019,1.2363213038416763,0.8776678813118168
5,28,irregular,2,2153,293,1860,291,1862,2,0.13516024152345565,0.9931740614334471,7.348122866894198,0.23793949304987733
5,28,regular,3,1006,1098,92,994,12,104,0.9880715705765407,0.9052823315118397,0.9162112932604736,0.9448669201520913
5,28,semiregular,3,1002,859,143,820,182,39,0.8183632734530938,0.9545983701979045,1.1664726426076835,0.8812466415905427
5,28,irregular,3,2282,293,1989,289,1993,4,0.1266432953549518,0.9863481228668942,7.78839590443686,0.22446601941747574
5,29,regular,1,1070,1140,70,1070,0,70,1.0,0.9385964912280702,0.9385964912280702,0.9683257918552036
5,29,semiregular,1,1289,869,420,866,423,3,0.6718386346004654,0.996547756041427,1.4833141542002302,0.8025949953660797
5,29,irregular,1,1492,247,1245,247,1245,0,0.16554959785522788,1.0,6.040485829959514,0.2840713053479011
5,29,regular,2,1078,1140,62,1077,1,63,0.9990723562152134,0.9447368421052632,0.9456140350877194,0.9711451758340848
5,29,semiregular,2,1321,869,452,866,455,3,0.6555639666919001,0.996547756041427,1.520138089758343,0.7908675799086758
5,29,irregular,2,1621,247,1374,247,1374,0,0.15237507711289328,1.0,6.562753036437247,0.2644539614561028
5,29,regular,3,965,1140,175,964,1,176,0.9989637305699481,0.8456140350877193,0.8464912280701754,0.9159144893111639
5,29,semiregular,3,1213,869,344,858,355,11,0.7073371805441055,0.9873417721518988,1.3958573072497122,0.824207492795389
5,29,irregular,3,1514,247,1267,246,1268,1,0.16248348745046234,0.9959514170040485,6.129554655870446,0.27938671209540034
5,30,regular,1,948,997,49,948,0,49,1.0,0.950852557673019,0.950852557673019,0.9748071979434446
5,30,semiregular,1,975,810,165,794,181,16,0.8143589743589743,0.980246913580247,1.2037037037037037,0.8896358543417366
5,30,irregular,1,2459,250,2209,241,2218,9,0.09800732004880032,0.964,9.836,0.17792543373938724
5,30,regular,2,955,997,42,955,0,42,1.0,0.9578736208625878,0.9578736208625878,0.9784836065573771
5,30,semiregular,2,987,810,177,800,187,10,0.8105369807497467,0.9876543209876543,1.2185185185185186,0.8903728436282692
5,30,irregular,2,2456,250,2206,250,2206,0,0.10179153094462541,1.0,9.824,0.18477457501847747
5,30,regular,3,903,997,94,903,0,94,1.0,0.905717151454363,0.905717151454363,0.9505263157894737
5,30,semiregular,3,932,810,122,782,150,28,0.8390557939914163,0.9654320987654321,1.1506172839506172,0.8978185993111367
5,30,irregular,3,2561,250,2311,245,2316,5,0.09566575556423272,0.98,10.244,0.17431519032372822
