Test fold number,Subject,Gait,Sensor,Predicted,Actual,Difference,TP,FP,FN,PPV,Sensitivity,RCA,SDA
1,1,regular,1,931,937,6,917,14,20,0.9849624060150376,0.9786552828175027,0.9935965848452508,0.9817987152034261
1,1,semiregular,1,1022,703,319,689,333,14,0.6741682974559687,0.9800853485064012,1.4537695590327169,0.7988405797101449
1,1,irregular,1,452,199,253,170,282,29,0.37610619469026546,0.8542713567839196,2.271356783919598,0.522273425499232
1,1,regular,2,1076,937,139,937,139,0,0.870817843866171,1.0,1.1483457844183564,0.930948832588177
1,1,semiregular,2,1225,703,522,701,524,2,0.5722448979591837,0.9971550497866287,1.7425320056899005,0.7271784232365146
1,1,irregular,2,1096,199,897,199,897,0,0.18156934306569342,1.0,5.507537688442211,0.3073359073359073
1,1,regular,3,944,937,7,893,51,44,0.9459745762711864,0.9530416221985059,1.007470651013874,0.9494949494949495
1,1,semiregular,3,853,703,150,646,207,57,0.757327080890973,0.918918918918919,1.2133712660028448,0.8303341902313625
1,1,irregular,3,764,199,565,191,573,8,0.25,0.9597989949748744,3.8391959798994977,0.39667705088265837
1,2,regular,1,1091,1224,133,1081,10,143,0.9908340971585701,0.8831699346405228,0.8913398692810458,0.9339092872570194
1,2,semiregular,1,718,647,71,610,108,37,0.8495821727019499,0.9428129829984544,1.1097372488408037,0.8937728937728938
1,2,irregular,1,878,217,661,170,708,47,0.19362186788154898,0.783410138248848,4.046082949308755,0.3105022831050228
1,2,regular,2,1220,1224,4,1199,21,25,0.9827868852459016,0.9795751633986928,0.9967320261437909,0.9811783960720132
1,2,semiregular,2,846,647,199,646,200,1,0.7635933806146572,0.9984544049459042,1.3075734157650696,0.8653717347622237
1,2,irregular,2,1368,217,1151,217,1151,0,0.15862573099415206,1.0,6.304147465437788,0.2738170347003155
1,2,regular,3,1138,1224,86,1127,11,97,0.9903339191564148,0.920751633986928,0.9297385620915033,0.9542760372565622
1,2,semiregular,3,702,647,55,626,76,21,0.8917378917378918,0.9675425038639877,1.0850077279752706,0.9280948851000742
1,2,irregular,3,969,217,752,205,764,12,0.21155830753353974,0.9447004608294931,4.465437788018433,0.34569983136593596
1,3,regular,1,1043,1053,10,1035,8,18,0.9923298178331735,0.9829059829059829,0.9905033238366572,0.9875954198473282
1,3,semiregular,1,882,716,166,693,189,23,0.7857142857142857,0.9678770949720671,1.2318435754189945,0.867334167709637
1,3,irregular,1,794,224,570,183,611,41,0.2304785894206549,0.8169642857142857,3.544642857142857,0.35952848722986247
1,3,regular,2,993,1053,60,986,7,67,0.9929506545820745,0.936372269705603,0.9430199430199431,0.9638318670576735
1,3,semiregular,2,935,716,219,703,232,13,0.7518716577540107,0.9818435754189944,1.3058659217877095,0.8516050878255602
1,3,irregular,2,1125,224,901,223,902,1,0.19822222222222222,0.9955357142857143,5.022321428571429,0.3306152705707932
1,3,regular,3,1039,1053,14,1025,14,28,0.9865255052935515,0.97340930674264,0.9867046533713201,0.9799235181644359
1,3,semiregular,3,768,716,52,662,106,54,0.8619791666666666,0.9245810055865922,1.0726256983240223,0.8921832884097034
1,3,irregular,3,880,224,656,201,679,23,0.22840909090909092,0.8973214285714286,3.9285714285714284,0.3641304347826087
1,4,regular,1,1135,1101,34,1101,34,0,0.9700440528634361,1.0,1.030881017257039,0.98479427549195
1,4,semiregular,1,799,614,185,556,243,58,0.6958698372966208,0.9055374592833876,1.3013029315960911,0.7869780608634112
1,4,irregular,1,411,228,183,161,250,67,0.39172749391727496,0.706140350877193,1.8026315789473684,0.5039123630672927
1,4,regular,2,1143,1101,42,1101,42,0,0.963254593175853,1.0,1.0381471389645776,0.9812834224598931
1,4,semiregular,2,965,614,351,614,351,0,0.6362694300518135,1.0,1.5716612377850163,0.7777074097530082
1,4,irregular,2,1410,228,1182,228,1182,0,0.16170212765957448,1.0,6.184210526315789,0.2783882783882784
1,4,regular,3,1029,1101,72,1019,10,82,0.9902818270165209,0.9255222524977293,0.9346049046321526,0.9568075117370892
1,4,semiregular,3,816,614,202,604,212,10,0.7401960784313726,0.9837133550488599,1.3289902280130292,0.8447552447552448
1,4,irregular,3,974,228,746,223,751,5,0.22895277207392198,0.9780701754385965,4.271929824561403,0.37104825291181365
1,5,regular,1,1003,1044,41,999,4,45,0.996011964107677,0.9568965517241379,0.960727969348659,0.9760625305324866
1,5,semiregular,1,970,668,302,658,312,10,0.6783505154639176,0.9850299401197605,1.4520958083832336,0.8034188034188036
1,5,irregular,1,1119,217,902,182,937,35,0.16264521894548703,0.8387096774193549,5.15668202764977,0.27245508982035926
1,5,regular,2,1027,1044,17,1019,8,25,0.9922103213242454,0.9760536398467433,0.9837164750957854,0.9840656687590537
1,5,semiregular,2,1043,668,375,666,377,2,0.638542665388303,0.9970059880239521,1.561377245508982,0.7784921098772648
1,5,irregular,2,1668,217,1451,217,1451,0,0.13009592326139088,1.0,7.686635944700461,0.2302387267904509
1,5,regular,3,974,1044,70,970,4,74,0.9958932238193019,0.9291187739463601,0.9329501915708812,0.9613478691774033
1,5,semiregular,3,844,668,176,628,216,40,0.7440758293838863,0.9401197604790419,1.2634730538922156,0.8306878306878307
1,5,irregular,3,1167,217,950,216,951,1,0.18508997429305912,0.9953917050691244,5.377880184331797,0.31213872832369943
1,6,regular,1,947,915,32,907,40,8,0.9577613516367476,0.9912568306010929,1.0349726775956285,0.9742212674543501
1,6,semiregular,1,809,701,108,649,160,52,0.8022249690976514,0.9258202567760342,1.1540656205420827,0.8596026490066225
1,6,irregular,1,810,195,615,122,688,73,0.1506172839506173,0.6256410256410256,4.153846153846154,0.24278606965174132
1,6,regular,2,998,915,83,915,83,0,0.9168336673346693,1.0,1.0907103825136613,0.9566126502875065
1,6,semiregular,2,921,701,220,685,236,16,0.743756786102063,0.9771754636233951,1.3138373751783168,0.8446362515413071
1,6,irregular,2,1417,195,1222,195,1222,0,0.13761467889908258,1.0,7.266666666666667,0.24193548387096775
1,6,regular,3,934,915,19,896,38,19,0.9593147751605996,0.9792349726775956,1.0207650273224043,0.9691725256895619
1,6,semiregular,3,803,701,102,662,141,39,0.8244084682440846,0.9443651925820257,1.145506419400856,0.8803191489361702
1,6,irregular,3,959,195,764,188,771,7,0.19603753910323254,0.9641025641025641,4.917948717948718,0.3258232235701906
1,7,regular,1,1247,1230,17,1220,27,10,0.9783480352846833,0.991869918699187,1.0138211382113822,0.985062575696407
1,7,semiregular,1,973,761,212,722,251,39,0.7420349434737924,0.9487516425755584,1.278580814717477,0.8327566320645904
1,7,irregular,1,1198,225,973,152,1046,73,0.12687813021702837,0.6755555555555556,5.3244444444444445,0.21363316936050597
1,7,regular,2,1224,1230,6,1207,17,23,0.9861111111111112,0.9813008130081301,0.9951219512195122,0.9837000814995924
1,7,semiregular,2,1107,761,346,753,354,8,0.6802168021680217,0.9894875164257556,1.454664914586071,0.8062098501070664
1,7,irregular,2,1849,225,1624,223,1626,2,0.12060573282855598,0.9911111111111112,8.217777777777778,0.2150433944069431
1,7,regular,3,1292,1230,62,1227,65,3,0.9496904024767802,0.9975609756097561,1.0504065040650405,0.973037272006344
1,7,semiregular,3,916,761,155,719,197,42,0.7849344978165939,0.9448094612352168,1.2036793692509855,0.8574836016696481
1,7,irregular,3,1287,225,1062,218,1069,7,0.16938616938616938,0.9688888888888889,5.72,0.28835978835978837
1,8,regular,1,1034,1035,1,1020,14,15,0.9864603481624759,0.9855072463768116,0.9990338164251208,0.985983566940551
1,8,semiregular,1,934,827,107,755,179,72,0.8083511777301927,0.9129383313180169,1.1293833131801694,0.8574673480976718
1,8,irregular,1,703,243,460,138,565,105,0.19630156472261737,0.5679012345679012,2.8930041152263373,0.2917547568710359
1,8,regular,2,1015,1035,20,995,20,40,0.9802955665024631,0.961352657004831,0.9806763285024155,0.9707317073170733
1,8,semiregular,2,1091,827,264,816,275,11,0.7479376718606783,0.9866989117291415,1.3192261185006047,0.8508863399374348
1,8,irregular,2,2245,243,2002,241,2004,2,0.10734966592427617,0.9917695473251029,9.238683127572017,0.1937299035369775
1,8,regular,3,986,1035,49,978,8,57,0.9918864097363083,0.9449275362318841,0.9526570048309179,0.9678377041068777
1,8,semiregular,3,912,827,85,775,137,52,0.8497807017543859,0.9371221281741233,1.1027811366384523,0.8913168487636574
1,8,irregular,3,1348,243,1105,225,1123,18,0.16691394658753708,0.9259259259259259,5.5473251028806585,0.28284098051539913
1,9,regular,1,1085,1107,22,1079,6,28,0.9944700460829493,0.974706413730804,0.980126467931346,0.9844890510948906
1,9,semiregular,1,696,701,5,614,82,87,0.882183908045977,0.8758915834522111,0.992867332382311,0.8790264853256979
1,9,irregular,1,585,266,319,137,448,129,0.2341880341880342,0.5150375939849624,2.199248120300752,0.32197414806110464
1,9,regular,2,1082,1107,25,1071,11,36,0.9898336414048059,0.967479674796748,0.9774164408310749,0.9785290086797624
1,9,semiregular,2,804,701,103,674,130,27,0.8383084577114428,0.9614835948644793,1.1469329529243937,0.8956810631229236
1,9,irregular,2,1782,266,1516,265,1517,1,0.14870931537598203,0.9962406015037594,6.6992481203007515,0.2587890625
1,9,regular,3,1086,1107,21,1076,10,31,0.990791896869245,0.971996386630533,0.981029810298103,0.9813041495668035
1,9,semiregular,3,739,701,38,661,78,40,0.8944519621109608,0.9429386590584878,1.0542082738944365,0.9180555555555555
1,9,irregular,3,1218,266,952,251,967,15,0.20607553366174056,0.943609022556391,4.578947368421052,0.33827493261455527
1,10,regular,1,1006,1014,8,989,17,25,0.9831013916500994,0.97534516765286,0.9921104536489151,0.9792079207920792
1,10,semiregular,1,818,656,162,638,180,18,0.7799511002444988,0.9725609756097561,1.2469512195121952,0.8656716417910448
1,10,irregular,1,1040,247,793,245,795,2,0.23557692307692307,0.9919028340080972,4.2105263157894735,0.38073038073038074
1,10,regular,2,1111,1014,97,1012,99,2,0.9108910891089109,0.9980276134122288,1.0956607495069033,0.9524705882352941
1,10,semiregular,2,936,656,280,649,287,7,0.6933760683760684,0.989329268292683,1.4268292682926829,0.8153266331658291
1,10,irregular,2,1533,247,1286,247,1286,0,0.16112198303979125,1.0,6.206477732793522,0.27752808988764044
1,10,regular,3,978,1014,36,959,19,55,0.9805725971370143,0.9457593688362919,0.9644970414201184,0.9628514056224899
1,10,semiregular,3,754,656,98,637,117,19,0.8448275862068966,0.9710365853658537,1.149390243902439,0.9035460992907803
1,10,irregular,3,1144,247,897,238,906,9,0.20804195804195805,0.9635627530364372,4.631578947368421,0.34219985621854776
1,11,regular,1,1064,1070,6,1055,9,15,0.9915413533834586,0.985981308411215,0.994392523364486,0.9887535145267103
1,11,semiregular,1,851,700,151,666,185,34,0.782608695652174,0.9514285714285714,1.2157142857142857,0.8588007736943907
1,11,irregular,1,950,239,711,190,760,49,0.2,0.7949790794979079,3.9748953974895396,0.31959629941127
1,11,regular,2,1077,1070,7,1066,11,4,0.989786443825441,0.9962616822429906,1.0065420560747664,0.993013507219376
1,11,semiregular,2,938,700,238,689,249,11,0.7345415778251599,0.9842857142857143,1.34,0.8412698412698414
1,11,irregular,2,1560,239,1321,238,1322,1,0.15256410256410258,0.99581589958159,6.527196652719665,0.264591439688716
1,11,regular,3,992,1070,78,987,5,83,0.9949596774193549,0.922429906542056,0.9271028037383178,0.9573229873908827
1,11,semiregular,3,760,700,60,633,127,67,0.8328947368421052,0.9042857142857142,1.0857142857142856,0.8671232876712329
1,11,irregular,3,1021,239,782,218,803,21,0.21351616062683643,0.9121338912133892,4.2719665271966525,0.34603174603174597
1,12,regular,1,1032,1007,25,1007,25,0,0.9757751937984496,1.0,1.0248262164846078,0.9877390877881315
1,12,semiregular,1,874,641,233,616,258,25,0.7048054919908466,0.9609984399375975,1.3634945397815912,0.8132013201320132
1,12,irregular,1,1015,204,811,176,839,28,0.17339901477832512,0.8627450980392157,4.9754901960784315,0.2887612797374897
1,12,regular,2,1088,1007,81,1007,81,0,0.9255514705882353,1.0,1.0804369414101291,0.9613365155131265
1,12,semiregular,2,992,641,351,633,359,8,0.6381048387096774,0.9875195007800313,1.547581903276131,0.775260257195346
1,12,irregular,2,1520,204,1316,204,1316,0,0.13421052631578947,1.0,7.450980392156863,0.23665893271461716
1,12,regular,3,998,1007,9,985,13,22,0.9869739478957916,0.9781529294935452,0.9910625620655412,0.9825436408977556
1,12,semiregular,3,823,641,182,618,205,23,0.7509113001215066,0.9641185647425897,1.28393135725429,0.8442622950819673
1,12,irregular,3,1042,204,838,200,842,4,0.19193857965451055,0.9803921568627451,5.107843137254902,0.32102728731942215
1,13,regular,1,986,1000,14,981,5,19,0.9949290060851927,0.981,0.986,0.987915407854985
1,13,semiregular,1,943,815,128,782,161,33,0.8292682926829268,0.9595092024539877,1.1570552147239264,0.8896473265073946
1,13,irregular,1,1220,216,1004,97,1123,119,0.07950819672131147,0.44907407407407407,5.648148148148148,0.1350974930362117
1,13,regular,2,1036,1000,36,1000,36,0,0.9652509652509652,1.0,1.036,0.9823182711198428
1,13,semiregular,2,1031,815,216,814,217,1,0.7895247332686712,0.9987730061349693,1.2650306748466258,0.8819068255687974
1,13,irregular,2,2124,216,1908,216,1908,0,0.1016949152542373,1.0,9.833333333333334,0.18461538461538463
1,13,regular,3,1092,1000,92,1000,92,0,0.9157509157509157,1.0,1.092,0.9560229445506693
1,13,semiregular,3,869,815,54,758,111,57,0.8722669735327964,0.9300613496932515,1.0662576687116565,0.9002375296912114
1,13,irregular,3,1427,216,1211,200,1227,16,0.1401541695865452,0.9259259259259259,6.606481481481482,0.24345709068776625
1,14,regular,1,1041,1052,11,1037,4,15,0.9961575408261287,0.9857414448669202,0.9895437262357415,0.9909221213569039
1,14,semiregular,1,1129,913,216,888,241,25,0.7865367581930912,0.9726177437020811,1.2365826944140197,0.8697355533790402
1,14,irregular,1,997,217,780,168,829,49,0.16850551654964896,0.7741935483870968,4.594470046082949,0.27677100494233936
1,14,regular,2,1047,1052,5,1039,8,13,0.9923591212989494,0.9876425855513308,0.9952471482889734,0.9899952358265841
1,14,semiregular,2,1263,913,350,910,353,3,0.7205067300079177,0.9967141292442497,1.3833515881708653,0.8363970588235293
1,14,irregular,2,1488,217,1271,217,1271,0,0.14583333333333334,1.0,6.857142857142857,0.2545454545454546
1,14,regular,3,1063,1052,11,1047,16,5,0.9849482596425212,0.9952471482889734,1.0104562737642586,0.9900709219858157
1,14,semiregular,3,1127,913,214,904,223,9,0.8021295474711624,0.9901423877327492,1.234392113910186,0.8862745098039216
1,14,irregular,3,1157,217,940,214,943,3,0.18496110630942092,0.9861751152073732,5.331797235023042,0.31149927219796214
1,15,regular,1,998,964,34,964,34,0,0.9659318637274549,1.0,1.0352697095435686,0.9826707441386341
1,15,semiregular,1,976,774,202,762,214,12,0.7807377049180327,0.9844961240310077,1.2609819121447028,0.8708571428571429
1,15,irregular,1,819,218,601,172,647,46,0.21001221001221002,0.7889908256880734,3.756880733944954,0.3317261330761813
1,15,regular,2,910,964,54,903,7,61,0.9923076923076923,0.9367219917012448,0.9439834024896265,0.9637139807897546
1,15,semiregular,2,989,774,215,755,234,19,0.7633973710819009,0.975452196382429,1.2777777777777777,0.8564946114577424
1,15,irregular,2,1531,218,1313,218,1313,0,0.14239059438275636,1.0,7.022935779816514,0.24928530588907946
1,15,regular,3,851,964,113,846,5,118,0.9941245593419507,0.8775933609958506,0.8827800829875518,0.9322314049586776
1,15,semiregular,3,814,774,40,712,102,62,0.8746928746928747,0.9198966408268734,1.0516795865633075,0.8967254408060453
1,15,irregular,3,959,218,741,203,756,15,0.2116788321167883,0.9311926605504587,4.39908256880734,0.3449447748513169
1,16,regular,1,1103,1109,6,1096,7,13,0.9936536718041704,0.9882777276825969,0.9945897204688909,0.9909584086799277
1,16,semiregular,1,807,681,126,630,177,51,0.7806691449814126,0.9251101321585903,1.1850220264317182,0.8467741935483871
1,16,irregular,1,981,272,709,210,771,62,0.21406727828746178,0.7720588235294118,3.6066176470588234,0.335195530726257
1,16,regular,2,1108,1109,1,1093,15,16,0.9864620938628159,0.9855725879170424,0.9990982867448152,0.9860171402796573
1,16,semiregular,2,965,681,284,675,290,6,0.6994818652849741,0.9911894273127754,1.4170337738619676,0.8201701093560145
1,16,irregular,2,1418,272,1146,272,1146,0,0.1918194640338505,1.0,5.213235294117647,0.3218934911242604
1,16,regular,3,1070,1109,39,1059,11,50,0.9897196261682243,0.9549143372407575,0.9648331830477908,0.9720055071133548
1,16,semiregular,3,777,681,96,645,132,36,0.8301158301158301,0.947136563876652,1.1409691629955947,0.8847736625514404
1,16,irregular,3,1051,272,779,253,798,19,0.2407231208372978,0.9301470588235294,3.863970588235294,0.382464096749811
1,17,regular,1,1045,1029,16,1029,16,0,0.9846889952153111,1.0,1.0155490767735667,0.9922854387656702
1,17,semiregular,1,918,837,81,754,164,83,0.8213507625272332,0.9008363201911589,1.096774193548387,0.8592592592592593
1,17,irregular,1,948,240,708,149,799,91,0.1571729957805907,0.6208333333333333,3.95,0.25084175084175087
1,17,regular,2,1040,1029,11,1019,21,10,0.9798076923076923,0.9902818270165209,1.010689990281827,0.9850169163847269
1,17,semiregular,2,1079,837,242,821,258,16,0.7608897126969416,0.980884109916368,1.2891278375149342,0.8569937369519833
1,17,irregular,2,1807,240,1567,240,1567,0,0.13281682346430548,1.0,7.529166666666667,0.23448949682462142
1,17,regular,3,1185,1029,156,1029,156,0,0.8683544303797468,1.0,1.151603498542274,0.9295392953929539
1,17,semiregular,3,980,837,143,806,174,31,0.8224489795918367,0.9629629629629629,1.1708482676224612,0.8871766648321409
1,17,irregular,3,1270,240,1030,238,1032,2,0.18740157480314962,0.9916666666666667,5.291666666666667,0.31523178807947017
1,18,regular,1,1026,1044,18,1020,6,24,0.9941520467836257,0.9770114942528736,0.9827586206896551,0.9855072463768115
1,18,semiregular,1,917,801,116,754,163,47,0.822246455834242,0.9413233458177278,1.1448189762796503,0.8777648428405123
1,18,irregular,1,963,252,711,203,760,49,0.21079958463136034,0.8055555555555556,3.8214285714285716,0.33415637860082303
1,18,regular,2,1037,1044,7,1026,11,18,0.9893924783027965,0.9827586206896551,0.9932950191570882,0.9860643921191734
1,18,semiregular,2,1056,801,255,792,264,9,0.75,0.9887640449438202,1.3183520599250935,0.852988691437803
1,18,irregular,2,1403,252,1151,251,1152,1,0.17890235210263722,0.996031746031746,5.567460317460317,0.3033232628398792
1,18,regular,3,1026,1044,18,1011,15,33,0.9853801169590644,0.9683908045977011,0.9827586206896551,0.9768115942028985
1,18,semiregular,3,913,801,112,775,138,26,0.8488499452354874,0.9675405742821473,1.1398252184769038,0.9043173862310384
1,18,irregular,3,1037,252,785,249,788,3,0.24011571841851495,0.9880952380952381,4.115079365079365,0.38634600465477115
1,19,regular,1,1074,1076,2,1064,10,12,0.9906890130353817,0.9888475836431226,0.9981412639405205,0.9897674418604651
1,19,semiregular,1,849,753,96,711,138,42,0.8374558303886925,0.9442231075697212,1.1274900398406376,0.8876404494382022
1,19,irregular,1,651,245,406,186,465,59,0.2857142857142857,0.7591836734693878,2.657142857142857,0.41517857142857134
1,19,regular,2,1108,1076,32,1074,34,2,0.9693140794223827,0.9981412639405205,1.029739776951673,0.9835164835164836
1,19,semiregular,2,966,753,213,744,222,9,0.7701863354037267,0.9880478087649402,1.2828685258964143,0.8656195462478184
1,19,irregular,2,1214,245,969,245,969,0,0.20181219110378912,1.0,4.955102040816326,0.33584647018505825
1,19,regular,3,1047,1076,29,1038,9,38,0.9914040114613181,0.9646840148698885,0.9730483271375465,0.9778615167216204
1,19,semiregular,3,820,753,67,705,115,48,0.8597560975609756,0.9362549800796812,1.0889774236387781,0.8963763509218053
1,19,irregular,3,907,245,662,234,673,11,0.2579933847850055,0.9551020408163265,3.7020408163265306,0.40625
1,20,regular,1,1202,1251,49,1198,4,53,0.9966722129783694,0.9576338928856915,0.9608313349320543,0.9767631471667346
1,20,semiregular,1,954,841,113,776,178,65,0.8134171907756813,0.9227110582639715,1.1343638525564803,0.8646239554317549
1,20,irregular,1,544,252,292,128,416,124,0.23529411764705882,0.5079365079365079,2.1587301587301586,0.321608040201005
1,20,regular,2,1231,1251,20,1217,14,34,0.9886271324126726,0.9728217426059153,0.9840127897681854,0.9806607574536664
1,20,semiregular,2,1170,841,329,836,334,5,0.7145299145299145,0.9940546967895363,1.3912009512485137,0.8314271506713079
1,20,irregular,2,1417,252,1165,248,1169,4,0.17501764290755117,0.9841269841269841,5.623015873015873,0.29718394248052726
1,20,regular,3,1038,1251,213,1031,7,220,0.9932562620423893,0.82414068745004,0.829736211031175,0.9008300567933596
1,20,semiregular,3,896,841,55,742,154,99,0.828125,0.882282996432818,1.065398335315101,0.8543465745538285
1,20,irregular,3,856,252,604,203,653,49,0.2371495327102804,0.8055555555555556,3.3968253968253967,0.3664259927797834
1,21,regular,1,941,920,21,918,23,2,0.975557917109458,0.9978260869565218,1.0228260869565218,0.9865663621708759
1,21,semiregular,1,884,549,335,522,362,27,0.5904977375565611,0.9508196721311475,1.610200364298725,0.7285415212840195
1,21,irregular,1,696,204,492,165,531,39,0.23706896551724138,0.8088235294117647,3.411764705882353,0.36666666666666664
1,21,regular,2,965,920,45,920,45,0,0.9533678756476683,1.0,1.048913043478261,0.9761273209549072
1,21,semiregular,2,983,549,434,544,439,5,0.5534079348931842,0.9908925318761385,1.790528233151184,0.710182767624021
1,21,irregular,2,1366,204,1162,203,1163,1,0.1486090775988287,0.9950980392156863,6.696078431372549,0.2585987261146496
1,21,regular,3,954,920,34,914,40,6,0.9580712788259959,0.9934782608695653,1.0369565217391303,0.9754535752401281
1,21,semiregular,3,834,549,285,542,292,7,0.6498800959232613,0.9872495446265938,1.5191256830601092,0.7838033261026752
1,21,irregular,3,942,204,738,201,741,3,0.21337579617834396,0.9852941176470589,4.617647058823529,0.3507853403141361
1,22,regular,1,1000,946,54,944,56,2,0.944,0.9978858350951374,1.0570824524312896,0.9701952723535457
1,22,semiregular,1,850,703,147,665,185,38,0.7823529411764706,0.9459459459459459,1.209103840682788,0.8564069542820347
1,22,irregular,1,891,247,644,211,680,36,0.23681257014590348,0.854251012145749,3.6072874493927127,0.3708260105448155
1,22,regular,2,1023,946,77,946,77,0,0.9247311827956989,1.0,1.0813953488372092,0.9608938547486032
1,22,semiregular,2,1085,703,382,697,388,6,0.6423963133640553,0.9914651493598862,1.5433854907539117,0.7796420581655481
1,22,irregular,2,1478,247,1231,247,1231,0,0.16711772665764546,1.0,5.983805668016195,0.2863768115942029
1,22,regular,3,834,946,112,815,19,131,0.9772182254196643,0.861522198731501,0.8816067653276956,0.9157303370786517
1,22,semiregular,3,835,703,132,659,176,44,0.7892215568862275,0.9374110953058321,1.1877667140825034,0.8569570871261378
1,22,irregular,3,1000,247,753,246,754,1,0.246,0.9959514170040485,4.048582995951417,0.3945469125902165
1,23,regular,1,1027,999,28,997,30,2,0.9707887049659202,0.997997997997998,1.028028028028028,0.9842053307008883
1,23,semiregular,1,1000,835,165,785,215,50,0.785,0.9401197604790419,1.1976047904191616,0.8555858310626703
1,23,irregular,1,1118,266,852,145,973,121,0.129695885509839,0.5451127819548872,4.203007518796992,0.20953757225433522
1,23,regular,2,1040,999,41,973,67,26,0.9355769230769231,0.973973973973974,1.0410410410410411,0.954389406571849
1,23,semiregular,2,1345,835,510,823,522,12,0.6118959107806692,0.98562874251497,1.6107784431137724,0.755045871559633
1,23,irregular,2,2284,266,2018,264,2020,2,0.11558669001751314,0.9924812030075187,8.586466165413533,0.20705882352941177
1,23,regular,3,964,999,35,932,32,67,0.966804979253112,0.9329329329329329,0.964964964964965,0.9495669893020886
1,23,semiregular,3,992,835,157,793,199,42,0.7993951612903226,0.9497005988023952,1.1880239520958085,0.8680897646414888
1,23,irregular,3,1596,266,1330,252,1344,14,0.15789473684210525,0.9473684210526315,6.0,0.2706766917293233
1,24,regular,1,1096,1079,17,1078,18,1,0.9835766423357665,0.9990732159406858,1.015755329008341,0.991264367816092
1,24,semiregular,1,741,680,61,635,106,45,0.8569500674763832,0.9338235294117647,1.089705882352941,0.8937368050668543
1,24,irregular,1,1066,247,819,150,916,97,0.14071294559099437,0.6072874493927125,4.315789473684211,0.22848438690022851
1,24,regular,2,1063,1079,16,1047,16,32,0.9849482596425212,0.9703429101019463,0.9851714550509731,0.9775910364145658
1,24,semiregular,2,821,680,141,673,148,7,0.8197320341047503,0.9897058823529412,1.2073529411764705,0.8967355096602264
1,24,irregular,2,1880,247,1633,247,1633,0,0.13138297872340426,1.0,7.611336032388664,0.23225199811941705
1,24,regular,3,968,1079,111,960,8,119,0.9917355371900827,0.8897126969416126,0.897126969416126,0.9379579872984857
1,24,semiregular,3,664,680,16,589,75,91,0.8870481927710844,0.8661764705882353,0.9764705882352941,0.8764880952380952
1,24,irregular,3,1266,247,1019,239,1027,8,0.18878357030015797,0.9676113360323887,5.125506072874494,0.31592861863846655
1,25,regular,1,961,946,15,942,19,4,0.9802289281997919,0.9957716701902748,1.0158562367864694,0.9879391714735185
1,25,semiregular,1,891,718,173,691,200,27,0.7755331088664422,0.9623955431754875,1.2409470752089136,0.8589185829707893
1,25,irregular,1,1230,207,1023,172,1058,35,0.13983739837398373,0.8309178743961353,5.942028985507246,0.23938761308281142
1,25,regular,2,942,946,4,932,10,14,0.9893842887473461,0.985200845665962,0.9957716701902748,0.9872881355932204
1,25,semiregular,2,1079,718,361,714,365,4,0.6617238183503243,0.9944289693593314,1.5027855153203342,0.7946577629382303
1,25,irregular,2,4433,207,4226,207,4226,0,0.04669524024362734,1.0,21.415458937198068,0.08922413793103448
1,25,regular,3,846,946,100,841,5,105,0.9940898345153665,0.8890063424947146,0.8942917547568711,0.9386160714285715
1,25,semiregular,3,815,718,97,664,151,54,0.8147239263803681,0.924791086350975,1.1350974930362117,0.8662752772341814
1,25,irregular,3,1663,207,1456,196,1467,11,0.11785929043896573,0.9468599033816425,8.033816425120772,0.2096256684491979
1,26,regular,1,994,985,9,973,21,12,0.9788732394366197,0.9878172588832488,1.0091370558375634,0.9833249115715008
1,26,semiregular,1,885,720,165,674,211,46,0.7615819209039548,0.9361111111111111,1.2291666666666667,0.8398753894080998
1,26,irregular,1,1115,214,901,206,909,8,0.18475336322869956,0.9626168224299065,5.210280373831775,0.3100075244544771
1,26,regular,2,1100,985,115,985,115,0,0.8954545454545455,1.0,1.116751269035533,0.9448441247002398
1,26,semiregular,2,409,720,311,305,104,415,0.7457212713936431,0.4236111111111111,0.5680555555555555,0.5403011514614704
1,26,irregular,2,1385,214,1171,163,1222,51,0.11768953068592057,0.7616822429906542,6.47196261682243,0.2038774233896185
1,26,regular,3,1106,985,121,985,121,0,0.8905967450271248,1.0,1.1228426395939086,0.9421329507412721
1,26,semiregular,3,921,720,201,701,220,19,0.761129207383279,0.9736111111111111,1.2791666666666666,0.854357099329677
1,26,irregular,3,1197,214,983,211,986,3,0.17627401837928153,0.985981308411215,5.593457943925234,0.29907866761162294
1,27,regular,1,1135,1166,31,1129,6,37,0.9947136563876652,0.9682675814751286,0.9734133790737565,0.9813124728378965
1,27,semiregular,1,839,728,111,640,199,88,0.7628128724672228,0.8791208791208791,1.1524725274725274,0.816847479259732
1,27,irregular,1,1726,270,1456,228,1498,42,0.1320973348783314,0.8444444444444444,6.392592592592592,0.2284569138276553
1,27,regular,2,1168,1166,2,1155,13,11,0.9888698630136986,0.9905660377358491,1.0017152658662092,0.9897172236503856
1,27,semiregular,2,1006,728,278,719,287,9,0.7147117296222664,0.9876373626373627,1.3818681318681318,0.8292964244521338
1,27,irregular,2,2268,270,1998,270,1998,0,0.11904761904761904,1.0,8.4,0.21276595744680848
1,27,regular,3,1111,1166,55,1105,6,61,0.9945994599459946,0.9476843910806175,0.9528301886792453,0.9705753184014055
1,27,semiregular,3,831,728,103,697,134,31,0.838748495788207,0.9574175824175825,1.1414835164835164,0.8941629249518923
1,27,irregular,3,1484,270,1214,257,1227,13,0.17318059299191374,0.9518518518518518,5.496296296296296,0.2930444697833523
1,28,regular,1,1096,1098,2,1087,9,11,0.9917883211678832,0.9899817850637522,0.9981785063752276,0.9908842297174111
1,28,semiregular,1,1021,859,162,836,185,23,0.8188050930460333,0.9732246798603027,1.188591385331781,0.8893617021276595
1,28,irregular,1,2053,293,1760,242,1811,51,0.11787627861665854,0.825938566552901,7.006825938566553,0.20630861040068202
1,28,regular,2,1108,1098,10,1086,22,12,0.98014440433213,0.9890710382513661,1.0091074681238617,0.984587488667271
1,28,semiregular,2,1131,859,272,858,273,1,0.7586206896551724,0.9988358556461001,1.3166472642607683,0.8623115577889447
1,28,irregular,2,3277,293,2984,293,2984,0,0.08941104668904486,1.0,11.184300341296929,0.16414565826330532
1,28,regular,3,1014,1098,84,998,16,100,0.9842209072978304,0.9089253187613844,0.9234972677595629,0.9450757575757576
1,28,semiregular,3,940,859,81,809,131,50,0.8606382978723405,0.9417927823050058,1.0942956926658907,0.8993885491939966
1,28,irregular,3,1906,293,1613,266,1640,27,0.13955928646379853,0.9078498293515358,6.505119453924915,0.2419281491587085
1,29,regular,1,1126,1140,14,1121,5,19,0.9955595026642984,0.9833333333333333,0.987719298245614,0.9894086496028243
1,29,semiregular,1,1191,869,322,853,338,16,0.7162048698572628,0.9815880322209436,1.3705408515535098,0.8281553398058252
1,29,irregular,1,1221,247,974,193,1028,54,0.15806715806715807,0.7813765182186235,4.94331983805668,0.26294277929155313
1,29,regular,2,1143,1140,3,1132,11,8,0.9903762029746281,0.9929824561403509,1.0026315789473683,0.9916776171703897
1,29,semiregular,2,1355,869,486,866,489,3,0.6391143911439114,0.996547756041427,1.5592635212888377,0.7787769784172661
1,29,irregular,2,1743,247,1496,247,1496,0,0.1417096959265634,1.0,7.05668016194332,0.2482412060301508
1,29,regular,3,1087,1140,53,1079,8,61,0.9926402943882244,0.9464912280701754,0.9535087719298245,0.9690166142792994
1,29,semiregular,3,977,869,108,766,211,103,0.7840327533265097,0.8814729574223246,1.1242807825086305,0.8299024918743229
1,29,irregular,3,1141,247,894,230,911,17,0.20157756354075373,0.9311740890688259,4.619433198380567,0.33141210374639773
1,30,regular,1,983,997,14,980,3,17,0.9969481180061037,0.9829488465396189,0.9859578736208626,0.98989898989899
1,30,semiregular,1,919,810,109,767,152,43,0.8346028291621328,0.9469135802469136,1.134567901234568,0.8872180451127819
1,30,irregular,1,1542,250,1292,225,1317,25,0.14591439688715954,0.9,6.168,0.2511160714285714
1,30,regular,2,1019,997,22,997,22,0,0.9784102060843964,1.0,1.0220661985957873,0.9890873015873016
1,30,semiregular,2,1049,810,239,804,245,6,0.7664442326024785,0.9925925925925926,1.2950617283950616,0.8649811726734804
1,30,irregular,2,2824,250,2574,248,2576,2,0.08781869688385269,0.992,11.296,0.16135328562134024
1,30,regular,3,1016,997,19,993,23,4,0.9773622047244095,0.995987963891675,1.0190571715145436,0.9865871833084948
1,30,semiregular,3,899,810,89,768,131,42,0.8542825361512792,0.9481481481481482,1.1098765432098765,0.8987712112346401
1,30,irregular,3,1934,250,1684,238,1696,12,0.12306101344364012,0.952,7.736,0.21794871794871795
2,1,regular,1,979,937,42,936,43,1,0.9560776302349336,0.9989327641408752,1.0448239060832445,0.977035490605428
2,1,semiregular,1,1046,703,343,695,351,8,0.6644359464627151,0.9886201991465149,1.4879089615931722,0.7947398513436249
2,1,irregular,1,492,199,293,176,316,23,0.35772357723577236,0.8844221105527639,2.472361809045226,0.5094066570188133
2,1,regular,2,1097,937,160,937,160,0,0.854147675478578,1.0,1.1707577374599787,0.9213372664700098
2,1,semiregular,2,1214,703,511,701,513,2,0.5774299835255354,0.9971550497866287,1.7268847795163584,0.7313510693792384
2,1,irregular,2,1088,199,889,199,889,0,0.18290441176470587,1.0,5.467336683417085,0.30924630924630925
2,1,regular,3,1064,937,127,934,130,3,0.8778195488721805,0.9967982924226254,1.135538954108858,0.9335332333833083
2,1,semiregular,3,854,703,151,651,203,52,0.7622950819672131,0.9260312944523471,1.2147937411095306,0.836223506743738
2,1,irregular,3,872,199,673,188,684,11,0.21559633027522937,0.9447236180904522,4.381909547738694,0.35107376283846875
2,2,regular,1,1212,1224,12,1201,11,23,0.990924092409241,0.9812091503267973,0.9901960784313726,0.9860426929392446
2,2,semiregular,1,756,647,109,627,129,20,0.8293650793650794,0.9690880989180835,1.1684698608964452,0.8937990021382752
2,2,irregular,1,899,217,682,187,712,30,0.20800889877641823,0.8617511520737328,4.142857142857143,0.33512544802867383
2,2,regular,2,1223,1224,1,1202,21,22,0.9828291087489779,0.9820261437908496,0.9991830065359477,0.9824274621986105
2,2,semiregular,2,829,647,182,647,182,0,0.7804583835946924,1.0,1.2812982998454405,0.8766937669376694
2,2,irregular,2,1373,217,1156,217,1156,0,0.15804806991988346,1.0,6.3271889400921655,0.2729559748427673
2,2,regular,3,926,1224,298,915,11,309,0.9881209503239741,0.7475490196078431,0.7565359477124183,0.8511627906976745
2,2,semiregular,3,543,647,104,499,44,148,0.9189686924493554,0.7712519319938176,0.839258114374034,0.838655462184874
2,2,irregular,3,1143,217,926,176,967,41,0.15398075240594924,0.8110599078341014,5.267281105990784,0.25882352941176473
2,3,regular,1,1052,1053,1,1043,9,10,0.9914448669201521,0.9905033238366572,0.9990503323836657,0.9909738717339668
2,3,semiregular,1,904,716,188,694,210,22,0.7676991150442478,0.9692737430167597,1.2625698324022345,0.8567901234567901
2,3,irregular,1,862,224,638,199,663,25,0.2308584686774942,0.8883928571428571,3.8482142857142856,0.3664825046040516
2,3,regular,2,998,1053,55,991,7,62,0.9929859719438878,0.9411206077872745,0.9477682811016145,0.9663578742077036
2,3,semiregular,2,661,716,55,545,116,171,0.8245083207261724,0.7611731843575419,0.9231843575418994,0.7915758896151053
2,3,irregular,2,177,224,47,98,79,126,0.5536723163841808,0.4375,0.7901785714285714,0.48877805486284287
2,3,regular,3,986,1053,67,980,6,73,0.9939148073022313,0.9306742640075973,0.936372269705603,0.9612555174104953
2,3,semiregular,3,749,716,33,642,107,74,0.8571428571428571,0.8966480446927374,1.0460893854748603,0.8764505119453924
2,3,irregular,3,1176,224,952,215,961,9,0.1828231292517007,0.9598214285714286,5.25,0.30714285714285716
2,4,regular,1,1156,1101,55,1097,59,4,0.948961937716263,0.9963669391462306,1.0499545867393278,0.9720868409393
2,4,semiregular,1,809,614,195,566,243,48,0.6996291718170581,0.9218241042345277,1.3175895765472312,0.7955024595924103
2,4,irregular,1,541,228,313,186,355,42,0.3438077634011091,0.8157894736842105,2.3728070175438596,0.4837451235370612
2,4,regular,2,1148,1101,47,1101,47,0,0.9590592334494773,1.0,1.0426884650317894,0.9791018230324587
2,4,semiregular,2,950,614,336,610,340,4,0.6421052631578947,0.993485342019544,1.5472312703583062,0.7800511508951407
2,4,irregular,2,1406,228,1178,226,1180,2,0.16073968705547653,0.9912280701754386,6.166666666666667,0.2766217870257038
2,4,regular,3,262,1101,839,250,12,851,0.9541984732824428,0.22706630336058128,0.23796548592188918,0.36683785766691124
2,4,semiregular,3,458,614,156,326,132,288,0.7117903930131004,0.5309446254071661,0.745928338762215,0.6082089552238806
2,4,irregular,3,1129,228,901,140,989,88,0.12400354295837024,0.6140350877192983,4.951754385964913,0.20633750921149593
2,5,regular,1,1088,1044,44,1044,44,0,0.9595588235294118,1.0,1.0421455938697317,0.9793621013133209
2,5,semiregular,1,1048,668,380,665,383,3,0.6345419847328244,0.9955089820359282,1.5688622754491017,0.7750582750582751
2,5,irregular,1,1077,217,860,194,883,23,0.18012999071494892,0.8940092165898618,4.9631336405529956,0.29984544049459044
2,5,regular,2,1072,1044,28,1044,28,0,0.9738805970149254,1.0,1.0268199233716475,0.9867674858223062
2,5,semiregular,2,940,668,272,642,298,26,0.6829787234042554,0.9610778443113772,1.407185628742515,0.7985074626865671
2,5,irregular,2,262,217,45,35,227,182,0.13358778625954199,0.16129032258064516,1.207373271889401,0.1461377870563674
2,5,regular,3,849,1044,195,845,4,199,0.9952885747938751,0.8093869731800766,0.8132183908045977,0.8927628103539356
2,5,semiregular,3,774,668,106,603,171,65,0.7790697674418605,0.9026946107784432,1.158682634730539,0.8363384188626907
2,5,irregular,3,1316,217,1099,206,1110,11,0.15653495440729484,0.9493087557603687,6.064516129032258,0.26875407697325504
2,6,regular,1,959,915,44,914,45,1,0.9530761209593326,0.9989071038251366,1.048087431693989,0.9754535752401281
2,6,semiregular,1,770,701,69,635,135,66,0.8246753246753247,0.905848787446505,1.0984308131241085,0.8633582596872876
2,6,irregular,1,795,195,600,132,663,63,0.1660377358490566,0.676923076923077,4.076923076923077,0.26666666666666666
2,6,regular,2,1014,915,99,915,99,0,0.9023668639053254,1.0,1.1081967213114754,0.9486780715396579
2,6,semiregular,2,917,701,216,681,236,20,0.742639040348964,0.9714693295292439,1.3081312410841655,0.8417799752781211
2,6,irregular,2,1376,195,1181,193,1183,2,0.14026162790697674,0.9897435897435898,7.056410256410256,0.24570337364735836
2,6,regular,3,596,915,319,561,35,354,0.9412751677852349,0.6131147540983607,0.6513661202185792,0.7425545996029119
2,6,semiregular,3,563,701,138,459,104,242,0.8152753108348135,0.6547788873038516,0.8031383737517832,0.72626582278481
2,6,irregular,3,1062,195,867,151,911,44,0.14218455743879474,0.7743589743589744,5.446153846153846,0.24025457438345268
2,7,regular,1,158,1230,1072,155,3,1075,0.9810126582278481,0.12601626016260162,0.12845528455284552,0.223342939481268
2,7,semiregular,1,750,761,11,593,157,168,0.7906666666666666,0.7792378449408672,0.985545335085414,0.784910655195235
2,7,irregular,1,293,225,68,81,212,144,0.2764505119453925,0.36,1.3022222222222222,0.3127413127413127
2,7,regular,2,1246,1230,16,1217,29,13,0.9767255216693419,0.989430894308943,1.0130081300813008,0.9830371567043619
2,7,semiregular,2,1042,761,281,724,318,37,0.6948176583493282,0.9513797634691196,1.369250985545335,0.8031059345535219
2,7,irregular,2,1836,225,1611,224,1612,1,0.12200435729847495,0.9955555555555555,8.16,0.21737020863658418
2,7,regular,3,1157,1230,73,1144,13,86,0.9887640449438202,0.9300813008130081,0.9406504065040651,0.9585253456221198
2,7,semiregular,3,902,761,141,710,192,51,0.7871396895787139,0.9329829172141918,1.1852825229960577,0.8538785327720986
2,7,irregular,3,1619,225,1394,200,1419,25,0.12353304508956146,0.8888888888888888,7.195555555555556,0.21691973969631234
2,8,regular,1,1032,1035,3,1017,15,18,0.9854651162790697,0.9826086956521739,0.9971014492753624,0.9840348330914369
2,8,semiregular,1,897,827,70,710,187,117,0.7915273132664437,0.8585247883917775,1.0846432889963724,0.8236658932714618
2,8,irregular,1,976,243,733,160,816,83,0.16393442622950818,0.6584362139917695,4.016460905349795,0.26251025430680885
2,8,regular,2,213,1035,822,210,3,825,0.9859154929577465,0.2028985507246377,0.20579710144927535,0.33653846153846156
2,8,semiregular,2,384,827,443,342,42,485,0.890625,0.4135429262394196,0.46432889963724305,0.564822460776218
2,8,irregular,2,743,243,500,57,686,186,0.07671601615074024,0.2345679012345679,3.05761316872428,0.11561866125760649
2,8,regular,3,915,1035,120,909,6,126,0.9934426229508196,0.8782608695652174,0.8840579710144928,0.9323076923076924
2,8,semiregular,3,669,827,158,577,92,250,0.8624813153961136,0.6977025392986699,0.8089480048367593,0.7713903743315508
2,8,irregular,3,1093,243,850,171,922,72,0.1564501372369625,0.7037037037037037,4.497942386831276,0.2559880239520958
2,9,regular,1,1095,1107,12,1086,9,21,0.9917808219178083,0.981029810298103,0.989159891598916,0.9863760217983653
2,9,semiregular,1,699,701,2,617,82,84,0.882689556509299,0.8801711840228246,0.9971469329529244,0.8814285714285715
2,9,irregular,1,754,266,488,182,572,84,0.2413793103448276,0.6842105263157895,2.8345864661654137,0.3568627450980392
2,9,regular,2,1084,1107,23,1074,10,33,0.9907749077490775,0.9701897018970189,0.979223125564589,0.9803742583295298
2,9,semiregular,2,819,701,118,678,141,23,0.8278388278388278,0.9671897289586305,1.1683309557774608,0.8921052631578948
2,9,irregular,2,1784,266,1518,265,1519,1,0.148542600896861,0.9962406015037594,6.706766917293233,0.25853658536585367
2,9,regular,3,734,1107,373,726,8,381,0.989100817438692,0.6558265582655827,0.6630532971996387,0.7887017925040738
2,9,semiregular,3,433,701,268,379,54,322,0.8752886836027713,0.5406562054208274,0.6176890156918687,0.6684303350970017
2,9,irregular,3,1438,266,1172,178,1260,88,0.12378303198887343,0.6691729323308271,5.406015037593985,0.20892018779342722
2,10,regular,1,1075,1014,61,1008,67,6,0.9376744186046512,0.9940828402366864,1.0601577909270217,0.9650550502632839
2,10,semiregular,1,825,656,169,638,187,18,0.7733333333333333,0.9725609756097561,1.2576219512195121,0.861580013504389
2,10,irregular,1,988,247,741,236,752,11,0.2388663967611336,0.9554655870445344,4.0,0.3821862348178138
2,10,regular,2,1094,1014,80,1013,81,1,0.9259597806215722,0.9990138067061144,1.078895463510848,0.961100569259962
2,10,semiregular,2,943,656,287,650,293,6,0.689289501590668,0.9908536585365854,1.4375,0.8130081300813008
2,10,irregular,2,1502,247,1255,247,1255,0,0.1644474034620506,1.0,6.080971659919029,0.28244711263579186
2,10,regular,3,939,1014,75,905,34,109,0.9637912673056444,0.8925049309664694,0.9260355029585798,0.9267793138760881
2,10,semiregular,3,594,656,62,543,51,113,0.9141414141414141,0.8277439024390244,0.9054878048780488,0.8688
2,10,irregular,3,818,247,571,216,602,31,0.26405867970660146,0.8744939271255061,3.311740890688259,0.4056338028169014
2,11,regular,1,1105,1070,35,1065,40,5,0.9638009049773756,0.9953271028037384,1.0327102803738317,0.9793103448275862
2,11,semiregular,1,874,700,174,676,198,24,0.7734553775743707,0.9657142857142857,1.2485714285714287,0.8589580686149936
2,11,irregular,1,926,239,687,195,731,44,0.21058315334773217,0.8158995815899581,3.8744769874476988,0.334763948497854
2,11,regular,2,156,1070,914,152,4,918,0.9743589743589743,0.14205607476635515,0.14579439252336449,0.24796084828711254
2,11,semiregular,2,427,700,273,349,78,351,0.8173302107728337,0.49857142857142855,0.61,0.619343389529725
2,11,irregular,2,701,239,462,98,603,141,0.1398002853067047,0.4100418410041841,2.933054393305439,0.20851063829787236
2,11,regular,3,1035,1070,35,1013,22,57,0.978743961352657,0.9467289719626168,0.9672897196261683,0.9624703087885985
2,11,semiregular,3,773,700,73,626,147,74,0.8098318240620958,0.8942857142857142,1.1042857142857143,0.8499660556687033
2,11,irregular,3,1179,239,940,177,1002,62,0.15012722646310434,0.7405857740585774,4.933054393305439,0.24964739069111427
2,12,regular,1,1059,1007,52,1007,52,0,0.9508970727101038,1.0,1.051638530287984,0.9748305905130688
2,12,semiregular,1,885,641,244,620,265,21,0.7005649717514124,0.9672386895475819,1.3806552262090483,0.8125819134993445
2,12,irregular,1,953,204,749,184,769,20,0.1930745015739769,0.9019607843137255,4.671568627450981,0.3180639585133967
2,12,regular,2,1095,1007,88,1007,88,0,0.919634703196347,1.0,1.0873882820258192,0.9581351094196003
2,12,semiregular,2,955,641,314,621,334,20,0.650261780104712,0.968798751950078,1.4898595943837754,0.7781954887218044
2,12,irregular,2,1493,204,1289,202,1291,2,0.13529805760214333,0.9901960784313726,7.318627450980392,0.23806717737183264
2,12,regular,3,617,1007,390,610,7,397,0.9886547811993517,0.605759682224429,0.6127110228401191,0.751231527093596
2,12,semiregular,3,619,641,22,472,147,169,0.7625201938610663,0.7363494539781591,0.9656786271450858,0.7492063492063493
2,12,irregular,3,1227,204,1023,139,1088,65,0.1132844335778321,0.6813725490196079,6.014705882352941,0.19426974143955275
2,13,regular,1,1037,1000,37,1000,37,0,0.9643201542912246,1.0,1.037,0.9818360333824252
2,13,semiregular,1,930,815,115,774,156,41,0.832258064516129,0.9496932515337423,1.1411042944785277,0.887106017191977
2,13,irregular,1,1085,216,869,122,963,94,0.11244239631336406,0.5648148148148148,5.023148148148148,0.18754803996925443
2,13,regular,2,1064,1000,64,1000,64,0,0.9398496240601504,1.0,1.064,0.9689922480620156
2,13,semiregular,2,978,815,163,790,188,25,0.8077709611451943,0.9693251533742331,1.2,0.8812046848856664
2,13,irregular,2,2103,216,1887,213,1890,3,0.10128388017118402,0.9861111111111112,9.73611111111111,0.18369987063389392
2,13,regular,3,989,1000,11,971,18,29,0.9817997977755308,0.971,0.989,0.9763700351935647
2,13,semiregular,3,650,815,165,565,85,250,0.8692307692307693,0.6932515337423313,0.7975460122699386,0.7713310580204777
2,13,irregular,3,1083,216,867,161,922,55,0.14866112650046168,0.7453703703703703,5.013888888888889,0.24788298691300997
2,14,regular,1,1047,1052,5,1043,4,9,0.9961795606494747,0.9914448669201521,0.9952471482889734,0.9938065745593141
2,14,semiregular,1,1178,913,265,891,287,22,0.7563667232597623,0.9759036144578314,1.290251916757941,0.8522238163558107
2,14,irregular,1,831,217,614,172,659,45,0.2069795427196149,0.7926267281105991,3.8294930875576036,0.3282442748091603
2,14,regular,2,1049,1052,3,1043,6,9,0.994280266920877,0.9914448669201521,0.997148288973384,0.9928605425987624
2,14,semiregular,2,1266,913,353,908,358,5,0.717219589257504,0.9945235487404163,1.3866374589266155,0.833409821018816
2,14,irregular,2,931,217,714,155,776,62,0.16648764769065522,0.7142857142857143,4.290322580645161,0.2700348432055749
2,14,regular,3,388,1052,664,382,6,670,0.9845360824742269,0.36311787072243346,0.3688212927756654,0.5305555555555556
2,14,semiregular,3,646,913,267,541,105,372,0.8374613003095975,0.592552026286966,0.7075575027382256,0.6940346375881975
2,14,irregular,3,721,217,504,85,636,132,0.11789181692094314,0.391705069124424,3.3225806451612905,0.18123667377398722
2,15,regular,1,1000,964,36,964,36,0,0.964,1.0,1.037344398340249,0.9816700610997963
2,15,semiregular,1,969,774,195,761,208,13,0.7853457172342622,0.9832041343669251,1.251937984496124,0.8732071141709696
2,15,irregular,1,933,218,715,181,752,37,0.1939978563772776,0.8302752293577982,4.279816513761468,0.31450912250217206
2,15,regular,2,208,964,756,203,5,761,0.9759615384615384,0.21058091286307054,0.2157676348547718,0.3464163822525597
2,15,semiregular,2,529,774,245,440,89,334,0.831758034026465,0.5684754521963824,0.6834625322997416,0.6753645433614734
2,15,irregular,2,896,218,678,121,775,97,0.13504464285714285,0.555045871559633,4.110091743119266,0.2172351885098743
2,15,regular,3,629,964,335,625,4,339,0.9936406995230525,0.6483402489626556,0.6524896265560166,0.7846829880728187
2,15,semiregular,3,679,774,95,589,90,185,0.8674521354933726,0.7609819121447028,0.8772609819121447,0.8107364074328974
2,15,irregular,3,711,218,493,166,545,52,0.23347398030942335,0.7614678899082569,3.261467889908257,0.3573735199138859
2,16,regular,1,1121,1109,12,1108,13,1,0.9884032114183765,0.9990982867448152,1.0108205590622181,0.9937219730941705
2,16,semiregular,1,851,681,170,624,227,57,0.7332549941245593,0.9162995594713657,1.249632892804699,0.8146214099216711
2,16,irregular,1,588,272,316,154,434,118,0.2619047619047619,0.5661764705882353,2.161764705882353,0.35813953488372097
2,16,regular,2,1069,1109,40,1066,3,43,0.9971936389148737,0.9612263300270514,0.9639314697926059,0.9788797061524334
2,16,semiregular,2,634,681,47,505,129,176,0.7965299684542587,0.7415565345080763,0.9309838472834068,0.768060836501901
2,16,irregular,2,1149,272,877,272,877,0,0.23672758920800696,1.0,4.224264705882353,0.3828289936664321
2,16,regular,3,1133,1109,24,1098,35,11,0.9691085613415711,0.9900811541929666,1.0216411181244365,0.9794826048171276
2,16,semiregular,3,747,681,66,628,119,53,0.8406961178045516,0.922173274596182,1.0969162995594715,0.8795518207282913
2,16,irregular,3,717,272,445,242,475,30,0.33751743375174337,0.8897058823529411,2.636029411764706,0.48938321536905954
2,17,regular,1,1051,1029,22,1029,22,0,0.9790675547098002,1.0,1.021379980563654,0.989423076923077
2,17,semiregular,1,894,837,57,745,149,92,0.8333333333333334,0.8900836320191159,1.0681003584229392,0.8607741190063546
2,17,irregular,1,509,240,269,106,403,134,0.2082514734774067,0.44166666666666665,2.120833333333333,0.28304405874499333
2,17,regular,2,1109,1029,80,1028,81,1,0.9269612263300271,0.9990281827016521,1.0777453838678328,0.961646398503274
2,17,semiregular,2,1079,837,242,819,260,18,0.7590361445783133,0.978494623655914,1.2891278375149342,0.8549060542797494
2,17,irregular,2,1366,240,1126,236,1130,4,0.17276720351390923,0.9833333333333333,5.691666666666666,0.29389788293897884
2,17,regular,3,1225,1029,196,1029,196,0,0.84,1.0,1.1904761904761905,0.9130434782608696
2,17,semiregular,3,937,837,100,753,184,84,0.8036286019210246,0.899641577060932,1.1194743130227,0.8489289740698985
2,17,irregular,3,1591,240,1351,223,1368,17,0.14016341923318668,0.9291666666666667,6.629166666666666,0.2435827416712179
2,18,regular,1,1081,1044,37,1042,39,2,0.9639222941720629,0.9980842911877394,1.03544061302682,0.9807058823529411
2,18,semiregular,1,921,801,120,748,173,53,0.8121606948968513,0.9338327091136079,1.149812734082397,0.8687572590011614
2,18,irregular,1,710,252,458,180,530,72,0.2535211267605634,0.7142857142857143,2.8174603174603177,0.3742203742203742
2,18,regular,2,1152,1044,108,1043,109,1,0.9053819444444444,0.9990421455938697,1.103448275862069,0.9499089253187613
2,18,semiregular,2,997,801,196,743,254,58,0.7452357071213641,0.9275905118601748,1.2446941323345817,0.8264738598442716
2,18,irregular,2,1341,252,1089,248,1093,4,0.1849366144668158,0.9841269841269841,5.321428571428571,0.31136220966729444
2,18,regular,3,1026,1044,18,1016,10,28,0.9902534113060428,0.9731800766283525,0.9827586206896551,0.9816425120772947
2,18,semiregular,3,876,801,75,756,120,45,0.863013698630137,0.9438202247191011,1.0936329588014981,0.9016100178890877
2,18,irregular,3,1222,252,970,248,974,4,0.20294599018003273,0.9841269841269841,4.849206349206349,0.33649932157394846
2,19,regular,1,1140,1076,64,1073,67,3,0.9412280701754386,0.9972118959107806,1.0594795539033457,0.9684115523465704
2,19,semiregular,1,891,753,138,717,174,36,0.8047138047138047,0.952191235059761,1.1832669322709164,0.8722627737226278
2,19,irregular,1,691,245,446,196,495,49,0.28364688856729375,0.8,2.820408163265306,0.41880341880341876
2,19,regular,2,1194,1076,118,1075,119,1,0.9003350083752094,0.9990706319702602,1.1096654275092936,0.9471365638766519
2,19,semiregular,2,986,753,233,743,243,10,0.7535496957403651,0.9867197875166003,1.3094289508632138,0.8545140885566417
2,19,irregular,2,1218,245,973,241,977,4,0.19786535303776684,0.9836734693877551,4.9714285714285715,0.32946001367054
2,19,regular,3,1042,1076,34,1033,9,43,0.991362763915547,0.9600371747211895,0.9684014869888475,0.9754485363550519
2,19,semiregular,3,750,753,3,667,83,86,0.8893333333333333,0.8857901726427623,0.9960159362549801,0.8875582168995343
2,19,irregular,3,1100,245,855,221,879,24,0.2009090909090909,0.9020408163265307,4.489795918367347,0.3286245353159852
2,20,regular,1,1214,1251,37,1209,5,42,0.9958813838550247,0.9664268585131894,0.9704236610711431,0.9809330628803246
2,20,semiregular,1,972,841,131,783,189,58,0.8055555555555556,0.9310344827586207,1.1557669441141498,0.863761720904578
2,20,irregular,1,785,252,533,157,628,95,0.2,0.623015873015873,3.115079365079365,0.3027965284474446
2,20,regular,2,1226,1251,25,1212,14,39,0.9885807504078303,0.9688249400479616,0.9800159872102319,0.9786031489705288
2,20,semiregular,2,1135,841,294,828,307,13,0.7295154185022027,0.9845422116527943,1.3495838287752675,0.8380566801619433
2,20,irregular,2,1320,252,1068,244,1076,8,0.18484848484848485,0.9682539682539683,5.238095238095238,0.3104325699745547
2,20,regular,3,876,1251,375,867,9,384,0.9897260273972602,0.6930455635491607,0.7002398081534772,0.8152327221438646
2,20,semiregular,3,722,841,119,602,120,239,0.8337950138504155,0.7158145065398336,0.8585017835909632,0.7703134996801024
2,20,irregular,3,803,252,551,188,615,64,0.23412204234122042,0.746031746031746,3.1865079365079363,0.3563981042654028
2,21,regular,1,970,920,50,920,50,0,0.9484536082474226,1.0,1.0543478260869565,0.9735449735449735
2,21,semiregular,1,891,549,342,518,373,31,0.5813692480359147,0.9435336976320583,1.6229508196721312,0.7194444444444444
2,21,irregular,1,689,204,485,167,522,37,0.24238026124818576,0.8186274509803921,3.377450980392157,0.37402015677491596
2,21,regular,2,1006,920,86,920,86,0,0.9145129224652088,1.0,1.0934782608695652,0.9553478712357216
2,21,semiregular,2,991,549,442,544,447,5,0.5489404641775983,0.9908925318761385,1.8051001821493624,0.7064935064935064
2,21,irregular,2,1280,204,1076,198,1082,6,0.1546875,0.9705882352941176,6.2745098039215685,0.26684636118598387
2,21,regular,3,374,920,546,368,6,552,0.983957219251337,0.4,0.40652173913043477,0.5687789799072643
2,21,semiregular,3,690,549,141,456,234,93,0.6608695652173913,0.8306010928961749,1.2568306010928962,0.7360774818401936
2,21,irregular,3,1123,204,919,149,974,55,0.13268032056990206,0.7303921568627451,5.504901960784314,0.22456669178598346
2,22,regular,1,1036,946,90,945,91,1,0.9121621621621622,0.9989429175475687,1.095137420718816,0.9535822401614531
2,22,semiregular,1,905,703,202,677,228,26,0.7480662983425415,0.9630156472261735,1.2873399715504978,0.8420398009950248
2,22,irregular,1,945,247,698,226,719,21,0.23915343915343915,0.9149797570850202,3.825910931174089,0.37919463087248323
2,22,regular,2,1038,946,92,946,92,0,0.9113680154142582,1.0,1.0972515856236786,0.9536290322580644
2,22,semiregular,2,1072,703,369,696,376,7,0.6492537313432836,0.9900426742532006,1.5248933143669985,0.7842253521126761
2,22,irregular,2,1473,247,1226,246,1227,1,0.1670061099796334,0.9959514170040485,5.963562753036437,0.2860465116279069
2,22,regular,3,1052,946,106,942,110,4,0.8954372623574145,0.9957716701902748,1.1120507399577166,0.9429429429429429
2,22,semiregular,3,918,703,215,682,236,21,0.7429193899782135,0.9701280227596017,1.305832147937411,0.8414558914250462
2,22,irregular,3,1116,247,869,209,907,38,0.18727598566308243,0.8461538461538461,4.518218623481781,0.3066764490095378
2,23,regular,1,1066,999,67,996,70,3,0.9343339587242027,0.996996996996997,1.067067067067067,0.9646489104116223
2,23,semiregular,1,977,835,142,769,208,66,0.7871033776867963,0.9209580838323354,1.170059880239521,0.8487858719646799
2,23,irregular,1,563,266,297,116,447,150,0.20603907637655416,0.43609022556390975,2.1165413533834587,0.2798552472858866
2,23,regular,2,996,999,3,898,98,101,0.9016064257028112,0.8988988988988988,0.996996996996997,0.900250626566416
2,23,semiregular,2,1476,835,641,802,674,33,0.5433604336043361,0.9604790419161676,1.7676646706586827,0.6940718303764605
2,23,irregular,2,3518,266,3252,265,3253,1,0.07532689027856737,0.9962406015037594,13.225563909774436,0.14006342494714588
2,23,regular,3,751,999,248,713,38,286,0.9494007989347537,0.7137137137137137,0.7517517517517518,0.8148571428571428
2,23,semiregular,3,663,835,172,569,94,266,0.8582202111613876,0.681437125748503,0.7940119760479042,0.7596795727636848
2,23,irregular,3,1476,266,1210,203,1273,63,0.1375338753387534,0.7631578947368421,5.548872180451128,0.2330654420206659
2,24,regular,1,1104,1079,25,1079,25,0,0.9773550724637681,1.0,1.0231696014828544,0.9885478699038021
2,24,semiregular,1,770,680,90,651,119,29,0.8454545454545455,0.9573529411764706,1.1323529411764706,0.8979310344827587
2,24,irregular,1,1084,247,837,171,913,76,0.1577490774907749,0.6923076923076923,4.388663967611336,0.25694966190833957
2,24,regular,2,1074,1079,5,1057,17,22,0.984171322160149,0.9796107506950881,0.995366079703429,0.9818857408267534
2,24,semiregular,2,828,680,148,675,153,5,0.8152173913043478,0.9926470588235294,1.2176470588235293,0.8952254641909815
2,24,irregular,2,1891,247,1644,247,1644,0,0.13061872025383395,1.0,7.65587044534413,0.23105706267539755
2,24,regular,3,910,1079,169,902,8,177,0.9912087912087912,0.8359592215013901,0.8433734939759037,0.9069884364002011
2,24,semiregular,3,649,680,31,566,83,114,0.8721109399075501,0.8323529411764706,0.9544117647058824,0.8517682468021068
2,24,irregular,3,1564,247,1317,203,1361,44,0.12979539641943735,0.8218623481781376,6.331983805668016,0.22418553285477635
2,25,regular,1,968,946,22,945,23,1,0.9762396694214877,0.9989429175475687,1.0232558139534884,0.9874608150470221
2,25,semiregular,1,898,718,180,686,212,32,0.7639198218262806,0.9554317548746518,1.2506963788300836,0.849009900990099
2,25,irregular,1,1469,207,1262,168,1301,39,0.11436351259360109,0.8115942028985508,7.096618357487923,0.20047732696897375
2,25,regular,2,962,946,16,945,17,1,0.9823284823284824,0.9989429175475687,1.0169133192389006,0.9905660377358492
2,25,semiregular,2,770,718,52,556,214,162,0.7220779220779221,0.7743732590529248,1.0724233983286908,0.7473118279569892
2,25,irregular,2,1398,207,1191,156,1242,51,0.11158798283261803,0.7536231884057971,6.753623188405797,0.19439252336448598
2,25,regular,3,839,946,107,833,6,113,0.9928486293206198,0.8805496828752643,0.8868921775898521,0.9333333333333332
2,25,semiregular,3,720,718,2,608,112,110,0.8444444444444444,0.8467966573816156,1.0027855153203342,0.8456189151599444
2,25,irregular,3,2106,207,1899,160,1946,47,0.07597340930674264,0.7729468599033816,10.173913043478262,0.1383484651967142
2,26,regular,1,1043,985,58,985,58,0,0.9443911792905082,1.0,1.0588832487309645,0.9714003944773176
2,26,semiregular,1,880,720,160,687,193,33,0.7806818181818181,0.9541666666666667,1.2222222222222223,0.85875
2,26,irregular,1,1179,214,965,202,977,12,0.17133163698049195,0.9439252336448598,5.509345794392523,0.290021536252692
2,26,regular,2,1084,985,99,978,106,7,0.9022140221402214,0.9928934010152284,1.100507614213198,0.9453842435959401
2,26,semiregular,2,622,720,98,510,112,210,0.819935691318328,0.7083333333333334,0.8638888888888889,0.7600596125186289
2,26,irregular,2,1326,214,1112,187,1139,27,0.14102564102564102,0.8738317757009346,6.196261682242991,0.24285714285714288
2,26,regular,3,368,985,617,358,10,627,0.9728260869565217,0.3634517766497462,0.37360406091370557,0.5291943828529194
2,26,semiregular,3,332,720,388,241,91,479,0.7259036144578314,0.3347222222222222,0.46111111111111114,0.4581749049429657
2,26,irregular,3,1284,214,1070,114,1170,100,0.08878504672897196,0.5327102803738317,6.0,0.15220293724966621
2,27,regular,1,1171,1166,5,1154,17,12,0.9854824935952178,0.9897084048027445,1.004288164665523,0.9875909285408644
2,27,semiregular,1,945,728,217,687,258,41,0.726984126984127,0.9436813186813187,1.2980769230769231,0.8212791392707711
2,27,irregular,1,1787,270,1517,252,1535,18,0.14101846670397314,0.9333333333333333,6.618518518518519,0.24501701507049103
2,27,regular,2,1177,1166,11,1161,16,5,0.9864061172472387,0.9957118353344768,1.009433962264151,0.9910371318822023
2,27,semiregular,2,1023,728,295,719,304,9,0.7028347996089932,0.9876373626373627,1.4052197802197801,0.8212450028555113
2,27,irregular,2,2091,270,1821,251,1840,19,0.12003825920612148,0.9296296296296296,7.7444444444444445,0.2126217704362558
2,27,regular,3,1063,1166,103,1057,6,109,0.9943555973659455,0.9065180102915952,0.9116638078902229,0.9484073575594438
2,27,semiregular,3,749,728,21,644,105,84,0.8598130841121495,0.8846153846153846,1.0288461538461537,0.872037914691943
2,27,irregular,3,1686,270,1416,239,1447,31,0.1417556346381969,0.8851851851851852,6.2444444444444445,0.2443762781186094
2,28,regular,1,1112,1098,14,1093,19,5,0.9829136690647482,0.9954462659380692,1.0127504553734061,0.9891402714932126
2,28,semiregular,1,1008,859,149,821,187,38,0.814484126984127,0.9557625145518044,1.1734575087310826,0.8794858061060524
2,28,irregular,1,2038,293,1745,263,1775,30,0.12904808635917567,0.8976109215017065,6.955631399317406,0.22565422565422566
2,28,regular,2,1116,1098,18,1093,23,5,0.9793906810035843,0.9954462659380692,1.0163934426229508,0.987353206865402
2,28,semiregular,2,1082,859,223,824,258,35,0.7615526802218114,0.959254947613504,1.259604190919674,0.8490468830499742
2,28,irregular,2,2578,293,2285,292,2286,1,0.11326609775019394,0.9965870307167235,8.79863481228669,0.2034134447927551
2,28,regular,3,638,1098,460,626,12,472,0.9811912225705329,0.5701275045537341,0.581056466302368,0.7211981566820277
2,28,semiregular,3,658,859,201,560,98,299,0.851063829787234,0.6519208381839348,0.7660069848661234,0.7382992748846408
2,28,irregular,3,2104,293,1811,236,1868,57,0.11216730038022814,0.8054607508532423,7.180887372013652,0.196912807676262
2,29,regular,1,1168,1140,28,1139,29,1,0.9751712328767124,0.9991228070175439,1.024561403508772,0.987001733102253
2,29,semiregular,1,1252,869,383,861,391,8,0.6876996805111821,0.9907940161104718,1.4407364787111623,0.8118811881188118
2,29,irregular,1,1193,247,946,216,977,31,0.18105616093880972,0.8744939271255061,4.82995951417004,0.3
2,29,regular,2,1150,1140,10,1131,19,9,0.9834782608695652,0.9921052631578947,1.0087719298245614,0.9877729257641921
2,29,semiregular,2,1317,869,448,851,466,18,0.6461655277145026,0.9792865362485615,1.5155350978135789,0.778591033851784
2,29,irregular,2,1704,247,1457,243,1461,4,0.1426056338028169,0.9838056680161943,6.898785425101215,0.24910302409021015
2,29,regular,3,857,1140,283,852,5,288,0.9941656942823804,0.7473684210526316,0.7517543859649123,0.8532799198798198
2,29,semiregular,3,1022,869,153,829,193,40,0.8111545988258317,0.953970080552359,1.1760644418872268,0.8767847699629826
2,29,irregular,3,1316,247,1069,197,1119,50,0.14969604863221886,0.7975708502024291,5.327935222672065,0.25207933461292387
2,30,regular,1,1003,997,6,991,12,6,0.9880358923230309,0.9939819458375125,1.0060180541624875,0.991
2,30,semiregular,1,924,810,114,766,158,44,0.829004329004329,0.945679012345679,1.1407407407407408,0.8835063437139562
2,30,irregular,1,1826,250,1576,219,1607,31,0.11993428258488499,0.876,7.304,0.21098265895953755
2,30,regular,2,1024,997,27,997,27,0,0.9736328125,1.0,1.0270812437311936,0.9866402770905492
2,30,semiregular,2,1048,810,238,803,245,7,0.7662213740458015,0.991358024691358,1.2938271604938272,0.8643702906350914
2,30,irregular,2,2158,250,1908,245,1913,5,0.11353104726598702,0.98,8.632,0.20348837209302326
2,30,regular,3,724,997,273,717,7,280,0.9903314917127072,0.7191574724172518,0.7261785356068204,0.8332364904125509
2,30,semiregular,3,830,810,20,704,126,106,0.8481927710843373,0.8691358024691358,1.0246913580246915,0.8585365853658536
2,30,irregular,3,1428,250,1178,136,1292,114,0.09523809523809523,0.544,5.712,0.16209773539928488
3,1,regular,1,950,937,13,934,16,3,0.9831578947368421,0.9967982924226254,1.0138740661686232,0.9899311075781664
3,1,semiregular,1,981,703,278,680,301,23,0.6931702344546381,0.9672830725462305,1.395448079658606,0.8076009501187649
3,1,irregular,1,523,199,324,172,351,27,0.32887189292543023,0.864321608040201,2.628140703517588,0.47645429362880887
3,1,regular,2,1062,937,125,937,125,0,0.8822975517890772,1.0,1.1334044823906084,0.9374687343671836
3,1,semiregular,2,1179,703,476,702,477,1,0.5954198473282443,0.9985775248933144,1.6770981507823612,0.7460148777895855
3,1,irregular,2,1051,199,852,199,852,0,0.18934348239771645,1.0,5.28140703517588,0.31839999999999996
3,1,regular,3,718,937,219,708,10,229,0.9860724233983287,0.7556029882604055,0.7662753468516542,0.8555891238670695
3,1,semiregular,3,488,703,215,402,86,301,0.8237704918032787,0.5718349928876245,0.6941678520625889,0.6750629722921915
3,1,irregular,3,179,199,20,92,87,107,0.5139664804469274,0.4623115577889447,0.8994974874371859,0.4867724867724868
3,2,regular,1,1164,1224,60,1158,6,66,0.9948453608247423,0.946078431372549,0.9509803921568627,0.9698492462311558
3,2,semiregular,1,735,647,88,618,117,29,0.8408163265306122,0.955177743431221,1.1360123647604328,0.894356005788712
3,2,irregular,1,894,217,677,152,742,65,0.17002237136465326,0.7004608294930875,4.119815668202765,0.27362736273627364
3,2,regular,2,1204,1224,20,1184,20,40,0.9833887043189369,0.9673202614379085,0.9836601307189542,0.9752883031301484
3,2,semiregular,2,825,647,178,645,180,2,0.7818181818181819,0.9969088098918083,1.2751159196290571,0.8763586956521738
3,2,irregular,2,1296,217,1079,217,1079,0,0.16743827160493827,1.0,5.972350230414746,0.28684732319894246
3,2,regular,3,1077,1224,147,1071,6,153,0.9944289693593314,0.875,0.8799019607843137,0.9308996088657104
3,2,semiregular,3,451,647,196,424,27,223,0.9401330376940134,0.6553323029366306,0.6970633693972179,0.7723132969034607
3,2,irregular,3,864,217,647,147,717,70,0.1701388888888889,0.6774193548387096,3.9815668202764978,0.27197039777983345
3,3,regular,1,1019,1053,34,1014,5,39,0.9950932286555446,0.9629629629629629,0.9677113010446344,0.9787644787644788
3,3,semiregular,1,883,716,167,690,193,26,0.7814269535673839,0.9636871508379888,1.2332402234636872,0.8630393996247655
3,3,irregular,1,887,224,663,168,719,56,0.18940248027057496,0.75,3.9598214285714284,0.30243024302430244
3,3,regular,2,650,1053,403,645,5,408,0.9923076923076923,0.6125356125356125,0.6172839506172839,0.7574867880211391
3,3,semiregular,2,387,716,329,341,46,375,0.8811369509043928,0.4762569832402235,0.5405027932960894,0.6183136899365367
3,3,irregular,2,19,224,205,19,0,205,1.0,0.08482142857142858,0.08482142857142858,0.15637860082304528
3,3,regular,3,895,1053,158,891,4,162,0.9955307262569832,0.8461538461538461,0.8499525166191833,0.9147843942505134
3,3,semiregular,3,441,716,275,381,60,335,0.8639455782312925,0.5321229050279329,0.6159217877094972,0.658599827139153
3,3,irregular,3,357,224,133,141,216,83,0.3949579831932773,0.6294642857142857,1.59375,0.4853700516351118
3,4,regular,1,1129,1101,28,1098,31,3,0.9725420726306466,0.997275204359673,1.025431425976385,0.9847533632286996
3,4,semiregular,1,772,614,158,546,226,68,0.7072538860103627,0.8892508143322475,1.257328990228013,0.7878787878787878
3,4,irregular,1,658,228,430,180,478,48,0.2735562310030395,0.7894736842105263,2.8859649122807016,0.4063205417607223
3,4,regular,2,1127,1101,26,1101,26,0,0.976929902395741,1.0,1.0236148955495004,0.9883303411131059
3,4,semiregular,2,529,614,85,428,101,186,0.8090737240075614,0.6970684039087948,0.8615635179153095,0.7489063867016621
3,4,irregular,2,291,228,63,163,128,65,0.5601374570446735,0.7149122807017544,1.2763157894736843,0.628131021194605
3,4,regular,3,373,1101,728,363,10,738,0.9731903485254692,0.329700272479564,0.3387829246139873,0.49253731343283574
3,4,semiregular,3,265,614,349,205,60,409,0.7735849056603774,0.3338762214983713,0.43159609120521175,0.4664391353811149
3,4,irregular,3,748,228,520,60,688,168,0.08021390374331551,0.2631578947368421,3.280701754385965,0.12295081967213116
3,5,regular,1,1050,1044,6,1041,9,3,0.9914285714285714,0.9971264367816092,1.0057471264367817,0.994269340974212
3,5,semiregular,1,1005,668,337,659,346,9,0.6557213930348259,0.9865269461077845,1.5044910179640718,0.7878063359234907
3,5,irregular,1,1164,217,947,174,990,43,0.14948453608247422,0.8018433179723502,5.364055299539171,0.2519913106444605
3,5,regular,2,728,1044,316,725,3,319,0.9958791208791209,0.6944444444444444,0.6973180076628352,0.8182844243792325
3,5,semiregular,2,204,668,464,156,48,512,0.7647058823529411,0.23353293413173654,0.30538922155688625,0.3577981651376147
3,5,irregular,2,94,217,123,8,86,209,0.0851063829787234,0.03686635944700461,0.43317972350230416,0.051446945337620585
3,5,regular,3,803,1044,241,800,3,244,0.9962640099626401,0.7662835249042146,0.7691570881226054,0.8662696264212236
3,5,semiregular,3,492,668,176,398,94,270,0.8089430894308943,0.5958083832335329,0.7365269461077845,0.6862068965517242
3,5,irregular,3,381,217,164,137,244,80,0.35958005249343833,0.631336405529954,1.7557603686635945,0.4581939799331104
3,6,regular,1,952,915,37,913,39,2,0.9590336134453782,0.9978142076502732,1.0404371584699454,0.9780396357793252
3,6,semiregular,1,725,701,24,601,124,100,0.8289655172413793,0.8573466476462197,1.0342368045649073,0.8429172510518934
3,6,irregular,1,726,195,531,99,627,96,0.13636363636363635,0.5076923076923077,3.723076923076923,0.21498371335504884
3,6,regular,2,967,915,52,910,57,5,0.9410548086866598,0.994535519125683,1.0568306010928963,0.9670563230605739
3,6,semiregular,2,705,701,4,582,123,119,0.825531914893617,0.8302425106990015,1.005706134094151,0.8278805120910384
3,6,irregular,2,115,195,80,79,36,116,0.6869565217391305,0.40512820512820513,0.5897435897435898,0.5096774193548388
3,6,regular,3,526,915,389,510,16,405,0.9695817490494296,0.5573770491803278,0.5748633879781421,0.7078417765440665
3,6,semiregular,3,299,701,402,249,50,452,0.8327759197324415,0.35520684736091296,0.42653352353780316,0.498
3,6,irregular,3,617,195,422,96,521,99,0.15559157212317667,0.49230769230769234,3.164102564102564,0.2364532019704434
3,7,regular,1,1225,1230,5,1212,13,18,0.9893877551020408,0.9853658536585366,0.9959349593495935,0.9873727087576375
3,7,semiregular,1,967,761,206,692,275,69,0.7156153050672182,0.9093298291721419,1.2706964520367936,0.8009259259259259
3,7,irregular,1,524,225,299,81,443,144,0.15458015267175573,0.36,2.328888888888889,0.2162883845126836
3,7,regular,2,2,1230,1228,1,1,1229,0.5,0.0008130081300813008,0.0016260162601626016,0.0016233766233766233
3,7,semiregular,2,42,761,719,24,18,737,0.5714285714285714,0.03153745072273324,0.05519053876478318,0.059775840597758395
3,7,irregular,2,361,225,136,75,286,150,0.2077562326869806,0.3333333333333333,1.6044444444444443,0.25597269624573377
3,7,regular,3,362,1230,868,359,3,871,0.9917127071823204,0.291869918699187,0.2943089430894309,0.4510050251256281
3,7,semiregular,3,138,761,623,111,27,650,0.8043478260869565,0.14586070959264127,0.18134034165571616,0.24694104560622915
3,7,irregular,3,965,225,740,47,918,178,0.04870466321243523,0.2088888888888889,4.288888888888889,0.07899159663865546
3,8,regular,1,1022,1035,13,1014,8,21,0.9921722113502935,0.9797101449275363,0.9874396135265701,0.9859017987360233
3,8,semiregular,1,886,827,59,724,162,103,0.8171557562076749,0.875453446191052,1.071342200725514,0.8453006421482778
3,8,irregular,1,1378,243,1135,174,1204,69,0.1262699564586357,0.7160493827160493,5.670781893004115,0.2146822948797039
3,8,regular,2,876,1035,159,869,7,166,0.9920091324200914,0.8396135265700483,0.8463768115942029,0.9094714809000524
3,8,semiregular,2,897,827,70,712,185,115,0.7937569676700111,0.8609431680773881,1.0846432889963724,0.825986078886311
3,8,irregular,2,737,243,494,102,635,141,0.1383989145183175,0.41975308641975306,3.0329218106995883,0.20816326530612245
3,8,regular,3,858,1035,177,855,3,180,0.9965034965034965,0.8260869565217391,0.8289855072463768,0.9033280507131537
3,8,semiregular,3,425,827,402,389,36,438,0.9152941176470588,0.4703748488512696,0.5139056831922612,0.6214057507987221
3,8,irregular,3,751,243,508,121,630,122,0.1611185086551265,0.49794238683127573,3.090534979423868,0.24346076458752516
3,9,regular,1,1100,1107,7,1093,7,14,0.9936363636363637,0.987353206865402,0.993676603432701,0.9904848210240146
3,9,semiregular,1,698,701,3,610,88,91,0.8739255014326648,0.8701854493580599,0.9957203994293866,0.8720514653323802
3,9,irregular,1,1149,266,883,183,966,83,0.15926892950391644,0.6879699248120301,4.319548872180451,0.25865724381625443
3,9,regular,2,1063,1107,44,1053,10,54,0.9905926622765757,0.9512195121951219,0.960252935862692,0.9705069124423963
3,9,semiregular,2,791,701,90,667,124,34,0.843236409608091,0.9514978601997147,1.1283880171184022,0.8941018766756031
3,9,irregular,2,1743,266,1477,262,1481,4,0.15031554790590934,0.9849624060150376,6.552631578947368,0.26082628173220507
3,9,regular,3,540,1107,567,535,5,572,0.9907407407407407,0.4832881662149955,0.4878048780487805,0.6496660595021251
3,9,semiregular,3,190,701,511,158,32,543,0.8315789473684211,0.2253922967189729,0.2710413694721826,0.3546576879910213
3,9,irregular,3,1056,266,790,116,940,150,0.10984848484848485,0.43609022556390975,3.969924812030075,0.17549167927382753
3,10,regular,1,1009,1014,5,996,13,18,0.9871159563924677,0.9822485207100592,0.995069033530572,0.9846762234305487
3,10,semiregular,1,791,656,135,631,160,25,0.797724399494311,0.961890243902439,1.2057926829268293,0.8721492743607463
3,10,irregular,1,973,247,726,223,750,24,0.22918807810894143,0.902834008097166,3.9392712550607287,0.3655737704918033
3,10,regular,2,1122,1014,108,1014,108,0,0.9037433155080213,1.0,1.106508875739645,0.9494382022471909
3,10,semiregular,2,932,656,276,649,283,7,0.6963519313304721,0.989329268292683,1.420731707317073,0.8173803526448363
3,10,irregular,2,1506,247,1259,247,1259,0,0.1640106241699867,1.0,6.097165991902834,0.28180262407301765
3,10,regular,3,850,1014,164,835,15,179,0.9823529411764705,0.8234714003944773,0.8382642998027613,0.8959227467811158
3,10,semiregular,3,460,656,196,409,51,247,0.8891304347826087,0.6234756097560976,0.7012195121951219,0.7329749103942652
3,10,irregular,3,563,247,316,183,380,64,0.325044404973357,0.7408906882591093,2.279352226720648,0.4518518518518519
3,11,regular,1,1079,1070,9,1064,15,6,0.9860982391102873,0.994392523364486,1.0084112149532711,0.9902280130293161
3,11,semiregular,1,838,700,138,660,178,40,0.7875894988066826,0.9428571428571428,1.197142857142857,0.858257477243173
3,11,irregular,1,1062,239,823,179,883,60,0.16854990583804144,0.7489539748953975,4.443514644351464,0.2751729438893159
3,11,regular,2,0,1070,1070,0,0,1070,-1,-1,0.0,-1
3,11,semiregular,2,0,700,700,0,0,700,-1,-1,0.0,-1
3,11,irregular,2,9,239,230,0,9,239,-1,-1,0.03765690376569038,-1
3,11,regular,3,219,1070,851,218,1,852,0.9954337899543378,0.20373831775700935,0.2046728971962617,0.3382467028704422
3,11,semiregular,3,236,700,464,180,56,520,0.7627118644067796,0.2571428571428571,0.33714285714285713,0.3846153846153846
3,11,irregular,3,690,239,451,83,607,156,0.12028985507246377,0.3472803347280335,2.8870292887029287,0.17868675995694297
3,12,regular,1,1035,1007,28,1007,28,0,0.9729468599033816,1.0,1.0278053624627608,0.9862879529872673
3,12,semiregular,1,837,641,196,600,237,41,0.7168458781362007,0.9360374414976599,1.3057722308892357,0.8119079837618403
3,12,irregular,1,1057,204,853,175,882,29,0.16556291390728478,0.8578431372549019,5.181372549019608,0.27755749405233937
3,12,regular,2,1033,1007,26,1005,28,2,0.972894482090997,0.9980139026812314,1.0258192651439921,0.9852941176470588
3,12,semiregular,2,588,641,53,455,133,186,0.7738095238095238,0.7098283931357254,0.9173166926677067,0.7404393816110658
3,12,irregular,2,354,204,150,147,207,57,0.4152542372881356,0.7205882352941176,1.7352941176470589,0.5268817204301075
3,12,regular,3,503,1007,504,499,4,508,0.9920477137176938,0.4955312810327706,0.49950347567030784,0.6609271523178808
3,12,semiregular,3,220,641,421,165,55,476,0.75,0.2574102964118565,0.34321372854914195,0.38327526132404177
3,12,irregular,3,805,204,601,67,738,137,0.08322981366459627,0.3284313725490196,3.946078431372549,0.132804757185332
3,13,regular,1,1015,1000,15,995,20,5,0.9802955665024631,0.995,1.015,0.9875930521091811
3,13,semiregular,1,890,815,75,758,132,57,0.851685393258427,0.9300613496932515,1.0920245398773005,0.8891495601173021
3,13,irregular,1,1269,216,1053,125,1144,91,0.09850275807722617,0.5787037037037037,5.875,0.16835016835016836
3,13,regular,2,894,1000,106,890,4,110,0.9955257270693513,0.89,0.894,0.9398099260823654
3,13,semiregular,2,559,815,256,494,65,321,0.8837209302325582,0.6061349693251534,0.6858895705521473,0.7190684133915575
3,13,irregular,2,1263,216,1047,172,1091,44,0.13618368962787014,0.7962962962962963,5.847222222222222,0.2325895875591616
3,13,regular,3,791,1000,209,788,3,212,0.9962073324905183,0.788,0.791,0.8799553322166387
3,13,semiregular,3,432,815,383,378,54,437,0.875,0.4638036809815951,0.5300613496932516,0.6062550120288692
3,13,irregular,3,899,216,683,99,800,117,0.11012235817575083,0.4583333333333333,4.162037037037037,0.17757847533632287
3,14,regular,1,1019,1052,33,1018,1,34,0.9990186457311089,0.967680608365019,0.9686311787072244,0.9830999517141478
3,14,semiregular,1,1119,913,206,866,253,47,0.77390527256479,0.9485213581599123,1.2256297918948522,0.8523622047244095
3,14,irregular,1,855,217,638,160,695,57,0.1871345029239766,0.7373271889400922,3.9400921658986174,0.29850746268656714
3,14,regular,2,1028,1052,24,1023,5,29,0.995136186770428,0.9724334600760456,0.9771863117870723,0.9836538461538461
3,14,semiregular,2,1215,913,302,884,331,29,0.7275720164609053,0.968236582694414,1.330777656078861,0.8308270676691729
3,14,irregular,2,1347,217,1130,198,1149,19,0.14699331848552338,0.9124423963133641,6.207373271889401,0.25319693094629153
3,14,regular,3,246,1052,806,243,3,809,0.9878048780487805,0.23098859315589354,0.2338403041825095,0.37442218798151006
3,14,semiregular,3,348,913,565,308,40,605,0.8850574712643678,0.3373493975903614,0.38116100766703176,0.4885011895321173
3,14,irregular,3,303,217,86,33,270,184,0.10891089108910891,0.15207373271889402,1.3963133640552996,0.12692307692307692
3,15,regular,1,970,964,6,961,9,3,0.9907216494845361,0.9968879668049793,1.0062240663900415,0.9937952430196484
3,15,semiregular,1,922,774,148,745,177,29,0.8080260303687635,0.962532299741602,1.1912144702842378,0.8785377358490566
3,15,irregular,1,828,218,610,149,679,69,0.17995169082125603,0.6834862385321101,3.7981651376146788,0.2848948374760994
3,15,regular,2,245,964,719,244,1,720,0.9959183673469387,0.25311203319502074,0.254149377593361,0.40363937138130684
3,15,semiregular,2,241,774,533,214,27,560,0.8879668049792531,0.27648578811369506,0.31136950904392763,0.4216748768472906
3,15,irregular,2,126,218,92,57,69,161,0.4523809523809524,0.26146788990825687,0.5779816513761468,0.3313953488372092
3,15,regular,3,611,964,353,608,3,356,0.9950900163666121,0.6307053941908713,0.6338174273858921,0.772063492063492
3,15,semiregular,3,510,774,264,457,53,317,0.8960784313725491,0.5904392764857881,0.6589147286821705,0.7118380062305296
3,15,irregular,3,510,218,292,117,393,101,0.22941176470588234,0.536697247706422,2.3394495412844036,0.32142857142857145
3,16,regular,1,0,1109,1109,0,0,1109,-1,-1,0.0,-1
3,16,semiregular,1,0,681,681,0,0,681,-1,-1,0.0,-1
3,16,irregular,1,14,272,258,0,14,272,-1,-1,0.051470588235294115,-1
3,16,regular,2,581,1109,528,578,3,531,0.9948364888123924,0.521190261496844,0.5238954012623985,0.6840236686390532
3,16,semiregular,2,374,681,307,318,56,363,0.8502673796791443,0.4669603524229075,0.5491923641703378,0.6028436018957346
3,16,irregular,2,525,272,253,200,325,72,0.38095238095238093,0.7352941176470589,1.9301470588235294,0.5018820577164367
3,16,regular,3,390,1109,719,385,5,724,0.9871794871794872,0.34715960324616774,0.35166816952209196,0.513675783855904
3,16,semiregular,3,402,681,279,333,69,348,0.8283582089552238,0.4889867841409692,0.5903083700440529,0.6149584487534625
3,16,irregular,3,655,272,383,158,497,114,0.24122137404580152,0.5808823529411765,2.4080882352941178,0.34088457389428267
3,17,regular,1,628,1029,401,626,2,403,0.9968152866242038,0.608357628765792,0.6103012633624878,0.7555823777911889
3,17,semiregular,1,430,837,407,386,44,451,0.8976744186046511,0.46117084826762245,0.5137395459976105,0.6093133385951065
3,17,irregular,1,87,240,153,20,67,220,0.22988505747126436,0.08333333333333333,0.3625,0.12232415902140673
3,17,regular,2,1081,1029,52,1029,52,0,0.9518963922294172,1.0,1.0505344995140913,0.9753554502369668
3,17,semiregular,2,1061,837,224,809,252,28,0.76248821866164,0.966547192353644,1.2676224611708482,0.8524762908324552
3,17,irregular,2,1597,240,1357,240,1357,0,0.15028177833437695,1.0,6.654166666666667,0.26129559063690794
3,17,regular,3,739,1029,290,738,1,291,0.9986468200270636,0.717201166180758,0.718172983479106,0.8348416289592759
3,17,semiregular,3,523,837,314,487,36,350,0.9311663479923518,0.5818399044205496,0.6248506571087217,0.7161764705882352
3,17,irregular,3,216,240,24,118,98,122,0.5462962962962963,0.49166666666666664,0.9,0.5175438596491228
3,18,regular,1,805,1044,239,805,0,239,1.0,0.7710727969348659,0.7710727969348659,0.8707409410492157
3,18,semiregular,1,570,801,231,512,58,289,0.8982456140350877,0.6392009987515606,0.7116104868913857,0.7469000729394603
3,18,irregular,1,24,252,228,20,4,232,0.8333333333333334,0.07936507936507936,0.09523809523809523,0.14492753623188404
3,18,regular,2,1105,1044,61,1044,61,0,0.9447963800904977,1.0,1.0584291187739463,0.9716147045137273
3,18,semiregular,2,1022,801,221,779,243,22,0.7622309197651663,0.9725343320848939,1.2759051186017478,0.8546352166758092
3,18,irregular,2,1334,252,1082,251,1083,1,0.18815592203898052,0.996031746031746,5.2936507936507935,0.31651954602774274
3,18,regular,3,757,1044,287,752,5,292,0.9933949801849405,0.7203065134099617,0.725095785440613,0.8350916157690172
3,18,semiregular,3,608,801,193,552,56,249,0.9078947368421053,0.6891385767790262,0.7590511860174781,0.7835344215755855
3,18,irregular,3,789,252,537,190,599,62,0.24081115335868186,0.753968253968254,3.130952380952381,0.36503362151777136
3,19,regular,1,1085,1076,9,1057,28,19,0.9741935483870968,0.9823420074349443,1.008364312267658,0.9782508098102731
3,19,semiregular,1,834,753,81,694,140,59,0.8321342925659473,0.9216467463479415,1.1075697211155378,0.874606175173283
3,19,irregular,1,620,245,375,162,458,83,0.26129032258064516,0.6612244897959184,2.5306122448979593,0.37456647398843934
3,19,regular,2,742,1076,334,739,3,337,0.9959568733153639,0.6868029739776952,0.6895910780669146,0.8129812981298129
3,19,semiregular,2,252,753,501,234,18,519,0.9285714285714286,0.3107569721115538,0.3346613545816733,0.46567164179104475
3,19,irregular,2,214,245,31,100,114,145,0.4672897196261682,0.40816326530612246,0.8734693877551021,0.43572984749455335
3,19,regular,3,782,1076,294,781,1,295,0.9987212276214834,0.7258364312267658,0.7267657992565055,0.8406889128094726
3,19,semiregular,3,551,753,202,508,43,245,0.9219600725952813,0.6746347941567065,0.7317397078353254,0.7791411042944786
3,19,irregular,3,185,245,60,121,64,124,0.654054054054054,0.49387755102040815,0.7551020408163265,0.5627906976744186
3,20,regular,1,1204,1251,47,1201,3,50,0.9975083056478405,0.9600319744204636,0.9624300559552358,0.9784114052953157
3,20,semiregular,1,918,841,77,754,164,87,0.8213507625272332,0.896551724137931,1.0915576694411415,0.8573052870949402
3,20,irregular,1,910,252,658,168,742,84,0.18461538461538463,0.6666666666666666,3.611111111111111,0.28915662650602414
3,20,regular,2,1227,1251,24,1213,14,38,0.9885900570497147,0.9696243005595524,0.9808153477218226,0.9790153349475383
3,20,semiregular,2,1221,841,380,838,383,3,0.6863226863226863,0.9964328180737217,1.4518430439952437,0.8128031037827352
3,20,irregular,2,1510,252,1258,251,1259,1,0.16622516556291392,0.996031746031746,5.992063492063492,0.2849035187287174
3,20,regular,3,885,1251,366,880,5,371,0.9943502824858758,0.7034372501998402,0.7074340527577938,0.8239700374531835
3,20,semiregular,3,527,841,314,455,72,386,0.8633776091081594,0.5410225921521997,0.6266349583828775,0.665204678362573
3,20,irregular,3,524,252,272,144,380,108,0.2748091603053435,0.5714285714285714,2.0793650793650795,0.3711340206185567
3,21,regular,1,941,920,21,919,22,1,0.9766206163655685,0.9989130434782608,1.0228260869565218,0.9876410531972059
3,21,semiregular,1,873,549,324,516,357,33,0.5910652920962199,0.9398907103825137,1.5901639344262295,0.7257383966244726
3,21,irregular,1,604,204,400,145,459,59,0.24006622516556292,0.7107843137254902,2.9607843137254903,0.35891089108910895
3,21,regular,2,989,920,69,920,69,0,0.9302325581395349,1.0,1.075,0.963855421686747
3,21,semiregular,2,601,549,52,405,196,144,0.6738768718801996,0.7377049180327869,1.0947176684881603,0.7043478260869566
3,21,irregular,2,261,204,57,90,171,114,0.3448275862068966,0.4411764705882353,1.2794117647058822,0.38709677419354843
3,21,regular,3,357,920,563,355,2,565,0.9943977591036415,0.3858695652173913,0.38804347826086955,0.5559906029757243
3,21,semiregular,3,194,549,355,114,80,435,0.5876288659793815,0.20765027322404372,0.3533697632058288,0.30686406460296095
3,21,irregular,3,646,204,442,51,595,153,0.07894736842105263,0.25,3.1666666666666665,0.11999999999999998
3,22,regular,1,996,946,50,942,54,4,0.9457831325301205,0.9957716701902748,1.0528541226215644,0.9701338825952626
3,22,semiregular,1,886,703,183,670,216,33,0.7562076749435666,0.9530583214793741,1.2603129445234709,0.843297671491504
3,22,irregular,1,1031,247,784,208,823,39,0.2017458777885548,0.8421052631578947,4.174089068825911,0.325508607198748
3,22,regular,2,1018,946,72,946,72,0,0.9292730844793713,1.0,1.0761099365750528,0.9633401221995926
3,22,semiregular,2,850,703,147,618,232,85,0.7270588235294118,0.8790896159317212,1.209103840682788,0.7958789439793947
3,22,irregular,2,446,247,199,212,234,35,0.47533632286995514,0.8582995951417004,1.805668016194332,0.6118326118326118
3,22,regular,3,102,946,844,95,7,851,0.9313725490196079,0.10042283298097252,0.10782241014799154,0.18129770992366412
3,22,semiregular,3,190,703,513,131,59,572,0.6894736842105263,0.18634423897581792,0.2702702702702703,0.2933930571108622
3,22,irregular,3,591,247,344,94,497,153,0.15905245346869712,0.3805668016194332,2.3927125506072873,0.2243436754176611
3,23,regular,1,979,999,20,968,11,31,0.9887640449438202,0.968968968968969,0.97997997997998,0.9787664307381193
3,23,semiregular,1,968,835,133,764,204,71,0.7892561983471075,0.9149700598802395,1.1592814371257485,0.8474764281752635
3,23,irregular,1,786,266,520,72,714,194,0.0916030534351145,0.2706766917293233,2.954887218045113,0.13688212927756654
3,23,regular,2,896,999,103,859,37,140,0.9587053571428571,0.8598598598598599,0.8968968968968969,0.9065963060686016
3,23,semiregular,2,840,835,5,684,156,151,0.8142857142857143,0.8191616766467066,1.0059880239520957,0.8167164179104478
3,23,irregular,2,1714,266,1448,226,1488,40,0.13185530921820304,0.849624060150376,6.443609022556391,0.22828282828282828
3,23,regular,3,832,999,167,828,4,171,0.9951923076923077,0.8288288288288288,0.8328328328328328,0.9044238121245222
3,23,semiregular,3,568,835,267,460,108,375,0.8098591549295775,0.5508982035928144,0.6802395209580838,0.6557377049180328
3,23,irregular,3,883,266,617,162,721,104,0.18346545866364666,0.6090225563909775,3.319548872180451,0.2819843342036554
3,24,regular,1,1064,1079,15,1054,10,25,0.9906015037593985,0.9768303985171455,0.9860982391102873,0.9836677554829677
3,24,semiregular,1,748,680,68,645,103,35,0.8622994652406417,0.9485294117647058,1.1,0.903361344537815
3,24,irregular,1,1275,247,1028,149,1126,98,0.11686274509803922,0.6032388663967612,5.161943319838056,0.19579500657030224
3,24,regular,2,1033,1079,46,1017,16,62,0.9845111326234269,0.9425393883225208,0.9573679332715477,0.9630681818181819
3,24,semiregular,2,764,680,84,637,127,43,0.8337696335078534,0.9367647058823529,1.1235294117647059,0.8822714681440444
3,24,irregular,2,1850,247,1603,246,1604,1,0.13297297297297297,0.9959514170040485,7.489878542510121,0.234620886981402
3,24,regular,3,469,1079,610,468,1,611,0.997867803837953,0.43373493975903615,0.43466172381835033,0.6046511627906977
3,24,semiregular,3,229,680,451,191,38,489,0.834061135371179,0.28088235294117647,0.33676470588235297,0.42024202420242024
3,24,irregular,3,88,247,159,60,28,187,0.6818181818181818,0.242914979757085,0.3562753036437247,0.35820895522388063
3,25,regular,1,936,946,10,930,6,16,0.9935897435897436,0.9830866807610994,0.9894291754756871,0.9883103081827843
3,25,semiregular,1,879,718,161,678,201,40,0.7713310580204779,0.9442896935933147,1.224233983286908,0.84909204758923
3,25,irregular,1,1709,207,1502,159,1550,48,0.0930368636629608,0.7681159420289855,8.256038647342995,0.16597077244258873
3,25,regular,2,938,946,8,929,9,17,0.990405117270789,0.9820295983086681,0.9915433403805497,0.9861995753715499
3,25,semiregular,2,1000,718,282,703,297,15,0.703,0.979108635097493,1.392757660167131,0.8183934807916181
3,25,irregular,2,1867,207,1660,177,1690,30,0.09480449919657204,0.855072463768116,9.019323671497585,0.17068466730954676
3,25,regular,3,828,946,118,825,3,121,0.9963768115942029,0.872093023255814,0.8752642706131079,0.9301014656144306
3,25,semiregular,3,490,718,228,424,66,294,0.8653061224489796,0.5905292479108635,0.6824512534818942,0.7019867549668874
3,25,irregular,3,927,207,720,67,860,140,0.07227615965480043,0.32367149758454106,4.478260869565218,0.11816578483245149
3,26,regular,1,1001,985,16,979,22,6,0.978021978021978,0.9939086294416244,1.016243654822335,0.985901309164149
3,26,semiregular,1,880,720,160,682,198,38,0.775,0.9472222222222222,1.2222222222222223,0.8524999999999999
3,26,irregular,1,1226,214,1012,189,1037,25,0.15415986949429036,0.883177570093458,5.728971962616822,0.26249999999999996
3,26,regular,2,1100,985,115,983,117,2,0.8936363636363637,0.9979695431472081,1.116751269035533,0.9429256594724221
3,26,semiregular,2,816,720,96,633,183,87,0.7757352941176471,0.8791666666666667,1.1333333333333333,0.8242187500000001
3,26,irregular,2,1540,214,1326,208,1332,6,0.13506493506493505,0.9719626168224299,7.196261682242991,0.2371721778791334
3,26,regular,3,27,985,958,27,0,958,1.0,0.027411167512690356,0.027411167512690356,0.0533596837944664
3,26,semiregular,3,5,720,715,4,1,716,0.8,0.005555555555555556,0.006944444444444444,0.011034482758620689
3,26,irregular,3,488,214,274,23,465,191,0.0471311475409836,0.10747663551401869,2.2803738317757007,0.06552706552706553
3,27,regular,1,1117,1166,49,1112,5,54,0.9955237242614146,0.9536878216123499,0.9579759862778731,0.9741568112133158
3,27,semiregular,1,892,728,164,673,219,55,0.7544843049327354,0.9244505494505495,1.2252747252747254,0.8308641975308642
3,27,irregular,1,1916,270,1646,216,1700,54,0.1127348643006263,0.8,7.0962962962962965,0.19762122598353155
3,27,regular,2,1157,1166,9,1144,13,22,0.9887640449438202,0.9811320754716981,0.9922813036020584,0.9849332759362893
3,27,semiregular,2,844,728,116,629,215,99,0.745260663507109,0.864010989010989,1.1593406593406594,0.8002544529262087
3,27,irregular,2,1969,270,1699,245,1724,25,0.1244286439817166,0.9074074074074074,7.292592592592593,0.2188476998660116
3,27,regular,3,979,1166,187,974,5,192,0.9948927477017364,0.8353344768439108,0.839622641509434,0.9081585081585082
3,27,semiregular,3,574,728,154,502,72,226,0.8745644599303136,0.6895604395604396,0.7884615384615384,0.7711213517665131
3,27,irregular,3,1214,270,944,204,1010,66,0.16803953871499178,0.7555555555555555,4.496296296296296,0.2749326145552561
3,28,regular,1,1072,1098,26,1064,8,34,0.9925373134328358,0.9690346083788707,0.97632058287796,0.9806451612903226
3,28,semiregular,1,993,859,134,811,182,48,0.8167170191339376,0.9441210710128056,1.1559953434225845,0.8758099352051836
3,28,irregular,1,2195,293,1902,248,1947,45,0.11298405466970388,0.8464163822525598,7.491467576791809,0.19935691318327978
3,28,regular,2,1094,1098,4,1071,23,27,0.9789762340036563,0.9754098360655737,0.9963570127504554,0.9771897810218979
3,28,semiregular,2,1090,859,231,850,240,9,0.7798165137614679,0.989522700814901,1.2689173457508731,0.8722421754746024
3,28,irregular,2,2690,293,2397,292,2398,1,0.10855018587360594,0.9965870307167235,9.180887372013652,0.19577606436473347
3,28,regular,3,874,1098,224,867,7,231,0.9919908466819222,0.7896174863387978,0.7959927140255009,0.8793103448275862
3,28,semiregular,3,610,859,249,555,55,304,0.9098360655737705,0.6461001164144354,0.710128055878929,0.7556160653505788
3,28,irregular,3,1241,293,948,173,1068,120,0.13940370668815472,0.590443686006826,4.235494880546075,0.22555410691003913
3,29,regular,1,1132,1140,8,1125,7,15,0.9938162544169611,0.9868421052631579,0.9929824561403509,0.9903169014084506
3,29,semiregular,1,1227,869,358,852,375,17,0.6943765281173594,0.9804372842347526,1.4119677790563867,0.8129770992366412
3,29,irregular,1,1378,247,1131,215,1163,32,0.15602322206095792,0.8704453441295547,5.578947368421052,0.26461538461538464
3,29,regular,2,1122,1140,18,1115,7,25,0.9937611408199644,0.9780701754385965,0.9842105263157894,0.9858532272325375
3,29,semiregular,2,1184,869,315,805,379,64,0.6798986486486487,0.9263521288837745,1.3624856156501726,0.7842182172430591
3,29,irregular,2,1576,247,1329,239,1337,8,0.1516497461928934,0.9676113360323887,6.380566801619433,0.2622051563357104
3,29,regular,3,70,1140,1070,68,2,1072,0.9714285714285714,0.05964912280701754,0.06140350877192982,0.11239669421487601
3,29,semiregular,3,246,869,623,178,68,691,0.7235772357723578,0.2048331415420023,0.28308400460299193,0.31928251121076234
3,29,irregular,3,639,247,392,41,598,206,0.06416275430359937,0.1659919028340081,2.5870445344129553,0.09255079006772009
3,30,regular,1,985,997,12,983,2,14,0.9979695431472081,0.9859578736208626,0.9879638916750251,0.9919273461150353
3,30,semiregular,1,898,810,88,750,148,60,0.8351893095768375,0.9259259259259259,1.108641975308642,0.8782201405152226
3,30,irregular,1,2205,250,1955,226,1979,24,0.10249433106575964,0.904,8.82,0.18411405295315683
3,30,regular,2,1008,997,11,993,15,4,0.9851190476190477,0.995987963891675,1.0110330992978938,0.9905236907730672
3,30,semiregular,2,925,810,115,748,177,62,0.8086486486486486,0.9234567901234568,1.1419753086419753,0.8622478386167146
3,30,irregular,2,200,250,50,142,58,108,0.71,0.568,0.8,0.631111111111111
3,30,regular,3,563,997,434,561,2,436,0.9964476021314387,0.5626880641925778,0.5646940822467402,0.7192307692307692
3,30,semiregular,3,287,810,523,244,43,566,0.8501742160278746,0.3012345679012346,0.35432098765432096,0.4448495897903373
3,30,irregular,3,883,250,633,101,782,149,0.1143827859569649,0.404,3.532,0.17828773168578993
4,1,regular,1,933,937,4,926,7,11,0.992497320471597,0.9882604055496265,0.9957310565635006,0.9903743315508022
4,1,semiregular,1,996,703,293,679,317,24,0.6817269076305221,0.9658605974395448,1.4167852062588904,0.7992937021777518
4,1,irregular,1,250,199,51,137,113,62,0.548,0.6884422110552764,1.256281407035176,0.6102449888641426
4,1,regular,2,1018,937,81,937,81,0,0.9204322200392927,1.0,1.0864461045891143,0.9585677749360614
4,1,semiregular,2,1156,703,453,700,456,3,0.6055363321799307,0.9957325746799431,1.6443812233285917,0.7530930607853683
4,1,irregular,2,1054,199,855,199,855,0,0.1888045540796964,1.0,5.296482412060302,0.3176376695929769
4,1,regular,3,852,937,85,805,47,132,0.9448356807511737,0.8591248665955176,0.9092849519743863,0.8999441028507547
4,1,semiregular,3,850,703,147,646,204,57,0.76,0.918918918918919,1.209103840682788,0.8319381841596909
4,1,irregular,3,783,199,584,170,613,29,0.21711366538952745,0.8542713567839196,3.9346733668341707,0.34623217922606925
4,2,regular,1,1188,1224,36,1180,8,44,0.9932659932659933,0.9640522875816994,0.9705882352941176,0.9784411276948591
4,2,semiregular,1,746,647,99,628,118,19,0.8418230563002681,0.9706336939721792,1.1530139103554868,0.9016511127063891
4,2,irregular,1,653,217,436,157,496,60,0.24042879019908117,0.7235023041474654,3.0092165898617513,0.3609195402298851
4,2,regular,2,1201,1224,23,1182,19,42,0.984179850124896,0.9656862745098039,0.9812091503267973,0.9748453608247422
4,2,semiregular,2,841,647,194,647,194,0,0.7693222354340071,1.0,1.2998454404945905,0.8696236559139784
4,2,irregular,2,1372,217,1155,217,1155,0,0.15816326530612246,1.0,6.32258064516129,0.27312775330396477
4,2,regular,3,1075,1224,149,1070,5,154,0.9953488372093023,0.8741830065359477,0.8782679738562091,0.930839495432797
4,2,semiregular,3,318,647,329,310,8,337,0.9748427672955975,0.47913446676970634,0.49149922720247297,0.6424870466321243
4,2,irregular,3,1030,217,813,130,900,87,0.1262135922330097,0.5990783410138248,4.746543778801843,0.2085004009623095
4,3,regular,1,1025,1053,28,1020,5,33,0.9951219512195122,0.9686609686609686,0.97340930674264,0.9817131857555341
4,3,semiregular,1,890,716,174,691,199,25,0.7764044943820225,0.9650837988826816,1.2430167597765363,0.8605230386052305
4,3,irregular,1,596,224,372,158,438,66,0.2651006711409396,0.7053571428571429,2.6607142857142856,0.3853658536585366
4,3,regular,2,1013,1053,40,1006,7,47,0.9930898321816387,0.9553656220322887,0.9620132953466287,0.9738625363020329
4,3,semiregular,2,960,716,244,707,253,9,0.7364583333333333,0.9874301675977654,1.3407821229050279,0.8436754176610979
4,3,irregular,2,983,224,759,217,766,7,0.22075279755849442,0.96875,4.388392857142857,0.3595691797845899
4,3,regular,3,959,1053,94,956,3,97,0.9968717413972888,0.9078822412155746,0.9107312440645774,0.9502982107355865
4,3,semiregular,3,531,716,185,506,25,210,0.9529190207156308,0.7067039106145251,0.7416201117318436,0.8115477145148355
4,3,irregular,3,161,224,63,146,15,78,0.906832298136646,0.6517857142857143,0.71875,0.7584415584415584
4,4,regular,1,1108,1101,7,1096,12,5,0.9891696750902527,0.9954586739327884,1.0063578564940963,0.9923042100497963
4,4,semiregular,1,780,614,166,558,222,56,0.7153846153846154,0.9087947882736156,1.270358306188925,0.8005738880918221
4,4,irregular,1,470,228,242,172,298,56,0.3659574468085106,0.7543859649122807,2.06140350877193,0.492836676217765
4,4,regular,2,1139,1101,38,1101,38,0,0.9666374012291484,1.0,1.0345140781108084,0.9830357142857142
4,4,semiregular,2,967,614,353,613,354,1,0.6339193381592554,0.998371335504886,1.5749185667752443,0.7754585705249842
4,4,irregular,2,1432,228,1204,228,1204,0,0.15921787709497207,1.0,6.280701754385965,0.2746987951807229
4,4,regular,3,773,1101,328,769,4,332,0.9948253557567918,0.698455949137148,0.7020890099909174,0.8207043756670225
4,4,semiregular,3,145,614,469,141,4,473,0.9724137931034482,0.2296416938110749,0.23615635179153094,0.3715415019762846
4,4,irregular,3,607,228,379,62,545,166,0.10214168039538715,0.2719298245614035,2.662280701754386,0.14850299401197606
4,5,regular,1,1049,1044,5,1042,7,2,0.9933269780743565,0.9980842911877394,1.0047892720306513,0.9956999522216914
4,5,semiregular,1,1015,668,347,662,353,6,0.6522167487684729,0.9910179640718563,1.5194610778443114,0.7866904337492574
4,5,irregular,1,857,217,640,159,698,58,0.1855309218203034,0.7327188940092166,3.9493087557603688,0.29608938547486036
4,5,regular,2,1053,1044,9,1042,11,2,0.9895536562203229,0.9980842911877394,1.0086206896551724,0.9938006676204101
4,5,semiregular,2,1088,668,420,668,420,0,0.6139705882352942,1.0,1.6287425149700598,0.7608200455580866
4,5,irregular,2,1462,217,1245,216,1246,1,0.14774281805745554,0.9953917050691244,6.7373271889400925,0.25729600952948184
4,5,regular,3,843,1044,201,842,1,202,0.9988137603795967,0.8065134099616859,0.8074712643678161,0.8924218335983042
4,5,semiregular,3,516,668,152,454,62,214,0.8798449612403101,0.6796407185628742,0.7724550898203593,0.7668918918918918
4,5,irregular,3,1187,217,970,183,1004,34,0.15417017691659646,0.8433179723502304,5.470046082949309,0.2606837606837607
4,6,regular,1,921,915,6,912,9,3,0.990228013029316,0.9967213114754099,1.0065573770491802,0.9934640522875817
4,6,semiregular,1,766,701,65,612,154,89,0.7989556135770235,0.8730385164051355,1.0927246790299572,0.834355828220859
4,6,irregular,1,305,195,110,78,227,117,0.25573770491803277,0.4,1.564102564102564,0.31199999999999994
4,6,regular,2,989,915,74,914,75,1,0.9241658240647118,0.9989071038251366,1.0808743169398907,0.9600840336134454
4,6,semiregular,2,923,701,222,687,236,14,0.7443120260021668,0.9800285306704708,1.3166904422253922,0.8460591133004927
4,6,irregular,2,1306,195,1111,195,1111,0,0.14931087289433384,1.0,6.697435897435898,0.2598267821452365
4,6,regular,3,790,915,125,785,5,130,0.9936708860759493,0.8579234972677595,0.8633879781420765,0.9208211143695014
4,6,semiregular,3,348,701,353,326,22,375,0.9367816091954023,0.46504992867332384,0.4964336661911555,0.6215443279313633
4,6,irregular,3,195,195,0,76,119,119,0.38974358974358975,0.38974358974358975,1.0,0.38974358974358975
4,7,regular,1,1236,1230,6,1219,17,11,0.9862459546925566,0.9910569105691057,1.0048780487804878,0.9886455798864558
4,7,semiregular,1,1116,761,355,727,389,34,0.6514336917562724,0.9553219448094612,1.4664914586070958,0.7746403835908364
4,7,irregular,1,642,225,417,116,526,109,0.1806853582554517,0.5155555555555555,2.8533333333333335,0.2675893886966551
4,7,regular,2,1264,1230,34,1228,36,2,0.9715189873417721,0.9983739837398374,1.0276422764227642,0.9847634322373697
4,7,semiregular,2,1147,761,386,759,388,2,0.6617262423714037,0.9973718791064389,1.5072273324572931,0.7955974842767295
4,7,irregular,2,1884,225,1659,224,1660,1,0.11889596602972399,0.9955555555555555,8.373333333333333,0.21242294926505453
4,7,regular,3,1096,1230,134,1085,11,145,0.989963503649635,0.8821138211382114,0.8910569105691057,0.9329320722269991
4,7,semiregular,3,503,761,258,447,56,314,0.8886679920477137,0.5873850197109067,0.6609724047306176,0.7072784810126582
4,7,irregular,3,817,225,592,129,688,96,0.15789473684210525,0.5733333333333334,3.631111111111111,0.2476007677543186
4,8,regular,1,1021,1035,14,1012,9,23,0.9911851126346719,0.9777777777777777,0.9864734299516909,0.9844357976653696
4,8,semiregular,1,888,827,61,718,170,109,0.8085585585585585,0.8681983071342201,1.0737605804111245,0.8373177842565598
4,8,irregular,1,641,243,398,111,530,132,0.1731669266770671,0.4567901234567901,2.6378600823045266,0.251131221719457
4,8,regular,2,1031,1035,4,1019,12,16,0.988360814742968,0.9845410628019323,0.996135265700483,0.9864472410454985
4,8,semiregular,2,1077,827,250,816,261,11,0.7576601671309192,0.9866989117291415,1.30229746070133,0.8571428571428572
4,8,irregular,2,2129,243,1886,242,1887,1,0.11366838891498356,0.9958847736625515,8.761316872427983,0.20404721753794267
4,8,regular,3,898,1035,137,895,3,140,0.9966592427616926,0.8647342995169082,0.8676328502415459,0.9260217278841179
4,8,semiregular,3,450,827,377,425,25,402,0.9444444444444444,0.5139056831922612,0.5441354292623942,0.6656225528582616
4,8,irregular,3,995,243,752,134,861,109,0.13467336683417086,0.551440329218107,4.094650205761317,0.21647819063004847
4,9,regular,1,1084,1107,23,1078,6,29,0.9944649446494465,0.973803071364047,0.979223125564589,0.9840255591054313
4,9,semiregular,1,648,701,53,565,83,136,0.8719135802469136,0.8059914407988588,0.9243937232524965,0.83765752409192
4,9,irregular,1,475,266,209,139,336,127,0.2926315789473684,0.5225563909774437,1.7857142857142858,0.3751686909581646
4,9,regular,2,1067,1107,40,1056,11,51,0.9896907216494846,0.9539295392953929,0.96386630532972,0.9714811407543699
4,9,semiregular,2,805,701,104,669,136,32,0.831055900621118,0.9543509272467903,1.1483594864479316,0.8884462151394422
4,9,irregular,2,1752,266,1486,266,1486,0,0.15182648401826485,1.0,6.586466165413534,0.2636273538156591
4,9,regular,3,985,1107,122,979,6,128,0.9939086294416244,0.8843721770551038,0.8897922312556459,0.9359464627151052
4,9,semiregular,3,434,701,267,398,36,303,0.9170506912442397,0.5677603423680456,0.6191155492154066,0.7013215859030837
4,9,irregular,3,1337,266,1071,170,1167,96,0.12715033657442035,0.6390977443609023,5.026315789473684,0.21210230817217718
4,10,regular,1,1032,1014,18,1009,23,5,0.9777131782945736,0.995069033530572,1.017751479289941,0.9863147605083089
4,10,semiregular,1,802,656,146,622,180,34,0.7755610972568578,0.948170731707317,1.2225609756097562,0.8532235939643347
4,10,irregular,1,587,247,340,196,391,51,0.3339011925042589,0.7935222672064778,2.376518218623482,0.47002398081534774
4,10,regular,2,1093,1014,79,1014,79,0,0.9277218664226898,1.0,1.0779092702169626,0.9625059326056004
4,10,semiregular,2,937,656,281,650,287,6,0.6937033084311632,0.9908536585365854,1.4283536585365855,0.8160703075957313
4,10,irregular,2,1515,247,1268,247,1268,0,0.16303630363036303,1.0,6.133603238866397,0.28036322360953464
4,10,regular,3,891,1014,123,873,18,141,0.9797979797979798,0.8609467455621301,0.878698224852071,0.916535433070866
4,10,semiregular,3,702,656,46,594,108,62,0.8461538461538461,0.9054878048780488,1.0701219512195121,0.8748159057437409
4,10,irregular,3,374,247,127,222,152,25,0.5935828877005348,0.8987854251012146,1.51417004048583,0.7149758454106281
4,11,regular,1,1069,1070,1,1065,4,5,0.9962581852198317,0.9953271028037384,0.9990654205607477,0.9957924263674615
4,11,semiregular,1,843,700,143,656,187,44,0.7781731909845789,0.9371428571428572,1.2042857142857142,0.8502916396629943
4,11,irregular,1,636,239,397,162,474,77,0.25471698113207547,0.6778242677824268,2.6610878661087867,0.37028571428571433
4,11,regular,2,1081,1070,11,1069,12,1,0.9888991674375578,0.9990654205607477,1.0102803738317756,0.9939562993956299
4,11,semiregular,2,977,700,277,697,280,3,0.7134083930399181,0.9957142857142857,1.3957142857142857,0.8312462731067382
4,11,irregular,2,1370,239,1131,238,1132,1,0.17372262773722627,0.99581589958159,5.7322175732217575,0.2958359229334991
4,11,regular,3,816,1070,254,814,2,256,0.9975490196078431,0.7607476635514019,0.7626168224299066,0.8632025450689289
4,11,semiregular,3,498,700,202,442,56,258,0.8875502008032129,0.6314285714285715,0.7114285714285714,0.7378964941569282
4,11,irregular,3,457,239,218,118,339,121,0.25820568927789933,0.49372384937238495,1.9121338912133892,0.339080459770115
4,12,regular,1,1019,1007,12,1007,12,0,0.9882237487733072,1.0,1.0119165839126116,0.9940769990128332
4,12,semiregular,1,874,641,233,618,256,23,0.7070938215102975,0.9641185647425897,1.3634945397815912,0.8158415841584159
4,12,irregular,1,710,204,506,183,527,21,0.2577464788732394,0.8970588235294118,3.480392156862745,0.40043763676148797
4,12,regular,2,1089,1007,82,1007,82,0,0.9247015610651974,1.0,1.0814299900695135,0.9608778625954199
4,12,semiregular,2,1006,641,365,633,373,8,0.6292246520874751,0.9875195007800313,1.5694227769110765,0.7686703096539163
4,12,irregular,2,1555,204,1351,204,1351,0,0.1311897106109325,1.0,7.622549019607843,0.23194997157475838
4,12,regular,3,838,1007,169,838,0,169,1.0,0.8321747765640516,0.8321747765640516,0.9084010840108402
4,12,semiregular,3,326,641,315,293,33,348,0.8987730061349694,0.45709828393135726,0.5085803432137286,0.6059979317476732
4,12,irregular,3,793,204,589,118,675,86,0.14880201765447668,0.5784313725490197,3.8872549019607843,0.23671013039117356
4,13,regular,1,990,1000,10,986,4,14,0.9959595959595959,0.986,0.99,0.9909547738693467
4,13,semiregular,1,915,815,100,763,152,52,0.833879781420765,0.9361963190184049,1.1226993865030674,0.8820809248554914
4,13,irregular,1,919,216,703,94,825,122,0.10228509249183895,0.4351851851851852,4.25462962962963,0.16563876651982376
4,13,regular,2,1045,1000,45,1000,45,0,0.9569377990430622,1.0,1.045,0.9779951100244498
4,13,semiregular,2,1062,815,247,812,250,3,0.7645951035781544,0.996319018404908,1.3030674846625767,0.8652104421949921
4,13,irregular,2,2163,216,1947,216,1947,0,0.09986130374479889,1.0,10.01388888888889,0.18158890290037832
4,13,regular,3,913,1000,87,911,2,89,0.9978094194961665,0.911,0.913,0.9524307370622062
4,13,semiregular,3,509,815,306,448,61,367,0.8801571709233792,0.5496932515337424,0.6245398773006134,0.676737160120846
4,13,irregular,3,807,216,591,126,681,90,0.15613382899628253,0.5833333333333334,3.736111111111111,0.24633431085043989
4,14,regular,1,1040,1052,12,1038,2,14,0.9980769230769231,0.9866920152091255,0.9885931558935361,0.9923518164435946
4,14,semiregular,1,1153,913,240,881,272,32,0.764093668690373,0.9649507119386638,1.2628696604600218,0.8528557599225557
4,14,irregular,1,572,217,355,159,413,58,0.27797202797202797,0.7327188940092166,2.6359447004608296,0.4030418250950571
4,14,regular,2,1030,1052,22,1021,9,31,0.9912621359223301,0.970532319391635,0.9790874524714829,0.9807877041306436
4,14,semiregular,2,1265,913,352,913,352,0,0.7217391304347827,1.0,1.3855421686746987,0.8383838383838385
4,14,irregular,2,1494,217,1277,217,1277,0,0.14524765729585007,1.0,6.88479262672811,0.2536528345996493
4,14,regular,3,954,1052,98,953,1,99,0.9989517819706499,0.905893536121673,0.9068441064638784,0.9501495513459621
4,14,semiregular,3,387,913,526,370,17,543,0.9560723514211886,0.40525739320920046,0.4238773274917853,0.5692307692307692
4,14,irregular,3,58,217,159,58,0,159,1.0,0.2672811059907834,0.2672811059907834,0.42181818181818187
4,15,regular,1,972,964,8,963,9,1,0.9907407407407407,0.9989626556016598,1.008298755186722,0.9948347107438016
4,15,semiregular,1,921,774,147,744,177,30,0.8078175895765473,0.9612403100775194,1.189922480620155,0.8778761061946903
4,15,irregular,1,655,218,437,152,503,66,0.23206106870229007,0.6972477064220184,3.0045871559633026,0.34822451317296677
4,15,regular,2,924,964,40,915,9,49,0.9902597402597403,0.9491701244813278,0.9585062240663901,0.9692796610169491
4,15,semiregular,2,988,774,214,752,236,22,0.7611336032388664,0.9715762273901809,1.276485788113695,0.8535754824063564
4,15,irregular,2,1568,218,1350,218,1350,0,0.13903061224489796,1.0,7.192660550458716,0.2441209406494961
4,15,regular,3,726,964,238,723,3,241,0.9958677685950413,0.75,0.7531120331950207,0.8556213017751478
4,15,semiregular,3,556,774,218,491,65,283,0.8830935251798561,0.6343669250645995,0.7183462532299741,0.7383458646616542
4,15,irregular,3,643,218,425,124,519,94,0.19284603421461896,0.5688073394495413,2.94954128440367,0.28803716608594654
4,16,regular,1,1110,1109,1,1102,8,7,0.9927927927927928,0.9936880072137061,1.000901713255185,0.9932401982875169
4,16,semiregular,1,735,681,54,592,143,89,0.8054421768707483,0.869309838472834,1.079295154185022,0.8361581920903955
4,16,irregular,1,198,272,74,99,99,173,0.5,0.3639705882352941,0.7279411764705882,0.4212765957446808
4,16,regular,2,1147,1109,38,1109,38,0,0.966870095902354,1.0,1.0342651036970243,0.9831560283687943
4,16,semiregular,2,930,681,249,665,265,16,0.7150537634408602,0.9765051395007343,1.3656387665198237,0.8255741775294848
4,16,irregular,2,1465,272,1193,272,1193,0,0.18566552901023892,1.0,5.386029411764706,0.31318364997121473
4,16,regular,3,970,1109,139,963,7,146,0.9927835051546392,0.8683498647430117,0.8746618575293057,0.9264069264069265
4,16,semiregular,3,684,681,3,579,105,102,0.8464912280701754,0.8502202643171806,1.0044052863436124,0.8483516483516483
4,16,irregular,3,610,272,338,213,397,59,0.34918032786885245,0.7830882352941176,2.2426470588235294,0.48299319727891155
4,17,regular,1,1047,1029,18,1029,18,0,0.9828080229226361,1.0,1.0174927113702623,0.9913294797687862
4,17,semiregular,1,936,837,99,772,164,65,0.8247863247863247,0.9223416965352449,1.118279569892473,0.8708403835307388
4,17,irregular,1,374,240,134,106,268,134,0.28342245989304815,0.44166666666666665,1.5583333333333333,0.34527687296416937
4,17,regular,2,1043,1029,14,1025,18,4,0.9827420901246404,0.9961127308066083,1.0136054421768708,0.9893822393822393
4,17,semiregular,2,1062,837,225,820,242,17,0.7721280602636534,0.9796893667861409,1.2688172043010753,0.8636124275934702
4,17,irregular,2,1806,240,1566,240,1566,0,0.132890365448505,1.0,7.525,0.23460410557184752
4,17,regular,3,965,1029,64,962,3,67,0.9968911917098445,0.93488824101069,0.9378036929057337,0.9648946840521564
4,17,semiregular,3,722,837,115,667,55,170,0.9238227146814404,0.7968936678614098,0.8626045400238949,0.8556767158434894
4,17,irregular,3,377,240,137,151,226,89,0.4005305039787798,0.6291666666666667,1.5708333333333333,0.4894651539708265
4,18,regular,1,1047,1044,3,1040,7,4,0.9933142311365807,0.9961685823754789,1.0028735632183907,0.9947393591582975
4,18,semiregular,1,925,801,124,765,160,36,0.827027027027027,0.9550561797752809,1.1548064918851435,0.8864426419466976
4,18,irregular,1,229,252,23,128,101,124,0.5589519650655022,0.5079365079365079,0.9087301587301587,0.5322245322245321
4,18,regular,2,1056,1044,12,1041,15,3,0.9857954545454546,0.9971264367816092,1.0114942528735633,0.9914285714285714
4,18,semiregular,2,1055,801,254,794,261,7,0.75260663507109,0.9912609238451935,1.317103620474407,0.8556034482758621
4,18,irregular,2,1394,252,1142,250,1144,2,0.1793400286944046,0.9920634920634921,5.531746031746032,0.3037667071688943
4,18,regular,3,924,1044,120,920,4,124,0.9956709956709957,0.8812260536398467,0.8850574712643678,0.9349593495934959
4,18,semiregular,3,721,801,80,656,65,145,0.9098474341192788,0.818976279650437,0.9001248439450686,0.8620236530880421
4,18,irregular,3,1013,252,761,218,795,34,0.21520236920039487,0.8650793650793651,4.01984126984127,0.34466403162055337
4,19,regular,1,1063,1076,13,1042,21,34,0.980244590780809,0.9684014869888475,0.9879182156133829,0.9742870500233753
4,19,semiregular,1,815,753,62,671,144,82,0.8233128834355828,0.8911022576361222,1.0823373173970783,0.8558673469387755
4,19,irregular,1,410,245,165,158,252,87,0.3853658536585366,0.6448979591836734,1.6734693877551021,0.482442748091603
4,19,regular,2,1133,1076,57,1074,59,2,0.9479258605472197,0.9981412639405205,1.0529739776951672,0.9723856948845632
4,19,semiregular,2,981,753,228,744,237,9,0.7584097859327217,0.9880478087649402,1.302788844621514,0.8581314878892734
4,19,irregular,2,1250,245,1005,245,1005,0,0.196,1.0,5.1020408163265305,0.3277591973244147
4,19,regular,3,942,1076,134,941,1,135,0.9989384288747346,0.8745353159851301,0.8754646840148699,0.9326065411298315
4,19,semiregular,3,693,753,60,623,70,130,0.898989898989899,0.8273572377158035,0.9203187250996016,0.8616874135546336
4,19,irregular,3,574,245,329,165,409,80,0.2874564459930314,0.673469387755102,2.342857142857143,0.4029304029304029
4,20,regular,1,1186,1251,65,1183,3,68,0.9974704890387859,0.9456434852118305,0.9480415667466027,0.9708658186294624
4,20,semiregular,1,914,841,73,743,171,98,0.812910284463895,0.8834720570749108,1.0868014268727706,0.8467236467236468
4,20,irregular,1,752,252,500,139,613,113,0.1848404255319149,0.5515873015873016,2.984126984126984,0.27689243027888444
4,20,regular,2,1207,1251,44,1193,14,58,0.9884009942004971,0.9536370903277378,0.964828137490008,0.9707078925956062
4,20,semiregular,2,1116,841,275,826,290,15,0.7401433691756273,0.9821640903686087,1.3269916765755054,0.8441492079713848
4,20,irregular,2,983,252,731,244,739,8,0.24821973550356052,0.9682539682539683,3.9007936507936507,0.39514170040485824
4,20,regular,3,952,1251,299,944,8,307,0.9915966386554622,0.7545963229416467,0.7609912070343725,0.8570131638674535
4,20,semiregular,3,550,841,291,482,68,359,0.8763636363636363,0.5731272294887039,0.6539833531510107,0.6930265995686555
4,20,irregular,3,451,252,199,138,313,114,0.30598669623059865,0.5476190476190477,1.7896825396825398,0.39260312944523473
4,21,regular,1,947,920,27,918,29,2,0.9693769799366421,0.9978260869565218,1.0293478260869566,0.9833958221746116
4,21,semiregular,1,898,549,349,519,379,30,0.5779510022271714,0.9453551912568307,1.6357012750455373,0.7173462335867312
4,21,irregular,1,391,204,187,133,258,71,0.340153452685422,0.6519607843137255,1.9166666666666667,0.44705882352941173
4,21,regular,2,971,920,51,920,51,0,0.9474768280123584,1.0,1.0554347826086956,0.973030142781597
4,21,semiregular,2,999,549,450,544,455,5,0.5445445445445446,0.9908925318761385,1.819672131147541,0.702842377260982
4,21,irregular,2,1411,204,1207,204,1207,0,0.14457831325301204,1.0,6.916666666666667,0.25263157894736843
4,21,regular,3,810,920,110,810,0,110,1.0,0.8804347826086957,0.8804347826086957,0.9364161849710982
4,21,semiregular,3,328,549,221,263,65,286,0.801829268292683,0.4790528233151184,0.5974499089253188,0.5997719498289623
4,21,irregular,3,306,204,102,89,217,115,0.2908496732026144,0.4362745098039216,1.5,0.34901960784313724
4,22,regular,1,1008,946,62,944,64,2,0.9365079365079365,0.9978858350951374,1.06553911205074,0.9662231320368475
4,22,semiregular,1,898,703,195,657,241,46,0.7316258351893096,0.9345661450924608,1.2773826458036985,0.820737039350406
4,22,irregular,1,707,247,460,188,519,59,0.26591230551626593,0.7611336032388664,2.8623481781376516,0.39412997903563946
4,22,regular,2,1021,946,75,946,75,0,0.9265426052889324,1.0,1.0792811839323466,0.961870869344179
4,22,semiregular,2,1094,703,391,697,397,6,0.6371115173674589,0.9914651493598862,1.5561877667140824,0.7757373400111296
4,22,irregular,2,1501,247,1254,247,1254,0,0.16455696202531644,1.0,6.076923076923077,0.2826086956521739
4,22,regular,3,801,946,145,798,3,148,0.9962546816479401,0.8435517970401691,0.846723044397463,0.9135661133371494
4,22,semiregular,3,568,703,135,504,64,199,0.8873239436619719,0.716927453769559,0.8079658605974396,0.7930763178599528
4,22,irregular,3,148,247,99,107,41,140,0.722972972972973,0.4331983805668016,0.5991902834008097,0.5417721518987342
4,23,regular,1,1005,999,6,988,17,11,0.9830845771144279,0.988988988988989,1.006006006006006,0.9860279441117764
4,23,semiregular,1,1073,835,238,793,280,42,0.739049394221808,0.9497005988023952,1.2850299401197605,0.8312368972746331
4,23,irregular,1,1231,266,965,132,1099,134,0.10722989439480098,0.49624060150375937,4.62781954887218,0.17635270541082163
4,23,regular,2,1009,999,10,959,50,40,0.9504459861248761,0.95995995995996,1.01001001001001,0.9551792828685258
4,23,semiregular,2,1202,835,367,829,373,6,0.6896838602329451,0.9928143712574851,1.4395209580838324,0.8139420716740305
4,23,irregular,2,2583,266,2317,266,2317,0,0.10298102981029811,1.0,9.710526315789474,0.18673218673218675
4,23,regular,3,874,999,125,873,1,126,0.9988558352402745,0.8738738738738738,0.8748748748748749,0.9321943406300053
4,23,semiregular,3,571,835,264,495,76,340,0.8669001751313485,0.592814371257485,0.6838323353293413,0.7041251778093882
4,23,irregular,3,256,266,10,131,125,135,0.51171875,0.4924812030075188,0.9624060150375939,0.5019157088122606
4,24,regular,1,1068,1079,11,1055,13,24,0.9878277153558053,0.9777571825764597,0.989805375347544,0.9827666511411273
4,24,semiregular,1,747,680,67,640,107,40,0.856760374832664,0.9411764705882353,1.098529411764706,0.8969866853538893
4,24,irregular,1,1073,247,826,159,914,88,0.14818266542404473,0.6437246963562753,4.34412955465587,0.24090909090909088
4,24,regular,2,1060,1079,19,1044,16,35,0.9849056603773585,0.9675625579240037,0.9823911028730306,0.9761570827489481
4,24,semiregular,2,828,680,148,674,154,6,0.8140096618357487,0.9911764705882353,1.2176470588235293,0.8938992042440317
4,24,irregular,2,1868,247,1621,247,1621,0,0.1322269807280514,1.0,7.562753036437247,0.23356973995271868
4,24,regular,3,854,1079,225,854,0,225,1.0,0.7914735866543096,0.7914735866543096,0.8836006207966891
4,24,semiregular,3,476,680,204,448,28,232,0.9411764705882353,0.6588235294117647,0.7,0.7750865051903113
4,24,irregular,3,150,247,97,133,17,114,0.8866666666666667,0.5384615384615384,0.6072874493927125,0.6700251889168766
4,25,regular,1,942,946,4,939,3,7,0.9968152866242038,0.992600422832981,0.9957716701902748,0.9947033898305085
4,25,semiregular,1,874,718,156,672,202,46,0.7688787185354691,0.935933147632312,1.2172701949860725,0.8442211055276382
4,25,irregular,1,1336,207,1129,148,1188,59,0.11077844311377245,0.714975845410628,6.454106280193237,0.19183408943616329
4,25,regular,2,933,946,13,924,9,22,0.9903536977491961,0.9767441860465116,0.9862579281183932,0.9835018626929218
4,25,semiregular,2,1036,718,318,714,322,4,0.6891891891891891,0.9944289693593314,1.4428969359331476,0.814139110604333
4,25,irregular,2,2369,207,2162,201,2168,6,0.08484592655128746,0.9710144927536232,11.444444444444445,0.15605590062111802
4,25,regular,3,729,946,217,727,2,219,0.9972565157750343,0.7684989429175476,0.7706131078224101,0.8680597014925374
4,25,semiregular,3,292,718,426,268,24,450,0.9178082191780822,0.3732590529247911,0.40668523676880225,0.5306930693069307
4,25,irregular,3,807,207,600,39,768,168,0.048327137546468404,0.18840579710144928,3.898550724637681,0.07692307692307693
4,26,regular,1,984,985,1,968,16,17,0.983739837398374,0.9827411167512691,0.9989847715736041,0.9832402234636872
4,26,semiregular,1,875,720,155,674,201,46,0.7702857142857142,0.9361111111111111,1.2152777777777777,0.845141065830721
4,26,irregular,1,978,214,764,168,810,46,0.17177914110429449,0.7850467289719626,4.570093457943925,0.2818791946308725
4,26,regular,2,1040,985,55,983,57,2,0.9451923076923077,0.9979695431472081,1.0558375634517767,0.9708641975308643
4,26,semiregular,2,789,720,69,594,195,126,0.752851711026616,0.825,1.0958333333333334,0.7872763419483101
4,26,irregular,2,1538,214,1324,208,1330,6,0.1352405721716515,0.9719626168224299,7.186915887850467,0.23744292237442924
4,26,regular,3,446,985,539,446,0,539,1.0,0.4527918781725888,0.4527918781725888,0.623340321453529
4,26,semiregular,3,94,720,626,84,10,636,0.8936170212765957,0.11666666666666667,0.13055555555555556,0.20638820638820637
4,26,irregular,3,865,214,651,74,791,140,0.08554913294797688,0.34579439252336447,4.042056074766355,0.13716404077849859
4,27,regular,1,1128,1166,38,1125,3,41,0.9973404255319149,0.9648370497427101,0.967409948542024,0.980819529206626
4,27,semiregular,1,958,728,230,702,256,26,0.732776617954071,0.9642857142857143,1.315934065934066,0.8327402135231317
4,27,irregular,1,1924,270,1654,211,1713,59,0.10966735966735967,0.7814814814814814,7.125925925925926,0.19234275296262535
4,27,regular,2,1148,1166,18,1137,11,29,0.990418118466899,0.9751286449399656,0.9845626072041166,0.9827139152981849
4,27,semiregular,2,1021,728,293,722,299,6,0.7071498530852106,0.9917582417582418,1.4024725274725274,0.8256146369353916
4,27,irregular,2,2280,270,2010,270,2010,0,0.11842105263157894,1.0,8.444444444444445,0.2117647058823529
4,27,regular,3,1057,1166,109,1049,8,117,0.9924314096499527,0.8996569468267581,0.9065180102915952,0.9437696806117859
4,27,semiregular,3,699,728,29,602,97,126,0.8612303290414879,0.8269230769230769,0.9601648351648352,0.843728100911002
4,27,irregular,3,1289,270,1019,211,1078,59,0.16369278510473234,0.7814814814814814,4.774074074074074,0.27068633739576653
4,28,regular,1,1071,1098,27,1066,5,32,0.9953314659197012,0.970856102003643,0.9754098360655737,0.9829414476717382
4,28,semiregular,1,987,859,128,816,171,43,0.8267477203647416,0.9499417927823051,1.1490104772991852,0.8840736728060672
4,28,irregular,1,2310,293,2017,236,2074,57,0.10216450216450217,0.8054607508532423,7.8839590443686,0.1813292354975029
4,28,regular,2,1095,1098,3,1072,23,26,0.9789954337899544,0.97632058287796,0.9972677595628415,0.97765617875057
4,28,semiregular,2,1109,859,250,855,254,4,0.7709648331830478,0.9953434225844005,1.291036088474971,0.8689024390243903
4,28,irregular,2,2696,293,2403,293,2403,0,0.10867952522255193,1.0,9.20136518771331,0.19605219136835064
4,28,regular,3,872,1098,226,872,0,226,1.0,0.7941712204007286,0.7941712204007286,0.8852791878172589
4,28,semiregular,3,444,859,415,433,11,426,0.9752252252252253,0.5040745052386496,0.5168800931315483,0.6646201074443592
4,28,irregular,3,1093,293,800,112,981,181,0.10247026532479414,0.3822525597269625,3.7303754266211606,0.1616161616161616
4,29,regular,1,1139,1140,1,1132,7,8,0.9938542581211589,0.9929824561403509,0.9991228070175439,0.9934181658622202
4,29,semiregular,1,1220,869,351,852,368,17,0.6983606557377049,0.9804372842347526,1.4039125431530495,0.8157012924844422
4,29,irregular,1,1200,247,953,180,1020,67,0.15,0.728744939271255,4.8582995951417,0.24879060124395297
4,29,regular,2,1123,1140,17,1114,9,26,0.9919857524487978,0.9771929824561404,0.9850877192982456,0.9845338046840478
4,29,semiregular,2,1342,869,473,868,474,1,0.646795827123696,0.998849252013809,1.5443037974683544,0.7851650836725464
4,29,irregular,2,1728,247,1481,247,1481,0,0.14293981481481483,1.0,6.995951417004049,0.250126582278481
4,29,regular,3,712,1140,428,712,0,428,1.0,0.624561403508772,0.624561403508772,0.7688984881209503
4,29,semiregular,3,499,869,370,456,43,413,0.9138276553106213,0.5247410817031071,0.5742232451093211,0.6666666666666667
4,29,irregular,3,107,247,140,101,6,146,0.9439252336448598,0.4089068825910931,0.4331983805668016,0.5706214689265536
4,30,regular,1,980,997,17,976,4,21,0.9959183673469387,0.9789368104312939,0.9829488465396189,0.9873545776428932
4,30,semiregular,1,901,810,91,744,157,66,0.8257491675915649,0.9185185185185185,1.1123456790123456,0.8696668614845119
4,30,irregular,1,1853,250,1603,215,1638,35,0.11602806260118727,0.86,7.412,0.20446980504041845
4,30,regular,2,1002,997,5,992,10,5,0.9900199600798403,0.9949849548645938,1.0050150451354063,0.9924962481240621
4,30,semiregular,2,1042,810,232,802,240,8,0.7696737044145874,0.9901234567901235,1.2864197530864196,0.8660907127429806
4,30,irregular,2,2913,250,2663,250,2663,0,0.08582217645039478,1.0,11.652,0.15807777426493833
4,30,regular,3,922,997,75,919,3,78,0.9967462039045553,0.921765295887663,0.9247743229689067,0.9577905158936945
4,30,semiregular,3,607,810,203,565,42,245,0.9308072487644151,0.6975308641975309,0.7493827160493827,0.7974594213126323
4,30,irregular,3,102,250,148,96,6,154,0.9411764705882353,0.384,0.408,0.5454545454545454
5,1,regular,1,954,937,17,936,18,1,0.9811320754716981,0.9989327641408752,1.0181430096051227,0.9899524061343205
5,1,semiregular,1,1038,703,335,688,350,15,0.6628131021194605,0.9786628733997155,1.476529160739687,0.7903503733486502
5,1,irregular,1,436,199,237,147,289,52,0.33715596330275227,0.7386934673366834,2.190954773869347,0.4629921259842519
5,1,regular,2,1102,937,165,937,165,0,0.8502722323049002,1.0,1.176093916755603,0.9190779794016676
5,1,semiregular,2,1197,703,494,698,499,5,0.5831244778613199,0.9928876244665719,1.7027027027027026,0.734736842105263
5,1,irregular,2,1073,199,874,199,874,0,0.18546132339235788,1.0,5.391959798994975,0.3128930817610063
5,1,regular,3,988,937,51,922,66,15,0.9331983805668016,0.983991462113127,1.0544290288153682,0.9579220779220781
5,1,semiregular,3,908,703,205,654,254,49,0.7202643171806168,0.930298719772404,1.2916073968705548,0.8119180633147114
5,1,irregular,3,825,199,626,196,629,3,0.23757575757575758,0.9849246231155779,4.1457286432160805,0.3828125
5,2,regular,1,1143,1224,81,1135,8,89,0.9930008748906387,0.9272875816993464,0.9338235294117647,0.9590198563582595
5,2,semiregular,1,755,647,108,618,137,29,0.8185430463576159,0.955177743431221,1.1669242658423493,0.8815977175463623
5,2,irregular,1,850,217,633,157,693,60,0.18470588235294116,0.7235023041474654,3.9170506912442398,0.2942830365510778
5,2,regular,2,1260,1224,36,1220,40,4,0.9682539682539683,0.9967320261437909,1.0294117647058822,0.9822866344605475
5,2,semiregular,2,905,647,258,647,258,0,0.7149171270718232,1.0,1.3987635239567233,0.8337628865979382
5,2,irregular,2,1436,217,1219,217,1219,0,0.1511142061281337,1.0,6.617511520737327,0.26255293405928615
5,2,regular,3,1144,1224,80,1129,15,95,0.9868881118881119,0.9223856209150327,0.934640522875817,0.9535472972972973
5,2,semiregular,3,737,647,90,623,114,24,0.8453188602442334,0.9629057187017002,1.1391035548686244,0.9002890173410405
5,2,irregular,3,1225,217,1008,214,1011,3,0.17469387755102042,0.9861751152073732,5.645161290322581,0.29680998613037446
5,3,regular,1,1015,1053,38,1010,5,43,0.9950738916256158,0.9591642924976258,0.9639126305792972,0.9767891682785299
5,3,semiregular,1,906,716,190,697,209,19,0.7693156732891833,0.973463687150838,1.26536312849162,0.8594327990135635
5,3,irregular,1,951,224,727,176,775,48,0.18506834910620398,0.7857142857142857,4.245535714285714,0.2995744680851064
5,3,regular,2,1010,1053,43,1003,7,50,0.9930693069306931,0.9525166191832859,0.9591642924976258,0.9723703344643724
5,3,semiregular,2,536,716,180,467,69,249,0.871268656716418,0.6522346368715084,0.7486033519553073,0.7460063897763579
5,3,irregular,2,43,224,181,41,2,183,0.9534883720930233,0.18303571428571427,0.19196428571428573,0.30711610486891383
5,3,regular,3,993,1053,60,987,6,66,0.9939577039274925,0.9373219373219374,0.9430199430199431,0.9648093841642228
5,3,semiregular,3,822,716,106,656,166,60,0.7980535279805353,0.9162011173184358,1.1480446927374302,0.8530559167750325
5,3,irregular,3,1148,224,924,218,930,6,0.18989547038327526,0.9732142857142857,5.125,0.3177842565597668
5,4,regular,1,1134,1101,33,1096,38,5,0.9664902998236331,0.9954586739327884,1.0299727520435968,0.9807606263982103
5,4,semiregular,1,763,614,149,541,222,73,0.709043250327654,0.8811074918566775,1.242671009771987,0.7857661583151779
5,4,irregular,1,421,228,193,161,260,67,0.3824228028503563,0.706140350877193,1.8464912280701755,0.49614791987673335
5,4,regular,2,1207,1101,106,1101,106,0,0.9121789560894781,1.0,1.0962761126248866,0.9540727902946273
5,4,semiregular,2,996,614,382,613,383,1,0.6154618473895582,0.998371335504886,1.6221498371335505,0.7614906832298137
5,4,irregular,2,1470,228,1242,228,1242,0,0.15510204081632653,1.0,6.447368421052632,0.2685512367491166
5,4,regular,3,413,1101,688,399,14,702,0.9661016949152542,0.36239782016348776,0.3751135331516803,0.5270805812417437
5,4,semiregular,3,687,614,73,478,209,136,0.6957787481804949,0.7785016286644951,1.1188925081433225,0.7348193697156034
5,4,irregular,3,1203,228,975,187,1016,41,0.15544472152950956,0.8201754385964912,5.276315789473684,0.2613556953179595
5,5,regular,1,1042,1044,2,1036,6,8,0.9942418426103646,0.9923371647509579,0.9980842911877394,0.9932885906040269
5,5,semiregular,1,1034,668,366,657,377,11,0.6353965183752418,0.9835329341317365,1.5479041916167664,0.7720329024676852
5,5,irregular,1,1007,217,790,175,832,42,0.17378351539225423,0.8064516129032258,4.640552995391705,0.28594771241830064
5,5,regular,2,1062,1044,18,1044,18,0,0.9830508474576272,1.0,1.0172413793103448,0.9914529914529915
5,5,semiregular,2,717,668,49,524,193,144,0.7308228730822873,0.7844311377245509,1.0733532934131738,0.7566787003610109
5,5,irregular,2,142,217,75,4,138,213,0.028169014084507043,0.018433179723502304,0.6543778801843319,0.022284122562674095
5,5,regular,3,1029,1044,15,1021,8,23,0.9922254616132167,0.9779693486590039,0.985632183908046,0.9850458273034249
5,5,semiregular,3,948,668,280,658,290,10,0.6940928270042194,0.9850299401197605,1.4191616766467066,0.8143564356435643
5,5,irregular,3,1287,217,1070,214,1073,3,0.16627816627816627,0.9861751152073732,5.9308755760368665,0.2845744680851064
5,6,regular,1,980,915,65,914,66,1,0.9326530612244898,0.9989071038251366,1.0710382513661203,0.9646437994722955
5,6,semiregular,1,713,701,12,572,141,129,0.8022440392706872,0.8159771754636234,1.0171184022824535,0.809052333804809
5,6,irregular,1,911,195,716,98,813,97,0.10757409440175632,0.5025641025641026,4.671794871794872,0.17721518987341772
5,6,regular,2,1024,915,109,915,109,0,0.8935546875,1.0,1.1191256830601093,0.9437854564208354
5,6,semiregular,2,938,701,237,684,254,17,0.7292110874200426,0.9757489300998573,1.3380884450784594,0.8346552776082976
5,6,irregular,2,225,195,30,117,108,78,0.52,0.6,1.1538461538461537,0.557142857142857
5,6,regular,3,750,915,165,715,35,200,0.9533333333333334,0.7814207650273224,0.819672131147541,0.8588588588588588
5,6,semiregular,3,744,701,43,576,168,125,0.7741935483870968,0.8216833095577746,1.0613409415121255,0.7972318339100346
5,6,irregular,3,1284,195,1089,181,1103,14,0.1409657320872274,0.9282051282051282,6.584615384615384,0.2447599729546991
5,7,regular,1,1250,1230,20,1222,28,8,0.9776,0.9934959349593496,1.016260162601626,0.985483870967742
5,7,semiregular,1,1207,761,446,735,472,26,0.6089478044739023,0.9658344283837057,1.5860709592641262,0.7469512195121952
5,7,irregular,1,462,225,237,121,341,104,0.2619047619047619,0.5377777777777778,2.0533333333333332,0.3522561863173217
5,7,regular,2,891,1230,339,882,9,348,0.98989898989899,0.7170731707317073,0.724390243902439,0.8316831683168318
5,7,semiregular,2,676,761,85,516,160,245,0.7633136094674556,0.6780551905387647,0.8883048620236531,0.7181628392484343
5,7,irregular,2,1693,225,1468,221,1472,4,0.1305375073833432,0.9822222222222222,7.524444444444445,0.23044838373305526
5,7,regular,3,1157,1230,73,1145,12,85,0.989628349178911,0.9308943089430894,0.9406504065040651,0.9593632174277335
5,7,semiregular,3,1011,761,250,742,269,19,0.7339268051434223,0.9750328515111695,1.328515111695138,0.8374717832957111
5,7,irregular,3,1644,225,1419,222,1422,3,0.13503649635036497,0.9866666666666667,7.306666666666667,0.23756019261637243
5,8,regular,1,1025,1035,10,1012,13,23,0.9873170731707317,0.9777777777777777,0.9903381642512077,0.9825242718446601
5,8,semiregular,1,907,827,80,710,197,117,0.782800441014333,0.8585247883917775,1.0967351874244256,0.8189158016147635
5,8,irregular,1,1093,243,850,138,955,105,0.1262580054894785,0.5679012345679012,4.497942386831276,0.20658682634730535
5,8,regular,2,60,1035,975,60,0,975,1.0,0.057971014492753624,0.057971014492753624,0.1095890410958904
5,8,semiregular,2,208,827,619,183,25,644,0.8798076923076923,0.22128174123337363,0.25151148730350664,0.3536231884057971
5,8,irregular,2,77,243,166,0,77,243,-1,-1,0.3168724279835391,-1
5,8,regular,3,1032,1035,3,1021,11,14,0.9893410852713178,0.9864734299516909,0.9971014492753624,0.9879051765844219
5,8,semiregular,3,881,827,54,728,153,99,0.8263337116912599,0.8802902055622733,1.0652962515114872,0.8524590163934427
5,8,irregular,3,1225,243,982,192,1033,51,0.156734693877551,0.7901234567901234,5.041152263374485,0.2615803814713896
5,9,regular,1,1094,1107,13,1088,6,19,0.9945155393053017,0.982836495031617,0.988256549232159,0.9886415265788278
5,9,semiregular,1,703,701,2,613,90,88,0.871977240398293,0.8744650499286734,1.0028530670470757,0.8732193732193733
5,9,irregular,1,839,266,573,155,684,111,0.18474374255065554,0.5827067669172933,3.154135338345865,0.28054298642533937
5,9,regular,2,1089,1107,18,1077,12,30,0.9889807162534435,0.9728997289972899,0.983739837398374,0.9808743169398907
5,9,semiregular,2,837,701,136,682,155,19,0.8148148148148148,0.9728958630527818,1.1940085592011411,0.8868660598179454
5,9,irregular,2,1807,266,1541,266,1541,0,0.14720531267293857,1.0,6.793233082706767,0.2566328991799324
5,9,regular,3,708,1107,399,698,10,409,0.9858757062146892,0.6305329719963866,0.6395663956639567,0.7691460055096419
5,9,semiregular,3,557,701,144,475,82,226,0.8527827648114902,0.6776034236804565,0.7945791726105563,0.75516693163752
5,9,irregular,3,1524,266,1258,219,1305,47,0.1437007874015748,0.8233082706766918,5.7293233082706765,0.2446927374301676
5,10,regular,1,1060,1014,46,1003,57,11,0.9462264150943396,0.9891518737672583,1.0453648915187377,0.9672131147540983
5,10,semiregular,1,816,656,160,627,189,29,0.7683823529411765,0.9557926829268293,1.2439024390243902,0.8519021739130436
5,10,irregular,1,1068,247,821,217,851,30,0.20318352059925093,0.8785425101214575,4.323886639676114,0.33003802281368816
5,10,regular,2,1186,1014,172,1014,172,0,0.8549747048903878,1.0,1.1696252465483234,0.9218181818181819
5,10,semiregular,2,992,656,336,652,340,4,0.657258064516129,0.9939024390243902,1.5121951219512195,0.7912621359223301
5,10,irregular,2,1460,247,1213,247,1213,0,0.16917808219178082,1.0,5.910931174089069,0.28939660222612773
5,10,regular,3,1108,1014,94,1008,100,6,0.9097472924187726,0.9940828402366864,1.0927021696252466,0.9500471253534402
5,10,semiregular,3,503,656,153,431,72,225,0.856858846918489,0.6570121951219512,0.7667682926829268,0.7437446074201898
5,10,irregular,3,908,247,661,216,692,31,0.23788546255506607,0.8744939271255061,3.6761133603238867,0.374025974025974
5,11,regular,1,1063,1070,7,1059,4,11,0.9962370649106302,0.9897196261682243,0.9934579439252337,0.9929676511954993
5,11,semiregular,1,837,700,137,645,192,55,0.7706093189964157,0.9214285714285714,1.1957142857142857,0.8392973324658425
5,11,irregular,1,936,239,697,171,765,68,0.18269230769230768,0.7154811715481172,3.916317991631799,0.29106382978723405
5,11,regular,2,0,1070,1070,0,0,1070,-1,-1,0.0,-1
5,11,semiregular,2,8,700,692,5,3,695,0.625,0.007142857142857143,0.011428571428571429,0.014124293785310734
5,11,irregular,2,5,239,234,1,4,238,0.2,0.0041841004184100415,0.02092050209205021,0.008196721311475409
5,11,regular,3,965,1070,105,958,7,112,0.9927461139896373,0.8953271028037383,0.9018691588785047,0.9415233415233415
5,11,semiregular,3,856,700,156,663,193,37,0.7745327102803738,0.9471428571428572,1.2228571428571429,0.8521850899742931
5,11,irregular,3,1253,239,1014,213,1040,26,0.16999201915403034,0.891213389121339,5.2426778242677825,0.2855227882037534
5,12,regular,1,1063,1007,56,1007,56,0,0.9473189087488241,1.0,1.0556107249255213,0.9729468599033816
5,12,semiregular,1,862,641,221,601,261,40,0.697215777262181,0.9375975039001561,1.344773790951638,0.7997338656021291
5,12,irregular,1,993,204,789,174,819,30,0.17522658610271905,0.8529411764705882,4.867647058823529,0.29072681704260656
5,12,regular,2,1126,1007,119,1007,119,0,0.894316163410302,1.0,1.118172790466733,0.9442100328176277
5,12,semiregular,2,1003,641,362,628,375,13,0.6261216350947159,0.9797191887675507,1.564742589703588,0.7639902676399026
5,12,irregular,2,1072,204,868,204,868,0,0.19029850746268656,1.0,5.254901960784314,0.31974921630094044
5,12,regular,3,787,1007,220,779,8,228,0.9898348157560356,0.7735849056603774,0.7815292949354519,0.8684503901895206
5,12,semiregular,3,801,641,160,560,241,81,0.6991260923845194,0.8736349453978159,1.249609984399376,0.7766990291262137
5,12,irregular,3,1334,204,1130,175,1159,29,0.13118440779610194,0.8578431372549019,6.53921568627451,0.2275682704811443
5,13,regular,1,1040,1000,40,1000,40,0,0.9615384615384616,1.0,1.04,0.9803921568627451
5,13,semiregular,1,955,815,140,772,183,43,0.8083769633507853,0.947239263803681,1.1717791411042944,0.872316384180791
5,13,irregular,1,1014,216,798,106,908,110,0.10453648915187377,0.49074074074074076,4.694444444444445,0.17235772357723578
5,13,regular,2,1103,1000,103,1000,103,0,0.9066183136899365,1.0,1.103,0.951022349025202
5,13,semiregular,2,962,815,147,769,193,46,0.7993762993762994,0.943558282208589,1.1803680981595093,0.8655036578503096
5,13,irregular,2,2058,216,1842,211,1847,5,0.10252672497570457,0.9768518518518519,9.527777777777779,0.18557607739665788
5,13,regular,3,839,1000,161,833,6,167,0.9928486293206198,0.833,0.839,0.9059271343121261
5,13,semiregular,3,873,815,58,724,149,91,0.8293241695303551,0.8883435582822086,1.0711656441717792,0.8578199052132702
5,13,irregular,3,1627,216,1411,194,1433,22,0.11923786109403811,0.8981481481481481,7.532407407407407,0.2105263157894737
5,14,regular,1,1032,1052,20,1031,1,21,0.999031007751938,0.9800380228136882,0.9809885931558935,0.9894433781190018
5,14,semiregular,1,1106,913,193,861,245,52,0.7784810126582279,0.9430449069003286,1.2113910186199344,0.8528974739970282
5,14,irregular,1,807,217,590,131,676,86,0.1623296158612144,0.6036866359447005,3.71889400921659,0.255859375
5,14,regular,2,1074,1052,22,1052,22,0,0.9795158286778398,1.0,1.020912547528517,0.9896519285042333
5,14,semiregular,2,1285,913,372,907,378,6,0.7058365758754864,0.9934282584884995,1.4074479737130339,0.8252957233848954
5,14,irregular,2,846,217,629,147,699,70,0.17375886524822695,0.6774193548387096,3.8986175115207375,0.27657572906867356
5,14,regular,3,312,1052,740,307,5,745,0.9839743589743589,0.29182509505703425,0.2965779467680608,0.4501466275659825
5,14,semiregular,3,896,913,17,691,205,222,0.7712053571428571,0.7568455640744798,0.9813800657174151,0.7639579878385848
5,14,irregular,3,1106,217,889,100,1006,117,0.09041591320072333,0.4608294930875576,5.096774193548387,0.15117157974300832
5,15,regular,1,1010,964,46,964,46,0,0.9544554455445544,1.0,1.0477178423236515,0.9766970618034447
5,15,semiregular,1,996,774,222,760,236,14,0.7630522088353414,0.9819121447028424,1.2868217054263567,0.8587570621468926
5,15,irregular,1,1092,218,874,173,919,45,0.15842490842490842,0.7935779816513762,5.009174311926605,0.2641221374045802
5,15,regular,2,118,964,846,116,2,848,0.9830508474576272,0.12033195020746888,0.12240663900414937,0.2144177449168207
5,15,semiregular,2,278,774,496,231,47,543,0.8309352517985612,0.29844961240310075,0.35917312661498707,0.4391634980988593
5,15,irregular,2,221,218,3,47,174,171,0.21266968325791855,0.21559633027522937,1.0137614678899083,0.214123006833713
5,15,regular,3,779,964,185,774,5,190,0.993581514762516,0.8029045643153527,0.808091286307054,0.8881239242685026
5,15,semiregular,3,898,774,124,728,170,46,0.8106904231625836,0.9405684754521964,1.1602067183462532,0.8708133971291866
5,15,irregular,3,908,218,690,202,706,16,0.22246696035242292,0.926605504587156,4.165137614678899,0.35879218472468916
5,16,regular,1,1105,1109,4,1096,9,13,0.9918552036199095,0.9882777276825969,0.9963931469792606,0.990063233965673
5,16,semiregular,1,756,681,75,594,162,87,0.7857142857142857,0.8722466960352423,1.1101321585903083,0.8267223382045928
5,16,irregular,1,341,272,69,147,194,125,0.4310850439882698,0.5404411764705882,1.2536764705882353,0.4796084828711256
5,16,regular,2,1020,1109,89,1016,4,93,0.996078431372549,0.9161406672678089,0.9197475202885482,0.9544387036167215
5,16,semiregular,2,513,681,168,414,99,267,0.8070175438596491,0.6079295154185022,0.7533039647577092,0.693467336683417
5,16,irregular,2,836,272,564,248,588,24,0.2966507177033493,0.9117647058823529,3.073529411764706,0.4476534296028881
5,16,regular,3,1112,1109,3,1091,21,18,0.9811151079136691,0.9837691614066727,1.0027051397655546,0.9824403421882036
5,16,semiregular,3,851,681,170,661,190,20,0.7767332549941246,0.9706314243759178,1.249632892804699,0.8629242819843342
5,16,irregular,3,1144,272,872,270,874,2,0.23601398601398602,0.9926470588235294,4.205882352941177,0.3813559322033898
5,17,regular,1,1068,1029,39,1029,39,0,0.9634831460674157,1.0,1.0379008746355685,0.9814020028612304
5,17,semiregular,1,937,837,100,762,175,75,0.8132337246531484,0.910394265232975,1.1194743130227,0.8590755355129651
5,17,irregular,1,350,240,110,97,253,143,0.27714285714285714,0.4041666666666667,1.4583333333333333,0.3288135593220339
5,17,regular,2,1091,1029,62,1029,62,0,0.9431714023831348,1.0,1.0602526724975705,0.9707547169811321
5,17,semiregular,2,1045,837,208,814,231,23,0.7789473684210526,0.972520908004779,1.2485065710872163,0.8650371944739639
5,17,irregular,2,747,240,507,223,524,17,0.29852744310575635,0.9291666666666667,3.1125,0.4518743667679838
5,17,regular,3,1070,1029,41,1029,41,0,0.9616822429906542,1.0,1.0398445092322643,0.9804668889947594
5,17,semiregular,3,968,837,131,799,169,38,0.8254132231404959,0.954599761051374,1.1565113500597373,0.8853185595567867
5,17,irregular,3,1572,240,1332,239,1333,1,0.15203562340966922,0.9958333333333333,6.55,0.2637969094922738
5,18,regular,1,1084,1044,40,1043,41,1,0.9621771217712177,0.9990421455938697,1.0383141762452108,0.9802631578947368
5,18,semiregular,1,965,801,164,770,195,31,0.7979274611398963,0.9612983770287141,1.2047440699126093,0.8720271800679502
5,18,irregular,1,321,252,69,155,166,97,0.48286604361370716,0.6150793650793651,1.2738095238095237,0.5410122164048866
5,18,regular,2,1135,1044,91,1044,91,0,0.9198237885462555,1.0,1.0871647509578544,0.95823772372648
5,18,semiregular,2,988,801,187,741,247,60,0.75,0.9250936329588015,1.233458177278402,0.8283957518166575
5,18,irregular,2,1331,252,1079,248,1083,4,0.18632607062359127,0.9841269841269841,5.281746031746032,0.3133291219204043
5,18,regular,3,1086,1044,42,1043,43,1,0.9604051565377533,0.9990421455938697,1.0402298850574712,0.9793427230046948
5,18,semiregular,3,975,801,174,773,202,28,0.7928205128205128,0.9650436953807741,1.2172284644194757,0.8704954954954954
5,18,irregular,3,1249,252,997,250,999,2,0.200160128102482,0.9920634920634921,4.9563492063492065,0.3331112591605596
5,19,regular,1,1084,1076,8,1058,26,18,0.9760147601476015,0.983271375464684,1.0074349442379182,0.9796296296296296
5,19,semiregular,1,853,753,100,696,157,57,0.8159437280187574,0.9243027888446215,1.1328021248339974,0.866749688667497
5,19,irregular,1,643,245,398,156,487,89,0.24261275272161742,0.636734693877551,2.6244897959183673,0.35135135135135137
5,19,regular,2,1166,1076,90,1074,92,2,0.9210977701543739,0.9981412639405205,1.08364312267658,0.9580731489741303
5,19,semiregular,2,997,753,244,745,252,8,0.7472417251755266,0.9893758300132802,1.3240371845949535,0.8514285714285714
5,19,irregular,2,1238,245,993,244,994,1,0.19709208400646203,0.9959183673469387,5.053061224489796,0.32906271072151044
5,19,regular,3,1090,1076,14,1074,16,2,0.9853211009174312,0.9981412639405205,1.013011152416357,0.9916897506925207
5,19,semiregular,3,865,753,112,704,161,49,0.8138728323699422,0.9349269588313412,1.1487383798140771,0.8702101359703337
5,19,irregular,3,1112,245,867,240,872,5,0.2158273381294964,0.9795918367346939,4.538775510204082,0.3537214443625645
5,20,regular,1,1206,1251,45,1191,15,60,0.9875621890547264,0.9520383693045563,0.9640287769784173,0.9694749694749694
5,20,semiregular,1,941,841,100,749,192,92,0.79596174282678,0.8906064209274673,1.1189060642092747,0.840628507295174
5,20,irregular,1,751,252,499,121,630,131,0.1611185086551265,0.4801587301587302,2.9801587301587302,0.24127617148554337
5,20,regular,2,1233,1251,18,1218,15,33,0.9878345498783455,0.973621103117506,0.9856115107913669,0.9806763285024155
5,20,semiregular,2,1215,841,374,836,379,5,0.6880658436213992,0.9940546967895363,1.4447086801426874,0.8132295719844359
5,20,irregular,2,1523,252,1271,252,1271,0,0.1654629021667761,1.0,6.0436507936507935,0.28394366197183096
5,20,regular,3,1041,1251,210,1031,10,220,0.9903938520653218,0.82414068745004,0.8321342925659473,0.8996509598603839
5,20,semiregular,3,931,841,90,752,179,89,0.807733619763695,0.8941736028537456,1.1070154577883473,0.8487584650112867
5,20,irregular,3,1012,252,760,214,798,38,0.21146245059288538,0.8492063492063492,4.015873015873016,0.3386075949367089
5,21,regular,1,932,920,12,917,15,3,0.9839055793991416,0.9967391304347826,1.0130434782608695,0.9902807775377969
5,21,semiregular,1,898,549,349,522,376,27,0.5812917594654788,0.9508196721311475,1.6357012750455373,0.7214927436074636
5,21,irregular,1,822,204,618,157,665,47,0.19099756690997566,0.7696078431372549,4.029411764705882,0.3060428849902534
5,21,regular,2,1027,920,107,920,107,0,0.8958130477117819,1.0,1.116304347826087,0.9450436569080637
5,21,semiregular,2,1004,549,455,545,459,4,0.5428286852589641,0.9927140255009107,1.8287795992714027,0.7018673535093366
5,21,irregular,2,636,204,432,197,439,7,0.30974842767295596,0.9656862745098039,3.1176470588235294,0.4690476190476191
5,21,regular,3,579,920,341,574,5,346,0.9913644214162349,0.6239130434782608,0.6293478260869565,0.7658438959306204
5,21,semiregular,3,836,549,287,521,315,28,0.6232057416267942,0.9489981785063752,1.522768670309654,0.752346570397112
5,21,irregular,3,1206,204,1002,184,1022,20,0.15257048092868988,0.9019607843137255,5.911764705882353,0.26099290780141843
5,22,regular,1,1001,946,55,943,58,3,0.942057942057942,0.9968287526427061,1.058139534883721,0.9686697483307651
5,22,semiregular,1,864,703,161,637,227,66,0.7372685185185185,0.9061166429587483,1.229018492176387,0.813018506700702
5,22,irregular,1,966,247,719,195,771,52,0.20186335403726707,0.7894736842105263,3.9109311740890687,0.3215169002473207
5,22,regular,2,1067,946,121,946,121,0,0.8865979381443299,1.0,1.127906976744186,0.9398907103825136
5,22,semiregular,2,1117,703,414,699,418,4,0.6257833482542524,0.9943100995732574,1.588904694167852,0.768131868131868
5,22,irregular,2,1538,247,1291,247,1291,0,0.16059817945383614,1.0,6.22672064777328,0.27675070028011206
5,22,regular,3,933,946,13,902,31,44,0.9667738478027867,0.9534883720930233,0.9862579281183932,0.9600851516764236
5,22,semiregular,3,973,703,270,684,289,19,0.7029804727646455,0.972972972972973,1.3840682788051208,0.8162291169451075
5,22,irregular,3,1273,247,1026,240,1033,7,0.1885310290652003,0.97165991902834,5.153846153846154,0.3157894736842105
5,23,regular,1,1031,999,32,997,34,2,0.9670223084384093,0.997997997997998,1.032032032032032,0.9822660098522168
5,23,semiregular,1,814,835,21,692,122,143,0.8501228501228502,0.8287425149700599,0.9748502994011976,0.8392965433596119
5,23,irregular,1,565,266,299,95,470,171,0.168141592920354,0.35714285714285715,2.1240601503759398,0.22864019253910955
5,23,regular,2,950,999,49,890,60,109,0.9368421052631579,0.8908908908908909,0.950950950950951,0.9132888660851719
5,23,semiregular,2,1317,835,482,832,485,3,0.6317388003037205,0.9964071856287425,1.5772455089820359,0.7732342007434944
5,23,irregular,2,2853,266,2587,266,2587,0,0.09323519102698913,1.0,10.725563909774436,0.1705674895799936
5,23,regular,3,1002,999,3,960,42,39,0.9580838323353293,0.960960960960961,1.003003003003003,0.95952023988006
5,23,semiregular,3,1035,835,200,756,279,79,0.7304347826086957,0.9053892215568863,1.2395209580838322,0.8085561497326202
5,23,irregular,3,1982,266,1716,254,1728,12,0.12815338042381433,0.9548872180451128,7.451127819548872,0.22597864768683276
5,24,regular,1,1070,1079,9,1060,10,19,0.9906542056074766,0.9823911028730306,0.9916589434661723,0.9865053513261982
5,24,semiregular,1,747,680,67,633,114,47,0.8473895582329317,0.9308823529411765,1.098529411764706,0.8871758934828311
5,24,irregular,1,1216,247,969,161,1055,86,0.13240131578947367,0.6518218623481782,4.923076923076923,0.22009569377990432
5,24,regular,2,1064,1079,15,1047,17,32,0.9840225563909775,0.9703429101019463,0.9860982391102873,0.9771348576761549
5,24,semiregular,2,832,680,152,674,158,6,0.8100961538461539,0.9911764705882353,1.223529411764706,0.8915343915343916
5,24,irregular,2,1961,247,1714,247,1714,0,0.12595614482406936,1.0,7.939271255060729,0.22373188405797104
5,24,regular,3,958,1079,121,948,10,131,0.9895615866388309,0.8785912882298424,0.8878591288229842,0.930780559646539
5,24,semiregular,3,723,680,43,617,106,63,0.8533886583679114,0.9073529411764706,1.063235294117647,0.8795438346400569
5,24,irregular,3,1571,247,1324,236,1335,11,0.15022278803309994,0.9554655870445344,6.3603238866396765,0.25962596259625964
5,25,regular,1,921,946,25,916,5,30,0.99457111834962,0.9682875264270613,0.9735729386892178,0.9812533476164972
5,25,semiregular,1,903,718,185,685,218,33,0.7585825027685493,0.9540389972144847,1.2576601671309193,0.8451573103022827
5,25,irregular,1,1594,207,1387,137,1457,70,0.08594730238393977,0.6618357487922706,7.700483091787439,0.1521377012770683
5,25,regular,2,947,946,1,939,8,7,0.9915522703273495,0.992600422832981,1.0010570824524312,0.9920760697305865
5,25,semiregular,2,715,718,3,509,206,209,0.7118881118881119,0.7089136490250696,0.9958217270194986,0.7103977669225402
5,25,irregular,2,1206,207,999,18,1188,189,0.014925373134328358,0.08695652173913043,5.826086956521739,0.025477707006369425
5,25,regular,3,943,946,3,936,7,10,0.9925768822905621,0.9894291754756871,0.9968287526427061,0.9910005293806247
5,25,semiregular,3,889,718,171,695,194,23,0.78177727784027,0.967966573816156,1.2381615598885793,0.864965774735532
5,25,irregular,3,2086,207,1879,198,1888,9,0.09491850431447747,0.9565217391304348,10.077294685990339,0.1726995202791103
5,26,regular,1,1177,985,192,985,192,0,0.836873406966865,1.0,1.1949238578680204,0.9111933395004627
5,26,semiregular,1,939,720,219,675,264,45,0.7188498402555911,0.9375,1.3041666666666667,0.8137432188065099
5,26,irregular,1,1229,214,1015,174,1055,40,0.14157851912123678,0.8130841121495327,5.742990654205608,0.24116424116424118
5,26,regular,2,1052,985,67,959,93,26,0.9115969581749049,0.9736040609137055,1.068020304568528,0.9415807560137456
5,26,semiregular,2,792,720,72,641,151,79,0.8093434343434344,0.8902777777777777,1.1,0.8478835978835978
5,26,irregular,2,1399,214,1185,194,1205,20,0.13867047891350964,0.9065420560747663,6.537383177570093,0.24054556726596407
5,26,regular,3,447,985,538,437,10,548,0.9776286353467561,0.4436548223350254,0.45380710659898477,0.6103351955307262
5,26,semiregular,3,369,720,351,273,96,447,0.7398373983739838,0.37916666666666665,0.5125,0.5013774104683195
5,26,irregular,3,1374,214,1160,158,1216,56,0.11499272197962154,0.7383177570093458,6.420560747663552,0.19899244332493704
5,27,regular,1,1095,1166,71,1087,8,79,0.9926940639269406,0.9322469982847341,0.9391080617495712,0.9615214506855374
5,27,semiregular,1,764,728,36,595,169,133,0.7787958115183246,0.8173076923076923,1.0494505494505495,0.7975871313672922
5,27,irregular,1,1632,270,1362,231,1401,39,0.14154411764705882,0.8555555555555555,6.044444444444444,0.24290220820189273
5,27,regular,2,1207,1166,41,1166,41,0,0.9660314830157415,1.0,1.0351629502572899,0.9827222924568058
5,27,semiregular,2,1044,728,316,723,321,5,0.6925287356321839,0.9931318681318682,1.434065934065934,0.8160270880361175
5,27,irregular,2,2015,270,1745,246,1769,24,0.12208436724565756,0.9111111111111111,7.462962962962963,0.21531728665207875
5,27,regular,3,1132,1166,34,1125,7,41,0.9938162544169611,0.9648370497427101,0.9708404802744426,0.97911227154047
5,27,semiregular,3,848,728,120,690,158,38,0.8136792452830188,0.9478021978021978,1.164835164835165,0.8756345177664975
5,27,irregular,3,1944,270,1674,262,1682,8,0.13477366255144033,0.9703703703703703,7.2,0.23667570009033423
5,28,regular,1,1087,1098,11,1072,15,26,0.9862005519779209,0.97632058287796,0.9899817850637522,0.9812356979405035
5,28,semiregular,1,981,859,122,815,166,44,0.8307849133537207,0.9487776484284052,1.1420256111757858,0.8858695652173912
5,28,irregular,1,1792,293,1499,227,1565,66,0.12667410714285715,0.7747440273037542,6.1160409556314,0.21774580335731417
5,28,regular,2,1100,1098,2,1082,18,16,0.9836363636363636,0.9854280510018215,1.0018214936247722,0.9845313921747043
5,28,semiregular,2,1062,859,203,826,236,33,0.7777777777777778,0.9615832363213038,1.2363213038416763,0.8599687662675689
5,28,irregular,2,1407,293,1114,268,1139,25,0.19047619047619047,0.9146757679180887,4.802047781569966,0.3152941176470588
5,28,regular,3,713,1098,385,697,16,401,0.9775596072931276,0.6347905282331512,0.6493624772313297,0.7697404748757591
5,28,semiregular,3,958,859,99,798,160,61,0.8329853862212944,0.9289871944121071,1.1152502910360884,0.8783709411117226
5,28,irregular,3,2301,293,2008,289,2012,4,0.12559756627553237,0.9863481228668942,7.853242320819112,0.22282189668465688
5,29,regular,1,1115,1140,25,1109,6,31,0.9946188340807175,0.9728070175438597,0.9780701754385965,0.9835920177383592
5,29,semiregular,1,1272,869,403,857,415,12,0.6737421383647799,0.9861910241657077,1.4637514384349828,0.8005604857543205
5,29,irregular,1,1127,247,880,187,940,60,0.16592724046140195,0.757085020242915,4.562753036437247,0.27219796215429404
5,29,regular,2,1151,1140,11,1133,18,7,0.9843614248479583,0.993859649122807,1.0096491228070175,0.9890877346137058
5,29,semiregular,2,1288,869,419,850,438,19,0.6599378881987578,0.9781357882623706,1.4821634062140392,0.7881316643486324
5,29,irregular,2,1663,247,1416,247,1416,0,0.14852675886951291,1.0,6.732793522267206,0.25863874345549737
5,29,regular,3,850,1140,290,844,6,296,0.9929411764705882,0.7403508771929824,0.7456140350877193,0.8482412060301509
5,29,semiregular,3,1177,869,308,854,323,15,0.7255734919286321,0.9827387802071347,1.3544303797468353,0.8347996089931573
5,29,irregular,3,1455,247,1208,230,1225,17,0.15807560137457044,0.9311740890688259,5.890688259109312,0.2702702702702703
5,30,regular,1,991,997,6,983,8,14,0.9919273461150353,0.9859578736208626,0.9939819458375125,0.9889336016096579
5,30,semiregular,1,936,810,126,761,175,49,0.813034188034188,0.9395061728395062,1.1555555555555554,0.8717067583046965
5,30,irregular,1,2175,250,1925,199,1976,51,0.09149425287356322,0.796,8.7,0.1641237113402062
5,30,regular,2,1061,997,64,997,64,0,0.939679547596607,1.0,1.0641925777331995,0.9689018464528668
5,30,semiregular,2,1103,810,293,806,297,4,0.7307343608340888,0.9950617283950617,1.3617283950617285,0.8426555148980658
5,30,irregular,2,577,250,327,238,339,12,0.4124783362218371,0.952,2.308,0.5755743651753326
5,30,regular,3,833,997,164,827,6,170,0.992797118847539,0.8294884653961886,0.835506519558676,0.9038251366120219
5,30,semiregular,3,917,810,107,766,151,44,0.8353326063249727,0.945679012345679,1.1320987654320989,0.8870874348581355
5,30,irregular,3,2379,250,2129,197,2182,53,0.08280790248003363,0.788,9.516,0.14986686953214148
