Test fold number,Subject,Gait,Sensor,Predicted,Actual,Difference,TP,FP,FN,PPV,Sensitivity,RCA,SDA
1,1,regular,1,945,937,8,928,17,9,0.982010582010582,0.9903948772678762,1.0085378868729988,0.9861849096705633
1,1,semiregular,1,998,703,295,693,305,10,0.6943887775551102,0.9857752489331437,1.4196301564722618,0.8148148148148148
1,1,irregular,1,483,199,284,162,321,37,0.33540372670807456,0.8140703517587939,2.4271356783919598,0.4750733137829912
1,1,regular,2,1058,937,121,937,121,0,0.8856332703213611,1.0,1.129135538954109,0.9393483709273183
1,1,semiregular,2,1197,703,494,701,496,2,0.5856307435254804,0.9971550497866287,1.7027027027027026,0.7378947368421052
1,1,irregular,2,1064,199,865,199,865,0,0.18703007518796994,1.0,5.346733668341709,0.31512272367379257
1,1,regular,3,799,937,138,761,38,176,0.9524405506883604,0.8121664887940235,0.8527214514407684,0.8767281105990784
1,1,semiregular,3,714,703,11,575,139,128,0.8053221288515406,0.817923186344239,1.0156472261735419,0.8115737473535639
1,1,irregular,3,594,199,395,164,430,35,0.2760942760942761,0.8241206030150754,2.9849246231155777,0.4136191677175284
1,2,regular,1,1176,1224,48,1165,11,59,0.9906462585034014,0.951797385620915,0.9607843137254902,0.9708333333333333
1,2,semiregular,1,735,647,88,614,121,33,0.8353741496598639,0.9489953632148377,1.1360123647604328,0.8885672937771345
1,2,irregular,1,957,217,740,188,769,29,0.19644723092998956,0.8663594470046083,4.410138248847926,0.32027257240204426
1,2,regular,2,1197,1224,27,1171,26,53,0.9782790309106099,0.9566993464052288,0.9779411764705882,0.9673688558446922
1,2,semiregular,2,830,647,183,646,184,1,0.7783132530120482,0.9984544049459042,1.2828438948995364,0.8747461069735951
1,2,irregular,2,1358,217,1141,217,1141,0,0.15979381443298968,1.0,6.258064516129032,0.27555555555555555
1,2,regular,3,1063,1224,161,1053,10,171,0.9905926622765757,0.8602941176470589,0.8684640522875817,0.9208570179274159
1,2,semiregular,3,531,647,116,499,32,148,0.9397363465160076,0.7712519319938176,0.8207109737248841,0.8471986417657046
1,2,irregular,3,835,217,618,170,665,47,0.20359281437125748,0.783410138248848,3.847926267281106,0.32319391634980993
1,3,regular,1,1056,1053,3,1044,12,9,0.9886363636363636,0.9914529914529915,1.002849002849003,0.9900426742532006
1,3,semiregular,1,913,716,197,699,214,17,0.7656078860898138,0.9762569832402235,1.2751396648044693,0.8581952117863719
1,3,irregular,1,861,224,637,190,671,34,0.22067363530778164,0.8482142857142857,3.84375,0.35023041474654376
1,3,regular,2,1033,1053,20,1018,15,35,0.9854791868344628,0.9667616334283001,0.9810066476733144,0.9760306807286674
1,3,semiregular,2,962,716,246,707,255,9,0.7349272349272349,0.9874301675977654,1.3435754189944134,0.8426698450536353
1,3,irregular,2,813,224,589,210,603,14,0.25830258302583026,0.9375,3.6294642857142856,0.40501446480231434
1,3,regular,3,957,1053,96,949,8,104,0.9916405433646813,0.9012345679012346,0.9088319088319088,0.9442786069651742
1,3,semiregular,3,570,716,146,503,67,213,0.8824561403508772,0.702513966480447,0.7960893854748603,0.7822706065318819
1,3,irregular,3,697,224,473,169,528,55,0.242467718794835,0.7544642857142857,3.111607142857143,0.36699239956568946
1,4,regular,1,1154,1101,53,1101,53,0,0.9540727902946274,1.0,1.0481380563124432,0.9764966740576496
1,4,semiregular,1,853,614,239,589,264,25,0.690504103165299,0.9592833876221498,1.3892508143322475,0.8029993183367417
1,4,irregular,1,622,228,394,181,441,47,0.2909967845659164,0.793859649122807,2.7280701754385963,0.42588235294117643
1,4,regular,2,1121,1101,20,1098,23,3,0.9794826048171276,0.997275204359673,1.0181653042688465,0.9882988298829883
1,4,semiregular,2,937,614,323,613,324,1,0.6542155816435432,0.998371335504886,1.5260586319218241,0.7904577691811735
1,4,irregular,2,1399,228,1171,228,1171,0,0.1629735525375268,1.0,6.135964912280702,0.2802704363859864
1,4,regular,3,794,1101,307,787,7,314,0.9911838790931989,0.7148047229791099,0.7211625794732062,0.8306068601583113
1,4,semiregular,3,498,614,116,411,87,203,0.8253012048192772,0.6693811074918566,0.8110749185667753,0.7392086330935251
1,4,irregular,3,781,228,553,156,625,72,0.1997439180537772,0.6842105263157895,3.425438596491228,0.30921704658077304
1,5,regular,1,1060,1044,16,1042,18,2,0.9830188679245283,0.9980842911877394,1.0153256704980842,0.9904942965779467
1,5,semiregular,1,1023,668,355,663,360,5,0.6480938416422287,0.9925149700598802,1.531437125748503,0.7841513897102306
1,5,irregular,1,1120,217,903,191,929,26,0.1705357142857143,0.880184331797235,5.161290322580645,0.28571428571428575
1,5,regular,2,1067,1044,23,1044,23,0,0.9784442361761949,1.0,1.0220306513409962,0.9891046897205116
1,5,semiregular,2,1079,668,411,665,414,3,0.6163113994439295,0.9955089820359282,1.6152694610778444,0.7613050944476245
1,5,irregular,2,1226,217,1009,217,1009,0,0.1769983686786297,1.0,5.649769585253456,0.3007623007623008
1,5,regular,3,857,1044,187,849,8,195,0.9906651108518086,0.8132183908045977,0.8208812260536399,0.8932140978432405
1,5,semiregular,3,664,668,4,536,128,132,0.8072289156626506,0.8023952095808383,0.9940119760479041,0.8048048048048048
1,5,irregular,3,934,217,717,189,745,28,0.20235546038543897,0.8709677419354839,4.304147465437788,0.32841007819287577
1,6,regular,1,980,915,65,914,66,1,0.9326530612244898,0.9989071038251366,1.0710382513661203,0.9646437994722955
1,6,semiregular,1,833,701,132,659,174,42,0.7911164465786314,0.9400855920114123,1.18830242510699,0.8591916558018253
1,6,irregular,1,705,195,510,130,575,65,0.18439716312056736,0.6666666666666666,3.6153846153846154,0.28888888888888886
1,6,regular,2,981,915,66,914,67,1,0.9317023445463812,0.9989071038251366,1.0721311475409836,0.9641350210970465
1,6,semiregular,2,913,701,212,686,227,15,0.7513691128148959,0.978601997146933,1.3024251069900143,0.8500619578686494
1,6,irregular,2,1285,195,1090,195,1090,0,0.1517509727626459,1.0,6.589743589743589,0.26351351351351354
1,6,regular,3,784,915,131,760,24,155,0.9693877551020408,0.8306010928961749,0.8568306010928962,0.8946439081812831
1,6,semiregular,3,586,701,115,511,75,190,0.8720136518771331,0.7289586305278174,0.8359486447931527,0.7940947940947941
1,6,irregular,3,721,195,526,147,574,48,0.20388349514563106,0.7538461538461538,3.6974358974358976,0.3209606986899563
1,7,regular,1,1212,1230,18,1199,13,31,0.9892739273927392,0.9747967479674797,0.9853658536585366,0.981981981981982
1,7,semiregular,1,288,761,473,242,46,519,0.8402777777777778,0.3180026281208936,0.37844940867279897,0.46139180171592
1,7,irregular,1,620,225,395,55,565,170,0.08870967741935484,0.24444444444444444,2.7555555555555555,0.1301775147928994
1,7,regular,2,1280,1230,50,1229,51,1,0.96015625,0.9991869918699187,1.0406504065040652,0.9792828685258963
1,7,semiregular,2,1143,761,382,753,390,8,0.6587926509186351,0.9894875164257556,1.5019710906701709,0.7909663865546218
1,7,irregular,2,1887,225,1662,225,1662,0,0.1192368839427663,1.0,8.386666666666667,0.21306818181818182
1,7,regular,3,1094,1230,136,1083,11,147,0.9899451553930531,0.8804878048780488,0.8894308943089431,0.9320137693631669
1,7,semiregular,3,713,761,48,612,101,149,0.8583450210378681,0.8042049934296978,0.9369250985545335,0.830393487109905
1,7,irregular,3,1056,225,831,180,876,45,0.17045454545454544,0.8,4.693333333333333,0.2810304449648712
1,8,regular,1,1066,1035,31,1026,40,9,0.9624765478424016,0.991304347826087,1.029951690821256,0.9766777724892909
1,8,semiregular,1,949,827,122,765,184,62,0.8061116965226555,0.9250302297460702,1.147521160822249,0.8614864864864865
1,8,irregular,1,936,243,693,170,766,73,0.18162393162393162,0.6995884773662552,3.8518518518518516,0.2883799830364716
1,8,regular,2,968,1035,67,955,13,80,0.9865702479338843,0.9227053140096618,0.9352657004830918,0.9535696455317025
1,8,semiregular,2,995,827,168,775,220,52,0.7788944723618091,0.9371221281741233,1.203143893591294,0.8507135016465424
1,8,irregular,2,1669,243,1426,220,1449,23,0.1318154583582984,0.9053497942386831,6.868312757201646,0.23012552301255232
1,8,regular,3,902,1035,133,895,7,140,0.9922394678492239,0.8647342995169082,0.8714975845410629,0.9241094475993805
1,8,semiregular,3,667,827,160,600,67,227,0.8995502248875562,0.7255139056831923,0.8065296251511487,0.8032128514056225
1,8,irregular,3,1101,243,858,186,915,57,0.16893732970027248,0.7654320987654321,4.530864197530864,0.2767857142857143
1,9,regular,1,1111,1107,4,1099,12,8,0.9891989198919892,0.992773261065944,1.003613369467028,0.9909828674481514
1,9,semiregular,1,679,701,22,604,75,97,0.8895434462444771,0.8616262482168331,0.9686162624821684,0.8753623188405796
1,9,irregular,1,699,266,433,181,518,85,0.25894134477825465,0.6804511278195489,2.6278195488721803,0.37512953367875645
1,9,regular,2,1084,1107,23,1067,17,40,0.9843173431734318,0.96386630532972,0.979223125564589,0.9739844819717024
1,9,semiregular,2,823,701,122,674,149,27,0.818955042527339,0.9614835948644793,1.174037089871612,0.8845144356955381
1,9,irregular,2,1760,266,1494,266,1494,0,0.15113636363636362,1.0,6.616541353383458,0.2625863770977295
1,9,regular,3,994,1107,113,982,12,125,0.9879275653923542,0.8870822041553749,0.8979223125564589,0.9347929557353641
1,9,semiregular,3,582,701,119,534,48,167,0.9175257731958762,0.7617689015691869,0.8302425106990015,0.8324240062353858
1,9,irregular,3,1048,266,782,200,848,66,0.19083969465648856,0.7518796992481203,3.9398496240601504,0.30441400304414007
1,10,regular,1,1013,1014,1,995,18,19,0.9822309970384995,0.9812623274161736,0.9990138067061144,0.9817464232856438
1,10,semiregular,1,815,656,159,634,181,22,0.7779141104294478,0.9664634146341463,1.2423780487804879,0.8619986403806934
1,10,irregular,1,998,247,751,238,760,9,0.23847695390781562,0.9635627530364372,4.040485829959514,0.3823293172690763
1,10,regular,2,1106,1014,92,1014,92,0,0.9168173598553345,1.0,1.0907297830374754,0.9566037735849057
1,10,semiregular,2,933,656,277,650,283,6,0.6966773847802786,0.9908536585365854,1.4222560975609757,0.8181246066708621
1,10,irregular,2,1457,247,1210,247,1210,0,0.1695264241592313,1.0,5.898785425101215,0.289906103286385
1,10,regular,3,835,1014,179,818,17,196,0.9796407185628743,0.8067061143984221,0.8234714003944773,0.8848025959978367
1,10,semiregular,3,600,656,56,529,71,127,0.8816666666666667,0.8064024390243902,0.9146341463414634,0.8423566878980893
1,10,irregular,3,830,247,583,209,621,38,0.25180722891566265,0.8461538461538461,3.360323886639676,0.3881151346332405
1,11,regular,1,1104,1070,34,1063,41,7,0.9628623188405797,0.9934579439252337,1.0317757009345794,0.9779208831646735
1,11,semiregular,1,876,700,176,678,198,22,0.773972602739726,0.9685714285714285,1.2514285714285713,0.8604060913705583
1,11,irregular,1,997,239,758,211,786,28,0.21163490471414242,0.8828451882845189,4.171548117154812,0.3414239482200647
1,11,regular,2,1023,1070,47,1012,11,58,0.989247311827957,0.9457943925233645,0.9560747663551402,0.967032967032967
1,11,semiregular,2,938,700,238,688,250,12,0.7334754797441365,0.9828571428571429,1.34,0.8400488400488402
1,11,irregular,2,1328,239,1089,227,1101,12,0.17093373493975902,0.9497907949790795,5.556485355648536,0.2897255902999362
1,11,regular,3,883,1070,187,875,8,195,0.9909399773499433,0.8177570093457944,0.8252336448598131,0.8960573476702508
1,11,semiregular,3,626,700,74,525,101,175,0.8386581469648562,0.75,0.8942857142857142,0.7918552036199096
1,11,irregular,3,775,239,536,175,600,64,0.22580645161290322,0.7322175732217573,3.2426778242677825,0.34516765285996054
1,12,regular,1,1037,1007,30,1007,30,0,0.9710703953712633,1.0,1.0297914597815292,0.9853228962818004
1,12,semiregular,1,901,641,260,622,279,19,0.6903440621531631,0.9703588143525741,1.405616224648986,0.8067444876783397
1,12,irregular,1,1017,204,813,189,828,15,0.18584070796460178,0.9264705882352942,4.985294117647059,0.3095823095823096
1,12,regular,2,1087,1007,80,1007,80,0,0.9264029438822448,1.0,1.0794438927507448,0.9617956064947469
1,12,semiregular,2,984,641,343,634,350,7,0.6443089430894309,0.9890795631825273,1.5351014040561624,0.7803076923076923
1,12,irregular,2,1566,204,1362,204,1362,0,0.13026819923371646,1.0,7.676470588235294,0.23050847457627116
1,12,regular,3,861,1007,146,853,8,154,0.9907084785133565,0.8470705064548163,0.8550148957298908,0.9132762312633833
1,12,semiregular,3,575,641,66,477,98,164,0.8295652173913044,0.7441497659906396,0.8970358814352574,0.7845394736842105
1,12,irregular,3,876,204,672,159,717,45,0.1815068493150685,0.7794117647058824,4.294117647058823,0.29444444444444445
1,13,regular,1,1015,1000,15,993,22,7,0.9783251231527094,0.993,1.015,0.9856079404466501
1,13,semiregular,1,933,815,118,782,151,33,0.8381564844587353,0.9595092024539877,1.1447852760736197,0.8947368421052632
1,13,irregular,1,1343,216,1127,150,1193,66,0.11169024571854058,0.6944444444444444,6.217592592592593,0.19243104554201412
1,13,regular,2,1041,1000,41,1000,41,0,0.9606147934678194,1.0,1.041,0.9799118079372856
1,13,semiregular,2,1063,815,248,813,250,2,0.7648165569143932,0.9975460122699387,1.3042944785276074,0.8658146964856229
1,13,irregular,2,2205,216,1989,216,1989,0,0.09795918367346938,1.0,10.208333333333334,0.17843866171003717
1,13,regular,3,884,1000,116,875,9,125,0.9898190045248869,0.875,0.884,0.9288747346072187
1,13,semiregular,3,683,815,132,603,80,212,0.8828696925329429,0.7398773006134969,0.838036809815951,0.8050734312416554
1,13,irregular,3,1235,216,1019,164,1071,52,0.13279352226720648,0.7592592592592593,5.717592592592593,0.22605099931082012
1,14,regular,1,1052,1052,0,1046,6,6,0.9942965779467681,0.9942965779467681,1.0,0.9942965779467681
1,14,semiregular,1,1169,913,256,895,274,18,0.7656116338751069,0.9802847754654983,1.28039430449069,0.8597502401536983
1,14,irregular,1,828,217,611,162,666,55,0.1956521739130435,0.7465437788018433,3.815668202764977,0.3100478468899522
1,14,regular,2,1033,1052,19,1020,13,32,0.9874152952565344,0.9695817490494296,0.9819391634980988,0.9784172661870503
1,14,semiregular,2,1287,913,374,913,374,0,0.7094017094017094,1.0,1.4096385542168675,0.83
1,14,irregular,2,1507,217,1290,212,1295,5,0.14067684140676842,0.9769585253456221,6.944700460829493,0.2459396751740139
1,14,regular,3,959,1052,93,952,7,100,0.9927007299270073,0.9049429657794676,0.9115969581749049,0.9467926404773743
1,14,semiregular,3,740,913,173,684,56,229,0.9243243243243243,0.7491785323110625,0.8105147864184009,0.8275862068965518
1,14,irregular,3,332,217,115,114,218,103,0.3433734939759036,0.5253456221198156,1.5299539170506913,0.4153005464480874
1,15,regular,1,1013,964,49,964,49,0,0.9516288252714709,1.0,1.0508298755186722,0.9752149721800708
1,15,semiregular,1,948,774,174,754,194,20,0.7953586497890295,0.9741602067183462,1.2248062015503876,0.8757259001161439
1,15,irregular,1,808,218,590,172,636,46,0.21287128712871287,0.7889908256880734,3.706422018348624,0.33528265107212474
1,15,regular,2,925,964,39,909,16,55,0.9827027027027027,0.9429460580912863,0.9595435684647303,0.9624139756484913
1,15,semiregular,2,990,774,216,746,244,28,0.7535353535353535,0.9638242894056848,1.2790697674418605,0.8458049886621315
1,15,irregular,2,1621,218,1403,218,1403,0,0.13448488587291796,1.0,7.435779816513762,0.23708537248504624
1,15,regular,3,755,964,209,747,8,217,0.9894039735099338,0.774896265560166,0.783195020746888,0.8691099476439792
1,15,semiregular,3,664,774,110,588,76,186,0.8855421686746988,0.7596899224806202,0.8578811369509044,0.8178025034770515
1,15,irregular,3,844,218,626,162,682,56,0.19194312796208532,0.7431192660550459,3.871559633027523,0.3050847457627119
1,16,regular,1,1103,1109,6,1088,15,21,0.986400725294651,0.9810640216411182,0.9945897204688909,0.9837251356238699
1,16,semiregular,1,740,681,59,611,129,70,0.8256756756756757,0.8972099853157122,1.0866372980910426,0.8599577762139339
1,16,irregular,1,267,272,5,106,161,166,0.3970037453183521,0.3897058823529412,0.9816176470588235,0.3933209647495362
1,16,regular,2,1181,1109,72,1109,72,0,0.939034716342083,1.0,1.0649233543733092,0.9685589519650656
1,16,semiregular,2,951,681,270,673,278,8,0.7076761303890642,0.9882525697503671,1.39647577092511,0.8247549019607844
1,16,irregular,2,1478,272,1206,272,1206,0,0.18403247631935046,1.0,5.4338235294117645,0.3108571428571429
1,16,regular,3,899,1109,210,887,12,222,0.9866518353726362,0.799819657348963,0.8106402164111812,0.8834661354581673
1,16,semiregular,3,654,681,27,554,100,127,0.8470948012232415,0.8135095447870778,0.960352422907489,0.8299625468164794
1,16,irregular,3,897,272,625,224,673,48,0.24972129319955408,0.8235294117647058,3.297794117647059,0.38323353293413176
1,17,regular,1,1074,1029,45,1029,45,0,0.9581005586592178,1.0,1.043731778425656,0.9786019971469329
1,17,semiregular,1,931,837,94,759,172,78,0.8152524167561761,0.9068100358422939,1.1123058542413382,0.8585972850678733
1,17,irregular,1,305,240,65,119,186,121,0.3901639344262295,0.49583333333333335,1.2708333333333333,0.43669724770642193
1,17,regular,2,1085,1029,56,1029,56,0,0.9483870967741935,1.0,1.054421768707483,0.9735099337748345
1,17,semiregular,2,1063,837,226,814,249,23,0.7657572906867357,0.972520908004779,1.2700119474313023,0.856842105263158
1,17,irregular,2,1390,240,1150,238,1152,2,0.1712230215827338,0.9916666666666667,5.791666666666667,0.29202453987730065
1,17,regular,3,947,1029,82,940,7,89,0.9926082365364308,0.9135082604470359,0.9203109815354713,0.951417004048583
1,17,semiregular,3,765,837,72,691,74,146,0.9032679738562092,0.8255675029868578,0.9139784946236559,0.8626716604244694
1,17,irregular,3,959,240,719,202,757,38,0.21063607924921793,0.8416666666666667,3.995833333333333,0.3369474562135112
1,18,regular,1,1086,1044,42,1041,45,3,0.9585635359116023,0.9971264367816092,1.0402298850574712,0.9774647887323945
1,18,semiregular,1,939,801,138,769,170,32,0.8189563365282215,0.9600499375780275,1.1722846441947565,0.8839080459770114
1,18,irregular,1,293,252,41,125,168,127,0.42662116040955633,0.49603174603174605,1.1626984126984128,0.45871559633027525
1,18,regular,2,1087,1044,43,1044,43,0,0.9604415823367065,1.0,1.0411877394636015,0.979821679962459
1,18,semiregular,2,1077,801,276,792,285,9,0.7353760445682451,0.9887640449438202,1.344569288389513,0.8434504792332268
1,18,irregular,2,1422,252,1170,252,1170,0,0.17721518987341772,1.0,5.642857142857143,0.3010752688172043
1,18,regular,3,839,1044,205,830,9,214,0.9892729439809297,0.7950191570881227,0.803639846743295,0.8815719596388741
1,18,semiregular,3,704,801,97,639,65,162,0.9076704545454546,0.797752808988764,0.8789013732833958,0.8491694352159468
1,18,irregular,3,868,252,616,217,651,35,0.25,0.8611111111111112,3.4444444444444446,0.3875
1,19,regular,1,1057,1076,19,1048,9,28,0.9914853358561968,0.9739776951672863,0.9823420074349443,0.982653539615565
1,19,semiregular,1,834,753,81,700,134,53,0.8393285371702638,0.9296148738379814,1.1075697211155378,0.8821676118462508
1,19,irregular,1,639,245,394,188,451,57,0.2942097026604069,0.7673469387755102,2.6081632653061226,0.4253393665158371
1,19,regular,2,1133,1076,57,1075,58,1,0.9488084730803178,0.9990706319702602,1.0529739776951672,0.9732910819375283
1,19,semiregular,2,959,753,206,741,218,12,0.7726798748696558,0.9840637450199203,1.2735723771580345,0.8656542056074765
1,19,irregular,2,1246,245,1001,244,1002,1,0.1958266452648475,0.9959183673469387,5.085714285714285,0.32729711602951034
1,19,regular,3,870,1076,206,862,8,214,0.9908045977011494,0.8011152416356877,0.8085501858736059,0.8859198355601233
1,19,semiregular,3,665,753,88,594,71,159,0.8932330827067669,0.7888446215139442,0.8831341301460823,0.8377997179125529
1,19,irregular,3,695,245,450,179,516,66,0.25755395683453236,0.7306122448979592,2.836734693877551,0.3808510638297873
1,20,regular,1,1182,1251,69,1177,5,74,0.9957698815566836,0.9408473221422862,0.9448441247002398,0.9675297986025483
1,20,semiregular,1,958,841,117,778,180,63,0.8121085594989561,0.925089179548157,1.1391200951248515,0.8649249583101724
1,20,irregular,1,636,252,384,142,494,110,0.22327044025157233,0.5634920634920635,2.5238095238095237,0.31981981981981983
1,20,regular,2,1202,1251,49,1181,21,70,0.9825291181364393,0.9440447641886491,0.9608313349320543,0.9629025682837342
1,20,semiregular,2,1108,841,267,821,287,20,0.7409747292418772,0.976218787158145,1.3174791914387634,0.8424833247819393
1,20,irregular,2,1251,252,999,228,1023,24,0.18225419664268586,0.9047619047619048,4.964285714285714,0.30339321357285426
1,20,regular,3,919,1251,332,908,11,343,0.9880304678998912,0.7258193445243805,0.7346123101518784,0.8368663594470046
1,20,semiregular,3,711,841,130,609,102,232,0.8565400843881856,0.7241379310344828,0.845422116527943,0.7847938144329897
1,20,irregular,3,706,252,454,170,536,82,0.24079320113314448,0.6746031746031746,2.8015873015873014,0.35490605427974947
1,21,regular,1,934,920,14,911,23,9,0.9753747323340471,0.9902173913043478,1.0152173913043478,0.982740021574973
1,21,semiregular,1,899,549,350,525,374,24,0.5839822024471635,0.9562841530054644,1.6375227686703095,0.7251381215469613
1,21,irregular,1,705,204,501,170,535,34,0.24113475177304963,0.8333333333333334,3.4558823529411766,0.374037403740374
1,21,regular,2,983,920,63,920,63,0,0.9359104781281791,1.0,1.0684782608695653,0.9668943772990016
1,21,semiregular,2,1006,549,457,546,460,3,0.5427435387673957,0.994535519125683,1.8324225865209471,0.702250803858521
1,21,irregular,2,1418,204,1214,204,1214,0,0.14386459802538787,1.0,6.950980392156863,0.25154130702836003
1,21,regular,3,797,920,123,789,8,131,0.9899623588456713,0.8576086956521739,0.866304347826087,0.9190448456610367
1,21,semiregular,3,574,549,25,433,141,116,0.7543554006968641,0.7887067395264117,1.0455373406193078,0.7711487088156722
1,21,irregular,3,744,204,540,160,584,44,0.21505376344086022,0.7843137254901961,3.6470588235294117,0.33755274261603374
1,22,regular,1,1007,946,61,942,65,4,0.9354518371400199,0.9957716701902748,1.0644820295983086,0.9646697388632872
1,22,semiregular,1,859,703,156,663,196,40,0.7718277066356228,0.9431009957325747,1.2219061166429588,0.8489116517285532
1,22,irregular,1,1000,247,753,237,763,10,0.237,0.9595141700404858,4.048582995951417,0.380112269446672
1,22,regular,2,1025,946,79,946,79,0,0.9229268292682927,1.0,1.0835095137420718,0.9599188229325216
1,22,semiregular,2,1074,703,371,697,377,6,0.648975791433892,0.9914651493598862,1.5277382645803699,0.7844682048396173
1,22,irregular,2,1483,247,1236,247,1236,0,0.1665542818610924,1.0,6.004048582995951,0.2855491329479769
1,22,regular,3,857,946,89,840,17,106,0.9801633605600933,0.8879492600422833,0.9059196617336153,0.9317803660565723
1,22,semiregular,3,718,703,15,609,109,94,0.8481894150417827,0.8662873399715505,1.0213371266002844,0.8571428571428572
1,22,irregular,3,723,247,476,200,523,47,0.2766251728907331,0.8097165991902834,2.9271255060728745,0.41237113402061853
1,23,regular,1,1030,999,31,993,37,6,0.9640776699029127,0.993993993993994,1.031031031031031,0.9788072942336126
1,23,semiregular,1,801,835,34,681,120,154,0.850187265917603,0.8155688622754491,0.9592814371257485,0.8325183374083129
1,23,irregular,1,350,266,84,81,269,185,0.23142857142857143,0.30451127819548873,1.3157894736842106,0.262987012987013
1,23,regular,2,1046,999,47,981,65,18,0.9378585086042065,0.9819819819819819,1.047047047047047,0.9594132029339855
1,23,semiregular,2,1099,835,264,815,284,20,0.7415832575068244,0.9760479041916168,1.3161676646706586,0.8428128231644261
1,23,irregular,2,2410,266,2144,266,2144,0,0.11037344398340249,1.0,9.06015037593985,0.19880418535127053
1,23,regular,3,867,999,132,843,24,156,0.972318339100346,0.8438438438438438,0.8678678678678678,0.9035369774919615
1,23,semiregular,3,765,835,70,637,128,198,0.8326797385620915,0.7628742514970059,0.9161676646706587,0.79625
1,23,irregular,3,1096,266,830,201,895,65,0.18339416058394162,0.7556390977443609,4.120300751879699,0.29515418502202645
1,24,regular,1,1089,1079,10,1072,17,7,0.9843893480257117,0.9935125115848007,1.009267840593142,0.9889298892988929
1,24,semiregular,1,771,680,91,656,115,24,0.8508430609597925,0.9647058823529412,1.1338235294117647,0.9042039972432805
1,24,irregular,1,1243,247,996,195,1048,52,0.1568785197103781,0.7894736842105263,5.032388663967612,0.26174496644295303
1,24,regular,2,1089,1079,10,1065,24,14,0.977961432506887,0.9870250231696015,1.009267840593142,0.9824723247232472
1,24,semiregular,2,848,680,168,675,173,5,0.7959905660377359,0.9926470588235294,1.2470588235294118,0.8835078534031413
1,24,irregular,2,1849,247,1602,247,1602,0,0.13358572201189833,1.0,7.48582995951417,0.23568702290076338
1,24,regular,3,907,1079,172,897,10,182,0.9889746416758545,0.8313253012048193,0.8405931417979611,0.9033232628398791
1,24,semiregular,3,557,680,123,495,62,185,0.8886894075403949,0.7279411764705882,0.8191176470588235,0.8003233629749393
1,24,irregular,3,802,247,555,180,622,67,0.22443890274314215,0.728744939271255,3.2469635627530367,0.3431839847473785
1,25,regular,1,980,946,34,945,35,1,0.9642857142857143,0.9989429175475687,1.0359408033826638,0.9813084112149534
1,25,semiregular,1,924,718,206,693,231,25,0.75,0.9651810584958217,1.286908077994429,0.8440925700365407
1,25,irregular,1,1397,207,1190,180,1217,27,0.12884753042233357,0.8695652173913043,6.748792270531401,0.22443890274314215
1,25,regular,2,965,946,19,944,21,2,0.9782383419689119,0.9978858350951374,1.0200845665961944,0.9879644165358451
1,25,semiregular,2,1005,718,287,703,302,15,0.699502487562189,0.979108635097493,1.3997214484679665,0.81601857225769
1,25,irregular,2,1142,207,935,168,974,39,0.14711033274956217,0.8115942028985508,5.516908212560386,0.2490733876945886
1,25,regular,3,533,946,413,525,8,421,0.9849906191369606,0.554968287526427,0.5634249471458774,0.7099391480730223
1,25,semiregular,3,508,718,210,432,76,286,0.8503937007874016,0.6016713091922006,0.7075208913649025,0.704730831973899
1,25,irregular,3,1282,207,1075,116,1166,91,0.0904836193447738,0.5603864734299517,6.193236714975845,0.15580926796507724
1,26,regular,1,1031,985,46,984,47,1,0.9544131910766246,0.9989847715736041,1.0467005076142133,0.9761904761904762
1,26,semiregular,1,941,720,221,693,248,27,0.7364505844845909,0.9625,1.3069444444444445,0.8344370860927153
1,26,irregular,1,1113,214,899,207,906,7,0.18598382749326145,0.9672897196261683,5.200934579439252,0.3119819140919367
1,26,regular,2,1113,985,128,985,128,0,0.8849955076370171,1.0,1.1299492385786802,0.9389895138226882
1,26,semiregular,2,977,720,257,698,279,22,0.714431934493347,0.9694444444444444,1.3569444444444445,0.8226281673541543
1,26,irregular,2,1574,214,1360,214,1360,0,0.13595933926302414,1.0,7.355140186915888,0.23937360178970918
1,26,regular,3,708,985,277,699,9,286,0.9872881355932204,0.7096446700507614,0.7187817258883249,0.8257531010041347
1,26,semiregular,3,468,720,252,402,66,318,0.8589743589743589,0.5583333333333333,0.65,0.6767676767676768
1,26,irregular,3,937,214,723,152,785,62,0.1622198505869797,0.7102803738317757,4.378504672897196,0.26411815812337097
1,27,regular,1,1144,1166,22,1137,7,29,0.9938811188811189,0.9751286449399656,0.9811320754716981,0.9844155844155844
1,27,semiregular,1,874,728,146,658,216,70,0.7528604118993135,0.9038461538461539,1.2005494505494505,0.8214731585518102
1,27,irregular,1,1776,270,1506,232,1544,38,0.13063063063063063,0.8592592592592593,6.5777777777777775,0.22678396871945258
1,27,regular,2,1155,1166,11,1136,19,30,0.9835497835497835,0.9742710120068611,0.9905660377358491,0.978888410168031
1,27,semiregular,2,1032,728,304,723,309,5,0.7005813953488372,0.9931318681318682,1.4175824175824177,0.821590909090909
1,27,irregular,2,2327,270,2057,270,2057,0,0.11602922217447358,1.0,8.618518518518519,0.2079322294955718
1,27,regular,3,1066,1166,100,1057,9,109,0.9915572232645403,0.9065180102915952,0.9142367066895368,0.9471326164874552
1,27,semiregular,3,703,728,25,608,95,120,0.8648648648648649,0.8351648351648352,0.9656593406593407,0.8497554157931517
1,27,irregular,3,1282,270,1012,234,1048,36,0.18252730109204368,0.8666666666666667,4.7481481481481485,0.30154639175257736
1,28,regular,1,1099,1098,1,1089,10,9,0.9909008189262967,0.9918032786885246,1.0009107468123861,0.9913518434228493
1,28,semiregular,1,1001,859,142,826,175,33,0.8251748251748252,0.9615832363213038,1.1653084982537836,0.8881720430107528
1,28,irregular,1,1905,293,1612,261,1644,32,0.13700787401574804,0.8907849829351536,6.501706484641638,0.2374886260236579
1,28,regular,2,1129,1098,31,1095,34,3,0.9698848538529672,0.9972677595628415,1.0282331511839709,0.9833857207004939
1,28,semiregular,2,1132,859,273,859,273,0,0.758833922261484,1.0,1.3178114086146682,0.8628829733802109
1,28,irregular,2,2417,293,2124,293,2124,0,0.12122465866776996,1.0,8.249146757679181,0.21623616236162363
1,28,regular,3,729,1098,369,716,13,382,0.9821673525377229,0.6520947176684881,0.6639344262295082,0.783798576902025
1,28,semiregular,3,609,859,250,544,65,315,0.8932676518883416,0.6332945285215367,0.7089639115250291,0.7411444141689373
1,28,irregular,3,1429,293,1136,197,1232,96,0.13785864240727783,0.6723549488054608,4.877133105802048,0.2288037166085947
1,29,regular,1,1170,1140,30,1138,32,2,0.9726495726495726,0.9982456140350877,1.0263157894736843,0.9852813852813853
1,29,semiregular,1,1254,869,385,861,393,8,0.6866028708133971,0.9907940161104718,1.4430379746835442,0.8111163447951013
1,29,irregular,1,1292,247,1045,217,1075,30,0.16795665634674922,0.8785425101214575,5.230769230769231,0.2820012995451592
1,29,regular,2,1148,1140,8,1132,16,8,0.9860627177700348,0.9929824561403509,1.0070175438596491,0.9895104895104895
1,29,semiregular,2,1339,869,470,866,473,3,0.6467513069454817,0.996547756041427,1.5408515535097813,0.7844202898550724
1,29,irregular,2,1755,247,1508,247,1508,0,0.14074074074074075,1.0,7.105263157894737,0.24675324675324675
1,29,regular,3,836,1140,304,830,6,310,0.992822966507177,0.7280701754385965,0.7333333333333333,0.840080971659919
1,29,semiregular,3,785,869,84,672,113,197,0.8560509554140128,0.7733026467203682,0.903337169159954,0.8125755743651752
1,29,irregular,3,775,247,528,172,603,75,0.22193548387096773,0.6963562753036437,3.1376518218623484,0.33659491193737767
1,30,regular,1,1014,997,17,993,21,4,0.9792899408284024,0.995987963891675,1.0170511534603812,0.9875683739433118
1,30,semiregular,1,943,810,133,775,168,35,0.8218451749734889,0.9567901234567902,1.1641975308641976,0.8841985168282942
1,30,irregular,1,1070,250,820,215,855,35,0.20093457943925233,0.86,4.28,0.32575757575757575
1,30,regular,2,1001,997,4,988,13,9,0.987012987012987,0.9909729187562688,1.004012036108325,0.9889889889889889
1,30,semiregular,2,1027,810,217,802,225,8,0.7809152872444012,0.9901234567901235,1.2679012345679013,0.8731627653783344
1,30,irregular,2,2983,250,2733,250,2733,0,0.08380824673147838,1.0,11.932,0.15465511908444168
1,30,regular,3,911,997,86,904,7,93,0.9923161361141603,0.9067201604814443,0.9137412236710131,0.9475890985324947
1,30,semiregular,3,700,810,110,637,63,173,0.91,0.7864197530864198,0.8641975308641975,0.8437086092715232
1,30,irregular,3,655,250,405,151,504,99,0.23053435114503817,0.604,2.62,0.33370165745856356
2,1,regular,1,932,937,5,918,14,19,0.9849785407725322,0.9797225186766275,0.9946638207043756,0.9823434991974318
2,1,semiregular,1,940,703,237,656,284,47,0.6978723404255319,0.9331436699857752,1.337126600284495,0.7985392574558735
2,1,irregular,1,182,199,17,113,69,86,0.6208791208791209,0.5678391959798995,0.914572864321608,0.5931758530183727
2,1,regular,2,1059,937,122,937,122,0,0.8847969782813976,1.0,1.1302027748132337,0.938877755511022
2,1,semiregular,2,1109,703,406,681,428,22,0.6140667267808837,0.968705547652916,1.577524893314367,0.7516556291390729
2,1,irregular,2,1039,199,840,198,841,1,0.19056785370548604,0.9949748743718593,5.221105527638191,0.3198707592891761
2,1,regular,3,831,937,106,782,49,155,0.941034897713598,0.8345784418356457,0.8868729989327642,0.8846153846153846
2,1,semiregular,3,697,703,6,557,140,146,0.7991391678622669,0.7923186344238976,0.9914651493598862,0.7957142857142858
2,1,irregular,3,710,199,511,178,532,21,0.2507042253521127,0.8944723618090452,3.5678391959798996,0.39163916391639164
2,2,regular,1,1169,1224,55,1159,10,65,0.9914456800684346,0.9468954248366013,0.9550653594771242,0.9686585875470121
2,2,semiregular,1,700,647,53,590,110,57,0.8428571428571429,0.9119010819165378,1.0819165378670788,0.8760207869339273
2,2,irregular,1,519,217,302,100,419,117,0.1926782273603083,0.4608294930875576,2.391705069124424,0.2717391304347826
2,2,regular,2,1198,1224,26,1169,29,55,0.9757929883138564,0.9550653594771242,0.9787581699346405,0.9653179190751445
2,2,semiregular,2,872,647,225,646,226,1,0.7408256880733946,0.9984544049459042,1.3477588871715611,0.8505595786701777
2,2,irregular,2,1409,217,1192,217,1192,0,0.1540099361249113,1.0,6.493087557603687,0.2669126691266913
2,2,regular,3,971,1224,253,958,13,266,0.9866117404737385,0.7826797385620915,0.7933006535947712,0.8728929384965831
2,2,semiregular,3,634,647,13,570,64,77,0.8990536277602523,0.8809891808346213,0.9799072642967542,0.8899297423887588
2,2,irregular,3,1036,217,819,198,838,19,0.19111969111969113,0.9124423963133641,4.774193548387097,0.31604150039904233
2,3,regular,1,1035,1053,18,1023,12,30,0.9884057971014493,0.9715099715099715,0.9829059829059829,0.9798850574712644
2,3,semiregular,1,860,716,144,684,176,32,0.7953488372093023,0.9553072625698324,1.2011173184357542,0.8680203045685279
2,3,irregular,1,595,224,371,97,498,127,0.16302521008403362,0.4330357142857143,2.65625,0.23687423687423692
2,3,regular,2,1003,1053,50,988,15,65,0.9850448654037887,0.9382716049382716,0.9525166191832859,0.9610894941634242
2,3,semiregular,2,789,716,73,645,144,71,0.8174904942965779,0.9008379888268156,1.1019553072625698,0.8571428571428571
2,3,irregular,2,501,224,277,170,331,54,0.3393213572854291,0.7589285714285714,2.236607142857143,0.46896551724137936
2,3,regular,3,934,1053,119,923,11,130,0.9882226980728052,0.8765432098765432,0.8869895536562203,0.9290387518872673
2,3,semiregular,3,597,716,119,507,90,209,0.8492462311557789,0.7081005586592178,0.8337988826815642,0.7722772277227722
2,3,irregular,3,902,224,678,184,718,40,0.2039911308203991,0.8214285714285714,4.026785714285714,0.3268206039076377
2,4,regular,1,1117,1101,16,1088,29,13,0.9740376007162042,0.9881925522252498,1.0145322434150772,0.9810640216411181
2,4,semiregular,1,732,614,118,521,211,93,0.7117486338797814,0.8485342019543974,1.1921824104234529,0.774145616641902
2,4,irregular,1,246,228,18,113,133,115,0.45934959349593496,0.4956140350877193,1.0789473684210527,0.47679324894514763
2,4,regular,2,1034,1101,67,1015,19,86,0.9816247582205029,0.92188919164396,0.9391462306993642,0.9508196721311476
2,4,semiregular,2,985,614,371,614,371,0,0.6233502538071066,1.0,1.6042345276872965,0.7679799874921825
2,4,irregular,2,1533,228,1305,228,1305,0,0.1487279843444227,1.0,6.723684210526316,0.25894378194207834
2,4,regular,3,735,1101,366,725,10,376,0.9863945578231292,0.6584922797456857,0.667574931880109,0.789760348583878
2,4,semiregular,3,638,614,24,493,145,121,0.7727272727272727,0.8029315960912052,1.0390879478827362,0.7875399361022365
2,4,irregular,3,1089,228,861,193,896,35,0.17722681359044995,0.8464912280701754,4.776315789473684,0.29309035687167806
2,5,regular,1,1055,1044,11,1042,13,2,0.9876777251184834,0.9980842911877394,1.010536398467433,0.9928537398761315
2,5,semiregular,1,1027,668,359,657,370,11,0.6397273612463485,0.9835329341317365,1.5374251497005988,0.7752212389380531
2,5,irregular,1,746,217,529,111,635,106,0.1487935656836461,0.511520737327189,3.4377880184331797,0.23052959501557632
2,5,regular,2,1043,1044,1,1024,19,20,0.9817833173537871,0.9808429118773946,0.9990421455938697,0.9813128893148059
2,5,semiregular,2,975,668,307,656,319,12,0.6728205128205128,0.9820359281437125,1.4595808383233533,0.7985392574558734
2,5,irregular,2,772,217,555,171,601,46,0.22150259067357514,0.7880184331797235,3.557603686635945,0.345803842264914
2,5,regular,3,876,1044,168,872,4,172,0.9954337899543378,0.8352490421455939,0.8390804597701149,0.9083333333333334
2,5,semiregular,3,782,668,114,587,195,81,0.7506393861892583,0.8787425149700598,1.1706586826347305,0.809655172413793
2,5,irregular,3,1120,217,903,197,923,20,0.17589285714285716,0.9078341013824884,5.161290322580645,0.2946896035901272
2,6,regular,1,918,915,3,902,16,13,0.9825708061002179,0.985792349726776,1.0032786885245901,0.9841789416257501
2,6,semiregular,1,673,701,28,557,116,144,0.8276374442793462,0.7945791726105563,0.9600570613409415,0.8107714701601164
2,6,irregular,1,454,195,259,28,426,167,0.06167400881057269,0.14358974358974358,2.3282051282051284,0.08628659476117102
2,6,regular,2,1039,915,124,914,125,1,0.8796920115495669,0.9989071038251366,1.1355191256830601,0.9355168884339816
2,6,semiregular,2,973,701,272,687,286,14,0.7060637204522097,0.9800285306704708,1.3880171184022825,0.8207885304659498
2,6,irregular,2,1056,195,861,193,863,2,0.18276515151515152,0.9897435897435898,5.415384615384616,0.3085531574740208
2,6,regular,3,810,915,105,776,34,139,0.9580246913580247,0.848087431693989,0.8852459016393442,0.8997101449275362
2,6,semiregular,3,675,701,26,562,113,139,0.8325925925925926,0.8017118402282454,0.9629101283880172,0.816860465116279
2,6,irregular,3,1166,195,971,168,998,27,0.14408233276157806,0.8615384615384616,5.97948717948718,0.24687729610580456
2,7,regular,1,383,1230,847,378,5,852,0.9869451697127938,0.3073170731707317,0.31138211382113823,0.4686918784872907
2,7,semiregular,1,32,761,729,28,4,733,0.875,0.03679369250985545,0.04204993429697766,0.07061790668348046
2,7,irregular,1,355,225,130,23,332,202,0.0647887323943662,0.10222222222222223,1.5777777777777777,0.0793103448275862
2,7,regular,2,1139,1230,91,1118,21,112,0.9815627743634767,0.9089430894308943,0.9260162601626016,0.9438581680033769
2,7,semiregular,2,1011,761,250,735,276,26,0.7270029673590505,0.9658344283837057,1.328515111695138,0.8295711060948081
2,7,irregular,2,1871,225,1646,225,1646,0,0.12025654730090861,1.0,8.315555555555555,0.21469465648854966
2,7,regular,3,1022,1230,208,1006,16,224,0.9843444227005871,0.8178861788617886,0.8308943089430895,0.8934280639431615
2,7,semiregular,3,817,761,56,658,159,103,0.8053855569155447,0.8646517739816032,1.0735873850197108,0.8339670468948036
2,7,irregular,3,1409,225,1184,202,1207,23,0.1433640880056778,0.8977777777777778,6.262222222222222,0.24724602203182372
2,8,regular,1,923,1035,112,912,11,123,0.9880823401950163,0.881159420289855,0.8917874396135266,0.9315628192032688
2,8,semiregular,1,806,827,21,669,137,158,0.8300248138957816,0.8089480048367593,0.9746070133010882,0.8193508879363135
2,8,irregular,1,611,243,368,67,544,176,0.10965630114566285,0.2757201646090535,2.51440329218107,0.15690866510538642
2,8,regular,2,677,1035,358,669,8,366,0.9881831610044313,0.6463768115942029,0.6541062801932367,0.7815420560747663
2,8,semiregular,2,750,827,77,643,107,184,0.8573333333333333,0.777509068923821,0.9068923821039904,0.8154724159797083
2,8,irregular,2,1128,243,885,158,970,85,0.1400709219858156,0.6502057613168725,4.6419753086419755,0.23048869438366157
2,8,regular,3,876,1035,159,870,6,165,0.9931506849315068,0.8405797101449275,0.8463768115942029,0.9105180533751961
2,8,semiregular,3,733,827,94,636,97,191,0.8676671214188267,0.7690447400241838,0.8863361547762999,0.8153846153846154
2,8,irregular,3,921,243,678,184,737,59,0.1997828447339848,0.757201646090535,3.7901234567901234,0.31615120274914094
2,9,regular,1,999,1107,108,990,9,117,0.990990990990991,0.8943089430894309,0.9024390243902439,0.9401709401709402
2,9,semiregular,1,548,701,153,479,69,222,0.8740875912408759,0.6833095577746077,0.7817403708987162,0.767013610888711
2,9,irregular,1,714,266,448,91,623,175,0.12745098039215685,0.34210526315789475,2.6842105263157894,0.18571428571428572
2,9,regular,2,1151,1107,44,1106,45,1,0.9609035621198957,0.999096657633243,1.039747064137308,0.9796279893711248
2,9,semiregular,2,846,701,145,679,167,22,0.8026004728132388,0.9686162624821684,1.2068473609129815,0.8778280542986425
2,9,irregular,2,1814,266,1548,265,1549,1,0.14608599779492834,0.9962406015037594,6.819548872180451,0.25480769230769235
2,9,regular,3,908,1107,199,892,16,215,0.9823788546255506,0.8057813911472448,0.8202348690153568,0.8853598014888336
2,9,semiregular,3,596,701,105,536,60,165,0.8993288590604027,0.7646219686162625,0.8502139800285307,0.8265227447956824
2,9,irregular,3,1345,266,1079,221,1124,45,0.16431226765799256,0.8308270676691729,5.056390977443609,0.2743637492240844
2,10,regular,1,997,1014,17,964,33,50,0.966900702106319,0.9506903353057199,0.9832347140039448,0.958727001491795
2,10,semiregular,1,793,656,137,618,175,38,0.7793190416141236,0.9420731707317073,1.208841463414634,0.8530020703933747
2,10,irregular,1,586,247,339,178,408,69,0.3037542662116041,0.7206477732793523,2.3724696356275303,0.4273709483793518
2,10,regular,2,1171,1014,157,1014,157,0,0.8659265584970111,1.0,1.1548323471400395,0.9281464530892448
2,10,semiregular,2,993,656,337,650,343,6,0.6545820745216515,0.9908536585365854,1.513719512195122,0.7883565797453002
2,10,irregular,2,1594,247,1347,247,1347,0,0.1549560853199498,1.0,6.4534412955465585,0.26833242802824553
2,10,regular,3,912,1014,102,898,14,116,0.9846491228070176,0.8856015779092702,0.8994082840236687,0.9325025960539979
2,10,semiregular,3,509,656,147,450,59,206,0.8840864440078585,0.6859756097560976,0.7759146341463414,0.7725321888412018
2,10,irregular,3,1011,247,764,191,820,56,0.18892185954500496,0.7732793522267206,4.093117408906883,0.3036565977742448
2,11,regular,1,1062,1070,8,1051,11,19,0.9896421845574388,0.9822429906542056,0.9925233644859813,0.9859287054409006
2,11,semiregular,1,817,700,117,634,183,66,0.7760097919216646,0.9057142857142857,1.167142857142857,0.8358602504943968
2,11,irregular,1,712,239,473,131,581,108,0.18398876404494383,0.5481171548117155,2.9790794979079496,0.2754994742376446
2,11,regular,2,698,1070,372,691,7,379,0.9899713467048711,0.6457943925233645,0.6523364485981309,0.7816742081447964
2,11,semiregular,2,674,700,26,554,120,146,0.8219584569732937,0.7914285714285715,0.9628571428571429,0.8064046579330423
2,11,irregular,2,854,239,615,171,683,68,0.20023419203747073,0.7154811715481172,3.573221757322176,0.312900274473925
2,11,regular,3,908,1070,162,898,10,172,0.9889867841409692,0.8392523364485981,0.8485981308411215,0.9079878665318504
2,11,semiregular,3,721,700,21,596,125,104,0.826629680998613,0.8514285714285714,1.03,0.8388458831808585
2,11,irregular,3,1099,239,860,204,895,35,0.18562329390354868,0.8535564853556485,4.598326359832636,0.30493273542600896
2,12,regular,1,1071,1007,64,1007,64,0,0.9402427637721755,1.0,1.063555114200596,0.9692011549566891
2,12,semiregular,1,825,641,184,586,239,55,0.7103030303030303,0.9141965678627145,1.2870514820592824,0.7994542974079127
2,12,irregular,1,758,204,554,124,634,80,0.16358839050131926,0.6078431372549019,3.715686274509804,0.2577962577962578
2,12,regular,2,1218,1007,211,1007,211,0,0.8267651888341544,1.0,1.2095332671300894,0.9051685393258426
2,12,semiregular,2,1074,641,433,634,440,7,0.590316573556797,0.9890795631825273,1.6755070202808113,0.7393586005830903
2,12,irregular,2,1464,204,1260,204,1260,0,0.13934426229508196,1.0,7.176470588235294,0.24460431654676257
2,12,regular,3,853,1007,154,841,12,166,0.9859320046893317,0.8351539225422046,0.8470705064548163,0.9043010752688172
2,12,semiregular,3,707,641,66,551,156,90,0.7793493635077794,0.859594383775351,1.1029641185647425,0.8175074183976262
2,12,irregular,3,1212,204,1008,188,1024,16,0.1551155115511551,0.9215686274509803,5.9411764705882355,0.2655367231638418
2,13,regular,1,987,1000,13,981,6,19,0.993920972644377,0.981,0.987,0.9874182184197282
2,13,semiregular,1,866,815,51,742,124,73,0.8568129330254042,0.9104294478527607,1.0625766871165645,0.8828078524687686
2,13,irregular,1,776,216,560,56,720,160,0.07216494845360824,0.25925925925925924,3.5925925925925926,0.1129032258064516
2,13,regular,2,1141,1000,141,1000,141,0,0.8764241893076249,1.0,1.141,0.9341429238673518
2,13,semiregular,2,1051,815,236,809,242,6,0.7697431018078021,0.992638036809816,1.2895705521472394,0.8670953912111469
2,13,irregular,2,2061,216,1845,216,1845,0,0.10480349344978165,1.0,9.541666666666666,0.18972332015810275
2,13,regular,3,916,1000,84,908,8,92,0.9912663755458515,0.908,0.916,0.9478079331941545
2,13,semiregular,3,767,815,48,660,107,155,0.8604954367666232,0.8098159509202454,0.9411042944785276,0.8343868520859671
2,13,irregular,3,1099,216,883,159,940,57,0.14467697907188354,0.7361111111111112,5.087962962962963,0.24182509505703423
2,14,regular,1,1008,1052,44,1003,5,49,0.9950396825396826,0.9534220532319392,0.9581749049429658,0.9737864077669902
2,14,semiregular,1,1083,913,170,841,242,72,0.7765466297322253,0.9211391018619934,1.1861993428258488,0.842685370741483
2,14,irregular,1,492,217,275,91,401,126,0.18495934959349594,0.41935483870967744,2.2672811059907834,0.2566995768688293
2,14,regular,2,1063,1052,11,1042,21,10,0.980244590780809,0.9904942965779467,1.0104562737642586,0.9853427895981088
2,14,semiregular,2,1280,913,367,911,369,2,0.71171875,0.9978094194961665,1.4019715224534501,0.8308253533971727
2,14,irregular,2,1156,217,939,190,966,27,0.1643598615916955,0.8755760368663594,5.3271889400921655,0.2767662053896577
2,14,regular,3,765,1052,287,755,10,297,0.9869281045751634,0.717680608365019,0.7271863117870723,0.8310401761144746
2,14,semiregular,3,869,913,44,746,123,167,0.8584579976985041,0.8170865279299014,0.9518072289156626,0.8372615039281706
2,14,irregular,3,983,217,766,153,830,64,0.15564598168870802,0.7050691244239631,4.529953917050691,0.255
2,15,regular,1,935,964,29,927,8,37,0.9914438502673797,0.9616182572614108,0.9699170124481328,0.9763033175355451
2,15,semiregular,1,892,774,118,725,167,49,0.8127802690582959,0.9366925064599483,1.152454780361757,0.8703481392557022
2,15,irregular,1,671,218,453,109,562,109,0.16244411326378538,0.5,3.0779816513761467,0.24521934758155228
2,15,regular,2,660,964,304,649,11,315,0.9833333333333333,0.6732365145228216,0.6846473029045643,0.7992610837438424
2,15,semiregular,2,774,774,0,652,122,122,0.8423772609819121,0.8423772609819121,1.0,0.8423772609819121
2,15,irregular,2,1170,218,952,199,971,19,0.1700854700854701,0.9128440366972477,5.36697247706422,0.28674351585014407
2,15,regular,3,704,964,260,696,8,268,0.9886363636363636,0.7219917012448133,0.7302904564315352,0.8345323741007193
2,15,semiregular,3,710,774,64,612,98,162,0.8619718309859155,0.7906976744186046,0.917312661498708,0.8247978436657682
2,15,irregular,3,647,218,429,174,473,44,0.2689335394126739,0.7981651376146789,2.967889908256881,0.4023121387283237
2,16,regular,1,1082,1109,27,1074,8,35,0.9926062846580407,0.9684400360685302,0.975653742110009,0.98037425832953
2,16,semiregular,1,704,681,23,581,123,100,0.8252840909090909,0.8531571218795888,1.0337738619676946,0.8389891696750902
2,16,irregular,1,488,272,216,161,327,111,0.32991803278688525,0.5919117647058824,1.7941176470588236,0.4236842105263158
2,16,regular,2,1011,1109,98,999,12,110,0.9881305637982196,0.9008115419296664,0.9116321009918846,0.9424528301886793
2,16,semiregular,2,787,681,106,639,148,42,0.8119440914866582,0.9383259911894273,1.155653450807636,0.8705722070844687
2,16,irregular,2,1237,272,965,272,965,0,0.2198868229587712,1.0,4.547794117647059,0.3605036447978794
2,16,regular,3,928,1109,181,916,12,193,0.9870689655172413,0.8259693417493237,0.8367899008115419,0.8993618065783014
2,16,semiregular,3,671,681,10,568,103,113,0.8464977645305514,0.8340675477239354,0.9853157121879589,0.8402366863905325
2,16,irregular,3,735,272,463,221,514,51,0.3006802721088435,0.8125,2.702205882352941,0.43892750744786496
2,17,regular,1,1017,1029,12,1006,11,23,0.9891838741396264,0.9776482021379981,0.9883381924198251,0.9833822091886609
2,17,semiregular,1,844,837,7,708,136,129,0.8388625592417062,0.8458781362007168,1.008363201911589,0.842355740630577
2,17,irregular,1,327,240,87,98,229,142,0.2996941896024465,0.4083333333333333,1.3625,0.345679012345679
2,17,regular,2,1069,1029,40,1023,46,6,0.9569691300280636,0.9941690962099126,1.0388726919339164,0.9752144899904671
2,17,semiregular,2,1066,837,229,822,244,15,0.7711069418386491,0.982078853046595,1.2735961768219832,0.8638991066736732
2,17,irregular,2,1261,240,1021,236,1025,4,0.18715305313243458,0.9833333333333333,5.254166666666666,0.3144570286475683
2,17,regular,3,1009,1029,20,999,10,30,0.9900891972249752,0.9708454810495627,0.9805636540330418,0.9803729146221787
2,17,semiregular,3,828,837,9,727,101,110,0.8780193236714976,0.8685782556750299,0.989247311827957,0.8732732732732733
2,17,irregular,3,1239,240,999,221,1018,19,0.17836965294592413,0.9208333333333333,5.1625,0.2988505747126437
2,18,regular,1,1007,1044,37,999,8,45,0.9920556107249255,0.9568965517241379,0.9645593869731801,0.9741589468551927
2,18,semiregular,1,880,801,79,746,134,55,0.8477272727272728,0.9313358302122348,1.0986267166042447,0.8875669244497324
2,18,irregular,1,480,252,228,162,318,90,0.3375,0.6428571428571429,1.9047619047619047,0.4426229508196722
2,18,regular,2,1130,1044,86,1042,88,2,0.9221238938053097,0.9980842911877394,1.082375478927203,0.9586016559337627
2,18,semiregular,2,1043,801,242,776,267,25,0.7440076701821668,0.968789013732834,1.3021223470661674,0.841648590021692
2,18,irregular,2,1403,252,1151,252,1151,0,0.1796151104775481,1.0,5.567460317460317,0.30453172205438067
2,18,regular,3,962,1044,82,950,12,94,0.9875259875259875,0.9099616858237548,0.921455938697318,0.9471585244267198
2,18,semiregular,3,828,801,27,725,103,76,0.8756038647342995,0.9051186017478152,1.0337078651685394,0.8901166359729896
2,18,irregular,3,1041,252,789,234,807,18,0.22478386167146974,0.9285714285714286,4.130952380952381,0.36194895591647336
2,19,regular,1,1060,1076,16,1046,14,30,0.9867924528301887,0.9721189591078067,0.9851301115241635,0.9794007490636704
2,19,semiregular,1,728,753,25,613,115,140,0.842032967032967,0.8140770252324038,0.9667994687915007,0.8278190411883862
2,19,irregular,1,339,245,94,78,261,167,0.23008849557522124,0.3183673469387755,1.383673469387755,0.2671232876712329
2,19,regular,2,1209,1076,133,1075,134,1,0.8891645988420182,0.9990706319702602,1.1236059479553904,0.9409190371991246
2,19,semiregular,2,1062,753,309,749,313,4,0.7052730696798494,0.9946879150066401,1.4103585657370519,0.82534435261708
2,19,irregular,2,1277,245,1032,245,1032,0,0.1918559122944401,1.0,5.2122448979591836,0.3219448094612352
2,19,regular,3,963,1076,113,952,11,124,0.9885773624091381,0.8847583643122676,0.8949814126394052,0.9337910740559097
2,19,semiregular,3,738,753,15,633,105,120,0.8577235772357723,0.8406374501992032,0.9800796812749004,0.8490945674044266
2,19,irregular,3,884,245,639,216,668,29,0.24434389140271492,0.8816326530612245,3.6081632653061226,0.3826395039858282
2,20,regular,1,1224,1251,27,1214,10,37,0.9918300653594772,0.9704236610711431,0.9784172661870504,0.981010101010101
2,20,semiregular,1,871,841,30,709,162,132,0.8140068886337543,0.8430439952437574,1.0356718192627825,0.8282710280373832
2,20,irregular,1,722,252,470,137,585,115,0.18975069252077562,0.5436507936507936,2.865079365079365,0.2813141683778234
2,20,regular,2,1278,1251,27,1247,31,4,0.9757433489827856,0.996802557953637,1.0215827338129497,0.9861605377619612
2,20,semiregular,2,1089,841,248,807,282,34,0.7410468319559229,0.9595719381688466,1.2948870392390013,0.8362694300518135
2,20,irregular,2,1459,252,1207,244,1215,8,0.16723783413296778,0.9682539682539683,5.7896825396825395,0.2852133255406195
2,20,regular,3,889,1251,362,875,14,376,0.984251968503937,0.6994404476418865,0.7106314948041567,0.8177570093457944
2,20,semiregular,3,759,841,82,638,121,203,0.8405797101449275,0.7586206896551724,0.9024970273483948,0.7975
2,20,irregular,3,782,252,530,167,615,85,0.21355498721227623,0.6626984126984127,3.1031746031746033,0.3230174081237911
2,21,regular,1,916,920,4,909,7,11,0.99235807860262,0.9880434782608696,0.9956521739130435,0.9901960784313726
2,21,semiregular,1,860,549,311,518,342,31,0.6023255813953489,0.9435336976320583,1.5664845173041895,0.7352732434350604
2,21,irregular,1,387,204,183,103,284,101,0.2661498708010336,0.5049019607843137,1.8970588235294117,0.34856175972927245
2,21,regular,2,964,920,44,920,44,0,0.9543568464730291,1.0,1.0478260869565217,0.9766454352441614
2,21,semiregular,2,1045,549,496,545,500,4,0.5215311004784688,0.9927140255009107,1.9034608378870674,0.6838143036386448
2,21,irregular,2,1218,204,1014,204,1014,0,0.16748768472906403,1.0,5.970588235294118,0.2869198312236287
2,21,regular,3,776,920,144,766,10,154,0.9871134020618557,0.8326086956521739,0.8434782608695652,0.9033018867924528
2,21,semiregular,3,709,549,160,488,221,61,0.688293370944993,0.8888888888888888,1.2914389799635702,0.7758346581875994
2,21,irregular,3,1080,204,876,180,900,24,0.16666666666666666,0.8823529411764706,5.294117647058823,0.28037383177570085
2,22,regular,1,999,946,53,943,56,3,0.943943943943944,0.9968287526427061,1.0560253699788584,0.9696658097686375
2,22,semiregular,1,832,703,129,633,199,70,0.7608173076923077,0.9004267425320057,1.1834992887624467,0.824755700325733
2,22,irregular,1,607,247,360,160,447,87,0.26359143327841844,0.6477732793522267,2.45748987854251,0.37470725995316156
2,22,regular,2,1093,946,147,946,147,0,0.8655077767612077,1.0,1.1553911205073997,0.9279058361942129
2,22,semiregular,2,1151,703,448,697,454,6,0.6055603822762815,0.9914651493598862,1.6372688477951636,0.7518878101402373
2,22,irregular,2,1673,247,1426,247,1426,0,0.14763897190675435,1.0,6.77327935222672,0.2572916666666667
2,22,regular,3,906,946,40,883,23,63,0.9746136865342163,0.9334038054968288,0.9577167019027484,0.9535637149028077
2,22,semiregular,3,821,703,118,647,174,56,0.7880633373934226,0.9203413940256046,1.1678520625889046,0.8490813648293963
2,22,irregular,3,1133,247,886,232,901,15,0.20476610767872905,0.9392712550607287,4.587044534412955,0.336231884057971
2,23,regular,1,1013,999,14,991,22,8,0.9782823297137216,0.991991991991992,1.014014014014014,0.985089463220676
2,23,semiregular,1,950,835,115,765,185,70,0.8052631578947368,0.9161676646706587,1.1377245508982037,0.8571428571428571
2,23,irregular,1,476,266,210,78,398,188,0.1638655462184874,0.2932330827067669,1.7894736842105263,0.21024258760107814
2,23,regular,2,832,999,167,808,24,191,0.9711538461538461,0.8088088088088088,0.8328328328328328,0.8825778263244128
2,23,semiregular,2,370,835,465,314,56,521,0.8486486486486486,0.37604790419161677,0.4431137724550898,0.5211618257261411
2,23,irregular,2,855,266,589,143,712,123,0.1672514619883041,0.5375939849624061,3.2142857142857144,0.25512934879571814
2,23,regular,3,889,999,110,855,34,144,0.9617547806524185,0.8558558558558559,0.8898898898898899,0.9057203389830509
2,23,semiregular,3,826,835,9,694,132,141,0.8401937046004843,0.8311377245508982,0.9892215568862276,0.835641180012041
2,23,irregular,3,1588,266,1322,222,1366,44,0.1397984886649874,0.8345864661654135,5.969924812030075,0.23948220064724918
2,24,regular,1,1057,1079,22,1044,13,35,0.9877010406811731,0.9675625579240037,0.9796107506950881,0.9775280898876404
2,24,semiregular,1,735,680,55,622,113,58,0.8462585034013606,0.9147058823529411,1.0808823529411764,0.8791519434628975
2,24,irregular,1,1025,247,778,138,887,109,0.13463414634146342,0.5587044534412956,4.149797570850202,0.2169811320754717
2,24,regular,2,1064,1079,15,1039,25,40,0.9765037593984962,0.9629286376274329,0.9860982391102873,0.9696686887540831
2,24,semiregular,2,837,680,157,670,167,10,0.8004778972520908,0.9852941176470589,1.2308823529411765,0.8833223467369811
2,24,irregular,2,1827,247,1580,247,1580,0,0.13519430760810072,1.0,7.396761133603239,0.2381870781099325
2,24,regular,3,866,1079,213,857,9,222,0.9896073903002309,0.794253938832252,0.8025949953660797,0.8812339331619538
2,24,semiregular,3,609,680,71,540,69,140,0.8866995073891626,0.7941176470588235,0.8955882352941177,0.8378588052754072
2,24,irregular,3,1148,247,901,201,947,46,0.1750871080139373,0.8137651821862348,4.647773279352227,0.2881720430107527
2,25,regular,1,946,946,0,938,8,8,0.9915433403805497,0.9915433403805497,1.0,0.9915433403805497
2,25,semiregular,1,850,718,132,658,192,60,0.7741176470588236,0.9164345403899722,1.1838440111420614,0.8392857142857143
2,25,irregular,1,1323,207,1116,118,1205,89,0.08919123204837491,0.5700483091787439,6.391304347826087,0.1542483660130719
2,25,regular,2,967,946,21,945,22,1,0.9772492244053774,0.9989429175475687,1.022198731501057,0.9879769994772608
2,25,semiregular,2,887,718,169,656,231,62,0.7395715896279594,0.9136490250696379,1.2353760445682451,0.8174454828660436
2,25,irregular,2,1393,207,1186,143,1250,64,0.10265613783201723,0.6908212560386473,6.729468599033816,0.17875
2,25,regular,3,839,946,107,826,13,120,0.9845053635280095,0.8731501057082452,0.8868921775898521,0.9254901960784314
2,25,semiregular,3,778,718,60,638,140,80,0.8200514138817481,0.8885793871866295,1.083565459610028,0.8529411764705882
2,25,irregular,3,1755,207,1548,174,1581,33,0.09914529914529914,0.8405797101449275,8.478260869565217,0.17737003058103976
2,26,regular,1,998,985,13,977,21,8,0.9789579158316634,0.9918781725888325,1.0131979695431472,0.9853756933938478
2,26,semiregular,1,868,720,148,661,207,59,0.761520737327189,0.9180555555555555,1.2055555555555555,0.8324937027707808
2,26,irregular,1,979,214,765,143,836,71,0.14606741573033707,0.6682242990654206,4.574766355140187,0.239731768650461
2,26,regular,2,1269,985,284,985,284,0,0.7762017336485422,1.0,1.2883248730964467,0.8740017746228926
2,26,semiregular,2,996,720,276,677,319,43,0.679718875502008,0.9402777777777778,1.3833333333333333,0.7890442890442891
2,26,irregular,2,1650,214,1436,204,1446,10,0.12363636363636364,0.9532710280373832,7.710280373831775,0.21888412017167383
2,26,regular,3,733,985,252,720,13,265,0.9822646657571623,0.7309644670050761,0.7441624365482233,0.8381839348079162
2,26,semiregular,3,565,720,155,479,86,241,0.8477876106194691,0.6652777777777777,0.7847222222222222,0.7455252918287937
2,26,irregular,3,1186,214,972,180,1006,34,0.15177065767284992,0.8411214953271028,5.542056074766355,0.2571428571428572
2,27,regular,1,1147,1166,19,1142,5,24,0.995640802092415,0.9794168096054888,0.983704974271012,0.9874621703415477
2,27,semiregular,1,774,728,46,601,173,127,0.7764857881136951,0.8255494505494505,1.0631868131868132,0.8002663115845539
2,27,irregular,1,1627,270,1357,172,1455,98,0.1057160417947142,0.6370370370370371,6.025925925925926,0.18133895624670532
2,27,regular,2,1169,1166,3,1150,19,16,0.9837467921300257,0.9862778730703259,1.0025728987993139,0.9850107066381156
2,27,semiregular,2,1075,728,347,723,352,5,0.6725581395348837,0.9931318681318682,1.4766483516483517,0.8019966722129784
2,27,irregular,2,2194,270,1924,268,1926,2,0.12215132178669097,0.9925925925925926,8.125925925925927,0.2175324675324675
2,27,regular,3,1033,1166,133,1022,11,144,0.989351403678606,0.8765008576329331,0.885934819897084,0.9295134151887221
2,27,semiregular,3,732,728,4,619,113,109,0.8456284153005464,0.8502747252747253,1.0054945054945055,0.8479452054794521
2,27,irregular,3,1610,270,1340,232,1378,38,0.14409937888198757,0.8592592592592593,5.962962962962963,0.24680851063829784
2,28,regular,1,1093,1098,5,1085,8,13,0.9926806953339433,0.98816029143898,0.9954462659380692,0.9904153354632588
2,28,semiregular,1,965,859,106,806,159,53,0.8352331606217617,0.9383003492433062,1.1233993015133876,0.8837719298245614
2,28,irregular,1,1783,293,1490,205,1578,88,0.11497476163768929,0.6996587030716723,6.085324232081911,0.197495183044316
2,28,regular,2,1117,1098,19,1087,30,11,0.973142345568487,0.9899817850637522,1.017304189435337,0.981489841986456
2,28,semiregular,2,1129,859,270,850,279,9,0.7528786536758193,0.989522700814901,1.3143189755529685,0.8551307847082493
2,28,irregular,2,2031,293,1738,285,1746,8,0.14032496307237813,0.9726962457337884,6.931740614334471,0.2452667814113597
2,28,regular,3,777,1098,321,760,17,338,0.9781209781209781,0.692167577413479,0.7076502732240437,0.8106666666666666
2,28,semiregular,3,793,859,66,680,113,179,0.8575031525851198,0.7916181606519208,0.9231664726426076,0.8232445520581114
2,28,irregular,3,1947,293,1654,253,1694,40,0.12994350282485875,0.863481228668942,6.645051194539249,0.22589285714285715
2,29,regular,1,1118,1140,22,1115,3,25,0.9973166368515206,0.9780701754385965,0.980701754385965,0.9875996457041629
2,29,semiregular,1,1236,869,367,844,392,25,0.6828478964401294,0.9712313003452244,1.4223245109321059,0.8019002375296912
2,29,irregular,1,1012,247,765,153,859,94,0.15118577075098813,0.6194331983805668,4.097165991902834,0.24305003971405875
2,29,regular,2,1173,1140,33,1138,35,2,0.9701619778346121,0.9982456140350877,1.0289473684210526,0.9840034587116299
2,29,semiregular,2,1339,869,470,866,473,3,0.6467513069454817,0.996547756041427,1.5408515535097813,0.7844202898550724
2,29,irregular,2,1726,247,1479,247,1479,0,0.14310544611819234,1.0,6.987854251012146,0.2503801317790167
2,29,regular,3,850,1140,290,844,6,296,0.9929411764705882,0.7403508771929824,0.7456140350877193,0.8482412060301509
2,29,semiregular,3,984,869,115,780,204,89,0.7926829268292683,0.8975834292289988,1.1323360184119677,0.8418780356179169
2,29,irregular,3,1256,247,1009,214,1042,33,0.17038216560509553,0.8663967611336032,5.08502024291498,0.2847638057218896
2,30,regular,1,980,997,17,973,7,24,0.9928571428571429,0.9759277833500501,0.9829488465396189,0.9843196762771876
2,30,semiregular,1,851,810,41,723,128,87,0.8495887191539365,0.8925925925925926,1.0506172839506174,0.8705599036724865
2,30,irregular,1,2042,250,1792,176,1866,74,0.08619000979431929,0.704,8.168,0.15357766143106455
2,30,regular,2,1010,997,13,983,27,14,0.9732673267326732,0.9859578736208626,1.013039117352056,0.979571499750872
2,30,semiregular,2,1033,810,223,799,234,11,0.7734753146176185,0.9864197530864197,1.2753086419753086,0.8670645686380901
2,30,irregular,2,2182,250,1932,249,1933,1,0.11411549037580201,0.996,8.728,0.20476973684210528
2,30,regular,3,872,997,125,863,9,134,0.9896788990825688,0.8655967903711134,0.8746238716148446,0.9234884965222044
2,30,semiregular,3,785,810,25,692,93,118,0.8815286624203822,0.854320987654321,0.9691358024691358,0.8677115987460816
2,30,irregular,3,2161,250,1911,208,1953,42,0.0962517353077279,0.832,8.644,0.17254251347988386
3,1,regular,1,915,937,22,904,11,33,0.9879781420765027,0.9647812166488794,0.9765208110992529,0.976241900647948
3,1,semiregular,1,915,703,212,663,252,40,0.7245901639344262,0.9431009957325747,1.3015647226173541,0.8195302843016068
3,1,irregular,1,114,199,85,96,18,103,0.8421052631578947,0.4824120603015075,0.5728643216080402,0.6134185303514378
3,1,regular,2,976,937,39,917,59,20,0.9395491803278688,0.9786552828175027,1.0416221985058698,0.9587036069001567
3,1,semiregular,2,1037,703,334,687,350,16,0.6624879459980714,0.9772403982930299,1.4751066856330015,0.7896551724137931
3,1,irregular,2,993,199,794,198,795,1,0.19939577039274925,0.9949748743718593,4.989949748743719,0.33221476510067116
3,1,regular,3,468,937,469,467,1,470,0.9978632478632479,0.4983991462113127,0.4994663820704376,0.6647686832740214
3,1,semiregular,3,152,703,551,136,16,567,0.8947368421052632,0.1934566145092461,0.21621621621621623,0.3181286549707602
3,1,irregular,3,46,199,153,36,10,163,0.782608695652174,0.18090452261306533,0.23115577889447236,0.29387755102040813
3,2,regular,1,1146,1224,78,1140,6,84,0.9947643979057592,0.9313725490196079,0.9362745098039216,0.9620253164556962
3,2,semiregular,1,692,647,45,596,96,51,0.861271676300578,0.9211746522411128,1.0695517774343122,0.8902165795369679
3,2,irregular,1,544,217,327,108,436,109,0.19852941176470587,0.4976958525345622,2.506912442396313,0.28383705650459923
3,2,regular,2,1174,1224,50,1148,26,76,0.9778534923339012,0.9379084967320261,0.9591503267973857,0.957464553794829
3,2,semiregular,2,737,647,90,610,127,37,0.8276797829036635,0.9428129829984544,1.1391035548686244,0.8815028901734104
3,2,irregular,2,1158,217,941,209,949,8,0.18048359240069084,0.9631336405529954,5.336405529953917,0.304
3,2,regular,3,950,1224,274,949,1,275,0.9989473684210526,0.7753267973856209,0.7761437908496732,0.8730450781968722
3,2,semiregular,3,274,647,373,257,17,390,0.9379562043795621,0.3972179289026275,0.4234930448222566,0.5580890336590663
3,2,irregular,3,347,217,130,99,248,118,0.28530259365994237,0.45622119815668205,1.599078341013825,0.351063829787234
3,3,regular,1,1017,1053,36,1008,9,45,0.9911504424778761,0.9572649572649573,0.9658119658119658,0.9739130434782609
3,3,semiregular,1,833,716,117,670,163,46,0.8043217286914766,0.9357541899441341,1.1634078212290502,0.8650742414460941
3,3,irregular,1,472,224,248,133,339,91,0.2817796610169492,0.59375,2.107142857142857,0.38218390804597707
3,3,regular,2,685,1053,368,672,13,381,0.981021897810219,0.6381766381766382,0.6505223171889839,0.7733026467203683
3,3,semiregular,2,418,716,298,354,64,362,0.84688995215311,0.49441340782122906,0.5837988826815642,0.6243386243386243
3,3,irregular,2,127,224,97,43,84,181,0.33858267716535434,0.19196428571428573,0.5669642857142857,0.24501424501424499
3,3,regular,3,800,1053,253,799,1,254,0.99875,0.7587844254510921,0.7597340930674265,0.8623853211009174
3,3,semiregular,3,272,716,444,247,25,469,0.9080882352941176,0.34497206703910616,0.37988826815642457,0.5
3,3,irregular,3,135,224,89,97,38,127,0.7185185185185186,0.4330357142857143,0.6026785714285714,0.5403899721448469
3,4,regular,1,1068,1101,33,1058,10,43,0.9906367041198502,0.96094459582198,0.9700272479564033,0.9755647763946519
3,4,semiregular,1,664,614,50,505,159,109,0.7605421686746988,0.8224755700325733,1.0814332247557004,0.7902973395931142
3,4,irregular,1,118,228,110,80,38,148,0.6779661016949152,0.3508771929824561,0.5175438596491229,0.4624277456647398
3,4,regular,2,935,1101,166,925,10,176,0.9893048128342246,0.8401453224341507,0.849227974568574,0.9086444007858546
3,4,semiregular,2,435,614,179,356,79,258,0.8183908045977012,0.5798045602605864,0.7084690553745928,0.678741658722593
3,4,irregular,2,400,228,172,141,259,87,0.3525,0.618421052631579,1.7543859649122806,0.4490445859872611
3,4,regular,3,28,1101,1073,21,7,1080,0.75,0.01907356948228883,0.025431425976385105,0.03720106288751107
3,4,semiregular,3,40,614,574,16,24,598,0.4,0.026058631921824105,0.06514657980456026,0.04892966360856269
3,4,irregular,3,267,228,39,5,262,223,0.018726591760299626,0.021929824561403508,1.1710526315789473,0.0202020202020202
3,5,regular,1,1022,1044,22,1014,8,30,0.9921722113502935,0.9712643678160919,0.9789272030651341,0.9816069699903194
3,5,semiregular,1,938,668,270,648,290,20,0.6908315565031983,0.9700598802395209,1.404191616766467,0.8069738480697384
3,5,irregular,1,649,217,432,118,531,99,0.18181818181818182,0.543778801843318,2.9907834101382487,0.2725173210161663
3,5,regular,2,668,1044,376,661,7,383,0.9895209580838323,0.6331417624521073,0.6398467432950191,0.772196261682243
3,5,semiregular,2,297,668,371,197,100,471,0.6632996632996633,0.2949101796407186,0.44461077844311375,0.4082901554404145
3,5,irregular,2,242,217,25,31,211,186,0.128099173553719,0.14285714285714285,1.1152073732718895,0.13507625272331156
3,5,regular,3,451,1044,593,446,5,598,0.9889135254988913,0.4272030651340996,0.43199233716475094,0.5966555183946489
3,5,semiregular,3,270,668,398,187,83,481,0.6925925925925925,0.27994011976047906,0.4041916167664671,0.39872068230277186
3,5,irregular,3,76,217,141,63,13,154,0.8289473684210527,0.2903225806451613,0.35023041474654376,0.43003412969283283
3,6,regular,1,861,915,54,850,11,65,0.9872241579558653,0.9289617486338798,0.940983606557377,0.9572072072072072
3,6,semiregular,1,594,701,107,495,99,206,0.8333333333333334,0.7061340941512125,0.8473609129814551,0.7644787644787645
3,6,irregular,1,182,195,13,43,139,152,0.23626373626373626,0.2205128205128205,0.9333333333333333,0.22811671087533156
3,6,regular,2,944,915,29,902,42,13,0.9555084745762712,0.985792349726776,1.0316939890710382,0.9704142011834319
3,6,semiregular,2,678,701,23,561,117,140,0.827433628318584,0.8002853067047075,0.9671897289586305,0.813633067440174
3,6,irregular,2,169,195,26,122,47,73,0.7218934911242604,0.6256410256410256,0.8666666666666667,0.6703296703296703
3,6,regular,3,3,915,912,2,1,913,0.6666666666666666,0.002185792349726776,0.003278688524590164,0.004357298474945533
3,6,semiregular,3,28,701,673,11,17,690,0.39285714285714285,0.015691868758915834,0.039942938659058486,0.03017832647462277
3,6,irregular,3,670,195,475,25,645,170,0.03731343283582089,0.1282051282051282,3.4358974358974357,0.057803468208092484
3,7,regular,1,1215,1230,15,1198,17,32,0.9860082304526749,0.9739837398373984,0.9878048780487805,0.9799591002044991
3,7,semiregular,1,499,761,262,400,99,361,0.8016032064128257,0.5256241787122208,0.6557161629434954,0.6349206349206349
3,7,irregular,1,909,225,684,63,846,162,0.06930693069306931,0.28,4.04,0.11111111111111112
3,7,regular,2,78,1230,1152,73,5,1157,0.9358974358974359,0.05934959349593496,0.06341463414634146,0.11162079510703364
3,7,semiregular,2,168,761,593,119,49,642,0.7083333333333334,0.15637319316688567,0.22076215505913271,0.25618945102260493
3,7,irregular,2,774,225,549,129,645,96,0.16666666666666666,0.5733333333333334,3.44,0.25825825825825827
3,7,regular,3,6,1230,1224,6,0,1224,1.0,0.004878048780487805,0.004878048780487805,0.009708737864077669
3,7,semiregular,3,0,761,761,0,0,761,-1,-1,0.0,-1
3,7,irregular,3,298,225,73,3,295,222,0.010067114093959731,0.013333333333333334,1.3244444444444445,0.01147227533460803
3,8,regular,1,1007,1035,28,1002,5,33,0.9950347567030785,0.9681159420289855,0.9729468599033816,0.9813907933398629
3,8,semiregular,1,811,827,16,683,128,144,0.842170160295931,0.8258766626360339,0.9806529625151149,0.833943833943834
3,8,irregular,1,421,243,178,91,330,152,0.2161520190023753,0.37448559670781895,1.7325102880658436,0.27409638554216864
3,8,regular,2,684,1035,351,675,9,360,0.9868421052631579,0.6521739130434783,0.6608695652173913,0.7853403141361257
3,8,semiregular,2,733,827,94,600,133,227,0.8185538881309686,0.7255139056831923,0.8863361547762999,0.7692307692307693
3,8,irregular,2,953,243,710,80,873,163,0.08394543546694648,0.3292181069958848,3.921810699588477,0.13377926421404682
3,8,regular,3,661,1035,374,659,2,376,0.9969742813918305,0.6367149758454106,0.6386473429951691,0.7771226415094339
3,8,semiregular,3,105,827,722,85,20,742,0.8095238095238095,0.10278113663845223,0.12696493349455865,0.18240343347639484
3,8,irregular,3,675,243,432,75,600,168,0.1111111111111111,0.30864197530864196,2.7777777777777777,0.1633986928104575
3,9,regular,1,1073,1107,34,1068,5,39,0.9953401677539608,0.964769647696477,0.969286359530262,0.9798165137614678
3,9,semiregular,1,606,701,95,541,65,160,0.8927392739273927,0.7717546362339515,0.8644793152639088,0.827850038255547
3,9,irregular,1,250,266,16,109,141,157,0.436,0.40977443609022557,0.9398496240601504,0.4224806201550388
3,9,regular,2,1071,1107,36,1056,15,51,0.9859943977591037,0.9539295392953929,0.967479674796748,0.9696969696969697
3,9,semiregular,2,782,701,81,661,121,40,0.8452685421994884,0.9429386590584878,1.115549215406562,0.8914362778152394
3,9,irregular,2,1726,266,1460,263,1463,3,0.15237543453070684,0.9887218045112782,6.488721804511278,0.2640562248995984
3,9,regular,3,242,1107,865,237,5,870,0.9793388429752066,0.2140921409214092,0.2186088527551942,0.3513713862120089
3,9,semiregular,3,23,701,678,19,4,682,0.8260869565217391,0.02710413694721826,0.03281027104136947,0.05248618784530387
3,9,irregular,3,406,266,140,39,367,227,0.0960591133004926,0.14661654135338345,1.5263157894736843,0.11607142857142856
3,10,regular,1,974,1014,40,967,7,47,0.9928131416837782,0.9536489151873767,0.960552268244576,0.9728370221327968
3,10,semiregular,1,744,656,88,608,136,48,0.8172043010752689,0.926829268292683,1.1341463414634145,0.8685714285714285
3,10,irregular,1,457,247,210,180,277,67,0.3938730853391685,0.728744939271255,1.8502024291497976,0.5113636363636364
3,10,regular,2,1032,1014,18,1000,32,14,0.9689922480620154,0.9861932938856016,1.017751479289941,0.9775171065493645
3,10,semiregular,2,846,656,190,642,204,14,0.7588652482269503,0.9786585365853658,1.2896341463414633,0.8548601864181092
3,10,irregular,2,1340,247,1093,247,1093,0,0.1843283582089552,1.0,5.425101214574899,0.311279143037177
3,10,regular,3,454,1014,560,444,10,570,0.9779735682819384,0.4378698224852071,0.4477317554240631,0.6049046321525886
3,10,semiregular,3,297,656,359,278,19,378,0.936026936026936,0.42378048780487804,0.4527439024390244,0.583420776495278
3,10,irregular,3,67,247,180,63,4,184,0.9402985074626866,0.2550607287449393,0.27125506072874495,0.4012738853503185
3,11,regular,1,1051,1070,19,1049,2,21,0.9980970504281637,0.9803738317757009,0.9822429906542056,0.9891560584629892
3,11,semiregular,1,765,700,65,622,143,78,0.8130718954248366,0.8885714285714286,1.0928571428571427,0.8491467576791809
3,11,irregular,1,510,239,271,131,379,108,0.2568627450980392,0.5481171548117155,2.1338912133891212,0.34979973297730305
3,11,regular,2,2,1070,1068,0,2,1070,-1,-1,0.001869158878504673,-1
3,11,semiregular,2,19,700,681,10,9,690,0.5263157894736842,0.014285714285714285,0.027142857142857142,0.027816411682892908
3,11,irregular,2,113,239,126,27,86,212,0.23893805309734514,0.11297071129707113,0.47280334728033474,0.1534090909090909
3,11,regular,3,2,1070,1068,1,1,1069,0.5,0.0009345794392523365,0.001869158878504673,0.0018656716417910447
3,11,semiregular,3,7,700,693,5,2,695,0.7142857142857143,0.007142857142857143,0.01,0.014144271570014143
3,11,irregular,3,361,239,122,23,338,216,0.06371191135734072,0.09623430962343096,1.5104602510460252,0.07666666666666666
3,12,regular,1,987,1007,20,983,4,24,0.9959473150962512,0.9761668321747765,0.9801390268123138,0.9859578736208625
3,12,semiregular,1,764,641,123,570,194,71,0.7460732984293194,0.8892355694227769,1.1918876755070202,0.8113879003558719
3,12,irregular,1,502,204,298,118,384,86,0.2350597609561753,0.5784313725490197,2.4607843137254903,0.3342776203966006
3,12,regular,2,966,1007,41,951,15,56,0.984472049689441,0.9443892750744787,0.9592850049652433,0.9640141915864167
3,12,semiregular,2,594,641,47,480,114,161,0.8080808080808081,0.748829953198128,0.9266770670826833,0.777327935222672
3,12,irregular,2,580,204,376,151,429,53,0.2603448275862069,0.7401960784313726,2.843137254901961,0.385204081632653
3,12,regular,3,9,1007,998,6,3,1001,0.6666666666666666,0.005958291956305859,0.00893743793445879,0.011811023622047246
3,12,semiregular,3,10,641,631,3,7,638,0.3,0.0046801872074883,0.015600624024960999,0.009216589861751152
3,12,irregular,3,486,204,282,12,474,192,0.024691358024691357,0.058823529411764705,2.3823529411764706,0.034782608695652174
3,13,regular,1,950,1000,50,948,2,52,0.9978947368421053,0.948,0.95,0.9723076923076923
3,13,semiregular,1,806,815,9,704,102,111,0.8734491315136477,0.8638036809815951,0.9889570552147239,0.8685996298581122
3,13,irregular,1,503,216,287,45,458,171,0.08946322067594434,0.20833333333333334,2.3287037037037037,0.12517385257301808
3,13,regular,2,735,1000,265,729,6,271,0.9918367346938776,0.729,0.735,0.8403458213256484
3,13,semiregular,2,604,815,211,506,98,309,0.8377483443708609,0.6208588957055214,0.7411042944785277,0.7131782945736433
3,13,irregular,2,1590,216,1374,184,1406,32,0.11572327044025157,0.8518518518518519,7.361111111111111,0.203765227021041
3,13,regular,3,792,1000,208,788,4,212,0.9949494949494949,0.788,0.792,0.8794642857142857
3,13,semiregular,3,112,815,703,83,29,732,0.7410714285714286,0.10184049079754601,0.1374233128834356,0.1790722761596548
3,13,irregular,3,644,216,428,29,615,187,0.04503105590062112,0.13425925925925927,2.9814814814814814,0.06744186046511629
3,14,regular,1,975,1052,77,975,0,77,1.0,0.9268060836501901,0.9268060836501901,0.9620128268376912
3,14,semiregular,1,1049,913,136,834,215,79,0.7950428979980935,0.9134720700985761,1.148959474260679,0.8501529051987767
3,14,irregular,1,340,217,123,83,257,134,0.24411764705882352,0.3824884792626728,1.566820276497696,0.2980251346499102
3,14,regular,2,992,1052,60,984,8,68,0.9919354838709677,0.935361216730038,0.9429657794676806,0.9628180039138943
3,14,semiregular,2,1184,913,271,868,316,45,0.7331081081081081,0.9507119386637459,1.2968236582694415,0.8278493085360039
3,14,irregular,2,1365,217,1148,184,1181,33,0.1347985347985348,0.847926267281106,6.290322580645161,0.23261694058154234
3,14,regular,3,5,1052,1047,4,1,1048,0.8,0.0038022813688212928,0.004752851711026616,0.007568590350047304
3,14,semiregular,3,20,913,893,13,7,900,0.65,0.014238773274917854,0.02190580503833516,0.027867095391211148
3,14,irregular,3,470,217,253,17,453,200,0.036170212765957444,0.07834101382488479,2.165898617511521,0.049490538573508
3,15,regular,1,975,964,11,964,11,0,0.9887179487179487,1.0,1.0114107883817427,0.9943269726663229
3,15,semiregular,1,891,774,117,741,150,33,0.8316498316498316,0.9573643410852714,1.1511627906976745,0.8900900900900901
3,15,irregular,1,375,218,157,109,266,109,0.2906666666666667,0.5,1.7201834862385321,0.36762225969645873
3,15,regular,2,69,964,895,69,0,895,1.0,0.07157676348547717,0.07157676348547717,0.1335914811229429
3,15,semiregular,2,215,774,559,169,46,605,0.786046511627907,0.21834625322997417,0.2777777777777778,0.3417593528816987
3,15,irregular,2,204,218,14,46,158,172,0.22549019607843138,0.21100917431192662,0.9357798165137615,0.21800947867298578
3,15,regular,3,264,964,700,258,6,706,0.9772727272727273,0.2676348547717842,0.27385892116182575,0.42019543973941365
3,15,semiregular,3,246,774,528,202,44,572,0.8211382113821138,0.26098191214470284,0.3178294573643411,0.396078431372549
3,15,irregular,3,553,218,335,49,504,169,0.08860759493670886,0.22477064220183487,2.536697247706422,0.12710765239948119
3,16,regular,1,53,1109,1056,53,0,1056,1.0,0.047790802524797116,0.047790802524797116,0.09122203098106713
3,16,semiregular,1,15,681,666,10,5,671,0.6666666666666666,0.014684287812041116,0.022026431718061675,0.028735632183908046
3,16,irregular,1,335,272,63,52,283,220,0.15522388059701492,0.19117647058823528,1.2316176470588236,0.17133443163097198
3,16,regular,2,662,1109,447,656,6,453,0.9909365558912386,0.5915238954012624,0.5969341749323716,0.740824392998306
3,16,semiregular,2,477,681,204,386,91,295,0.8092243186582809,0.566813509544787,0.7004405286343612,0.6666666666666666
3,16,irregular,2,698,272,426,229,469,43,0.32808022922636104,0.8419117647058824,2.5661764705882355,0.47216494845360824
3,16,regular,3,55,1109,1054,54,1,1055,0.9818181818181818,0.04869251577998197,0.04959422903516682,0.09278350515463919
3,16,semiregular,3,52,681,629,37,15,644,0.7115384615384616,0.05433186490455213,0.0763582966226138,0.1009549795361528
3,16,irregular,3,218,272,54,35,183,237,0.16055045871559634,0.12867647058823528,0.8014705882352942,0.14285714285714285
3,17,regular,1,321,1029,708,321,0,708,1.0,0.3119533527696793,0.3119533527696793,0.47555555555555556
3,17,semiregular,1,209,837,628,185,24,652,0.8851674641148325,0.22102747909199522,0.24970131421744324,0.35372848948374763
3,17,irregular,1,522,240,282,55,467,185,0.1053639846743295,0.22916666666666666,2.175,0.14435695538057744
3,17,regular,2,1047,1029,18,1025,22,4,0.9789875835721108,0.9961127308066083,1.0174927113702623,0.98747591522158
3,17,semiregular,2,1049,837,212,808,241,29,0.7702573879885606,0.965352449223417,1.2532855436081243,0.8568398727465535
3,17,irregular,2,1370,240,1130,238,1132,2,0.17372262773722627,0.9916666666666667,5.708333333333333,0.29565217391304344
3,17,regular,3,398,1029,631,398,0,631,1.0,0.3867832847424684,0.3867832847424684,0.5578135949544499
3,17,semiregular,3,267,837,570,239,28,598,0.8951310861423221,0.2855436081242533,0.31899641577060933,0.43297101449275366
3,17,irregular,3,53,240,187,32,21,208,0.6037735849056604,0.13333333333333333,0.22083333333333333,0.21843003412969283
3,18,regular,1,510,1044,534,509,1,535,0.9980392156862745,0.4875478927203065,0.4885057471264368,0.6550836550836551
3,18,semiregular,1,313,801,488,293,20,508,0.9361022364217252,0.365792759051186,0.39076154806491886,0.526032315978456
3,18,irregular,1,209,252,43,22,187,230,0.10526315789473684,0.0873015873015873,0.8293650793650794,0.09544468546637744
3,18,regular,2,1065,1044,21,1042,23,2,0.9784037558685446,0.9980842911877394,1.0201149425287357,0.9881460407776197
3,18,semiregular,2,1006,801,205,778,228,23,0.7733598409542743,0.9712858926342073,1.2559300873907615,0.8610957387935805
3,18,irregular,2,1352,252,1100,248,1104,4,0.1834319526627219,0.9841269841269841,5.365079365079365,0.3092269326683292
3,18,regular,3,505,1044,539,503,2,541,0.996039603960396,0.4818007662835249,0.4837164750957854,0.6494512588766946
3,18,semiregular,3,449,801,352,418,31,383,0.9309576837416481,0.5218476903870163,0.5605493133583022,0.6688000000000001
3,18,irregular,3,160,252,92,97,63,155,0.60625,0.38492063492063494,0.6349206349206349,0.47087378640776706
3,19,regular,1,1019,1076,57,1017,2,59,0.9980372914622179,0.9451672862453532,0.9470260223048327,0.9708830548926014
3,19,semiregular,1,724,753,29,620,104,133,0.856353591160221,0.8233731739707836,0.9614873837981408,0.8395396073121192
3,19,irregular,1,222,245,23,79,143,166,0.35585585585585583,0.3224489795918367,0.9061224489795918,0.3383297644539614
3,19,regular,2,690,1076,386,683,7,393,0.9898550724637681,0.6347583643122676,0.6412639405204461,0.7734994337485842
3,19,semiregular,2,324,753,429,287,37,466,0.8858024691358025,0.38114209827357237,0.4302788844621514,0.5329619312906221
3,19,irregular,2,461,245,216,123,338,122,0.2668112798264642,0.5020408163265306,1.8816326530612244,0.34844192634560905
3,19,regular,3,428,1076,648,427,1,649,0.9976635514018691,0.39684014869888473,0.39776951672862454,0.5678191489361701
3,19,semiregular,3,346,753,407,331,15,422,0.9566473988439307,0.4395750332005312,0.4594953519256308,0.6023657870791629
3,19,irregular,3,99,245,146,78,21,167,0.7878787878787878,0.3183673469387755,0.40408163265306124,0.4534883720930232
3,20,regular,1,1133,1251,118,1131,2,120,0.9982347749338041,0.9040767386091128,0.9056754596322941,0.9488255033557047
3,20,semiregular,1,811,841,30,682,129,159,0.840937114673243,0.8109393579072532,0.9643281807372176,0.8256658595641647
3,20,irregular,1,482,252,230,76,406,176,0.15767634854771784,0.30158730158730157,1.9126984126984128,0.20708446866485014
3,20,regular,2,1221,1251,30,1200,21,51,0.9828009828009828,0.9592326139088729,0.9760191846522782,0.9708737864077671
3,20,semiregular,2,1089,841,248,811,278,30,0.7447199265381084,0.9643281807372176,1.2948870392390013,0.8404145077720206
3,20,irregular,2,1008,252,756,229,779,23,0.22718253968253968,0.9087301587301587,4.0,0.36349206349206353
3,20,regular,3,559,1251,692,551,8,700,0.9856887298747764,0.4404476418864908,0.44684252597921664,0.6088397790055249
3,20,semiregular,3,316,841,525,261,55,580,0.8259493670886076,0.3103448275862069,0.375743162901308,0.4511668107173725
3,20,irregular,3,597,252,345,95,502,157,0.15912897822445563,0.376984126984127,2.369047619047619,0.22379269729093054
3,21,regular,1,909,920,11,903,6,17,0.9933993399339934,0.9815217391304348,0.9880434782608696,0.9874248223072718
3,21,semiregular,1,839,549,290,507,332,42,0.6042908224076281,0.9234972677595629,1.5282331511839709,0.7305475504322766
3,21,irregular,1,280,204,76,98,182,106,0.35,0.4803921568627451,1.3725490196078431,0.4049586776859504
3,21,regular,2,939,920,19,918,21,2,0.9776357827476039,0.9978260869565218,1.0206521739130434,0.987627756858526
3,21,semiregular,2,627,549,78,406,221,143,0.6475279106858054,0.7395264116575592,1.1420765027322404,0.6904761904761905
3,21,irregular,2,393,204,189,96,297,108,0.24427480916030533,0.47058823529411764,1.9264705882352942,0.32160804020100503
3,21,regular,3,1,920,919,0,1,920,-1,-1,0.0010869565217391304,-1
3,21,semiregular,3,18,549,531,4,14,545,0.2222222222222222,0.007285974499089253,0.03278688524590164,0.014109347442680777
3,21,irregular,3,365,204,161,5,360,199,0.0136986301369863,0.024509803921568627,1.7892156862745099,0.01757469244288225
3,22,regular,1,948,946,2,940,8,6,0.9915611814345991,0.9936575052854123,1.0021141649048626,0.9926082365364309
3,22,semiregular,1,750,703,47,613,137,90,0.8173333333333334,0.871977240398293,1.0668563300142246,0.8437715072264281
3,22,irregular,1,507,247,260,165,342,82,0.3254437869822485,0.6680161943319838,2.0526315789473686,0.4376657824933687
3,22,regular,2,957,946,11,924,33,22,0.9655172413793104,0.9767441860465116,1.0116279069767442,0.9710982658959537
3,22,semiregular,2,796,703,93,622,174,81,0.7814070351758794,0.8847795163584637,1.132290184921764,0.8298865910607071
3,22,irregular,2,596,247,349,208,388,39,0.348993288590604,0.8421052631578947,2.4129554655870447,0.49347568208778175
3,22,regular,3,0,946,946,0,0,946,-1,-1,0.0,-1
3,22,semiregular,3,5,703,698,4,1,699,0.8,0.005689900426742532,0.007112375533428165,0.011299435028248588
3,22,irregular,3,473,247,226,26,447,221,0.05496828752642706,0.10526315789473684,1.9149797570850202,0.07222222222222222
3,23,regular,1,973,999,26,964,9,35,0.9907502569373073,0.964964964964965,0.973973973973974,0.9776876267748479
3,23,semiregular,1,738,835,97,642,96,193,0.8699186991869918,0.7688622754491018,0.8838323353293414,0.8162746344564527
3,23,irregular,1,367,266,101,49,318,217,0.1335149863760218,0.18421052631578946,1.3796992481203008,0.15481832543443919
3,23,regular,2,978,999,21,912,66,87,0.9325153374233128,0.9129129129129129,0.978978978978979,0.9226100151745068
3,23,semiregular,2,1283,835,448,829,454,6,0.6461418550272798,0.9928143712574851,1.5365269461077844,0.7828139754485363
3,23,irregular,2,3042,266,2776,266,2776,0,0.08744247205785667,1.0,11.436090225563909,0.16082224909310763
3,23,regular,3,590,999,409,581,9,418,0.9847457627118644,0.5815815815815816,0.5905905905905906,0.7312775330396475
3,23,semiregular,3,260,835,575,184,76,651,0.7076923076923077,0.22035928143712574,0.31137724550898205,0.33607305936073056
3,23,irregular,3,971,266,705,94,877,172,0.09680741503604531,0.3533834586466165,3.6503759398496243,0.15198059822150364
3,24,regular,1,1035,1079,44,1024,11,55,0.9893719806763285,0.9490268767377201,0.959221501390176,0.9687795648060549
3,24,semiregular,1,692,680,12,609,83,71,0.880057803468208,0.8955882352941177,1.0176470588235293,0.8877551020408163
3,24,irregular,1,637,247,390,93,544,154,0.14599686028257458,0.3765182186234818,2.5789473684210527,0.21040723981900453
3,24,regular,2,1050,1079,29,1026,24,53,0.9771428571428571,0.9508804448563485,0.9731232622798888,0.9638327853452324
3,24,semiregular,2,764,680,84,639,125,41,0.8363874345549738,0.9397058823529412,1.1235294117647059,0.8850415512465374
3,24,irregular,2,1794,247,1547,245,1549,2,0.13656633221850614,0.9919028340080972,7.2631578947368425,0.240078392944635
3,24,regular,3,218,1079,861,218,0,861,1.0,0.2020389249304912,0.2020389249304912,0.3361603700848111
3,24,semiregular,3,19,680,661,19,0,661,1.0,0.027941176470588237,0.027941176470588237,0.054363376251788276
3,24,irregular,3,171,247,76,2,169,245,0.011695906432748537,0.008097165991902834,0.6923076923076923,0.009569377990430622
3,25,regular,1,942,946,4,935,7,11,0.9925690021231423,0.9883720930232558,0.9957716701902748,0.9904661016949153
3,25,semiregular,1,783,718,65,624,159,94,0.7969348659003831,0.8690807799442897,1.0905292479108635,0.8314457028647568
3,25,irregular,1,870,207,663,99,771,108,0.11379310344827587,0.4782608695652174,4.202898550724638,0.1838440111420613
3,25,regular,2,941,946,5,925,16,21,0.9829968119022316,0.9778012684989429,0.9947145877378436,0.9803921568627451
3,25,semiregular,2,919,718,201,672,247,46,0.7312295973884657,0.935933147632312,1.2799442896935933,0.821014050091631
3,25,irregular,2,1848,207,1641,109,1739,98,0.058982683982683984,0.5265700483091788,8.927536231884059,0.10608272506082725
3,25,regular,3,742,946,204,733,9,213,0.9878706199460916,0.7748414376321353,0.7843551797040169,0.8684834123222749
3,25,semiregular,3,401,718,317,350,51,368,0.8728179551122195,0.48746518105849584,0.5584958217270195,0.6255585344057195
3,25,irregular,3,139,207,68,15,124,192,0.1079136690647482,0.07246376811594203,0.6714975845410628,0.08670520231213874
3,26,regular,1,959,985,26,945,14,40,0.9854014598540146,0.9593908629441624,0.9736040609137055,0.9722222222222222
3,26,semiregular,1,787,720,67,636,151,84,0.8081321473951716,0.8833333333333333,1.0930555555555554,0.8440610484406105
3,26,irregular,1,778,214,564,140,638,74,0.17994858611825193,0.6542056074766355,3.635514018691589,0.282258064516129
3,26,regular,2,874,985,111,861,13,124,0.9851258581235698,0.8741116751269036,0.8873096446700508,0.9263044647660033
3,26,semiregular,2,270,720,450,216,54,504,0.8,0.3,0.375,0.4363636363636363
3,26,irregular,2,781,214,567,75,706,139,0.09603072983354674,0.35046728971962615,3.649532710280374,0.1507537688442211
3,26,regular,3,2,985,983,0,2,985,-1,-1,0.0020304568527918783,-1
3,26,semiregular,3,5,720,715,4,1,716,0.8,0.005555555555555556,0.006944444444444444,0.011034482758620689
3,26,irregular,3,11,214,203,0,11,214,-1,-1,0.0514018691588785,-1
3,27,regular,1,1091,1166,75,1089,2,77,0.998166819431714,0.9339622641509434,0.9356775300171527,0.9649977846699158
3,27,semiregular,1,878,728,150,655,223,73,0.7460136674259681,0.8997252747252747,1.206043956043956,0.8156911581569115
3,27,irregular,1,1593,270,1323,190,1403,80,0.11927181418706842,0.7037037037037037,5.9,0.20397208803005903
3,27,regular,2,1116,1166,50,1097,19,69,0.9829749103942652,0.9408233276157805,0.9571183533447685,0.9614373356704646
3,27,semiregular,2,872,728,144,655,217,73,0.7511467889908257,0.8997252747252747,1.1978021978021978,0.81875
3,27,irregular,2,2050,270,1780,244,1806,26,0.11902439024390243,0.9037037037037037,7.592592592592593,0.21034482758620693
3,27,regular,3,836,1166,330,829,7,337,0.9916267942583732,0.7109777015437393,0.7169811320754716,0.8281718281718281
3,27,semiregular,3,344,728,384,298,46,430,0.8662790697674418,0.40934065934065933,0.4725274725274725,0.5559701492537312
3,27,irregular,3,868,270,598,107,761,163,0.12327188940092165,0.3962962962962963,3.214814814814815,0.18804920913884005
3,28,regular,1,1058,1098,40,1051,7,47,0.9933837429111532,0.9571948998178507,0.9635701275045537,0.9749536178107606
3,28,semiregular,1,917,859,58,775,142,84,0.8451472191930207,0.9022118742724098,1.0675203725261933,0.8727477477477479
3,28,irregular,1,1940,293,1647,211,1729,82,0.10876288659793815,0.7201365187713311,6.621160409556314,0.18898343036274068
3,28,regular,2,1102,1098,4,1077,25,21,0.9773139745916516,0.9808743169398907,1.0036429872495447,0.9790909090909091
3,28,semiregular,2,1092,859,233,847,245,12,0.7756410256410257,0.9860302677532014,1.271245634458673,0.8682726806765761
3,28,irregular,2,1977,293,1684,278,1699,15,0.1406170966110268,0.9488054607508533,6.747440273037543,0.24493392070484585
3,28,regular,3,578,1098,520,570,8,528,0.986159169550173,0.5191256830601093,0.5264116575591985,0.6801909307875895
3,28,semiregular,3,429,859,430,376,53,483,0.8764568764568764,0.43771827706635624,0.49941792782305006,0.5838509316770186
3,28,irregular,3,748,293,455,137,611,156,0.18315508021390375,0.46757679180887374,2.5529010238907848,0.2632084534101825
3,29,regular,1,1108,1140,32,1105,3,35,0.9972924187725631,0.9692982456140351,0.9719298245614035,0.9830960854092526
3,29,semiregular,1,1152,869,283,839,313,30,0.7282986111111112,0.9654775604142692,1.3256616800920598,0.8302820385947551
3,29,irregular,1,926,247,679,153,773,94,0.1652267818574514,0.6194331983805668,3.748987854251012,0.2608695652173913
3,29,regular,2,1110,1140,30,1096,14,44,0.9873873873873874,0.9614035087719298,0.9736842105263158,0.9742222222222223
3,29,semiregular,2,1197,869,328,811,386,58,0.6775271512113618,0.9332566168009206,1.3774453394706558,0.7850919651500485
3,29,irregular,2,1634,247,1387,236,1398,11,0.14443084455324356,0.9554655870445344,6.615384615384615,0.25093035619351406
3,29,regular,3,1,1140,1139,0,1,1140,-1,-1,0.0008771929824561404,-1
3,29,semiregular,3,28,869,841,12,16,857,0.42857142857142855,0.01380897583429229,0.03222094361334868,0.02675585284280936
3,29,irregular,3,527,247,280,16,511,231,0.030360531309297913,0.06477732793522267,2.133603238866397,0.041343669250646
3,30,regular,1,968,997,29,963,5,34,0.9948347107438017,0.9658976930792377,0.970912738214644,0.9801526717557252
3,30,semiregular,1,829,810,19,719,110,91,0.8673100120627262,0.8876543209876543,1.0234567901234568,0.8773642464917634
3,30,irregular,1,1185,250,935,175,1010,75,0.14767932489451477,0.7,4.74,0.24390243902439027
3,30,regular,2,955,997,42,948,7,49,0.9926701570680628,0.950852557673019,0.9578736208625878,0.971311475409836
3,30,semiregular,2,863,810,53,729,134,81,0.8447276940903824,0.9,1.065432098765432,0.8714883442916915
3,30,irregular,2,322,250,72,153,169,97,0.4751552795031056,0.612,1.288,0.5349650349650349
3,30,regular,3,201,997,796,198,3,799,0.9850746268656716,0.19859578736208625,0.20160481444332998,0.33055091819699495
3,30,semiregular,3,23,810,787,15,8,795,0.6521739130434783,0.018518518518518517,0.028395061728395062,0.03601440576230492
3,30,irregular,3,1415,250,1165,56,1359,194,0.039575971731448764,0.224,5.66,0.06726726726726727
4,1,regular,1,921,937,16,910,11,27,0.988056460369164,0.9711846318036286,0.9829242262540021,0.9795479009687836
4,1,semiregular,1,951,703,248,681,270,22,0.7160883280757098,0.968705547652916,1.352773826458037,0.8234582829504232
4,1,irregular,1,259,199,60,128,131,71,0.4942084942084942,0.6432160804020101,1.3015075376884422,0.5589519650655023
4,1,regular,2,987,937,50,917,70,20,0.9290780141843972,0.9786552828175027,1.0533617929562433,0.9532224532224531
4,1,semiregular,2,1220,703,517,699,521,4,0.5729508196721311,0.9943100995732574,1.7354196301564722,0.7269890795631825
4,1,irregular,2,1068,199,869,199,869,0,0.18632958801498128,1.0,5.366834170854271,0.31412786108918705
4,1,regular,3,814,937,123,807,7,130,0.9914004914004914,0.8612593383137673,0.8687299893276414,0.9217589948600798
4,1,semiregular,3,398,703,305,349,49,354,0.8768844221105527,0.49644381223328593,0.566145092460882,0.633969118982743
4,1,irregular,3,212,199,13,110,102,89,0.5188679245283019,0.5527638190954773,1.065326633165829,0.5352798053527981
4,2,regular,1,1196,1224,28,1189,7,35,0.9941471571906354,0.9714052287581699,0.9771241830065359,0.9826446280991735
4,2,semiregular,1,759,647,112,632,127,15,0.8326745718050066,0.9768160741885626,1.1731066460587327,0.8990042674253201
4,2,irregular,1,669,217,452,146,523,71,0.21823617339312407,0.6728110599078341,3.0829493087557602,0.3295711060948081
4,2,regular,2,1194,1224,30,1166,28,58,0.9765494137353434,0.9526143790849673,0.9754901960784313,0.9644334160463193
4,2,semiregular,2,811,647,164,647,164,0,0.7977805178791615,1.0,1.2534775888717156,0.887517146776406
4,2,irregular,2,1343,217,1126,217,1126,0,0.16157855547282204,1.0,6.188940092165899,0.2782051282051282
4,2,regular,3,931,1224,293,931,0,293,1.0,0.7606209150326797,0.7606209150326797,0.8640371229698376
4,2,semiregular,3,198,647,449,196,2,451,0.98989898989899,0.3029366306027821,0.30602782071097373,0.46390532544378704
4,2,irregular,3,74,217,143,68,6,149,0.918918918918919,0.31336405529953915,0.34101382488479265,0.4673539518900344
4,3,regular,1,1025,1053,28,1016,9,37,0.9912195121951219,0.9648622981956315,0.97340930674264,0.9778633301251204
4,3,semiregular,1,904,716,188,699,205,17,0.7732300884955752,0.9762569832402235,1.2625698324022345,0.8629629629629629
4,3,irregular,1,671,224,447,177,494,47,0.2637853949329359,0.7901785714285714,2.9955357142857144,0.3955307262569832
4,3,regular,2,955,1053,98,941,14,112,0.9853403141361257,0.8936372269705603,0.9069325735992403,0.9372509960159362
4,3,semiregular,2,579,716,137,494,85,222,0.853195164075993,0.6899441340782123,0.8086592178770949,0.7629343629343629
4,3,irregular,2,31,224,193,29,2,195,0.9354838709677419,0.12946428571428573,0.13839285714285715,0.2274509803921569
4,3,regular,3,932,1053,121,932,0,121,1.0,0.8850902184235517,0.8850902184235517,0.9390428211586902
4,3,semiregular,3,321,716,395,311,10,405,0.9688473520249221,0.43435754189944137,0.4483240223463687,0.5998071359691417
4,3,irregular,3,84,224,140,76,8,148,0.9047619047619048,0.3392857142857143,0.375,0.49350649350649356
4,4,regular,1,1108,1101,7,1095,13,6,0.9882671480144405,0.9945504087193461,1.0063578564940963,0.9913988229968312
4,4,semiregular,1,854,614,240,598,256,16,0.7002341920374707,0.9739413680781759,1.3908794788273615,0.8147138964577657
4,4,irregular,1,322,228,94,137,185,91,0.4254658385093168,0.6008771929824561,1.412280701754386,0.4981818181818182
4,4,regular,2,1106,1101,5,1088,18,13,0.9837251356238698,0.9881925522252498,1.0045413260672116,0.9859537834164024
4,4,semiregular,2,906,614,292,611,295,3,0.67439293598234,0.995114006514658,1.47557003257329,0.8039473684210526
4,4,irregular,2,1370,228,1142,225,1145,3,0.16423357664233576,0.9868421052631579,6.008771929824562,0.2816020025031289
4,4,regular,3,241,1101,860,234,7,867,0.970954356846473,0.2125340599455041,0.21889191643960038,0.34873323397913564
4,4,semiregular,3,164,614,450,146,18,468,0.8902439024390244,0.23778501628664495,0.2671009771986971,0.37532133676092544
4,4,irregular,3,31,228,197,24,7,204,0.7741935483870968,0.10526315789473684,0.13596491228070176,0.18532818532818532
4,5,regular,1,1035,1044,9,1031,4,13,0.996135265700483,0.9875478927203065,0.9913793103448276,0.9918229918229918
4,5,semiregular,1,1021,668,353,661,360,7,0.6474045053868757,0.9895209580838323,1.528443113772455,0.7827116637063352
4,5,irregular,1,791,217,574,164,627,53,0.20733249051833122,0.7557603686635944,3.6451612903225805,0.3253968253968254
4,5,regular,2,971,1044,73,958,13,86,0.9866117404737385,0.9176245210727969,0.9300766283524904,0.9508684863523573
4,5,semiregular,2,743,668,75,545,198,123,0.7335127860026918,0.8158682634730539,1.1122754491017963,0.7725017717930546
4,5,irregular,2,123,217,94,2,121,215,0.016260162601626018,0.009216589861751152,0.5668202764976958,0.011764705882352943
4,5,regular,3,890,1044,154,889,1,155,0.998876404494382,0.8515325670498084,0.8524904214559387,0.9193381592554292
4,5,semiregular,3,233,668,435,226,7,442,0.9699570815450643,0.3383233532934132,0.34880239520958084,0.5016648168701443
4,5,irregular,3,221,217,4,112,109,105,0.5067873303167421,0.5161290322580645,1.0184331797235022,0.5114155251141552
4,6,regular,1,927,915,12,911,16,4,0.982740021574973,0.9956284153005465,1.0131147540983607,0.98914223669924
4,6,semiregular,1,764,701,63,626,138,75,0.819371727748691,0.8930099857346647,1.0898716119828815,0.8546075085324232
4,6,irregular,1,275,195,80,82,193,113,0.29818181818181816,0.4205128205128205,1.4102564102564104,0.34893617021276596
4,6,regular,2,941,915,26,903,38,12,0.9596174282678002,0.9868852459016394,1.028415300546448,0.9730603448275863
4,6,semiregular,2,851,701,150,674,177,27,0.7920094007050529,0.9614835948644793,1.2139800285306706,0.8685567010309279
4,6,irregular,2,219,195,24,120,99,75,0.547945205479452,0.6153846153846154,1.123076923076923,0.5797101449275363
4,6,regular,3,693,915,222,693,0,222,1.0,0.7573770491803279,0.7573770491803279,0.8619402985074628
4,6,semiregular,3,317,701,384,311,6,390,0.9810725552050473,0.44365192582025675,0.4522111269614836,0.6110019646365422
4,6,irregular,3,33,195,162,31,2,164,0.9393939393939394,0.15897435897435896,0.16923076923076924,0.2719298245614035
4,7,regular,1,1198,1230,32,1189,9,41,0.9924874791318865,0.9666666666666667,0.9739837398373984,0.9794069192751237
4,7,semiregular,1,1104,761,343,744,360,17,0.6739130434782609,0.9776609724047306,1.4507227332457293,0.7978552278820376
4,7,irregular,1,273,225,48,88,185,137,0.32234432234432236,0.39111111111111113,1.2133333333333334,0.3534136546184739
4,7,regular,2,1012,1230,218,996,16,234,0.9841897233201581,0.8097560975609757,0.8227642276422764,0.888492417484389
4,7,semiregular,2,728,761,33,568,160,193,0.7802197802197802,0.7463863337713534,0.9566360052562418,0.7629281396910679
4,7,irregular,2,1593,225,1368,216,1377,9,0.13559322033898305,0.96,7.08,0.2376237623762376
4,7,regular,3,1011,1230,219,1011,0,219,1.0,0.8219512195121951,0.8219512195121951,0.9022757697456493
4,7,semiregular,3,304,761,457,295,9,466,0.9703947368421053,0.3876478318002628,0.39947437582128775,0.5539906103286385
4,7,irregular,3,64,225,161,58,6,167,0.90625,0.2577777777777778,0.28444444444444444,0.40138408304498274
4,8,regular,1,1007,1035,28,1002,5,33,0.9950347567030785,0.9681159420289855,0.9729468599033816,0.9813907933398629
4,8,semiregular,1,930,827,103,747,183,80,0.8032258064516129,0.9032648125755743,1.124546553808948,0.8503130335799658
4,8,irregular,1,674,243,431,155,519,88,0.22997032640949555,0.6378600823045267,2.7736625514403292,0.33805888767720826
4,8,regular,2,222,1035,813,220,2,815,0.990990990990991,0.21256038647342995,0.2144927536231884,0.35003977724741453
4,8,semiregular,2,414,827,413,355,59,472,0.857487922705314,0.42926239419588874,0.5006045949214026,0.5721192586623691
4,8,irregular,2,169,243,74,2,167,241,0.011834319526627219,0.00823045267489712,0.6954732510288066,0.009708737864077669
4,8,regular,3,954,1035,81,954,0,81,1.0,0.9217391304347826,0.9217391304347826,0.9592760180995475
4,8,semiregular,3,329,827,498,316,13,511,0.9604863221884499,0.38210399032648124,0.3978234582829504,0.546712802768166
4,8,irregular,3,128,243,115,69,59,174,0.5390625,0.2839506172839506,0.5267489711934157,0.3719676549865229
4,9,regular,1,1068,1107,39,1061,7,46,0.9934456928838952,0.9584462511291779,0.964769647696477,0.975632183908046
4,9,semiregular,1,662,701,39,597,65,104,0.9018126888217523,0.8516405135520685,0.9443651925820257,0.8760088041085841
4,9,irregular,1,508,266,242,178,330,88,0.35039370078740156,0.6691729323308271,1.9097744360902256,0.45994832041343664
4,9,regular,2,1052,1107,55,1036,16,71,0.9847908745247148,0.935862691960253,0.950316169828365,0.9597035664659564
4,9,semiregular,2,784,701,83,663,121,38,0.8456632653061225,0.9457917261055635,1.1184022824536377,0.8929292929292929
4,9,irregular,2,1734,266,1468,264,1470,2,0.1522491349480969,0.9924812030075187,6.518796992481203,0.264
4,9,regular,3,726,1107,381,725,1,382,0.9986225895316805,0.6549232158988256,0.6558265582655827,0.7910529187124933
4,9,semiregular,3,291,701,410,270,21,431,0.9278350515463918,0.38516405135520687,0.41512125534950073,0.5443548387096775
4,9,irregular,3,71,266,195,69,2,197,0.971830985915493,0.2593984962406015,0.2669172932330827,0.40949554896142437
4,10,regular,1,1014,1014,0,1005,9,9,0.9911242603550295,0.9911242603550295,1.0,0.9911242603550295
4,10,semiregular,1,818,656,162,630,188,26,0.7701711491442543,0.9603658536585366,1.2469512195121952,0.8548168249660787
4,10,irregular,1,517,247,270,197,320,50,0.38104448742746616,0.7975708502024291,2.0931174089068825,0.5157068062827225
4,10,regular,2,1050,1014,36,1001,49,13,0.9533333333333334,0.9871794871794872,1.0355029585798816,0.9699612403100776
4,10,semiregular,2,936,656,280,650,286,6,0.6944444444444444,0.9908536585365854,1.4268292682926829,0.8165829145728642
4,10,irregular,2,1677,247,1430,247,1430,0,0.14728682170542637,1.0,6.7894736842105265,0.25675675675675674
4,10,regular,3,941,1014,73,916,25,98,0.973432518597237,0.903353057199211,0.928007889546351,0.937084398976982
4,10,semiregular,3,384,656,272,375,9,281,0.9765625,0.5716463414634146,0.5853658536585366,0.721153846153846
4,10,irregular,3,148,247,99,111,37,136,0.75,0.4493927125506073,0.5991902834008097,0.5620253164556961
4,11,regular,1,1070,1070,0,1063,7,7,0.9934579439252337,0.9934579439252337,1.0,0.9934579439252337
4,11,semiregular,1,871,700,171,676,195,24,0.7761194029850746,0.9657142857142857,1.2442857142857142,0.8605983450031828
4,11,irregular,1,590,239,351,181,409,58,0.30677966101694915,0.7573221757322176,2.4686192468619246,0.436670687575392
4,11,regular,2,1,1070,1069,0,1,1070,-1,-1,0.0009345794392523365,-1
4,11,semiregular,2,2,700,698,0,2,700,-1,-1,0.002857142857142857,-1
4,11,irregular,2,20,239,219,4,16,235,0.2,0.016736401673640166,0.08368200836820083,0.030888030888030885
4,11,regular,3,668,1070,402,666,2,404,0.9970059880239521,0.6224299065420561,0.6242990654205608,0.7663981588032222
4,11,semiregular,3,290,700,410,279,11,421,0.9620689655172414,0.3985714285714286,0.4142857142857143,0.5636363636363636
4,11,irregular,3,72,239,167,66,6,173,0.9166666666666666,0.27615062761506276,0.301255230125523,0.4244372990353697
4,12,regular,1,996,1007,11,993,3,14,0.9969879518072289,0.9860973187686196,0.9890764647467726,0.9915127309036446
4,12,semiregular,1,884,641,243,617,267,24,0.6979638009049773,0.9625585023400937,1.3790951638065523,0.8091803278688524
4,12,irregular,1,598,204,394,162,436,42,0.2709030100334448,0.7941176470588235,2.9313725490196076,0.40399002493765584
4,12,regular,2,1054,1007,47,1007,47,0,0.9554079696394687,1.0,1.0466732869910627,0.9771955361475012
4,12,semiregular,2,909,641,268,620,289,21,0.682068206820682,0.9672386895475819,1.4180967238689548,0.8
4,12,irregular,2,1078,204,874,200,878,4,0.18552875695732837,0.9803921568627451,5.284313725490196,0.3120124804992199
4,12,regular,3,694,1007,313,694,0,313,1.0,0.689175769612711,0.689175769612711,0.8159905937683716
4,12,semiregular,3,163,641,478,157,6,484,0.9631901840490797,0.24492979719188768,0.2542901716068643,0.390547263681592
4,12,irregular,3,45,204,159,45,0,159,1.0,0.22058823529411764,0.22058823529411764,0.36144578313253006
4,13,regular,1,974,1000,26,971,3,29,0.9969199178644764,0.971,0.974,0.983789260385005
4,13,semiregular,1,914,815,99,773,141,42,0.8457330415754923,0.9484662576687116,1.1214723926380368,0.8941584731058415
4,13,irregular,1,661,216,445,106,555,110,0.16036308623298035,0.49074074074074076,3.060185185185185,0.24173318129988602
4,13,regular,2,972,1000,28,961,11,39,0.9886831275720165,0.961,0.972,0.9746450304259635
4,13,semiregular,2,897,815,82,755,142,60,0.8416945373467113,0.9263803680981595,1.1006134969325154,0.8820093457943925
4,13,irregular,2,1927,216,1711,201,1726,15,0.10430721328489881,0.9305555555555556,8.921296296296296,0.18758749416705553
4,13,regular,3,856,1000,144,856,0,144,1.0,0.856,0.856,0.9224137931034483
4,13,semiregular,3,291,815,524,288,3,527,0.9896907216494846,0.35337423312883437,0.3570552147239264,0.5207956600361664
4,13,irregular,3,114,216,102,51,63,165,0.4473684210526316,0.2361111111111111,0.5277777777777778,0.3090909090909091
4,14,regular,1,1031,1052,21,1029,2,23,0.9980601357904947,0.9781368821292775,0.9800380228136882,0.9879980796927508
4,14,semiregular,1,1143,913,230,891,252,22,0.7795275590551181,0.9759036144578314,1.2519167579408543,0.8667315175097275
4,14,irregular,1,406,217,189,131,275,86,0.3226600985221675,0.6036866359447005,1.8709677419354838,0.420545746388443
4,14,regular,2,1004,1052,48,995,9,57,0.9910358565737052,0.9458174904942965,0.9543726235741445,0.9678988326848249
4,14,semiregular,2,1237,913,324,909,328,4,0.7348423605497171,0.9956188389923329,1.3548740416210296,0.8455813953488373
4,14,irregular,2,975,217,758,166,809,51,0.17025641025641025,0.7649769585253456,4.493087557603687,0.2785234899328859
4,14,regular,3,438,1052,614,436,2,616,0.9954337899543378,0.4144486692015209,0.41634980988593157,0.5852348993288591
4,14,semiregular,3,258,913,655,257,1,656,0.9961240310077519,0.28148959474260676,0.28258488499452356,0.4389410760034158
4,14,irregular,3,5,217,212,4,1,213,0.8,0.018433179723502304,0.02304147465437788,0.036036036036036036
4,15,regular,1,950,964,14,945,5,19,0.9947368421052631,0.9802904564315352,0.9854771784232366,0.987460815047022
4,15,semiregular,1,888,774,114,744,144,30,0.8378378378378378,0.9612403100775194,1.1472868217054264,0.8953068592057762
4,15,irregular,1,620,218,402,151,469,67,0.2435483870967742,0.6926605504587156,2.8440366972477062,0.36038186157517904
4,15,regular,2,121,964,843,120,1,844,0.9917355371900827,0.12448132780082988,0.12551867219917012,0.22119815668202766
4,15,semiregular,2,384,774,390,322,62,452,0.8385416666666666,0.4160206718346253,0.49612403100775193,0.5561312607944733
4,15,irregular,2,420,218,202,55,365,163,0.13095238095238096,0.25229357798165136,1.926605504587156,0.1724137931034483
4,15,regular,3,630,964,334,630,0,334,1.0,0.6535269709543569,0.6535269709543569,0.7904642409033877
4,15,semiregular,3,257,774,517,255,2,519,0.9922178988326849,0.32945736434108525,0.33204134366925064,0.49466537342386036
4,15,irregular,3,76,218,142,42,34,176,0.5526315789473685,0.1926605504587156,0.3486238532110092,0.2857142857142857
4,16,regular,1,1087,1109,22,1084,3,25,0.9972401103955841,0.9774571686203787,0.9801623083859333,0.9872495446265939
4,16,semiregular,1,725,681,44,586,139,95,0.8082758620689655,0.8604992657856094,1.064610866372981,0.833570412517781
4,16,irregular,1,239,272,33,122,117,150,0.5104602510460251,0.4485294117647059,0.8786764705882353,0.4774951076320939
4,16,regular,2,995,1109,114,990,5,119,0.9949748743718593,0.8926961226330027,0.8972046889089269,0.94106463878327
4,16,semiregular,2,550,681,131,457,93,224,0.8309090909090909,0.671071953010279,0.8076358296622613,0.7424857839155159
4,16,irregular,2,771,272,499,240,531,32,0.311284046692607,0.8823529411764706,2.8345588235294117,0.4602109300095878
4,16,regular,3,992,1109,117,991,1,118,0.998991935483871,0.8935978358881875,0.8944995491433724,0.943360304616849
4,16,semiregular,3,369,681,312,354,15,327,0.959349593495935,0.5198237885462555,0.5418502202643172,0.6742857142857143
4,16,irregular,3,122,272,150,92,30,180,0.7540983606557377,0.3382352941176471,0.4485294117647059,0.46700507614213194
4,17,regular,1,1021,1029,8,1017,4,12,0.9960822722820764,0.9883381924198251,0.9922254616132167,0.9921951219512195
4,17,semiregular,1,899,837,62,749,150,88,0.8331479421579533,0.8948626045400239,1.0740740740740742,0.8629032258064516
4,17,irregular,1,308,240,68,113,195,127,0.36688311688311687,0.4708333333333333,1.2833333333333334,0.41240875912408753
4,17,regular,2,1060,1029,31,1022,38,7,0.9641509433962264,0.9931972789115646,1.0301263362487851,0.9784585926280518
4,17,semiregular,2,1052,837,215,811,241,26,0.7709125475285171,0.9689366786140979,1.2568697729988052,0.8586553732133404
4,17,irregular,2,702,240,462,226,476,14,0.32193732193732194,0.9416666666666667,2.925,0.47983014861995754
4,17,regular,3,897,1029,132,896,1,133,0.9988851727982163,0.8707482993197279,0.8717201166180758,0.9304257528556594
4,17,semiregular,3,513,837,324,491,22,346,0.9571150097465887,0.5866188769414575,0.6129032258064516,0.7274074074074075
4,17,irregular,3,103,240,137,98,5,142,0.9514563106796117,0.4083333333333333,0.42916666666666664,0.5714285714285715
4,18,regular,1,1032,1044,12,1027,5,17,0.9951550387596899,0.9837164750957854,0.9885057471264368,0.9894026974951831
4,18,semiregular,1,866,801,65,736,130,65,0.8498845265588915,0.9188514357053683,1.0811485642946317,0.8830233953209358
4,18,irregular,1,263,252,11,133,130,119,0.5057034220532319,0.5277777777777778,1.0436507936507937,0.5165048543689321
4,18,regular,2,1022,1044,22,1015,7,29,0.9931506849315068,0.9722222222222222,0.9789272030651341,0.9825750242013553
4,18,semiregular,2,967,801,166,771,196,30,0.7973112719751809,0.9625468164794008,1.2072409488139826,0.8721719457013574
4,18,irregular,2,1307,252,1055,245,1062,7,0.1874521805661821,0.9722222222222222,5.186507936507937,0.31430404105195636
4,18,regular,3,893,1044,151,892,1,152,0.9988801791713325,0.8544061302681992,0.8553639846743295,0.9210118740320082
4,18,semiregular,3,397,801,404,387,10,414,0.9748110831234257,0.48314606741573035,0.49563046192259674,0.6460767946577629
4,18,irregular,3,143,252,109,124,19,128,0.8671328671328671,0.49206349206349204,0.5674603174603174,0.6278481012658227
4,19,regular,1,1100,1076,24,1067,33,9,0.97,0.991635687732342,1.0223048327137547,0.9806985294117647
4,19,semiregular,1,844,753,91,694,150,59,0.8222748815165877,0.9216467463479415,1.1208499335989375,0.8691296180338134
4,19,irregular,1,359,245,114,160,199,85,0.4456824512534819,0.6530612244897959,1.4653061224489796,0.5298013245033112
4,19,regular,2,1057,1076,19,1045,12,31,0.988647114474929,0.9711895910780669,0.9823420074349443,0.9798406000937646
4,19,semiregular,2,904,753,151,734,170,19,0.8119469026548672,0.9747675962815405,1.200531208499336,0.8859384429692215
4,19,irregular,2,1129,245,884,235,894,10,0.20814880425155005,0.9591836734693877,4.608163265306122,0.34206695778748186
4,19,regular,3,860,1076,216,859,1,217,0.9988372093023256,0.7983271375464684,0.7992565055762082,0.887396694214876
4,19,semiregular,3,334,753,419,324,10,429,0.9700598802395209,0.4302788844621514,0.4435590969455511,0.5961361545538179
4,19,irregular,3,102,245,143,86,16,159,0.8431372549019608,0.3510204081632653,0.4163265306122449,0.4956772334293949
4,20,regular,1,1163,1251,88,1155,8,96,0.9931212381771282,0.9232613908872902,0.929656274980016,0.9569179784589893
4,20,semiregular,1,983,841,142,786,197,55,0.7995930824008138,0.9346016646848989,1.16884661117717,0.8618421052631579
4,20,irregular,1,690,252,438,167,523,85,0.24202898550724639,0.6626984126984127,2.738095238095238,0.35456475583864117
4,20,regular,2,1155,1251,96,1133,22,118,0.9809523809523809,0.9056754596322941,0.9232613908872902,0.941812136325852
4,20,semiregular,2,1323,841,482,838,485,3,0.6334089191232048,0.9964328180737217,1.573127229488704,0.7744916820702403
4,20,irregular,2,1538,252,1286,252,1286,0,0.16384915474642392,1.0,6.103174603174603,0.28156424581005585
4,20,regular,3,902,1251,349,902,0,349,1.0,0.7210231814548361,0.7210231814548361,0.8379006038086391
4,20,semiregular,3,306,841,535,288,18,553,0.9411764705882353,0.34244946492271106,0.3638525564803805,0.5021795989537925
4,20,irregular,3,97,252,155,72,25,180,0.7422680412371134,0.2857142857142857,0.38492063492063494,0.41260744985673353
4,21,regular,1,942,920,22,916,26,4,0.9723991507430998,0.9956521739130435,1.0239130434782608,0.9838882921589688
4,21,semiregular,1,870,549,321,526,344,23,0.6045977011494252,0.9581056466302368,1.5846994535519126,0.7413671599718111
4,21,irregular,1,375,204,171,144,231,60,0.384,0.7058823529411765,1.838235294117647,0.4974093264248705
4,21,regular,2,920,920,0,904,16,16,0.9826086956521739,0.9826086956521739,1.0,0.9826086956521739
4,21,semiregular,2,926,549,377,540,386,9,0.5831533477321814,0.9836065573770492,1.686703096539162,0.7322033898305086
4,21,irregular,2,687,204,483,179,508,25,0.26055312954876275,0.8774509803921569,3.3676470588235294,0.4017957351290685
4,21,regular,3,531,920,389,531,0,389,1.0,0.5771739130434783,0.5771739130434783,0.7319090282563749
4,21,semiregular,3,205,549,344,193,12,356,0.9414634146341463,0.35154826958105645,0.37340619307832423,0.5119363395225465
4,21,irregular,3,54,204,150,53,1,151,0.9814814814814815,0.25980392156862747,0.2647058823529412,0.4108527131782946
4,22,regular,1,996,946,50,944,52,2,0.9477911646586346,0.9978858350951374,1.0528541226215644,0.972193614830072
4,22,semiregular,1,854,703,151,655,199,48,0.7669789227166276,0.9317211948790897,1.2147937411095306,0.8413615928066795
4,22,irregular,1,715,247,468,196,519,51,0.27412587412587414,0.7935222672064778,2.8947368421052633,0.40748440748440745
4,22,regular,2,960,946,14,928,32,18,0.9666666666666667,0.9809725158562368,1.014799154334038,0.9737670514165792
4,22,semiregular,2,1008,703,305,696,312,7,0.6904761904761905,0.9900426742532006,1.433854907539118,0.8135593220338984
4,22,irregular,2,1440,247,1193,246,1194,1,0.17083333333333334,0.9959514170040485,5.82995951417004,0.2916419679905157
4,22,regular,3,770,946,176,770,0,176,1.0,0.813953488372093,0.813953488372093,0.8974358974358974
4,22,semiregular,3,370,703,333,367,3,336,0.9918918918918919,0.5220483641536273,0.5263157894736842,0.6840633737185461
4,22,irregular,3,45,247,202,42,3,205,0.9333333333333333,0.1700404858299595,0.18218623481781376,0.2876712328767123
4,23,regular,1,1063,999,64,997,66,2,0.9379115710253998,0.997997997997998,1.0640640640640642,0.9670223084384093
4,23,semiregular,1,1184,835,349,811,373,24,0.6849662162162162,0.9712574850299401,1.4179640718562874,0.8033680039623575
4,23,irregular,1,852,266,586,136,716,130,0.1596244131455399,0.5112781954887218,3.2030075187969924,0.24329159212880141
4,23,regular,2,961,999,38,910,51,89,0.9469302809573361,0.9109109109109109,0.9619619619619619,0.9285714285714285
4,23,semiregular,2,1055,835,220,804,251,31,0.762085308056872,0.962874251497006,1.2634730538922156,0.8507936507936508
4,23,irregular,2,2373,266,2107,266,2107,0,0.11209439528023599,1.0,8.921052631578947,0.2015915119363395
4,23,regular,3,935,999,64,932,3,67,0.9967914438502674,0.9329329329329329,0.9359359359359359,0.9638055842812822
4,23,semiregular,3,399,835,436,379,20,456,0.949874686716792,0.4538922155688623,0.47784431137724553,0.6142625607779578
4,23,irregular,3,91,266,175,69,22,197,0.7582417582417582,0.2593984962406015,0.34210526315789475,0.38655462184873945
4,24,regular,1,1076,1079,3,1058,18,21,0.983271375464684,0.9805375347544022,0.9972196478220574,0.9819025522041764
4,24,semiregular,1,764,680,84,641,123,39,0.8390052356020943,0.9426470588235294,1.1235294117647059,0.8878116343490304
4,24,irregular,1,877,247,630,164,713,83,0.18700114025085518,0.6639676113360324,3.5506072874493926,0.2918149466192171
4,24,regular,2,1035,1079,44,1013,22,66,0.978743961352657,0.9388322520852641,0.959221501390176,0.9583727530747398
4,24,semiregular,2,799,680,119,663,136,17,0.8297872340425532,0.975,1.175,0.896551724137931
4,24,irregular,2,1839,247,1592,247,1592,0,0.1343121261555193,1.0,7.445344129554656,0.23681687440076699
4,24,regular,3,814,1079,265,812,2,267,0.9975429975429976,0.752548656163114,0.7544022242817423,0.8578975171685156
4,24,semiregular,3,340,680,340,331,9,349,0.9735294117647059,0.48676470588235293,0.5,0.6490196078431373
4,24,irregular,3,96,247,151,89,7,158,0.9270833333333334,0.3603238866396761,0.38866396761133604,0.5189504373177842
4,25,regular,1,942,946,4,937,5,9,0.994692144373673,0.9904862579281184,0.9957716701902748,0.9925847457627119
4,25,semiregular,1,886,718,168,677,209,41,0.7641083521444695,0.9428969359331476,1.233983286908078,0.844139650872818
4,25,irregular,1,1238,207,1031,124,1114,83,0.10016155088852989,0.5990338164251208,5.980676328502415,0.1716262975778547
4,25,regular,2,920,946,26,910,10,36,0.9891304347826086,0.9619450317124736,0.9725158562367865,0.9753483386923901
4,25,semiregular,2,745,718,27,541,204,177,0.7261744966442953,0.7534818941504178,1.0376044568245126,0.7395762132604238
4,25,irregular,2,923,207,716,13,910,194,0.014084507042253521,0.06280193236714976,4.458937198067633,0.023008849557522127
4,25,regular,3,421,946,525,421,0,525,1.0,0.4450317124735729,0.4450317124735729,0.6159473299195318
4,25,semiregular,3,37,718,681,37,0,681,1.0,0.05153203342618384,0.05153203342618384,0.09801324503311257
4,25,irregular,3,33,207,174,3,30,204,0.09090909090909091,0.014492753623188406,0.15942028985507245,0.025
4,26,regular,1,995,985,10,973,22,12,0.9778894472361809,0.9878172588832488,1.0101522842639594,0.9828282828282829
4,26,semiregular,1,911,720,191,691,220,29,0.7585071350164654,0.9597222222222223,1.2652777777777777,0.8473329245861435
4,26,irregular,1,964,214,750,181,783,33,0.18775933609958506,0.8457943925233645,4.5046728971962615,0.30730050933786085
4,26,regular,2,1020,985,35,985,35,0,0.9656862745098039,1.0,1.0355329949238579,0.9825436408977556
4,26,semiregular,2,1307,720,587,716,591,4,0.5478194338179035,0.9944444444444445,1.8152777777777778,0.7064627528367045
4,26,irregular,2,1802,214,1588,214,1588,0,0.11875693673695893,1.0,8.42056074766355,0.2123015873015873
4,26,regular,3,396,985,589,396,0,589,1.0,0.4020304568527919,0.4020304568527919,0.5734974656046343
4,26,semiregular,3,145,720,575,128,17,592,0.8827586206896552,0.17777777777777778,0.2013888888888889,0.2959537572254335
4,26,irregular,3,61,214,153,43,18,171,0.7049180327868853,0.20093457943925233,0.2850467289719626,0.31272727272727274
4,27,regular,1,1145,1166,21,1142,3,24,0.9973799126637555,0.9794168096054888,0.9819897084048027,0.9883167459974038
4,27,semiregular,1,948,728,220,699,249,29,0.7373417721518988,0.9601648351648352,1.3021978021978022,0.834128878281623
4,27,irregular,1,1930,270,1660,224,1706,46,0.11606217616580311,0.8296296296296296,7.148148148148148,0.20363636363636367
4,27,regular,2,1132,1166,34,1113,19,53,0.9832155477031802,0.9545454545454546,0.9708404802744426,0.968668407310705
4,27,semiregular,2,987,728,259,715,272,13,0.7244174265450861,0.9821428571428571,1.3557692307692308,0.8338192419825073
4,27,irregular,2,2010,270,1740,249,1761,21,0.12388059701492538,0.9222222222222223,7.444444444444445,0.21842105263157893
4,27,regular,3,1035,1166,131,1035,0,131,1.0,0.8876500857632933,0.8876500857632933,0.9404815992730577
4,27,semiregular,3,287,728,441,284,3,444,0.9895470383275261,0.3901098901098901,0.3942307692307692,0.5596059113300492
4,27,irregular,3,102,270,168,97,5,173,0.9509803921568627,0.3592592592592593,0.37777777777777777,0.521505376344086
4,28,regular,1,1064,1098,34,1054,10,44,0.9906015037593985,0.9599271402550091,0.9690346083788707,0.9750231267345051
4,28,semiregular,1,991,859,132,815,176,44,0.822401614530777,0.9487776484284052,1.1536670547147847,0.8810810810810811
4,28,irregular,1,1994,293,1701,245,1749,48,0.12286860581745236,0.8361774744027304,6.805460750853243,0.21425448185395715
4,28,regular,2,1075,1098,23,1050,25,48,0.9767441860465116,0.9562841530054644,0.9790528233151184,0.966405890473999
4,28,semiregular,2,1059,859,200,836,223,23,0.789423984891407,0.9732246798603027,1.2328288707799768,0.8717413972888425
4,28,irregular,2,1312,293,1019,250,1062,43,0.19054878048780488,0.8532423208191127,4.477815699658703,0.3115264797507788
4,28,regular,3,580,1098,518,580,0,518,1.0,0.5282331511839709,0.5282331511839709,0.6912991656734208
4,28,semiregular,3,228,859,631,223,5,636,0.9780701754385965,0.259604190919674,0.26542491268917345,0.4103035878564857
4,28,irregular,3,75,293,218,30,45,263,0.4,0.10238907849829351,0.25597269624573377,0.16304347826086957
4,29,regular,1,1136,1140,4,1131,5,9,0.9955985915492958,0.9921052631578947,0.9964912280701754,0.9938488576449912
4,29,semiregular,1,1213,869,344,855,358,14,0.7048639736191261,0.9838895281933256,1.3958573072497122,0.8213256484149856
4,29,irregular,1,1294,247,1047,205,1089,42,0.15842349304482226,0.8299595141700404,5.238866396761134,0.26606099935107075
4,29,regular,2,1108,1140,32,1096,12,44,0.9891696750902527,0.9614035087719298,0.9719298245614035,0.9750889679715302
4,29,semiregular,2,1229,869,360,848,381,21,0.6899918633034988,0.9758342922899885,1.4142692750287686,0.8083889418493804
4,29,irregular,2,1622,247,1375,244,1378,3,0.1504315659679408,0.9878542510121457,6.566801619433198,0.26110219368646337
4,29,regular,3,640,1140,500,640,0,500,1.0,0.5614035087719298,0.5614035087719298,0.7191011235955056
4,29,semiregular,3,321,869,548,312,9,557,0.9719626168224299,0.35903337169159955,0.3693901035673188,0.5243697478991597
4,29,irregular,3,55,247,192,54,1,193,0.9818181818181818,0.21862348178137653,0.22267206477732793,0.3576158940397351
4,30,regular,1,977,997,20,968,9,29,0.9907881269191402,0.970912738214644,0.9799398194583752,0.9807497467071935
4,30,semiregular,1,895,810,85,755,140,55,0.8435754189944135,0.9320987654320988,1.1049382716049383,0.8856304985337243
4,30,irregular,1,1321,250,1071,208,1113,42,0.15745647236941712,0.832,5.284,0.2647994907702101
4,30,regular,2,964,997,33,956,8,41,0.991701244813278,0.958876629889669,0.966900702106319,0.9750127485976543
4,30,semiregular,2,1005,810,195,798,207,12,0.7940298507462686,0.9851851851851852,1.2407407407407407,0.8793388429752066
4,30,irregular,2,613,250,363,217,396,33,0.3539967373572594,0.868,2.452,0.5028968713789108
4,30,regular,3,809,997,188,809,0,188,1.0,0.8114343029087262,0.8114343029087262,0.8959025470653377
4,30,semiregular,3,436,810,374,423,13,387,0.9701834862385321,0.5222222222222223,0.5382716049382716,0.6789727126805779
4,30,irregular,3,41,250,209,39,2,211,0.9512195121951219,0.156,0.164,0.26804123711340205
5,1,regular,1,938,937,1,928,10,9,0.9893390191897654,0.9903948772678762,1.0010672358591248,0.9898666666666667
5,1,semiregular,1,1049,703,346,693,356,10,0.6606291706387035,0.9857752489331437,1.492176386913229,0.7910958904109588
5,1,irregular,1,306,199,107,118,188,81,0.38562091503267976,0.592964824120603,1.5376884422110553,0.4673267326732673
5,1,regular,2,986,937,49,916,70,21,0.9290060851926978,0.9775880469583778,1.0522945570971185,0.9526781071242849
5,1,semiregular,2,1194,703,491,701,493,2,0.5871021775544388,0.9971550497866287,1.6984352773826459,0.739061676331049
5,1,irregular,2,1045,199,846,199,846,0,0.19043062200956937,1.0,5.251256281407035,0.319935691318328
5,1,regular,3,915,937,22,853,62,84,0.9322404371584699,0.9103521878335112,0.9765208110992529,0.9211663066954645
5,1,semiregular,3,990,703,287,663,327,40,0.6696969696969697,0.9431009957325747,1.4082503556187767,0.783225044300059
5,1,irregular,3,947,199,748,189,758,10,0.19957761351636746,0.949748743718593,4.758793969849246,0.3298429319371728
5,2,regular,1,1200,1224,24,1191,9,33,0.9925,0.9730392156862745,0.9803921568627451,0.9826732673267328
5,2,semiregular,1,768,647,121,622,146,25,0.8098958333333334,0.9613601236476044,1.187017001545595,0.8791519434628977
5,2,irregular,1,896,217,679,159,737,58,0.17745535714285715,0.7327188940092166,4.129032258064516,0.28571428571428575
5,2,regular,2,1255,1224,31,1218,37,6,0.9705179282868526,0.9950980392156863,1.0253267973856208,0.9826542960871318
5,2,semiregular,2,868,647,221,647,221,0,0.7453917050691244,1.0,1.3415765069551777,0.8541254125412541
5,2,irregular,2,1462,217,1245,217,1245,0,0.1484268125854993,1.0,6.7373271889400925,0.258487194758785
5,2,regular,3,1037,1224,187,1028,9,196,0.991321118611379,0.8398692810457516,0.8472222222222222,0.9093321539141973
5,2,semiregular,3,335,647,312,307,28,340,0.9164179104477612,0.47449768160741884,0.517774343122102,0.6252545824847251
5,2,irregular,3,1117,217,900,143,974,74,0.12802148612354522,0.6589861751152074,5.147465437788019,0.2143928035982009
5,3,regular,1,1036,1053,17,1026,10,27,0.9903474903474904,0.9743589743589743,0.9838556505223172,0.9822881761608424
5,3,semiregular,1,913,716,197,698,215,18,0.764512595837897,0.9748603351955307,1.2751396648044693,0.8569674647022714
5,3,irregular,1,931,224,707,184,747,40,0.19763694951664876,0.8214285714285714,4.15625,0.31861471861471863
5,3,regular,2,1052,1053,1,1036,16,17,0.9847908745247148,0.9838556505223172,0.9990503323836657,0.9843230403800475
5,3,semiregular,2,768,716,52,592,176,124,0.7708333333333334,0.8268156424581006,1.0726256983240223,0.7978436657681941
5,3,irregular,2,100,224,124,51,49,173,0.51,0.22767857142857142,0.44642857142857145,0.3148148148148148
5,3,regular,3,909,1053,144,898,11,155,0.9878987898789879,0.8528015194681862,0.8632478632478633,0.9153924566768603
5,3,semiregular,3,538,716,178,476,62,240,0.8847583643122676,0.664804469273743,0.7513966480446927,0.7591706539074959
5,3,irregular,3,755,224,531,172,583,52,0.22781456953642384,0.7678571428571429,3.3705357142857144,0.3513789581205311
5,4,regular,1,1131,1101,30,1097,34,4,0.9699381078691424,0.9963669391462306,1.0272479564032697,0.9829749103942651
5,4,semiregular,1,794,614,180,558,236,56,0.7027707808564232,0.9087947882736156,1.293159609120521,0.7926136363636364
5,4,irregular,1,336,228,108,118,218,110,0.35119047619047616,0.5175438596491229,1.4736842105263157,0.41843971631205673
5,4,regular,2,1182,1101,81,1101,81,0,0.9314720812182741,1.0,1.0735694822888284,0.964520367936925
5,4,semiregular,2,987,614,373,613,374,1,0.6210739614994935,0.998371335504886,1.6074918566775245,0.7657713928794503
5,4,irregular,2,1432,228,1204,228,1204,0,0.15921787709497207,1.0,6.280701754385965,0.2746987951807229
5,4,regular,3,5,1101,1096,1,4,1100,0.2,0.0009082652134423251,0.004541326067211626,0.0018083182640144663
5,4,semiregular,3,36,614,578,8,28,606,0.2222222222222222,0.013029315960912053,0.05863192182410423,0.024615384615384615
5,4,irregular,3,747,228,519,6,741,222,0.008032128514056224,0.02631578947368421,3.276315789473684,0.012307692307692306
5,5,regular,1,1053,1044,9,1042,11,2,0.9895536562203229,0.9980842911877394,1.0086206896551724,0.9938006676204101
5,5,semiregular,1,1039,668,371,663,376,5,0.6381135707410972,0.9925149700598802,1.5553892215568863,0.7768014059753953
5,5,irregular,1,1103,217,886,175,928,42,0.1586582048957389,0.8064516129032258,5.082949308755761,0.2651515151515152
5,5,regular,2,1056,1044,12,1040,16,4,0.9848484848484849,0.9961685823754789,1.0114942528735633,0.9904761904761905
5,5,semiregular,2,979,668,311,639,340,29,0.6527068437180796,0.9565868263473054,1.465568862275449,0.7759562841530054
5,5,irregular,2,228,217,11,26,202,191,0.11403508771929824,0.11981566820276497,1.0506912442396312,0.11685393258426964
5,5,regular,3,883,1044,161,880,3,164,0.9966024915062288,0.842911877394636,0.8457854406130269,0.9133367929423976
5,5,semiregular,3,655,668,13,504,151,164,0.7694656488549618,0.7544910179640718,0.9805389221556886,0.761904761904762
5,5,irregular,3,1444,217,1227,216,1228,1,0.14958448753462603,0.9953917050691244,6.654377880184332,0.2600842865743528
5,6,regular,1,948,915,33,911,37,4,0.9609704641350211,0.9956284153005465,1.0360655737704918,0.9779924852388621
5,6,semiregular,1,784,701,83,615,169,86,0.7844387755102041,0.8773181169757489,1.1184022824536377,0.8282828282828283
5,6,irregular,1,728,195,533,109,619,86,0.14972527472527472,0.558974358974359,3.7333333333333334,0.2361863488624052
5,6,regular,2,984,915,69,914,70,1,0.9288617886178862,0.9989071038251366,1.0754098360655737,0.9626119010005265
5,6,semiregular,2,909,701,208,684,225,17,0.7524752475247525,0.9757489300998573,1.296718972895863,0.849689440993789
5,6,irregular,2,639,195,444,152,487,43,0.2378716744913928,0.7794871794871795,3.276923076923077,0.3645083932853717
5,6,regular,3,364,915,551,332,32,583,0.9120879120879121,0.3628415300546448,0.3978142076502732,0.5191555903049256
5,6,semiregular,3,197,701,504,156,41,545,0.7918781725888325,0.2225392296718973,0.2810271041369472,0.3474387527839644
5,6,irregular,3,477,195,282,45,432,150,0.09433962264150944,0.23076923076923078,2.4461538461538463,0.13392857142857142
5,7,regular,1,1226,1230,4,1215,11,15,0.9910277324632952,0.9878048780487805,0.9967479674796748,0.989413680781759
5,7,semiregular,1,1009,761,248,723,286,38,0.7165510406342914,0.9500657030223391,1.325886990801577,0.816949152542373
5,7,irregular,1,600,225,375,100,500,125,0.16666666666666666,0.4444444444444444,2.6666666666666665,0.24242424242424243
5,7,regular,2,1208,1230,22,1184,24,46,0.9801324503311258,0.9626016260162602,0.9821138211382113,0.9712879409351929
5,7,semiregular,2,960,761,199,660,300,101,0.6875,0.8672798948751642,1.2614980289093298,0.7669959325973272
5,7,irregular,2,1862,225,1637,223,1639,2,0.11976369495166488,0.9911111111111112,8.275555555555556,0.21370388116914232
5,7,regular,3,1050,1230,180,1032,18,198,0.9828571428571429,0.8390243902439024,0.8536585365853658,0.9052631578947368
5,7,semiregular,3,609,761,152,504,105,257,0.8275862068965517,0.6622864651773982,0.8002628120893561,0.7357664233576643
5,7,irregular,3,1153,225,928,161,992,64,0.1396357328707719,0.7155555555555555,5.124444444444444,0.23367198838896955
5,8,regular,1,1031,1035,4,1019,12,16,0.988360814742968,0.9845410628019323,0.996135265700483,0.9864472410454985
5,8,semiregular,1,870,827,43,701,169,126,0.8057471264367816,0.8476420798065296,1.0519951632406288,0.826163818503241
5,8,irregular,1,695,243,452,136,559,107,0.19568345323741007,0.5596707818930041,2.860082304526749,0.2899786780383795
5,8,regular,2,773,1035,262,766,7,269,0.9909443725743855,0.740096618357488,0.7468599033816425,0.8473451327433628
5,8,semiregular,2,695,827,132,576,119,251,0.8287769784172662,0.6964933494558646,0.8403869407496977,0.7568988173455979
5,8,irregular,2,1540,243,1297,48,1492,195,0.03116883116883117,0.19753086419753085,6.337448559670782,0.0538418395961862
5,8,regular,3,949,1035,86,943,6,92,0.9936775553213909,0.9111111111111111,0.9169082125603865,0.9506048387096774
5,8,semiregular,3,412,827,415,366,46,461,0.8883495145631068,0.44256348246674726,0.49818621523579204,0.5907990314769975
5,8,irregular,3,628,243,385,115,513,128,0.18312101910828024,0.4732510288065844,2.5843621399176953,0.26406429391504016
5,9,regular,1,1095,1107,12,1089,6,18,0.9945205479452055,0.983739837398374,0.989159891598916,0.9891008174386922
5,9,semiregular,1,697,701,4,616,81,85,0.8837876614060258,0.8787446504992867,0.9942938659058488,0.8812589413447782
5,9,irregular,1,508,266,242,153,355,113,0.30118110236220474,0.575187969924812,1.9097744360902256,0.39534883720930236
5,9,regular,2,1108,1107,1,1092,16,15,0.9855595667870036,0.986449864498645,1.000903342366757,0.9860045146726862
5,9,semiregular,2,813,701,112,671,142,30,0.8253382533825339,0.9572039942938659,1.159771754636234,0.8863936591809776
5,9,irregular,2,1810,266,1544,262,1548,4,0.14475138121546963,0.9849624060150376,6.804511278195489,0.2524084778420039
5,9,regular,3,873,1107,234,858,15,249,0.9828178694158075,0.7750677506775068,0.7886178861788617,0.8666666666666666
5,9,semiregular,3,269,701,432,227,42,474,0.8438661710037175,0.3238231098430813,0.38373751783166904,0.4680412371134021
5,9,irregular,3,1372,266,1106,149,1223,117,0.10860058309037901,0.5601503759398496,5.157894736842105,0.18192918192918192
5,10,regular,1,1020,1014,6,1004,16,10,0.984313725490196,0.9901380670611439,1.0059171597633136,0.9872173058013767
5,10,semiregular,1,826,656,170,632,194,24,0.7651331719128329,0.9634146341463414,1.2591463414634145,0.8529014844804318
5,10,irregular,1,1013,247,766,225,788,22,0.22211253701875616,0.9109311740890689,4.101214574898785,0.35714285714285715
5,10,regular,2,1118,1014,104,1014,104,0,0.9069767441860465,1.0,1.1025641025641026,0.951219512195122
5,10,semiregular,2,965,656,309,651,314,5,0.6746113989637306,0.9923780487804879,1.4710365853658536,0.8032078963602715
5,10,irregular,2,1565,247,1318,247,1318,0,0.15782747603833866,1.0,6.336032388663968,0.2726269315673289
5,10,regular,3,580,1014,434,561,19,453,0.9672413793103448,0.5532544378698225,0.571992110453649,0.7038895859473024
5,10,semiregular,3,600,656,56,512,88,144,0.8533333333333334,0.7804878048780488,0.9146341463414634,0.8152866242038218
5,10,irregular,3,881,247,634,241,640,6,0.2735527809307605,0.9757085020242915,3.5668016194331984,0.42730496453900707
5,11,regular,1,1087,1070,17,1063,24,7,0.9779208831646734,0.9934579439252337,1.0158878504672897,0.985628187297172
5,11,semiregular,1,818,700,118,651,167,49,0.7958435207823961,0.93,1.1685714285714286,0.8577075098814229
5,11,irregular,1,976,239,737,176,800,63,0.18032786885245902,0.7364016736401674,4.083682008368201,0.28971193415637864
5,11,regular,2,111,1070,959,105,6,965,0.9459459459459459,0.09813084112149532,0.10373831775700934,0.17781541066892464
5,11,semiregular,2,241,700,459,185,56,515,0.7676348547717843,0.2642857142857143,0.3442857142857143,0.3931987247608927
5,11,irregular,2,370,239,131,24,346,215,0.06486486486486487,0.100418410041841,1.5481171548117154,0.0788177339901478
5,11,regular,3,784,1070,286,777,7,293,0.9910714285714286,0.7261682242990655,0.7327102803738318,0.8381877022653723
5,11,semiregular,3,552,700,148,429,123,271,0.7771739130434783,0.6128571428571429,0.7885714285714286,0.6853035143769969
5,11,irregular,3,554,239,315,125,429,114,0.22563176895306858,0.5230125523012552,2.3179916317991633,0.3152585119798234
5,12,regular,1,1016,1007,9,1006,10,1,0.9901574803149606,0.9990069513406157,1.008937437934459,0.9945625308947109
5,12,semiregular,1,874,641,233,605,269,36,0.6922196796338673,0.9438377535101404,1.3634945397815912,0.7986798679867987
5,12,irregular,1,945,204,741,166,779,38,0.17566137566137566,0.8137254901960784,4.632352941176471,0.288946910356832
5,12,regular,2,1118,1007,111,1007,111,0,0.9007155635062611,1.0,1.1102284011916583,0.947764705882353
5,12,semiregular,2,990,641,349,630,360,11,0.6363636363636364,0.982839313572543,1.5444617784711387,0.7725321888412017
5,12,irregular,2,1433,204,1229,204,1229,0,0.1423586880669923,1.0,7.0245098039215685,0.24923640806353084
5,12,regular,3,440,1007,567,433,7,574,0.9840909090909091,0.4299900695134062,0.4369414101290963,0.598479612992398
5,12,semiregular,3,172,641,469,125,47,516,0.7267441860465116,0.19500780031201248,0.26833073322932915,0.3075030750307503
5,12,irregular,3,963,204,759,70,893,134,0.07268951194184839,0.3431372549019608,4.720588235294118,0.11996572407883463
5,13,regular,1,990,1000,10,987,3,13,0.996969696969697,0.987,0.99,0.9919597989949748
5,13,semiregular,1,931,815,116,770,161,45,0.8270676691729323,0.9447852760736196,1.1423312883435583,0.8820160366552119
5,13,irregular,1,1071,216,855,81,990,135,0.07563025210084033,0.375,4.958333333333333,0.12587412587412586
5,13,regular,2,1050,1000,50,1000,50,0,0.9523809523809523,1.0,1.05,0.975609756097561
5,13,semiregular,2,1007,815,192,787,220,28,0.7815292949354519,0.9656441717791411,1.2355828220858895,0.8638858397365533
5,13,irregular,2,2238,216,2022,212,2026,4,0.09472743521000894,0.9814814814814815,10.36111111111111,0.17277913610431947
5,13,regular,3,920,1000,80,909,11,91,0.9880434782608696,0.909,0.92,0.946875
5,13,semiregular,3,411,815,404,330,81,485,0.8029197080291971,0.4049079754601227,0.5042944785276073,0.5383360522022839
5,13,irregular,3,873,216,657,85,788,131,0.09736540664375716,0.39351851851851855,4.041666666666667,0.1561065197428834
5,14,regular,1,1046,1052,6,1044,2,8,0.9980879541108987,0.9923954372623575,0.9942965779467681,0.9952335557673975
5,14,semiregular,1,1190,913,277,887,303,26,0.7453781512605042,0.9715224534501643,1.303395399780942,0.8435568235853542
5,14,irregular,1,658,217,441,132,526,85,0.2006079027355623,0.6082949308755761,3.032258064516129,0.3017142857142857
5,14,regular,2,1056,1052,4,1046,10,6,0.990530303030303,0.9942965779467681,1.0038022813688212,0.9924098671726755
5,14,semiregular,2,1274,913,361,912,362,1,0.7158555729984302,0.9989047097480832,1.3953997809419496,0.8340192043895748
5,14,irregular,2,1323,217,1106,161,1162,56,0.12169312169312169,0.7419354838709677,6.096774193548387,0.20909090909090908
5,14,regular,3,401,1052,651,399,2,653,0.9950124688279302,0.37927756653992395,0.3811787072243346,0.5492085340674466
5,14,semiregular,3,244,913,669,223,21,690,0.9139344262295082,0.244249726177437,0.2672508214676889,0.38547968885047534
5,14,irregular,3,12,217,205,2,10,215,0.16666666666666666,0.009216589861751152,0.055299539170506916,0.017467248908296946
5,15,regular,1,955,964,9,947,8,17,0.9916230366492147,0.9823651452282157,0.9906639004149378,0.9869723814486713
5,15,semiregular,1,948,774,174,754,194,20,0.7953586497890295,0.9741602067183462,1.2248062015503876,0.8757259001161439
5,15,irregular,1,1013,218,795,170,843,48,0.16781836130306022,0.7798165137614679,4.646788990825688,0.27619821283509344
5,15,regular,2,237,964,727,232,5,732,0.9789029535864979,0.24066390041493776,0.245850622406639,0.3863447127393838
5,15,semiregular,2,678,774,96,542,136,232,0.799410029498525,0.7002583979328165,0.875968992248062,0.7465564738292011
5,15,irregular,2,1111,218,893,112,999,106,0.10081008100810081,0.5137614678899083,5.0963302752293576,0.16854778028592926
5,15,regular,3,779,964,185,773,6,191,0.9922978177150192,0.8018672199170125,0.808091286307054,0.8869764773379232
5,15,semiregular,3,657,774,117,558,99,216,0.8493150684931506,0.7209302325581395,0.8488372093023255,0.779874213836478
5,15,irregular,3,444,218,226,145,299,73,0.32657657657657657,0.6651376146788991,2.036697247706422,0.4380664652567976
5,16,regular,1,1078,1109,31,1071,7,38,0.9935064935064936,0.9657348963029756,0.9720468890892696,0.9794238683127572
5,16,semiregular,1,789,681,108,618,171,63,0.7832699619771863,0.9074889867841409,1.158590308370044,0.8408163265306122
5,16,irregular,1,604,272,332,168,436,104,0.2781456953642384,0.6176470588235294,2.2205882352941178,0.3835616438356164
5,16,regular,2,1151,1109,42,1108,43,1,0.9626411815812337,0.9990982867448152,1.0378719567177637,0.9805309734513274
5,16,semiregular,2,712,681,31,547,165,134,0.7682584269662921,0.8032305433186491,1.0455212922173274,0.7853553481694184
5,16,irregular,2,1197,272,925,269,928,3,0.2247284878863826,0.9889705882352942,4.400735294117647,0.36623553437712725
5,16,regular,3,1115,1109,6,1095,20,14,0.9820627802690582,0.9873760144274121,1.005410279531109,0.9847122302158273
5,16,semiregular,3,881,681,200,663,218,18,0.7525539160045402,0.973568281938326,1.2936857562408224,0.8489116517285531
5,16,irregular,3,821,272,549,262,559,10,0.31912302070645554,0.9632352941176471,3.0183823529411766,0.4794144556267154
5,17,regular,1,1039,1029,10,1028,11,1,0.9894128970163619,0.9990281827016521,1.0097181729834792,0.9941972920696326
5,17,semiregular,1,938,837,101,760,178,77,0.8102345415778252,0.9080047789725209,1.1206690561529271,0.856338028169014
5,17,irregular,1,506,240,266,103,403,137,0.20355731225296442,0.42916666666666664,2.1083333333333334,0.2761394101876675
5,17,regular,2,1063,1029,34,1029,34,0,0.9680150517403575,1.0,1.033041788143829,0.9837476099426385
5,17,semiregular,2,1002,837,165,799,203,38,0.7974051896207585,0.954599761051374,1.1971326164874552,0.8689505165851007
5,17,irregular,2,1481,240,1241,238,1243,2,0.16070222822417285,0.9916666666666667,6.170833333333333,0.27658338175479374
5,17,regular,3,927,1029,102,916,11,113,0.9881337648327939,0.8901846452866861,0.9008746355685131,0.9366053169734152
5,17,semiregular,3,620,837,217,538,82,299,0.867741935483871,0.6427718040621266,0.7407407407407407,0.7385037748798902
5,17,irregular,3,1105,240,865,149,956,91,0.134841628959276,0.6208333333333333,4.604166666666667,0.22156133828996283
5,18,regular,1,1060,1044,16,1041,19,3,0.9820754716981132,0.9971264367816092,1.0153256704980842,0.9895437262357414
5,18,semiregular,1,948,801,147,761,187,40,0.8027426160337553,0.9500624219725343,1.1835205992509363,0.8702115494568324
5,18,irregular,1,586,252,334,158,428,94,0.2696245733788396,0.626984126984127,2.3253968253968256,0.37708830548926014
5,18,regular,2,1047,1044,3,1033,14,11,0.9866284622731614,0.9894636015325671,1.0028735632183907,0.9880439980870397
5,18,semiregular,2,1006,801,205,779,227,22,0.7743538767395626,0.9725343320848939,1.2559300873907615,0.862202545655783
5,18,irregular,2,1420,252,1168,251,1169,1,0.17676056338028168,0.996031746031746,5.634920634920635,0.3002392344497607
5,18,regular,3,577,1044,467,567,10,477,0.9826689774696707,0.5431034482758621,0.5526819923371648,0.6995681677976557
5,18,semiregular,3,575,801,226,503,72,298,0.8747826086956522,0.6279650436953808,0.717852684144819,0.7311046511627906
5,18,irregular,3,1216,252,964,203,1013,49,0.1669407894736842,0.8055555555555556,4.825396825396825,0.276566757493188
5,19,regular,1,1090,1076,14,1065,25,11,0.9770642201834863,0.9897769516728625,1.013011152416357,0.9833795013850416
5,19,semiregular,1,869,753,116,704,165,49,0.810126582278481,0.9349269588313412,1.154050464807437,0.8680641183723797
5,19,irregular,1,599,245,354,155,444,90,0.2587646076794658,0.6326530612244898,2.4448979591836735,0.36729857819905215
5,19,regular,2,1127,1076,51,1074,53,2,0.9529724933451642,0.9981412639405205,1.0473977695167287,0.9750340444847936
5,19,semiregular,2,978,753,225,740,238,13,0.7566462167689162,0.9827357237715804,1.298804780876494,0.854997111496245
5,19,irregular,2,1242,245,997,244,998,1,0.1964573268921095,0.9959183673469387,5.069387755102041,0.32817753866846
5,19,regular,3,903,1076,173,894,9,182,0.9900332225913622,0.8308550185873605,0.8392193308550185,0.9034866093986862
5,19,semiregular,3,759,753,6,622,137,131,0.8194993412384717,0.8260292164674635,1.0079681274900398,0.8227513227513228
5,19,irregular,3,842,245,597,148,694,97,0.17577197149643706,0.6040816326530613,3.436734693877551,0.2723091076356946
5,20,regular,1,1220,1251,31,1212,8,39,0.9934426229508196,0.9688249400479616,0.9752198241406874,0.98097936058276
5,20,semiregular,1,925,841,84,757,168,84,0.8183783783783783,0.9001189060642093,1.0998810939357908,0.8573046432616082
5,20,irregular,1,486,252,234,105,381,147,0.21604938271604937,0.4166666666666667,1.9285714285714286,0.2845528455284552
5,20,regular,2,1259,1251,8,1228,31,23,0.9753772835583797,0.9816147082334132,1.006394884092726,0.9784860557768924
5,20,semiregular,2,1242,841,401,837,405,4,0.6739130434782609,0.995243757431629,1.4768133174791915,0.8036485837734038
5,20,irregular,2,1657,252,1405,251,1406,1,0.15147857573928786,0.996031746031746,6.575396825396825,0.26296490309062337
5,20,regular,3,899,1251,352,886,13,365,0.985539488320356,0.7082334132693845,0.718625099920064,0.824186046511628
5,20,semiregular,3,507,841,334,428,79,413,0.8441814595660749,0.5089179548156956,0.6028537455410226,0.6350148367952523
5,20,irregular,3,467,252,215,130,337,122,0.278372591006424,0.5158730158730159,1.8531746031746033,0.3616133518776078
5,21,regular,1,949,920,29,917,32,3,0.9662802950474183,0.9967391304347826,1.0315217391304348,0.9812734082397003
5,21,semiregular,1,915,549,366,525,390,24,0.5737704918032787,0.9562841530054644,1.6666666666666667,0.7172131147540983
5,21,irregular,1,581,204,377,149,432,55,0.25645438898450945,0.7303921568627451,2.8480392156862746,0.37961783439490443
5,21,regular,2,973,920,53,920,53,0,0.9455292908530318,1.0,1.057608695652174,0.9720021130480718
5,21,semiregular,2,990,549,441,542,448,7,0.5474747474747474,0.9872495446265938,1.8032786885245902,0.7043534762833009
5,21,irregular,2,1061,204,857,199,862,5,0.1875589066918002,0.9754901960784313,5.200980392156863,0.31462450592885377
5,21,regular,3,234,920,686,228,6,692,0.9743589743589743,0.24782608695652175,0.2543478260869565,0.3951473136915078
5,21,semiregular,3,292,549,257,192,100,357,0.6575342465753424,0.34972677595628415,0.5318761384335154,0.45659928656361476
5,21,irregular,3,638,204,434,96,542,108,0.15047021943573669,0.47058823529411764,3.127450980392157,0.2280285035629454
5,22,regular,1,978,946,32,943,35,3,0.9642126789366053,0.9968287526427061,1.0338266384778012,0.9802494802494802
5,22,semiregular,1,792,703,89,626,166,77,0.7904040404040404,0.8904694167852063,1.1266002844950214,0.8374581939799332
5,22,irregular,1,982,247,735,204,778,43,0.20773930753564154,0.8259109311740891,3.9757085020242915,0.33197721724979656
5,22,regular,2,1028,946,82,946,82,0,0.9202334630350194,1.0,1.0866807610993658,0.9584599797365755
5,22,semiregular,2,1104,703,401,698,406,5,0.6322463768115942,0.9928876244665719,1.570412517780939,0.7725511898173769
5,22,irregular,2,1519,247,1272,247,1272,0,0.16260697827518103,1.0,6.149797570850202,0.27972819932049825
5,22,regular,3,836,946,110,816,20,130,0.9760765550239234,0.8625792811839323,0.8837209302325582,0.9158249158249159
5,22,semiregular,3,763,703,60,594,169,109,0.7785058977719528,0.844950213371266,1.085348506401138,0.8103683492496588
5,22,irregular,3,400,247,153,109,291,138,0.2725,0.44129554655870445,1.6194331983805668,0.3369397217928903
5,23,regular,1,1030,999,31,994,36,5,0.9650485436893204,0.994994994994995,1.031031031031031,0.9797930014785609
5,23,semiregular,1,920,835,85,738,182,97,0.8021739130434783,0.8838323353293414,1.1017964071856288,0.8410256410256411
5,23,irregular,1,467,266,201,73,394,193,0.15631691648822268,0.2744360902255639,1.755639097744361,0.19918144611186905
5,23,regular,2,1004,999,5,954,50,45,0.950199203187251,0.954954954954955,1.005005005005005,0.9525711432850724
5,23,semiregular,2,1125,835,290,821,304,14,0.7297777777777777,0.9832335329341317,1.347305389221557,0.8377551020408164
5,23,irregular,2,2481,266,2215,266,2215,0,0.10721483272873841,1.0,9.327067669172932,0.1936658172551875
5,23,regular,3,508,999,491,498,10,501,0.9803149606299213,0.4984984984984985,0.5085085085085085,0.6609157266091572
5,23,semiregular,3,270,835,565,219,51,616,0.8111111111111111,0.2622754491017964,0.32335329341317365,0.39638009049773754
5,23,irregular,3,480,266,214,100,380,166,0.20833333333333334,0.37593984962406013,1.8045112781954886,0.26809651474530827
5,24,regular,1,1083,1079,4,1068,15,11,0.9861495844875346,0.989805375347544,1.0037071362372567,0.9879740980573541
5,24,semiregular,1,753,680,73,643,110,37,0.8539176626826029,0.9455882352941176,1.1073529411764707,0.8974180041870203
5,24,irregular,1,1228,247,981,140,1088,107,0.11400651465798045,0.5668016194331984,4.97165991902834,0.18983050847457628
5,24,regular,2,1093,1079,14,1069,24,10,0.9780420860018298,0.9907321594068582,1.0129749768303986,0.9843462246777165
5,24,semiregular,2,839,680,159,675,164,5,0.8045292014302742,0.9926470588235294,1.2338235294117648,0.8887425938117182
5,24,irregular,2,1980,247,1733,247,1733,0,0.12474747474747475,1.0,8.016194331983806,0.22182308037718904
5,24,regular,3,711,1079,368,704,7,375,0.9901547116736991,0.6524559777571826,0.6589434661723819,0.7865921787709497
5,24,semiregular,3,471,680,209,409,62,271,0.8683651804670913,0.6014705882352941,0.6926470588235294,0.7106863596872284
5,24,irregular,3,273,247,26,120,153,127,0.43956043956043955,0.48582995951417,1.105263157894737,0.46153846153846156
5,25,regular,1,959,946,13,944,15,2,0.9843587069864442,0.9978858350951374,1.0137420718816068,0.9910761154855644
5,25,semiregular,1,906,718,188,680,226,38,0.7505518763796909,0.947075208913649,1.2618384401114207,0.8374384236453202
5,25,irregular,1,1443,207,1236,147,1296,60,0.10187110187110188,0.7101449275362319,6.971014492753623,0.1781818181818182
5,25,regular,2,950,946,4,935,15,11,0.9842105263157894,0.9883720930232558,1.0042283298097252,0.9862869198312236
5,25,semiregular,2,827,718,109,625,202,93,0.7557436517533253,0.8704735376044568,1.1518105849582172,0.8090614886731392
5,25,irregular,2,1574,207,1367,92,1482,115,0.05844980940279543,0.4444444444444444,7.603864734299517,0.10331274564851207
5,25,regular,3,417,946,529,411,6,535,0.9856115107913669,0.43446088794926,0.4408033826638478,0.603081438004402
5,25,semiregular,3,176,718,542,141,35,577,0.8011363636363636,0.19637883008356546,0.24512534818941503,0.31543624161073824
5,25,irregular,3,1485,207,1278,39,1446,168,0.026262626262626262,0.18840579710144928,7.173913043478261,0.04609929078014184
5,26,regular,1,1018,985,33,983,35,2,0.9656188605108055,0.9979695431472081,1.033502538071066,0.981527708437344
5,26,semiregular,1,893,720,173,676,217,44,0.7569988801791714,0.9388888888888889,1.2402777777777778,0.838189708617483
5,26,irregular,1,1253,214,1039,193,1060,21,0.15403032721468476,0.9018691588785047,5.855140186915888,0.2631220177232448
5,26,regular,2,1001,985,16,974,27,11,0.973026973026973,0.9888324873096447,1.016243654822335,0.9808660624370594
5,26,semiregular,2,800,720,80,601,199,119,0.75125,0.8347222222222223,1.1111111111111112,0.7907894736842105
5,26,irregular,2,1549,214,1335,206,1343,8,0.1329890251775339,0.9626168224299065,7.238317757009346,0.23369256948383435
5,26,regular,3,6,985,979,2,4,983,0.3333333333333333,0.0020304568527918783,0.006091370558375634,0.004036326942482342
5,26,semiregular,3,36,720,684,19,17,701,0.5277777777777778,0.02638888888888889,0.05,0.05026455026455026
5,26,irregular,3,1202,214,988,27,1175,187,0.022462562396006656,0.1261682242990654,5.616822429906542,0.03813559322033898
5,27,regular,1,1132,1166,34,1117,15,49,0.9867491166077739,0.9579759862778731,0.9708404802744426,0.9721496953872932
5,27,semiregular,1,886,728,158,666,220,62,0.7516930022573364,0.9148351648351648,1.217032967032967,0.8252788104089219
5,27,irregular,1,1804,270,1534,228,1576,42,0.12638580931263857,0.8444444444444444,6.681481481481481,0.21986499517839922
5,27,regular,2,1183,1166,17,1161,22,5,0.981403212172443,0.9957118353344768,1.0145797598627788,0.9885057471264369
5,27,semiregular,2,1041,728,313,723,318,5,0.6945244956772334,0.9931318681318682,1.429945054945055,0.8174109666478235
5,27,irregular,2,2246,270,1976,264,1982,6,0.11754229741763135,0.9777777777777777,8.318518518518518,0.2098569157392687
5,27,regular,3,1094,1166,72,1084,10,82,0.9908592321755028,0.9296740994854202,0.9382504288164666,0.9592920353982302
5,27,semiregular,3,807,728,79,657,150,71,0.8141263940520446,0.9024725274725275,1.1085164835164836,0.8560260586319218
5,27,irregular,3,1402,270,1132,254,1148,16,0.181169757489301,0.9407407407407408,5.192592592592592,0.3038277511961722
5,28,regular,1,1067,1098,31,1054,13,44,0.9878163074039362,0.9599271402550091,0.9717668488160291,0.9736720554272517
5,28,semiregular,1,945,859,86,786,159,73,0.8317460317460318,0.9150174621653085,1.1001164144353899,0.8713968957871397
5,28,irregular,1,1673,293,1380,215,1458,78,0.12851165570830841,0.7337883959044369,5.709897610921502,0.21871820956256358
5,28,regular,2,1127,1098,29,1096,31,2,0.9724933451641526,0.9981785063752276,1.0264116575591986,0.9851685393258427
5,28,semiregular,2,1063,859,204,838,225,21,0.7883349012229539,0.9755529685681025,1.2374854481955762,0.8720083246618106
5,28,irregular,2,1965,293,1672,274,1691,19,0.13944020356234096,0.9351535836177475,6.706484641638225,0.24269264836138174
5,28,regular,3,480,1098,618,478,2,620,0.9958333333333333,0.4353369763205829,0.4371584699453552,0.6058301647655261
5,28,semiregular,3,267,859,592,235,32,624,0.8801498127340824,0.27357392316647267,0.3108265424912689,0.41740674955595036
5,28,irregular,3,1486,293,1193,109,1377,184,0.07335127860026917,0.3720136518771331,5.071672354948806,0.12254075323215288
5,29,regular,1,1143,1140,3,1137,6,3,0.994750656167979,0.9973684210526316,1.0026315789473683,0.9960578186596584
5,29,semiregular,1,1254,869,385,855,399,14,0.6818181818181818,0.9838895281933256,1.4430379746835442,0.8054639660857277
5,29,irregular,1,1278,247,1031,188,1090,59,0.14710485133020346,0.7611336032388664,5.174089068825911,0.24655737704918035
5,29,regular,2,1138,1140,2,1126,12,14,0.9894551845342706,0.987719298245614,0.9982456140350877,0.9885864793678665
5,29,semiregular,2,1239,869,370,848,391,21,0.6844229217110573,0.9758342922899885,1.425776754890679,0.8045540796963947
5,29,irregular,2,1749,247,1502,243,1506,4,0.13893653516295026,0.9838056680161943,7.080971659919029,0.2434869739478958
5,29,regular,3,394,1140,746,393,1,747,0.9974619289340102,0.3447368421052632,0.3456140350877193,0.5123859191655802
5,29,semiregular,3,630,869,239,528,102,341,0.8380952380952381,0.6075949367088608,0.7249712313003452,0.704469646430954
5,29,irregular,3,245,247,2,85,160,162,0.3469387755102041,0.3441295546558704,0.9919028340080972,0.34552845528455284
5,30,regular,1,992,997,5,983,9,14,0.9909274193548387,0.9859578736208626,0.9949849548645938,0.9884364002011062
5,30,semiregular,1,911,810,101,751,160,59,0.8243688254665203,0.9271604938271605,1.1246913580246913,0.872748402091807
5,30,irregular,1,1216,250,966,192,1024,58,0.15789473684210525,0.768,4.864,0.26193724420190995
5,30,regular,2,1020,997,23,997,23,0,0.9774509803921568,1.0,1.0230692076228687,0.9885969261279127
5,30,semiregular,2,1075,810,265,804,271,6,0.747906976744186,0.9925925925925926,1.3271604938271604,0.8530503978779841
5,30,irregular,2,1719,250,1469,238,1481,12,0.13845258871436883,0.952,6.876,0.24174707973590656
5,30,regular,3,823,997,174,816,7,181,0.991494532199271,0.8184553660982948,0.8254764292878636,0.8967032967032967
5,30,semiregular,3,692,810,118,604,88,206,0.8728323699421965,0.745679012345679,0.854320987654321,0.8042609853528628
5,30,irregular,3,8,250,242,2,6,248,0.25,0.008,0.032,0.015503875968992248
