Test fold number,Subject,Gait,Sensor,Predicted,Actual,Difference,TP,FP,FN,PPV,Sensitivity,RCA,SDA
1,1,regular,1,930,937,7,904,26,33,0.9720430107526882,0.9647812166488794,0.9925293489861259,0.9683985002678093
1,1,semiregular,1,1068,703,365,698,370,5,0.653558052434457,0.9928876244665719,1.5192034139402562,0.7882552230378317
1,1,irregular,1,771,199,572,197,574,2,0.25551232166018156,0.9899497487437185,3.8743718592964824,0.4061855670103092
1,1,regular,2,1038,937,101,937,101,0,0.9026974951830443,1.0,1.1077908217716115,0.948860759493671
1,1,semiregular,2,1168,703,465,701,467,2,0.6001712328767124,0.9971550497866287,1.6614509246088194,0.7493319080705506
1,1,irregular,2,1064,199,865,199,865,0,0.18703007518796994,1.0,5.346733668341709,0.31512272367379257
1,1,regular,3,728,937,209,682,46,255,0.9368131868131868,0.727854855923159,0.7769477054429029,0.8192192192192191
1,1,semiregular,3,738,703,35,561,177,142,0.7601626016260162,0.7980085348506402,1.0497866287339972,0.7786259541984734
1,1,irregular,3,755,199,556,171,584,28,0.22649006622516557,0.8592964824120602,3.7939698492462313,0.3584905660377359
1,2,regular,1,1144,1224,80,1134,10,90,0.9912587412587412,0.9264705882352942,0.934640522875817,0.9577702702702703
1,2,semiregular,1,754,647,107,632,122,15,0.8381962864721485,0.9768160741885626,1.1653786707882534,0.9022127052105638
1,2,irregular,1,1158,217,941,210,948,7,0.18134715025906736,0.967741935483871,5.336405529953917,0.3054545454545455
1,2,regular,2,1301,1224,77,1224,77,0,0.940814757878555,1.0,1.0629084967320261,0.9695049504950495
1,2,semiregular,2,846,647,199,647,199,0,0.764775413711584,1.0,1.3075734157650696,0.8667113194909579
1,2,irregular,2,1505,217,1288,217,1288,0,0.14418604651162792,1.0,6.935483870967742,0.2520325203252033
1,2,regular,3,1141,1224,83,1130,11,94,0.9903593339176161,0.923202614379085,0.9321895424836601,0.9556025369978858
1,2,semiregular,3,710,647,63,618,92,29,0.8704225352112676,0.955177743431221,1.0973724884080371,0.9108327192336035
1,2,irregular,3,1060,217,843,212,848,5,0.2,0.9769585253456221,4.88479262672811,0.33202819107282694
1,3,regular,1,1024,1053,29,1021,3,32,0.9970703125,0.9696106362773029,0.9724596391263058,0.9831487722676938
1,3,semiregular,1,908,716,192,703,205,13,0.7742290748898678,0.9818435754189944,1.2681564245810055,0.8657635467980296
1,3,irregular,1,1072,224,848,217,855,7,0.20242537313432835,0.96875,4.785714285714286,0.3348765432098765
1,3,regular,2,992,1053,61,989,3,64,0.9969758064516129,0.9392212725546059,0.9420702754036088,0.9672371638141808
1,3,semiregular,2,875,716,159,687,188,29,0.7851428571428571,0.9594972067039106,1.2220670391061452,0.8636077938403519
1,3,irregular,2,934,224,710,220,714,4,0.23554603854389722,0.9821428571428571,4.169642857142857,0.3799654576856649
1,3,regular,3,942,1053,111,939,3,114,0.9968152866242038,0.8917378917378918,0.8945868945868946,0.9413533834586466
1,3,semiregular,3,676,716,40,557,119,159,0.8239644970414202,0.7779329608938548,0.9441340782122905,0.8002873563218391
1,3,irregular,3,1114,224,890,187,927,37,0.16786355475763015,0.8348214285714286,4.973214285714286,0.2795216741405082
1,4,regular,1,1101,1101,0,1089,12,12,0.989100817438692,0.989100817438692,1.0,0.989100817438692
1,4,semiregular,1,832,614,218,591,241,23,0.7103365384615384,0.9625407166123778,1.3550488599348534,0.8174273858921162
1,4,irregular,1,1039,228,811,224,815,4,0.21559191530317612,0.9824561403508771,4.557017543859649,0.3535911602209944
1,4,regular,2,1166,1101,65,1101,65,0,0.9442538593481989,1.0,1.0590372388737512,0.9713277459197176
1,4,semiregular,2,1020,614,406,614,406,0,0.6019607843137255,1.0,1.6612377850162867,0.7515299877600978
1,4,irregular,2,1535,228,1307,228,1307,0,0.1485342019543974,1.0,6.732456140350878,0.25865002836074874
1,4,regular,3,997,1101,104,987,10,114,0.9899699097291875,0.896457765667575,0.9055404178019982,0.9408960915157294
1,4,semiregular,3,816,614,202,589,227,25,0.7218137254901961,0.9592833876221498,1.3289902280130292,0.8237762237762236
1,4,irregular,3,1187,228,959,225,962,3,0.18955349620893008,0.9868421052631579,5.206140350877193,0.31802120141342755
1,5,regular,1,1014,1044,30,1011,3,33,0.9970414201183432,0.9683908045977011,0.9712643678160919,0.9825072886297376
1,5,semiregular,1,1010,668,342,664,346,4,0.6574257425742575,0.9940119760479041,1.5119760479041917,0.7914183551847438
1,5,irregular,1,1328,217,1111,215,1113,2,0.16189759036144577,0.9907834101382489,6.119815668202765,0.2783171521035599
1,5,regular,2,1024,1044,20,1020,4,24,0.99609375,0.9770114942528736,0.9808429118773946,0.9864603481624759
1,5,semiregular,2,1021,668,353,664,357,4,0.6503428011753183,0.9940119760479041,1.528443113772455,0.7862640615748964
1,5,irregular,2,1208,217,991,217,991,0,0.17963576158940397,1.0,5.566820276497696,0.3045614035087719
1,5,regular,3,914,1044,130,912,2,132,0.9978118161925602,0.8735632183908046,0.8754789272030651,0.9315628192032687
1,5,semiregular,3,802,668,134,581,221,87,0.7244389027431422,0.8697604790419161,1.2005988023952097,0.7904761904761904
1,5,irregular,3,1177,217,960,195,982,22,0.16567544604927784,0.8986175115207373,5.423963133640553,0.27977044476327123
1,6,regular,1,916,915,1,885,31,30,0.9661572052401747,0.9672131147540983,1.0010928961748633,0.9666848716548335
1,6,semiregular,1,828,701,127,663,165,38,0.8007246376811594,0.9457917261055635,1.181169757489301,0.8672334859385219
1,6,irregular,1,1164,195,969,177,987,18,0.15206185567010308,0.9076923076923077,5.969230769230769,0.260485651214128
1,6,regular,2,1005,915,90,915,90,0,0.9104477611940298,1.0,1.098360655737705,0.953125
1,6,semiregular,2,968,701,267,685,283,16,0.7076446280991735,0.9771754636233951,1.3808844507845934,0.8208508088675854
1,6,irregular,2,1286,195,1091,195,1091,0,0.15163297045101087,1.0,6.5948717948717945,0.26333558406482105
1,6,regular,3,859,915,56,829,30,86,0.9650756693830035,0.9060109289617486,0.9387978142076503,0.9346110484780158
1,6,semiregular,3,751,701,50,602,149,99,0.8015978695073236,0.8587731811697575,1.0713266761768903,0.8292011019283746
1,6,irregular,3,1202,195,1007,188,1014,7,0.15640599001663893,0.9641025641025641,6.164102564102564,0.2691481746599857
1,7,regular,1,1282,1230,52,1227,55,3,0.9570982839313572,0.9975609756097561,1.0422764227642276,0.9769108280254776
1,7,semiregular,1,714,761,47,580,134,181,0.8123249299719888,0.7621550591327201,0.938239159001314,0.7864406779661017
1,7,irregular,1,1101,225,876,133,968,92,0.12079927338782924,0.5911111111111111,4.8933333333333335,0.20060331825037708
1,7,regular,2,1170,1230,60,1158,12,72,0.9897435897435898,0.9414634146341463,0.9512195121951219,0.9650000000000001
1,7,semiregular,2,1066,761,305,756,310,5,0.7091932457786116,0.9934296977660972,1.4007884362680683,0.8275862068965517
1,7,irregular,2,1860,225,1635,224,1636,1,0.12043010752688173,0.9955555555555555,8.266666666666667,0.21486810551558758
1,7,regular,3,1081,1230,149,1073,8,157,0.9925994449583718,0.8723577235772357,0.8788617886178862,0.9286023366508005
1,7,semiregular,3,909,761,148,686,223,75,0.7546754675467546,0.9014454664914586,1.1944809461235217,0.821556886227545
1,7,irregular,3,1536,225,1311,215,1321,10,0.13997395833333334,0.9555555555555556,6.826666666666667,0.24417944349801252
1,8,regular,1,1013,1035,22,1004,9,31,0.9911154985192497,0.970048309178744,0.978743961352657,0.9804687499999999
1,8,semiregular,1,993,827,166,784,209,43,0.7895266868076536,0.9480048367593712,1.2007255139056832,0.8615384615384615
1,8,irregular,1,1594,243,1351,218,1376,25,0.13676286072772897,0.897119341563786,6.559670781893004,0.23734349482852474
1,8,regular,2,980,1035,55,970,10,65,0.9897959183673469,0.9371980676328503,0.9468599033816425,0.9627791563275435
1,8,semiregular,2,1051,827,224,808,243,19,0.768791627021884,0.9770253929866989,1.2708585247883917,0.8604898828541
1,8,irregular,2,1960,243,1717,234,1726,9,0.11938775510204082,0.9629629629629629,8.065843621399177,0.21243758511121197
1,8,regular,3,950,1035,85,943,7,92,0.9926315789473684,0.9111111111111111,0.9178743961352657,0.9501259445843828
1,8,semiregular,3,858,827,31,713,145,114,0.831002331002331,0.8621523579201935,1.037484885126965,0.8462908011869437
1,8,irregular,3,1643,243,1400,225,1418,18,0.13694461351186854,0.9259259259259259,6.761316872427984,0.23860021208907742
1,9,regular,1,1075,1107,32,1069,6,38,0.9944186046511628,0.9656729900632339,0.971093044263776,0.9798350137488543
1,9,semiregular,1,739,701,38,643,96,58,0.8700947225981055,0.9172610556348074,1.0542082738944365,0.8930555555555555
1,9,irregular,1,1280,266,1014,232,1048,34,0.18125,0.8721804511278195,4.81203007518797,0.3001293661060802
1,9,regular,2,1111,1107,4,1100,11,7,0.9900990099009901,0.993676603432701,1.003613369467028,0.9918845807033364
1,9,semiregular,2,827,701,126,673,154,28,0.8137847642079806,0.9600570613409415,1.1797432239657633,0.8808900523560209
1,9,irregular,2,1855,266,1589,266,1589,0,0.14339622641509434,1.0,6.973684210526316,0.2508250825082508
1,9,regular,3,968,1107,139,963,5,144,0.9948347107438017,0.8699186991869918,0.8744354110207768,0.9281927710843373
1,9,semiregular,3,663,701,38,597,66,104,0.9004524886877828,0.8516405135520685,0.9457917261055635,0.8753665689149561
1,9,irregular,3,1345,266,1079,241,1104,25,0.17918215613382898,0.9060150375939849,5.056390977443609,0.2991930477963997
1,10,regular,1,1013,1014,1,994,19,20,0.981243830207305,0.980276134122288,0.9990138067061144,0.9807597434632461
1,10,semiregular,1,849,656,193,644,205,12,0.7585394581861012,0.9817073170731707,1.2942073170731707,0.8558139534883722
1,10,irregular,1,1283,247,1036,247,1036,0,0.19251753702260327,1.0,5.194331983805668,0.322875816993464
1,10,regular,2,1076,1014,62,1011,65,3,0.9395910780669146,0.9970414201183432,1.0611439842209074,0.9674641148325358
1,10,semiregular,2,952,656,296,649,303,7,0.6817226890756303,0.989329268292683,1.451219512195122,0.8072139303482587
1,10,irregular,2,1442,247,1195,247,1195,0,0.17128987517337033,1.0,5.838056680161944,0.29248075784487865
1,10,regular,3,812,1014,202,794,18,220,0.9778325123152709,0.7830374753451677,0.8007889546351085,0.8696604600219058
1,10,semiregular,3,556,656,100,490,66,166,0.8812949640287769,0.7469512195121951,0.8475609756097561,0.8085808580858085
1,10,irregular,3,785,247,538,196,589,51,0.24968152866242038,0.7935222672064778,3.1781376518218623,0.3798449612403101
1,11,regular,1,1067,1070,3,1063,4,7,0.9962511715089035,0.9934579439252337,0.997196261682243,0.9948525970987365
1,11,semiregular,1,889,700,189,684,205,16,0.7694038245219348,0.9771428571428571,1.27,0.8609188168659534
1,11,irregular,1,1232,239,993,225,1007,14,0.18262987012987014,0.9414225941422594,5.154811715481172,0.3059143439836846
1,11,regular,2,898,1070,172,895,3,175,0.9966592427616926,0.8364485981308412,0.8392523364485981,0.9095528455284553
1,11,semiregular,2,823,700,123,655,168,45,0.795868772782503,0.9357142857142857,1.1757142857142857,0.8601444517399868
1,11,irregular,2,1172,239,933,217,955,22,0.18515358361774745,0.9079497907949791,4.903765690376569,0.30758327427356486
1,11,regular,3,897,1070,173,894,3,176,0.9966555183946488,0.8355140186915888,0.8383177570093457,0.9089984748347737
1,11,semiregular,3,769,700,69,610,159,90,0.7932379713914174,0.8714285714285714,1.0985714285714285,0.8304969366916269
1,11,irregular,3,1213,239,974,221,992,18,0.18219291014014838,0.9246861924686193,5.075313807531381,0.3044077134986226
1,12,regular,1,1010,1007,3,1005,5,2,0.995049504950495,0.9980139026812314,1.002979145978153,0.9965294992563213
1,12,semiregular,1,902,641,261,625,277,16,0.6929046563192904,0.9750390015600624,1.4071762870514821,0.8101101749837977
1,12,irregular,1,1316,204,1112,202,1114,2,0.1534954407294833,0.9901960784313726,6.450980392156863,0.2657894736842105
1,12,regular,2,1160,1007,153,1007,153,0,0.868103448275862,1.0,1.1519364448857994,0.9293954776188279
1,12,semiregular,2,1065,641,424,634,431,7,0.5953051643192488,0.9890795631825273,1.6614664586583463,0.7432590855803048
1,12,irregular,2,1489,204,1285,204,1285,0,0.13700470114170585,1.0,7.299019607843137,0.2409923213230951
1,12,regular,3,909,1007,98,905,4,102,0.9955995599559956,0.8987090367428004,0.9026812313803376,0.9446764091858038
1,12,semiregular,3,800,641,159,583,217,58,0.72875,0.9095163806552262,1.24804992199688,0.8091603053435114
1,12,irregular,3,1239,204,1035,202,1037,2,0.16303470540758677,0.9901960784313726,6.073529411764706,0.27997227997228
1,13,regular,1,1003,1000,3,995,8,5,0.9920239282153539,0.995,1.003,0.9935097353969046
1,13,semiregular,1,965,815,150,795,170,20,0.8238341968911918,0.9754601226993865,1.1840490797546013,0.8932584269662923
1,13,irregular,1,1823,216,1607,192,1631,24,0.10532089961601755,0.8888888888888888,8.439814814814815,0.18832761157430114
1,13,regular,2,1085,1000,85,1000,85,0,0.9216589861751152,1.0,1.085,0.9592326139088729
1,13,semiregular,2,1046,815,231,813,233,2,0.777246653919694,0.9975460122699387,1.2834355828220858,0.8737238044062332
1,13,irregular,2,2056,216,1840,216,1840,0,0.10505836575875487,1.0,9.518518518518519,0.19014084507042253
1,13,regular,3,647,1000,353,645,2,355,0.9969088098918083,0.645,0.647,0.7832422586520947
1,13,semiregular,3,849,815,34,734,115,81,0.8645465253239105,0.9006134969325154,1.041717791411043,0.8822115384615385
1,13,irregular,3,1498,216,1282,201,1297,15,0.1341789052069426,0.9305555555555556,6.935185185185185,0.23453908984830804
1,14,regular,1,1024,1052,28,1022,2,30,0.998046875,0.9714828897338403,0.973384030418251,0.9845857418111753
1,14,semiregular,1,1166,913,253,901,265,12,0.7727272727272727,0.9868565169769989,1.2771084337349397,0.8667628667628667
1,14,irregular,1,1255,217,1038,210,1045,7,0.16733067729083664,0.967741935483871,5.783410138248848,0.28532608695652173
1,14,regular,2,1104,1052,52,1052,52,0,0.9528985507246377,1.0,1.049429657794677,0.9758812615955473
1,14,semiregular,2,1313,913,400,912,401,1,0.6945925361766946,0.9989047097480832,1.4381161007667032,0.8194070080862534
1,14,irregular,2,1438,217,1221,217,1221,0,0.15090403337969402,1.0,6.626728110599078,0.26223564954682776
1,14,regular,3,895,1052,157,891,4,161,0.9955307262569832,0.846958174904943,0.8507604562737643,0.9152542372881355
1,14,semiregular,3,1066,913,153,848,218,65,0.7954971857410882,0.9288061336254108,1.167579408543264,0.8569984840828702
1,14,irregular,3,1268,217,1051,208,1060,9,0.1640378548895899,0.9585253456221198,5.84331797235023,0.2801346801346801
1,15,regular,1,981,964,17,964,17,0,0.9826707441386341,1.0,1.0176348547717842,0.9912596401028279
1,15,semiregular,1,986,774,212,765,221,9,0.7758620689655172,0.9883720930232558,1.2739018087855296,0.8693181818181817
1,15,irregular,1,1206,218,988,213,993,5,0.17661691542288557,0.9770642201834863,5.532110091743119,0.29915730337078655
1,15,regular,2,850,964,114,847,3,117,0.9964705882352941,0.8786307053941909,0.8817427385892116,0.9338478500551267
1,15,semiregular,2,915,774,141,737,178,37,0.805464480874317,0.9521963824289406,1.182170542635659,0.8727057430432209
1,15,irregular,2,1350,218,1132,217,1133,1,0.16074074074074074,0.9954128440366973,6.192660550458716,0.27678571428571425
1,15,regular,3,842,964,122,839,3,125,0.996437054631829,0.8703319502074689,0.8734439834024896,0.9291251384274639
1,15,semiregular,3,792,774,18,676,116,98,0.8535353535353535,0.8733850129198967,1.0232558139534884,0.8633461047254151
1,15,irregular,3,1142,218,924,208,934,10,0.18213660245183888,0.9541284403669725,5.238532110091743,0.3058823529411765
1,16,regular,1,1149,1109,40,1108,41,1,0.9643167972149695,0.9990982867448152,1.036068530207394,0.9813994685562444
1,16,semiregular,1,890,681,209,663,227,18,0.744943820224719,0.973568281938326,1.3069016152716593,0.8440483768300444
1,16,irregular,1,1039,272,767,242,797,30,0.2329162656400385,0.8897058823529411,3.8198529411764706,0.3691838291380625
1,16,regular,2,1051,1109,58,1041,10,68,0.9904852521408183,0.9386834986474302,0.9477006311992786,0.9638888888888889
1,16,semiregular,2,885,681,204,671,214,10,0.7581920903954802,0.9853157121879589,1.2995594713656389,0.8569604086845467
1,16,irregular,2,1314,272,1042,272,1042,0,0.2070015220700152,1.0,4.830882352941177,0.3430012610340479
1,16,regular,3,972,1109,137,966,6,143,0.9938271604938271,0.8710550045085663,0.8764652840396754,0.928399807784719
1,16,semiregular,3,729,681,48,608,121,73,0.8340192043895748,0.8928046989720999,1.0704845814977975,0.8624113475177305
1,16,irregular,3,969,272,697,247,722,25,0.2549019607843137,0.9080882352941176,3.5625,0.39806607574536657
1,17,regular,1,1051,1029,22,1026,25,3,0.9762131303520457,0.9970845481049563,1.021379980563654,0.9865384615384615
1,17,semiregular,1,930,837,93,760,170,77,0.8172043010752689,0.9080047789725209,1.1111111111111112,0.8602150537634409
1,17,irregular,1,970,240,730,175,795,65,0.18041237113402062,0.7291666666666666,4.041666666666667,0.2892561983471075
1,17,regular,2,1041,1029,12,1023,18,6,0.9827089337175793,0.9941690962099126,1.0116618075801749,0.9884057971014494
1,17,semiregular,2,1063,837,226,818,245,19,0.7695202257761053,0.977299880525687,1.2700119474313023,0.8610526315789474
1,17,irregular,2,1732,240,1492,240,1492,0,0.13856812933025403,1.0,7.216666666666667,0.24340770791075048
1,17,regular,3,946,1029,83,942,4,87,0.9957716701902748,0.9154518950437318,0.9193391642371235,0.9539240506329114
1,17,semiregular,3,842,837,5,724,118,113,0.8598574821852731,0.8649940262843488,1.005973715651135,0.8624181060154853
1,17,irregular,3,1572,240,1332,226,1346,14,0.14376590330788805,0.9416666666666667,6.55,0.24944812362030905
1,18,regular,1,1061,1044,17,1041,20,3,0.9811498586239397,0.9971264367816092,1.0162835249042146,0.9890736342042755
1,18,semiregular,1,993,801,192,781,212,20,0.7865055387713998,0.9750312109862672,1.2397003745318351,0.8706800445930881
1,18,irregular,1,1033,252,781,226,807,26,0.21878025169409487,0.8968253968253969,4.099206349206349,0.3517509727626459
1,18,regular,2,1073,1044,29,1044,29,0,0.972972972972973,1.0,1.0277777777777777,0.9863013698630138
1,18,semiregular,2,1056,801,255,790,266,11,0.7481060606060606,0.9862671660424469,1.3183520599250935,0.8508346795907377
1,18,irregular,2,1402,252,1150,252,1150,0,0.1797432239657632,1.0,5.563492063492063,0.3047158403869407
1,18,regular,3,798,1044,246,795,3,249,0.9962406015037594,0.7614942528735632,0.764367816091954,0.8631921824104234
1,18,semiregular,3,758,801,43,657,101,144,0.866754617414248,0.8202247191011236,0.9463171036204744,0.8428479794740218
1,18,irregular,3,1089,252,837,221,868,31,0.20293847566574838,0.876984126984127,4.321428571428571,0.3296047725577927
1,19,regular,1,1074,1076,2,1066,8,10,0.9925512104283054,0.9907063197026023,0.9981412639405205,0.9916279069767442
1,19,semiregular,1,915,753,162,734,181,19,0.8021857923497268,0.9747675962815405,1.2151394422310757,0.8800959232613909
1,19,irregular,1,964,245,719,227,737,18,0.2354771784232365,0.926530612244898,3.9346938775510205,0.37551695616211744
1,19,regular,2,1151,1076,75,1074,77,2,0.9331016507384883,0.9981412639405205,1.0697026022304832,0.9645262685226763
1,19,semiregular,2,1026,753,273,747,279,6,0.7280701754385965,0.9920318725099602,1.3625498007968126,0.8397976391231029
1,19,irregular,2,1251,245,1006,245,1006,0,0.19584332533972823,1.0,5.106122448979592,0.3275401069518717
1,19,regular,3,847,1076,229,844,3,232,0.9964580873671782,0.7843866171003717,0.7871747211895911,0.8777951118044721
1,19,semiregular,3,709,753,44,605,104,148,0.8533145275035261,0.8034528552456839,0.9415670650730412,0.8276333789329685
1,19,irregular,3,1080,245,835,212,868,33,0.1962962962962963,0.8653061224489796,4.408163265306122,0.32
1,20,regular,1,1192,1251,59,1183,9,68,0.9924496644295302,0.9456434852118305,0.9528377298161471,0.9684813753581661
1,20,semiregular,1,1007,841,166,797,210,44,0.791459781529295,0.9476813317479191,1.197384066587396,0.8625541125541126
1,20,irregular,1,1108,252,856,209,899,43,0.18862815884476533,0.8293650793650794,4.396825396825397,0.3073529411764706
1,20,regular,2,1175,1251,76,1165,10,86,0.9914893617021276,0.9312549960031974,0.9392486011191047,0.9604286892003296
1,20,semiregular,2,1110,841,269,834,276,7,0.7513513513513513,0.9916765755053508,1.319857312722949,0.8549461814454127
1,20,irregular,2,1110,252,858,237,873,15,0.21351351351351353,0.9404761904761905,4.404761904761905,0.3480176211453745
1,20,regular,3,1036,1251,215,1029,7,222,0.9932432432432432,0.8225419664268585,0.8281374900079936,0.89986882378662
1,20,semiregular,3,906,841,65,736,170,105,0.8123620309050773,0.8751486325802615,1.0772889417360285,0.842587292501431
1,20,irregular,3,1060,252,808,211,849,41,0.19905660377358492,0.8373015873015873,4.2063492063492065,0.32164634146341464
1,21,regular,1,931,920,11,918,13,2,0.9860365198711063,0.9978260869565218,1.0119565217391304,0.9918962722852512
1,21,semiregular,1,925,549,376,534,391,15,0.5772972972972973,0.9726775956284153,1.6848816029143898,0.7245590230664857
1,21,irregular,1,1057,204,853,200,857,4,0.1892147587511826,0.9803921568627451,5.181372549019608,0.317208564631245
1,21,regular,2,955,920,35,920,35,0,0.9633507853403142,1.0,1.0380434782608696,0.9813333333333333
1,21,semiregular,2,1032,549,483,545,487,4,0.5281007751937985,0.9927140255009107,1.8797814207650274,0.68943706514864
1,21,irregular,2,1295,204,1091,204,1091,0,0.15752895752895754,1.0,6.348039215686274,0.2721814543028686
1,21,regular,3,824,920,96,821,3,99,0.9963592233009708,0.8923913043478261,0.8956521739130435,0.9415137614678899
1,21,semiregular,3,785,549,236,496,289,53,0.6318471337579618,0.9034608378870674,1.429872495446266,0.7436281859070464
1,21,irregular,3,1183,204,979,198,985,6,0.16737109044801352,0.9705882352941176,5.799019607843137,0.28550829127613553
1,22,regular,1,961,946,15,946,15,0,0.9843912591050988,1.0,1.0158562367864694,0.9921342422653383
1,22,semiregular,1,912,703,209,680,232,23,0.7456140350877193,0.9672830725462305,1.2972972972972974,0.8421052631578948
1,22,irregular,1,1240,247,993,244,996,3,0.1967741935483871,0.9878542510121457,5.020242914979757,0.32817753866846
1,22,regular,2,1058,946,112,946,112,0,0.8941398865784499,1.0,1.1183932346723044,0.9441117764471059
1,22,semiregular,2,1154,703,451,696,458,7,0.6031195840554593,0.9900426742532006,1.6415362731152205,0.7495961227786754
1,22,irregular,2,1609,247,1362,247,1362,0,0.15351149782473586,1.0,6.51417004048583,0.2661637931034483
1,22,regular,3,757,946,189,739,18,207,0.9762219286657859,0.781183932346723,0.8002114164904862,0.8678802113916617
1,22,semiregular,3,843,703,140,624,219,79,0.7402135231316725,0.887624466571835,1.1991465149359886,0.8072445019404916
1,22,irregular,3,1258,247,1011,243,1015,4,0.1931637519872814,0.9838056680161943,5.093117408906883,0.3229235880398671
1,23,regular,1,1029,999,30,996,33,3,0.967930029154519,0.996996996996997,1.03003003003003,0.9822485207100592
1,23,semiregular,1,811,835,24,706,105,129,0.8705302096177558,0.8455089820359282,0.9712574850299401,0.8578371810449575
1,23,irregular,1,913,266,647,137,776,129,0.15005476451259583,0.5150375939849624,3.4323308270676693,0.23240033927056827
1,23,regular,2,1005,999,6,938,67,61,0.9333333333333333,0.938938938938939,1.006006006006006,0.936127744510978
1,23,semiregular,2,1349,835,514,827,522,8,0.6130467012601928,0.9904191616766467,1.6155688622754492,0.7573260073260074
1,23,irregular,2,2936,266,2670,265,2671,1,0.09025885558583106,0.9962406015037594,11.037593984962406,0.16552154903185506
1,23,regular,3,971,999,28,935,36,64,0.9629248197734295,0.9359359359359359,0.9719719719719719,0.9492385786802031
1,23,semiregular,3,955,835,120,756,199,79,0.7916230366492146,0.9053892215568863,1.1437125748502994,0.8446927374301676
1,23,irregular,3,1994,266,1728,254,1740,12,0.12738214643931794,0.9548872180451128,7.496240601503759,0.22477876106194689
1,24,regular,1,1092,1079,13,1078,14,1,0.9871794871794872,0.9990732159406858,1.0120481927710843,0.9930907415937356
1,24,semiregular,1,776,680,96,665,111,15,0.8569587628865979,0.9779411764705882,1.1411764705882352,0.9134615384615384
1,24,irregular,1,1572,247,1325,224,1348,23,0.14249363867684478,0.9068825910931174,6.364372469635628,0.24628916987355687
1,24,regular,2,1048,1079,31,1035,13,44,0.9875954198473282,0.959221501390176,0.9712696941612604,0.9732016925246827
1,24,semiregular,2,823,680,143,672,151,8,0.8165249088699879,0.9882352941176471,1.2102941176470587,0.8942115768463074
1,24,irregular,2,2075,247,1828,247,1828,0,0.11903614457831325,1.0,8.40080971659919,0.21274763135228253
1,24,regular,3,895,1079,184,888,7,191,0.9921787709497206,0.8229842446709916,0.8294717330861909,0.8996960486322187
1,24,semiregular,3,595,680,85,512,83,168,0.8605042016806723,0.7529411764705882,0.875,0.8031372549019608
1,24,irregular,3,1488,247,1241,215,1273,32,0.14448924731182797,0.8704453441295547,6.0242914979757085,0.24783861671469742
1,25,regular,1,931,946,15,928,3,18,0.9967776584317938,0.9809725158562368,0.9841437632135307,0.9888119339371337
1,25,semiregular,1,942,718,224,702,240,16,0.7452229299363057,0.9777158774373259,1.3119777158774373,0.8457831325301205
1,25,irregular,1,1910,207,1703,206,1704,1,0.10785340314136126,0.9951690821256038,9.227053140096618,0.19461502125649505
1,25,regular,2,935,946,11,929,6,17,0.9935828877005347,0.9820295983086681,0.9883720930232558,0.987772461456672
1,25,semiregular,2,1045,718,327,714,331,4,0.6832535885167464,0.9944289693593314,1.4554317548746518,0.8099829835507658
1,25,irregular,2,2958,207,2751,207,2751,0,0.06997971602434078,1.0,14.289855072463768,0.1308056872037915
1,25,regular,3,801,946,145,799,2,147,0.9975031210986267,0.8446088794926004,0.846723044397463,0.9147109330280481
1,25,semiregular,3,841,718,123,660,181,58,0.7847800237812128,0.9192200557103064,1.1713091922005572,0.846696600384862
1,25,irregular,3,2067,207,1860,192,1875,15,0.09288824383164006,0.927536231884058,9.985507246376812,0.16886543535620055
1,26,regular,1,989,985,4,972,17,13,0.9828109201213346,0.9868020304568528,1.0040609137055838,0.9848024316109423
1,26,semiregular,1,948,720,228,696,252,24,0.7341772151898734,0.9666666666666667,1.3166666666666667,0.8345323741007195
1,26,irregular,1,1395,214,1181,213,1182,1,0.15268817204301074,0.9953271028037384,6.518691588785047,0.2647607209446861
1,26,regular,2,973,985,12,957,16,28,0.9835560123329907,0.9715736040609138,0.9878172588832488,0.9775280898876405
1,26,semiregular,2,846,720,126,649,197,71,0.7671394799054374,0.9013888888888889,1.175,0.8288633461047253
1,26,irregular,2,1493,214,1279,213,1280,1,0.14266577361018085,0.9953271028037384,6.9766355140186915,0.24956063268892795
1,26,regular,3,925,985,60,914,11,71,0.9881081081081081,0.9279187817258884,0.9390862944162437,0.9570680628272252
1,26,semiregular,3,826,720,106,647,179,73,0.7832929782082324,0.8986111111111111,1.1472222222222221,0.8369987063389391
1,26,irregular,3,1384,214,1170,211,1173,3,0.15245664739884393,0.985981308411215,6.4672897196261685,0.2640801001251564
1,27,regular,1,1124,1166,42,1119,5,47,0.9955516014234875,0.9596912521440824,0.9639794168096055,0.977292576419214
1,27,semiregular,1,935,728,207,668,267,60,0.7144385026737968,0.9175824175824175,1.2843406593406594,0.8033674082982561
1,27,irregular,1,2105,270,1835,259,1846,11,0.12304038004750593,0.9592592592592593,7.796296296296297,0.21810526315789475
1,27,regular,2,1216,1166,50,1166,50,0,0.9588815789473685,1.0,1.0428816466552315,0.979009235936188
1,27,semiregular,2,1053,728,325,723,330,5,0.6866096866096866,0.9931318681318682,1.4464285714285714,0.8119034250421111
1,27,irregular,2,2239,270,1969,270,1969,0,0.1205895489057615,1.0,8.292592592592593,0.21522518931845355
1,27,regular,3,1051,1166,115,1046,5,120,0.9952426260704091,0.8970840480274442,0.9013722126929674,0.9436175011276501
1,27,semiregular,3,742,728,14,615,127,113,0.8288409703504043,0.8447802197802198,1.0192307692307692,0.8367346938775511
1,27,irregular,3,1726,270,1456,250,1476,20,0.14484356894553882,0.9259259259259259,6.392592592592592,0.250501002004008
1,28,regular,1,1103,1098,5,1089,14,9,0.9873073436083409,0.9918032786885246,1.0045537340619308,0.9895502044525216
1,28,semiregular,1,1026,859,167,843,183,16,0.8216374269005848,0.9813736903376019,1.1944121071012805,0.8944297082228118
1,28,irregular,1,2467,293,2174,272,2195,21,0.11025537089582489,0.9283276450511946,8.419795221843003,0.1971014492753623
1,28,regular,2,1092,1098,6,1073,19,25,0.9826007326007326,0.9772313296903461,0.994535519125683,0.9799086757990868
1,28,semiregular,2,1132,859,273,857,275,2,0.7570671378091873,0.9976717112922002,1.3178114086146682,0.8608739326971372
1,28,irregular,2,2887,293,2594,293,2594,0,0.10148943540006927,1.0,9.853242320819113,0.18427672955974841
1,28,regular,3,998,1098,100,983,15,115,0.9849699398797596,0.895264116575592,0.9089253187613844,0.9379770992366413
1,28,semiregular,3,955,859,96,800,155,59,0.837696335078534,0.9313154831199069,1.1117578579743888,0.8820286659316428
1,28,irregular,3,2088,293,1795,274,1814,19,0.13122605363984674,0.9351535836177475,7.126279863481229,0.23015539689206216
1,29,regular,1,1120,1140,20,1118,2,22,0.9982142857142857,0.980701754385965,0.9824561403508771,0.9893805309734514
1,29,semiregular,1,1254,869,385,862,392,7,0.6874003189792663,0.9919447640966629,1.4430379746835442,0.8120584079133302
1,29,irregular,1,1532,247,1285,241,1291,6,0.15731070496083552,0.9757085020242915,6.202429149797571,0.27093872962338394
1,29,regular,2,1165,1140,25,1138,27,2,0.976824034334764,0.9982456140350877,1.0219298245614035,0.9874186550976138
1,29,semiregular,2,1373,869,504,868,505,1,0.6321922796795338,0.998849252013809,1.5799769850402763,0.7743086529884032
1,29,irregular,2,1724,247,1477,247,1477,0,0.14327146171693736,1.0,6.979757085020243,0.25063419583967533
1,29,regular,3,915,1140,225,911,4,229,0.9956284153005465,0.7991228070175439,0.8026315789473685,0.8866180048661801
1,29,semiregular,3,1030,869,161,761,269,108,0.7388349514563107,0.8757192174913694,1.1852704257767548,0.8014744602422328
1,29,irregular,3,1453,247,1206,226,1227,21,0.15554026152787337,0.9149797570850202,5.882591093117409,0.2658823529411765
1,30,regular,1,990,997,7,985,5,12,0.9949494949494949,0.9879638916750251,0.9929789368104313,0.9914443885254153
1,30,semiregular,1,962,810,152,789,173,21,0.8201663201663202,0.9740740740740741,1.1876543209876542,0.8905191873589164
1,30,irregular,1,2388,250,2138,247,2141,3,0.10343383584589615,0.988,9.552,0.18726307808946172
1,30,regular,2,1012,997,15,997,15,0,0.9851778656126482,1.0,1.0150451354062187,0.9925335988053758
1,30,semiregular,2,1056,810,246,803,253,7,0.7604166666666666,0.991358024691358,1.3037037037037038,0.8606645230439443
1,30,irregular,2,2469,250,2219,250,2219,0,0.1012555690562981,1.0,9.876,0.1838911364472232
1,30,regular,3,915,997,82,912,3,85,0.9967213114754099,0.9147442326980942,0.917753259779338,0.9539748953974895
1,30,semiregular,3,818,810,8,707,111,103,0.8643031784841075,0.8728395061728395,1.0098765432098766,0.8685503685503685
1,30,irregular,3,2537,250,2287,237,2300,13,0.09341742215214821,0.948,10.148,0.1700753498385361
2,1,regular,1,941,937,4,926,15,11,0.9840595111583422,0.9882604055496265,1.0042689434364995,0.9861554845580404
2,1,semiregular,1,1068,703,365,694,374,9,0.649812734082397,0.9871977240398293,1.5192034139402562,0.7837380011293055
2,1,irregular,1,547,199,348,181,366,18,0.33089579524680074,0.9095477386934674,2.748743718592965,0.48525469168900803
2,1,regular,2,1069,937,132,937,132,0,0.8765201122544434,1.0,1.1408751334044824,0.93419740777667
2,1,semiregular,2,1174,703,471,702,472,1,0.5979557069846678,0.9985775248933144,1.669985775248933,0.7480021310602026
2,1,irregular,2,1079,199,880,199,880,0,0.18443002780352177,1.0,5.422110552763819,0.3114241001564945
2,1,regular,3,953,937,16,897,56,40,0.9412381951731374,0.9573105656350054,1.017075773745998,0.9492063492063493
2,1,semiregular,3,1004,703,301,688,316,15,0.6852589641434262,0.9786628733997155,1.4281650071123755,0.8060925600468658
2,1,irregular,3,933,199,734,197,736,2,0.21114683815648447,0.9899497487437185,4.688442211055277,0.3480565371024735
2,2,regular,1,1193,1224,31,1182,11,42,0.9907795473595976,0.9656862745098039,0.9746732026143791,0.9780719900703352
2,2,semiregular,1,771,647,124,629,142,18,0.8158236057068742,0.9721792890262752,1.1916537867078825,0.8871650211565585
2,2,irregular,1,937,217,720,176,761,41,0.18783351120597652,0.8110599078341014,4.317972350230415,0.3050259965337955
2,2,regular,2,1208,1224,16,1193,15,31,0.9875827814569537,0.9746732026143791,0.9869281045751634,0.9810855263157895
2,2,semiregular,2,825,647,178,647,178,0,0.7842424242424243,1.0,1.2751159196290571,0.8790760869565218
2,2,irregular,2,1377,217,1160,217,1160,0,0.15758896151053015,1.0,6.345622119815668,0.2722710163111669
2,2,regular,3,1117,1224,107,1104,13,120,0.9883616830796778,0.9019607843137255,0.9125816993464052,0.9431866723622383
2,2,semiregular,3,772,647,125,639,133,8,0.8277202072538861,0.9876352395672334,1.1931993817619784,0.9006342494714589
2,2,irregular,3,1304,217,1087,216,1088,1,0.1656441717791411,0.9953917050691244,6.009216589861751,0.2840236686390532
2,3,regular,1,1027,1053,26,1024,3,29,0.997078870496592,0.9724596391263058,0.9753086419753086,0.9846153846153846
2,3,semiregular,1,919,716,203,701,218,15,0.7627856365614799,0.979050279329609,1.2835195530726258,0.8574923547400612
2,3,irregular,1,864,224,640,192,672,32,0.2222222222222222,0.8571428571428571,3.857142857142857,0.35294117647058826
2,3,regular,2,987,1053,66,984,3,69,0.9969604863221885,0.9344729344729344,0.9373219373219374,0.9647058823529412
2,3,semiregular,2,889,716,173,697,192,19,0.7840269966254219,0.973463687150838,1.2416201117318435,0.8685358255451714
2,3,irregular,2,1345,224,1121,224,1121,0,0.16654275092936802,1.0,6.004464285714286,0.28553218610579983
2,3,regular,3,970,1053,83,966,4,87,0.9958762886597938,0.9173789173789174,0.9211775878442545,0.9550173010380623
2,3,semiregular,3,841,716,125,686,155,30,0.8156956004756243,0.9581005586592178,1.1745810055865922,0.8811817597944765
2,3,irregular,3,1259,224,1035,221,1038,3,0.1755361397934869,0.9866071428571429,5.620535714285714,0.29804450438300745
2,4,regular,1,1122,1101,21,1098,24,3,0.9786096256684492,0.997275204359673,1.0190735694822888,0.9878542510121457
2,4,semiregular,1,839,614,225,583,256,31,0.6948748510131109,0.9495114006514658,1.3664495114006514,0.8024776324845148
2,4,irregular,1,691,228,463,190,501,38,0.27496382054992763,0.8333333333333334,3.030701754385965,0.41349292709466806
2,4,regular,2,1132,1101,31,1101,31,0,0.9726148409893993,1.0,1.0281562216167122,0.9861173309449172
2,4,semiregular,2,941,614,327,613,328,1,0.6514346439957492,0.998371335504886,1.5325732899022801,0.7884244372990353
2,4,irregular,2,1402,228,1174,228,1174,0,0.16262482168330955,1.0,6.149122807017544,0.27975460122699386
2,4,regular,3,1002,1101,99,987,15,114,0.9850299401197605,0.896457765667575,0.9100817438692098,0.9386590584878745
2,4,semiregular,3,894,614,280,607,287,7,0.6789709172259508,0.988599348534202,1.4560260586319218,0.8050397877984085
2,4,irregular,3,1375,228,1147,228,1147,0,0.1658181818181818,1.0,6.030701754385965,0.28446662507797876
2,5,regular,1,1047,1044,3,1043,4,1,0.9961795606494747,0.9990421455938697,1.0028735632183907,0.997608799617408
2,5,semiregular,1,1042,668,374,666,376,2,0.6391554702495201,0.9970059880239521,1.5598802395209581,0.7789473684210526
2,5,irregular,1,1164,217,947,196,968,21,0.16838487972508592,0.9032258064516129,5.364055299539171,0.28385228095582915
2,5,regular,2,992,1044,52,988,4,56,0.9959677419354839,0.946360153256705,0.9501915708812261,0.9705304518664046
2,5,semiregular,2,1040,668,372,665,375,3,0.6394230769230769,0.9955089820359282,1.5568862275449102,0.7786885245901639
2,5,irregular,2,1570,217,1353,217,1353,0,0.13821656050955414,1.0,7.235023041474655,0.24286513710128704
2,5,regular,3,993,1044,51,989,4,55,0.9959718026183283,0.9473180076628352,0.9511494252873564,0.9710358370152185
2,5,semiregular,3,992,668,324,652,340,16,0.657258064516129,0.9760479041916168,1.4850299401197604,0.7855421686746987
2,5,irregular,3,1445,217,1228,217,1228,0,0.15017301038062283,1.0,6.658986175115207,0.26113116726835134
2,6,regular,1,929,915,14,904,25,11,0.9730893433799784,0.9879781420765027,1.0153005464480875,0.9804772234273319
2,6,semiregular,1,829,701,128,660,169,41,0.7961399276236429,0.9415121255349501,1.1825962910128387,0.8627450980392156
2,6,irregular,1,834,195,639,132,702,63,0.15827338129496402,0.676923076923077,4.276923076923077,0.25655976676384834
2,6,regular,2,945,915,30,905,40,10,0.9576719576719577,0.9890710382513661,1.0327868852459017,0.9731182795698925
2,6,semiregular,2,895,701,194,682,213,19,0.7620111731843575,0.9728958630527818,1.2767475035663338,0.8546365914786966
2,6,irregular,2,1505,195,1310,195,1310,0,0.12956810631229235,1.0,7.717948717948718,0.22941176470588232
2,6,regular,3,885,915,30,850,35,65,0.96045197740113,0.9289617486338798,0.9672131147540983,0.9444444444444445
2,6,semiregular,3,848,701,147,661,187,40,0.7794811320754716,0.9429386590584878,1.2097004279600572,0.853453841187863
2,6,irregular,3,1454,195,1259,195,1259,0,0.13411279229711143,1.0,7.456410256410257,0.23650697392359005
2,7,regular,1,421,1230,809,419,2,811,0.995249406175772,0.34065040650406503,0.34227642276422765,0.5075711689884919
2,7,semiregular,1,712,761,49,577,135,184,0.8103932584269663,0.7582128777923784,0.9356110381077529,0.7834351663272234
2,7,irregular,1,662,225,437,83,579,142,0.12537764350453173,0.3688888888888889,2.942222222222222,0.18714768883878244
2,7,regular,2,1229,1230,1,1213,16,17,0.9869812855980472,0.9861788617886179,0.9991869918699187,0.986579910532737
2,7,semiregular,2,1115,761,354,760,355,1,0.6816143497757847,0.9986859395532195,1.4651773981603153,0.8102345415778252
2,7,irregular,2,1898,225,1673,225,1673,0,0.11854583772391991,1.0,8.435555555555556,0.2119642016015073
2,7,regular,3,1132,1230,98,1121,11,109,0.9902826855123675,0.9113821138211382,0.9203252032520325,0.9491955969517357
2,7,semiregular,3,1042,761,281,745,297,16,0.7149712092130518,0.9789750328515112,1.369250985545335,0.8264004437049363
2,7,irregular,3,1808,225,1583,223,1585,2,0.12334070796460177,0.9911111111111112,8.035555555555556,0.21938022626660109
2,8,regular,1,1009,1035,26,1003,6,32,0.9940535183349851,0.9690821256038648,0.9748792270531401,0.9814090019569471
2,8,semiregular,1,981,827,154,779,202,48,0.7940876656472987,0.9419588875453446,1.1862152357920193,0.8617256637168142
2,8,irregular,1,1402,243,1159,184,1218,59,0.1312410841654779,0.757201646090535,5.769547325102881,0.2237082066869301
2,8,regular,2,966,1035,69,957,9,78,0.9906832298136646,0.9246376811594202,0.9333333333333333,0.9565217391304347
2,8,semiregular,2,1016,827,189,797,219,30,0.7844488188976378,0.9637243047158404,1.2285368802902055,0.864894194248508
2,8,irregular,2,2054,243,1811,237,1817,6,0.11538461538461539,0.9753086419753086,8.452674897119342,0.20635611667392253
2,8,regular,3,989,1035,46,981,8,54,0.9919110212335692,0.9478260869565217,0.9555555555555556,0.9693675889328063
2,8,semiregular,3,974,827,147,784,190,43,0.8049281314168378,0.9480048367593712,1.1777509068923822,0.8706274292059967
2,8,irregular,3,1929,243,1686,230,1699,13,0.11923276308968378,0.9465020576131687,7.938271604938271,0.2117863720073665
2,9,regular,1,1076,1107,31,1069,7,38,0.9934944237918215,0.9656729900632339,0.971996386630533,0.9793861658268438
2,9,semiregular,1,740,701,39,644,96,57,0.8702702702702703,0.9186875891583453,1.0556348074179742,0.89382373351839
2,9,irregular,1,1189,266,923,197,992,69,0.16568544995794784,0.7406015037593985,4.469924812030075,0.27079037800687283
2,9,regular,2,1082,1107,25,1074,8,33,0.9926062846580407,0.9701897018970189,0.9774164408310749,0.9812699862951119
2,9,semiregular,2,792,701,91,672,120,29,0.8484848484848485,0.9586305278174037,1.1298145506419401,0.9002009377093101
2,9,irregular,2,1777,266,1511,265,1512,1,0.14912774338773213,0.9962406015037594,6.680451127819549,0.25942241801272636
2,9,regular,3,971,1107,136,963,8,144,0.9917610710607621,0.8699186991869918,0.8771454381210478,0.9268527430221366
2,9,semiregular,3,710,701,9,624,86,77,0.8788732394366198,0.8901569186875892,1.0128388017118402,0.884479092841956
2,9,irregular,3,1668,266,1402,247,1421,19,0.14808153477218225,0.9285714285714286,6.2706766917293235,0.25542916235780766
2,10,regular,1,1079,1014,65,1010,69,4,0.9360518999073216,0.9960552268244576,1.064102564102564,0.9651218346870521
2,10,semiregular,1,865,656,209,644,221,12,0.7445086705202312,0.9817073170731707,1.3185975609756098,0.8468113083497698
2,10,irregular,1,1034,247,787,233,801,14,0.2253384912959381,0.9433198380566802,4.186234817813765,0.36377829820452773
2,10,regular,2,1111,1014,97,1014,97,0,0.9126912691269127,1.0,1.0956607495069033,0.9543529411764706
2,10,semiregular,2,929,656,273,649,280,7,0.6986006458557589,0.989329268292683,1.416158536585366,0.8189274447949526
2,10,irregular,2,1452,247,1205,247,1205,0,0.17011019283746556,1.0,5.8785425101214575,0.290759270158917
2,10,regular,3,1117,1014,103,1014,103,0,0.9077887197851388,1.0,1.101577909270217,0.9516658845612389
2,10,semiregular,3,827,656,171,638,189,18,0.7714631197097944,0.9725609756097561,1.2606707317073171,0.8604180714767363
2,10,irregular,3,1347,247,1100,247,1100,0,0.18337045285820341,1.0,5.4534412955465585,0.3099121706398996
2,11,regular,1,1070,1070,0,1064,6,6,0.994392523364486,0.994392523364486,1.0,0.994392523364486
2,11,semiregular,1,896,700,196,679,217,21,0.7578125,0.97,1.28,0.8508771929824562
2,11,irregular,1,1050,239,811,204,846,35,0.19428571428571428,0.8535564853556485,4.393305439330544,0.3165244375484872
2,11,regular,2,1025,1070,45,1020,5,50,0.9951219512195122,0.9532710280373832,0.9579439252336449,0.9737470167064439
2,11,semiregular,2,956,700,256,697,259,3,0.7290794979079498,0.9957142857142857,1.3657142857142857,0.8417874396135265
2,11,irregular,2,1521,239,1282,239,1282,0,0.1571334648257725,1.0,6.364016736401673,0.27159090909090905
2,11,regular,3,949,1070,121,946,3,124,0.9968387776606955,0.8841121495327103,0.8869158878504673,0.9370975730559683
2,11,semiregular,3,869,700,169,662,207,38,0.761795166858458,0.9457142857142857,1.2414285714285713,0.8438495857233907
2,11,irregular,3,1419,239,1180,227,1192,12,0.15997181113460182,0.9497907949790795,5.937238493723849,0.27382388419782866
2,12,regular,1,1046,1007,39,1007,39,0,0.9627151051625239,1.0,1.038728897715988,0.9810034096444229
2,12,semiregular,1,930,641,289,625,305,16,0.6720430107526881,0.9750390015600624,1.4508580343213728,0.7956715467854869
2,12,irregular,1,1067,204,863,182,885,22,0.17057169634489222,0.8921568627450981,5.230392156862745,0.28638867033831633
2,12,regular,2,1073,1007,66,1007,66,0,0.9384902143522833,1.0,1.0655412115193645,0.9682692307692308
2,12,semiregular,2,975,641,334,633,342,8,0.6492307692307693,0.9875195007800313,1.5210608424336973,0.7834158415841586
2,12,irregular,2,1566,204,1362,204,1362,0,0.13026819923371646,1.0,7.676470588235294,0.23050847457627116
2,12,regular,3,939,1007,68,934,5,73,0.9946751863684771,0.9275074478649454,0.9324726911618669,0.959917780061665
2,12,semiregular,3,898,641,257,615,283,26,0.6848552338530067,0.9594383775351014,1.4009360374414976,0.7992202729044835
2,12,irregular,3,1494,204,1290,204,1290,0,0.13654618473895583,1.0,7.323529411764706,0.2402826855123675
2,13,regular,1,978,1000,22,974,4,26,0.9959100204498977,0.974,0.978,0.9848331648129423
2,13,semiregular,1,963,815,148,793,170,22,0.8234683281412254,0.9730061349693252,1.18159509202454,0.8920134983127109
2,13,irregular,1,1425,216,1209,167,1258,49,0.11719298245614035,0.7731481481481481,6.597222222222222,0.20353443022547227
2,13,regular,2,1007,1000,7,995,12,5,0.9880834160873883,0.995,1.007,0.9915296462381664
2,13,semiregular,2,1020,815,205,809,211,6,0.7931372549019607,0.992638036809816,1.2515337423312884,0.8817438692098094
2,13,irregular,2,2152,216,1936,216,1936,0,0.10037174721189591,1.0,9.962962962962964,0.18243243243243243
2,13,regular,3,977,1000,23,971,6,29,0.9938587512794268,0.971,0.977,0.9822964087000506
2,13,semiregular,3,952,815,137,783,169,32,0.8224789915966386,0.9607361963190184,1.1680981595092024,0.8862478777589133
2,13,irregular,3,2046,216,1830,214,1832,2,0.10459433040078202,0.9907407407407407,9.472222222222221,0.1892130857648099
2,14,regular,1,1033,1052,19,1032,1,20,0.9990319457889641,0.9809885931558935,0.9819391634980988,0.9899280575539567
2,14,semiregular,1,1177,913,264,892,285,21,0.7578589634664401,0.976998904709748,1.2891566265060241,0.8535885167464115
2,14,irregular,1,881,217,664,164,717,53,0.18615209988649262,0.7557603686635944,4.059907834101383,0.29872495446265934
2,14,regular,2,1036,1052,16,1031,5,21,0.9951737451737451,0.9800380228136882,0.9847908745247148,0.9875478927203065
2,14,semiregular,2,1235,913,322,907,328,6,0.734412955465587,0.9934282584884995,1.352683461117196,0.8445065176908751
2,14,irregular,2,1426,217,1209,217,1209,0,0.15217391304347827,1.0,6.571428571428571,0.2641509433962264
2,14,regular,3,940,1052,112,936,4,116,0.9957446808510638,0.8897338403041825,0.8935361216730038,0.9397590361445783
2,14,semiregular,3,1147,913,234,873,274,40,0.7611159546643418,0.9561883899233297,1.2562979189485213,0.8475728155339806
2,14,irregular,3,1410,217,1193,213,1197,4,0.15106382978723404,0.9815668202764977,6.497695852534562,0.2618315918869084
2,15,regular,1,968,964,4,963,5,1,0.9948347107438017,0.9989626556016598,1.004149377593361,0.9968944099378882
2,15,semiregular,1,975,774,201,760,215,14,0.7794871794871795,0.9819121447028424,1.2596899224806202,0.8690680388793597
2,15,irregular,1,861,218,643,180,681,38,0.20905923344947736,0.8256880733944955,3.94954128440367,0.33364226135310476
2,15,regular,2,881,964,83,877,4,87,0.9954597048808173,0.9097510373443983,0.9139004149377593,0.9506775067750677
2,15,semiregular,2,940,774,166,743,197,31,0.7904255319148936,0.9599483204134367,1.2144702842377262,0.8669778296382731
2,15,irregular,2,1538,218,1320,218,1320,0,0.14174252275682706,1.0,7.055045871559633,0.24829157175398636
2,15,regular,3,859,964,105,855,4,109,0.9953434225844005,0.8869294605809128,0.8910788381742739,0.9380142622051564
2,15,semiregular,3,932,774,158,738,194,36,0.7918454935622318,0.9534883720930233,1.2041343669250646,0.8651817116060961
2,15,irregular,3,1422,218,1204,214,1208,4,0.15049226441631505,0.981651376146789,6.522935779816514,0.26097560975609757
2,16,regular,1,1101,1109,8,1092,9,17,0.9918256130790191,0.9846708746618575,0.9927862939585211,0.988235294117647
2,16,semiregular,1,859,681,178,652,207,29,0.7590221187427241,0.9574155653450808,1.261380323054332,0.8467532467532467
2,16,irregular,1,868,272,596,177,691,95,0.20391705069124424,0.6507352941176471,3.1911764705882355,0.3105263157894737
2,16,regular,2,1076,1109,33,1066,10,43,0.9907063197026023,0.9612263300270514,0.9702434625788999,0.9757437070938215
2,16,semiregular,2,919,681,238,674,245,7,0.7334058759521219,0.9897209985315712,1.3494860499265786,0.8425
2,16,irregular,2,1450,272,1178,272,1178,0,0.18758620689655173,1.0,5.330882352941177,0.3159117305458769
2,16,regular,3,981,1109,128,972,9,137,0.9908256880733946,0.8764652840396754,0.8845807033363391,0.9301435406698565
2,16,semiregular,3,850,681,169,651,199,30,0.7658823529411765,0.9559471365638766,1.2481644640234948,0.8504245591116918
2,16,irregular,3,1327,272,1055,269,1058,3,0.2027128862094951,0.9889705882352942,4.8786764705882355,0.3364602876797999
2,17,regular,1,1018,1029,11,1014,4,15,0.9960707269155207,0.9854227405247813,0.989310009718173,0.9907181240840254
2,17,semiregular,1,920,837,83,760,160,77,0.8260869565217391,0.9080047789725209,1.099163679808841,0.8651109846328969
2,17,irregular,1,704,240,464,133,571,107,0.18892045454545456,0.5541666666666667,2.933333333333333,0.2817796610169492
2,17,regular,2,991,1029,38,980,11,49,0.9889001009081736,0.9523809523809523,0.9630709426627794,0.9702970297029702
2,17,semiregular,2,1036,837,199,818,218,19,0.7895752895752896,0.977299880525687,1.2377538829151733,0.8734650293646555
2,17,irregular,2,1703,240,1463,240,1463,0,0.14092777451556077,1.0,7.095833333333333,0.24704065877509004
2,17,regular,3,936,1029,93,932,4,97,0.9957264957264957,0.9057337220602527,0.9096209912536443,0.9486005089058526
2,17,semiregular,3,926,837,89,783,143,54,0.8455723542116631,0.9354838709677419,1.1063321385902032,0.8882586500283608
2,17,irregular,3,1671,240,1431,232,1439,8,0.13883901855176542,0.9666666666666667,6.9625,0.24280481423338565
2,18,regular,1,1023,1044,21,1018,5,26,0.9951124144672532,0.975095785440613,0.9798850574712644,0.9850024189646831
2,18,semiregular,1,950,801,149,773,177,28,0.8136842105263158,0.9650436953807741,1.1860174781523096,0.8829240434037693
2,18,irregular,1,1000,252,748,200,800,52,0.2,0.7936507936507936,3.9682539682539684,0.3194888178913738
2,18,regular,2,974,1044,70,969,5,75,0.9948665297741273,0.9281609195402298,0.9329501915708812,0.9603567888999008
2,18,semiregular,2,992,801,191,781,211,20,0.7872983870967742,0.9750312109862672,1.2384519350811485,0.8711656441717792
2,18,irregular,2,1388,252,1136,251,1137,1,0.180835734870317,0.996031746031746,5.507936507936508,0.30609756097560975
2,18,regular,3,1046,1044,2,1027,19,17,0.9818355640535373,0.9837164750957854,1.0019157088122606,0.9827751196172249
2,18,semiregular,3,996,801,195,790,206,11,0.7931726907630522,0.9862671660424469,1.243445692883895,0.8792431830829159
2,18,irregular,3,1325,252,1073,252,1073,0,0.19018867924528302,1.0,5.257936507936508,0.31959416613823716
2,19,regular,1,1079,1076,3,1057,22,19,0.9796107506950881,0.9823420074349443,1.0027881040892193,0.9809744779582368
2,19,semiregular,1,888,753,135,718,170,35,0.8085585585585585,0.953519256308101,1.1792828685258965,0.875076173065204
2,19,irregular,1,702,245,457,177,525,68,0.25213675213675213,0.7224489795918367,2.8653061224489798,0.3738120380147835
2,19,regular,2,1068,1076,8,1064,4,12,0.9962546816479401,0.9888475836431226,0.9925650557620818,0.9925373134328358
2,19,semiregular,2,941,753,188,740,201,13,0.7863974495217854,0.9827357237715804,1.249667994687915,0.873671782762692
2,19,irregular,2,1249,245,1004,245,1004,0,0.19615692554043235,1.0,5.09795918367347,0.3279785809906292
2,19,regular,3,1000,1076,76,997,3,79,0.997,0.9265799256505576,0.929368029739777,0.9605009633911368
2,19,semiregular,3,899,753,146,733,166,20,0.8153503893214683,0.9734395750332006,1.1938911022576362,0.8874092009685229
2,19,irregular,3,1179,245,934,241,938,4,0.20441051738761662,0.9836734693877551,4.812244897959184,0.3384831460674157
2,20,regular,1,1204,1251,47,1198,6,53,0.9950166112956811,0.9576338928856915,0.9624300559552358,0.9759674134419553
2,20,semiregular,1,1018,841,177,801,217,40,0.7868369351669942,0.9524375743162902,1.2104637336504163,0.8617536309844003
2,20,irregular,1,899,252,647,188,711,64,0.20912124582869857,0.746031746031746,3.5674603174603177,0.3266724587315378
2,20,regular,2,1205,1251,46,1196,9,55,0.9925311203319502,0.95603517186251,0.9632294164668266,0.9739413680781759
2,20,semiregular,2,1146,841,305,831,315,10,0.725130890052356,0.9881093935790726,1.3626634958382877,0.8364368394564671
2,20,irregular,2,1249,252,997,245,1004,7,0.19615692554043235,0.9722222222222222,4.9563492063492065,0.3264490339773484
2,20,regular,3,1056,1251,195,1048,8,203,0.9924242424242424,0.8377298161470823,0.8441247002398081,0.9085392284351972
2,20,semiregular,3,1006,841,165,777,229,64,0.7723658051689861,0.9239001189060642,1.1961950059453033,0.8413643746616135
2,20,irregular,3,1282,252,1030,225,1057,27,0.17550702028081122,0.8928571428571429,5.087301587301587,0.2933507170795306
2,21,regular,1,936,920,16,919,17,1,0.9818376068376068,0.9989130434782608,1.017391304347826,0.990301724137931
2,21,semiregular,1,935,549,386,530,405,19,0.5668449197860963,0.9653916211293261,1.703096539162113,0.7142857142857143
2,21,irregular,1,665,204,461,168,497,36,0.25263157894736843,0.8235294117647058,3.2598039215686274,0.3866513233601841
2,21,regular,2,935,920,15,920,15,0,0.983957219251337,1.0,1.016304347826087,0.9919137466307278
2,21,semiregular,2,972,549,423,545,427,4,0.5606995884773662,0.9927140255009107,1.7704918032786885,0.7166337935568704
2,21,irregular,2,1418,204,1214,204,1214,0,0.14386459802538787,1.0,6.950980392156863,0.25154130702836003
2,21,regular,3,867,920,53,863,4,57,0.9953863898500577,0.9380434782608695,0.9423913043478261,0.965864577504197
2,21,semiregular,3,899,549,350,540,359,9,0.6006674082313682,0.9836065573770492,1.6375227686703095,0.7458563535911603
2,21,irregular,3,1356,204,1152,202,1154,2,0.14896755162241887,0.9901960784313726,6.647058823529412,0.25897435897435894
2,22,regular,1,1000,946,54,945,55,1,0.945,0.9989429175475687,1.0570824524312896,0.9712230215827338
2,22,semiregular,1,954,703,251,691,263,12,0.7243186582809225,0.9829302987197724,1.3570412517780939,0.8340374170187086
2,22,irregular,1,1047,247,800,225,822,22,0.2148997134670487,0.9109311740890689,4.238866396761134,0.34775888717156106
2,22,regular,2,983,946,37,946,37,0,0.9623601220752798,1.0,1.0391120507399578,0.9808190772420944
2,22,semiregular,2,1053,703,350,697,356,6,0.6619183285849952,0.9914651493598862,1.4978662873399715,0.7938496583143507
2,22,irregular,2,1489,247,1242,247,1242,0,0.16588314304902618,1.0,6.02834008097166,0.2845622119815668
2,22,regular,3,847,946,99,827,20,119,0.9763872491145218,0.8742071881606766,0.8953488372093024,0.9224762967094254
2,22,semiregular,3,969,703,266,686,283,17,0.7079463364293086,0.9758179231863442,1.3783783783783783,0.8205741626794258
2,22,irregular,3,1431,247,1184,245,1186,2,0.17120894479385046,0.9919028340080972,5.793522267206478,0.2920143027413588
2,23,regular,1,1053,999,54,997,56,2,0.9468186134852802,0.997997997997998,1.054054054054054,0.9717348927875246
2,23,semiregular,1,1084,835,249,796,288,39,0.7343173431734318,0.9532934131736527,1.2982035928143714,0.8295987493486192
2,23,irregular,1,778,266,512,137,641,129,0.17609254498714652,0.5150375939849624,2.924812030075188,0.2624521072796935
2,23,regular,2,965,999,34,926,39,73,0.9595854922279793,0.9269269269269269,0.965965965965966,0.9429735234215887
2,23,semiregular,2,967,835,132,765,202,70,0.7911065149948294,0.9161676646706587,1.1580838323353293,0.8490566037735849
2,23,irregular,2,1957,266,1691,243,1714,23,0.12416964741951968,0.9135338345864662,7.357142857142857,0.21862348178137653
2,23,regular,3,1010,999,11,967,43,32,0.9574257425742574,0.9679679679679679,1.011011011011011,0.9626679940268791
2,23,semiregular,3,1024,835,189,804,220,31,0.78515625,0.962874251497006,1.2263473053892215,0.8649811726734804
2,23,irregular,3,2310,266,2044,262,2048,4,0.11341991341991342,0.9849624060150376,8.68421052631579,0.203416149068323
2,24,regular,1,1085,1079,6,1075,10,4,0.9907834101382489,0.9962928637627433,1.0055607043558852,0.9935304990757856
2,24,semiregular,1,767,680,87,655,112,25,0.8539765319426337,0.9632352941176471,1.1279411764705882,0.9053213545266068
2,24,irregular,1,1289,247,1042,189,1100,58,0.1466252909231963,0.7651821862348178,5.218623481781377,0.24609375
2,24,regular,2,1045,1079,34,1033,12,46,0.9885167464114832,0.9573679332715477,0.9684893419833179,0.972693032015066
2,24,semiregular,2,799,680,119,668,131,12,0.8360450563204005,0.9823529411764705,1.175,0.9033130493576741
2,24,irregular,2,1888,247,1641,247,1641,0,0.1308262711864407,1.0,7.6437246963562755,0.23138173302107728
2,24,regular,3,929,1079,150,920,9,159,0.9903121636167922,0.8526413345690455,0.860982391102873,0.9163346613545817
2,24,semiregular,3,703,680,23,601,102,79,0.8549075391180654,0.8838235294117647,1.0338235294117648,0.8691250903832247
2,24,irregular,3,1793,247,1546,233,1560,14,0.12994980479643056,0.9433198380566802,7.2591093117408905,0.2284313725490196
2,25,regular,1,944,946,2,940,4,6,0.9957627118644068,0.9936575052854123,0.9978858350951374,0.9947089947089949
2,25,semiregular,1,935,718,217,696,239,22,0.7443850267379679,0.9693593314763231,1.3022284122562675,0.8421052631578947
2,25,irregular,1,1752,207,1545,177,1575,30,0.10102739726027397,0.855072463768116,8.46376811594203,0.18070444104134764
2,25,regular,2,910,946,36,906,4,40,0.9956043956043956,0.9577167019027484,0.9619450317124736,0.9762931034482758
2,25,semiregular,2,990,718,272,710,280,8,0.7171717171717171,0.9888579387186629,1.3788300835654597,0.8313817330210773
2,25,irregular,2,1255,207,1048,200,1055,7,0.1593625498007968,0.966183574879227,6.06280193236715,0.27359781121751026
2,25,regular,3,897,946,49,893,4,53,0.9955406911928651,0.9439746300211417,0.9482029598308668,0.9690721649484537
2,25,semiregular,3,970,718,252,712,258,6,0.734020618556701,0.9916434540389972,1.350974930362117,0.8436018957345971
2,25,irregular,3,2300,207,2093,207,2093,0,0.09,1.0,11.11111111111111,0.16513761467889906
2,26,regular,1,1011,985,26,984,27,1,0.973293768545994,0.9989847715736041,1.0263959390862945,0.9859719438877755
2,26,semiregular,1,958,720,238,697,261,23,0.7275574112734864,0.9680555555555556,1.3305555555555555,0.8307508939213349
2,26,irregular,1,1187,214,973,205,982,9,0.17270429654591407,0.9579439252336449,5.546728971962617,0.2926481084939329
2,26,regular,2,1093,985,108,985,108,0,0.9011893870082343,1.0,1.1096446700507614,0.9480269489894129
2,26,semiregular,2,815,720,95,648,167,72,0.7950920245398773,0.9,1.1319444444444444,0.844299674267101
2,26,irregular,2,1400,214,1186,210,1190,4,0.15,0.9813084112149533,6.542056074766355,0.26022304832713755
2,26,regular,3,998,985,13,979,19,6,0.9809619238476954,0.9939086294416244,1.0131979695431472,0.9873928391326273
2,26,semiregular,3,948,720,228,695,253,25,0.7331223628691983,0.9652777777777778,1.3166666666666667,0.8333333333333334
2,26,irregular,3,1538,214,1324,214,1324,0,0.13914174252275682,1.0,7.186915887850467,0.24429223744292236
2,27,regular,1,1136,1166,30,1131,5,35,0.9955985915492958,0.9699828473413379,0.9742710120068611,0.9826238053866203
2,27,semiregular,1,866,728,138,648,218,80,0.7482678983833718,0.8901098901098901,1.1895604395604396,0.8130489335006272
2,27,irregular,1,1931,270,1661,239,1692,31,0.12377006732263077,0.8851851851851852,7.151851851851852,0.21717401181281235
2,27,regular,2,1155,1166,11,1147,8,19,0.9930735930735931,0.983704974271012,0.9905660377358491,0.988367083153813
2,27,semiregular,2,991,728,263,717,274,11,0.7235116044399597,0.9848901098901099,1.3612637362637363,0.8342059336823734
2,27,irregular,2,2277,270,2007,270,2007,0,0.11857707509881422,1.0,8.433333333333334,0.21201413427561838
2,27,regular,3,1067,1166,99,1060,7,106,0.993439550140581,0.9090909090909091,0.9150943396226415,0.9493954321540528
2,27,semiregular,3,918,728,190,696,222,32,0.7581699346405228,0.9560439560439561,1.260989010989011,0.8456865127582016
2,27,irregular,3,2182,270,1912,268,1914,2,0.1228230980751604,0.9925925925925926,8.08148148148148,0.21859706362153342
2,28,regular,1,1082,1098,16,1074,8,24,0.9926062846580407,0.9781420765027322,0.9854280510018215,0.9853211009174313
2,28,semiregular,1,1031,859,172,840,191,19,0.8147429679922406,0.9778812572759022,1.20023282887078,0.888888888888889
2,28,irregular,1,2013,293,1720,244,1769,49,0.12121212121212122,0.8327645051194539,6.870307167235495,0.21162185602775369
2,28,regular,2,1086,1098,12,1067,19,31,0.9825046040515654,0.9717668488160291,0.9890710382513661,0.9771062271062272
2,28,semiregular,2,1084,859,225,854,230,5,0.7878228782287823,0.9941792782305006,1.2619324796274738,0.8790530108080289
2,28,irregular,2,2609,293,2316,293,2316,0,0.11230356458413185,1.0,8.904436860068259,0.20192970365265334
2,28,regular,3,1018,1098,80,1000,18,98,0.9823182711198428,0.9107468123861566,0.9271402550091075,0.945179584120983
2,28,semiregular,3,1036,859,177,828,208,31,0.7992277992277992,0.9639115250291036,1.2060535506402794,0.8738786279683377
2,28,irregular,3,2545,293,2252,290,2255,3,0.11394891944990176,0.9897610921501706,8.686006825938566,0.204369274136716
2,29,regular,1,1142,1140,2,1135,7,5,0.9938704028021016,0.9956140350877193,1.0017543859649123,0.9947414548641542
2,29,semiregular,1,1290,869,421,863,427,6,0.6689922480620155,0.9930955120828538,1.4844649021864211,0.7994441871236684
2,29,irregular,1,1351,247,1104,232,1119,15,0.17172464840858623,0.9392712550607287,5.469635627530365,0.2903629536921151
2,29,regular,2,1116,1140,24,1110,6,30,0.9946236559139785,0.9736842105263158,0.9789473684210527,0.9840425531914894
2,29,semiregular,2,1299,869,430,863,436,6,0.6643571978444958,0.9930955120828538,1.4948216340621403,0.7961254612546127
2,29,irregular,2,1733,247,1486,247,1486,0,0.1425274091171379,1.0,7.016194331983805,0.24949494949494952
2,29,regular,3,980,1140,160,976,4,164,0.9959183673469387,0.856140350877193,0.8596491228070176,0.9207547169811321
2,29,semiregular,3,1197,869,328,836,361,33,0.6984126984126984,0.9620253164556962,1.3774453394706558,0.8092933204259438
2,29,irregular,3,1639,247,1392,242,1397,5,0.1476510067114094,0.979757085020243,6.635627530364372,0.256627783669141
2,30,regular,1,973,997,24,970,3,27,0.9969167523124358,0.9729187562688064,0.9759277833500501,0.984771573604061
2,30,semiregular,1,957,810,147,782,175,28,0.8171368861024033,0.9654320987654321,1.1814814814814816,0.8851160158460668
2,30,irregular,1,2103,250,1853,231,1872,19,0.10984308131241084,0.924,8.412,0.1963450913727157
2,30,regular,2,1000,997,3,993,7,4,0.993,0.995987963891675,1.0030090270812437,0.9944917376064095
2,30,semiregular,2,1014,810,204,801,213,9,0.7899408284023669,0.9888888888888889,1.2518518518518518,0.8782894736842106
2,30,irregular,2,2966,250,2716,249,2717,1,0.08395144976399191,0.996,11.864,0.15485074626865672
2,30,regular,3,903,997,94,900,3,97,0.9966777408637874,0.9027081243731193,0.905717151454363,0.9473684210526315
2,30,semiregular,3,912,810,102,764,148,46,0.8377192982456141,0.9432098765432099,1.125925925925926,0.8873403019744484
2,30,irregular,3,2768,250,2518,242,2526,8,0.08742774566473989,0.968,11.072,0.1603711066931743
3,1,regular,1,925,937,12,918,7,19,0.9924324324324324,0.9797225186766275,0.9871931696905016,0.9860365198711064
3,1,semiregular,1,1055,703,352,685,370,18,0.6492890995260664,0.9743954480796586,1.500711237553343,0.7792946530147895
3,1,irregular,1,481,199,282,184,297,15,0.38253638253638256,0.9246231155778895,2.4170854271356785,0.5411764705882353
3,1,regular,2,1022,937,85,937,85,0,0.9168297455968689,1.0,1.0907150480256136,0.9566105155691679
3,1,semiregular,2,1213,703,510,700,513,3,0.5770816158285244,0.9957325746799431,1.7254623044096729,0.7306889352818373
3,1,irregular,2,1090,199,891,199,891,0,0.18256880733944955,1.0,5.477386934673367,0.30876648564778897
3,1,regular,3,695,937,242,694,1,243,0.9985611510791367,0.7406616862326574,0.7417289220917823,0.8504901960784313
3,1,semiregular,3,344,703,359,263,81,440,0.7645348837209303,0.3741109530583215,0.48933143669985774,0.5023877745940784
3,1,irregular,3,89,199,110,66,23,133,0.7415730337078652,0.3316582914572864,0.4472361809045226,0.45833333333333337
3,2,regular,1,1199,1224,25,1191,8,33,0.9933277731442869,0.9730392156862745,0.9795751633986928,0.9830788278992985
3,2,semiregular,1,772,647,125,632,140,15,0.8186528497409327,0.9768160741885626,1.1931993817619784,0.8907681465821001
3,2,irregular,1,1025,217,808,186,839,31,0.18146341463414634,0.8571428571428571,4.723502304147465,0.29951690821256033
3,2,regular,2,1197,1224,27,1181,16,43,0.9866332497911445,0.9648692810457516,0.9779411764705882,0.9756299049979348
3,2,semiregular,2,794,647,147,636,158,11,0.801007556675063,0.9829984544049459,1.2272024729520865,0.8827203331020125
3,2,irregular,2,1333,217,1116,217,1116,0,0.16279069767441862,1.0,6.142857142857143,0.28
3,2,regular,3,1104,1224,120,1101,3,123,0.9972826086956522,0.8995098039215687,0.9019607843137255,0.9458762886597939
3,2,semiregular,3,358,647,289,340,18,307,0.9497206703910615,0.5255023183925811,0.5533230293663061,0.6766169154228855
3,2,irregular,3,869,217,652,132,737,85,0.1518987341772152,0.6082949308755761,4.0046082949308754,0.2430939226519337
3,3,regular,1,1039,1053,14,1034,5,19,0.9951876804619827,0.9819563152896487,0.9867046533713201,0.9885277246653921
3,3,semiregular,1,921,716,205,701,220,15,0.761129207383279,0.979050279329609,1.2863128491620113,0.8564447159437997
3,3,irregular,1,928,224,704,200,728,24,0.21551724137931033,0.8928571428571429,4.142857142857143,0.3472222222222222
3,3,regular,2,940,1053,113,937,3,116,0.9968085106382979,0.8898385565052231,0.8926875593542261,0.9402910185649774
3,3,semiregular,2,702,716,14,571,131,145,0.8133903133903134,0.797486033519553,0.9804469273743017,0.8053596614950636
3,3,irregular,2,66,224,158,63,3,161,0.9545454545454546,0.28125,0.29464285714285715,0.4344827586206897
3,3,regular,3,916,1053,137,915,1,138,0.9989082969432315,0.8689458689458689,0.8698955365622032,0.9294057897409852
3,3,semiregular,3,515,716,201,453,62,263,0.8796116504854369,0.63268156424581,0.7192737430167597,0.735987002437043
3,3,irregular,3,173,224,51,147,26,77,0.8497109826589595,0.65625,0.7723214285714286,0.7405541561712846
3,4,regular,1,1123,1101,22,1100,23,1,0.9795191451469278,0.9990917347865577,1.0199818346957312,0.9892086330935252
3,4,semiregular,1,818,614,204,576,242,38,0.7041564792176039,0.9381107491856677,1.3322475570032573,0.8044692737430167
3,4,irregular,1,565,228,337,208,357,20,0.368141592920354,0.9122807017543859,2.4780701754385963,0.5245901639344261
3,4,regular,2,1088,1101,13,1076,12,25,0.9889705882352942,0.9772933696639419,0.9881925522252498,0.9830973047053448
3,4,semiregular,2,630,614,16,458,172,156,0.726984126984127,0.745928338762215,1.0260586319218241,0.7363344051446945
3,4,irregular,2,349,228,121,186,163,42,0.5329512893982808,0.8157894736842105,1.530701754385965,0.6447140381282496
3,4,regular,3,255,1101,846,255,0,846,1.0,0.23160762942779292,0.23160762942779292,0.3761061946902655
3,4,semiregular,3,157,614,457,75,82,539,0.47770700636942676,0.12214983713355049,0.255700325732899,0.1945525291828794
3,4,irregular,3,866,228,638,15,851,213,0.017321016166281754,0.06578947368421052,3.7982456140350878,0.027422303473491776
3,5,regular,1,1051,1044,7,1040,11,4,0.9895337773549001,0.9961685823754789,1.0067049808429118,0.9928400954653936
3,5,semiregular,1,1042,668,374,660,382,8,0.6333973128598849,0.9880239520958084,1.5598802395209581,0.7719298245614037
3,5,irregular,1,1220,217,1003,199,1021,18,0.16311475409836065,0.9170506912442397,5.622119815668203,0.27696590118302017
3,5,regular,2,954,1044,90,952,2,92,0.9979035639412998,0.9118773946360154,0.9137931034482759,0.9529529529529529
3,5,semiregular,2,595,668,73,402,193,266,0.6756302521008404,0.6017964071856288,0.8907185628742516,0.6365795724465558
3,5,irregular,2,296,217,79,84,212,133,0.28378378378378377,0.3870967741935484,1.3640552995391706,0.32748538011695905
3,5,regular,3,863,1044,181,862,1,182,0.9988412514484357,0.8256704980842912,0.8266283524904214,0.9040377556371264
3,5,semiregular,3,442,668,226,297,145,371,0.6719457013574661,0.44461077844311375,0.6616766467065869,0.5351351351351352
3,5,irregular,3,102,217,115,85,17,132,0.8333333333333334,0.391705069124424,0.4700460829493088,0.5329153605015674
3,6,regular,1,945,915,30,910,35,5,0.9629629629629629,0.994535519125683,1.0327868852459017,0.978494623655914
3,6,semiregular,1,813,701,112,658,155,43,0.8093480934809348,0.9386590584878745,1.159771754636234,0.869220607661823
3,6,irregular,1,819,195,624,129,690,66,0.1575091575091575,0.6615384615384615,4.2,0.2544378698224852
3,6,regular,2,933,915,18,899,34,16,0.9635584137191854,0.9825136612021858,1.019672131147541,0.9729437229437229
3,6,semiregular,2,783,701,82,635,148,66,0.8109833971902938,0.905848787446505,1.1169757489300998,0.8557951482479784
3,6,irregular,2,154,195,41,91,63,104,0.5909090909090909,0.4666666666666667,0.7897435897435897,0.5214899713467048
3,6,regular,3,597,915,318,592,5,323,0.9916247906197655,0.6469945355191257,0.6524590163934426,0.783068783068783
3,6,semiregular,3,226,701,475,167,59,534,0.7389380530973452,0.23823109843081314,0.3223965763195435,0.360302049622438
3,6,irregular,3,1020,195,825,76,944,119,0.07450980392156863,0.38974358974358975,5.230769230769231,0.1251028806584362
3,7,regular,1,1222,1230,8,1210,12,20,0.9901800327332242,0.983739837398374,0.9934959349593496,0.9869494290375203
3,7,semiregular,1,700,761,61,561,139,200,0.8014285714285714,0.7371879106438897,0.9198423127463863,0.7679671457905545
3,7,irregular,1,886,225,661,90,796,135,0.10158013544018059,0.4,3.937777777777778,0.16201620162016203
3,7,regular,2,101,1230,1129,99,2,1131,0.9801980198019802,0.08048780487804878,0.08211382113821138,0.1487603305785124
3,7,semiregular,2,377,761,384,292,85,469,0.7745358090185677,0.38370565045992117,0.49540078843626806,0.5131810193321616
3,7,irregular,2,1160,225,935,182,978,43,0.15689655172413794,0.8088888888888889,5.155555555555556,0.2628158844765343
3,7,regular,3,271,1230,959,271,0,959,1.0,0.22032520325203253,0.22032520325203253,0.3610926049300467
3,7,semiregular,3,24,761,737,17,7,744,0.7083333333333334,0.022339027595269383,0.03153745072273324,0.04331210191082803
3,7,irregular,3,1004,225,779,13,991,212,0.012948207171314742,0.057777777777777775,4.4622222222222225,0.02115541090317331
3,8,regular,1,1029,1035,6,1021,8,14,0.9922254616132167,0.9864734299516909,0.9942028985507246,0.9893410852713178
3,8,semiregular,1,936,827,109,748,188,79,0.7991452991452992,0.9044740024183797,1.13180169286578,0.848553601815088
3,8,irregular,1,1230,243,987,194,1036,49,0.15772357723577235,0.7983539094650206,5.061728395061729,0.263408010862186
3,8,regular,2,946,1035,89,941,5,94,0.9947145877378436,0.9091787439613527,0.9140096618357488,0.95002523977789
3,8,semiregular,2,936,827,109,759,177,68,0.8108974358974359,0.9177750906892382,1.13180169286578,0.8610323312535451
3,8,irregular,2,985,243,742,156,829,87,0.15837563451776648,0.6419753086419753,4.053497942386831,0.25407166123778496
3,8,regular,3,939,1035,96,936,3,99,0.9968051118210862,0.9043478260869565,0.9072463768115943,0.9483282674772037
3,8,semiregular,3,381,827,446,327,54,500,0.8582677165354331,0.3954050785973398,0.4607013301088271,0.5413907284768212
3,8,irregular,3,1382,243,1139,144,1238,99,0.10419681620839363,0.5925925925925926,5.68724279835391,0.17723076923076922
3,9,regular,1,1082,1107,25,1076,6,31,0.9944547134935305,0.971996386630533,0.9774164408310749,0.983097304705345
3,9,semiregular,1,740,701,39,642,98,59,0.8675675675675676,0.9158345221112696,1.0556348074179742,0.8910478834142956
3,9,irregular,1,1072,266,806,197,875,69,0.1837686567164179,0.7406015037593985,4.030075187969925,0.2944693572496263
3,9,regular,2,1068,1107,39,1060,8,47,0.9925093632958801,0.957542908762421,0.964769647696477,0.9747126436781609
3,9,semiregular,2,788,701,87,666,122,35,0.8451776649746193,0.9500713266761769,1.1241084165477888,0.8945601074546676
3,9,irregular,2,1762,266,1496,266,1496,0,0.15096481271282633,1.0,6.62406015037594,0.26232741617357
3,9,regular,3,753,1107,354,749,4,358,0.9946879150066401,0.6766034327009937,0.6802168021680217,0.8053763440860214
3,9,semiregular,3,187,701,514,150,37,551,0.8021390374331551,0.21398002853067047,0.26676176890156916,0.33783783783783783
3,9,irregular,3,1217,266,951,112,1105,154,0.09202958093672967,0.42105263157894735,4.575187969924812,0.15104517869184086
3,10,regular,1,1017,1014,3,1001,16,13,0.984267453294002,0.9871794871794872,1.0029585798816567,0.9857213195470212
3,10,semiregular,1,855,656,199,638,217,18,0.7461988304093568,0.9725609756097561,1.3033536585365855,0.8444738583719391
3,10,irregular,1,1081,247,834,240,841,7,0.22201665124884365,0.97165991902834,4.376518218623482,0.3614457831325301
3,10,regular,2,1074,1014,60,1013,61,1,0.9432029795158287,0.9990138067061144,1.0591715976331362,0.9703065134099618
3,10,semiregular,2,926,656,270,649,277,7,0.7008639308855291,0.989329268292683,1.4115853658536586,0.820480404551201
3,10,irregular,2,1541,247,1294,247,1294,0,0.16028552887735237,1.0,6.238866396761134,0.27628635346756153
3,10,regular,3,821,1014,193,801,20,213,0.9756394640682094,0.7899408284023669,0.8096646942800789,0.873024523160763
3,10,semiregular,3,664,656,8,573,91,83,0.8629518072289156,0.8734756097560976,1.0121951219512195,0.8681818181818183
3,10,irregular,3,896,247,649,180,716,67,0.20089285714285715,0.728744939271255,3.6275303643724697,0.31496062992125984
3,11,regular,1,1077,1070,7,1067,10,3,0.9907149489322191,0.997196261682243,1.0065420560747664,0.9939450395901257
3,11,semiregular,1,884,700,184,676,208,24,0.7647058823529411,0.9657142857142857,1.262857142857143,0.8535353535353536
3,11,irregular,1,1116,239,877,210,906,29,0.1881720430107527,0.8786610878661087,4.669456066945607,0.3099630996309963
3,11,regular,2,4,1070,1066,3,1,1067,0.75,0.002803738317757009,0.003738317757009346,0.00558659217877095
3,11,semiregular,2,10,700,690,3,7,697,0.3,0.004285714285714286,0.014285714285714285,0.008450704225352112
3,11,irregular,2,10,239,229,2,8,237,0.2,0.008368200836820083,0.04184100418410042,0.01606425702811245
3,11,regular,3,173,1070,897,173,0,897,1.0,0.1616822429906542,0.1616822429906542,0.27835880933226065
3,11,semiregular,3,125,700,575,89,36,611,0.712,0.12714285714285714,0.17857142857142858,0.21575757575757576
3,11,irregular,3,902,239,663,65,837,174,0.07206208425720621,0.2719665271966527,3.774058577405858,0.11393514460999124
3,12,regular,1,1022,1007,15,1007,15,0,0.9853228962818004,1.0,1.0148957298907646,0.9926071956628881
3,12,semiregular,1,917,641,276,624,293,17,0.6804798255179935,0.9734789391575663,1.4305772230889235,0.8010269576379975
3,12,irregular,1,1147,204,943,199,948,5,0.17349607672188316,0.9754901960784313,5.622549019607843,0.2945965951147298
3,12,regular,2,1032,1007,25,1007,25,0,0.9757751937984496,1.0,1.0248262164846078,0.9877390877881315
3,12,semiregular,2,707,641,66,511,196,130,0.7227722772277227,0.797191887675507,1.1029641185647425,0.7581602373887241
3,12,irregular,2,638,204,434,179,459,25,0.28056426332288403,0.8774509803921569,3.127450980392157,0.4251781472684086
3,12,regular,3,486,1007,521,484,2,523,0.9958847736625515,0.48063555114200596,0.4826216484607746,0.6483590087073008
3,12,semiregular,3,132,641,509,80,52,561,0.6060606060606061,0.12480499219968799,0.2059282371294852,0.20698576972833116
3,12,irregular,3,1098,204,894,45,1053,159,0.040983606557377046,0.22058823529411764,5.382352941176471,0.06912442396313363
3,13,regular,1,964,1000,36,961,3,39,0.9968879668049793,0.961,0.964,0.9786150712830958
3,13,semiregular,1,902,815,87,756,146,59,0.8381374722838137,0.9276073619631902,1.1067484662576688,0.8806057076295865
3,13,irregular,1,1459,216,1243,164,1295,52,0.11240575736806031,0.7592592592592593,6.75462962962963,0.19582089552238804
3,13,regular,2,941,1000,59,937,4,63,0.9957492029755579,0.937,0.941,0.9654817104585265
3,13,semiregular,2,792,815,23,676,116,139,0.8535353535353535,0.8294478527607362,0.9717791411042945,0.8413192283758557
3,13,irregular,2,1966,216,1750,211,1755,5,0.10732451678535096,0.9768518518518519,9.101851851851851,0.1934005499541705
3,13,regular,3,695,1000,305,694,1,306,0.9985611510791367,0.694,0.695,0.8188790560471976
3,13,semiregular,3,331,815,484,263,68,552,0.7945619335347432,0.3226993865030675,0.40613496932515336,0.4589877835951135
3,13,irregular,3,1340,216,1124,86,1254,130,0.06417910447761194,0.39814814814814814,6.203703703703703,0.11053984575835475
3,14,regular,1,1058,1052,6,1048,10,4,0.9905482041587902,0.9961977186311787,1.005703422053232,0.9933649289099526
3,14,semiregular,1,1195,913,282,897,298,16,0.7506276150627615,0.9824753559693319,1.3088718510405257,0.8510436432637571
3,14,irregular,1,976,217,759,193,783,24,0.19774590163934427,0.8894009216589862,4.497695852534562,0.3235540653813915
3,14,regular,2,1020,1052,32,1016,4,36,0.996078431372549,0.9657794676806084,0.9695817490494296,0.9806949806949807
3,14,semiregular,2,1230,913,317,890,340,23,0.7235772357723578,0.9748083242059146,1.3472070098576123,0.8306112925804947
3,14,irregular,2,1389,217,1172,206,1183,11,0.14830813534917206,0.9493087557603687,6.400921658986175,0.2565379825653798
3,14,regular,3,442,1052,610,442,0,610,1.0,0.42015209125475284,0.42015209125475284,0.5917001338688085
3,14,semiregular,3,230,913,683,189,41,724,0.8217391304347826,0.20700985761226726,0.25191675794085433,0.3307086614173228
3,14,irregular,3,1049,217,832,38,1011,179,0.03622497616777884,0.17511520737327188,4.8341013824884795,0.06003159557661927
3,15,regular,1,987,964,23,964,23,0,0.9766970618034447,1.0,1.0238589211618256,0.9882111737570476
3,15,semiregular,1,953,774,179,748,205,26,0.7848898216159497,0.9664082687338501,1.231266149870801,0.8662420382165604
3,15,irregular,1,893,218,675,177,716,41,0.19820828667413215,0.8119266055045872,4.0963302752293576,0.3186318631863187
3,15,regular,2,537,964,427,534,3,430,0.994413407821229,0.553941908713693,0.5570539419087137,0.7115256495669553
3,15,semiregular,2,607,774,167,493,114,281,0.8121911037891268,0.6369509043927648,0.7842377260981912,0.7139753801593048
3,15,irregular,2,748,218,530,146,602,72,0.19518716577540107,0.6697247706422018,3.4311926605504586,0.3022774327122153
3,15,regular,3,745,964,219,743,2,221,0.9973154362416108,0.770746887966805,0.7728215767634855,0.8695143358689292
3,15,semiregular,3,450,774,324,378,72,396,0.84,0.4883720930232558,0.5813953488372093,0.6176470588235294
3,15,irregular,3,918,218,700,101,817,117,0.11002178649237472,0.463302752293578,4.2110091743119265,0.1778169014084507
3,16,regular,1,0,1109,1109,0,0,1109,-1,-1,0.0,-1
3,16,semiregular,1,2,681,679,2,0,679,1.0,0.002936857562408223,0.002936857562408223,0.005856515373352854
3,16,irregular,1,64,272,208,11,53,261,0.171875,0.04044117647058824,0.23529411764705882,0.06547619047619048
3,16,regular,2,1052,1109,57,1047,5,62,0.9952471482889734,0.9440937781785392,0.9486023444544635,0.968995835261453
3,16,semiregular,2,677,681,4,543,134,138,0.8020679468242246,0.7973568281938326,0.9941262848751835,0.7997054491899852
3,16,irregular,2,868,272,596,259,609,13,0.29838709677419356,0.9522058823529411,3.1911764705882355,0.4543859649122807
3,16,regular,3,151,1109,958,148,3,961,0.9801324503311258,0.13345356176735798,0.13615870153291254,0.23492063492063495
3,16,semiregular,3,159,681,522,86,73,595,0.5408805031446541,0.1262848751835536,0.23348017621145375,0.2047619047619048
3,16,irregular,3,799,272,527,80,719,192,0.10012515644555695,0.29411764705882354,2.9375,0.14939309056956115
3,17,regular,1,247,1029,782,247,0,782,1.0,0.2400388726919339,0.2400388726919339,0.38714733542319746
3,17,semiregular,1,173,837,664,164,9,673,0.9479768786127167,0.1959378733572282,0.2066905615292712,0.32475247524752476
3,17,irregular,1,255,240,15,50,205,190,0.19607843137254902,0.20833333333333334,1.0625,0.20202020202020202
3,17,regular,2,1024,1029,5,1014,10,15,0.990234375,0.9854227405247813,0.9951409135082604,0.9878226984900146
3,17,semiregular,2,1057,837,220,814,243,23,0.7701040681173131,0.972520908004779,1.2628434886499402,0.8595564941921858
3,17,irregular,2,1729,240,1489,240,1489,0,0.13880855986119145,1.0,7.204166666666667,0.2437785678009142
3,17,regular,3,767,1029,262,766,1,263,0.9986962190352021,0.7444120505344995,0.7453838678328474,0.8530066815144767
3,17,semiregular,3,476,837,361,443,33,394,0.930672268907563,0.5292712066905615,0.5686977299880526,0.6747905559786748
3,17,irregular,3,122,240,118,79,43,161,0.6475409836065574,0.32916666666666666,0.5083333333333333,0.43646408839779
3,18,regular,1,705,1044,339,705,0,339,1.0,0.6752873563218391,0.6752873563218391,0.8061749571183534
3,18,semiregular,1,419,801,382,383,36,418,0.9140811455847255,0.4781523096129838,0.5230961298377028,0.6278688524590164
3,18,irregular,1,27,252,225,18,9,234,0.6666666666666666,0.07142857142857142,0.10714285714285714,0.12903225806451613
3,18,regular,2,1016,1044,28,1011,5,33,0.9950787401574803,0.9683908045977011,0.9731800766283525,0.9815533980582525
3,18,semiregular,2,1007,801,206,785,222,16,0.7795431976166832,0.9800249687890137,1.2571785268414482,0.8683628318584071
3,18,irregular,2,1388,252,1136,250,1138,2,0.18011527377521613,0.9920634920634921,5.507936507936508,0.3048780487804878
3,18,regular,3,856,1044,188,854,2,190,0.9976635514018691,0.8180076628352491,0.8199233716475096,0.8989473684210526
3,18,semiregular,3,616,801,185,563,53,238,0.913961038961039,0.7028714107365793,0.7690387016229713,0.7946365561044461
3,18,irregular,3,526,252,274,157,369,95,0.2984790874524715,0.623015873015873,2.0873015873015874,0.4035989717223651
3,19,regular,1,1083,1076,7,1070,13,6,0.9879963065558633,0.9944237918215614,1.0065055762081785,0.9911996294580825
3,19,semiregular,1,906,753,153,723,183,30,0.7980132450331126,0.9601593625498008,1.203187250996016,0.8716094032549729
3,19,irregular,1,710,245,465,204,506,41,0.28732394366197184,0.8326530612244898,2.8979591836734695,0.4272251308900523
3,19,regular,2,988,1076,88,986,2,90,0.9979757085020243,0.9163568773234201,0.9182156133828996,0.9554263565891472
3,19,semiregular,2,569,753,184,499,70,254,0.8769771528998243,0.6626826029216467,0.7556440903054449,0.7549167927382753
3,19,irregular,2,498,245,253,169,329,76,0.3393574297188755,0.689795918367347,2.0326530612244897,0.4549125168236878
3,19,regular,3,677,1076,399,677,0,399,1.0,0.629182156133829,0.629182156133829,0.7723901882487164
3,19,semiregular,3,395,753,358,377,18,376,0.9544303797468354,0.50066401062417,0.5245683930942895,0.6567944250871081
3,19,irregular,3,97,245,148,96,1,149,0.9896907216494846,0.39183673469387753,0.39591836734693875,0.5614035087719298
3,20,regular,1,1208,1251,43,1201,7,50,0.9942052980132451,0.9600319744204636,0.9656274980015987,0.9768198454656365
3,20,semiregular,1,991,841,150,789,202,52,0.7961654894046418,0.9381688466111772,1.1783590963139121,0.861353711790393
3,20,irregular,1,944,252,692,189,755,63,0.20021186440677965,0.75,3.746031746031746,0.31605351170568563
3,20,regular,2,1207,1251,44,1196,11,55,0.9908864954432477,0.95603517186251,0.964828137490008,0.9731489015459723
3,20,semiregular,2,1165,841,324,834,331,7,0.7158798283261802,0.9916765755053508,1.38525564803805,0.8315054835493519
3,20,irregular,2,1467,252,1215,249,1218,3,0.16973415132924335,0.9880952380952381,5.821428571428571,0.28970331588132636
3,20,regular,3,951,1251,300,946,5,305,0.9947423764458465,0.7561950439648282,0.7601918465227818,0.8592188919164396
3,20,semiregular,3,505,841,336,413,92,428,0.8178217821782178,0.49108204518430437,0.6004756242568371,0.613670133729569
3,20,irregular,3,874,252,622,134,740,118,0.15331807780320367,0.5317460317460317,3.4682539682539684,0.2380106571936057
3,21,regular,1,943,920,23,918,25,2,0.9734888653234358,0.9978260869565218,1.025,0.9855072463768115
3,21,semiregular,1,929,549,380,524,405,25,0.5640473627556513,0.9544626593806922,1.692167577413479,0.7090663058186739
3,21,irregular,1,732,204,528,181,551,23,0.24726775956284153,0.8872549019607843,3.588235294117647,0.38675213675213677
3,21,regular,2,924,920,4,919,5,1,0.9945887445887446,0.9989130434782608,1.0043478260869565,0.9967462039045553
3,21,semiregular,2,791,549,242,468,323,81,0.5916561314791403,0.8524590163934426,1.4408014571948997,0.698507462686567
3,21,irregular,2,438,204,234,153,285,51,0.3493150684931507,0.75,2.1470588235294117,0.47663551401869153
3,21,regular,3,488,920,432,488,0,432,1.0,0.5304347826086957,0.5304347826086957,0.6931818181818182
3,21,semiregular,3,151,549,398,58,93,491,0.3841059602649007,0.10564663023679417,0.2750455373406193,0.16571428571428573
3,21,irregular,3,935,204,731,38,897,166,0.040641711229946524,0.18627450980392157,4.583333333333333,0.06672519754170325
3,22,regular,1,1010,946,64,944,66,2,0.9346534653465347,0.9978858350951374,1.0676532769556026,0.9652351738241308
3,22,semiregular,1,958,703,255,685,273,18,0.7150313152400835,0.9743954480796586,1.3627311522048364,0.8248043347381094
3,22,irregular,1,1046,247,799,224,822,23,0.21414913957934992,0.9068825910931174,4.234817813765182,0.3464810518174788
3,22,regular,2,953,946,7,931,22,15,0.9769150052465897,0.9841437632135307,1.007399577167019,0.9805160610847815
3,22,semiregular,2,898,703,195,647,251,56,0.720489977728285,0.9203413940256046,1.2773826458036985,0.8082448469706434
3,22,irregular,2,662,247,415,224,438,23,0.338368580060423,0.9068825910931174,2.6801619433198383,0.4928492849284929
3,22,regular,3,40,946,906,40,0,906,1.0,0.042283298097251586,0.042283298097251586,0.08113590263691683
3,22,semiregular,3,52,703,651,27,25,676,0.5192307692307693,0.03840682788051209,0.07396870554765292,0.07152317880794702
3,22,irregular,3,904,247,657,58,846,189,0.06415929203539823,0.23481781376518218,3.659919028340081,0.1007819287576021
3,23,regular,1,1026,999,27,997,29,2,0.9717348927875243,0.997997997997998,1.027027027027027,0.9846913580246914
3,23,semiregular,1,879,835,44,733,146,102,0.8339021615472128,0.8778443113772455,1.0526946107784432,0.8553092182030338
3,23,irregular,1,692,266,426,91,601,175,0.1315028901734104,0.34210526315789475,2.601503759398496,0.1899791231732777
3,23,regular,2,969,999,30,926,43,73,0.95562435500516,0.9269269269269269,0.96996996996997,0.9410569105691057
3,23,semiregular,2,1139,835,304,825,314,10,0.7243195785776997,0.9880239520958084,1.3640718562874252,0.8358662613981763
3,23,irregular,2,2401,266,2135,266,2135,0,0.11078717201166181,1.0,9.026315789473685,0.19947506561679793
3,23,regular,3,914,999,85,912,2,87,0.9978118161925602,0.9129129129129129,0.914914914914915,0.9534762153685311
3,23,semiregular,3,529,835,306,411,118,424,0.776937618147448,0.49221556886227547,0.6335329341317365,0.6026392961876833
3,23,irregular,3,1480,266,1214,158,1322,108,0.10675675675675676,0.5939849624060151,5.56390977443609,0.1809851088201604
3,24,regular,1,1086,1079,7,1075,11,4,0.9898710865561694,0.9962928637627433,1.0064874884151993,0.9930715935334873
3,24,semiregular,1,776,680,96,661,115,19,0.8518041237113402,0.9720588235294118,1.1411764705882352,0.907967032967033
3,24,irregular,1,1393,247,1146,208,1185,39,0.14931801866475233,0.8421052631578947,5.6396761133603235,0.25365853658536586
3,24,regular,2,1039,1079,40,1029,10,50,0.9903753609239654,0.953660797034291,0.9629286376274329,0.971671388101983
3,24,semiregular,2,795,680,115,663,132,17,0.8339622641509434,0.975,1.1691176470588236,0.8989830508474577
3,24,irregular,2,1848,247,1601,247,1601,0,0.13365800865800867,1.0,7.481781376518219,0.23579952267303106
3,24,regular,3,353,1079,726,353,0,726,1.0,0.32715477293790546,0.32715477293790546,0.4930167597765363
3,24,semiregular,3,89,680,591,78,11,602,0.8764044943820225,0.11470588235294117,0.13088235294117648,0.20286085825747724
3,24,irregular,3,35,247,212,17,18,230,0.4857142857142857,0.06882591093117409,0.1417004048582996,0.12056737588652482
3,25,regular,1,952,946,6,944,8,2,0.9915966386554622,0.9978858350951374,1.0063424947145878,0.9947312961011591
3,25,semiregular,1,931,718,213,698,233,20,0.7497314715359829,0.9721448467966574,1.2966573816155988,0.8465736810187993
3,25,irregular,1,1833,207,1626,194,1639,13,0.10583742498636116,0.9371980676328503,8.855072463768115,0.1901960784313726
3,25,regular,2,926,946,20,921,5,25,0.9946004319654428,0.9735729386892178,0.9788583509513742,0.983974358974359
3,25,semiregular,2,956,718,238,695,261,23,0.7269874476987448,0.967966573816156,1.3314763231197773,0.8303464755077659
3,25,irregular,2,2180,207,1973,159,2021,48,0.07293577981651377,0.7681159420289855,10.531400966183575,0.13322161709258484
3,25,regular,3,852,946,94,849,3,97,0.9964788732394366,0.8974630021141649,0.9006342494714588,0.9443826473859844
3,25,semiregular,3,586,718,132,489,97,229,0.8344709897610921,0.6810584958217271,0.8161559888579387,0.75
3,25,irregular,3,378,207,171,42,336,165,0.1111111111111111,0.2028985507246377,1.826086956521739,0.14358974358974358
3,26,regular,1,1023,985,38,985,38,0,0.9628543499511242,1.0,1.0385786802030457,0.9810756972111554
3,26,semiregular,1,937,720,217,685,252,35,0.7310565635005336,0.9513888888888888,1.301388888888889,0.8267954133977067
3,26,irregular,1,1326,214,1112,210,1116,4,0.1583710407239819,0.9813084112149533,6.196261682242991,0.2727272727272727
3,26,regular,2,1090,985,105,985,105,0,0.9036697247706422,1.0,1.1065989847715736,0.9493975903614458
3,26,semiregular,2,915,720,195,690,225,30,0.7540983606557377,0.9583333333333334,1.2708333333333333,0.8440366972477064
3,26,irregular,2,1573,214,1359,213,1360,1,0.1354100445009536,0.9953271028037384,7.350467289719626,0.23838836038052605
3,26,regular,3,9,985,976,9,0,976,1.0,0.009137055837563452,0.009137055837563452,0.018108651911468814
3,26,semiregular,3,0,720,720,0,0,720,-1,-1,0.0,-1
3,26,irregular,3,120,214,94,5,115,209,0.041666666666666664,0.02336448598130841,0.5607476635514018,0.029940119760479042
3,27,regular,1,1135,1166,31,1129,6,37,0.9947136563876652,0.9682675814751286,0.9734133790737565,0.9813124728378965
3,27,semiregular,1,931,728,203,698,233,30,0.7497314715359829,0.9587912087912088,1.2788461538461537,0.8414707655213984
3,27,irregular,1,2007,270,1737,247,1760,23,0.12306925759840558,0.9148148148148149,7.433333333333334,0.21695212999560826
3,27,regular,2,1139,1166,27,1132,7,34,0.9938542581211589,0.9708404802744426,0.9768439108061749,0.9822125813449024
3,27,semiregular,2,908,728,180,675,233,53,0.7433920704845814,0.9271978021978022,1.2472527472527473,0.8251833740831296
3,27,irregular,2,2176,270,1906,261,1915,9,0.11994485294117647,0.9666666666666667,8.059259259259258,0.2134096484055601
3,27,regular,3,998,1166,168,993,5,173,0.9949899799599199,0.8516295025728988,0.855917667238422,0.9177449168207025
3,27,semiregular,3,490,728,238,389,101,339,0.7938775510204081,0.5343406593406593,0.6730769230769231,0.638752052545156
3,27,irregular,3,1594,270,1324,158,1436,112,0.09912170639899624,0.5851851851851851,5.9037037037037035,0.16952789699570817
3,28,regular,1,1086,1098,12,1077,9,21,0.9917127071823204,0.9808743169398907,0.9890710382513661,0.9862637362637362
3,28,semiregular,1,1015,859,156,828,187,31,0.8157635467980295,0.9639115250291036,1.1816065192083818,0.8836712913553896
3,28,irregular,1,2378,293,2085,269,2109,24,0.11312026913372582,0.9180887372013652,8.1160409556314,0.20142268813178585
3,28,regular,2,1093,1098,5,1074,19,24,0.9826166514181153,0.9781420765027322,0.9954462659380692,0.98037425832953
3,28,semiregular,2,1082,859,223,849,233,10,0.7846580406654344,0.9883585564610011,1.259604190919674,0.874806800618238
3,28,irregular,2,2418,293,2125,290,2128,3,0.11993382961124896,0.9897610921501706,8.252559726962458,0.2139431943932128
3,28,regular,3,852,1098,246,838,14,260,0.9835680751173709,0.7632058287795993,0.7759562841530054,0.8594871794871795
3,28,semiregular,3,634,859,225,530,104,329,0.8359621451104101,0.6169965075669382,0.7380675203725262,0.7099799062290689
3,28,irregular,3,1538,293,1245,185,1353,108,0.12028608582574772,0.6313993174061433,5.249146757679181,0.20207536865101036
3,29,regular,1,1142,1140,2,1135,7,5,0.9938704028021016,0.9956140350877193,1.0017543859649123,0.9947414548641542
3,29,semiregular,1,1273,869,404,854,419,15,0.6708562450903378,0.9827387802071347,1.4649021864211738,0.7973856209150327
3,29,irregular,1,1389,247,1142,222,1167,25,0.15982721382289417,0.8987854251012146,5.623481781376518,0.2713936430317848
3,29,regular,2,1116,1140,24,1114,2,26,0.9982078853046595,0.9771929824561404,0.9789473684210527,0.9875886524822696
3,29,semiregular,2,1213,869,344,825,388,44,0.6801319043693322,0.9493670886075949,1.3958573072497122,0.7925072046109509
3,29,irregular,2,1687,247,1440,240,1447,7,0.14226437462951985,0.97165991902834,6.82995951417004,0.24819027921406406
3,29,regular,3,47,1140,1093,46,1,1094,0.9787234042553191,0.04035087719298246,0.0412280701754386,0.07750631844987363
3,29,semiregular,3,98,869,771,41,57,828,0.41836734693877553,0.047180667433831994,0.11277330264672036,0.08479834539813857
3,29,irregular,3,1222,247,975,29,1193,218,0.023731587561374796,0.11740890688259109,4.947368421052632,0.039482641252552755
3,30,regular,1,976,997,21,975,1,22,0.9989754098360656,0.9779338014042126,0.9789368104312939,0.988342625443487
3,30,semiregular,1,926,810,116,766,160,44,0.8272138228941684,0.945679012345679,1.14320987654321,0.8824884792626728
3,30,irregular,1,2469,250,2219,232,2237,18,0.09396516808424463,0.928,9.876,0.17065097462302314
3,30,regular,2,976,997,21,973,3,24,0.9969262295081968,0.9759277833500501,0.9789368104312939,0.9863152559553979
3,30,semiregular,2,899,810,89,745,154,65,0.8286985539488321,0.9197530864197531,1.1098765432098765,0.8718548858981862
3,30,irregular,2,343,250,93,189,154,61,0.5510204081632653,0.756,1.372,0.6374367622259696
3,30,regular,3,754,997,243,752,2,245,0.9973474801061007,0.7542627883650953,0.7562688064192578,0.8589377498572245
3,30,semiregular,3,205,810,605,155,50,655,0.7560975609756098,0.19135802469135801,0.25308641975308643,0.3054187192118227
3,30,irregular,3,1907,250,1657,115,1792,135,0.060304142632406924,0.46,7.628,0.10662957811775613
4,1,regular,1,943,937,6,931,12,6,0.9872746553552492,0.9935965848452508,1.0064034151547492,0.9904255319148937
4,1,semiregular,1,1039,703,336,694,345,9,0.6679499518768046,0.9871977240398293,1.4779516358463727,0.7967853042479908
4,1,irregular,1,494,199,295,188,306,11,0.3805668016194332,0.9447236180904522,2.4824120603015074,0.5425685425685426
4,1,regular,2,1034,937,97,937,97,0,0.9061895551257253,1.0,1.103521878335112,0.9507864028411973
4,1,semiregular,2,1135,703,432,699,436,4,0.6158590308370044,0.9943100995732574,1.6145092460881934,0.7606093579978238
4,1,irregular,2,1060,199,861,199,861,0,0.1877358490566038,1.0,5.326633165829146,0.3161239078633837
4,1,regular,3,930,937,7,885,45,52,0.9516129032258065,0.9445037353255069,0.9925293489861259,0.9480449919657205
4,1,semiregular,3,921,703,218,683,238,20,0.741585233441911,0.9715504978662873,1.310099573257468,0.8411330049261084
4,1,irregular,3,780,199,581,196,584,3,0.2512820512820513,0.9849246231155779,3.919597989949749,0.40040858018386105
4,2,regular,1,1166,1224,58,1155,11,69,0.9905660377358491,0.9436274509803921,0.9526143790849673,0.9665271966527196
4,2,semiregular,1,762,647,115,628,134,19,0.8241469816272966,0.9706336939721792,1.17774343122102,0.8914123491838184
4,2,irregular,1,890,217,673,194,696,23,0.21797752808988763,0.8940092165898618,4.1013824884792625,0.35049683830171635
4,2,regular,2,1222,1224,2,1206,16,18,0.9869067103109657,0.9852941176470589,0.9983660130718954,0.9860997547015536
4,2,semiregular,2,824,647,177,647,177,0,0.7851941747572816,1.0,1.2735703245749614,0.8796736913664174
4,2,irregular,2,1386,217,1169,217,1169,0,0.15656565656565657,1.0,6.387096774193548,0.27074235807860264
4,2,regular,3,1112,1224,112,1103,9,121,0.9919064748201439,0.9011437908496732,0.9084967320261438,0.9443493150684932
4,2,semiregular,3,699,647,52,625,74,22,0.894134477825465,0.9659969088098919,1.080370942812983,0.9286775631500743
4,2,irregular,3,1095,217,878,207,888,10,0.18904109589041096,0.9539170506912442,5.046082949308755,0.3155487804878049
4,3,regular,1,1034,1053,19,1031,3,22,0.9970986460348162,0.9791073124406457,0.9819563152896487,0.9880210828941064
4,3,semiregular,1,918,716,202,698,220,18,0.7603485838779956,0.9748603351955307,1.282122905027933,0.8543451652386781
4,3,irregular,1,856,224,632,205,651,19,0.23948598130841123,0.9151785714285714,3.8214285714285716,0.37962962962962965
4,3,regular,2,1006,1053,47,1003,3,50,0.9970178926441352,0.9525166191832859,0.9553656220322887,0.9742593491986401
4,3,semiregular,2,957,716,241,708,249,8,0.7398119122257053,0.9888268156424581,1.3365921787709498,0.8463837417812313
4,3,irregular,2,1191,224,967,224,967,0,0.18807724601175482,1.0,5.316964285714286,0.3166077738515901
4,3,regular,3,963,1053,90,960,3,93,0.9968847352024922,0.9116809116809117,0.9145299145299145,0.9523809523809523
4,3,semiregular,3,848,716,132,689,159,27,0.8125,0.9622905027932961,1.1843575418994414,0.8810741687979539
4,3,irregular,3,1063,224,839,219,844,5,0.20602069614299154,0.9776785714285714,4.745535714285714,0.34032634032634035
4,4,regular,1,1137,1101,36,1099,38,2,0.9665787159190853,0.9981834695731153,1.0326975476839237,0.9821268990169795
4,4,semiregular,1,833,614,219,579,254,35,0.695078031212485,0.9429967426710097,1.3566775244299674,0.8002764340013823
4,4,irregular,1,767,228,539,214,553,14,0.2790091264667536,0.9385964912280702,3.3640350877192984,0.4301507537688442
4,4,regular,2,1146,1101,45,1101,45,0,0.9607329842931938,1.0,1.0408719346049047,0.9799732977303071
4,4,semiregular,2,942,614,328,613,329,1,0.6507430997876857,0.998371335504886,1.5342019543973942,0.787917737789203
4,4,irregular,2,1409,228,1181,228,1181,0,0.16181689141234917,1.0,6.1798245614035086,0.27855833842394623
4,4,regular,3,971,1101,130,961,10,140,0.9897013388259527,0.8728428701180745,0.8819255222524978,0.9276061776061777
4,4,semiregular,3,768,614,154,587,181,27,0.7643229166666666,0.9560260586319218,1.250814332247557,0.8494934876989868
4,4,irregular,3,1133,228,905,222,911,6,0.19593998234774934,0.9736842105263158,4.969298245614035,0.32623071271124177
4,5,regular,1,1035,1044,9,1033,2,11,0.9980676328502416,0.9894636015325671,0.9913793103448276,0.9937469937469937
4,5,semiregular,1,1022,668,354,662,360,6,0.6477495107632094,0.9910179640718563,1.529940119760479,0.7834319526627219
4,5,irregular,1,973,217,756,202,771,15,0.20760534429599178,0.9308755760368663,4.483870967741935,0.33949579831932775
4,5,regular,2,1038,1044,6,1033,5,11,0.9951830443159922,0.9894636015325671,0.9942528735632183,0.9923150816522575
4,5,semiregular,2,1098,668,430,666,432,2,0.6065573770491803,0.9970059880239521,1.6437125748502994,0.7542468856172141
4,5,irregular,2,1498,217,1281,217,1281,0,0.14485981308411214,1.0,6.903225806451613,0.2530612244897959
4,5,regular,3,915,1044,129,913,2,131,0.9978142076502732,0.8745210727969349,0.8764367816091954,0.9321082184788156
4,5,semiregular,3,853,668,185,628,225,40,0.7362250879249707,0.9401197604790419,1.276946107784431,0.8257725180802102
4,5,irregular,3,1198,217,981,216,982,1,0.18030050083472454,0.9953917050691244,5.52073732718894,0.30530035335689043
4,6,regular,1,928,915,13,901,27,14,0.9709051724137931,0.9846994535519126,1.014207650273224,0.9777536625067824
4,6,semiregular,1,805,701,104,654,151,47,0.8124223602484472,0.9329529243937232,1.1483594864479316,0.8685258964143426
4,6,irregular,1,675,195,480,146,529,49,0.2162962962962963,0.7487179487179487,3.4615384615384617,0.33563218390804594
4,6,regular,2,974,915,59,915,59,0,0.9394250513347022,1.0,1.0644808743169398,0.9687665431445209
4,6,semiregular,2,921,701,220,687,234,14,0.745928338762215,0.9800285306704708,1.3138373751783168,0.8471023427866831
4,6,irregular,2,1544,195,1349,195,1349,0,0.12629533678756477,1.0,7.917948717948718,0.22426682001150086
4,6,regular,3,844,915,71,817,27,98,0.9680094786729858,0.892896174863388,0.9224043715846995,0.9289368959636157
4,6,semiregular,3,776,701,75,642,134,59,0.8273195876288659,0.9158345221112696,1.1069900142653353,0.8693297224102912
4,6,irregular,3,1104,195,909,181,923,14,0.16394927536231885,0.9282051282051282,5.661538461538462,0.2786759045419554
4,7,regular,1,1275,1230,45,1229,46,1,0.9639215686274509,0.9991869918699187,1.0365853658536586,0.9812375249500999
4,7,semiregular,1,835,761,74,671,164,90,0.8035928143712575,0.8817345597897503,1.0972404730617609,0.8408521303258145
4,7,irregular,1,1366,225,1141,182,1184,43,0.13323572474377746,0.8088888888888889,6.071111111111111,0.22878692646134507
4,7,regular,2,1299,1230,69,1230,69,0,0.9468822170900693,1.0,1.0560975609756098,0.9727164887307236
4,7,semiregular,2,1176,761,415,760,416,1,0.6462585034013606,0.9986859395532195,1.545335085413929,0.7847186370676305
4,7,irregular,2,1905,225,1680,225,1680,0,0.11811023622047244,1.0,8.466666666666667,0.2112676056338028
4,7,regular,3,1114,1230,116,1107,7,123,0.9937163375224417,0.9,0.9056910569105691,0.9445392491467578
4,7,semiregular,3,926,761,165,730,196,31,0.7883369330453563,0.9592641261498029,1.216819973718791,0.8654416123295791
4,7,irregular,3,1486,225,1261,214,1272,11,0.1440107671601615,0.9511111111111111,6.604444444444445,0.25014611338398596
4,8,regular,1,1034,1035,1,1023,11,12,0.9893617021276596,0.9884057971014493,0.9990338164251208,0.9888835186080233
4,8,semiregular,1,972,827,145,772,200,55,0.7942386831275721,0.9334945586457074,1.1753325272067714,0.8582545858810451
4,8,irregular,1,1253,243,1010,200,1053,43,0.1596169193934557,0.823045267489712,5.156378600823046,0.26737967914438504
4,8,regular,2,986,1035,49,978,8,57,0.9918864097363083,0.9449275362318841,0.9526570048309179,0.9678377041068777
4,8,semiregular,2,1010,827,183,794,216,33,0.7861386138613862,0.9600967351874244,1.2212817412333736,0.864452912357104
4,8,irregular,2,2002,243,1759,237,1765,6,0.11838161838161838,0.9753086419753086,8.238683127572017,0.21113585746102453
4,8,regular,3,929,1035,106,924,5,111,0.9946178686759957,0.8927536231884058,0.8975845410628019,0.9409368635437881
4,8,semiregular,3,851,827,24,730,121,97,0.8578143360752056,0.8827085852478839,1.0290205562273278,0.8700834326579261
4,8,irregular,3,1479,243,1236,214,1265,29,0.1446923597025017,0.8806584362139918,6.08641975308642,0.24854819976771197
4,9,regular,1,1080,1107,27,1074,6,33,0.9944444444444445,0.9701897018970189,0.975609756097561,0.9821673525377229
4,9,semiregular,1,727,701,26,633,94,68,0.8707015130674003,0.9029957203994294,1.037089871611983,0.8865546218487396
4,9,irregular,1,1060,266,794,211,849,55,0.19905660377358492,0.793233082706767,3.9849624060150375,0.3182503770739065
4,9,regular,2,1078,1107,29,1070,8,37,0.9925788497217068,0.966576332429991,0.973803071364047,0.9794050343249427
4,9,semiregular,2,804,701,103,672,132,29,0.835820895522388,0.9586305278174037,1.1469329529243937,0.8930232558139535
4,9,irregular,2,1781,266,1515,265,1516,1,0.14879281302638966,0.9962406015037594,6.695488721804511,0.2589154860771861
4,9,regular,3,1010,1107,97,1004,6,103,0.994059405940594,0.9069557362240289,0.912375790424571,0.9485120453471896
4,9,semiregular,3,679,701,22,621,58,80,0.914580265095729,0.8858773181169758,0.9686162624821684,0.9
4,9,irregular,3,1392,266,1126,236,1156,30,0.16954022988505746,0.8872180451127819,5.2330827067669174,0.28468033775633284
4,10,regular,1,1030,1014,16,1009,21,5,0.9796116504854369,0.995069033530572,1.0157790927021697,0.9872798434442269
4,10,semiregular,1,844,656,188,641,203,15,0.759478672985782,0.9771341463414634,1.2865853658536586,0.8546666666666667
4,10,irregular,1,808,247,561,240,568,7,0.297029702970297,0.97165991902834,3.2712550607287447,0.4549763033175355
4,10,regular,2,1076,1014,62,1014,62,0,0.9423791821561338,1.0,1.0611439842209074,0.970334928229665
4,10,semiregular,2,915,656,259,649,266,7,0.7092896174863388,0.989329268292683,1.3948170731707317,0.8262253341820496
4,10,irregular,2,1299,247,1052,247,1052,0,0.1901462663587375,1.0,5.2591093117408905,0.3195342820181113
4,10,regular,3,990,1014,24,971,19,43,0.9808080808080808,0.9575936883629191,0.9763313609467456,0.969061876247505
4,10,semiregular,3,782,656,126,636,146,20,0.8132992327365729,0.9695121951219512,1.1920731707317074,0.8845618915159944
4,10,irregular,3,1104,247,857,247,857,0,0.223731884057971,1.0,4.469635627530365,0.36565507031828276
4,11,regular,1,1083,1070,13,1065,18,5,0.9833795013850416,0.9953271028037384,1.0121495327102803,0.9893172317696239
4,11,semiregular,1,893,700,193,687,206,13,0.7693169092945129,0.9814285714285714,1.2757142857142858,0.8625235404896422
4,11,irregular,1,833,239,594,205,628,34,0.2460984393757503,0.8577405857740585,3.485355648535565,0.38246268656716415
4,11,regular,2,1079,1070,9,1067,12,3,0.9888785912882299,0.997196261682243,1.0084112149532711,0.9930200093066543
4,11,semiregular,2,1003,700,303,698,305,2,0.6959122632103689,0.9971428571428571,1.4328571428571428,0.8197298884321784
4,11,irregular,2,1514,239,1275,239,1275,0,0.15785997357992074,1.0,6.334728033472803,0.27267541357672564
4,11,regular,3,937,1070,133,935,2,135,0.9978655282817502,0.8738317757009346,0.8757009345794392,0.931738913801694
4,11,semiregular,3,775,700,75,636,139,64,0.8206451612903226,0.9085714285714286,1.1071428571428572,0.8623728813559323
4,11,irregular,3,1157,239,918,210,947,29,0.1815038893690579,0.8786610878661087,4.841004184100418,0.3008595988538682
4,12,regular,1,1020,1007,13,1007,13,0,0.9872549019607844,1.0,1.012909632571996,0.9935865811544154
4,12,semiregular,1,908,641,267,626,282,15,0.6894273127753304,0.9765990639625585,1.4165366614664587,0.8082633957391866
4,12,irregular,1,903,204,699,200,703,4,0.22148394241417496,0.9803921568627451,4.426470588235294,0.36133694670280037
4,12,regular,2,1090,1007,83,1007,83,0,0.9238532110091743,1.0,1.0824230387288978,0.960419647114926
4,12,semiregular,2,980,641,339,632,348,9,0.6448979591836734,0.9859594383775351,1.5288611544461779,0.7797655768044417
4,12,irregular,2,1591,204,1387,204,1387,0,0.12822124450031427,1.0,7.799019607843137,0.22729805013927576
4,12,regular,3,918,1007,89,914,4,93,0.9956427015250545,0.9076464746772592,0.9116186693147964,0.9496103896103897
4,12,semiregular,3,785,641,144,595,190,46,0.7579617834394905,0.9282371294851794,1.2246489859594383,0.8345021037868163
4,12,irregular,3,1225,204,1021,194,1031,10,0.15836734693877552,0.9509803921568627,6.004901960784314,0.27151854443666906
4,13,regular,1,988,1000,12,986,2,14,0.9979757085020243,0.986,0.988,0.9919517102615695
4,13,semiregular,1,937,815,122,787,150,28,0.83991462113127,0.9656441717791411,1.1496932515337424,0.8984018264840182
4,13,irregular,1,1071,216,855,174,897,42,0.16246498599439776,0.8055555555555556,4.958333333333333,0.2703962703962704
4,13,regular,2,1032,1000,32,1000,32,0,0.9689922480620154,1.0,1.032,0.9842519685039369
4,13,semiregular,2,1061,815,246,815,246,0,0.7681432610744581,1.0,1.301840490797546,0.8688699360341151
4,13,irregular,2,2164,216,1948,216,1948,0,0.09981515711645102,1.0,10.018518518518519,0.18151260504201683
4,13,regular,3,961,1000,39,959,2,41,0.9979188345473465,0.959,0.961,0.9780724120346761
4,13,semiregular,3,840,815,25,733,107,82,0.8726190476190476,0.8993865030674847,1.030674846625767,0.8858006042296073
4,13,irregular,3,1571,216,1355,195,1376,21,0.12412476129853596,0.9027777777777778,7.273148148148148,0.21824286513710128
4,14,regular,1,1026,1052,26,1025,1,27,0.9990253411306043,0.9743346007604563,0.9752851711026616,0.9865255052935515
4,14,semiregular,1,1159,913,246,889,270,24,0.7670405522001725,0.9737130339539978,1.2694414019715226,0.858108108108108
4,14,irregular,1,836,217,619,189,647,28,0.22607655502392343,0.8709677419354839,3.8525345622119818,0.35897435897435903
4,14,regular,2,1043,1052,9,1037,6,15,0.9942473633748802,0.9857414448669202,0.9914448669201521,0.9899761336515513
4,14,semiregular,2,1260,913,347,912,348,1,0.7238095238095238,0.9989047097480832,1.380065717415115,0.839392544868845
4,14,irregular,2,1482,217,1265,217,1265,0,0.14642375168690958,1.0,6.829493087557604,0.2554443790464979
4,14,regular,3,967,1052,85,964,3,88,0.9968976215098242,0.9163498098859315,0.9192015209125475,0.9549281822684497
4,14,semiregular,3,1017,913,104,853,164,60,0.8387413962635202,0.9342825848849945,1.1139101861993428,0.8839378238341968
4,14,irregular,3,962,217,745,188,774,29,0.19542619542619544,0.8663594470046083,4.433179723502304,0.31891433418150983
4,15,regular,1,977,964,13,964,13,0,0.9866939611054247,1.0,1.0134854771784232,0.9933024214322513
4,15,semiregular,1,971,774,197,763,208,11,0.7857878475798146,0.9857881136950905,1.2545219638242895,0.8744985673352436
4,15,irregular,1,914,218,696,196,718,22,0.21444201312910285,0.8990825688073395,4.192660550458716,0.3462897526501767
4,15,regular,2,928,964,36,923,5,41,0.9946120689655172,0.9574688796680498,0.9626556016597511,0.9756871035940804
4,15,semiregular,2,998,774,224,758,240,16,0.7595190380761523,0.979328165374677,1.2894056847545219,0.8555304740406321
4,15,irregular,2,1617,218,1399,218,1399,0,0.13481756338899195,1.0,7.41743119266055,0.23760217983651227
4,15,regular,3,812,964,152,810,2,154,0.9975369458128078,0.8402489626556017,0.8423236514522822,0.9121621621621621
4,15,semiregular,3,810,774,36,691,119,83,0.8530864197530864,0.8927648578811369,1.0465116279069768,0.8724747474747475
4,15,irregular,3,1065,218,847,195,870,23,0.18309859154929578,0.8944954128440367,4.885321100917431,0.303975058456742
4,16,regular,1,1094,1109,15,1087,7,22,0.993601462522852,0.9801623083859333,0.9864743011722272,0.9868361325465275
4,16,semiregular,1,841,681,160,656,185,25,0.7800237812128419,0.9632892804698973,1.234948604992658,0.8620236530880421
4,16,irregular,1,935,272,663,217,718,55,0.2320855614973262,0.7977941176470589,3.4375,0.35956917978458985
4,16,regular,2,1154,1109,45,1109,45,0,0.9610051993067591,1.0,1.0405770964833183,0.9801148917366327
4,16,semiregular,2,964,681,283,676,288,5,0.7012448132780082,0.9926578560939795,1.4155653450807635,0.8218844984802433
4,16,irregular,2,1485,272,1213,272,1213,0,0.18316498316498317,1.0,5.459558823529412,0.30961866818440525
4,16,regular,3,861,1109,248,855,6,254,0.9930313588850174,0.7709648331830478,0.7763751127141569,0.868020304568528
4,16,semiregular,3,723,681,42,593,130,88,0.8201936376210235,0.8707782672540382,1.0616740088105727,0.8447293447293447
4,16,irregular,3,1070,272,798,241,829,31,0.2252336448598131,0.8860294117647058,3.9338235294117645,0.35916542473919527
4,17,regular,1,1027,1029,2,1021,6,8,0.994157740993184,0.9922254616132167,0.9980563654033042,0.9931906614785992
4,17,semiregular,1,924,837,87,770,154,67,0.8333333333333334,0.9199522102747909,1.103942652329749,0.8745031232254401
4,17,irregular,1,867,240,627,187,680,53,0.21568627450980393,0.7791666666666667,3.6125,0.33785004516711836
4,17,regular,2,1036,1029,7,1023,13,6,0.9874517374517374,0.9941690962099126,1.0068027210884354,0.9907990314769977
4,17,semiregular,2,1025,837,188,814,211,23,0.7941463414634147,0.972520908004779,1.2246117084826762,0.8743286788399571
4,17,irregular,2,1540,240,1300,240,1300,0,0.15584415584415584,1.0,6.416666666666667,0.2696629213483146
4,17,regular,3,1003,1029,26,996,7,33,0.9930209371884346,0.967930029154519,0.9747327502429544,0.9803149606299213
4,17,semiregular,3,960,837,123,822,138,15,0.85625,0.982078853046595,1.146953405017921,0.9148580968280468
4,17,irregular,3,1418,240,1178,235,1183,5,0.16572637517630465,0.9791666666666666,5.908333333333333,0.2834740651387213
4,18,regular,1,1036,1044,8,1031,5,13,0.9951737451737451,0.9875478927203065,0.9923371647509579,0.9913461538461539
4,18,semiregular,1,940,801,139,771,169,30,0.8202127659574469,0.9625468164794008,1.1735330836454432,0.8856978747846066
4,18,irregular,1,881,252,629,209,672,43,0.23723041997729852,0.8293650793650794,3.496031746031746,0.36893203883495146
4,18,regular,2,1047,1044,3,1038,9,6,0.9914040114613181,0.9942528735632183,1.0028735632183907,0.9928263988522238
4,18,semiregular,2,1043,801,242,793,250,8,0.7603068072866731,0.9900124843945068,1.3021223470661674,0.8600867678958786
4,18,irregular,2,1396,252,1144,251,1145,1,0.17979942693409742,0.996031746031746,5.5396825396825395,0.3046116504854369
4,18,regular,3,1116,1044,72,1044,72,0,0.9354838709677419,1.0,1.0689655172413792,0.9666666666666666
4,18,semiregular,3,981,801,180,786,195,15,0.8012232415902141,0.9812734082397003,1.2247191011235956,0.8821548821548821
4,18,irregular,3,1136,252,884,252,884,0,0.22183098591549297,1.0,4.507936507936508,0.3631123919308357
4,19,regular,1,997,1076,79,995,2,81,0.9979939819458375,0.9247211895910781,0.9265799256505576,0.9599614085865895
4,19,semiregular,1,834,753,81,702,132,51,0.841726618705036,0.9322709163346613,1.1075697211155378,0.8846880907372401
4,19,irregular,1,666,245,421,205,461,40,0.3078078078078078,0.8367346938775511,2.7183673469387757,0.4500548847420417
4,19,regular,2,1115,1076,39,1074,41,2,0.9632286995515695,0.9981412639405205,1.0362453531598512,0.98037425832953
4,19,semiregular,2,956,753,203,742,214,11,0.7761506276150628,0.9853917662682603,1.2695883134130146,0.8683440608543007
4,19,irregular,2,1249,245,1004,245,1004,0,0.19615692554043235,1.0,5.09795918367347,0.3279785809906292
4,19,regular,3,1026,1076,50,1022,4,54,0.9961013645224172,0.949814126394052,0.9535315985130112,0.972407231208373
4,19,semiregular,3,834,753,81,720,114,33,0.8633093525179856,0.9561752988047809,1.1075697211155378,0.9073724007561437
4,19,irregular,3,1003,245,758,233,770,12,0.23230309072781655,0.9510204081632653,4.093877551020408,0.3733974358974359
4,20,regular,1,1136,1251,115,1133,3,118,0.9973591549295775,0.9056754596322941,0.9080735411670664,0.9493087557603688
4,20,semiregular,1,967,841,126,780,187,61,0.8066184074457083,0.9274673008323424,1.149821640903686,0.8628318584070795
4,20,irregular,1,1014,252,762,194,820,58,0.1913214990138067,0.7698412698412699,4.023809523809524,0.306477093206951
4,20,regular,2,1101,1251,150,1093,8,158,0.9927338782924614,0.873701039168665,0.8800959232613909,0.9294217687074829
4,20,semiregular,2,1075,841,234,822,253,19,0.7646511627906977,0.9774078478002378,1.2782401902497027,0.8580375782881002
4,20,irregular,2,965,252,713,233,732,19,0.24145077720207253,0.9246031746031746,3.8293650793650795,0.38290879211175016
4,20,regular,3,1007,1251,244,1001,6,250,0.9940417080436942,0.8001598721023181,0.8049560351718625,0.8866253321523472
4,20,semiregular,3,884,841,43,731,153,110,0.8269230769230769,0.8692033293697978,1.051129607609988,0.8475362318840579
4,20,irregular,3,962,252,710,204,758,48,0.21205821205821207,0.8095238095238095,3.8174603174603177,0.3360790774299836
4,21,regular,1,939,920,19,919,20,1,0.9787007454739084,0.9989130434782608,1.0206521739130434,0.9887036040882194
4,21,semiregular,1,920,549,371,528,392,21,0.5739130434782609,0.9617486338797814,1.6757741347905282,0.7188563648740639
4,21,irregular,1,761,204,557,192,569,12,0.25229960578186594,0.9411764705882353,3.730392156862745,0.3979274611398963
4,21,regular,2,973,920,53,920,53,0,0.9455292908530318,1.0,1.057608695652174,0.9720021130480718
4,21,semiregular,2,996,549,447,544,452,5,0.5461847389558233,0.9908925318761385,1.814207650273224,0.7042071197411003
4,21,irregular,2,1468,204,1264,204,1264,0,0.13896457765667575,1.0,7.196078431372549,0.24401913875598086
4,21,regular,3,861,920,59,859,2,61,0.9976771196283392,0.933695652173913,0.9358695652173913,0.9646266142616507
4,21,semiregular,3,789,549,240,530,259,19,0.6717363751584284,0.9653916211293261,1.4371584699453552,0.7922272047832586
4,21,irregular,3,1101,204,897,193,908,11,0.17529518619436876,0.946078431372549,5.397058823529412,0.2957854406130268
4,22,regular,1,1006,946,60,944,62,2,0.9383697813121272,0.9978858350951374,1.0634249471458774,0.9672131147540984
4,22,semiregular,1,954,703,251,689,265,14,0.7222222222222222,0.9800853485064012,1.3570412517780939,0.831623415811708
4,22,irregular,1,885,247,638,232,653,15,0.2621468926553672,0.9392712550607287,3.582995951417004,0.40989399293286216
4,22,regular,2,1012,946,66,946,66,0,0.9347826086956522,1.0,1.069767441860465,0.9662921348314606
4,22,semiregular,2,1065,703,362,696,369,7,0.6535211267605634,0.9900426742532006,1.5149359886201992,0.7873303167420814
4,22,irregular,2,1489,247,1242,247,1242,0,0.16588314304902618,1.0,6.02834008097166,0.2845622119815668
4,22,regular,3,853,946,93,836,17,110,0.9800703399765534,0.8837209302325582,0.9016913319238901,0.9294052251250695
4,22,semiregular,3,857,703,154,670,187,33,0.7817969661610268,0.9530583214793741,1.2190611664295874,0.8589743589743589
4,22,irregular,3,1144,247,897,244,900,3,0.21328671328671328,0.9878542510121457,4.631578947368421,0.35082674335010783
4,23,regular,1,612,999,387,588,24,411,0.9607843137254902,0.5885885885885885,0.6126126126126126,0.7299813780260708
4,23,semiregular,1,778,835,57,626,152,209,0.8046272493573264,0.7497005988023953,0.9317365269461078,0.7761934283942963
4,23,irregular,1,1875,266,1609,194,1681,72,0.10346666666666667,0.7293233082706767,7.048872180451128,0.18122372723026622
4,23,regular,2,997,999,2,962,35,37,0.9648946840521565,0.9629629629629629,0.997997997997998,0.9639278557114228
4,23,semiregular,2,977,835,142,780,197,55,0.7983623336745138,0.9341317365269461,1.170059880239521,0.8609271523178809
4,23,irregular,2,2123,266,1857,265,1858,1,0.12482336316533207,0.9962406015037594,7.981203007518797,0.22185014650481374
4,23,regular,3,968,999,31,934,34,65,0.9648760330578512,0.934934934934935,0.968968968968969,0.9496695475343162
4,23,semiregular,3,973,835,138,776,197,59,0.7975334018499486,0.9293413173652695,1.1652694610778442,0.8584070796460177
4,23,irregular,3,1694,266,1428,248,1446,18,0.14639905548996457,0.9323308270676691,6.368421052631579,0.2530612244897959
4,24,regular,1,1088,1079,9,1075,13,4,0.9880514705882353,0.9962928637627433,1.0083410565338276,0.9921550530687586
4,24,semiregular,1,763,680,83,650,113,30,0.8519003931847968,0.9558823529411765,1.1220588235294118,0.9009009009009009
4,24,irregular,1,1081,247,834,211,870,36,0.19518963922294172,0.854251012145749,4.376518218623482,0.3177710843373494
4,24,regular,2,1053,1079,26,1042,11,37,0.9895536562203229,0.9657089898053753,0.9759036144578314,0.9774859287054409
4,24,semiregular,2,823,680,143,673,150,7,0.8177399756986634,0.9897058823529412,1.2102941176470587,0.895542248835662
4,24,irregular,2,1900,247,1653,247,1653,0,0.13,1.0,7.6923076923076925,0.23008849557522126
4,24,regular,3,932,1079,147,924,8,155,0.9914163090128756,0.8563484708063022,0.8637627432808156,0.9189457981103928
4,24,semiregular,3,641,680,39,559,82,121,0.8720748829953198,0.8220588235294117,0.9426470588235294,0.8463285389856169
4,24,irregular,3,1444,247,1197,218,1226,29,0.15096952908587258,0.8825910931174089,5.846153846153846,0.25783560023654645
4,25,regular,1,954,946,8,944,10,2,0.989517819706499,0.9978858350951374,1.0084566596194504,0.9936842105263157
4,25,semiregular,1,937,718,219,701,236,17,0.7481323372465315,0.9763231197771588,1.3050139275766017,0.847129909365559
4,25,irregular,1,1625,207,1418,194,1431,13,0.11938461538461538,0.9371980676328503,7.85024154589372,0.21179039301310046
4,25,regular,2,929,946,17,923,6,23,0.9935414424111948,0.9756871035940803,0.9820295983086681,0.9845333333333334
4,25,semiregular,2,976,718,258,706,270,12,0.7233606557377049,0.9832869080779945,1.3593314763231197,0.8335301062573791
4,25,irregular,2,1492,207,1285,186,1306,21,0.12466487935656836,0.8985507246376812,7.207729468599034,0.21895232489699823
4,25,regular,3,696,946,250,694,2,252,0.9971264367816092,0.733615221987315,0.7357293868921776,0.8453105968331303
4,25,semiregular,3,791,718,73,653,138,65,0.8255372945638433,0.9094707520891365,1.1016713091922006,0.8654738237243208
4,25,irregular,3,1887,207,1680,184,1703,23,0.09750927397986221,0.8888888888888888,9.115942028985508,0.17574021012416427
4,26,regular,1,1015,985,30,984,31,1,0.9694581280788177,0.9989847715736041,1.0304568527918783,0.984
4,26,semiregular,1,951,720,231,696,255,24,0.7318611987381703,0.9666666666666667,1.3208333333333333,0.8330341113105924
4,26,irregular,1,1173,214,959,209,964,5,0.17817561807331628,0.9766355140186916,5.481308411214953,0.3013698630136986
4,26,regular,2,1014,985,29,975,39,10,0.9615384615384616,0.9898477157360406,1.0294416243654823,0.975487743871936
4,26,semiregular,2,662,720,58,535,127,185,0.8081570996978852,0.7430555555555556,0.9194444444444444,0.7742402315484803
4,26,irregular,2,1278,214,1064,194,1084,20,0.15179968701095461,0.9065420560747663,5.97196261682243,0.26005361930294907
4,26,regular,3,929,985,56,919,10,66,0.9892357373519914,0.932994923857868,0.9431472081218274,0.9602925809822361
4,26,semiregular,3,822,720,102,671,151,49,0.816301703163017,0.9319444444444445,1.1416666666666666,0.8702983138780804
4,26,irregular,3,1283,214,1069,205,1078,9,0.1597817614964926,0.9579439252336449,5.9953271028037385,0.2738810955243821
4,27,regular,1,1145,1166,21,1136,9,30,0.9921397379912664,0.9742710120068611,0.9819897084048027,0.9831241886629165
4,27,semiregular,1,907,728,179,695,212,33,0.7662624035281147,0.9546703296703297,1.245879120879121,0.8501529051987767
4,27,irregular,1,1772,270,1502,251,1521,19,0.14164785553047404,0.9296296296296296,6.562962962962963,0.24583741429970615
4,27,regular,2,1165,1166,1,1156,9,10,0.992274678111588,0.9914236706689536,0.9991423670668954,0.9918489918489918
4,27,semiregular,2,1015,728,287,722,293,6,0.7113300492610838,0.9917582417582418,1.3942307692307692,0.8284566838783707
4,27,irregular,2,2285,270,2015,270,2015,0,0.11816192560175055,1.0,8.462962962962964,0.21135029354207438
4,27,regular,3,1027,1166,139,1023,4,143,0.9961051606621227,0.8773584905660378,0.8807890222984562,0.9329685362517101
4,27,semiregular,3,784,728,56,649,135,79,0.8278061224489796,0.8914835164835165,1.0769230769230769,0.8584656084656084
4,27,irregular,3,1726,270,1456,247,1479,23,0.14310544611819234,0.9148148148148149,6.392592592592592,0.24749498997995992
4,28,regular,1,1094,1098,4,1082,12,16,0.9890310786106032,0.9854280510018215,0.9963570127504554,0.9872262773722628
4,28,semiregular,1,1041,859,182,839,202,20,0.8059558117195005,0.9767171129220024,1.2118742724097789,0.8831578947368421
4,28,irregular,1,2235,293,1942,273,1962,20,0.1221476510067114,0.931740614334471,7.6279863481228665,0.21598101265822786
4,28,regular,2,1097,1098,1,1079,18,19,0.98359161349134,0.982695810564663,0.9990892531876139,0.9831435079726651
4,28,semiregular,2,1094,859,235,857,237,2,0.783363802559415,0.9976717112922002,1.2735739231664727,0.8776241679467486
4,28,irregular,2,1872,293,1579,286,1586,7,0.1527777777777778,0.9761092150170648,6.389078498293515,0.2642032332563511
4,28,regular,3,917,1098,181,904,13,194,0.9858233369683751,0.8233151183970856,0.8351548269581056,0.8972704714640197
4,28,semiregular,3,878,859,19,759,119,100,0.8644646924829157,0.8835855646100116,1.0221187427240979,0.8739205526770293
4,28,irregular,3,2060,293,1767,268,1792,25,0.13009708737864079,0.9146757679180887,7.030716723549488,0.22779430514237145
4,29,regular,1,1148,1140,8,1139,9,1,0.9921602787456446,0.9991228070175439,1.0070175438596491,0.9956293706293706
4,29,semiregular,1,1278,869,409,864,414,5,0.676056338028169,0.9942462600690449,1.4706559263521288,0.8048439683278994
4,29,irregular,1,1227,247,980,226,1001,21,0.18418907905460472,0.9149797570850202,4.967611336032388,0.30664857530529166
4,29,regular,2,1129,1140,11,1124,5,16,0.995571302037201,0.9859649122807017,0.9903508771929824,0.9907448215072719
4,29,semiregular,2,1339,869,470,867,472,2,0.6474981329350261,0.997698504027618,1.5408515535097813,0.7853260869565216
4,29,irregular,2,1730,247,1483,247,1483,0,0.14277456647398845,1.0,7.004048582995951,0.24987354577642898
4,29,regular,3,964,1140,176,961,3,179,0.9968879668049793,0.8429824561403508,0.8456140350877193,0.9134980988593155
4,29,semiregular,3,1057,869,188,816,241,53,0.771996215704825,0.9390103567318757,1.2163406214039125,0.8473520249221184
4,29,irregular,3,1307,247,1060,225,1082,22,0.17214996174445293,0.9109311740890689,5.291497975708502,0.28957528957528955
4,30,regular,1,987,997,10,986,1,11,0.9989868287740629,0.9889669007021064,0.9899699097291875,0.9939516129032258
4,30,semiregular,1,954,810,144,788,166,22,0.8259958071278826,0.9728395061728395,1.1777777777777778,0.8934240362811791
4,30,irregular,1,2296,250,2046,227,2069,23,0.09886759581881534,0.908,9.184,0.17831893165750198
4,30,regular,2,1012,997,15,997,15,0,0.9851778656126482,1.0,1.0150451354062187,0.9925335988053758
4,30,semiregular,2,1009,810,199,799,210,11,0.7918731417244796,0.9864197530864197,1.245679012345679,0.8785046728971962
4,30,irregular,2,3080,250,2830,250,2830,0,0.08116883116883117,1.0,12.32,0.15015015015015015
4,30,regular,3,918,997,79,915,3,82,0.9967320261437909,0.917753259779338,0.9207622868605817,0.9556135770234987
4,30,semiregular,3,828,810,18,723,105,87,0.8731884057971014,0.8925925925925926,1.0222222222222221,0.8827838827838828
4,30,irregular,3,1819,250,1569,223,1596,27,0.12259483232545354,0.892,7.276,0.2155630739487675
5,1,regular,1,971,937,34,937,34,0,0.964984552008239,1.0,1.0362860192102454,0.9821802935010482
5,1,semiregular,1,1057,703,354,695,362,8,0.6575212866603595,0.9886201991465149,1.503556187766714,0.7897727272727272
5,1,irregular,1,675,199,476,174,501,25,0.2577777777777778,0.8743718592964824,3.391959798994975,0.3981693363844394
5,1,regular,2,1093,937,156,937,156,0,0.8572735590118938,1.0,1.1664887940234792,0.9231527093596059
5,1,semiregular,2,1211,703,508,701,510,2,0.578860445912469,0.9971550497866287,1.7226173541963015,0.7324973876698014
5,1,irregular,2,1089,199,890,199,890,0,0.1827364554637282,1.0,5.472361809045226,0.30900621118012417
5,1,regular,3,1012,937,75,937,75,0,0.9258893280632411,1.0,1.080042689434365,0.961518727552591
5,1,semiregular,3,1043,703,340,687,356,16,0.6586768935762224,0.9772403982930299,1.4836415362731152,0.7869415807560136
5,1,irregular,3,917,199,718,199,718,0,0.21701199563794984,1.0,4.608040201005025,0.35663082437275984
5,2,regular,1,1130,1224,94,1120,10,104,0.9911504424778761,0.9150326797385621,0.923202614379085,0.951571792693288
5,2,semiregular,1,747,647,100,616,131,31,0.8246318607764391,0.9520865533230294,1.1545595054095827,0.8837876614060258
5,2,irregular,1,1000,217,783,190,810,27,0.19,0.8755760368663594,4.608294930875576,0.3122432210353328
5,2,regular,2,1215,1224,9,1198,17,26,0.9860082304526749,0.9787581699346405,0.9926470588235294,0.982369823698237
5,2,semiregular,2,865,647,218,647,218,0,0.7479768786127168,1.0,1.3369397217928902,0.8558201058201058
5,2,irregular,2,1369,217,1152,217,1152,0,0.1585098612125639,1.0,6.308755760368664,0.27364438839848676
5,2,regular,3,1129,1224,95,1117,12,107,0.9893711248892826,0.9125816993464052,0.9223856209150327,0.9494262643433915
5,2,semiregular,3,740,647,93,635,105,12,0.8581081081081081,0.98145285935085,1.1437403400309119,0.9156452775775055
5,2,irregular,3,1168,217,951,216,952,1,0.18493150684931506,0.9953917050691244,5.382488479262673,0.311913357400722
5,3,regular,1,1024,1053,29,1020,4,33,0.99609375,0.9686609686609686,0.9724596391263058,0.9821858449687049
5,3,semiregular,1,894,716,178,694,200,22,0.7762863534675615,0.9692737430167597,1.2486033519553073,0.862111801242236
5,3,irregular,1,1028,224,804,205,823,19,0.19941634241245138,0.9151785714285714,4.589285714285714,0.3274760383386582
5,3,regular,2,970,1053,83,967,3,86,0.9969072164948454,0.9183285849952516,0.9211775878442545,0.9560059317844785
5,3,semiregular,2,908,716,192,698,210,18,0.7687224669603524,0.9748603351955307,1.2681564245810055,0.8596059113300494
5,3,irregular,2,1096,224,872,223,873,1,0.20346715328467152,0.9955357142857143,4.892857142857143,0.33787878787878783
5,3,regular,3,984,1053,69,981,3,72,0.9969512195121951,0.9316239316239316,0.9344729344729344,0.9631811487481592
5,3,semiregular,3,827,716,111,665,162,51,0.8041112454655381,0.9287709497206704,1.155027932960894,0.8619572261827609
5,3,irregular,3,1093,224,869,221,872,3,0.20219579139981703,0.9866071428571429,4.879464285714286,0.33561123766135154
5,4,regular,1,1115,1101,14,1091,24,10,0.97847533632287,0.9909173478655767,1.0127157129881925,0.9846570397111912
5,4,semiregular,1,788,614,174,557,231,57,0.7068527918781726,0.9071661237785016,1.283387622149837,0.7945791726105564
5,4,irregular,1,773,228,545,171,602,57,0.22121604139715395,0.75,3.3903508771929824,0.34165834165834164
5,4,regular,2,1152,1101,51,1101,51,0,0.9557291666666666,1.0,1.0463215258855585,0.9773635153129161
5,4,semiregular,2,1000,614,386,613,387,1,0.613,0.998371335504886,1.6286644951140066,0.7596034696406444
5,4,irregular,2,1472,228,1244,228,1244,0,0.15489130434782608,1.0,6.456140350877193,0.268235294117647
5,4,regular,3,994,1101,107,983,11,118,0.9889336016096579,0.8928247048138056,0.9028156221616712,0.9384248210023867
5,4,semiregular,3,836,614,222,601,235,13,0.7188995215311005,0.9788273615635179,1.3615635179153094,0.8289655172413792
5,4,irregular,3,1211,228,983,228,983,0,0.18827415359207267,1.0,5.31140350877193,0.31688672689367614
5,5,regular,1,1043,1044,1,1039,4,5,0.9961649089165868,0.9952107279693486,0.9990421455938697,0.9956875898418783
5,5,semiregular,1,1049,668,381,663,386,5,0.6320305052430887,0.9925149700598802,1.5703592814371257,0.7722772277227723
5,5,irregular,1,1247,217,1030,208,1039,9,0.16680032076984763,0.9585253456221198,5.746543778801843,0.2841530054644808
5,5,regular,2,1032,1044,12,1027,5,17,0.9951550387596899,0.9837164750957854,0.9885057471264368,0.9894026974951831
5,5,semiregular,2,1050,668,382,667,383,1,0.6352380952380953,0.9985029940119761,1.5718562874251496,0.7764842840512224
5,5,irregular,2,1344,217,1127,217,1127,0,0.16145833333333334,1.0,6.193548387096774,0.27802690582959644
5,5,regular,3,1019,1044,25,1016,3,28,0.9970559371933267,0.9731800766283525,0.9760536398467433,0.984973339796413
5,5,semiregular,3,977,668,309,663,314,5,0.6786079836233367,0.9925149700598802,1.4625748502994012,0.8060790273556231
5,5,irregular,3,1390,217,1173,217,1173,0,0.15611510791366906,1.0,6.405529953917051,0.2700684505289359
5,6,regular,1,918,915,3,894,24,21,0.9738562091503268,0.9770491803278688,1.0032786885245901,0.9754500818330606
5,6,semiregular,1,756,701,55,618,138,83,0.8174603174603174,0.8815977175463623,1.078459343794579,0.848318462594372
5,6,irregular,1,1093,195,898,164,929,31,0.15004574565416284,0.841025641025641,5.605128205128205,0.2546583850931677
5,6,regular,2,1006,915,91,915,91,0,0.9095427435387674,1.0,1.0994535519125683,0.9526288391462779
5,6,semiregular,2,950,701,249,685,265,16,0.7210526315789474,0.9771754636233951,1.355206847360913,0.8298001211387038
5,6,irregular,2,1341,195,1146,195,1146,0,0.14541387024608501,1.0,6.876923076923077,0.25390625
5,6,regular,3,929,915,14,898,31,17,0.9666307857911733,0.9814207650273225,1.0153005464480875,0.9739696312364426
5,6,semiregular,3,837,701,136,667,170,34,0.7968936678614098,0.9514978601997147,1.1940085592011411,0.8673602080624188
5,6,irregular,3,1276,195,1081,194,1082,1,0.15203761755485892,0.9948717948717949,6.543589743589743,0.2637661454792658
5,7,regular,1,1162,1230,68,1154,8,76,0.9931153184165232,0.9382113821138212,0.9447154471544715,0.9648829431438127
5,7,semiregular,1,774,761,13,618,156,143,0.7984496124031008,0.812089356110381,1.0170827858081473,0.8052117263843648
5,7,irregular,1,350,225,125,100,250,125,0.2857142857142857,0.4444444444444444,1.5555555555555556,0.34782608695652173
5,7,regular,2,1208,1230,22,1192,16,38,0.9867549668874173,0.9691056910569106,0.9821138211382113,0.9778506972928631
5,7,semiregular,2,1092,761,331,759,333,2,0.695054945054945,0.9973718791064389,1.4349540078843628,0.819212088505127
5,7,irregular,2,1823,225,1598,223,1600,2,0.12232583653318706,0.9911111111111112,8.102222222222222,0.2177734375
5,7,regular,3,1153,1230,77,1144,9,86,0.9921942758022549,0.9300813008130081,0.9373983739837398,0.9601342845153168
5,7,semiregular,3,1005,761,244,751,254,10,0.7472636815920398,0.9868593955321945,1.3206307490144547,0.8505096262740656
5,7,irregular,3,1605,225,1380,223,1382,2,0.13894080996884736,0.9911111111111112,7.133333333333334,0.24371584699453555
5,8,regular,1,1007,1035,28,1001,6,34,0.9940417080436942,0.9671497584541063,0.9729468599033816,0.9804113614103821
5,8,semiregular,1,962,827,135,767,195,60,0.7972972972972973,0.9274486094316807,1.1632406287787183,0.8574622694242593
5,8,irregular,1,1478,243,1235,194,1284,49,0.13125845737483086,0.7983539094650206,6.082304526748971,0.22545031958163858
5,8,regular,2,953,1035,82,945,8,90,0.9916054564533053,0.9130434782608695,0.9207729468599034,0.9507042253521126
5,8,semiregular,2,1008,827,181,796,212,31,0.7896825396825397,0.9625151148730351,1.218863361547763,0.8675749318801089
5,8,irregular,2,1943,243,1700,229,1714,14,0.11785898095728255,0.9423868312757202,7.995884773662551,0.20951509606587373
5,8,regular,3,1025,1035,10,1017,8,18,0.9921951219512195,0.9826086956521739,0.9903381642512077,0.987378640776699
5,8,semiregular,3,958,827,131,786,172,41,0.8204592901878914,0.9504232164449818,1.158403869407497,0.880672268907563
5,8,irregular,3,1547,243,1304,238,1309,5,0.15384615384615385,0.9794238683127572,6.366255144032922,0.26592178770949715
5,9,regular,1,1055,1107,52,1049,6,58,0.9943127962085309,0.947606142728094,0.953026196928636,0.9703977798334876
5,9,semiregular,1,724,701,23,634,90,67,0.8756906077348067,0.9044222539229672,1.0328102710413696,0.8898245614035087
5,9,irregular,1,1068,266,802,215,853,51,0.20131086142322097,0.8082706766917294,4.015037593984962,0.32233883058470764
5,9,regular,2,1071,1107,36,1063,8,44,0.992530345471522,0.960252935862692,0.967479674796748,0.9761248852157943
5,9,semiregular,2,824,701,123,678,146,23,0.8228155339805825,0.9671897289586305,1.1754636233951499,0.8891803278688525
5,9,irregular,2,1777,266,1511,266,1511,0,0.14969048958919529,1.0,6.680451127819549,0.26040137053352913
5,9,regular,3,1004,1107,103,997,7,110,0.9930278884462151,0.90063233965673,0.9069557362240289,0.9445760303173852
5,9,semiregular,3,709,701,8,626,83,75,0.8829337094499294,0.8930099857346647,1.0114122681883024,0.8879432624113475
5,9,irregular,3,1486,266,1220,254,1232,12,0.17092866756393002,0.9548872180451128,5.586466165413534,0.28995433789954345
5,10,regular,1,1071,1014,57,1009,62,5,0.942110177404295,0.995069033530572,1.0562130177514792,0.9678657074340529
5,10,semiregular,1,848,656,192,638,210,18,0.7523584905660378,0.9725609756097561,1.2926829268292683,0.8484042553191489
5,10,irregular,1,1194,247,947,242,952,5,0.20268006700167504,0.979757085020243,4.834008097165992,0.3358778625954199
5,10,regular,2,1155,1014,141,1014,141,0,0.8779220779220779,1.0,1.1390532544378698,0.9349930843706776
5,10,semiregular,2,947,656,291,650,297,6,0.6863780359028511,0.9908536585365854,1.4435975609756098,0.8109794135995009
5,10,irregular,2,1381,247,1134,247,1134,0,0.1788559015206372,1.0,5.5910931174089065,0.3034398034398034
5,10,regular,3,1091,1014,77,1014,77,0,0.9294225481209899,1.0,1.0759368836291914,0.9634204275534441
5,10,semiregular,3,687,656,31,582,105,74,0.8471615720524017,0.8871951219512195,1.0472560975609757,0.8667163067758749
5,10,irregular,3,1119,247,872,246,873,1,0.21983914209115282,0.9959514170040485,4.530364372469635,0.3601756954612006
5,11,regular,1,1063,1070,7,1059,4,11,0.9962370649106302,0.9897196261682243,0.9934579439252337,0.9929676511954993
5,11,semiregular,1,875,700,175,678,197,22,0.7748571428571429,0.9685714285714285,1.25,0.8609523809523811
5,11,irregular,1,1117,239,878,202,915,37,0.18084153983885407,0.8451882845188284,4.673640167364017,0.2979351032448378
5,11,regular,2,963,1070,107,960,3,110,0.9968847352024922,0.897196261682243,0.9,0.9444171175602558
5,11,semiregular,2,897,700,197,686,211,14,0.7647714604236343,0.98,1.2814285714285714,0.8591108328115216
5,11,irregular,2,1289,239,1050,231,1058,8,0.1792086889061288,0.9665271966527197,5.393305439330544,0.30235602094240843
5,11,regular,3,1001,1070,69,998,3,72,0.997002997002997,0.9327102803738317,0.9355140186915888,0.963785610816031
5,11,semiregular,3,871,700,171,679,192,21,0.7795637198622273,0.97,1.2442857142857142,0.864417568427753
5,11,irregular,3,1272,239,1033,235,1037,4,0.18474842767295596,0.9832635983263598,5.322175732217573,0.3110522832561218
5,12,regular,1,1079,1007,72,1007,72,0,0.933271547729379,1.0,1.0714995034756702,0.9654841802492808
5,12,semiregular,1,892,641,251,618,274,23,0.6928251121076233,0.9641185647425897,1.391575663026521,0.8062622309197652
5,12,irregular,1,1165,204,961,197,968,7,0.16909871244635194,0.9656862745098039,5.71078431372549,0.2878013148283418
5,12,regular,2,1079,1007,72,1007,72,0,0.933271547729379,1.0,1.0714995034756702,0.9654841802492808
5,12,semiregular,2,1021,641,380,634,387,7,0.6209598432908913,0.9890795631825273,1.5928237129485179,0.762936221419976
5,12,irregular,2,1500,204,1296,204,1296,0,0.136,1.0,7.352941176470588,0.23943661971830985
5,12,regular,3,992,1007,15,988,4,19,0.9959677419354839,0.9811320754716981,0.9851042701092354,0.9884942471235618
5,12,semiregular,3,871,641,230,615,256,26,0.7060849598163031,0.9594383775351014,1.358814352574103,0.8134920634920636
5,12,irregular,3,1326,204,1122,204,1122,0,0.15384615384615385,1.0,6.5,0.2666666666666667
5,13,regular,1,1034,1000,34,999,35,1,0.9661508704061895,0.999,1.034,0.9823008849557522
5,13,semiregular,1,992,815,177,793,199,22,0.7993951612903226,0.9730061349693252,1.2171779141104295,0.8776978417266187
5,13,irregular,1,1420,216,1204,151,1269,65,0.10633802816901408,0.6990740740740741,6.574074074074074,0.1845965770171149
5,13,regular,2,1060,1000,60,1000,60,0,0.9433962264150944,1.0,1.06,0.970873786407767
5,13,semiregular,2,1049,815,234,814,235,1,0.7759771210676835,0.9987730061349693,1.2871165644171778,0.873390557939914
5,13,irregular,2,2069,216,1853,216,1853,0,0.10439826002899952,1.0,9.578703703703704,0.18905908096280089
5,13,regular,3,1027,1000,27,1000,27,0,0.9737098344693281,1.0,1.027,0.9866798223976319
5,13,semiregular,3,953,815,138,795,158,20,0.8342077649527807,0.9754601226993865,1.169325153374233,0.8993212669683258
5,13,irregular,3,1514,216,1298,216,1298,0,0.142668428005284,1.0,7.0092592592592595,0.2497109826589595
5,14,regular,1,1006,1052,46,1005,1,47,0.9990059642147118,0.9553231939163498,0.9562737642585551,0.9766763848396502
5,14,semiregular,1,1166,913,253,886,280,27,0.7598627787307033,0.9704271631982475,1.2771084337349397,0.8523328523328524
5,14,irregular,1,1013,217,796,179,834,38,0.17670286278381048,0.8248847926267281,4.668202764976958,0.2910569105691057
5,14,regular,2,1046,1052,6,1041,5,11,0.9952198852772467,0.9895437262357415,0.9942965779467681,0.992373689227836
5,14,semiregular,2,1299,913,386,912,387,1,0.7020785219399538,0.9989047097480832,1.4227820372398685,0.8245931283905967
5,14,irregular,2,1426,217,1209,217,1209,0,0.15217391304347827,1.0,6.571428571428571,0.2641509433962264
5,14,regular,3,934,1052,118,932,2,120,0.9978586723768736,0.8859315589353612,0.8878326996197718,0.9385699899295065
5,14,semiregular,3,1103,913,190,872,231,41,0.7905711695376246,0.9550930996714129,1.208105147864184,0.8650793650793651
5,14,irregular,3,1277,217,1060,209,1068,8,0.16366483946750196,0.9631336405529954,5.88479262672811,0.27978580990629187
5,15,regular,1,987,964,23,964,23,0,0.9766970618034447,1.0,1.0238589211618256,0.9882111737570476
5,15,semiregular,1,988,774,214,762,226,12,0.771255060728745,0.9844961240310077,1.276485788113695,0.8649262202043133
5,15,irregular,1,1199,218,981,210,989,8,0.17514595496246874,0.963302752293578,5.5,0.2964008468595625
5,15,regular,2,868,964,96,865,3,99,0.9965437788018433,0.8973029045643154,0.9004149377593361,0.9443231441048036
5,15,semiregular,2,939,774,165,746,193,28,0.7944621938232161,0.9638242894056848,1.2131782945736433,0.8709865732632808
5,15,irregular,2,1416,218,1198,218,1198,0,0.153954802259887,1.0,6.495412844036697,0.26682986536107706
5,15,regular,3,915,964,49,912,3,52,0.9967213114754099,0.946058091286307,0.9491701244813278,0.9707291112293773
5,15,semiregular,3,922,774,148,749,173,25,0.8123644251626898,0.9677002583979328,1.1912144702842378,0.8832547169811321
5,15,irregular,3,1085,218,867,217,868,1,0.2,0.9954128440366973,4.977064220183486,0.33307751343054487
5,16,regular,1,1113,1109,4,1102,11,7,0.9901168014375562,0.9936880072137061,1.0036068530207394,0.9918991899189918
5,16,semiregular,1,849,681,168,645,204,36,0.7597173144876325,0.947136563876652,1.2466960352422907,0.8431372549019607
5,16,irregular,1,632,272,360,156,476,116,0.2468354430379747,0.5735294117647058,2.323529411764706,0.34513274336283184
5,16,regular,2,1092,1109,17,1080,12,29,0.989010989010989,0.9738503155996393,0.9846708746618575,0.9813721035892775
5,16,semiregular,2,907,681,226,672,235,9,0.74090407938258,0.986784140969163,1.3318649045521291,0.8463476070528967
5,16,irregular,2,1367,272,1095,272,1095,0,0.19897585954645208,1.0,5.025735294117647,0.3319097010372178
5,16,regular,3,1102,1109,7,1092,10,17,0.9909255898366606,0.9846708746618575,0.9936880072137061,0.9877883310719131
5,16,semiregular,3,868,681,187,670,198,11,0.771889400921659,0.9838472834067548,1.2745961820851688,0.8650742414460942
5,16,irregular,3,988,272,716,270,718,2,0.2732793522267207,0.9926470588235294,3.6323529411764706,0.42857142857142855
5,17,regular,1,1033,1029,4,1025,8,4,0.9922555663117134,0.9961127308066083,1.0038872691933916,0.9941804073714839
5,17,semiregular,1,975,837,138,784,191,53,0.8041025641025641,0.9366786140979689,1.1648745519713262,0.8653421633554084
5,17,irregular,1,538,240,298,130,408,110,0.241635687732342,0.5416666666666666,2.2416666666666667,0.3341902313624679
5,17,regular,2,1076,1029,47,1029,47,0,0.9563197026022305,1.0,1.0456754130223518,0.9776722090261283
5,17,semiregular,2,1088,837,251,824,264,13,0.7573529411764706,0.984468339307049,1.2998805256869772,0.856103896103896
5,17,irregular,2,1652,240,1412,240,1412,0,0.14527845036319612,1.0,6.883333333333334,0.2536997885835095
5,17,regular,3,1050,1029,21,1029,21,0,0.98,1.0,1.0204081632653061,0.98989898989899
5,17,semiregular,3,972,837,135,810,162,27,0.8333333333333334,0.967741935483871,1.1612903225806452,0.8955223880597015
5,17,irregular,3,1532,240,1292,240,1292,0,0.1566579634464752,1.0,6.383333333333334,0.2708803611738149
5,18,regular,1,1043,1044,1,1036,7,8,0.9932885906040269,0.9923371647509579,0.9990421455938697,0.9928126497364639
5,18,semiregular,1,971,801,170,780,191,21,0.8032955715756952,0.9737827715355806,1.2122347066167292,0.8803611738148984
5,18,irregular,1,643,252,391,185,458,67,0.28771384136858474,0.7341269841269841,2.5515873015873014,0.41340782122905023
5,18,regular,2,1138,1044,94,1044,94,0,0.9173989455184535,1.0,1.0900383141762453,0.9569202566452796
5,18,semiregular,2,1082,801,281,793,289,8,0.732902033271719,0.9900124843945068,1.3508114856429463,0.8422729686670207
5,18,irregular,2,1400,252,1148,252,1148,0,0.18,1.0,5.555555555555555,0.3050847457627119
5,18,regular,3,1063,1044,19,1044,19,0,0.9821260583254939,1.0,1.0181992337164751,0.9909824394874229
5,18,semiregular,3,975,801,174,784,191,17,0.8041025641025641,0.978776529338327,1.2172284644194757,0.8828828828828829
5,18,irregular,3,1209,252,957,252,957,0,0.20843672456575682,1.0,4.7976190476190474,0.34496919917864477
5,19,regular,1,1093,1076,17,1064,29,12,0.9734675205855444,0.9888475836431226,1.0157992565055762,0.9810972798524666
5,19,semiregular,1,891,753,138,721,170,32,0.8092031425364759,0.9575033200531209,1.1832669322709164,0.8771289537712895
5,19,irregular,1,885,245,640,212,673,33,0.23954802259887006,0.8653061224489796,3.6122448979591835,0.3752212389380531
5,19,regular,2,1125,1076,49,1075,50,1,0.9555555555555556,0.9990706319702602,1.045539033457249,0.9768287142208086
5,19,semiregular,2,993,753,240,747,246,6,0.7522658610271903,0.9920318725099602,1.3187250996015936,0.8556701030927834
5,19,irregular,2,1227,245,982,244,983,1,0.19885900570497148,0.9959183673469387,5.0081632653061225,0.33152173913043476
5,19,regular,3,1065,1076,11,1061,4,15,0.996244131455399,0.9860594795539034,0.9897769516728625,0.9911256422232602
5,19,semiregular,3,901,753,148,732,169,21,0.8124306326304107,0.9721115537848606,1.1965471447543161,0.8851269649334945
5,19,irregular,3,1076,245,831,242,834,3,0.22490706319702602,0.9877551020408163,4.391836734693878,0.36638909916729745
5,20,regular,1,1184,1251,67,1179,5,72,0.995777027027027,0.9424460431654677,0.9464428457234213,0.9683778234086242
5,20,semiregular,1,977,841,136,781,196,60,0.7993858751279427,0.9286563614744352,1.1617122473246135,0.8591859185918591
5,20,irregular,1,897,252,645,167,730,85,0.18617614269788182,0.6626984126984127,3.5595238095238093,0.29068755439512617
5,20,regular,2,1219,1251,32,1209,10,42,0.9917965545529123,0.9664268585131894,0.9744204636290967,0.9789473684210527
5,20,semiregular,2,1142,841,301,827,315,14,0.7241681260945709,0.9833531510107015,1.3579072532699168,0.8340897629853757
5,20,irregular,2,1382,252,1130,247,1135,5,0.17872648335745298,0.9801587301587301,5.484126984126984,0.3023255813953488
5,20,regular,3,1096,1251,155,1089,7,162,0.9936131386861314,0.8705035971223022,0.8760991207034372,0.9279931827865361
5,20,semiregular,3,990,841,149,787,203,54,0.794949494949495,0.9357907253269917,1.1771700356718193,0.8596395412342982
5,20,irregular,3,1071,252,819,230,841,22,0.21475256769374415,0.9126984126984127,4.25,0.3476946334089191
5,21,regular,1,934,920,14,919,15,1,0.9839400428265525,0.9989130434782608,1.0152173913043478,0.9913700107874865
5,21,semiregular,1,909,549,360,522,387,27,0.5742574257425742,0.9508196721311475,1.6557377049180328,0.7160493827160493
5,21,irregular,1,900,204,696,193,707,11,0.21444444444444444,0.946078431372549,4.411764705882353,0.3496376811594203
5,21,regular,2,1003,920,83,920,83,0,0.9172482552342971,1.0,1.0902173913043478,0.9568382735309412
5,21,semiregular,2,1002,549,453,545,457,4,0.5439121756487026,0.9927140255009107,1.825136612021858,0.7027724049000644
5,21,irregular,2,1339,204,1135,204,1135,0,0.15235250186706498,1.0,6.563725490196078,0.2644199611147116
5,21,regular,3,912,920,8,908,4,12,0.9956140350877193,0.9869565217391304,0.991304347826087,0.9912663755458515
5,21,semiregular,3,879,549,330,541,338,8,0.6154721274175199,0.9854280510018215,1.6010928961748634,0.7577030812324931
5,21,irregular,3,1205,204,1001,203,1002,1,0.16846473029045644,0.9950980392156863,5.9068627450980395,0.2881476224272534
5,22,regular,1,1025,946,79,946,79,0,0.9229268292682927,1.0,1.0835095137420718,0.9599188229325216
5,22,semiregular,1,920,703,217,663,257,40,0.7206521739130435,0.9431009957325747,1.3086770981507823,0.8170055452865064
5,22,irregular,1,1105,247,858,227,878,20,0.20542986425339366,0.9190283400809717,4.473684210526316,0.3357988165680473
5,22,regular,2,1029,946,83,946,83,0,0.9193391642371235,1.0,1.087737843551797,0.9579746835443039
5,22,semiregular,2,1108,703,405,698,410,5,0.6299638989169675,0.9928876244665719,1.5761024182076813,0.7708448371065709
5,22,irregular,2,1521,247,1274,247,1274,0,0.1623931623931624,1.0,6.157894736842105,0.27941176470588236
5,22,regular,3,955,946,9,936,19,10,0.9801047120418848,0.9894291754756871,1.0095137420718816,0.9847448711204629
5,22,semiregular,3,965,703,262,693,272,10,0.7181347150259068,0.9857752489331437,1.372688477951636,0.8309352517985612
5,22,irregular,3,1277,247,1030,247,1030,0,0.19342208300704777,1.0,5.17004048582996,0.32414698162729655
5,23,regular,1,980,999,19,971,9,28,0.9908163265306122,0.9719719719719719,0.980980980980981,0.9813036887316827
5,23,semiregular,1,906,835,71,747,159,88,0.8245033112582781,0.8946107784431138,1.0850299401197605,0.8581275129236071
5,23,irregular,1,617,266,351,133,484,133,0.21555915721231766,0.5,2.319548872180451,0.3012457531143828
5,23,regular,2,1053,999,54,952,101,47,0.9040835707502374,0.9529529529529529,1.054054054054054,0.9278752436647173
5,23,semiregular,2,1504,835,669,835,669,0,0.555186170212766,1.0,1.8011976047904192,0.7139803334758443
5,23,irregular,2,3512,266,3246,266,3246,0,0.07574031890660592,1.0,13.203007518796992,0.14081524616199045
5,23,regular,3,998,999,1,962,36,37,0.9639278557114228,0.9629629629629629,0.998998998998999,0.9634451677516273
5,23,semiregular,3,1041,835,206,806,235,29,0.7742555235350624,0.9652694610778443,1.2467065868263474,0.8592750533049041
5,23,irregular,3,1959,266,1693,265,1694,1,0.13527309851965288,0.9962406015037594,7.364661654135339,0.2382022471910112
5,24,regular,1,1075,1079,4,1065,10,14,0.9906976744186047,0.9870250231696015,0.9962928637627433,0.9888579387186629
5,24,semiregular,1,756,680,76,648,108,32,0.8571428571428571,0.9529411764705882,1.111764705882353,0.9025069637883008
5,24,irregular,1,1340,247,1093,192,1148,55,0.14328358208955225,0.7773279352226721,5.425101214574899,0.24196597353497165
5,24,regular,2,1046,1079,33,1035,11,44,0.9894837476099426,0.959221501390176,0.969416126042632,0.9741176470588235
5,24,semiregular,2,825,680,145,672,153,8,0.8145454545454546,0.9882352941176471,1.213235294117647,0.8930232558139536
5,24,irregular,2,1878,247,1631,247,1631,0,0.13152289669861555,1.0,7.603238866396761,0.23247058823529415
5,24,regular,3,963,1079,116,956,7,123,0.9927310488058152,0.8860055607043559,0.8924930491195552,0.9363369245837414
5,24,semiregular,3,732,680,52,634,98,46,0.8661202185792349,0.9323529411764706,1.076470588235294,0.8980169971671388
5,24,irregular,3,1499,247,1252,234,1265,13,0.1561040693795864,0.9473684210526315,6.068825910931174,0.26804123711340205
5,25,regular,1,933,946,13,930,3,16,0.9967845659163987,0.9830866807610994,0.9862579281183932,0.989888238424694
5,25,semiregular,1,911,718,193,691,220,27,0.7585071350164654,0.9623955431754875,1.2688022284122562,0.8483732351135665
5,25,irregular,1,1799,207,1592,182,1617,25,0.10116731517509728,0.8792270531400966,8.690821256038648,0.1814556331006979
5,25,regular,2,946,946,0,940,6,6,0.9936575052854123,0.9936575052854123,1.0,0.9936575052854123
5,25,semiregular,2,997,718,279,709,288,9,0.7111334002006018,0.9874651810584958,1.3885793871866294,0.8268221574344023
5,25,irregular,2,1666,207,1459,203,1463,4,0.12184873949579832,0.9806763285024155,8.048309178743962,0.21676454885210894
5,25,regular,3,847,946,99,843,4,103,0.9952774498229043,0.8911205073995772,0.8953488372093024,0.9403234802007808
5,25,semiregular,3,897,718,179,695,202,23,0.7748049052396878,0.967966573816156,1.2493036211699164,0.8606811145510836
5,25,irregular,3,2021,207,1814,205,1816,2,0.10143493320138545,0.9903381642512077,9.76328502415459,0.18402154398563736
5,26,regular,1,1154,985,169,984,170,1,0.8526863084922011,0.9989847715736041,1.1715736040609137,0.9200561009817673
5,26,semiregular,1,948,720,228,688,260,32,0.7257383966244726,0.9555555555555556,1.3166666666666667,0.8249400479616306
5,26,irregular,1,1321,214,1107,205,1116,9,0.15518546555639667,0.9579439252336449,6.172897196261682,0.2671009771986971
5,26,regular,2,1072,985,87,954,118,31,0.8899253731343284,0.9685279187817258,1.0883248730964468,0.9275644141954302
5,26,semiregular,2,441,720,279,364,77,356,0.8253968253968254,0.5055555555555555,0.6125,0.6270456503014642
5,26,irregular,2,899,214,685,144,755,70,0.16017797552836485,0.6728971962616822,4.200934579439252,0.2587601078167116
5,26,regular,3,998,985,13,980,18,5,0.9819639278557114,0.9949238578680203,1.0131979695431472,0.9884014120020171
5,26,semiregular,3,872,720,152,678,194,42,0.7775229357798165,0.9416666666666667,1.211111111111111,0.8517587939698492
5,26,irregular,3,1399,214,1185,214,1185,0,0.1529664045746962,1.0,6.537383177570093,0.2653440793552387
5,27,regular,1,1089,1166,77,1085,4,81,0.9963269054178145,0.9305317324185248,0.9339622641509434,0.9623059866962305
5,27,semiregular,1,900,728,172,686,214,42,0.7622222222222222,0.9423076923076923,1.2362637362637363,0.8427518427518428
5,27,irregular,1,1903,270,1633,258,1645,12,0.13557540725170783,0.9555555555555556,7.048148148148148,0.23745973308789695
5,27,regular,2,1172,1166,6,1162,10,4,0.9914675767918089,0.9965694682675815,1.0051457975986278,0.9940119760479044
5,27,semiregular,2,1023,728,295,723,300,5,0.7067448680351907,0.9931318681318682,1.4052197802197801,0.8258138206739006
5,27,irregular,2,2226,270,1956,270,1956,0,0.12129380053908356,1.0,8.244444444444444,0.21634615384615385
5,27,regular,3,1104,1166,62,1099,5,67,0.9954710144927537,0.9425385934819898,0.9468267581475128,0.9682819383259912
5,27,semiregular,3,908,728,180,710,198,18,0.7819383259911894,0.9752747252747253,1.2472527472527473,0.8679706601466992
5,27,irregular,3,1889,270,1619,270,1619,0,0.142932768660667,1.0,6.996296296296296,0.25011579434923575
5,28,regular,1,1097,1098,1,1083,14,15,0.9872379216043756,0.9863387978142076,0.9990892531876139,0.9867881548974943
5,28,semiregular,1,1004,859,145,830,174,29,0.8266932270916335,0.9662398137369034,1.168800931315483,0.8910359634997316
5,28,irregular,1,1943,293,1650,260,1683,33,0.13381369016984046,0.8873720136518771,6.631399317406143,0.23255813953488372
5,28,regular,2,1099,1098,1,1079,20,19,0.9818016378525932,0.982695810564663,1.0009107468123861,0.9822485207100592
5,28,semiregular,2,1124,859,265,858,266,1,0.7633451957295374,0.9988358556461001,1.308498253783469,0.8653555219364599
5,28,irregular,2,2233,293,1940,292,1941,1,0.13076578593819974,0.9965870307167235,7.621160409556314,0.23119556611243075
5,28,regular,3,968,1098,130,954,14,144,0.9855371900826446,0.8688524590163934,0.8816029143897997,0.9235237173281704
5,28,semiregular,3,975,859,116,801,174,58,0.8215384615384616,0.9324796274738067,1.1350407450523865,0.8735005452562704
5,28,irregular,3,2306,293,2013,286,2020,7,0.12402428447528187,0.9761092150170648,7.870307167235495,0.22008464794151597
5,29,regular,1,1119,1140,21,1114,5,26,0.9955317247542449,0.9771929824561404,0.9815789473684211,0.9862771137671537
5,29,semiregular,1,1276,869,407,859,417,10,0.6731974921630094,0.9884925201380897,1.4683544303797469,0.8009324009324009
5,29,irregular,1,1361,247,1114,224,1137,23,0.16458486407053638,0.9068825910931174,5.510121457489879,0.27860696517412936
5,29,regular,2,1148,1140,8,1134,14,6,0.9878048780487805,0.9947368421052631,1.0070175438596491,0.9912587412587412
5,29,semiregular,2,1394,869,525,868,526,1,0.6226685796269728,0.998849252013809,1.6041426927502878,0.7671232876712328
5,29,irregular,2,1730,247,1483,247,1483,0,0.14277456647398845,1.0,7.004048582995951,0.24987354577642898
5,29,regular,3,1002,1140,138,999,3,141,0.9970059880239521,0.8763157894736842,0.8789473684210526,0.9327731092436974
5,29,semiregular,3,1197,869,328,859,338,10,0.7176274018379282,0.9884925201380897,1.3774453394706558,0.8315585672797676
5,29,irregular,3,1469,247,1222,246,1223,1,0.16746085772634445,0.9959514170040485,5.947368421052632,0.2867132867132867
5,30,regular,1,987,997,10,983,4,14,0.9959473150962512,0.9859578736208626,0.9899699097291875,0.9909274193548387
5,30,semiregular,1,961,810,151,781,180,29,0.8126951092611863,0.9641975308641976,1.1864197530864198,0.8819875776397514
5,30,irregular,1,2230,250,1980,226,2004,24,0.10134529147982063,0.904,8.92,0.18225806451612905
5,30,regular,2,1027,997,30,997,30,0,0.9707887049659202,1.0,1.0300902708124373,0.9851778656126483
5,30,semiregular,2,1075,810,265,805,270,5,0.7488372093023256,0.9938271604938271,1.3271604938271604,0.8541114058355437
5,30,irregular,2,2662,250,2412,249,2413,1,0.09353869271224644,0.996,10.648,0.17101648351648355
5,30,regular,3,960,997,37,957,3,40,0.996875,0.9598796389167502,0.9628886659979939,0.978027593254982
5,30,semiregular,3,939,810,129,791,148,19,0.8423855165069223,0.9765432098765432,1.1592592592592592,0.9045168667810177
5,30,irregular,3,2479,250,2229,247,2232,3,0.09963695038321904,0.988,9.916,0.1810186881641627
