Test fold number,Subject,Gait,Sensor,Predicted,Actual,Difference,TP,FP,FN,PPV,Sensitivity,RCA,SDA
1,1,regular,1,996,937,59,931,65,6,0.9347389558232931,0.9935965848452508,1.0629669156883672,0.9632695292291775
1,1,semiregular,1,767,703,64,645,122,58,0.8409387222946545,0.9174964438122333,1.0910384068278804,0.8775510204081632
1,1,irregular,1,6,199,193,0,6,199,-1,-1,0.03015075376884422,-1
1,1,regular,2,1035,937,98,937,98,0,0.9053140096618357,1.0,1.104589114194237,0.9503042596348884
1,1,semiregular,2,780,703,77,654,126,49,0.8384615384615385,0.930298719772404,1.1095305832147937,0.8819959541469993
1,1,irregular,2,153,199,46,131,22,68,0.8562091503267973,0.6582914572864321,0.7688442211055276,0.7443181818181817
1,1,regular,3,998,937,61,937,61,0,0.938877755511022,1.0,1.0651013874066169,0.9684754521963825
1,1,semiregular,3,759,703,56,654,105,49,0.8616600790513834,0.930298719772404,1.0796586059743956,0.8946648426812586
1,1,irregular,3,6,199,193,3,3,196,0.5,0.01507537688442211,0.03015075376884422,0.02926829268292683
1,2,regular,1,1231,1224,7,1208,23,16,0.9813160032493907,0.9869281045751634,1.005718954248366,0.9841140529531569
1,2,semiregular,1,587,647,60,553,34,94,0.9420783645655877,0.8547140649149922,0.9072642967542504,0.8962722852512155
1,2,irregular,1,8,217,209,1,7,216,0.125,0.004608294930875576,0.03686635944700461,0.008888888888888889
1,2,regular,2,1236,1224,12,1213,23,11,0.9813915857605178,0.9910130718954249,1.0098039215686274,0.9861788617886178
1,2,semiregular,2,624,647,23,597,27,50,0.9567307692307693,0.9227202472952086,0.964451313755796,0.939417781274587
1,2,irregular,2,171,217,46,147,24,70,0.8596491228070176,0.6774193548387096,0.7880184331797235,0.7577319587628866
1,2,regular,3,1240,1224,16,1217,23,7,0.9814516129032258,0.994281045751634,1.0130718954248366,0.9878246753246754
1,2,semiregular,3,640,647,7,607,33,40,0.9484375,0.9381761978361669,0.9891808346213292,0.9432789432789432
1,2,irregular,3,8,217,209,3,5,214,0.375,0.013824884792626729,0.03686635944700461,0.02666666666666667
1,3,regular,1,1034,1053,19,1025,9,28,0.9912959381044487,0.97340930674264,0.9819563152896487,0.9822712026832774
1,3,semiregular,1,726,716,10,649,77,67,0.8939393939393939,0.9064245810055865,1.0139664804469273,0.900138696255201
1,3,irregular,1,8,224,216,1,7,223,0.125,0.004464285714285714,0.03571428571428571,0.008620689655172412
1,3,regular,2,1029,1053,24,1020,9,33,0.9912536443148688,0.9686609686609686,0.9772079772079773,0.9798270893371758
1,3,semiregular,2,719,716,3,658,61,58,0.9151599443671766,0.9189944134078212,1.0041899441340782,0.9170731707317072
1,3,irregular,2,194,224,30,170,24,54,0.8762886597938144,0.7589285714285714,0.8660714285714286,0.8133971291866029
1,3,regular,3,1047,1053,6,1038,9,15,0.9914040114613181,0.9857549857549858,0.9943019943019943,0.9885714285714285
1,3,semiregular,3,729,716,13,667,62,49,0.9149519890260631,0.9315642458100558,1.0181564245810055,0.9231833910034603
1,3,irregular,3,8,224,216,2,6,222,0.25,0.008928571428571428,0.03571428571428571,0.017241379310344824
1,4,regular,1,1129,1101,28,1100,29,1,0.9743135518157662,0.9990917347865577,1.025431425976385,0.9865470852017938
1,4,semiregular,1,652,614,38,538,114,76,0.8251533742331288,0.8762214983713354,1.0618892508143323,0.8499210110584517
1,4,irregular,1,9,228,219,0,9,228,-1,-1,0.039473684210526314,-1
1,4,regular,2,1144,1101,43,1101,43,0,0.9624125874125874,1.0,1.03905540417802,0.9808463251670378
1,4,semiregular,2,625,614,11,561,64,53,0.8976,0.9136807817589576,1.017915309446254,0.9055690072639225
1,4,irregular,2,174,228,54,148,26,80,0.8505747126436781,0.6491228070175439,0.7631578947368421,0.7363184079601991
1,4,regular,3,1128,1101,27,1100,28,1,0.975177304964539,0.9990917347865577,1.0245231607629428,0.9869896814715119
1,4,semiregular,3,609,614,5,547,62,67,0.8981937602627258,0.8908794788273615,0.99185667752443,0.8945216680294357
1,4,irregular,3,8,228,220,0,8,228,-1,-1,0.03508771929824561,-1
1,5,regular,1,1043,1044,1,1032,11,12,0.9894534995206136,0.9885057471264368,0.9990421455938697,0.9889793962625778
1,5,semiregular,1,783,668,115,652,131,16,0.8326947637292464,0.9760479041916168,1.1721556886227544,0.8986905582356995
1,5,irregular,1,10,217,207,3,7,214,0.3,0.013824884792626729,0.04608294930875576,0.026431718061674013
1,5,regular,2,1044,1044,0,1033,11,11,0.9894636015325671,0.9894636015325671,1.0,0.9894636015325671
1,5,semiregular,2,714,668,46,628,86,40,0.8795518207282913,0.9401197604790419,1.0688622754491017,0.9088277858176556
1,5,irregular,2,195,217,22,176,19,41,0.9025641025641026,0.8110599078341014,0.8986175115207373,0.854368932038835
1,5,regular,3,1043,1044,1,1036,7,8,0.9932885906040269,0.9923371647509579,0.9990421455938697,0.9928126497364639
1,5,semiregular,3,710,668,42,632,78,36,0.8901408450704226,0.9461077844311377,1.062874251497006,0.9172714078374455
1,5,irregular,3,9,217,208,0,9,217,-1,-1,0.041474654377880185,-1
1,6,regular,1,981,915,66,914,67,1,0.9317023445463812,0.9989071038251366,1.0721311475409836,0.9641350210970465
1,6,semiregular,1,729,701,28,653,76,48,0.8957475994513031,0.9315263908701854,1.0399429386590584,0.9132867132867133
1,6,irregular,1,9,195,186,2,7,193,0.2222222222222222,0.010256410256410256,0.046153846153846156,0.0196078431372549
1,6,regular,2,979,915,64,914,65,1,0.933605720122574,0.9989071038251366,1.0699453551912568,0.9651531151003169
1,6,semiregular,2,725,701,24,660,65,41,0.9103448275862069,0.9415121255349501,1.0342368045649073,0.9256661991584854
1,6,irregular,2,211,195,16,131,80,64,0.6208530805687204,0.6717948717948717,1.082051282051282,0.645320197044335
1,6,regular,3,965,915,50,914,51,1,0.9471502590673575,0.9989071038251366,1.0546448087431695,0.972340425531915
1,6,semiregular,3,701,701,0,648,53,53,0.9243937232524965,0.9243937232524965,1.0,0.9243937232524965
1,6,irregular,3,9,195,186,1,8,194,0.1111111111111111,0.005128205128205128,0.046153846153846156,0.00980392156862745
1,7,regular,1,1243,1230,13,1218,25,12,0.9798873692679002,0.9902439024390244,1.0105691056910568,0.9850384148807116
1,7,semiregular,1,769,761,8,669,100,92,0.8699609882964889,0.8791064388961892,1.0105124835742445,0.8745098039215686
1,7,irregular,1,12,225,213,0,12,225,-1,-1,0.05333333333333334,-1
1,7,regular,2,1255,1230,25,1224,31,6,0.9752988047808765,0.9951219512195122,1.0203252032520325,0.9851106639839033
1,7,semiregular,2,739,761,22,668,71,93,0.9039242219215156,0.8777923784494087,0.9710906701708278,0.8906666666666667
1,7,irregular,2,146,225,79,137,9,88,0.9383561643835616,0.6088888888888889,0.6488888888888888,0.738544474393531
1,7,regular,3,1242,1230,12,1227,15,3,0.9879227053140096,0.9975609756097561,1.0097560975609756,0.9927184466019418
1,7,semiregular,3,770,761,9,693,77,68,0.9,0.9106438896189225,1.011826544021025,0.9052906596995427
1,7,irregular,3,11,225,214,0,11,225,-1,-1,0.04888888888888889,-1
1,8,regular,1,1048,1035,13,1027,21,8,0.9799618320610687,0.9922705314009662,1.01256038647343,0.986077772443591
1,8,semiregular,1,842,827,15,753,89,74,0.8942992874109263,0.9105199516324063,1.0181378476420797,0.902336728579988
1,8,irregular,1,14,243,229,1,13,242,0.07142857142857142,0.00411522633744856,0.05761316872427984,0.007782101167315176
1,8,regular,2,1037,1035,2,1020,17,15,0.9836065573770492,0.9855072463768116,1.0019323671497584,0.9845559845559845
1,8,semiregular,2,811,827,16,748,63,79,0.9223181257706535,0.9044740024183797,0.9806529625151149,0.9133089133089133
1,8,irregular,2,191,243,52,171,20,72,0.8952879581151832,0.7037037037037037,0.7860082304526749,0.7880184331797234
1,8,regular,3,1038,1035,3,1029,9,6,0.9913294797687862,0.9942028985507246,1.0028985507246377,0.9927641099855281
1,8,semiregular,3,837,827,10,769,68,58,0.918757467144564,0.9298669891172914,1.0120918984280531,0.9242788461538461
1,8,irregular,3,13,243,230,1,12,242,0.07692307692307693,0.00411522633744856,0.053497942386831275,0.007812500000000002
1,9,regular,1,1099,1107,8,1085,14,22,0.9872611464968153,0.980126467931346,0.992773261065944,0.9836808703535812
1,9,semiregular,1,647,701,54,608,39,93,0.9397217928902627,0.8673323823109843,0.9229671897289586,0.9020771513353115
1,9,irregular,1,11,266,255,0,11,266,-1,-1,0.041353383458646614,-1
1,9,regular,2,1101,1107,6,1087,14,20,0.9872842870118075,0.98193315266486,0.994579945799458,0.9846014492753624
1,9,semiregular,2,626,701,75,588,38,113,0.939297124600639,0.8388017118402282,0.8930099857346647,0.8862094951017333
1,9,irregular,2,204,266,62,184,20,82,0.9019607843137255,0.6917293233082706,0.7669172932330827,0.7829787234042552
1,9,regular,3,1103,1107,4,1089,14,18,0.9873073436083409,0.983739837398374,0.996386630532972,0.9855203619909503
1,9,semiregular,3,702,701,1,670,32,31,0.9544159544159544,0.9557774607703281,1.0014265335235377,0.9550962223806129
1,9,irregular,3,10,266,256,0,10,266,-1,-1,0.03759398496240601,-1
1,10,regular,1,1083,1014,69,1014,69,0,0.9362880886426593,1.0,1.0680473372781065,0.9670958512160229
1,10,semiregular,1,689,656,33,625,64,31,0.9071117561683599,0.9527439024390244,1.0503048780487805,0.9293680297397771
1,10,irregular,1,9,247,238,1,8,246,0.1111111111111111,0.004048582995951417,0.03643724696356275,0.0078125
1,10,regular,2,1054,1014,40,1012,42,2,0.9601518026565465,0.9980276134122288,1.039447731755424,0.9787234042553191
1,10,semiregular,2,672,656,16,608,64,48,0.9047619047619048,0.926829268292683,1.024390243902439,0.9156626506024096
1,10,irregular,2,205,247,42,186,19,61,0.9073170731707317,0.7530364372469636,0.8299595141700404,0.8230088495575222
1,10,regular,3,1053,1014,39,1014,39,0,0.9629629629629629,1.0,1.0384615384615385,0.9811320754716981
1,10,semiregular,3,666,656,10,616,50,40,0.924924924924925,0.9390243902439024,1.0152439024390243,0.9319213313161876
1,10,irregular,3,9,247,238,2,7,245,0.2222222222222222,0.008097165991902834,0.03643724696356275,0.015625
1,11,regular,1,1080,1070,10,1068,12,2,0.9888888888888889,0.9981308411214953,1.0093457943925233,0.9934883720930233
1,11,semiregular,1,758,700,58,652,106,48,0.8601583113456465,0.9314285714285714,1.082857142857143,0.8943758573388203
1,11,irregular,1,9,239,230,2,7,237,0.2222222222222222,0.008368200836820083,0.03765690376569038,0.016129032258064516
1,11,regular,2,1083,1070,13,1068,15,2,0.9861495844875346,0.9981308411214953,1.0121495327102803,0.9921040408732003
1,11,semiregular,2,702,700,2,632,70,68,0.9002849002849003,0.9028571428571428,1.002857142857143,0.9015691868758916
1,11,irregular,2,192,239,47,175,17,64,0.9114583333333334,0.7322175732217573,0.803347280334728,0.8120649651972158
1,11,regular,3,1074,1070,4,1067,7,3,0.9934823091247672,0.997196261682243,1.0037383177570094,0.9953358208955224
1,11,semiregular,3,701,700,1,639,62,61,0.9115549215406562,0.9128571428571428,1.0014285714285713,0.9122055674518201
1,11,irregular,3,9,239,230,2,7,237,0.2222222222222222,0.008368200836820083,0.03765690376569038,0.016129032258064516
1,12,regular,1,1040,1007,33,1007,33,0,0.9682692307692308,1.0,1.0327706057596822,0.9838788470933073
1,12,semiregular,1,733,641,92,612,121,29,0.834924965893588,0.9547581903276131,1.143525741029641,0.8908296943231442
1,12,irregular,1,10,204,194,2,8,202,0.2,0.00980392156862745,0.049019607843137254,0.018691588785046728
1,12,regular,2,1052,1007,45,1007,45,0,0.9572243346007605,1.0,1.044687189672294,0.9781447304516756
1,12,semiregular,2,675,641,34,589,86,52,0.8725925925925926,0.9188767550702028,1.0530421216848673,0.8951367781155015
1,12,irregular,2,208,204,4,173,35,31,0.8317307692307693,0.8480392156862745,1.0196078431372548,0.8398058252427184
1,12,regular,3,1035,1007,28,1007,28,0,0.9729468599033816,1.0,1.0278053624627608,0.9862879529872673
1,12,semiregular,3,642,641,1,572,70,69,0.8909657320872274,0.8923556942277691,1.001560062402496,0.8916601714731098
1,12,irregular,3,9,204,195,1,8,203,0.1111111111111111,0.004901960784313725,0.04411764705882353,0.009389671361502348
1,13,regular,1,1020,1000,20,1000,20,0,0.9803921568627451,1.0,1.02,0.99009900990099
1,13,semiregular,1,871,815,56,785,86,30,0.9012629161882894,0.9631901840490797,1.0687116564417178,0.9311981020166074
1,13,irregular,1,13,216,203,0,13,216,-1,-1,0.06018518518518518,-1
1,13,regular,2,1023,1000,23,1000,23,0,0.9775171065493646,1.0,1.023,0.9886307464162135
1,13,semiregular,2,830,815,15,780,50,35,0.9397590361445783,0.9570552147239264,1.01840490797546,0.9483282674772037
1,13,irregular,2,231,216,15,194,37,22,0.8398268398268398,0.8981481481481481,1.0694444444444444,0.8680089485458613
1,13,regular,3,1013,1000,13,1000,13,0,0.9871668311944719,1.0,1.013,0.9935419771485345
1,13,semiregular,3,818,815,3,763,55,52,0.9327628361858191,0.9361963190184049,1.003680981595092,0.9344764237599511
1,13,irregular,3,13,216,203,1,12,215,0.07692307692307693,0.004629629629629629,0.06018518518518518,0.008733624454148473
1,14,regular,1,1059,1052,7,1048,11,4,0.9896128423040604,0.9961977186311787,1.0066539923954372,0.9928943628612033
1,14,semiregular,1,901,913,12,837,64,76,0.9289678135405105,0.9167579408543264,0.9868565169769989,0.9228224917309813
1,14,irregular,1,9,217,208,2,7,215,0.2222222222222222,0.009216589861751152,0.041474654377880185,0.01769911504424779
1,14,regular,2,1054,1052,2,1043,11,9,0.9895635673624289,0.9914448669201521,1.0019011406844107,0.9905033238366572
1,14,semiregular,2,891,913,22,847,44,66,0.9506172839506173,0.927710843373494,0.9759036144578314,0.9390243902439024
1,14,irregular,2,213,217,4,185,28,32,0.8685446009389671,0.8525345622119815,0.9815668202764977,0.8604651162790696
1,14,regular,3,1052,1052,0,1046,6,6,0.9942965779467681,0.9942965779467681,1.0,0.9942965779467681
1,14,semiregular,3,898,913,15,850,48,63,0.9465478841870824,0.9309967141292442,0.9835706462212487,0.9387078961899503
1,14,irregular,3,9,217,208,1,8,216,0.1111111111111111,0.004608294930875576,0.041474654377880185,0.008849557522123895
1,15,regular,1,968,964,4,958,10,6,0.9896694214876033,0.9937759336099585,1.004149377593361,0.9917184265010353
1,15,semiregular,1,817,774,43,741,76,33,0.9069767441860465,0.9573643410852714,1.0555555555555556,0.9314896291640478
1,15,irregular,1,10,218,208,1,9,217,0.1,0.0045871559633027525,0.045871559633027525,0.008771929824561403
1,15,regular,2,962,964,2,952,10,12,0.9896049896049897,0.9875518672199171,0.9979253112033195,0.9885773624091382
1,15,semiregular,2,763,774,11,713,50,61,0.9344692005242464,0.9211886304909561,0.9857881136950905,0.9277813923227066
1,15,irregular,2,223,218,5,189,34,29,0.8475336322869955,0.8669724770642202,1.0229357798165137,0.8571428571428572
1,15,regular,3,965,964,1,956,9,8,0.9906735751295337,0.991701244813278,1.0010373443983402,0.9911871435977191
1,15,semiregular,3,759,774,15,719,40,55,0.9472990777338604,0.9289405684754521,0.9806201550387597,0.9380300065231573
1,15,irregular,3,9,218,209,1,8,217,0.1111111111111111,0.0045871559633027525,0.04128440366972477,0.00881057268722467
1,16,regular,1,1115,1109,6,1098,17,11,0.9847533632286996,0.9900811541929666,1.005410279531109,0.987410071942446
1,16,semiregular,1,700,681,19,612,88,69,0.8742857142857143,0.8986784140969163,1.0279001468428781,0.8863142650253438
1,16,irregular,1,9,272,263,1,8,271,0.1111111111111111,0.003676470588235294,0.03308823529411765,0.0071174377224199285
1,16,regular,2,1131,1109,22,1109,22,0,0.9805481874447391,1.0,1.0198376916140668,0.9901785714285715
1,16,semiregular,2,671,681,10,605,66,76,0.9016393442622951,0.8883994126284875,0.9853157121879589,0.8949704142011835
1,16,irregular,2,193,272,79,177,16,95,0.917098445595855,0.6507352941176471,0.7095588235294118,0.7612903225806452
1,16,regular,3,1119,1109,10,1107,12,2,0.9892761394101877,0.9981965734896303,1.0090171325518484,0.9937163375224417
1,16,semiregular,3,673,681,8,614,59,67,0.912332838038633,0.9016152716593245,0.9882525697503671,0.9069423929098966
1,16,irregular,3,9,272,263,2,7,270,0.2222222222222222,0.007352941176470588,0.03308823529411765,0.014234875444839857
1,17,regular,1,1039,1029,10,1027,12,2,0.9884504331087585,0.9980563654033042,1.0097181729834792,0.9932301740812379
1,17,semiregular,1,848,837,11,768,80,69,0.9056603773584906,0.9175627240143369,1.013142174432497,0.9115727002967359
1,17,irregular,1,11,240,229,0,11,240,-1,-1,0.04583333333333333,-1
1,17,regular,2,1040,1029,11,1027,13,2,0.9875,0.9980563654033042,1.010689990281827,0.9927501208313195
1,17,semiregular,2,840,837,3,777,63,60,0.925,0.9283154121863799,1.003584229390681,0.9266547406082289
1,17,irregular,2,202,240,38,176,26,64,0.8712871287128713,0.7333333333333333,0.8416666666666667,0.7963800904977375
1,17,regular,3,1046,1029,17,1029,17,0,0.9837476099426387,1.0,1.0165208940719144,0.9918072289156626
1,17,semiregular,3,845,837,8,789,56,48,0.9337278106508876,0.942652329749104,1.009557945041816,0.9381688466111773
1,17,irregular,3,11,240,229,3,8,237,0.2727272727272727,0.0125,0.04583333333333333,0.02390438247011952
1,18,regular,1,1069,1044,25,1042,27,2,0.9747427502338635,0.9980842911877394,1.0239463601532568,0.9862754377662092
1,18,semiregular,1,797,801,4,739,58,62,0.9272271016311167,0.9225967540574282,0.9950062421972534,0.9249061326658322
1,18,irregular,1,9,252,243,2,7,250,0.2222222222222222,0.007936507936507936,0.03571428571428571,0.01532567049808429
1,18,regular,2,1069,1044,25,1042,27,2,0.9747427502338635,0.9980842911877394,1.0239463601532568,0.9862754377662092
1,18,semiregular,2,792,801,9,750,42,51,0.946969696969697,0.9363295880149812,0.9887640449438202,0.9416195856873824
1,18,irregular,2,223,252,29,203,20,49,0.9103139013452914,0.8055555555555556,0.8849206349206349,0.8547368421052631
1,18,regular,3,1070,1044,26,1044,26,0,0.9757009345794393,1.0,1.024904214559387,0.9877010406811731
1,18,semiregular,3,812,801,11,765,47,36,0.9421182266009852,0.9550561797752809,1.013732833957553,0.9485430874147551
1,18,irregular,3,8,252,244,3,5,249,0.375,0.011904761904761904,0.031746031746031744,0.023076923076923075
1,19,regular,1,1102,1076,26,1074,28,2,0.9745916515426497,0.9981412639405205,1.0241635687732342,0.9862258953168044
1,19,semiregular,1,770,753,17,706,64,47,0.9168831168831169,0.9375830013280213,1.0225763612217795,0.9271175311884439
1,19,irregular,1,8,245,237,2,6,243,0.25,0.00816326530612245,0.0326530612244898,0.0158102766798419
1,19,regular,2,1102,1076,26,1074,28,2,0.9745916515426497,0.9981412639405205,1.0241635687732342,0.9862258953168044
1,19,semiregular,2,743,753,10,694,49,59,0.9340511440107672,0.9216467463479415,0.9867197875166003,0.927807486631016
1,19,irregular,2,234,245,11,197,37,48,0.8418803418803419,0.8040816326530612,0.9551020408163265,0.8225469728601253
1,19,regular,3,1098,1076,22,1074,24,2,0.9781420765027322,0.9981412639405205,1.020446096654275,0.9880404783808647
1,19,semiregular,3,737,753,16,693,44,60,0.9402985074626866,0.9203187250996016,0.9787516600265604,0.9302013422818792
1,19,irregular,3,7,245,238,3,4,242,0.42857142857142855,0.012244897959183673,0.02857142857142857,0.023809523809523808
1,20,regular,1,1207,1251,44,1193,14,58,0.9884009942004971,0.9536370903277378,0.964828137490008,0.9707078925956062
1,20,semiregular,1,898,841,57,780,118,61,0.8685968819599109,0.9274673008323424,1.0677764565992867,0.8970672800460036
1,20,irregular,1,9,252,243,2,7,250,0.2222222222222222,0.007936507936507936,0.03571428571428571,0.01532567049808429
1,20,regular,2,1219,1251,32,1204,15,47,0.9876948318293683,0.9624300559552358,0.9744204636290967,0.9748987854251011
1,20,semiregular,2,813,841,28,738,75,103,0.9077490774907749,0.8775267538644471,0.9667063020214031,0.8923821039903265
1,20,irregular,2,225,252,27,194,31,58,0.8622222222222222,0.7698412698412699,0.8928571428571429,0.8134171907756812
1,20,regular,3,1209,1251,42,1195,14,56,0.9884201819685691,0.9552358113509193,0.9664268585131894,0.9715447154471545
1,20,semiregular,3,835,841,6,753,82,88,0.9017964071856287,0.8953626634958383,0.9928656361474435,0.8985680190930787
1,20,irregular,3,8,252,244,2,6,250,0.25,0.007936507936507936,0.031746031746031744,0.015384615384615385
1,21,regular,1,953,920,33,920,33,0,0.9653725078698846,1.0,1.0358695652173913,0.9823812066203951
1,21,semiregular,1,619,549,70,507,112,42,0.8190630048465266,0.9234972677595629,1.127504553734062,0.8681506849315069
1,21,irregular,1,9,204,195,2,7,202,0.2222222222222222,0.00980392156862745,0.04411764705882353,0.018779342723004695
1,21,regular,2,944,920,24,920,24,0,0.9745762711864406,1.0,1.0260869565217392,0.9871244635193133
1,21,semiregular,2,588,549,39,493,95,56,0.8384353741496599,0.8979963570127505,1.0710382513661203,0.8671943711521548
1,21,irregular,2,207,204,3,183,24,21,0.8840579710144928,0.8970588235294118,1.0147058823529411,0.8905109489051095
1,21,regular,3,943,920,23,920,23,0,0.975609756097561,1.0,1.025,0.9876543209876543
1,21,semiregular,3,578,549,29,498,80,51,0.8615916955017301,0.907103825136612,1.052823315118397,0.8837622005323869
1,21,irregular,3,8,204,196,0,8,204,-1,-1,0.0392156862745098,-1
1,22,regular,1,996,946,50,946,50,0,0.9497991967871486,1.0,1.0528541226215644,0.9742533470648815
1,22,semiregular,1,742,703,39,653,89,50,0.8800539083557951,0.9288762446657184,1.0554765291607398,0.9038062283737025
1,22,irregular,1,9,247,238,0,9,247,-1,-1,0.03643724696356275,-1
1,22,regular,2,983,946,37,946,37,0,0.9623601220752798,1.0,1.0391120507399578,0.9808190772420944
1,22,semiregular,2,715,703,12,645,70,58,0.9020979020979021,0.9174964438122333,1.0170697012802277,0.9097320169252469
1,22,irregular,2,193,247,54,168,25,79,0.8704663212435233,0.680161943319838,0.7813765182186235,0.7636363636363637
1,22,regular,3,982,946,36,946,36,0,0.9633401221995926,1.0,1.0380549682875264,0.9813278008298755
1,22,semiregular,3,701,703,2,638,63,65,0.9101283880171184,0.9075391180654339,0.9971550497866287,0.9088319088319088
1,22,irregular,3,9,247,238,2,7,245,0.2222222222222222,0.008097165991902834,0.03643724696356275,0.015625
1,23,regular,1,1038,999,39,988,50,11,0.9518304431599229,0.988988988988989,1.039039039039039,0.970054000981836
1,23,semiregular,1,879,835,44,767,112,68,0.8725824800910125,0.918562874251497,1.0526946107784432,0.8949824970828472
1,23,irregular,1,16,266,250,2,14,264,0.125,0.007518796992481203,0.06015037593984962,0.014184397163120567
1,23,regular,2,1029,999,30,990,39,9,0.9620991253644315,0.990990990990991,1.03003003003003,0.9763313609467456
1,23,semiregular,2,831,835,4,755,76,80,0.9085439229843562,0.9041916167664671,0.9952095808383233,0.9063625450180073
1,23,irregular,2,173,266,93,150,23,116,0.8670520231213873,0.5639097744360902,0.650375939849624,0.683371298405467
1,23,regular,3,1042,999,43,992,50,7,0.9520153550863724,0.992992992992993,1.043043043043043,0.9720725134737874
1,23,semiregular,3,847,835,12,775,72,60,0.9149940968122786,0.9281437125748503,1.0143712574850299,0.9215219976218787
1,23,irregular,3,15,266,251,1,14,265,0.06666666666666667,0.0037593984962406013,0.05639097744360902,0.0071174377224199285
1,24,regular,1,1089,1079,10,1070,19,9,0.9825528007346189,0.9916589434661723,1.009267840593142,0.9870848708487084
1,24,semiregular,1,684,680,4,618,66,62,0.9035087719298246,0.9088235294117647,1.0058823529411764,0.906158357771261
1,24,irregular,1,12,247,235,3,9,244,0.25,0.012145748987854251,0.048582995951417005,0.023166023166023165
1,24,regular,2,1084,1079,5,1066,18,13,0.9833948339483395,0.9879518072289156,1.0046339202965708,0.9856680536292187
1,24,semiregular,2,661,680,19,619,42,61,0.9364599092284418,0.9102941176470588,0.9720588235294118,0.9231916480238627
1,24,irregular,2,209,247,38,192,17,55,0.9186602870813397,0.7773279352226721,0.8461538461538461,0.8421052631578947
1,24,regular,3,1079,1079,0,1068,11,11,0.989805375347544,0.989805375347544,1.0,0.989805375347544
1,24,semiregular,3,677,680,3,645,32,35,0.9527326440177253,0.9485294117647058,0.9955882352941177,0.950626381724392
1,24,irregular,3,11,247,236,0,11,247,-1,-1,0.044534412955465584,-1
1,25,regular,1,953,946,7,942,11,4,0.9884575026232949,0.9957716701902748,1.007399577167019,0.9921011058451816
1,25,semiregular,1,728,718,10,644,84,74,0.8846153846153846,0.8969359331476323,1.0139275766016713,0.8907330567081605
1,25,irregular,1,15,207,192,2,13,205,0.13333333333333333,0.00966183574879227,0.07246376811594203,0.018018018018018018
1,25,regular,2,946,946,0,938,8,8,0.9915433403805497,0.9915433403805497,1.0,0.9915433403805497
1,25,semiregular,2,721,718,3,659,62,59,0.9140083217753121,0.9178272980501393,1.0041782729805013,0.91591382904795
1,25,irregular,2,139,207,68,123,16,84,0.8848920863309353,0.5942028985507246,0.6714975845410628,0.7109826589595375
1,25,regular,3,953,946,7,943,10,3,0.9895068205666316,0.9968287526427061,1.007399577167019,0.9931542917324907
1,25,semiregular,3,693,718,25,636,57,82,0.9177489177489178,0.8857938718662952,0.9651810584958217,0.9014883061658397
1,25,irregular,3,15,207,192,3,12,204,0.2,0.014492753623188406,0.07246376811594203,0.027027027027027025
1,26,regular,1,1048,985,63,985,63,0,0.9398854961832062,1.0,1.063959390862944,0.9690113133300541
1,26,semiregular,1,780,720,60,681,99,39,0.8730769230769231,0.9458333333333333,1.0833333333333333,0.9079999999999999
1,26,irregular,1,10,214,204,3,7,211,0.3,0.014018691588785047,0.04672897196261682,0.026785714285714288
1,26,regular,2,1020,985,35,984,36,1,0.9647058823529412,0.9989847715736041,1.0355329949238579,0.9815461346633417
1,26,semiregular,2,726,720,6,663,63,57,0.9132231404958677,0.9208333333333333,1.0083333333333333,0.9170124481327799
1,26,irregular,2,175,214,39,143,32,71,0.8171428571428572,0.6682242990654206,0.8177570093457944,0.7352185089974292
1,26,regular,3,1077,985,92,985,92,0,0.914577530176416,1.0,1.0934010152284264,0.9553831231813772
1,26,semiregular,3,719,720,1,657,62,63,0.913769123783032,0.9125,0.9986111111111111,0.9131341209173037
1,26,irregular,3,10,214,204,4,6,210,0.4,0.018691588785046728,0.04672897196261682,0.03571428571428571
1,27,regular,1,1170,1166,4,1155,15,11,0.9871794871794872,0.9905660377358491,1.0034305317324186,0.9888698630136987
1,27,semiregular,1,704,728,24,627,77,101,0.890625,0.8612637362637363,0.967032967032967,0.8756983240223464
1,27,irregular,1,14,270,256,1,13,269,0.07142857142857142,0.003703703703703704,0.05185185185185185,0.007042253521126761
1,27,regular,2,1174,1166,8,1159,15,7,0.9872231686541738,0.9939965694682675,1.006861063464837,0.9905982905982906
1,27,semiregular,2,729,728,1,666,63,62,0.9135802469135802,0.9148351648351648,1.0013736263736264,0.914207275223061
1,27,irregular,2,228,270,42,202,26,68,0.8859649122807017,0.7481481481481481,0.8444444444444444,0.8112449799196787
1,27,regular,3,1173,1166,7,1161,12,5,0.989769820971867,0.9957118353344768,1.0060034305317325,0.9927319367250961
1,27,semiregular,3,719,728,9,663,56,65,0.9221140472878998,0.9107142857142857,0.9876373626373627,0.9163787145818935
1,27,irregular,3,14,270,256,1,13,269,0.07142857142857142,0.003703703703703704,0.05185185185185185,0.007042253521126761
1,28,regular,1,1101,1098,3,1078,23,20,0.9791099000908265,0.9817850637522769,1.0027322404371584,0.9804456571168714
1,28,semiregular,1,895,859,36,805,90,54,0.8994413407821229,0.9371362048894063,1.0419091967403957,0.9179019384264537
1,28,irregular,1,17,293,276,1,16,292,0.058823529411764705,0.0034129692832764505,0.05802047781569966,0.0064516129032258064
1,28,regular,2,1112,1098,14,1093,19,5,0.9829136690647482,0.9954462659380692,1.0127504553734061,0.9891402714932126
1,28,semiregular,2,848,859,11,781,67,78,0.9209905660377359,0.9091967403958091,0.9871944121071012,0.9150556531927359
1,28,irregular,2,183,293,110,160,23,133,0.8743169398907104,0.5460750853242321,0.6245733788395904,0.6722689075630253
1,28,regular,3,1112,1098,14,1093,19,5,0.9829136690647482,0.9954462659380692,1.0127504553734061,0.9891402714932126
1,28,semiregular,3,854,859,5,799,55,60,0.9355971896955504,0.930151338766007,0.9941792782305006,0.9328663164039697
1,28,irregular,3,16,293,277,2,14,291,0.125,0.006825938566552901,0.05460750853242321,0.012944983818770227
1,29,regular,1,1145,1140,5,1133,12,7,0.9895196506550218,0.993859649122807,1.0043859649122806,0.9916849015317286
1,29,semiregular,1,959,869,90,827,132,42,0.862356621480709,0.9516685845799769,1.1035673187571922,0.9048140043763677
1,29,irregular,1,11,247,236,0,11,247,-1,-1,0.044534412955465584,-1
1,29,regular,2,1143,1140,3,1131,12,9,0.989501312335958,0.9921052631578947,1.0026315789473683,0.9908015768725361
1,29,semiregular,2,920,869,51,816,104,53,0.8869565217391304,0.9390103567318757,1.0586881472957423,0.91224147568474
1,29,irregular,2,225,247,22,191,34,56,0.8488888888888889,0.7732793522267206,0.9109311740890689,0.809322033898305
1,29,regular,3,1139,1140,1,1130,9,10,0.9920983318700615,0.9912280701754386,0.9991228070175439,0.9916630100921457
1,29,semiregular,3,885,869,16,800,85,69,0.903954802259887,0.9205983889528193,1.0184119677790564,0.912200684150513
1,29,irregular,3,10,247,237,0,10,247,-1,-1,0.04048582995951417,-1
1,30,regular,1,999,997,2,989,10,8,0.98998998998999,0.9919759277833501,1.0020060180541626,0.9909819639278558
1,30,semiregular,1,829,810,19,753,76,57,0.9083232810615199,0.9296296296296296,1.0234567901234568,0.9188529591214154
1,30,irregular,1,18,250,232,3,15,247,0.16666666666666666,0.012,0.072,0.022388059701492536
1,30,regular,2,1001,997,4,990,11,7,0.989010989010989,0.9929789368104313,1.004012036108325,0.9909909909909909
1,30,semiregular,2,807,810,3,748,59,62,0.9268897149938042,0.9234567901234568,0.9962962962962963,0.925170068027211
1,30,irregular,2,199,250,51,179,20,71,0.8994974874371859,0.716,0.796,0.7973273942093542
1,30,regular,3,996,997,1,990,6,7,0.9939759036144579,0.9929789368104313,0.9989969909729187,0.9934771700953337
1,30,semiregular,3,818,810,8,762,56,48,0.9315403422982885,0.9407407407407408,1.0098765432098766,0.9361179361179361
1,30,irregular,3,18,250,232,1,17,249,0.05555555555555555,0.004,0.072,0.007462686567164178
2,1,regular,1,1008,937,71,937,71,0,0.9295634920634921,1.0,1.0757737459978656,0.963496143958869
2,1,semiregular,1,743,703,40,628,115,75,0.845222072678331,0.8933143669985776,1.0568990042674253,0.8686030428769019
2,1,irregular,1,8,199,191,1,7,198,0.125,0.005025125628140704,0.04020100502512563,0.009661835748792272
2,1,regular,2,1035,937,98,937,98,0,0.9053140096618357,1.0,1.104589114194237,0.9503042596348884
2,1,semiregular,2,726,703,23,622,104,81,0.8567493112947658,0.8847795163584637,1.0327169274537695,0.8705388383484954
2,1,irregular,2,182,199,17,155,27,44,0.8516483516483516,0.7788944723618091,0.914572864321608,0.8136482939632547
2,1,regular,3,1006,937,69,937,69,0,0.9314115308151093,1.0,1.0736392742796157,0.9644879053010808
2,1,semiregular,3,740,703,37,644,96,59,0.8702702702702703,0.9160739687055477,1.0526315789473684,0.8925848925848926
2,1,irregular,3,7,199,192,2,5,197,0.2857142857142857,0.010050251256281407,0.035175879396984924,0.019417475728155338
2,2,regular,1,1228,1224,4,1207,21,17,0.9828990228013029,0.9861111111111112,1.0032679738562091,0.9845024469820556
2,2,semiregular,1,601,647,46,566,35,81,0.9417637271214643,0.874806800618238,0.9289026275115919,0.9070512820512822
2,2,irregular,1,11,217,206,0,11,217,-1,-1,0.05069124423963134,-1
2,2,regular,2,1183,1224,41,1162,21,62,0.9822485207100592,0.9493464052287581,0.9665032679738562,0.9655172413793104
2,2,semiregular,2,612,647,35,581,31,66,0.9493464052287581,0.8979907264296755,0.9459041731066461,0.9229547259729944
2,2,irregular,2,190,217,27,170,20,47,0.8947368421052632,0.783410138248848,0.8755760368663594,0.8353808353808354
2,2,regular,3,1230,1224,6,1208,22,16,0.9821138211382113,0.9869281045751634,1.0049019607843137,0.9845150774246129
2,2,semiregular,3,660,647,13,615,45,32,0.9318181818181818,0.9505409582689336,1.0200927357032457,0.9410864575363428
2,2,irregular,3,10,217,207,2,8,215,0.2,0.009216589861751152,0.04608294930875576,0.01762114537444934
2,3,regular,1,1035,1053,18,1026,9,27,0.991304347826087,0.9743589743589743,0.9829059829059829,0.9827586206896551
2,3,semiregular,1,710,716,6,641,69,75,0.9028169014084507,0.8952513966480447,0.9916201117318436,0.8990182328190743
2,3,irregular,1,10,224,214,1,9,223,0.1,0.004464285714285714,0.044642857142857144,0.008547008547008546
2,3,regular,2,1000,1053,53,991,9,62,0.991,0.9411206077872745,0.949667616334283,0.9654164637116415
2,3,semiregular,2,719,716,3,662,57,54,0.9207232267037552,0.9245810055865922,1.0041899441340782,0.9226480836236933
2,3,irregular,2,175,224,49,156,19,68,0.8914285714285715,0.6964285714285714,0.78125,0.7819548872180451
2,3,regular,3,1041,1053,12,1033,8,20,0.9923150816522575,0.9810066476733144,0.9886039886039886,0.9866284622731614
2,3,semiregular,3,719,716,3,654,65,62,0.9095966620305981,0.9134078212290503,1.0041899441340782,0.9114982578397214
2,3,irregular,3,9,224,215,2,7,222,0.2222222222222222,0.008928571428571428,0.04017857142857143,0.017167381974248927
2,4,regular,1,1125,1101,24,1101,24,0,0.9786666666666667,1.0,1.021798365122616,0.9892183288409703
2,4,semiregular,1,651,614,37,541,110,73,0.8310291858678955,0.8811074918566775,1.0602605863192183,0.8553359683794467
2,4,irregular,1,11,228,217,0,11,228,-1,-1,0.04824561403508772,-1
2,4,regular,2,1128,1101,27,1101,27,0,0.976063829787234,1.0,1.0245231607629428,0.9878869448183042
2,4,semiregular,2,616,614,2,557,59,57,0.9042207792207793,0.9071661237785016,1.003257328990228,0.9056910569105691
2,4,irregular,2,196,228,32,175,21,53,0.8928571428571429,0.7675438596491229,0.8596491228070176,0.8254716981132076
2,4,regular,3,1108,1101,7,1094,14,7,0.9873646209386282,0.9936421435059037,1.0063578564940963,0.9904934359438661
2,4,semiregular,3,620,614,6,558,62,56,0.9,0.9087947882736156,1.009771986970684,0.9043760129659644
2,4,irregular,3,10,228,218,2,8,226,0.2,0.008771929824561403,0.043859649122807015,0.01680672268907563
2,5,regular,1,1040,1044,4,1030,10,14,0.9903846153846154,0.9865900383141762,0.9961685823754789,0.9884836852207294
2,5,semiregular,1,769,668,101,641,128,27,0.8335500650195059,0.9595808383233533,1.151197604790419,0.8921363952679192
2,5,irregular,1,12,217,205,2,10,215,0.16666666666666666,0.009216589861751152,0.055299539170506916,0.017467248908296946
2,5,regular,2,1055,1044,11,1041,14,3,0.9867298578199052,0.9971264367816092,1.010536398467433,0.991900905192949
2,5,semiregular,2,726,668,58,642,84,26,0.8842975206611571,0.9610778443113772,1.0868263473053892,0.9210903873744621
2,5,irregular,2,190,217,27,175,15,42,0.9210526315789473,0.8064516129032258,0.8755760368663594,0.85995085995086
2,5,regular,3,1047,1044,3,1037,10,7,0.9904489016236867,0.9932950191570882,1.0028735632183907,0.9918699186991871
2,5,semiregular,3,705,668,37,627,78,41,0.8893617021276595,0.938622754491018,1.0553892215568863,0.9133284777858703
2,5,irregular,3,11,217,206,0,11,217,-1,-1,0.05069124423963134,-1
2,6,regular,1,966,915,51,915,51,0,0.9472049689440993,1.0,1.0557377049180328,0.9728867623604466
2,6,semiregular,1,717,701,16,650,67,51,0.9065550906555091,0.927246790299572,1.0228245363766049,0.9167842031029619
2,6,irregular,1,12,195,183,1,11,194,0.08333333333333333,0.005128205128205128,0.06153846153846154,0.009661835748792272
2,6,regular,2,992,915,77,915,77,0,0.9223790322580645,1.0,1.0841530054644808,0.9596224436287363
2,6,semiregular,2,716,701,15,658,58,43,0.9189944134078212,0.9386590584878745,1.0213980028530671,0.9287226534932956
2,6,irregular,2,166,195,29,127,39,68,0.7650602409638554,0.6512820512820513,0.8512820512820513,0.7036011080332409
2,6,regular,3,970,915,55,915,55,0,0.9432989690721649,1.0,1.0601092896174864,0.9708222811671088
2,6,semiregular,3,714,701,13,663,51,38,0.9285714285714286,0.9457917261055635,1.0185449358059915,0.9371024734982332
2,6,irregular,3,11,195,184,2,9,193,0.18181818181818182,0.010256410256410256,0.05641025641025641,0.01941747572815534
2,7,regular,1,1,1230,1229,0,1,1230,-1,-1,0.0008130081300813008,-1
2,7,semiregular,1,502,761,259,442,60,319,0.8804780876494024,0.580814717477004,0.6596583442838371,0.699920823436263
2,7,irregular,1,15,225,210,7,8,218,0.4666666666666667,0.03111111111111111,0.06666666666666667,0.058333333333333334
2,7,regular,2,1251,1230,21,1219,32,11,0.9744204636290967,0.9910569105691057,1.0170731707317073,0.9826682789197905
2,7,semiregular,2,722,761,39,653,69,108,0.9044321329639889,0.8580814717477004,0.9487516425755584,0.880647336480108
2,7,irregular,2,161,225,64,151,10,74,0.937888198757764,0.6711111111111111,0.7155555555555555,0.7823834196891192
2,7,regular,3,1248,1230,18,1225,23,5,0.9815705128205128,0.9959349593495935,1.0146341463414634,0.9887005649717513
2,7,semiregular,3,758,761,3,676,82,85,0.8918205804749341,0.8883048620236531,0.9960578186596584,0.8900592495062541
2,7,irregular,3,13,225,212,3,10,222,0.23076923076923078,0.013333333333333334,0.057777777777777775,0.025210084033613446
2,8,regular,1,1047,1035,12,1028,19,7,0.9818529130850048,0.9932367149758454,1.0115942028985507,0.9875120076849184
2,8,semiregular,1,821,827,6,726,95,101,0.8842874543239951,0.8778718258766627,0.992744860943168,0.8810679611650486
2,8,irregular,1,17,243,226,3,14,240,0.17647058823529413,0.012345679012345678,0.06995884773662552,0.023076923076923078
2,8,regular,2,1034,1035,1,1016,18,19,0.9825918762088974,0.9816425120772947,0.9990338164251208,0.9821169647172546
2,8,semiregular,2,807,827,20,741,66,86,0.9182156133828996,0.8960096735187424,0.9758162031438936,0.9069767441860465
2,8,irregular,2,190,243,53,165,25,78,0.868421052631579,0.6790123456790124,0.7818930041152263,0.7621247113163971
2,8,regular,3,1046,1035,11,1029,17,6,0.9837476099426387,0.9942028985507246,1.0106280193236714,0.9889476213358962
2,8,semiregular,3,843,827,16,769,74,58,0.9122182680901542,0.9298669891172914,1.0193470374848852,0.9209580838323354
2,8,irregular,3,16,243,227,3,13,240,0.1875,0.012345679012345678,0.06584362139917696,0.023166023166023165
2,9,regular,1,1100,1107,7,1085,15,22,0.9863636363636363,0.980126467931346,0.993676603432701,0.983235160851835
2,9,semiregular,1,614,701,87,577,37,124,0.9397394136807817,0.8231098430813124,0.8758915834522111,0.8775665399239544
2,9,irregular,1,14,266,252,2,12,264,0.14285714285714285,0.007518796992481203,0.05263157894736842,0.014285714285714285
2,9,regular,2,1050,1107,57,1036,14,71,0.9866666666666667,0.935862691960253,0.948509485094851,0.9605934167825685
2,9,semiregular,2,613,701,88,582,31,119,0.9494290375203915,0.8302425106990015,0.8744650499286734,0.8858447488584476
2,9,irregular,2,211,266,55,192,19,74,0.909952606635071,0.7218045112781954,0.793233082706767,0.8050314465408804
2,9,regular,3,1096,1107,11,1082,14,25,0.9872262773722628,0.9774164408310749,0.990063233965673,0.982296867907399
2,9,semiregular,3,691,701,10,657,34,44,0.9507959479015919,0.9372325249643366,0.985734664764622,0.9439655172413793
2,9,irregular,3,12,266,254,1,11,265,0.08333333333333333,0.0037593984962406013,0.045112781954887216,0.007194244604316547
2,10,regular,1,1089,1014,75,1014,75,0,0.931129476584022,1.0,1.0739644970414202,0.964336661911555
2,10,semiregular,1,675,656,19,618,57,38,0.9155555555555556,0.9420731707317073,1.0289634146341464,0.92862509391435
2,10,irregular,1,12,247,235,2,10,245,0.16666666666666666,0.008097165991902834,0.048582995951417005,0.015444015444015444
2,10,regular,2,1135,1014,121,1014,121,0,0.8933920704845815,1.0,1.1193293885601578,0.9436947417403443
2,10,semiregular,2,649,656,7,596,53,60,0.9183359013867488,0.9085365853658537,0.989329268292683,0.9134099616858238
2,10,irregular,2,225,247,22,190,35,57,0.8444444444444444,0.7692307692307693,0.9109311740890689,0.8050847457627118
2,10,regular,3,1088,1014,74,1014,74,0,0.9319852941176471,1.0,1.0729783037475344,0.9647954329210275
2,10,semiregular,3,655,656,1,605,50,51,0.9236641221374046,0.9222560975609756,0.9984756097560976,0.9229595728451564
2,10,irregular,3,11,247,236,1,10,246,0.09090909090909091,0.004048582995951417,0.044534412955465584,0.007751937984496124
2,11,regular,1,1084,1070,14,1070,14,0,0.9870848708487084,1.0,1.0130841121495326,0.9935004642525533
2,11,semiregular,1,738,700,38,636,102,64,0.8617886178861789,0.9085714285714286,1.0542857142857143,0.8845618915159944
2,11,irregular,1,12,239,227,3,9,236,0.25,0.012552301255230125,0.0502092050209205,0.023904382470119525
2,11,regular,2,1086,1070,16,1069,17,1,0.9843462246777164,0.9990654205607477,1.0149532710280373,0.9916512059369201
2,11,semiregular,2,692,700,8,626,66,74,0.9046242774566474,0.8942857142857142,0.9885714285714285,0.8994252873563219
2,11,irregular,2,177,239,62,158,19,81,0.8926553672316384,0.6610878661087866,0.7405857740585774,0.7596153846153846
2,11,regular,3,1067,1070,3,1056,11,14,0.9896907216494846,0.9869158878504672,0.997196261682243,0.988301357042583
2,11,semiregular,3,690,700,10,624,66,76,0.9043478260869565,0.8914285714285715,0.9857142857142858,0.897841726618705
2,11,irregular,3,11,239,228,2,9,237,0.18181818181818182,0.008368200836820083,0.04602510460251046,0.015999999999999997
2,12,regular,1,1043,1007,36,1007,36,0,0.965484180249281,1.0,1.0357497517378351,0.982439024390244
2,12,semiregular,1,736,641,95,610,126,31,0.8288043478260869,0.9516380655226209,1.1482059282371295,0.8859840232389252
2,12,irregular,1,12,204,192,1,11,203,0.08333333333333333,0.004901960784313725,0.058823529411764705,0.009259259259259259
2,12,regular,2,1070,1007,63,1007,63,0,0.9411214953271028,1.0,1.0625620655412116,0.9696677900818488
2,12,semiregular,2,668,641,27,577,91,64,0.8637724550898204,0.9001560062402496,1.0421216848673946,0.881588999236058
2,12,irregular,2,201,204,3,168,33,36,0.835820895522388,0.8235294117647058,0.9852941176470589,0.8296296296296296
2,12,regular,3,1042,1007,35,1007,35,0,0.9664107485604606,1.0,1.0347567030784508,0.9829184968277209
2,12,semiregular,3,650,641,9,567,83,74,0.8723076923076923,0.8845553822152886,1.0140405616224648,0.8783888458559257
2,12,irregular,3,11,204,193,1,10,203,0.09090909090909091,0.004901960784313725,0.05392156862745098,0.009302325581395349
2,13,regular,1,1017,1000,17,998,19,2,0.9813176007866273,0.998,1.017,0.9895884977689638
2,13,semiregular,1,861,815,46,784,77,31,0.9105691056910569,0.9619631901840491,1.056441717791411,0.9355608591885441
2,13,irregular,1,17,216,199,2,15,214,0.11764705882352941,0.009259259259259259,0.0787037037037037,0.017167381974248924
2,13,regular,2,1047,1000,47,1000,47,0,0.9551098376313276,1.0,1.047,0.9770395701025891
2,13,semiregular,2,818,815,3,762,56,53,0.9315403422982885,0.9349693251533743,1.003680981595092,0.9332516840171464
2,13,irregular,2,204,216,12,180,24,36,0.8823529411764706,0.8333333333333334,0.9444444444444444,0.8571428571428571
2,13,regular,3,1026,1000,26,1000,26,0,0.9746588693957114,1.0,1.026,0.9871668311944718
2,13,semiregular,3,831,815,16,780,51,35,0.9386281588447654,0.9570552147239264,1.019631901840491,0.9477521263669503
2,13,irregular,3,15,216,201,4,11,212,0.26666666666666666,0.018518518518518517,0.06944444444444445,0.034632034632034625
2,14,regular,1,1052,1052,0,1041,11,11,0.9895437262357415,0.9895437262357415,1.0,0.9895437262357415
2,14,semiregular,1,899,913,14,831,68,82,0.9243604004449388,0.9101861993428259,0.9846659364731654,0.9172185430463575
2,14,irregular,1,12,217,205,1,11,216,0.08333333333333333,0.004608294930875576,0.055299539170506916,0.008733624454148473
2,14,regular,2,1019,1052,33,1008,11,44,0.9892051030421982,0.9581749049429658,0.9686311787072244,0.9734427812650893
2,14,semiregular,2,898,913,15,850,48,63,0.9465478841870824,0.9309967141292442,0.9835706462212487,0.9387078961899503
2,14,irregular,2,201,217,16,180,21,37,0.8955223880597015,0.8294930875576036,0.9262672811059908,0.861244019138756
2,14,regular,3,1050,1052,2,1040,10,12,0.9904761904761905,0.9885931558935361,0.9980988593155894,0.9895337773549001
2,14,semiregular,3,906,913,7,847,59,66,0.934878587196468,0.927710843373494,0.9923329682365827,0.9312809235843871
2,14,irregular,3,11,217,206,1,10,216,0.09090909090909091,0.004608294930875576,0.05069124423963134,0.008771929824561403
2,15,regular,1,962,964,2,951,11,13,0.9885654885654885,0.9865145228215768,0.9979253112033195,0.9875389408099688
2,15,semiregular,1,804,774,30,732,72,42,0.9104477611940298,0.9457364341085271,1.0387596899224807,0.9277566539923954
2,15,irregular,1,12,218,206,3,9,215,0.25,0.013761467889908258,0.05504587155963303,0.02608695652173913
2,15,regular,2,955,964,9,945,10,19,0.9895287958115183,0.9802904564315352,0.9906639004149378,0.9848879624804585
2,15,semiregular,2,766,774,8,716,50,58,0.9347258485639687,0.9250645994832042,0.9896640826873385,0.9298701298701298
2,15,irregular,2,196,218,22,175,21,43,0.8928571428571429,0.8027522935779816,0.8990825688073395,0.8454106280193237
2,15,regular,3,964,964,0,954,10,10,0.9896265560165975,0.9896265560165975,1.0,0.9896265560165975
2,15,semiregular,3,755,774,19,706,49,68,0.9350993377483444,0.9121447028423773,0.975452196382429,0.9234793982995422
2,15,irregular,3,11,218,207,4,7,214,0.36363636363636365,0.01834862385321101,0.05045871559633028,0.03493449781659389
2,16,regular,1,1130,1109,21,1108,22,1,0.9805309734513274,0.9990982867448152,1.0189359783588818,0.9897275569450649
2,16,semiregular,1,670,681,11,593,77,88,0.8850746268656716,0.8707782672540382,0.9838472834067548,0.8778682457438934
2,16,irregular,1,11,272,261,4,7,268,0.36363636363636365,0.014705882352941176,0.04044117647058824,0.028268551236749113
2,16,regular,2,1139,1109,30,1109,30,0,0.9736611062335382,1.0,1.0270513976555455,0.9866548042704626
2,16,semiregular,2,674,681,7,607,67,74,0.900593471810089,0.8913362701908958,0.9897209985315712,0.8959409594095941
2,16,irregular,2,212,272,60,193,19,79,0.910377358490566,0.7095588235294118,0.7794117647058824,0.7975206611570248
2,16,regular,3,1123,1109,14,1105,18,4,0.9839715048975958,0.9963931469792606,1.0126239855725878,0.9901433691756274
2,16,semiregular,3,672,681,9,610,62,71,0.9077380952380952,0.895741556534508,0.986784140969163,0.90169992609017
2,16,irregular,3,10,272,262,1,9,271,0.1,0.003676470588235294,0.03676470588235294,0.0070921985815602835
2,17,regular,1,1047,1029,18,1028,19,1,0.9818529130850048,0.9990281827016521,1.0174927113702623,0.9903660886319845
2,17,semiregular,1,842,837,5,767,75,70,0.9109263657957245,0.9163679808841099,1.005973715651135,0.9136390708755212
2,17,irregular,1,14,240,226,2,12,238,0.14285714285714285,0.008333333333333333,0.058333333333333334,0.015748031496062992
2,17,regular,2,1065,1029,36,1029,36,0,0.9661971830985916,1.0,1.0349854227405249,0.9828080229226361
2,17,semiregular,2,844,837,7,777,67,60,0.9206161137440758,0.9283154121863799,1.008363201911589,0.924449732302201
2,17,irregular,2,214,240,26,181,33,59,0.8457943925233645,0.7541666666666667,0.8916666666666667,0.7973568281938326
2,17,regular,3,1049,1029,20,1029,20,0,0.9809342230695901,1.0,1.0194363459669582,0.9903753609239654
2,17,semiregular,3,843,837,6,783,60,54,0.9288256227758007,0.9354838709677419,1.007168458781362,0.9321428571428573
2,17,irregular,3,13,240,227,4,9,236,0.3076923076923077,0.016666666666666666,0.05416666666666667,0.03162055335968379
2,18,regular,1,1078,1044,34,1043,35,1,0.9675324675324676,0.9990421455938697,1.0325670498084292,0.9830348727615458
2,18,semiregular,1,798,801,3,744,54,57,0.9323308270676691,0.9288389513108615,0.9962546816479401,0.9305816135084427
2,18,irregular,1,11,252,241,2,9,250,0.18181818181818182,0.007936507936507936,0.04365079365079365,0.015209125475285171
2,18,regular,2,1119,1044,75,1044,75,0,0.9329758713136729,1.0,1.0718390804597702,0.9653259361997226
2,18,semiregular,2,807,801,6,759,48,42,0.9405204460966543,0.947565543071161,1.0074906367041199,0.9440298507462687
2,18,irregular,2,222,252,30,194,28,58,0.8738738738738738,0.7698412698412699,0.8809523809523809,0.818565400843882
2,18,regular,3,1083,1044,39,1044,39,0,0.96398891966759,1.0,1.0373563218390804,0.9816643159379407
2,18,semiregular,3,810,801,9,765,45,36,0.9444444444444444,0.9550561797752809,1.0112359550561798,0.9497206703910613
2,18,irregular,3,10,252,242,2,8,250,0.2,0.007936507936507936,0.03968253968253968,0.015267175572519083
2,19,regular,1,1110,1076,34,1073,37,3,0.9666666666666667,0.9972118959107806,1.0315985130111525,0.9817017383348582
2,19,semiregular,1,763,753,10,700,63,53,0.9174311926605505,0.9296148738379814,1.0132802124833997,0.9234828496042218
2,19,irregular,1,10,245,235,2,8,243,0.2,0.00816326530612245,0.04081632653061224,0.015686274509803925
2,19,regular,2,1136,1076,60,1075,61,1,0.9463028169014085,0.9990706319702602,1.0557620817843867,0.9719710669077758
2,19,semiregular,2,727,753,26,679,48,74,0.9339752407152683,0.9017264276228419,0.9654714475431607,0.9175675675675676
2,19,irregular,2,226,245,19,195,31,50,0.8628318584070797,0.7959183673469388,0.9224489795918367,0.8280254777070063
2,19,regular,3,1106,1076,30,1074,32,2,0.9710669077757685,0.9981412639405205,1.0278810408921932,0.9844179651695693
2,19,semiregular,3,707,753,46,657,50,96,0.9292786421499293,0.8725099601593626,0.9389110225763613,0.8999999999999999
2,19,irregular,3,9,245,236,2,7,243,0.2222222222222222,0.00816326530612245,0.036734693877551024,0.015748031496062995
2,20,regular,1,1213,1251,38,1198,15,53,0.9876339653751031,0.9576338928856915,0.9696243005595524,0.9724025974025974
2,20,semiregular,1,873,841,32,754,119,87,0.86368843069874,0.896551724137931,1.0380499405469679,0.8798133022170361
2,20,irregular,1,11,252,241,1,10,251,0.09090909090909091,0.003968253968253968,0.04365079365079365,0.0076045627376425855
2,20,regular,2,1212,1251,39,1196,16,55,0.9867986798679867,0.95603517186251,0.9688249400479616,0.971173365814048
2,20,semiregular,2,803,841,38,718,85,123,0.8941469489414695,0.8537455410225921,0.9548156956004756,0.8734793187347932
2,20,irregular,2,230,252,22,198,32,54,0.8608695652173913,0.7857142857142857,0.9126984126984127,0.8215767634854773
2,20,regular,3,1202,1251,49,1189,13,62,0.9891846921797005,0.950439648281375,0.9608313349320543,0.9694251936404402
2,20,semiregular,3,845,841,4,755,90,86,0.893491124260355,0.8977407847800237,1.004756242568371,0.8956109134045077
2,20,irregular,3,10,252,242,4,6,248,0.4,0.015873015873015872,0.03968253968253968,0.030534351145038167
2,21,regular,1,952,920,32,920,32,0,0.9663865546218487,1.0,1.0347826086956522,0.9829059829059829
2,21,semiregular,1,619,549,70,498,121,51,0.8045234248788369,0.907103825136612,1.127504553734062,0.8527397260273973
2,21,irregular,1,11,204,193,2,9,202,0.18181818181818182,0.00980392156862745,0.05392156862745098,0.018604651162790697
2,21,regular,2,972,920,52,920,52,0,0.9465020576131687,1.0,1.0565217391304347,0.9725158562367865
2,21,semiregular,2,589,549,40,502,87,47,0.8522920203735145,0.9143897996357013,1.0728597449908925,0.8822495606326889
2,21,irregular,2,187,204,17,165,22,39,0.8823529411764706,0.8088235294117647,0.9166666666666666,0.8439897698209718
2,21,regular,3,945,920,25,920,25,0,0.9735449735449735,1.0,1.0271739130434783,0.9865951742627346
2,21,semiregular,3,601,549,52,515,86,34,0.8569051580698835,0.9380692167577414,1.0947176684881603,0.8956521739130435
2,21,irregular,3,10,204,194,0,10,204,-1,-1,0.049019607843137254,-1
2,22,regular,1,992,946,46,946,46,0,0.9536290322580645,1.0,1.0486257928118394,0.9762641898864809
2,22,semiregular,1,760,703,57,662,98,41,0.8710526315789474,0.9416785206258891,1.0810810810810811,0.9049897470950102
2,22,irregular,1,12,247,235,7,5,240,0.5833333333333334,0.02834008097165992,0.048582995951417005,0.05405405405405404
2,22,regular,2,1013,946,67,946,67,0,0.9338598223099703,1.0,1.0708245243128964,0.96579887697805
2,22,semiregular,2,711,703,8,646,65,57,0.9085794655414908,0.918918918918919,1.0113798008534851,0.9137199434229137
2,22,irregular,2,180,247,67,161,19,86,0.8944444444444445,0.6518218623481782,0.728744939271255,0.7540983606557378
2,22,regular,3,985,946,39,946,39,0,0.9604060913705583,1.0,1.0412262156448202,0.9798032107716209
2,22,semiregular,3,704,703,1,638,66,65,0.90625,0.9075391180654339,1.0014224751066856,0.9068941009239517
2,22,irregular,3,11,247,236,0,11,247,-1,-1,0.044534412955465584,-1
2,23,regular,1,1019,999,20,987,32,12,0.9685966633954858,0.987987987987988,1.02002002002002,0.9781962338949455
2,23,semiregular,1,862,835,27,740,122,95,0.8584686774941995,0.8862275449101796,1.0323353293413173,0.8721272834413671
2,23,irregular,1,20,266,246,2,18,264,0.1,0.007518796992481203,0.07518796992481203,0.013986013986013986
2,23,regular,2,1022,999,23,973,49,26,0.952054794520548,0.973973973973974,1.023023023023023,0.9628896585848591
2,23,semiregular,2,839,835,4,768,71,67,0.9153754469606674,0.9197604790419162,1.0047904191616766,0.9175627240143368
2,23,irregular,2,216,266,50,189,27,77,0.875,0.7105263157894737,0.8120300751879699,0.7842323651452282
2,23,regular,3,1045,999,46,995,50,4,0.9521531100478469,0.995995995995996,1.0460460460460461,0.9735812133072406
2,23,semiregular,3,873,835,38,793,80,42,0.9083619702176403,0.9497005988023952,1.0455089820359282,0.9285714285714286
2,23,irregular,3,18,266,248,3,15,263,0.16666666666666666,0.011278195488721804,0.06766917293233082,0.02112676056338028
2,24,regular,1,1085,1079,6,1067,18,12,0.9834101382488479,0.9888785912882299,1.0055607043558852,0.9861367837338263
2,24,semiregular,1,678,680,2,613,65,67,0.9041297935103245,0.9014705882352941,0.9970588235294118,0.9027982326951398
2,24,irregular,1,15,247,232,3,12,244,0.2,0.012145748987854251,0.06072874493927125,0.022900763358778626
2,24,regular,2,1045,1079,34,1029,16,50,0.9846889952153111,0.953660797034291,0.9684893419833179,0.9689265536723164
2,24,semiregular,2,656,680,24,620,36,60,0.9451219512195121,0.9117647058823529,0.9647058823529412,0.9281437125748503
2,24,irregular,2,208,247,39,194,14,53,0.9326923076923077,0.7854251012145749,0.8421052631578947,0.8527472527472527
2,24,regular,3,1072,1079,7,1056,16,23,0.9850746268656716,0.9786839666357738,0.9935125115848007,0.9818688981868897
2,24,semiregular,3,682,680,2,643,39,37,0.9428152492668622,0.9455882352941176,1.0029411764705882,0.9441997063142437
2,24,irregular,3,13,247,234,2,11,245,0.15384615384615385,0.008097165991902834,0.05263157894736842,0.015384615384615385
2,25,regular,1,953,946,7,942,11,4,0.9884575026232949,0.9957716701902748,1.007399577167019,0.9921011058451816
2,25,semiregular,1,728,718,10,641,87,77,0.8804945054945055,0.8927576601671309,1.0139275766016713,0.8865836791147994
2,25,irregular,1,19,207,188,3,16,204,0.15789473684210525,0.014492753623188406,0.09178743961352658,0.02654867256637168
2,25,regular,2,926,946,20,915,11,31,0.9881209503239741,0.96723044397463,0.9788583509513742,0.9775641025641025
2,25,semiregular,2,722,718,4,658,64,60,0.9113573407202216,0.9164345403899722,1.0055710306406684,0.9138888888888889
2,25,irregular,2,144,207,63,124,20,83,0.8611111111111112,0.5990338164251208,0.6956521739130435,0.7065527065527066
2,25,regular,3,949,946,3,938,11,8,0.9884088514225501,0.9915433403805497,1.0031712473572938,0.9899736147757257
2,25,semiregular,3,719,718,1,659,60,59,0.9165507649513213,0.9178272980501393,1.001392757660167,0.9171885873347251
2,25,irregular,3,17,207,190,1,16,206,0.058823529411764705,0.004830917874396135,0.0821256038647343,0.00892857142857143
2,26,regular,1,1037,985,52,984,53,1,0.9488910318225651,0.9989847715736041,1.052791878172589,0.9732937685459941
2,26,semiregular,1,785,720,65,682,103,38,0.8687898089171975,0.9472222222222222,1.0902777777777777,0.906312292358804
2,26,irregular,1,13,214,201,3,10,211,0.23076923076923078,0.014018691588785047,0.06074766355140187,0.026431718061674006
2,26,regular,2,1177,985,192,985,192,0,0.836873406966865,1.0,1.1949238578680204,0.9111933395004627
2,26,semiregular,2,717,720,3,653,64,67,0.9107391910739191,0.9069444444444444,0.9958333333333333,0.9088378566457899
2,26,irregular,2,169,214,45,137,32,77,0.8106508875739645,0.6401869158878505,0.7897196261682243,0.7154046997389034
2,26,regular,3,1047,985,62,985,62,0,0.9407831900668577,1.0,1.0629441624365483,0.969488188976378
2,26,semiregular,3,732,720,12,665,67,55,0.9084699453551912,0.9236111111111112,1.0166666666666666,0.9159779614325069
2,26,irregular,3,12,214,202,1,11,213,0.08333333333333333,0.004672897196261682,0.056074766355140186,0.008849557522123892
2,27,regular,1,1172,1166,6,1157,15,9,0.9872013651877133,0.9922813036020584,1.0051457975986278,0.9897348160821215
2,27,semiregular,1,718,728,10,619,99,109,0.862116991643454,0.8502747252747253,0.9862637362637363,0.8561549100968188
2,27,irregular,1,18,270,252,2,16,268,0.1111111111111111,0.007407407407407408,0.06666666666666667,0.01388888888888889
2,27,regular,2,1138,1166,28,1124,14,42,0.9876977152899824,0.9639794168096055,0.9759862778730704,0.9756944444444445
2,27,semiregular,2,729,728,1,665,64,63,0.9122085048010974,0.9134615384615384,1.0013736263736264,0.9128345916266299
2,27,irregular,2,228,270,42,205,23,65,0.8991228070175439,0.7592592592592593,0.8444444444444444,0.8232931726907631
2,27,regular,3,1166,1166,0,1153,13,13,0.9888507718696398,0.9888507718696398,1.0,0.9888507718696398
2,27,semiregular,3,712,728,16,662,50,66,0.9297752808988764,0.9093406593406593,0.978021978021978,0.9194444444444445
2,27,irregular,3,16,270,254,1,15,269,0.0625,0.003703703703703704,0.05925925925925926,0.006993006993006993
2,28,regular,1,1102,1098,4,1077,25,21,0.9773139745916516,0.9808743169398907,1.0036429872495447,0.9790909090909091
2,28,semiregular,1,893,859,34,804,89,55,0.9003359462486002,0.9359720605355064,1.039580908032596,0.9178082191780822
2,28,irregular,1,21,293,272,5,16,288,0.23809523809523808,0.017064846416382253,0.07167235494880546,0.03184713375796179
2,28,regular,2,1080,1098,18,1056,24,42,0.9777777777777777,0.9617486338797814,0.9836065573770492,0.9696969696969697
2,28,semiregular,2,843,859,16,777,66,82,0.9217081850533808,0.9045401629802096,0.9813736903376019,0.9130434782608695
2,28,irregular,2,210,293,83,185,25,108,0.8809523809523809,0.6313993174061433,0.7167235494880546,0.7355864811133201
2,28,regular,3,1115,1098,17,1090,25,8,0.9775784753363229,0.9927140255009107,1.0154826958105647,0.9850881156800724
2,28,semiregular,3,871,859,12,819,52,40,0.9402985074626866,0.9534342258440046,1.0139697322467986,0.9468208092485548
2,28,irregular,3,19,293,274,2,17,291,0.10526315789473684,0.006825938566552901,0.06484641638225255,0.012820512820512822
2,29,regular,1,1146,1140,6,1133,13,7,0.9886561954624782,0.993859649122807,1.0052631578947369,0.9912510936132983
2,29,semiregular,1,968,869,99,831,137,38,0.8584710743801653,0.956271576524741,1.1139240506329113,0.9047359825802941
2,29,irregular,1,14,247,233,4,10,243,0.2857142857142857,0.016194331983805668,0.05668016194331984,0.030651340996168584
2,29,regular,2,1116,1140,24,1105,11,35,0.9901433691756273,0.9692982456140351,0.9789473684210527,0.9796099290780143
2,29,semiregular,2,940,869,71,826,114,43,0.8787234042553191,0.950517836593786,1.0817031070195626,0.9132117191818684
2,29,irregular,2,228,247,19,202,26,45,0.8859649122807017,0.8178137651821862,0.9230769230769231,0.8505263157894737
2,29,regular,3,1128,1140,12,1117,11,23,0.9902482269503546,0.9798245614035088,0.9894736842105263,0.9850088183421517
2,29,semiregular,3,880,869,11,788,92,81,0.8954545454545455,0.906789413118527,1.0126582278481013,0.9010863350485993
2,29,irregular,3,12,247,235,2,10,245,0.16666666666666666,0.008097165991902834,0.048582995951417005,0.015444015444015444
2,30,regular,1,1002,997,5,992,10,5,0.9900199600798403,0.9949849548645938,1.0050150451354063,0.9924962481240621
2,30,semiregular,1,826,810,16,749,77,61,0.9067796610169492,0.9246913580246914,1.019753086419753,0.9156479217603912
2,30,irregular,1,23,250,227,4,19,246,0.17391304347826086,0.016,0.092,0.029304029304029304
2,30,regular,2,998,997,1,986,12,11,0.9879759519038076,0.9889669007021064,1.0010030090270812,0.9884711779448621
2,30,semiregular,2,792,810,18,738,54,72,0.9318181818181818,0.9111111111111111,0.9777777777777777,0.9213483146067416
2,30,irregular,2,195,250,55,174,21,76,0.8923076923076924,0.696,0.78,0.7820224719101122
2,30,regular,3,997,997,0,987,10,10,0.9899699097291875,0.9899699097291875,1.0,0.9899699097291875
2,30,semiregular,3,816,810,6,765,51,45,0.9375,0.9444444444444444,1.0074074074074073,0.940959409594096
2,30,irregular,3,21,250,229,3,18,247,0.14285714285714285,0.012,0.084,0.02214022140221402
3,1,regular,1,1013,937,76,937,76,0,0.9249753208292202,1.0,1.08110992529349,0.961025641025641
3,1,semiregular,1,762,703,59,652,110,51,0.8556430446194225,0.9274537695590327,1.0839260312944523,0.8901023890784983
3,1,irregular,1,117,199,82,101,16,98,0.8632478632478633,0.507537688442211,0.5879396984924623,0.639240506329114
3,1,regular,2,1003,937,66,937,66,0,0.93419740777667,1.0,1.0704375667022412,0.9659793814432991
3,1,semiregular,2,744,703,41,636,108,67,0.8548387096774194,0.9046941678520626,1.058321479374111,0.8790601243953006
3,1,irregular,2,177,199,22,158,19,41,0.8926553672316384,0.7939698492462312,0.8894472361809045,0.8404255319148936
3,1,regular,3,963,937,26,936,27,1,0.9719626168224299,0.9989327641408752,1.0277481323372466,0.9852631578947368
3,1,semiregular,3,725,703,22,646,79,57,0.8910344827586207,0.918918918918919,1.031294452347084,0.9047619047619047
3,1,irregular,3,6,199,193,0,6,199,-1,-1,0.03015075376884422,-1
3,2,regular,1,1221,1224,3,1198,23,26,0.9811629811629812,0.9787581699346405,0.9975490196078431,0.9799591002044991
3,2,semiregular,1,599,647,48,569,30,78,0.9499165275459098,0.8794435857805255,0.9258114374034003,0.913322632423756
3,2,irregular,1,89,217,128,76,13,141,0.8539325842696629,0.35023041474654376,0.41013824884792627,0.4967320261437908
3,2,regular,2,1230,1224,6,1207,23,17,0.9813008130081301,0.9861111111111112,1.0049019607843137,0.9837000814995924
3,2,semiregular,2,623,647,24,594,29,53,0.9534510433386838,0.9180834621329211,0.9629057187017002,0.9354330708661417
3,2,irregular,2,192,217,25,171,21,46,0.890625,0.7880184331797235,0.8847926267281107,0.8361858190709047
3,2,regular,3,1233,1224,9,1218,15,6,0.9878345498783455,0.9950980392156863,1.0073529411764706,0.9914529914529916
3,2,semiregular,3,658,647,11,621,37,26,0.9437689969604863,0.9598145285935085,1.017001545595054,0.9517241379310345
3,2,irregular,3,8,217,209,0,8,217,-1,-1,0.03686635944700461,-1
3,3,regular,1,1042,1053,11,1032,10,21,0.9904030710172744,0.98005698005698,0.9895536562203229,0.9852028639618139
3,3,semiregular,1,725,716,9,654,71,62,0.9020689655172414,0.9134078212290503,1.0125698324022345,0.9077029840388618
3,3,irregular,1,135,224,89,124,11,100,0.9185185185185185,0.5535714285714286,0.6026785714285714,0.6908077994428969
3,3,regular,2,1045,1053,8,1035,10,18,0.9904306220095693,0.9829059829059829,0.9924026590693258,0.9866539561487131
3,3,semiregular,2,714,716,2,653,61,63,0.9145658263305322,0.9120111731843575,0.9972067039106145,0.9132867132867133
3,3,irregular,2,184,224,40,163,21,61,0.8858695652173914,0.7276785714285714,0.8214285714285714,0.7990196078431373
3,3,regular,3,1048,1053,5,1043,5,10,0.9952290076335878,0.9905033238366572,0.9952516619183286,0.9928605425987624
3,3,semiregular,3,721,716,5,664,57,52,0.9209431345353676,0.9273743016759777,1.0069832402234637,0.9241475295755046
3,3,irregular,3,8,224,216,2,6,222,0.25,0.008928571428571428,0.03571428571428571,0.017241379310344824
3,4,regular,1,1127,1101,26,1101,26,0,0.976929902395741,1.0,1.0236148955495004,0.9883303411131059
3,4,semiregular,1,647,614,33,534,113,80,0.8253477588871716,0.8697068403908795,1.0537459283387622,0.8469468675654244
3,4,irregular,1,62,228,166,47,15,181,0.7580645161290323,0.20614035087719298,0.2719298245614035,0.32413793103448274
3,4,regular,2,1117,1101,16,1101,16,0,0.9856759176365264,1.0,1.0145322434150772,0.9927862939585211
3,4,semiregular,2,613,614,1,549,64,65,0.8955954323001631,0.8941368078175895,0.998371335504886,0.8948655256723715
3,4,irregular,2,195,228,33,171,24,57,0.8769230769230769,0.75,0.8552631578947368,0.8085106382978723
3,4,regular,3,1117,1101,16,1101,16,0,0.9856759176365264,1.0,1.0145322434150772,0.9927862939585211
3,4,semiregular,3,613,614,1,556,57,58,0.9070146818923328,0.9055374592833876,0.998371335504886,0.9062754686226568
3,4,irregular,3,9,228,219,0,9,228,-1,-1,0.039473684210526314,-1
3,5,regular,1,1050,1044,6,1040,10,4,0.9904761904761905,0.9961685823754789,1.0057471264367817,0.9933142311365808
3,5,semiregular,1,755,668,87,644,111,24,0.8529801324503311,0.9640718562874252,1.1302395209580838,0.9051300070274069
3,5,irregular,1,106,217,111,98,8,119,0.9245283018867925,0.45161290322580644,0.48847926267281105,0.6068111455108359
3,5,regular,2,1055,1044,11,1042,13,2,0.9876777251184834,0.9980842911877394,1.010536398467433,0.9928537398761315
3,5,semiregular,2,710,668,42,627,83,41,0.8830985915492958,0.938622754491018,1.062874251497006,0.9100145137880986
3,5,irregular,2,191,217,26,173,18,44,0.9057591623036649,0.7972350230414746,0.880184331797235,0.8480392156862745
3,5,regular,3,1041,1044,3,1037,4,7,0.9961575408261287,0.9932950191570882,0.9971264367816092,0.9947242206235013
3,5,semiregular,3,695,668,27,621,74,47,0.8935251798561151,0.9296407185628742,1.0404191616766467,0.9112252384446075
3,5,irregular,3,10,217,207,0,10,217,-1,-1,0.04608294930875576,-1
3,6,regular,1,977,915,62,915,62,0,0.9365404298874105,1.0,1.06775956284153,0.9672304439746301
3,6,semiregular,1,706,701,5,641,65,60,0.9079320113314447,0.9144079885877318,1.007132667617689,0.9111584932480454
3,6,irregular,1,93,195,102,67,26,128,0.7204301075268817,0.3435897435897436,0.47692307692307695,0.4652777777777778
3,6,regular,2,968,915,53,914,54,1,0.9442148760330579,0.9989071038251366,1.0579234972677596,0.9707912904938927
3,6,semiregular,2,710,701,9,653,57,48,0.9197183098591549,0.9315263908701854,1.0128388017118402,0.9255846917080085
3,6,irregular,2,154,195,41,121,33,74,0.7857142857142857,0.6205128205128205,0.7897435897435897,0.6934097421203439
3,6,regular,3,940,915,25,915,25,0,0.973404255319149,1.0,1.0273224043715847,0.986522911051213
3,6,semiregular,3,707,701,6,655,52,46,0.9264497878359265,0.9343794579172611,1.0085592011412268,0.9303977272727273
3,6,irregular,3,9,195,186,1,8,194,0.1111111111111111,0.005128205128205128,0.046153846153846156,0.00980392156862745
3,7,regular,1,1244,1230,14,1219,25,11,0.979903536977492,0.9910569105691057,1.0113821138211383,0.9854486661277284
3,7,semiregular,1,832,761,71,706,126,55,0.8485576923076923,0.9277266754270697,1.0932982917214191,0.8863779033270559
3,7,irregular,1,136,225,89,114,22,111,0.8382352941176471,0.5066666666666667,0.6044444444444445,0.6315789473684211
3,7,regular,2,1249,1230,19,1227,22,3,0.9823859087269816,0.9975609756097561,1.0154471544715447,0.9899152884227512
3,7,semiregular,2,745,761,16,669,76,92,0.897986577181208,0.8791064388961892,0.9789750328515112,0.8884462151394421
3,7,irregular,2,179,225,46,167,12,58,0.9329608938547486,0.7422222222222222,0.7955555555555556,0.8267326732673267
3,7,regular,3,1237,1230,7,1225,12,5,0.9902991107518189,0.9959349593495935,1.005691056910569,0.993109039319011
3,7,semiregular,3,765,761,4,680,85,81,0.8888888888888888,0.8935611038107752,1.0052562417871223,0.891218872870249
3,7,irregular,3,12,225,213,2,10,223,0.16666666666666666,0.008888888888888889,0.05333333333333334,0.016877637130801686
3,8,regular,1,1057,1035,22,1031,26,4,0.9754020813623463,0.996135265700483,1.021256038647343,0.98565965583174
3,8,semiregular,1,841,827,14,753,88,74,0.8953626634958383,0.9105199516324063,1.0169286577992744,0.9028776978417267
3,8,irregular,1,109,243,134,99,10,144,0.908256880733945,0.4074074074074074,0.448559670781893,0.5625
3,8,regular,2,1044,1035,9,1027,17,8,0.9837164750957854,0.9922705314009662,1.008695652173913,0.9879749879749881
3,8,semiregular,2,825,827,2,759,66,68,0.92,0.9177750906892382,0.9975816203143894,0.9188861985472155
3,8,irregular,2,184,243,59,158,26,85,0.8586956521739131,0.6502057613168725,0.757201646090535,0.7400468384074943
3,8,regular,3,1036,1035,1,1030,6,5,0.9942084942084942,0.9951690821256038,1.0009661835748793,0.9946885562530179
3,8,semiregular,3,842,827,15,777,65,50,0.9228028503562945,0.939540507859734,1.0181378476420797,0.9310964649490713
3,8,irregular,3,14,243,229,2,12,241,0.14285714285714285,0.00823045267489712,0.05761316872427984,0.015564202334630352
3,9,regular,1,1118,1107,11,1102,16,5,0.9856887298747764,0.995483288166215,1.009936766034327,0.9905617977528091
3,9,semiregular,1,644,701,57,605,39,96,0.9394409937888198,0.8630527817403709,0.9186875891583453,0.8996282527881041
3,9,irregular,1,111,266,155,104,7,162,0.9369369369369369,0.39097744360902253,0.41729323308270677,0.5517241379310345
3,9,regular,2,1110,1107,3,1094,16,13,0.9855855855855856,0.988256549232159,1.002710027100271,0.9869192602616148
3,9,semiregular,2,610,701,91,572,38,129,0.9377049180327869,0.8159771754636234,0.8701854493580599,0.8726163234172388
3,9,irregular,2,220,266,46,203,17,63,0.9227272727272727,0.7631578947368421,0.8270676691729323,0.8353909465020577
3,9,regular,3,1092,1107,15,1086,6,21,0.9945054945054945,0.981029810298103,0.986449864498645,0.9877216916780355
3,9,semiregular,3,689,701,12,656,33,45,0.9521044992743106,0.9358059914407989,0.9828815977175464,0.9438848920863309
3,9,irregular,3,11,266,255,2,9,264,0.18181818181818182,0.007518796992481203,0.041353383458646614,0.014440433212996389
3,10,regular,1,1084,1014,70,1014,70,0,0.9354243542435424,1.0,1.069033530571992,0.9666348903717827
3,10,semiregular,1,684,656,28,622,62,34,0.9093567251461988,0.948170731707317,1.0426829268292683,0.9283582089552238
3,10,irregular,1,150,247,97,130,20,117,0.8666666666666667,0.5263157894736842,0.6072874493927125,0.654911838790932
3,10,regular,2,1082,1014,68,1014,68,0,0.9371534195933456,1.0,1.0670611439842208,0.9675572519083969
3,10,semiregular,2,665,656,9,614,51,42,0.9233082706766917,0.9359756097560976,1.013719512195122,0.9295987887963664
3,10,irregular,2,201,247,46,185,16,62,0.9203980099502488,0.7489878542510121,0.8137651821862348,0.8258928571428572
3,10,regular,3,1052,1014,38,1013,39,1,0.9629277566539924,0.9990138067061144,1.0374753451676528,0.9806389157792836
3,10,semiregular,3,656,656,0,608,48,48,0.926829268292683,0.926829268292683,1.0,0.926829268292683
3,10,irregular,3,9,247,238,1,8,246,0.1111111111111111,0.004048582995951417,0.03643724696356275,0.0078125
3,11,regular,1,1082,1070,12,1070,12,0,0.988909426987061,1.0,1.011214953271028,0.9944237918215614
3,11,semiregular,1,763,700,63,657,106,43,0.8610747051114024,0.9385714285714286,1.09,0.8981544771018455
3,11,irregular,1,130,239,109,113,17,126,0.8692307692307693,0.47280334728033474,0.5439330543933054,0.6124661246612466
3,11,regular,2,1076,1070,6,1065,11,5,0.9897769516728625,0.9953271028037384,1.005607476635514,0.9925442684063375
3,11,semiregular,2,709,700,9,642,67,58,0.9055007052186178,0.9171428571428571,1.012857142857143,0.9112845990063875
3,11,irregular,2,189,239,50,174,15,65,0.9206349206349206,0.7280334728033473,0.7907949790794979,0.8130841121495327
3,11,regular,3,1081,1070,11,1070,11,0,0.9898242368177613,1.0,1.0102803738317756,0.9948860994886098
3,11,semiregular,3,702,700,2,640,62,60,0.9116809116809117,0.9142857142857143,1.002857142857143,0.912981455064194
3,11,irregular,3,9,239,230,1,8,238,0.1111111111111111,0.0041841004184100415,0.03765690376569038,0.008064516129032258
3,12,regular,1,1047,1007,40,1007,40,0,0.9617956064947469,1.0,1.0397219463753724,0.9805258033106136
3,12,semiregular,1,722,641,81,607,115,34,0.8407202216066482,0.9469578783151326,1.1263650546021842,0.8906823184152604
3,12,irregular,1,173,204,31,143,30,61,0.8265895953757225,0.7009803921568627,0.8480392156862745,0.7586206896551724
3,12,regular,2,1047,1007,40,1007,40,0,0.9617956064947469,1.0,1.0397219463753724,0.9805258033106136
3,12,semiregular,2,671,641,30,581,90,60,0.8658718330849479,0.906396255850234,1.046801872074883,0.8856707317073171
3,12,irregular,2,200,204,4,169,31,35,0.845,0.8284313725490197,0.9803921568627451,0.8366336633663367
3,12,regular,3,1038,1007,31,1007,31,0,0.9701348747591522,1.0,1.0307845084409135,0.9848410757946211
3,12,semiregular,3,642,641,1,568,74,73,0.8847352024922118,0.8861154446177847,1.001560062402496,0.8854247856586126
3,12,irregular,3,10,204,194,0,10,204,-1,-1,0.049019607843137254,-1
3,13,regular,1,996,1000,4,984,12,16,0.9879518072289156,0.984,0.996,0.9859719438877755
3,13,semiregular,1,868,815,53,780,88,35,0.8986175115207373,0.9570552147239264,1.0650306748466258,0.9269162210338681
3,13,irregular,1,141,216,75,122,19,94,0.8652482269503546,0.5648148148148148,0.6527777777777778,0.6834733893557423
3,13,regular,2,1009,1000,9,997,12,3,0.9881070366699702,0.997,1.009,0.9925335988053757
3,13,semiregular,2,843,815,28,777,66,38,0.9217081850533808,0.9533742331288344,1.034355828220859,0.9372738238841979
3,13,irregular,2,174,216,42,150,24,66,0.8620689655172413,0.6944444444444444,0.8055555555555556,0.7692307692307692
3,13,regular,3,1035,1000,35,1000,35,0,0.966183574879227,1.0,1.035,0.9828009828009828
3,13,semiregular,3,837,815,22,779,58,36,0.9307048984468339,0.9558282208588957,1.026993865030675,0.9430992736077481
3,13,irregular,3,14,216,202,0,14,216,-1,-1,0.06481481481481481,-1
3,14,regular,1,1050,1052,2,1038,12,14,0.9885714285714285,0.9866920152091255,0.9980988593155894,0.9876308277830638
3,14,semiregular,1,894,913,19,834,60,79,0.9328859060402684,0.9134720700985761,0.9791894852135816,0.923076923076923
3,14,irregular,1,108,217,109,99,9,118,0.9166666666666666,0.45622119815668205,0.4976958525345622,0.6092307692307692
3,14,regular,2,1048,1052,4,1037,11,15,0.9895038167938931,0.9857414448669202,0.9961977186311787,0.9876190476190477
3,14,semiregular,2,907,913,6,850,57,63,0.9371554575523704,0.9309967141292442,0.9934282584884995,0.9340659340659341
3,14,irregular,2,196,217,21,172,24,45,0.8775510204081632,0.7926267281105991,0.9032258064516129,0.8329297820823245
3,14,regular,3,1057,1052,5,1051,6,1,0.9943235572374646,0.9990494296577946,1.0047528517110267,0.9966808914177335
3,14,semiregular,3,897,913,16,850,47,63,0.947603121516165,0.9309967141292442,0.9824753559693319,0.9392265193370166
3,14,irregular,3,9,217,208,1,8,216,0.1111111111111111,0.004608294930875576,0.041474654377880185,0.008849557522123895
3,15,regular,1,984,964,20,963,21,1,0.9786585365853658,0.9989626556016598,1.020746887966805,0.9887063655030801
3,15,semiregular,1,841,774,67,741,100,33,0.8810939357907254,0.9573643410852714,1.0865633074935401,0.9176470588235294
3,15,irregular,1,163,218,55,149,14,69,0.9141104294478528,0.6834862385321101,0.7477064220183486,0.7821522309711287
3,15,regular,2,950,964,14,940,10,24,0.9894736842105263,0.975103734439834,0.9854771784232366,0.9822361546499477
3,15,semiregular,2,754,774,20,701,53,73,0.9297082228116711,0.9056847545219638,0.9741602067183462,0.9175392670157066
3,15,irregular,2,164,218,54,143,21,75,0.8719512195121951,0.6559633027522935,0.7522935779816514,0.7486910994764399
3,15,regular,3,952,964,12,949,3,15,0.9968487394957983,0.9844398340248963,0.9875518672199171,0.9906054279749479
3,15,semiregular,3,767,774,7,714,53,60,0.9308996088657105,0.9224806201550387,0.9909560723514211,0.926670992861778
3,15,irregular,3,10,218,208,0,10,218,-1,-1,0.045871559633027525,-1
3,16,regular,1,1180,1109,71,1109,71,0,0.9398305084745763,1.0,1.0640216411181245,0.9689820882481432
3,16,semiregular,1,589,681,92,509,80,172,0.8641765704584041,0.7474302496328928,0.8649045521292217,0.8015748031496064
3,16,irregular,1,28,272,244,9,19,263,0.32142857142857145,0.03308823529411765,0.10294117647058823,0.06
3,16,regular,2,1157,1109,48,1109,48,0,0.958513396715644,1.0,1.043282236248873,0.9788172992056487
3,16,semiregular,2,662,681,19,595,67,86,0.8987915407854985,0.8737151248164464,0.9720998531571219,0.8860759493670887
3,16,irregular,2,207,272,65,190,17,82,0.9178743961352657,0.6985294117647058,0.7610294117647058,0.7933194154488518
3,16,regular,3,1115,1109,6,1108,7,1,0.9937219730941704,0.9990982867448152,1.005410279531109,0.9964028776978417
3,16,semiregular,3,665,681,16,597,68,84,0.8977443609022556,0.8766519823788547,0.9765051395007343,0.887072808320951
3,16,irregular,3,9,272,263,1,8,271,0.1111111111111111,0.003676470588235294,0.03308823529411765,0.0071174377224199285
3,17,regular,1,1059,1029,30,1029,30,0,0.9716713881019831,1.0,1.0291545189504374,0.985632183908046
3,17,semiregular,1,662,837,175,598,64,239,0.9033232628398792,0.7144563918757467,0.7909199522102748,0.7978652434956638
3,17,irregular,1,59,240,181,12,47,228,0.2033898305084746,0.05,0.24583333333333332,0.0802675585284281
3,17,regular,2,1089,1029,60,1029,60,0,0.9449035812672176,1.0,1.0583090379008746,0.9716713881019831
3,17,semiregular,2,855,837,18,769,86,68,0.8994152046783626,0.918757467144564,1.021505376344086,0.9089834515366431
3,17,irregular,2,207,240,33,179,28,61,0.8647342995169082,0.7458333333333333,0.8625,0.8008948545861297
3,17,regular,3,1059,1029,30,1029,30,0,0.9716713881019831,1.0,1.0291545189504374,0.985632183908046
3,17,semiregular,3,861,837,24,795,66,42,0.9233449477351916,0.9498207885304659,1.028673835125448,0.9363957597173145
3,17,irregular,3,11,240,229,0,11,240,-1,-1,0.04583333333333333,-1
3,18,regular,1,1072,1044,28,1043,29,1,0.9729477611940298,0.9990421455938697,1.0268199233716475,0.9858223062381852
3,18,semiregular,1,718,801,83,664,54,137,0.924791086350975,0.8289637952559301,0.8963795255930087,0.8742593811718236
3,18,irregular,1,10,252,242,5,5,247,0.5,0.01984126984126984,0.03968253968253968,0.038167938931297704
3,18,regular,2,1102,1044,58,1044,58,0,0.9473684210526315,1.0,1.0555555555555556,0.972972972972973
3,18,semiregular,2,791,801,10,743,48,58,0.9393173198482933,0.9275905118601748,0.9875156054931336,0.9334170854271356
3,18,irregular,2,204,252,48,186,18,66,0.9117647058823529,0.7380952380952381,0.8095238095238095,0.8157894736842106
3,18,regular,3,1080,1044,36,1044,36,0,0.9666666666666667,1.0,1.0344827586206897,0.983050847457627
3,18,semiregular,3,861,801,60,783,78,18,0.9094076655052264,0.9775280898876404,1.0749063670411985,0.9422382671480145
3,18,irregular,3,9,252,243,4,5,248,0.4444444444444444,0.015873015873015872,0.03571428571428571,0.03065134099616858
3,19,regular,1,1113,1076,37,1074,39,2,0.9649595687331537,0.9981412639405205,1.0343866171003717,0.981269986295112
3,19,semiregular,1,753,753,0,691,62,62,0.9176626826029216,0.9176626826029216,1.0,0.9176626826029216
3,19,irregular,1,137,245,108,120,17,125,0.8759124087591241,0.4897959183673469,0.5591836734693878,0.6282722513089005
3,19,regular,2,1094,1076,18,1072,22,4,0.979890310786106,0.9962825278810409,1.016728624535316,0.9880184331797235
3,19,semiregular,2,729,753,24,675,54,78,0.9259259259259259,0.896414342629482,0.9681274900398407,0.9109311740890689
3,19,irregular,2,215,245,30,185,30,60,0.8604651162790697,0.7551020408163265,0.8775510204081632,0.8043478260869564
3,19,regular,3,1107,1076,31,1075,32,1,0.971093044263776,0.9990706319702602,1.028810408921933,0.9848831882730188
3,19,semiregular,3,740,753,13,688,52,65,0.9297297297297298,0.9136786188579017,0.9827357237715804,0.9216342933690557
3,19,irregular,3,8,245,237,3,5,242,0.375,0.012244897959183673,0.0326530612244898,0.023715415019762844
3,20,regular,1,1218,1251,33,1204,14,47,0.9885057471264368,0.9624300559552358,0.973621103117506,0.9752936411502632
3,20,semiregular,1,873,841,32,754,119,87,0.86368843069874,0.896551724137931,1.0380499405469679,0.8798133022170361
3,20,irregular,1,142,252,110,132,10,120,0.9295774647887324,0.5238095238095238,0.5634920634920635,0.6700507614213198
3,20,regular,2,1217,1251,34,1202,15,49,0.9876746096959738,0.9608313349320543,0.9728217426059153,0.9740680713128038
3,20,semiregular,2,828,841,13,739,89,102,0.892512077294686,0.8787158145065398,0.9845422116527943,0.8855602156980227
3,20,irregular,2,219,252,33,190,29,62,0.867579908675799,0.753968253968254,0.8690476190476191,0.8067940552016983
3,20,regular,3,1181,1251,70,1176,5,75,0.995766299745978,0.9400479616306955,0.9440447641886491,0.9671052631578948
3,20,semiregular,3,834,841,7,748,86,93,0.8968824940047961,0.8894173602853745,0.9916765755053508,0.8931343283582089
3,20,irregular,3,9,252,243,1,8,251,0.1111111111111111,0.003968253968253968,0.03571428571428571,0.007662835249042145
3,21,regular,1,958,920,38,920,38,0,0.9603340292275574,1.0,1.041304347826087,0.979765708200213
3,21,semiregular,1,619,549,70,500,119,49,0.8077544426494345,0.9107468123861566,1.127504553734062,0.8561643835616438
3,21,irregular,1,131,204,73,122,9,82,0.9312977099236641,0.5980392156862745,0.6421568627450981,0.7283582089552237
3,21,regular,2,950,920,30,920,30,0,0.968421052631579,1.0,1.0326086956521738,0.983957219251337
3,21,semiregular,2,599,549,50,509,90,40,0.8497495826377296,0.9271402550091075,1.0910746812386156,0.8867595818815331
3,21,irregular,2,178,204,26,157,21,47,0.8820224719101124,0.7696078431372549,0.8725490196078431,0.8219895287958116
3,21,regular,3,937,920,17,920,17,0,0.9818569903948773,1.0,1.0184782608695653,0.9908454496499731
3,21,semiregular,3,597,549,48,507,90,42,0.8492462311557789,0.9234972677595629,1.0874316939890711,0.8848167539267017
3,21,irregular,3,9,204,195,2,7,202,0.2222222222222222,0.00980392156862745,0.04411764705882353,0.018779342723004695
3,22,regular,1,1000,946,54,946,54,0,0.946,1.0,1.0570824524312896,0.9722507708119219
3,22,semiregular,1,753,703,50,648,105,55,0.8605577689243028,0.9217638691322901,1.0711237553342816,0.8901098901098901
3,22,irregular,1,114,247,133,100,14,147,0.8771929824561403,0.4048582995951417,0.46153846153846156,0.554016620498615
3,22,regular,2,977,946,31,945,32,1,0.9672466734902764,0.9989429175475687,1.03276955602537,0.982839313572543
3,22,semiregular,2,694,703,9,628,66,75,0.9048991354466859,0.8933143669985776,0.9871977240398293,0.8990694345025054
3,22,irregular,2,183,247,64,161,22,86,0.8797814207650273,0.6518218623481782,0.7408906882591093,0.7488372093023257
3,22,regular,3,974,946,28,946,28,0,0.971252566735113,1.0,1.029598308668076,0.9854166666666667
3,22,semiregular,3,714,703,11,647,67,56,0.9061624649859944,0.9203413940256046,1.0156472261735419,0.913196894848271
3,22,irregular,3,9,247,238,1,8,246,0.1111111111111111,0.004048582995951417,0.03643724696356275,0.0078125
3,23,regular,1,1044,999,45,993,51,6,0.9511494252873564,0.993993993993994,1.045045045045045,0.9720998531571219
3,23,semiregular,1,910,835,75,793,117,42,0.8714285714285714,0.9497005988023952,1.089820359281437,0.9088825214899714
3,23,irregular,1,141,266,125,113,28,153,0.8014184397163121,0.424812030075188,0.5300751879699248,0.5552825552825553
3,23,regular,2,1032,999,33,998,34,1,0.9670542635658915,0.998998998998999,1.033033033033033,0.9827671097981291
3,23,semiregular,2,827,835,8,749,78,86,0.905683192261185,0.8970059880239521,0.9904191616766467,0.9013237063778581
3,23,irregular,2,195,266,71,177,18,89,0.9076923076923077,0.6654135338345865,0.7330827067669173,0.7678958785249458
3,23,regular,3,1016,999,17,986,30,13,0.9704724409448819,0.986986986986987,1.017017017017017,0.9786600496277915
3,23,semiregular,3,840,835,5,770,70,65,0.9166666666666666,0.9221556886227545,1.0059880239520957,0.9194029850746269
3,23,irregular,3,16,266,250,2,14,264,0.125,0.007518796992481203,0.06015037593984962,0.014184397163120567
3,24,regular,1,1087,1079,8,1068,19,11,0.9825206991720331,0.989805375347544,1.0074142724745134,0.9861495844875346
3,24,semiregular,1,671,680,9,610,61,70,0.9090909090909091,0.8970588235294118,0.986764705882353,0.9030347890451518
3,24,irregular,1,115,247,132,111,4,136,0.9652173913043478,0.4493927125506073,0.46558704453441296,0.6132596685082874
3,24,regular,2,1091,1079,12,1073,18,6,0.9835013748854262,0.9944392956441149,1.0111214087117701,0.9889400921658987
3,24,semiregular,2,647,680,33,604,43,76,0.9335394126738794,0.888235294117647,0.9514705882352941,0.9103240391861341
3,24,irregular,2,219,247,28,197,22,50,0.8995433789954338,0.7975708502024291,0.8866396761133604,0.8454935622317596
3,24,regular,3,1080,1079,1,1071,9,8,0.9916666666666667,0.9925857275254866,1.0009267840593141,0.9921259842519685
3,24,semiregular,3,684,680,4,642,42,38,0.9385964912280702,0.9441176470588235,1.0058823529411764,0.9413489736070381
3,24,irregular,3,12,247,235,0,12,247,-1,-1,0.048582995951417005,-1
3,25,regular,1,954,946,8,943,11,3,0.9884696016771488,0.9968287526427061,1.0084566596194504,0.9926315789473684
3,25,semiregular,1,731,718,13,651,80,67,0.8905608755129959,0.9066852367688022,1.0181058495821727,0.8985507246376812
3,25,irregular,1,111,207,96,95,16,112,0.8558558558558559,0.45893719806763283,0.5362318840579711,0.5974842767295597
3,25,regular,2,954,946,8,942,12,4,0.9874213836477987,0.9957716701902748,1.0084566596194504,0.991578947368421
3,25,semiregular,2,719,718,1,659,60,59,0.9165507649513213,0.9178272980501393,1.001392757660167,0.9171885873347251
3,25,irregular,2,160,207,47,134,26,73,0.8375,0.6473429951690821,0.7729468599033816,0.7302452316076293
3,25,regular,3,948,946,2,944,4,2,0.9957805907172996,0.9978858350951374,1.0021141649048626,0.996832101372756
3,25,semiregular,3,710,718,8,642,68,76,0.9042253521126761,0.8941504178272981,0.9888579387186629,0.8991596638655464
3,25,irregular,3,15,207,192,3,12,204,0.2,0.014492753623188406,0.07246376811594203,0.027027027027027025
3,26,regular,1,1064,985,79,985,79,0,0.9257518796992481,1.0,1.0802030456852791,0.961444607125427
3,26,semiregular,1,776,720,56,678,98,42,0.8737113402061856,0.9416666666666667,1.0777777777777777,0.9064171122994652
3,26,irregular,1,187,214,27,154,33,60,0.8235294117647058,0.719626168224299,0.8738317757009346,0.7680798004987531
3,26,regular,2,1030,985,45,983,47,2,0.954368932038835,0.9979695431472081,1.0456852791878173,0.975682382133995
3,26,semiregular,2,731,720,11,657,74,63,0.8987688098495212,0.9125,1.0152777777777777,0.9055823569951756
3,26,irregular,2,183,214,31,149,34,65,0.8142076502732241,0.6962616822429907,0.8551401869158879,0.7506297229219143
3,26,regular,3,1079,985,94,985,94,0,0.9128822984244671,1.0,1.0954314720812184,0.9544573643410853
3,26,semiregular,3,723,720,3,660,63,60,0.9128630705394191,0.9166666666666666,1.0041666666666667,0.9147609147609147
3,26,irregular,3,10,214,204,4,6,210,0.4,0.018691588785046728,0.04672897196261682,0.03571428571428571
3,27,regular,1,1170,1166,4,1156,14,10,0.9880341880341881,0.9914236706689536,1.0034305317324186,0.9897260273972603
3,27,semiregular,1,684,728,44,615,69,113,0.8991228070175439,0.8447802197802198,0.9395604395604396,0.8711048158640227
3,27,irregular,1,83,270,187,75,8,195,0.9036144578313253,0.2777777777777778,0.3074074074074074,0.42492917847025496
3,27,regular,2,1168,1166,2,1154,14,12,0.988013698630137,0.9897084048027445,1.0017152658662092,0.9888603256212511
3,27,semiregular,2,713,728,15,654,59,74,0.9172510518934082,0.8983516483516484,0.9793956043956044,0.9077029840388618
3,27,irregular,2,232,270,38,212,20,58,0.9137931034482759,0.7851851851851852,0.8592592592592593,0.8446215139442231
3,27,regular,3,1168,1166,2,1164,4,2,0.9965753424657534,0.9982847341337907,1.0017152658662092,0.9974293059125964
3,27,semiregular,3,722,728,6,670,52,58,0.9279778393351801,0.9203296703296703,0.9917582417582418,0.9241379310344827
3,27,irregular,3,14,270,256,1,13,269,0.07142857142857142,0.003703703703703704,0.05185185185185185,0.007042253521126761
3,28,regular,1,1106,1098,8,1081,25,17,0.9773960216998192,0.9845173041894353,1.0072859744990892,0.9809437386569873
3,28,semiregular,1,905,859,46,802,103,57,0.8861878453038674,0.9336437718277066,1.0535506402793946,0.9092970521541951
3,28,irregular,1,90,293,203,79,11,214,0.8777777777777778,0.2696245733788396,0.30716723549488056,0.412532637075718
3,28,regular,2,1126,1098,28,1098,28,0,0.9751332149200711,1.0,1.0255009107468125,0.9874100719424461
3,28,semiregular,2,836,859,23,775,61,84,0.9270334928229665,0.9022118742724098,0.9732246798603027,0.9144542772861357
3,28,irregular,2,203,293,90,172,31,121,0.8472906403940886,0.5870307167235495,0.6928327645051194,0.6935483870967741
3,28,regular,3,1112,1098,14,1098,14,0,0.987410071942446,1.0,1.0127504553734061,0.9936651583710407
3,28,semiregular,3,861,859,2,808,53,51,0.9384436701509872,0.940628637951106,1.0023282887077998,0.9395348837209303
3,28,irregular,3,17,293,276,3,14,290,0.17647058823529413,0.010238907849829351,0.05802047781569966,0.019354838709677417
3,29,regular,1,1142,1140,2,1130,12,10,0.989492119089317,0.9912280701754386,1.0017543859649123,0.9903593339176161
3,29,semiregular,1,955,869,86,823,132,46,0.8617801047120419,0.9470655926352128,1.098964326812428,0.9024122807017543
3,29,irregular,1,146,247,101,129,17,118,0.8835616438356164,0.5222672064777328,0.5910931174089069,0.6564885496183207
3,29,regular,2,1152,1140,12,1138,14,2,0.9878472222222222,0.9982456140350877,1.0105263157894737,0.993019197207679
3,29,semiregular,2,927,869,58,822,105,47,0.8867313915857605,0.9459148446490219,1.0667433831990794,0.9153674832962138
3,29,irregular,2,232,247,15,207,25,40,0.8922413793103449,0.8380566801619433,0.9392712550607287,0.8643006263048016
3,29,regular,3,1143,1140,3,1136,7,4,0.9938757655293088,0.9964912280701754,1.0026315789473683,0.9951817783618045
3,29,semiregular,3,889,869,20,798,91,71,0.8976377952755905,0.9182968929804373,1.0230149597238205,0.9078498293515358
3,29,irregular,3,11,247,236,0,11,247,-1,-1,0.044534412955465584,-1
3,30,regular,1,1002,997,5,992,10,5,0.9900199600798403,0.9949849548645938,1.0050150451354063,0.9924962481240621
3,30,semiregular,1,830,810,20,756,74,54,0.9108433734939759,0.9333333333333333,1.0246913580246915,0.9219512195121952
3,30,irregular,1,143,250,107,124,19,126,0.8671328671328671,0.496,0.572,0.6310432569974554
3,30,regular,2,993,997,4,986,7,11,0.9929506545820745,0.9889669007021064,0.995987963891675,0.9909547738693467
3,30,semiregular,2,803,810,7,746,57,64,0.9290161892901619,0.9209876543209876,0.991358024691358,0.9249845009299443
3,30,irregular,2,188,250,62,169,19,81,0.898936170212766,0.676,0.752,0.771689497716895
3,30,regular,3,998,997,1,994,4,3,0.9959919839679359,0.9969909729187563,1.0010030090270812,0.9964912280701754
3,30,semiregular,3,816,810,6,765,51,45,0.9375,0.9444444444444444,1.0074074074074073,0.940959409594096
3,30,irregular,3,19,250,231,1,18,249,0.05263157894736842,0.004,0.076,0.007434944237918215
4,1,regular,1,1007,937,70,937,70,0,0.9304865938430983,1.0,1.0747065101387407,0.963991769547325
4,1,semiregular,1,735,703,32,618,117,85,0.8408163265306122,0.8790896159317212,1.0455192034139402,0.8595271210013908
4,1,irregular,1,115,199,84,101,14,98,0.8782608695652174,0.507537688442211,0.5778894472361809,0.643312101910828
4,1,regular,2,1004,937,67,937,67,0,0.9332669322709163,1.0,1.071504802561366,0.9654817104585266
4,1,semiregular,2,730,703,27,630,100,73,0.863013698630137,0.8961593172119487,1.038406827880512,0.8792742498255409
4,1,irregular,2,179,199,20,152,27,47,0.8491620111731844,0.7638190954773869,0.8994974874371859,0.8042328042328043
4,1,regular,3,960,937,23,937,23,0,0.9760416666666667,1.0,1.024546424759872,0.9878755930416447
4,1,semiregular,3,715,703,12,623,92,80,0.8713286713286713,0.8862019914651493,1.0170697012802277,0.8787023977433003
4,1,irregular,3,7,199,192,3,4,196,0.42857142857142855,0.01507537688442211,0.035175879396984924,0.029126213592233007
4,2,regular,1,1230,1224,6,1208,22,16,0.9821138211382113,0.9869281045751634,1.0049019607843137,0.9845150774246129
4,2,semiregular,1,574,647,73,535,39,112,0.9320557491289199,0.8268933539412674,0.8871715610510046,0.8763308763308763
4,2,irregular,1,67,217,150,60,7,157,0.8955223880597015,0.2764976958525346,0.3087557603686636,0.4225352112676057
4,2,regular,2,1230,1224,6,1208,22,16,0.9821138211382113,0.9869281045751634,1.0049019607843137,0.9845150774246129
4,2,semiregular,2,624,647,23,593,31,54,0.9503205128205128,0.9165378670788253,0.964451313755796,0.9331235247836349
4,2,irregular,2,200,217,17,179,21,38,0.895,0.8248847926267281,0.9216589861751152,0.8585131894484412
4,2,regular,3,1227,1224,3,1212,15,12,0.9877750611246944,0.9901960784313726,1.0024509803921569,0.9889840881272951
4,2,semiregular,3,631,647,16,602,29,45,0.9540412044374009,0.9304482225656878,0.9752704791344667,0.9420970266040688
4,2,irregular,3,9,217,208,1,8,216,0.1111111111111111,0.004608294930875576,0.041474654377880185,0.008849557522123895
4,3,regular,1,1039,1053,14,1030,9,23,0.9913378248315688,0.9781576448243114,0.9867046533713201,0.9847036328871893
4,3,semiregular,1,693,716,23,627,66,89,0.9047619047619048,0.8756983240223464,0.9678770949720671,0.8899929027679205
4,3,irregular,1,140,224,84,127,13,97,0.9071428571428571,0.5669642857142857,0.625,0.6978021978021979
4,3,regular,2,1036,1053,17,1026,10,27,0.9903474903474904,0.9743589743589743,0.9838556505223172,0.9822881761608424
4,3,semiregular,2,706,716,10,644,62,72,0.9121813031161473,0.8994413407821229,0.9860335195530726,0.9057665260196907
4,3,irregular,2,187,224,37,168,19,56,0.8983957219251337,0.75,0.8348214285714286,0.8175182481751825
4,3,regular,3,1045,1053,8,1039,6,14,0.9942583732057416,0.9867046533713201,0.9924026590693258,0.990467111534795
4,3,semiregular,3,711,716,5,647,64,69,0.909985935302391,0.9036312849162011,0.9930167597765364,0.9067974772249475
4,3,irregular,3,9,224,215,1,8,223,0.1111111111111111,0.004464285714285714,0.04017857142857143,0.008583690987124463
4,4,regular,1,1123,1101,22,1099,24,2,0.9786286731967943,0.9981834695731153,1.0199818346957312,0.9883093525179857
4,4,semiregular,1,626,614,12,525,101,89,0.8386581469648562,0.8550488599348535,1.019543973941368,0.8467741935483871
4,4,irregular,1,67,228,161,60,7,168,0.8955223880597015,0.2631578947368421,0.29385964912280704,0.4067796610169491
4,4,regular,2,1121,1101,20,1100,21,1,0.9812667261373773,0.9990917347865577,1.0181653042688465,0.9900990099009901
4,4,semiregular,2,612,614,2,544,68,70,0.8888888888888888,0.8859934853420195,0.996742671009772,0.8874388254486133
4,4,irregular,2,200,228,28,177,23,51,0.885,0.7763157894736842,0.8771929824561403,0.8271028037383177
4,4,regular,3,1109,1101,8,1098,11,3,0.9900811541929666,0.997275204359673,1.0072661217075387,0.9936651583710406
4,4,semiregular,3,608,614,6,542,66,72,0.8914473684210527,0.8827361563517915,0.990228013029316,0.8870703764320785
4,4,irregular,3,9,228,219,1,8,227,0.1111111111111111,0.0043859649122807015,0.039473684210526314,0.008438818565400843
4,5,regular,1,1050,1044,6,1039,11,5,0.9895238095238095,0.9952107279693486,1.0057471264367817,0.9923591212989494
4,5,semiregular,1,731,668,63,617,114,51,0.8440492476060192,0.9236526946107785,1.094311377245509,0.8820586132952108
4,5,irregular,1,140,217,77,118,22,99,0.8428571428571429,0.543778801843318,0.6451612903225806,0.6610644257703081
4,5,regular,2,1048,1044,4,1037,11,7,0.9895038167938931,0.9932950191570882,1.003831417624521,0.991395793499044
4,5,semiregular,2,703,668,35,615,88,53,0.8748221906116643,0.9206586826347305,1.0523952095808384,0.8971553610503282
4,5,irregular,2,200,217,17,176,24,41,0.88,0.8110599078341014,0.9216589861751152,0.8441247002398082
4,5,regular,3,1040,1044,4,1038,2,6,0.9980769230769231,0.9942528735632183,0.9961685823754789,0.9961612284069097
4,5,semiregular,3,694,668,26,617,77,51,0.8890489913544669,0.9236526946107785,1.0389221556886228,0.9060205580029369
4,5,irregular,3,10,217,207,1,9,216,0.1,0.004608294930875576,0.04608294930875576,0.00881057268722467
4,6,regular,1,969,915,54,915,54,0,0.9442724458204335,1.0,1.0590163934426229,0.9713375796178344
4,6,semiregular,1,694,701,7,628,66,73,0.9048991354466859,0.8958630527817404,0.9900142653352354,0.900358422939068
4,6,irregular,1,99,195,96,78,21,117,0.7878787878787878,0.4,0.5076923076923077,0.5306122448979592
4,6,regular,2,955,915,40,914,41,1,0.9570680628272251,0.9989071038251366,1.0437158469945356,0.9775401069518717
4,6,semiregular,2,711,701,10,655,56,46,0.9212376933895922,0.9343794579172611,1.014265335235378,0.9277620396600567
4,6,irregular,2,151,195,44,117,34,78,0.7748344370860927,0.6,0.7743589743589744,0.6763005780346821
4,6,regular,3,952,915,37,914,38,1,0.9600840336134454,0.9989071038251366,1.0404371584699454,0.9791108730583825
4,6,semiregular,3,700,701,1,649,51,52,0.9271428571428572,0.9258202567760342,0.9985734664764622,0.9264810849393291
4,6,irregular,3,10,195,185,0,10,195,-1,-1,0.05128205128205128,-1
4,7,regular,1,1252,1230,22,1227,25,3,0.9800319488817891,0.9975609756097561,1.0178861788617886,0.9887187751813055
4,7,semiregular,1,823,761,62,663,160,98,0.8055893074119077,0.871222076215506,1.0814717477003941,0.8371212121212123
4,7,irregular,1,32,225,193,28,4,197,0.875,0.12444444444444444,0.14222222222222222,0.21789883268482488
4,7,regular,2,1247,1230,17,1224,23,6,0.9815557337610264,0.9951219512195122,1.0138211382113822,0.9882922890593461
4,7,semiregular,2,754,761,7,672,82,89,0.8912466843501327,0.8830486202365309,0.9908015768725361,0.8871287128712871
4,7,irregular,2,189,225,36,169,20,56,0.8941798941798942,0.7511111111111111,0.84,0.8164251207729468
4,7,regular,3,1231,1230,1,1224,7,6,0.9943135662063363,0.9951219512195122,1.0008130081300812,0.994717594473791
4,7,semiregular,3,764,761,3,679,85,82,0.8887434554973822,0.8922470433639947,1.0039421813403417,0.8904918032786885
4,7,irregular,3,12,225,213,2,10,223,0.16666666666666666,0.008888888888888889,0.05333333333333334,0.016877637130801686
4,8,regular,1,1041,1035,6,1023,18,12,0.9827089337175793,0.9884057971014493,1.0057971014492753,0.985549132947977
4,8,semiregular,1,815,827,12,727,88,100,0.8920245398773006,0.879081015719468,0.9854897218863361,0.8855054811205847
4,8,irregular,1,105,243,138,93,12,150,0.8857142857142857,0.38271604938271603,0.43209876543209874,0.5344827586206897
4,8,regular,2,1035,1035,0,1022,13,13,0.9874396135265701,0.9874396135265701,1.0,0.9874396135265701
4,8,semiregular,2,811,827,16,748,63,79,0.9223181257706535,0.9044740024183797,0.9806529625151149,0.9133089133089133
4,8,irregular,2,191,243,52,164,27,79,0.8586387434554974,0.6748971193415638,0.7860082304526749,0.7557603686635945
4,8,regular,3,1032,1035,3,1026,6,9,0.9941860465116279,0.991304347826087,0.9971014492753624,0.9927431059506532
4,8,semiregular,3,830,827,3,761,69,66,0.9168674698795181,0.9201934703748489,1.003627569528416,0.9185274592637297
4,8,irregular,3,15,243,228,3,12,240,0.2,0.012345679012345678,0.06172839506172839,0.023255813953488372
4,9,regular,1,1107,1107,0,1092,15,15,0.986449864498645,0.986449864498645,1.0,0.986449864498645
4,9,semiregular,1,617,701,84,580,37,121,0.940032414910859,0.8273894436519258,0.8801711840228246,0.8801213960546281
4,9,irregular,1,109,266,157,103,6,163,0.944954128440367,0.38721804511278196,0.40977443609022557,0.5493333333333333
4,9,regular,2,1093,1107,14,1083,10,24,0.9908508691674291,0.978319783197832,0.987353206865402,0.9845454545454546
4,9,semiregular,2,619,701,82,588,31,113,0.9499192245557351,0.8388017118402282,0.8830242510699001,0.890909090909091
4,9,irregular,2,220,266,46,203,17,63,0.9227272727272727,0.7631578947368421,0.8270676691729323,0.8353909465020577
4,9,regular,3,1089,1107,18,1082,7,25,0.9935720844811754,0.9774164408310749,0.983739837398374,0.9854280510018215
4,9,semiregular,3,678,701,23,642,36,59,0.9469026548672567,0.9158345221112696,0.9671897289586305,0.9311094996374185
4,9,irregular,3,11,266,255,0,11,266,-1,-1,0.041353383458646614,-1
4,10,regular,1,1084,1014,70,1014,70,0,0.9354243542435424,1.0,1.069033530571992,0.9666348903717827
4,10,semiregular,1,659,656,3,603,56,53,0.9150227617602428,0.9192073170731707,1.0045731707317074,0.9171102661596958
4,10,irregular,1,138,247,109,128,10,119,0.927536231884058,0.5182186234817814,0.5587044534412956,0.6649350649350649
4,10,regular,2,1054,1014,40,1014,40,0,0.9620493358633776,1.0,1.039447731755424,0.9806576402321083
4,10,semiregular,2,661,656,5,612,49,44,0.9258698940998488,0.9329268292682927,1.0076219512195121,0.9293849658314352
4,10,irregular,2,197,247,50,179,18,68,0.9086294416243654,0.7246963562753036,0.7975708502024291,0.8063063063063063
4,10,regular,3,1048,1014,34,1013,35,1,0.9666030534351145,0.9990138067061144,1.0335305719921104,0.9825412221144519
4,10,semiregular,3,664,656,8,615,49,41,0.9262048192771084,0.9375,1.0121951219512195,0.9318181818181818
4,10,irregular,3,10,247,237,5,5,242,0.5,0.020242914979757085,0.04048582995951417,0.038910505836575876
4,11,regular,1,1084,1070,14,1070,14,0,0.9870848708487084,1.0,1.0130841121495326,0.9935004642525533
4,11,semiregular,1,730,700,30,625,105,75,0.8561643835616438,0.8928571428571429,1.042857142857143,0.8741258741258742
4,11,irregular,1,129,239,110,118,11,121,0.9147286821705426,0.49372384937238495,0.5397489539748954,0.6413043478260869
4,11,regular,2,1076,1070,6,1064,12,6,0.9888475836431226,0.994392523364486,1.005607476635514,0.9916123019571296
4,11,semiregular,2,697,700,3,627,70,73,0.8995695839311334,0.8957142857142857,0.9957142857142857,0.8976377952755905
4,11,irregular,2,188,239,51,173,15,66,0.9202127659574468,0.7238493723849372,0.7866108786610879,0.8103044496487118
4,11,regular,3,1070,1070,0,1065,5,5,0.9953271028037384,0.9953271028037384,1.0,0.9953271028037384
4,11,semiregular,3,691,700,9,623,68,77,0.9015918958031838,0.89,0.9871428571428571,0.8957584471603163
4,11,irregular,3,10,239,229,2,8,237,0.2,0.008368200836820083,0.04184100418410042,0.01606425702811245
4,12,regular,1,1040,1007,33,1007,33,0,0.9682692307692308,1.0,1.0327706057596822,0.9838788470933073
4,12,semiregular,1,706,641,65,591,115,50,0.8371104815864022,0.921996879875195,1.1014040561622465,0.8775055679287305
4,12,irregular,1,182,204,22,157,25,47,0.8626373626373627,0.7696078431372549,0.8921568627450981,0.8134715025906737
4,12,regular,2,1040,1007,33,1007,33,0,0.9682692307692308,1.0,1.0327706057596822,0.9838788470933073
4,12,semiregular,2,654,641,13,573,81,68,0.8761467889908257,0.8939157566302652,1.0202808112324493,0.8849420849420849
4,12,irregular,2,195,204,9,167,28,37,0.8564102564102564,0.8186274509803921,0.9558823529411765,0.837092731829574
4,12,regular,3,1038,1007,31,1007,31,0,0.9701348747591522,1.0,1.0307845084409135,0.9848410757946211
4,12,semiregular,3,644,641,3,562,82,79,0.8726708074534162,0.8767550702028081,1.0046801872074882,0.8747081712062258
4,12,irregular,3,10,204,194,3,7,201,0.3,0.014705882352941176,0.049019607843137254,0.028037383177570093
4,13,regular,1,1018,1000,18,999,19,1,0.981335952848723,0.999,1.018,0.9900891972249751
4,13,semiregular,1,857,815,42,772,85,43,0.9008168028004667,0.947239263803681,1.0515337423312883,0.9234449760765551
4,13,irregular,1,136,216,80,122,14,94,0.8970588235294118,0.5648148148148148,0.6296296296296297,0.6931818181818182
4,13,regular,2,1012,1000,12,1000,12,0,0.9881422924901185,1.0,1.012,0.9940357852882703
4,13,semiregular,2,813,815,2,759,54,56,0.933579335793358,0.9312883435582822,0.9975460122699387,0.9324324324324323
4,13,irregular,2,210,216,6,184,26,32,0.8761904761904762,0.8518518518518519,0.9722222222222222,0.863849765258216
4,13,regular,3,1012,1000,12,998,14,2,0.9861660079051383,0.998,1.012,0.9920477137176937
4,13,semiregular,3,813,815,2,759,54,56,0.933579335793358,0.9312883435582822,0.9975460122699387,0.9324324324324323
4,13,irregular,3,14,216,202,2,12,214,0.14285714285714285,0.009259259259259259,0.06481481481481481,0.017391304347826087
4,14,regular,1,1054,1052,2,1042,12,10,0.9886148007590133,0.9904942965779467,1.0019011406844107,0.9895536562203229
4,14,semiregular,1,835,913,78,787,48,126,0.9425149700598803,0.8619934282584885,0.9145673603504929,0.9004576659038902
4,14,irregular,1,117,217,100,110,7,107,0.9401709401709402,0.5069124423963134,0.5391705069124424,0.6586826347305389
4,14,regular,2,1044,1052,8,1033,11,19,0.9894636015325671,0.9819391634980988,0.9923954372623575,0.9856870229007634
4,14,semiregular,2,876,913,37,823,53,90,0.9394977168949772,0.9014238773274917,0.9594742606790799,0.9200670765790945
4,14,irregular,2,203,217,14,178,25,39,0.8768472906403941,0.8202764976958525,0.9354838709677419,0.8476190476190477
4,14,regular,3,1049,1052,3,1045,4,7,0.996186844613918,0.9933460076045627,0.997148288973384,0.9947643979057591
4,14,semiregular,3,883,913,30,828,55,85,0.9377123442808607,0.9069003285870756,0.9671412924424972,0.9220489977728287
4,14,irregular,3,10,217,207,2,8,215,0.2,0.009216589861751152,0.04608294930875576,0.01762114537444934
4,15,regular,1,966,964,2,955,11,9,0.9886128364389234,0.9906639004149378,1.0020746887966805,0.9896373056994819
4,15,semiregular,1,785,774,11,712,73,62,0.9070063694267516,0.9198966408268734,1.0142118863049097,0.9134060295060937
4,15,irregular,1,142,218,76,130,12,88,0.9154929577464789,0.5963302752293578,0.6513761467889908,0.7222222222222223
4,15,regular,2,955,964,9,944,11,20,0.9884816753926702,0.979253112033195,0.9906639004149378,0.9838457529963522
4,15,semiregular,2,759,774,15,711,48,63,0.9367588932806324,0.9186046511627907,0.9806201550387597,0.9275929549902153
4,15,irregular,2,194,218,24,173,21,45,0.8917525773195877,0.7935779816513762,0.8899082568807339,0.8398058252427185
4,15,regular,3,958,964,6,955,3,9,0.9968684759916493,0.9906639004149378,0.9937759336099585,0.9937565036420396
4,15,semiregular,3,748,774,26,696,52,78,0.93048128342246,0.8992248062015504,0.9664082687338501,0.9145860709592643
4,15,irregular,3,10,218,208,0,10,218,-1,-1,0.045871559633027525,-1
4,16,regular,1,1124,1109,15,1105,19,4,0.9830960854092526,0.9963931469792606,1.0135256988277728,0.9896999552171966
4,16,semiregular,1,695,681,14,603,92,78,0.8676258992805755,0.8854625550660793,1.0205580029368575,0.876453488372093
4,16,irregular,1,61,272,211,56,5,216,0.9180327868852459,0.20588235294117646,0.22426470588235295,0.3363363363363363
4,16,regular,2,1133,1109,24,1109,24,0,0.9788172992056487,1.0,1.0216411181244365,0.9892952720785013
4,16,semiregular,2,662,681,19,599,63,82,0.904833836858006,0.8795888399412628,0.9720998531571219,0.8920327624720773
4,16,irregular,2,214,272,58,196,18,76,0.9158878504672897,0.7205882352941176,0.7867647058823529,0.8065843621399177
4,16,regular,3,1112,1109,3,1106,6,3,0.9946043165467626,0.9972948602344455,1.0027051397655546,0.9959477712742009
4,16,semiregular,3,658,681,23,592,66,89,0.8996960486322189,0.869309838472834,0.9662261380323054,0.8842419716206124
4,16,irregular,3,10,272,262,0,10,272,-1,-1,0.03676470588235294,-1
4,17,regular,1,1044,1029,15,1028,16,1,0.9846743295019157,0.9990281827016521,1.0145772594752187,0.9917993246502653
4,17,semiregular,1,840,837,3,757,83,80,0.9011904761904762,0.9044205495818399,1.003584229390681,0.9028026237328562
4,17,irregular,1,128,240,112,116,12,124,0.90625,0.48333333333333334,0.5333333333333333,0.6304347826086957
4,17,regular,2,1035,1029,6,1025,10,4,0.9903381642512077,0.9961127308066083,1.0058309037900874,0.9932170542635659
4,17,semiregular,2,831,837,6,768,63,69,0.924187725631769,0.9175627240143369,0.992831541218638,0.9208633093525179
4,17,irregular,2,209,240,31,185,24,55,0.8851674641148325,0.7708333333333334,0.8708333333333333,0.8240534521158128
4,17,regular,3,1044,1029,15,1029,15,0,0.985632183908046,1.0,1.0145772594752187,0.9927641099855282
4,17,semiregular,3,825,837,12,765,60,72,0.9272727272727272,0.9139784946236559,0.985663082437276,0.9205776173285197
4,17,irregular,3,12,240,228,2,10,238,0.16666666666666666,0.008333333333333333,0.05,0.015873015873015872
4,18,regular,1,1084,1044,40,1044,40,0,0.9630996309963099,1.0,1.0383141762452108,0.9812030075187969
4,18,semiregular,1,796,801,5,737,59,64,0.9258793969849246,0.920099875156055,0.9937578027465668,0.9229805886036317
4,18,irregular,1,105,252,147,99,6,153,0.9428571428571428,0.39285714285714285,0.4166666666666667,0.5546218487394958
4,18,regular,2,1069,1044,25,1043,26,1,0.9756782039289055,0.9990421455938697,1.0239463601532568,0.987221959299574
4,18,semiregular,2,798,801,3,753,45,48,0.943609022556391,0.9400749063670412,0.9962546816479401,0.9418386491557224
4,18,irregular,2,215,252,37,198,17,54,0.9209302325581395,0.7857142857142857,0.8531746031746031,0.8479657387580299
4,18,regular,3,1071,1044,27,1044,27,0,0.9747899159663865,1.0,1.0258620689655173,0.9872340425531915
4,18,semiregular,3,804,801,3,758,46,43,0.9427860696517413,0.9463171036204744,1.00374531835206,0.9445482866043613
4,18,irregular,3,9,252,243,2,7,250,0.2222222222222222,0.007936507936507936,0.03571428571428571,0.01532567049808429
4,19,regular,1,1137,1076,61,1075,62,1,0.9454705364995603,0.9990706319702602,1.0566914498141264,0.9715318572074109
4,19,semiregular,1,710,753,43,644,66,109,0.9070422535211268,0.8552456839309429,0.9428950863213812,0.8803827751196173
4,19,irregular,1,153,245,92,140,13,105,0.9150326797385621,0.5714285714285714,0.6244897959183674,0.7035175879396983
4,19,regular,2,1099,1076,23,1073,26,3,0.9763421292083713,0.9972118959107806,1.021375464684015,0.9866666666666667
4,19,semiregular,2,721,753,32,679,42,74,0.941747572815534,0.9017264276228419,0.9575033200531209,0.9213025780189958
4,19,irregular,2,226,245,19,199,27,46,0.8805309734513275,0.8122448979591836,0.9224489795918367,0.8450106157112527
4,19,regular,3,1100,1076,24,1074,26,2,0.9763636363636363,0.9981412639405205,1.0223048327137547,0.9871323529411765
4,19,semiregular,3,688,753,65,638,50,115,0.9273255813953488,0.8472775564409031,0.9136786188579017,0.8854961832061069
4,19,irregular,3,8,245,237,1,7,244,0.125,0.004081632653061225,0.0326530612244898,0.00790513833992095
4,20,regular,1,1198,1251,53,1185,13,66,0.9891485809682805,0.947242206235012,0.9576338928856915,0.967741935483871
4,20,semiregular,1,827,841,14,711,116,130,0.8597339782345829,0.845422116527943,0.9833531510107015,0.8525179856115108
4,20,irregular,1,147,252,105,118,29,134,0.8027210884353742,0.46825396825396826,0.5833333333333334,0.5914786967418546
4,20,regular,2,1118,1251,133,1104,14,147,0.9874776386404294,0.882494004796163,0.8936850519584333,0.9320388349514562
4,20,semiregular,2,759,841,82,680,79,161,0.8959156785243741,0.8085612366230678,0.9024970273483948,0.85
4,20,irregular,2,219,252,33,193,26,59,0.8812785388127854,0.7658730158730159,0.8690476190476191,0.8195329087048833
4,20,regular,3,1156,1251,95,1148,8,103,0.9930795847750865,0.9176658673061551,0.9240607513988809,0.9538845035313668
4,20,semiregular,3,817,841,24,716,101,125,0.8763769889840881,0.8513674197384067,0.9714625445897741,0.8636911942098914
4,20,irregular,3,9,252,243,1,8,251,0.1111111111111111,0.003968253968253968,0.03571428571428571,0.007662835249042145
4,21,regular,1,962,920,42,920,42,0,0.9563409563409564,1.0,1.0456521739130435,0.9776833156216791
4,21,semiregular,1,612,549,63,481,131,68,0.7859477124183006,0.8761384335154827,1.1147540983606556,0.8285960378983636
4,21,irregular,1,136,204,68,123,13,81,0.9044117647058824,0.6029411764705882,0.6666666666666666,0.7235294117647058
4,21,regular,2,933,920,13,920,13,0,0.9860664523043944,1.0,1.0141304347826088,0.9929843497031839
4,21,semiregular,2,587,549,38,502,85,47,0.8551959114139693,0.9143897996357013,1.0692167577413478,0.8838028169014084
4,21,irregular,2,172,204,32,154,18,50,0.8953488372093024,0.7549019607843137,0.8431372549019608,0.8191489361702127
4,21,regular,3,935,920,15,920,15,0,0.983957219251337,1.0,1.016304347826087,0.9919137466307278
4,21,semiregular,3,609,549,60,506,103,43,0.8308702791461412,0.9216757741347905,1.1092896174863387,0.8739205526770293
4,21,irregular,3,9,204,195,4,5,200,0.4444444444444444,0.0196078431372549,0.04411764705882353,0.03755868544600939
4,22,regular,1,1008,946,62,946,62,0,0.9384920634920635,1.0,1.06553911205074,0.9682702149437052
4,22,semiregular,1,738,703,35,634,104,69,0.8590785907859079,0.9018492176386913,1.0497866287339972,0.8799444829979182
4,22,irregular,1,113,247,134,98,15,149,0.8672566371681416,0.3967611336032389,0.4574898785425101,0.5444444444444445
4,22,regular,2,963,946,17,934,29,12,0.9698857736240913,0.9873150105708245,1.017970401691332,0.9785227867993713
4,22,semiregular,2,702,703,1,638,64,65,0.9088319088319088,0.9075391180654339,0.9985775248933144,0.9081850533807828
4,22,irregular,2,184,247,63,163,21,84,0.8858695652173914,0.659919028340081,0.7449392712550608,0.7563805104408352
4,22,regular,3,977,946,31,946,31,0,0.9682702149437052,1.0,1.03276955602537,0.983879355174207
4,22,semiregular,3,715,703,12,650,65,53,0.9090909090909091,0.9246088193456614,1.0170697012802277,0.916784203102962
4,22,irregular,3,10,247,237,2,8,245,0.2,0.008097165991902834,0.04048582995951417,0.015564202334630352
4,23,regular,1,1026,999,27,975,51,24,0.9502923976608187,0.975975975975976,1.027027027027027,0.9629629629629629
4,23,semiregular,1,876,835,41,713,163,122,0.8139269406392694,0.8538922155688623,1.0491017964071856,0.8334307422559907
4,23,irregular,1,53,266,213,42,11,224,0.7924528301886793,0.15789473684210525,0.19924812030075187,0.26332288401253917
4,23,regular,2,860,999,139,855,5,144,0.9941860465116279,0.8558558558558559,0.8608608608608609,0.9198493813878429
4,23,semiregular,2,337,835,498,279,58,556,0.827893175074184,0.3341317365269461,0.4035928143712575,0.4761092150170649
4,23,irregular,2,96,266,170,89,7,177,0.9270833333333334,0.33458646616541354,0.3609022556390977,0.49171270718232046
4,23,regular,3,1018,999,19,981,37,18,0.9636542239685658,0.9819819819819819,1.019019019019019,0.9727317798710957
4,23,semiregular,3,860,835,25,778,82,57,0.9046511627906977,0.9317365269461078,1.029940119760479,0.9179941002949853
4,23,irregular,3,17,266,249,3,14,263,0.17647058823529413,0.011278195488721804,0.06390977443609022,0.02120141342756184
4,24,regular,1,1084,1079,5,1066,18,13,0.9833948339483395,0.9879518072289156,1.0046339202965708,0.9856680536292187
4,24,semiregular,1,659,680,21,595,64,85,0.9028831562974203,0.875,0.9691176470588235,0.888722927557879
4,24,irregular,1,93,247,154,89,4,158,0.956989247311828,0.3603238866396761,0.3765182186234818,0.5235294117647059
4,24,regular,2,1084,1079,5,1066,18,13,0.9833948339483395,0.9879518072289156,1.0046339202965708,0.9856680536292187
4,24,semiregular,2,625,680,55,589,36,91,0.9424,0.8661764705882353,0.9191176470588235,0.9026819923371647
4,24,irregular,2,211,247,36,198,13,49,0.9383886255924171,0.8016194331983806,0.854251012145749,0.8646288209606987
4,24,regular,3,1069,1079,10,1061,8,18,0.9925163704396632,0.9833178869323448,0.9907321594068582,0.9878957169459963
4,24,semiregular,3,668,680,12,624,44,56,0.9341317365269461,0.9176470588235294,0.9823529411764705,0.9258160237388723
4,24,irregular,3,12,247,235,4,8,243,0.3333333333333333,0.016194331983805668,0.048582995951417005,0.03088803088803089
4,25,regular,1,955,946,9,944,11,2,0.9884816753926702,0.9978858350951374,1.0095137420718816,0.9931614939505523
4,25,semiregular,1,698,718,20,623,75,95,0.8925501432664756,0.8676880222841226,0.9721448467966574,0.8799435028248587
4,25,irregular,1,106,207,101,93,13,114,0.8773584905660378,0.4492753623188406,0.5120772946859904,0.5942492012779552
4,25,regular,2,942,946,4,933,9,13,0.9904458598726115,0.9862579281183932,0.9957716701902748,0.9883474576271187
4,25,semiregular,2,711,718,7,643,68,75,0.9043600562587905,0.8955431754874652,0.9902506963788301,0.8999300209937019
4,25,irregular,2,152,207,55,131,21,76,0.8618421052631579,0.6328502415458938,0.7342995169082126,0.7298050139275766
4,25,regular,3,947,946,1,941,6,5,0.9936642027455121,0.9947145877378436,1.0010570824524312,0.9941891178024301
4,25,semiregular,3,707,718,11,643,64,75,0.9094766619519095,0.8955431754874652,0.9846796657381616,0.9024561403508773
4,25,irregular,3,16,207,191,4,12,203,0.25,0.01932367149758454,0.07729468599033816,0.03587443946188341
4,26,regular,1,1074,985,89,985,89,0,0.9171322160148976,1.0,1.0903553299492386,0.9567751335599806
4,26,semiregular,1,742,720,22,648,94,72,0.8733153638814016,0.9,1.0305555555555554,0.8864569083447332
4,26,irregular,1,195,214,19,160,35,54,0.8205128205128205,0.7476635514018691,0.9112149532710281,0.7823960880195598
4,26,regular,2,1014,985,29,983,31,2,0.9694280078895463,0.9979695431472081,1.0294416243654823,0.9834917458729364
4,26,semiregular,2,712,720,8,648,64,72,0.9101123595505618,0.9,0.9888888888888889,0.9050279329608939
4,26,irregular,2,183,214,31,154,29,60,0.8415300546448088,0.719626168224299,0.8551401869158879,0.7758186397984888
4,26,regular,3,1055,985,70,985,70,0,0.933649289099526,1.0,1.0710659898477157,0.9656862745098039
4,26,semiregular,3,710,720,10,650,60,70,0.9154929577464789,0.9027777777777778,0.9861111111111112,0.9090909090909091
4,26,irregular,3,11,214,203,5,6,209,0.45454545454545453,0.02336448598130841,0.0514018691588785,0.044444444444444446
4,27,regular,1,1167,1166,1,1153,14,13,0.9880034275921166,0.9888507718696398,1.0008576329331047,0.9884269181311616
4,27,semiregular,1,719,728,9,626,93,102,0.8706536856745479,0.8598901098901099,0.9876373626373627,0.8652384243261921
4,27,irregular,1,98,270,172,88,10,182,0.8979591836734694,0.32592592592592595,0.362962962962963,0.47826086956521735
4,27,regular,2,1159,1166,7,1144,15,22,0.9870578084555651,0.9811320754716981,0.9939965694682675,0.9840860215053764
4,27,semiregular,2,709,728,19,647,62,81,0.9125528913963329,0.8887362637362637,0.9739010989010989,0.9004871259568545
4,27,irregular,2,238,270,32,211,27,59,0.8865546218487395,0.7814814814814814,0.8814814814814815,0.8307086614173228
4,27,regular,3,1166,1166,0,1161,5,5,0.9957118353344768,0.9957118353344768,1.0,0.9957118353344768
4,27,semiregular,3,709,728,19,655,54,73,0.923836389280677,0.8997252747252747,0.9739010989010989,0.9116214335421016
4,27,irregular,3,15,270,255,2,13,268,0.13333333333333333,0.007407407407407408,0.05555555555555555,0.014035087719298246
4,28,regular,1,1100,1098,2,1075,25,23,0.9772727272727273,0.9790528233151184,1.0018214936247722,0.978161965423112
4,28,semiregular,1,877,859,18,794,83,65,0.9053591790193842,0.9243306169965075,1.020954598370198,0.9147465437788017
4,28,irregular,1,114,293,179,93,21,200,0.8157894736842105,0.3174061433447099,0.3890784982935154,0.45700245700245706
4,28,regular,2,1118,1098,20,1091,27,7,0.9758497316636852,0.9936247723132969,1.018214936247723,0.9846570397111913
4,28,semiregular,2,831,859,28,765,66,94,0.9205776173285198,0.8905704307334109,0.9674039580908033,0.9053254437869823
4,28,irregular,2,215,293,78,191,24,102,0.8883720930232558,0.6518771331058021,0.7337883959044369,0.7519685039370079
4,28,regular,3,1111,1098,13,1096,15,2,0.9864986498649865,0.9981785063752276,1.01183970856102,0.9923042100497963
4,28,semiregular,3,827,859,32,774,53,85,0.9359129383313181,0.9010477299185099,0.9627473806752037,0.918149466192171
4,28,irregular,3,18,293,275,2,16,291,0.1111111111111111,0.006825938566552901,0.06143344709897611,0.012861736334405145
4,29,regular,1,1143,1140,3,1131,12,9,0.989501312335958,0.9921052631578947,1.0026315789473683,0.9908015768725361
4,29,semiregular,1,909,869,40,787,122,82,0.8657865786578658,0.905638665132336,1.046029919447641,0.8852643419572553
4,29,irregular,1,143,247,104,128,15,119,0.8951048951048951,0.5182186234817814,0.5789473684210527,0.6564102564102565
4,29,regular,2,1139,1140,1,1128,11,12,0.990342405618964,0.9894736842105263,0.9991228070175439,0.9899078543220711
4,29,semiregular,2,924,869,55,818,106,51,0.8852813852813853,0.9413118527042578,1.0632911392405062,0.9124372559955383
4,29,irregular,2,214,247,33,188,26,59,0.8785046728971962,0.7611336032388664,0.8663967611336032,0.8156182212581344
4,29,regular,3,1134,1140,6,1128,6,12,0.9947089947089947,0.9894736842105263,0.9947368421052631,0.992084432717678
4,29,semiregular,3,875,869,6,790,85,79,0.9028571428571428,0.9090909090909091,1.006904487917146,0.9059633027522936
4,29,irregular,3,11,247,236,6,5,241,0.5454545454545454,0.024291497975708502,0.044534412955465584,0.046511627906976744
4,30,regular,1,1000,997,3,990,10,7,0.99,0.9929789368104313,1.0030090270812437,0.9914872308462694
4,30,semiregular,1,808,810,2,745,63,65,0.9220297029702971,0.9197530864197531,0.9975308641975309,0.9208899876390606
4,30,irregular,1,147,250,103,121,26,129,0.8231292517006803,0.484,0.588,0.6095717884130982
4,30,regular,2,985,997,12,980,5,17,0.9949238578680203,0.9829488465396189,0.9879638916750251,0.9889001009081736
4,30,semiregular,2,799,810,11,747,52,63,0.934918648310388,0.9222222222222223,0.9864197530864197,0.9285270354257303
4,30,irregular,2,204,250,46,179,25,71,0.8774509803921569,0.716,0.816,0.7885462555066078
4,30,regular,3,994,997,3,991,3,6,0.9969818913480886,0.9939819458375125,0.9969909729187563,0.995479658463084
4,30,semiregular,3,807,810,3,752,55,58,0.9318463444857497,0.928395061728395,0.9962962962962963,0.9301175015460729
4,30,irregular,3,19,250,231,0,19,250,-1,-1,0.076,-1
5,1,regular,1,1011,937,74,937,74,0,0.9268051434223541,1.0,1.07897545357524,0.9620123203285421
5,1,semiregular,1,731,703,28,614,117,89,0.8399452804377565,0.8733997155049786,1.0398293029871977,0.8563458856345886
5,1,irregular,1,112,199,87,98,14,101,0.875,0.49246231155778897,0.5628140703517588,0.630225080385852
5,1,regular,2,1008,937,71,937,71,0,0.9295634920634921,1.0,1.0757737459978656,0.963496143958869
5,1,semiregular,2,696,703,7,612,84,91,0.8793103448275862,0.8705547652916074,0.9900426742532006,0.8749106504646176
5,1,irregular,2,188,199,11,162,26,37,0.8617021276595744,0.8140703517587939,0.9447236180904522,0.8372093023255813
5,1,regular,3,945,937,8,936,9,1,0.9904761904761905,0.9989327641408752,1.0085378868729988,0.9946865037194474
5,1,semiregular,3,728,703,25,644,84,59,0.8846153846153846,0.9160739687055477,1.035561877667141,0.9000698812019566
5,1,irregular,3,184,199,15,157,27,42,0.8532608695652174,0.7889447236180904,0.9246231155778895,0.8198433420365535
5,2,regular,1,1222,1224,2,1201,21,23,0.9828150572831423,0.9812091503267973,0.9983660130718954,0.982011447260834
5,2,semiregular,1,586,647,61,553,33,94,0.9436860068259386,0.8547140649149922,0.9057187017001546,0.8969991889699919
5,2,irregular,1,69,217,148,59,10,158,0.855072463768116,0.271889400921659,0.31797235023041476,0.41258741258741255
5,2,regular,2,1230,1224,6,1207,23,17,0.9813008130081301,0.9861111111111112,1.0049019607843137,0.9837000814995924
5,2,semiregular,2,638,647,9,607,31,40,0.95141065830721,0.9381761978361669,0.9860896445131375,0.9447470817120622
5,2,irregular,2,195,217,22,175,20,42,0.8974358974358975,0.8064516129032258,0.8986175115207373,0.849514563106796
5,2,regular,3,1216,1224,8,1214,2,10,0.9983552631578947,0.9918300653594772,0.9934640522875817,0.9950819672131147
5,2,semiregular,3,648,647,1,620,28,27,0.9567901234567902,0.9582689335394127,1.001545595054096,0.9575289575289576
5,2,irregular,3,201,217,16,172,29,45,0.8557213930348259,0.7926267281105991,0.9262672811059908,0.8229665071770336
5,3,regular,1,1043,1053,10,1033,10,20,0.9904122722914669,0.9810066476733144,0.9905033238366572,0.9856870229007634
5,3,semiregular,1,680,716,36,619,61,97,0.9102941176470588,0.8645251396648045,0.9497206703910615,0.8868194842406877
5,3,irregular,1,139,224,85,123,16,101,0.8848920863309353,0.5491071428571429,0.6205357142857143,0.6776859504132232
5,3,regular,2,1034,1053,19,1025,9,28,0.9912959381044487,0.97340930674264,0.9819563152896487,0.9822712026832774
5,3,semiregular,2,705,716,11,643,62,73,0.9120567375886525,0.8980446927374302,0.9846368715083799,0.9049964813511611
5,3,irregular,2,182,224,42,163,19,61,0.8956043956043956,0.7276785714285714,0.8125,0.8029556650246306
5,3,regular,3,1037,1053,16,1034,3,19,0.9971070395371263,0.9819563152896487,0.9848053181386515,0.9894736842105263
5,3,semiregular,3,723,716,7,663,60,53,0.91701244813278,0.9259776536312849,1.0097765363128492,0.9214732453092425
5,3,irregular,3,202,224,22,174,28,50,0.8613861386138614,0.7767857142857143,0.9017857142857143,0.8169014084507042
5,4,regular,1,1123,1101,22,1100,23,1,0.9795191451469278,0.9990917347865577,1.0199818346957312,0.9892086330935252
5,4,semiregular,1,634,614,20,527,107,87,0.831230283911672,0.8583061889250815,1.0325732899022801,0.844551282051282
5,4,irregular,1,79,228,149,63,16,165,0.7974683544303798,0.27631578947368424,0.34649122807017546,0.41042345276872966
5,4,regular,2,1119,1101,18,1098,21,3,0.9812332439678284,0.997275204359673,1.0163487738419619,0.9891891891891892
5,4,semiregular,2,620,614,6,559,61,55,0.9016129032258065,0.9104234527687296,1.009771986970684,0.905996758508914
5,4,irregular,2,201,228,27,177,24,51,0.8805970149253731,0.7763157894736842,0.881578947368421,0.8251748251748251
5,4,regular,3,1098,1101,3,1093,5,8,0.9954462659380692,0.9927338782924614,0.997275204359673,0.9940882219190541
5,4,semiregular,3,612,614,2,553,59,61,0.9035947712418301,0.9006514657980456,0.996742671009772,0.9021207177814029
5,4,irregular,3,201,228,27,171,30,57,0.8507462686567164,0.75,0.881578947368421,0.7972027972027972
5,5,regular,1,1046,1044,2,1036,10,8,0.9904397705544933,0.9923371647509579,1.0019157088122606,0.9913875598086125
5,5,semiregular,1,734,668,66,628,106,40,0.8555858310626703,0.9401197604790419,1.098802395209581,0.8958630527817404
5,5,irregular,1,66,217,151,53,13,164,0.803030303030303,0.24423963133640553,0.30414746543778803,0.3745583038869258
5,5,regular,2,1040,1044,4,1030,10,14,0.9903846153846154,0.9865900383141762,0.9961685823754789,0.9884836852207294
5,5,semiregular,2,698,668,30,618,80,50,0.8853868194842407,0.9251497005988024,1.0449101796407185,0.9048316251830161
5,5,irregular,2,194,217,23,174,20,43,0.8969072164948454,0.8018433179723502,0.8940092165898618,0.8467153284671534
5,5,regular,3,1034,1044,10,1032,2,12,0.9980657640232108,0.9885057471264368,0.9904214559386973,0.9932627526467758
5,5,semiregular,3,699,668,31,617,82,51,0.882689556509299,0.9236526946107785,1.0464071856287425,0.902706656912948
5,5,irregular,3,201,217,16,170,31,47,0.845771144278607,0.783410138248848,0.9262672811059908,0.8133971291866029
5,6,regular,1,974,915,59,914,60,1,0.9383983572895277,0.9989071038251366,1.0644808743169398,0.9677077818951826
5,6,semiregular,1,709,701,8,643,66,58,0.9069111424541608,0.9172610556348074,1.0114122681883024,0.9120567375886525
5,6,irregular,1,72,195,123,45,27,150,0.625,0.23076923076923078,0.36923076923076925,0.33707865168539325
5,6,regular,2,969,915,54,915,54,0,0.9442724458204335,1.0,1.0590163934426229,0.9713375796178344
5,6,semiregular,2,703,701,2,651,52,50,0.9260312944523471,0.9286733238231099,1.0028530670470757,0.9273504273504274
5,6,irregular,2,158,195,37,124,34,71,0.7848101265822784,0.6358974358974359,0.8102564102564103,0.7025495750708215
5,6,regular,3,925,915,10,914,11,1,0.9881081081081081,0.9989071038251366,1.010928961748634,0.9934782608695653
5,6,semiregular,3,714,701,13,657,57,44,0.9201680672268907,0.9372325249643366,1.0185449358059915,0.9286219081272085
5,6,irregular,3,198,195,3,167,31,28,0.8434343434343434,0.8564102564102564,1.0153846153846153,0.8498727735368956
5,7,regular,1,1230,1230,0,1206,24,24,0.9804878048780488,0.9804878048780488,1.0,0.9804878048780488
5,7,semiregular,1,766,761,5,670,96,91,0.8746736292428199,0.8804204993429697,1.0065703022339028,0.8775376555337262
5,7,irregular,1,8,225,217,3,5,222,0.375,0.013333333333333334,0.035555555555555556,0.025751072961373394
5,7,regular,2,1241,1230,11,1217,24,13,0.9806607574536664,0.989430894308943,1.0089430894308944,0.9850263051396196
5,7,semiregular,2,742,761,19,665,77,96,0.8962264150943396,0.873850197109067,0.9750328515111695,0.8848968729208251
5,7,irregular,2,175,225,50,164,11,61,0.9371428571428572,0.7288888888888889,0.7777777777777778,0.8200000000000001
5,7,regular,3,1220,1230,10,1217,3,13,0.9975409836065574,0.989430894308943,0.991869918699187,0.9934693877551021
5,7,semiregular,3,771,761,10,686,85,75,0.8897535667963683,0.9014454664914586,1.0131406044678055,0.8955613577023499
5,7,irregular,3,210,225,15,186,24,39,0.8857142857142857,0.8266666666666667,0.9333333333333333,0.8551724137931035
5,8,regular,1,1039,1035,4,1022,17,13,0.983638113570741,0.9874396135265701,1.0038647342995168,0.9855351976856317
5,8,semiregular,1,827,827,0,745,82,82,0.9008464328899637,0.9008464328899637,1.0,0.9008464328899637
5,8,irregular,1,108,243,135,98,10,145,0.9074074074074074,0.40329218106995884,0.4444444444444444,0.5584045584045585
5,8,regular,2,1036,1035,1,1020,16,15,0.9845559845559846,0.9855072463768116,1.0009661835748793,0.9850313858039595
5,8,semiregular,2,803,827,24,744,59,83,0.9265255292652553,0.8996372430471584,0.9709794437726723,0.9128834355828223
5,8,irregular,2,184,243,59,161,23,82,0.875,0.6625514403292181,0.757201646090535,0.7540983606557377
5,8,regular,3,1024,1035,11,1020,4,15,0.99609375,0.9855072463768116,0.9893719806763285,0.9907722195240408
5,8,semiregular,3,842,827,15,776,66,51,0.9216152019002375,0.9383313180169287,1.0181378476420797,0.9298981426003595
5,8,irregular,3,207,243,36,175,32,68,0.8454106280193237,0.720164609053498,0.8518518518518519,0.7777777777777778
5,9,regular,1,1106,1107,1,1091,15,16,0.9864376130198915,0.985546522131888,0.999096657633243,0.9859918662449164
5,9,semiregular,1,631,701,70,595,36,106,0.9429477020602218,0.8487874465049928,0.9001426533523538,0.8933933933933934
5,9,irregular,1,96,266,170,85,11,181,0.8854166666666666,0.31954887218045114,0.3609022556390977,0.4696132596685083
5,9,regular,2,1097,1107,10,1082,15,25,0.9863263445761167,0.9774164408310749,0.99096657633243,0.9818511796733213
5,9,semiregular,2,618,701,83,583,35,118,0.9433656957928802,0.8316690442225392,0.8815977175463623,0.8840030326004549
5,9,irregular,2,224,266,42,203,21,63,0.90625,0.7631578947368421,0.8421052631578947,0.8285714285714286
5,9,regular,3,1085,1107,22,1083,2,24,0.9981566820276497,0.978319783197832,0.980126467931346,0.9881386861313869
5,9,semiregular,3,693,701,8,658,35,43,0.9494949494949495,0.9386590584878745,0.9885877318116976,0.9440459110473458
5,9,irregular,3,228,266,38,198,30,68,0.868421052631579,0.7443609022556391,0.8571428571428571,0.8016194331983805
5,10,regular,1,1085,1014,71,1014,71,0,0.9345622119815669,1.0,1.0700197238658777,0.9661743687470224
5,10,semiregular,1,655,656,1,603,52,53,0.9206106870229007,0.9192073170731707,0.9984756097560976,0.9199084668192219
5,10,irregular,1,98,247,149,89,9,158,0.9081632653061225,0.3603238866396761,0.3967611336032389,0.5159420289855072
5,10,regular,2,1087,1014,73,1014,73,0,0.9328426862925483,1.0,1.071992110453649,0.9652546406473108
5,10,semiregular,2,660,656,4,606,54,50,0.9181818181818182,0.9237804878048781,1.0060975609756098,0.9209726443768997
5,10,irregular,2,230,247,17,208,22,39,0.9043478260869565,0.8421052631578947,0.9311740890688259,0.8721174004192871
5,10,regular,3,1053,1014,39,1013,40,1,0.9620132953466287,0.9990138067061144,1.0384615384615385,0.9801644895984518
5,10,semiregular,3,652,656,4,605,47,51,0.9279141104294478,0.9222560975609756,0.9939024390243902,0.9250764525993884
5,10,irregular,3,220,247,27,197,23,50,0.8954545454545455,0.7975708502024291,0.8906882591093117,0.8436830835117772
5,11,regular,1,1078,1070,8,1066,12,4,0.9888682745825603,0.9962616822429906,1.0074766355140188,0.9925512104283054
5,11,semiregular,1,738,700,38,644,94,56,0.8726287262872628,0.92,1.0542857142857143,0.8956884561891516
5,11,irregular,1,135,239,104,114,21,125,0.8444444444444444,0.4769874476987448,0.5648535564853556,0.609625668449198
5,11,regular,2,1067,1070,3,1056,11,14,0.9896907216494846,0.9869158878504672,0.997196261682243,0.988301357042583
5,11,semiregular,2,695,700,5,629,66,71,0.9050359712230216,0.8985714285714286,0.9928571428571429,0.9017921146953405
5,11,irregular,2,185,239,54,167,18,72,0.9027027027027027,0.698744769874477,0.7740585774058577,0.7877358490566038
5,11,regular,3,1067,1070,3,1064,3,6,0.9971883786316776,0.994392523364486,0.997196261682243,0.9957884885353299
5,11,semiregular,3,698,700,2,638,60,62,0.9140401146131805,0.9114285714285715,0.9971428571428571,0.9127324749642346
5,11,irregular,3,202,239,37,175,27,64,0.8663366336633663,0.7322175732217573,0.8451882845188284,0.7936507936507935
5,12,regular,1,1042,1007,35,1007,35,0,0.9664107485604606,1.0,1.0347567030784508,0.9829184968277209
5,12,semiregular,1,700,641,59,595,105,46,0.85,0.9282371294851794,1.0920436817472698,0.8873974645786727
5,12,irregular,1,154,204,50,120,34,84,0.7792207792207793,0.5882352941176471,0.7549019607843137,0.670391061452514
5,12,regular,2,1041,1007,34,1007,34,0,0.9673390970220941,1.0,1.0337636544190665,0.9833984375
5,12,semiregular,2,663,641,22,582,81,59,0.8778280542986425,0.9079563182527302,1.034321372854914,0.892638036809816
5,12,irregular,2,207,204,3,174,33,30,0.8405797101449275,0.8529411764705882,1.0147058823529411,0.8467153284671534
5,12,regular,3,1028,1007,21,1007,21,0,0.9795719844357976,1.0,1.0208540218470705,0.9896805896805896
5,12,semiregular,3,643,641,2,566,77,75,0.880248833592535,0.8829953198127926,1.0031201248049921,0.8816199376947041
5,12,irregular,3,206,204,2,175,31,29,0.8495145631067961,0.8578431372549019,1.0098039215686274,0.8536585365853658
5,13,regular,1,1022,1000,22,1000,22,0,0.9784735812133072,1.0,1.022,0.9891196834817012
5,13,semiregular,1,862,815,47,780,82,35,0.9048723897911833,0.9570552147239264,1.0576687116564416,0.9302325581395349
5,13,irregular,1,134,216,82,108,26,108,0.8059701492537313,0.5,0.6203703703703703,0.6171428571428571
5,13,regular,2,1017,1000,17,999,18,1,0.9823008849557522,0.999,1.017,0.9905800694100148
5,13,semiregular,2,816,815,1,763,53,52,0.9350490196078431,0.9361963190184049,1.0012269938650307,0.9356223175965667
5,13,irregular,2,211,216,5,186,25,30,0.8815165876777251,0.8611111111111112,0.9768518518518519,0.8711943793911008
5,13,regular,3,1007,1000,7,999,8,1,0.9920556107249255,0.999,1.007,0.9955156950672646
5,13,semiregular,3,820,815,5,770,50,45,0.9390243902439024,0.9447852760736196,1.0061349693251533,0.9418960244648318
5,13,irregular,3,210,216,6,186,24,30,0.8857142857142857,0.8611111111111112,0.9722222222222222,0.8732394366197184
5,14,regular,1,1053,1052,1,1042,11,10,0.9895536562203229,0.9904942965779467,1.0009505703422052,0.9900237529691213
5,14,semiregular,1,850,913,63,796,54,117,0.9364705882352942,0.8718510405257394,0.9309967141292442,0.9030062393647192
5,14,irregular,1,102,217,115,91,11,126,0.8921568627450981,0.41935483870967744,0.4700460829493088,0.5705329153605015
5,14,regular,2,1038,1052,14,1026,12,26,0.9884393063583815,0.9752851711026616,0.9866920152091255,0.9818181818181818
5,14,semiregular,2,887,913,26,835,52,78,0.9413754227733935,0.9145673603504929,0.9715224534501643,0.9277777777777778
5,14,irregular,2,199,217,18,180,19,37,0.9045226130653267,0.8294930875576036,0.9170506912442397,0.8653846153846155
5,14,regular,3,1043,1052,9,1042,1,10,0.9990412272291467,0.9904942965779467,0.9914448669201521,0.9947494033412888
5,14,semiregular,3,900,913,13,853,47,60,0.9477777777777778,0.9342825848849945,0.9857612267250822,0.9409817981246552
5,14,irregular,3,186,217,31,166,20,51,0.8924731182795699,0.7649769585253456,0.8571428571428571,0.8238213399503721
5,15,regular,1,967,964,3,958,9,6,0.9906928645294726,0.9937759336099585,1.0031120331950207,0.9922320041429311
5,15,semiregular,1,807,774,33,736,71,38,0.9120198265179678,0.9509043927648578,1.0426356589147288,0.931056293485136
5,15,irregular,1,139,218,79,125,14,93,0.8992805755395683,0.573394495412844,0.6376146788990825,0.700280112044818
5,15,regular,2,945,964,19,934,11,30,0.9883597883597883,0.9688796680497925,0.9802904564315352,0.9785227867993714
5,15,semiregular,2,749,774,25,706,43,68,0.9425901201602136,0.9121447028423773,0.9677002583979328,0.9271175311884439
5,15,irregular,2,198,218,20,176,22,42,0.8888888888888888,0.8073394495412844,0.908256880733945,0.8461538461538461
5,15,regular,3,953,964,11,951,2,13,0.9979013641133263,0.9865145228215768,0.9885892116182573,0.9921752738654147
5,15,semiregular,3,756,774,18,709,47,65,0.9378306878306878,0.9160206718346253,0.9767441860465116,0.926797385620915
5,15,irregular,3,201,218,17,180,21,38,0.8955223880597015,0.8256880733944955,0.9220183486238532,0.8591885441527446
5,16,regular,1,1120,1109,11,1101,19,8,0.9830357142857142,0.9927862939585211,1.0099188458070334,0.9878869448183041
5,16,semiregular,1,686,681,5,603,83,78,0.8790087463556852,0.8854625550660793,1.0073421439060206,0.8822238478419898
5,16,irregular,1,86,272,186,69,17,203,0.8023255813953488,0.2536764705882353,0.3161764705882353,0.38547486033519557
5,16,regular,2,1129,1109,20,1108,21,1,0.9813994685562445,0.9990982867448152,1.018034265103697,0.9901697944593387
5,16,semiregular,2,662,681,19,593,69,88,0.8957703927492447,0.8707782672540382,0.9720998531571219,0.8830975428145942
5,16,irregular,2,210,272,62,194,16,78,0.9238095238095239,0.7132352941176471,0.7720588235294118,0.8049792531120333
5,16,regular,3,1112,1109,3,1108,4,1,0.9964028776978417,0.9990982867448152,1.0027051397655546,0.9977487618190005
5,16,semiregular,3,669,681,12,617,52,64,0.922272047832586,0.9060205580029369,0.9823788546255506,0.9140740740740741
5,16,irregular,3,209,272,63,193,16,79,0.9234449760765551,0.7095588235294118,0.7683823529411765,0.8024948024948027
5,17,regular,1,1047,1029,18,1027,20,2,0.9808978032473734,0.9980563654033042,1.0174927113702623,0.989402697495183
5,17,semiregular,1,821,837,16,746,75,91,0.9086479902557856,0.8912783751493429,0.980884109916368,0.8998793727382388
5,17,irregular,1,141,240,99,119,22,121,0.8439716312056738,0.49583333333333335,0.5875,0.6246719160104987
5,17,regular,2,1043,1029,14,1025,18,4,0.9827420901246404,0.9961127308066083,1.0136054421768708,0.9893822393822393
5,17,semiregular,2,827,837,10,764,63,73,0.9238210399032648,0.9127837514934289,0.98805256869773,0.9182692307692308
5,17,irregular,2,205,240,35,176,29,64,0.8585365853658536,0.7333333333333333,0.8541666666666666,0.7910112359550562
5,17,regular,3,1038,1029,9,1029,9,0,0.9913294797687862,1.0,1.0087463556851313,0.9956458635703919
5,17,semiregular,3,843,837,6,776,67,61,0.9205219454329775,0.927120669056153,1.007168458781362,0.9238095238095237
5,17,irregular,3,215,240,25,188,27,52,0.8744186046511628,0.7833333333333333,0.8958333333333334,0.8263736263736264
5,18,regular,1,1099,1044,55,1044,55,0,0.9499545040946314,1.0,1.0526819923371646,0.974335044330378
5,18,semiregular,1,769,801,32,723,46,78,0.9401820546163849,0.9026217228464419,0.9600499375780275,0.9210191082802548
5,18,irregular,1,132,252,120,103,29,149,0.7803030303030303,0.4087301587301587,0.5238095238095238,0.5364583333333334
5,18,regular,2,1072,1044,28,1044,28,0,0.9738805970149254,1.0,1.0268199233716475,0.9867674858223062
5,18,semiregular,2,790,801,11,740,50,61,0.9367088607594937,0.9238451935081149,0.9862671660424469,0.9302325581395349
5,18,irregular,2,214,252,38,195,19,57,0.9112149532710281,0.7738095238095238,0.8492063492063492,0.8369098712446353
5,18,regular,3,1069,1044,25,1044,25,0,0.9766136576239476,1.0,1.0239463601532568,0.9881684808329388
5,18,semiregular,3,814,801,13,764,50,37,0.9385749385749386,0.9538077403245943,1.0162297128589264,0.9461300309597523
5,18,irregular,3,236,252,16,211,25,41,0.8940677966101694,0.8373015873015873,0.9365079365079365,0.8647540983606558
5,19,regular,1,1104,1076,28,1074,30,2,0.9728260869565217,0.9981412639405205,1.0260223048327137,0.9853211009174312
5,19,semiregular,1,738,753,15,678,60,75,0.9186991869918699,0.900398406374502,0.9800796812749004,0.909456740442656
5,19,irregular,1,106,245,139,92,14,153,0.8679245283018868,0.37551020408163266,0.4326530612244898,0.5242165242165242
5,19,regular,2,1107,1076,31,1074,33,2,0.9701897018970189,0.9981412639405205,1.028810408921933,0.983967017865323
5,19,semiregular,2,724,753,29,673,51,80,0.9295580110497238,0.8937583001328021,0.9614873837981408,0.9113067027758971
5,19,irregular,2,223,245,22,189,34,56,0.8475336322869955,0.7714285714285715,0.9102040816326531,0.8076923076923077
5,19,regular,3,1090,1076,14,1075,15,1,0.9862385321100917,0.9990706319702602,1.013011152416357,0.9926131117266852
5,19,semiregular,3,733,753,20,681,52,72,0.9290586630286494,0.9043824701195219,0.9734395750332006,0.9165545087483176
5,19,irregular,3,216,245,29,184,32,61,0.8518518518518519,0.7510204081632653,0.8816326530612245,0.7982646420824295
5,20,regular,1,1217,1251,34,1203,14,48,0.9884963023829088,0.9616306954436451,0.9728217426059153,0.9748784440842788
5,20,semiregular,1,873,841,32,761,112,80,0.8717067583046965,0.9048751486325802,1.0380499405469679,0.8879813302217037
5,20,irregular,1,142,252,110,130,12,122,0.9154929577464789,0.5158730158730159,0.5634920634920635,0.6598984771573604
5,20,regular,2,1195,1251,56,1179,16,72,0.9866108786610879,0.9424460431654677,0.9552358113509193,0.964022894521668
5,20,semiregular,2,769,841,72,701,68,140,0.9115734720416124,0.8335315101070154,0.9143876337693222,0.8708074534161491
5,20,irregular,2,231,252,21,200,31,52,0.8658008658008658,0.7936507936507936,0.9166666666666666,0.8281573498964803
5,20,regular,3,1191,1251,60,1186,5,65,0.9958018471872376,0.9480415667466027,0.9520383693045563,0.9713349713349714
5,20,semiregular,3,834,841,7,749,85,92,0.8980815347721822,0.8906064209274673,0.9916765755053508,0.8943283582089552
5,20,irregular,3,216,252,36,187,29,65,0.8657407407407407,0.7420634920634921,0.8571428571428571,0.7991452991452992
5,21,regular,1,952,920,32,920,32,0,0.9663865546218487,1.0,1.0347826086956522,0.9829059829059829
5,21,semiregular,1,595,549,46,482,113,67,0.8100840336134454,0.8779599271402551,1.0837887067395264,0.8426573426573426
5,21,irregular,1,114,204,90,100,14,104,0.8771929824561403,0.49019607843137253,0.5588235294117647,0.6289308176100629
5,21,regular,2,935,920,15,920,15,0,0.983957219251337,1.0,1.016304347826087,0.9919137466307278
5,21,semiregular,2,581,549,32,492,89,57,0.846815834767642,0.8961748633879781,1.058287795992714,0.8707964601769911
5,21,irregular,2,177,204,27,158,19,46,0.8926553672316384,0.7745098039215687,0.8676470588235294,0.8293963254593176
5,21,regular,3,932,920,12,920,12,0,0.9871244635193133,1.0,1.0130434782608695,0.9935205183585313
5,21,semiregular,3,588,549,39,496,92,53,0.8435374149659864,0.9034608378870674,1.0710382513661203,0.872471416007036
5,21,irregular,3,199,204,5,173,26,31,0.8693467336683417,0.8480392156862745,0.9754901960784313,0.858560794044665
5,22,regular,1,990,946,44,946,44,0,0.9555555555555556,1.0,1.0465116279069768,0.9772727272727273
5,22,semiregular,1,740,703,37,650,90,53,0.8783783783783784,0.9246088193456614,1.0526315789473684,0.9009009009009009
5,22,irregular,1,75,247,172,69,6,178,0.92,0.2793522267206478,0.30364372469635625,0.4285714285714286
5,22,regular,2,980,946,34,945,35,1,0.9642857142857143,0.9989429175475687,1.0359408033826638,0.9813084112149534
5,22,semiregular,2,695,703,8,631,64,72,0.9079136690647482,0.8975817923186344,0.9886201991465149,0.9027181688125895
5,22,irregular,2,195,247,52,171,24,76,0.8769230769230769,0.6923076923076923,0.7894736842105263,0.7737556561085973
5,22,regular,3,962,946,16,945,17,1,0.9823284823284824,0.9989429175475687,1.0169133192389006,0.9905660377358492
5,22,semiregular,3,707,703,4,642,65,61,0.9080622347949081,0.9132290184921764,1.0056899004267426,0.9106382978723404
5,22,irregular,3,224,247,23,192,32,55,0.8571428571428571,0.7773279352226721,0.9068825910931174,0.8152866242038218
5,23,regular,1,1005,999,6,956,49,43,0.9512437810945273,0.9569569569569569,1.006006006006006,0.9540918163672655
5,23,semiregular,1,870,835,35,762,108,73,0.8758620689655172,0.9125748502994012,1.0419161676646707,0.8938416422287391
5,23,irregular,1,9,266,257,1,8,265,0.1111111111111111,0.0037593984962406013,0.03383458646616541,0.007272727272727273
5,23,regular,2,1030,999,31,980,50,19,0.9514563106796117,0.980980980980981,1.031031031031031,0.9659931000492854
5,23,semiregular,2,851,835,16,771,80,64,0.9059929494712103,0.9233532934131736,1.0191616766467066,0.9145907473309609
5,23,irregular,2,217,266,49,184,33,82,0.847926267281106,0.6917293233082706,0.8157894736842105,0.7619047619047619
5,23,regular,3,995,999,4,985,10,14,0.9899497487437185,0.985985985985986,0.995995995995996,0.9879638916750252
5,23,semiregular,3,862,835,27,769,93,66,0.8921113689095128,0.9209580838323354,1.0323353293413173,0.9063052445492046
5,23,irregular,3,229,266,37,191,38,75,0.834061135371179,0.7180451127819549,0.8609022556390977,0.7717171717171718
5,24,regular,1,1084,1079,5,1067,17,12,0.9843173431734318,0.9888785912882299,1.0046339202965708,0.9865926953305594
5,24,semiregular,1,649,680,31,596,53,84,0.9183359013867488,0.8764705882352941,0.9544117647058824,0.8969149736644094
5,24,irregular,1,115,247,132,107,8,140,0.9304347826086956,0.4331983805668016,0.46558704453441296,0.5911602209944752
5,24,regular,2,1078,1079,1,1060,18,19,0.9833024118738405,0.9823911028730306,0.9990732159406858,0.9828465461288827
5,24,semiregular,2,639,680,41,601,38,79,0.9405320813771518,0.8838235294117647,0.9397058823529412,0.9112964366944655
5,24,irregular,2,216,247,31,199,17,48,0.9212962962962963,0.805668016194332,0.8744939271255061,0.859611231101512
5,24,regular,3,1065,1079,14,1061,4,18,0.996244131455399,0.9833178869323448,0.9870250231696015,0.9897388059701493
5,24,semiregular,3,681,680,1,640,41,40,0.9397944199706314,0.9411764705882353,1.0014705882352941,0.9404849375459221
5,24,irregular,3,224,247,23,204,20,43,0.9107142857142857,0.8259109311740891,0.9068825910931174,0.8662420382165604
5,25,regular,1,956,946,10,945,11,1,0.9884937238493724,0.9989429175475687,1.0105708245243128,0.9936908517350158
5,25,semiregular,1,706,718,12,637,69,81,0.9022662889518414,0.8871866295264624,0.9832869080779945,0.8946629213483146
5,25,irregular,1,130,207,77,95,35,112,0.7307692307692307,0.45893719806763283,0.6280193236714976,0.5637982195845698
5,25,regular,2,932,946,14,921,11,25,0.9881974248927039,0.9735729386892178,0.985200845665962,0.9808306709265177
5,25,semiregular,2,699,718,19,633,66,85,0.9055793991416309,0.8816155988857939,0.9735376044568245,0.8934368383909669
5,25,irregular,2,148,207,59,125,23,82,0.8445945945945946,0.6038647342995169,0.714975845410628,0.704225352112676
5,25,regular,3,903,946,43,902,1,44,0.9988925802879292,0.9534883720930233,0.9545454545454546,0.975662520281233
5,25,semiregular,3,653,718,65,594,59,124,0.9096477794793262,0.8272980501392758,0.9094707520891365,0.8665207877461707
5,25,irregular,3,137,207,70,112,25,95,0.8175182481751825,0.5410628019323671,0.6618357487922706,0.6511627906976744
5,26,regular,1,1134,985,149,985,149,0,0.8686067019400353,1.0,1.1512690355329949,0.929683813119396
5,26,semiregular,1,771,720,51,671,100,49,0.8702983138780804,0.9319444444444445,1.0708333333333333,0.9000670690811536
5,26,irregular,1,210,214,4,150,60,64,0.7142857142857143,0.7009345794392523,0.9813084112149533,0.7075471698113207
5,26,regular,2,1136,985,151,985,151,0,0.8670774647887324,1.0,1.1532994923857869,0.9288071664309288
5,26,semiregular,2,648,720,72,602,46,118,0.9290123456790124,0.8361111111111111,0.9,0.8801169590643275
5,26,irregular,2,165,214,49,129,36,85,0.7818181818181819,0.602803738317757,0.7710280373831776,0.6807387862796834
5,26,regular,3,1129,985,144,984,145,1,0.8715677590788308,0.9989847715736041,1.1461928934010153,0.9309366130558184
5,26,semiregular,3,734,720,14,658,76,62,0.896457765667575,0.9138888888888889,1.0194444444444444,0.9050894085281981
5,26,irregular,3,205,214,9,170,35,44,0.8292682926829268,0.794392523364486,0.9579439252336449,0.8114558472553698
5,27,regular,1,1156,1166,10,1141,15,25,0.9870242214532872,0.9785591766723842,0.9914236706689536,0.9827734711455641
5,27,semiregular,1,623,728,105,557,66,171,0.8940609951845907,0.7651098901098901,0.8557692307692307,0.8245743893412287
5,27,irregular,1,41,270,229,33,8,237,0.8048780487804879,0.12222222222222222,0.15185185185185185,0.21221864951768488
5,27,regular,2,1160,1166,6,1145,15,21,0.9870689655172413,0.9819897084048027,0.9948542024013722,0.9845227858985384
5,27,semiregular,2,708,728,20,654,54,74,0.923728813559322,0.8983516483516484,0.9725274725274725,0.9108635097493036
5,27,irregular,2,233,270,37,207,26,63,0.8884120171673819,0.7666666666666667,0.8629629629629629,0.823061630218688
5,27,regular,3,1158,1166,8,1157,1,9,0.9991364421416234,0.9922813036020584,0.9931389365351629,0.995697074010327
5,27,semiregular,3,727,728,1,661,66,67,0.9092159559834938,0.907967032967033,0.9986263736263736,0.9085910652920962
5,27,irregular,3,233,270,37,206,27,64,0.8841201716738197,0.762962962962963,0.8629629629629629,0.8190854870775347
5,28,regular,1,1083,1098,15,1058,25,40,0.976915974145891,0.9635701275045537,0.9863387978142076,0.9701971572673085
5,28,semiregular,1,887,859,28,793,94,66,0.8940248027057497,0.9231664726426076,1.0325960419091968,0.9083619702176403
5,28,irregular,1,96,293,197,73,23,220,0.7604166666666666,0.24914675767918087,0.32764505119453924,0.3753213367609254
5,28,regular,2,1111,1098,13,1084,27,14,0.9756975697569757,0.9872495446265938,1.01183970856102,0.9814395654142145
5,28,semiregular,2,813,859,46,758,55,101,0.932349323493235,0.8824214202561118,0.9464493597206054,0.9066985645933014
5,28,irregular,2,211,293,82,180,31,113,0.8530805687203792,0.6143344709897611,0.7201365187713311,0.7142857142857143
5,28,regular,3,1091,1098,7,1087,4,11,0.9963336388634281,0.9899817850637522,0.9936247723132969,0.9931475559616263
5,28,semiregular,3,827,859,32,784,43,75,0.9480048367593712,0.9126891734575088,0.9627473806752037,0.9300118623962041
5,28,irregular,3,216,293,77,178,38,115,0.8240740740740741,0.6075085324232082,0.7372013651877133,0.6994106090373281
5,29,regular,1,1143,1140,3,1131,12,9,0.989501312335958,0.9921052631578947,1.0026315789473683,0.9908015768725361
5,29,semiregular,1,931,869,62,815,116,54,0.8754027926960258,0.9378596087456847,1.0713463751438435,0.9055555555555557
5,29,irregular,1,142,247,105,120,22,127,0.8450704225352113,0.48582995951417,0.5748987854251012,0.6169665809768637
5,29,regular,2,1126,1140,14,1115,11,25,0.9902309058614565,0.9780701754385965,0.987719298245614,0.9841129744042366
5,29,semiregular,2,928,869,59,821,107,48,0.884698275862069,0.9447640966628308,1.0678941311852703,0.9137451307735114
5,29,irregular,2,218,247,29,195,23,52,0.8944954128440367,0.7894736842105263,0.8825910931174089,0.8387096774193549
5,29,regular,3,1102,1140,38,1100,2,40,0.9981851179673321,0.9649122807017544,0.9666666666666667,0.9812667261373773
5,29,semiregular,3,895,869,26,798,97,71,0.8916201117318435,0.9182968929804373,1.0299194476409665,0.9047619047619048
5,29,irregular,3,241,247,6,207,34,40,0.8589211618257261,0.8380566801619433,0.9757085020242915,0.8483606557377049
5,30,regular,1,987,997,10,977,10,20,0.9898682877406282,0.9799398194583752,0.9899699097291875,0.9848790322580645
5,30,semiregular,1,805,810,5,733,72,77,0.9105590062111801,0.9049382716049382,0.9938271604938271,0.9077399380804954
5,30,irregular,1,162,250,88,127,35,123,0.7839506172839507,0.508,0.648,0.6165048543689321
5,30,regular,2,987,997,10,976,11,21,0.9888551165146909,0.9789368104312939,0.9899699097291875,0.9838709677419354
5,30,semiregular,2,801,810,9,738,63,72,0.9213483146067416,0.9111111111111111,0.9888888888888889,0.9162011173184358
5,30,irregular,2,196,250,54,174,22,76,0.8877551020408163,0.696,0.784,0.780269058295964
5,30,regular,3,989,997,8,987,2,10,0.9979777553083923,0.9899699097291875,0.9919759277833501,0.9939577039274924
5,30,semiregular,3,819,810,9,761,58,49,0.9291819291819292,0.9395061728395062,1.011111111111111,0.9343155310006139
5,30,irregular,3,218,250,32,186,32,64,0.8532110091743119,0.744,0.872,0.7948717948717948
