Test fold number,Subject,Gait,Sensor,Predicted,Actual,Difference,TP,FP,FN,PPV,Sensitivity,RCA,SDA
1,1,regular,1,977,937,40,915,62,22,0.9365404298874105,0.9765208110992529,1.0426894343649946,0.9561128526645768
1,1,semiregular,1,746,703,43,633,113,70,0.8485254691689008,0.9004267425320057,1.0611664295874823,0.8737060041407867
1,1,irregular,1,71,199,128,64,7,135,0.9014084507042254,0.32160804020100503,0.35678391959798994,0.47407407407407415
1,1,regular,2,1049,937,112,937,112,0,0.8932316491897044,1.0,1.119530416221985,0.9436052366565962
1,1,semiregular,2,913,703,210,670,243,33,0.7338444687842278,0.9530583214793741,1.298719772403983,0.8292079207920791
1,1,irregular,2,187,199,12,168,19,31,0.8983957219251337,0.8442211055276382,0.9396984924623115,0.8704663212435232
1,1,regular,3,935,937,2,921,14,16,0.9850267379679144,0.9829242262540021,0.9978655282817502,0.9839743589743589
1,1,semiregular,3,761,703,58,659,102,44,0.8659658344283837,0.9374110953058321,1.0825035561877667,0.9002732240437158
1,1,irregular,3,199,199,0,175,24,24,0.8793969849246231,0.8793969849246231,1.0,0.8793969849246231
1,2,regular,1,1216,1224,8,1197,19,27,0.984375,0.9779411764705882,0.9934640522875817,0.9811475409836065
1,2,semiregular,1,569,647,78,537,32,110,0.9437609841827768,0.8299845440494591,0.8794435857805255,0.8832236842105262
1,2,irregular,1,53,217,164,43,10,174,0.8113207547169812,0.19815668202764977,0.24423963133640553,0.3185185185185186
1,2,regular,2,1251,1224,27,1219,32,5,0.9744204636290967,0.9959150326797386,1.0220588235294117,0.9850505050505051
1,2,semiregular,2,639,647,8,586,53,61,0.917057902973396,0.9057187017001546,0.9876352395672334,0.911353032659409
1,2,irregular,2,197,217,20,180,17,37,0.9137055837563451,0.8294930875576036,0.9078341013824884,0.8695652173913042
1,2,regular,3,1232,1224,8,1218,14,6,0.9886363636363636,0.9950980392156863,1.0065359477124183,0.9918566775244299
1,2,semiregular,3,657,647,10,621,36,26,0.9452054794520548,0.9598145285935085,1.0154559505409582,0.9524539877300613
1,2,irregular,3,191,217,26,172,19,45,0.900523560209424,0.7926267281105991,0.880184331797235,0.8431372549019608
1,3,regular,1,1037,1053,16,1029,8,24,0.9922854387656702,0.9772079772079773,0.9848053181386515,0.9846889952153111
1,3,semiregular,1,696,716,20,633,63,83,0.9094827586206896,0.8840782122905028,0.9720670391061452,0.896600566572238
1,3,irregular,1,117,224,107,103,14,121,0.8803418803418803,0.45982142857142855,0.5223214285714286,0.6041055718475072
1,3,regular,2,1044,1053,9,1036,8,17,0.9923371647509579,0.9838556505223172,0.9914529914529915,0.9880782069623272
1,3,semiregular,2,763,716,47,649,114,67,0.8505897771952818,0.9064245810055865,1.0656424581005586,0.8776200135226504
1,3,irregular,2,181,224,43,170,11,54,0.9392265193370166,0.7589285714285714,0.8080357142857143,0.8395061728395062
1,3,regular,3,1038,1053,15,1035,3,18,0.9971098265895953,0.9829059829059829,0.9857549857549858,0.9899569583931133
1,3,semiregular,3,742,716,26,682,60,34,0.9191374663072777,0.952513966480447,1.0363128491620113,0.9355281207133058
1,3,irregular,3,230,224,6,194,36,30,0.8434782608695652,0.8660714285714286,1.0267857142857142,0.8546255506607929
1,4,regular,1,1115,1101,14,1096,19,5,0.9829596412556054,0.9954586739327884,1.0127157129881925,0.9891696750902528
1,4,semiregular,1,634,614,20,528,106,86,0.832807570977918,0.8599348534201955,1.0325732899022801,0.8461538461538463
1,4,irregular,1,63,228,165,53,10,175,0.8412698412698413,0.2324561403508772,0.27631578947368424,0.3642611683848797
1,4,regular,2,1139,1101,38,1101,38,0,0.9666374012291484,1.0,1.0345140781108084,0.9830357142857142
1,4,semiregular,2,702,614,88,554,148,60,0.7891737891737892,0.9022801302931596,1.1433224755700326,0.8419452887537993
1,4,irregular,2,204,228,24,183,21,45,0.8970588235294118,0.8026315789473685,0.8947368421052632,0.8472222222222222
1,4,regular,3,1106,1101,5,1092,14,9,0.9873417721518988,0.9918256130790191,1.0045413260672116,0.9895786135024921
1,4,semiregular,3,612,614,2,557,55,57,0.9101307189542484,0.9071661237785016,0.996742671009772,0.9086460032626427
1,4,irregular,3,179,228,49,160,19,68,0.8938547486033519,0.7017543859649122,0.7850877192982456,0.7862407862407862
1,5,regular,1,1031,1044,13,1023,8,21,0.9922405431619786,0.9798850574712644,0.9875478927203065,0.9860240963855421
1,5,semiregular,1,752,668,84,637,115,31,0.8470744680851063,0.9535928143712575,1.125748502994012,0.8971830985915492
1,5,irregular,1,131,217,86,113,18,104,0.8625954198473282,0.5207373271889401,0.6036866359447005,0.6494252873563219
1,5,regular,2,1050,1044,6,1040,10,4,0.9904761904761905,0.9961685823754789,1.0057471264367817,0.9933142311365808
1,5,semiregular,2,822,668,154,623,199,45,0.7579075425790754,0.9326347305389222,1.2305389221556886,0.836241610738255
1,5,irregular,2,193,217,24,176,17,41,0.9119170984455959,0.8110599078341014,0.8894009216589862,0.8585365853658536
1,5,regular,3,1036,1044,8,1033,3,11,0.997104247104247,0.9894636015325671,0.9923371647509579,0.9932692307692307
1,5,semiregular,3,699,668,31,624,75,44,0.8927038626609443,0.9341317365269461,1.0464071856287425,0.9129480614484272
1,5,irregular,3,214,217,3,182,32,35,0.8504672897196262,0.8387096774193549,0.9861751152073732,0.8445475638051043
1,6,regular,1,954,915,39,912,42,3,0.9559748427672956,0.9967213114754099,1.042622950819672,0.9759229534510433
1,6,semiregular,1,723,701,22,649,74,52,0.8976486860304288,0.9258202567760342,1.0313837375178316,0.9115168539325843
1,6,irregular,1,119,195,76,82,37,113,0.6890756302521008,0.4205128205128205,0.6102564102564103,0.5222929936305732
1,6,regular,2,968,915,53,915,53,0,0.9452479338842975,1.0,1.0579234972677596,0.9718534253850238
1,6,semiregular,2,722,701,21,627,95,74,0.868421052631579,0.8944365192582026,1.029957203994294,0.8812368236120871
1,6,irregular,2,189,195,6,125,64,70,0.6613756613756614,0.6410256410256411,0.9692307692307692,0.6510416666666667
1,6,regular,3,932,915,17,913,19,2,0.9796137339055794,0.9978142076502732,1.0185792349726777,0.9886302111532214
1,6,semiregular,3,716,701,15,672,44,29,0.9385474860335196,0.9586305278174037,1.0213980028530671,0.9484827099505998
1,6,irregular,3,203,195,8,167,36,28,0.8226600985221675,0.8564102564102564,1.041025641025641,0.8391959798994976
1,7,regular,1,1238,1230,8,1213,25,17,0.9798061389337641,0.9861788617886179,1.0065040650406505,0.9829821717990275
1,7,semiregular,1,821,761,60,709,112,52,0.8635809987819733,0.9316688567674113,1.078843626806833,0.8963337547408344
1,7,irregular,1,3,225,222,3,0,222,1.0,0.013333333333333334,0.013333333333333334,0.02631578947368421
1,7,regular,2,1268,1230,38,1229,39,1,0.9692429022082019,0.9991869918699187,1.0308943089430895,0.9839871897518014
1,7,semiregular,2,898,761,137,711,187,50,0.7917594654788419,0.9342969776609724,1.1800262812089357,0.8571428571428571
1,7,irregular,2,171,225,54,163,8,62,0.9532163742690059,0.7244444444444444,0.76,0.8232323232323232
1,7,regular,3,1224,1230,6,1218,6,12,0.9950980392156863,0.9902439024390244,0.9951219512195122,0.9926650366748165
1,7,semiregular,3,775,761,14,696,79,65,0.8980645161290323,0.9145860709592641,1.0183968462549278,0.9062500000000001
1,7,irregular,3,199,225,26,180,19,45,0.9045226130653267,0.8,0.8844444444444445,0.8490566037735848
1,8,regular,1,1040,1035,5,1024,16,11,0.9846153846153847,0.9893719806763285,1.0048309178743962,0.986987951807229
1,8,semiregular,1,826,827,1,745,81,82,0.9019370460048426,0.9008464328899637,0.9987908101571947,0.9013914095583786
1,8,irregular,1,98,243,145,84,14,159,0.8571428571428571,0.345679012345679,0.40329218106995884,0.4926686217008798
1,8,regular,2,1052,1035,17,1034,18,1,0.9828897338403042,0.9990338164251208,1.0164251207729469,0.990896022999521
1,8,semiregular,2,894,827,67,752,142,75,0.8411633109619687,0.909310761789601,1.0810157194679564,0.873910517141197
1,8,irregular,2,202,243,41,183,19,60,0.905940594059406,0.7530864197530864,0.831275720164609,0.8224719101123595
1,8,regular,3,1029,1035,6,1025,4,10,0.9961127308066083,0.9903381642512077,0.9942028985507246,0.9932170542635659
1,8,semiregular,3,845,827,18,779,66,48,0.9218934911242603,0.9419588875453446,1.0217654171704957,0.9318181818181818
1,8,irregular,3,226,243,17,189,37,54,0.8362831858407079,0.7777777777777778,0.9300411522633745,0.8059701492537313
1,9,regular,1,1097,1107,10,1085,12,22,0.9890610756608933,0.980126467931346,0.99096657633243,0.984573502722323
1,9,semiregular,1,624,701,77,586,38,115,0.9391025641025641,0.8359486447931527,0.8901569186875892,0.8845283018867925
1,9,irregular,1,114,266,152,109,5,157,0.956140350877193,0.40977443609022557,0.42857142857142855,0.5736842105263158
1,9,regular,2,1109,1107,2,1096,13,11,0.9882777276825969,0.990063233965673,1.001806684733514,0.9891696750902527
1,9,semiregular,2,648,701,53,587,61,114,0.9058641975308642,0.8373751783166904,0.9243937232524965,0.8702742772424018
1,9,irregular,2,226,266,40,210,16,56,0.9292035398230089,0.7894736842105263,0.849624060150376,0.8536585365853657
1,9,regular,3,1094,1107,13,1090,4,17,0.9963436928702011,0.9846431797651309,0.988256549232159,0.9904588823262153
1,9,semiregular,3,692,701,9,660,32,41,0.953757225433526,0.9415121255349501,0.9871611982881597,0.9475951184493898
1,9,irregular,3,234,266,32,208,26,58,0.8888888888888888,0.7819548872180451,0.8796992481203008,0.832
1,10,regular,1,1069,1014,55,1014,55,0,0.9485500467726847,1.0,1.054240631163708,0.9735957753240517
1,10,semiregular,1,677,656,21,617,60,39,0.9113737075332349,0.9405487804878049,1.0320121951219512,0.9257314328582147
1,10,irregular,1,135,247,112,123,12,124,0.9111111111111111,0.4979757085020243,0.5465587044534413,0.643979057591623
1,10,regular,2,1087,1014,73,1014,73,0,0.9328426862925483,1.0,1.071992110453649,0.9652546406473108
1,10,semiregular,2,730,656,74,621,109,35,0.8506849315068493,0.9466463414634146,1.1128048780487805,0.8961038961038961
1,10,irregular,2,216,247,31,200,16,47,0.9259259259259259,0.8097165991902834,0.8744939271255061,0.8639308855291576
1,10,regular,3,1048,1014,34,1014,34,0,0.9675572519083969,1.0,1.0335305719921104,0.9835111542192045
1,10,semiregular,3,662,656,6,617,45,39,0.93202416918429,0.9405487804878049,1.0091463414634145,0.936267071320182
1,10,irregular,3,216,247,31,194,22,53,0.8981481481481481,0.7854251012145749,0.8744939271255061,0.838012958963283
1,11,regular,1,1068,1070,2,1060,8,10,0.9925093632958801,0.9906542056074766,0.9981308411214953,0.9915809167446211
1,11,semiregular,1,756,700,56,655,101,45,0.8664021164021164,0.9357142857142857,1.08,0.8997252747252746
1,11,irregular,1,120,239,119,111,9,128,0.925,0.46443514644351463,0.502092050209205,0.6183844011142061
1,11,regular,2,1088,1070,18,1069,19,1,0.9825367647058824,0.9990654205607477,1.016822429906542,0.9907321594068582
1,11,semiregular,2,775,700,75,626,149,74,0.807741935483871,0.8942857142857142,1.1071428571428572,0.8488135593220338
1,11,irregular,2,188,239,51,175,13,64,0.9308510638297872,0.7322175732217573,0.7866108786610879,0.819672131147541
1,11,regular,3,1067,1070,3,1063,4,7,0.9962511715089035,0.9934579439252337,0.997196261682243,0.9948525970987365
1,11,semiregular,3,705,700,5,650,55,50,0.9219858156028369,0.9285714285714286,1.0071428571428571,0.9252669039145908
1,11,irregular,3,201,239,38,175,26,64,0.8706467661691543,0.7322175732217573,0.8410041841004184,0.7954545454545454
1,12,regular,1,1019,1007,12,1006,13,1,0.9872423945044161,0.9990069513406157,1.0119165839126116,0.9930898321816387
1,12,semiregular,1,730,641,89,617,113,24,0.8452054794520548,0.9625585023400937,1.138845553822153,0.900072939460248
1,12,irregular,1,155,204,49,141,14,63,0.9096774193548387,0.6911764705882353,0.7598039215686274,0.7855153203342619
1,12,regular,2,1046,1007,39,1007,39,0,0.9627151051625239,1.0,1.038728897715988,0.9810034096444229
1,12,semiregular,2,733,641,92,586,147,55,0.7994542974079127,0.9141965678627145,1.143525741029641,0.8529839883551674
1,12,irregular,2,216,204,12,183,33,21,0.8472222222222222,0.8970588235294118,1.0588235294117647,0.8714285714285713
1,12,regular,3,1023,1007,16,1007,16,0,0.9843597262952102,1.0,1.015888778550149,0.9921182266009853
1,12,semiregular,3,652,641,11,588,64,53,0.901840490797546,0.9173166926677067,1.0171606864274572,0.9095127610208816
1,12,irregular,3,217,204,13,188,29,16,0.8663594470046083,0.9215686274509803,1.0637254901960784,0.8931116389548693
1,13,regular,1,1002,1000,2,993,9,7,0.9910179640718563,0.993,1.002,0.992007992007992
1,13,semiregular,1,857,815,42,779,78,36,0.9089848308051341,0.9558282208588957,1.0515337423312883,0.9318181818181819
1,13,irregular,1,132,216,84,121,11,95,0.9166666666666666,0.5601851851851852,0.6111111111111112,0.6954022988505747
1,13,regular,2,1010,1000,10,996,14,4,0.9861386138613861,0.996,1.01,0.991044776119403
1,13,semiregular,2,795,815,20,701,94,114,0.8817610062893082,0.8601226993865031,0.9754601226993865,0.8708074534161492
1,13,irregular,2,223,216,7,198,25,18,0.8878923766816144,0.9166666666666666,1.0324074074074074,0.9020501138952164
1,13,regular,3,1004,1000,4,998,6,2,0.9940239043824701,0.998,1.004,0.9960079840319361
1,13,semiregular,3,827,815,12,777,50,38,0.939540507859734,0.9533742331288344,1.014723926380368,0.9464068209500609
1,13,irregular,3,216,216,0,190,26,26,0.8796296296296297,0.8796296296296297,1.0,0.8796296296296297
1,14,regular,1,1047,1052,5,1038,9,14,0.9914040114613181,0.9866920152091255,0.9952471482889734,0.9890424011434017
1,14,semiregular,1,867,913,46,812,55,101,0.936562860438293,0.8893756845564075,0.9496166484118291,0.9123595505617978
1,14,irregular,1,96,217,121,87,9,130,0.90625,0.4009216589861751,0.4423963133640553,0.5559105431309904
1,14,regular,2,1060,1052,8,1051,9,1,0.9915094339622641,0.9990494296577946,1.0076045627376427,0.9952651515151515
1,14,semiregular,2,958,913,45,830,128,83,0.8663883089770354,0.9090909090909091,1.049288061336254,0.8872260823089257
1,14,irregular,2,201,217,16,187,14,30,0.9303482587064676,0.8617511520737328,0.9262672811059908,0.8947368421052632
1,14,regular,3,1056,1052,4,1052,4,0,0.9962121212121212,1.0,1.0038022813688212,0.9981024667931689
1,14,semiregular,3,892,913,21,842,50,71,0.9439461883408071,0.9222343921139102,0.976998904709748,0.9329639889196676
1,14,irregular,3,173,217,44,155,18,62,0.8959537572254336,0.7142857142857143,0.7972350230414746,0.7948717948717948
1,15,regular,1,969,964,5,960,9,4,0.9907120743034056,0.995850622406639,1.0051867219917012,0.9932747025349199
1,15,semiregular,1,808,774,34,735,73,39,0.9096534653465347,0.9496124031007752,1.0439276485788114,0.9292035398230089
1,15,irregular,1,126,218,92,119,7,99,0.9444444444444444,0.5458715596330275,0.5779816513761468,0.6918604651162791
1,15,regular,2,958,964,6,949,9,15,0.9906054279749478,0.9844398340248963,0.9937759336099585,0.9875130072840791
1,15,semiregular,2,807,774,33,697,110,77,0.8636926889714994,0.900516795865633,1.0426356589147288,0.881720430107527
1,15,irregular,2,200,218,18,186,14,32,0.93,0.8532110091743119,0.9174311926605505,0.8899521531100477
1,15,regular,3,958,964,6,956,2,8,0.9979123173277662,0.991701244813278,0.9937759336099585,0.9947970863683663
1,15,semiregular,3,756,774,18,711,45,63,0.9404761904761905,0.9186046511627907,0.9767441860465116,0.9294117647058823
1,15,irregular,3,213,218,5,187,26,31,0.8779342723004695,0.8577981651376146,0.9770642201834863,0.8677494199535963
1,16,regular,1,1115,1109,6,1099,16,10,0.9856502242152466,0.9909828674481514,1.005410279531109,0.9883093525179856
1,16,semiregular,1,662,681,19,584,78,97,0.8821752265861027,0.8575624082232012,0.9720998531571219,0.8696947133283693
1,16,irregular,1,79,272,193,64,15,208,0.810126582278481,0.23529411764705882,0.29044117647058826,0.3646723646723647
1,16,regular,2,1145,1109,36,1109,36,0,0.9685589519650655,1.0,1.0324616771866546,0.9840283939662822
1,16,semiregular,2,737,681,56,616,121,65,0.835820895522388,0.9045521292217328,1.0822320117474302,0.8688293370944993
1,16,irregular,2,216,272,56,194,22,78,0.8981481481481481,0.7132352941176471,0.7941176470588235,0.7950819672131149
1,16,regular,3,1106,1109,3,1102,4,7,0.9963833634719711,0.9936880072137061,0.9972948602344455,0.9950338600451468
1,16,semiregular,3,680,681,1,613,67,68,0.9014705882352941,0.9001468428781204,0.9985315712187959,0.9008082292432036
1,16,irregular,3,211,272,61,194,17,78,0.919431279620853,0.7132352941176471,0.7757352941176471,0.8033126293995858
1,17,regular,1,1035,1029,6,1025,10,4,0.9903381642512077,0.9961127308066083,1.0058309037900874,0.9932170542635659
1,17,semiregular,1,822,837,15,742,80,95,0.902676399026764,0.8864994026284349,0.982078853046595,0.8945147679324894
1,17,irregular,1,100,240,140,92,8,148,0.92,0.38333333333333336,0.4166666666666667,0.5411764705882353
1,17,regular,2,1052,1029,23,1029,23,0,0.9781368821292775,1.0,1.022351797862002,0.9889476213358962
1,17,semiregular,2,819,837,18,719,100,118,0.8778998778998779,0.8590203106332138,0.978494623655914,0.8683574879227053
1,17,irregular,2,205,240,35,179,26,61,0.8731707317073171,0.7458333333333333,0.8541666666666666,0.8044943820224718
1,17,regular,3,1033,1029,4,1028,5,1,0.995159728944821,0.9990281827016521,1.0038872691933916,0.997090203685742
1,17,semiregular,3,837,837,0,786,51,51,0.9390681003584229,0.9390681003584229,1.0,0.9390681003584229
1,17,irregular,3,216,240,24,182,34,58,0.8425925925925926,0.7583333333333333,0.9,0.7982456140350876
1,18,regular,1,1067,1044,23,1043,24,1,0.9775070290534208,0.9990421455938697,1.0220306513409962,0.9881572714353387
1,18,semiregular,1,790,801,11,736,54,65,0.9316455696202531,0.9188514357053683,0.9862671660424469,0.9252042740414833
1,18,irregular,1,98,252,154,86,12,166,0.8775510204081632,0.3412698412698413,0.3888888888888889,0.49142857142857144
1,18,regular,2,1082,1044,38,1043,39,1,0.9639556377079482,0.9990421455938697,1.0363984674329503,0.9811853245531514
1,18,semiregular,2,878,801,77,748,130,53,0.8519362186788155,0.9338327091136079,1.0961298377028714,0.8910065515187612
1,18,irregular,2,234,252,18,207,27,45,0.8846153846153846,0.8214285714285714,0.9285714285714286,0.8518518518518519
1,18,regular,3,1060,1044,16,1042,18,2,0.9830188679245283,0.9980842911877394,1.0153256704980842,0.9904942965779467
1,18,semiregular,3,806,801,5,758,48,43,0.9404466501240695,0.9463171036204744,1.0062421972534332,0.9433727442439328
1,18,irregular,3,243,252,9,209,34,43,0.8600823045267489,0.8293650793650794,0.9642857142857143,0.8444444444444443
1,19,regular,1,1081,1076,5,1070,11,6,0.9898242368177613,0.9944237918215614,1.004646840148699,0.9921186833565137
1,19,semiregular,1,772,753,19,703,69,50,0.9106217616580311,0.9335989375830013,1.0252324037184595,0.921967213114754
1,19,irregular,1,146,245,99,129,17,116,0.8835616438356164,0.5265306122448979,0.5959183673469388,0.659846547314578
1,19,regular,2,1107,1076,31,1074,33,2,0.9701897018970189,0.9981412639405205,1.028810408921933,0.983967017865323
1,19,semiregular,2,739,753,14,656,83,97,0.8876860622462788,0.8711819389110226,0.9814077025232404,0.8793565683646112
1,19,irregular,2,225,245,20,196,29,49,0.8711111111111111,0.8,0.9183673469387755,0.8340425531914893
1,19,regular,3,1084,1076,8,1074,10,2,0.9907749077490775,0.9981412639405205,1.0074349442379182,0.9944444444444445
1,19,semiregular,3,733,753,20,689,44,64,0.9399727148703957,0.9150066401062417,0.9734395750332006,0.927321668909825
1,19,irregular,3,226,245,19,199,27,46,0.8805309734513275,0.8122448979591836,0.9224489795918367,0.8450106157112527
1,20,regular,1,1198,1251,53,1186,12,65,0.989983305509182,0.9480415667466027,0.9576338928856915,0.9685585953450387
1,20,semiregular,1,888,841,47,761,127,80,0.8569819819819819,0.9048751486325802,1.055885850178359,0.8802776171197223
1,20,irregular,1,119,252,133,101,18,151,0.8487394957983193,0.4007936507936508,0.4722222222222222,0.5444743935309974
1,20,regular,2,1235,1251,16,1221,14,30,0.988663967611336,0.9760191846522782,0.9872102318145484,0.9823008849557523
1,20,semiregular,2,828,841,13,707,121,134,0.8538647342995169,0.8406658739595719,0.9845422116527943,0.8472139005392452
1,20,irregular,2,229,252,23,210,19,42,0.9170305676855895,0.8333333333333334,0.9087301587301587,0.8731808731808731
1,20,regular,3,1192,1251,59,1189,3,62,0.99748322147651,0.950439648281375,0.9528377298161471,0.9733933688088416
1,20,semiregular,3,837,841,4,747,90,94,0.8924731182795699,0.8882282996432818,0.995243757431629,0.8903456495828368
1,20,irregular,3,251,252,1,214,37,38,0.852589641434263,0.8492063492063492,0.996031746031746,0.8508946322067594
1,21,regular,1,932,920,12,918,14,2,0.9849785407725322,0.9978260869565218,1.0130434782608695,0.9913606911447086
1,21,semiregular,1,610,549,61,490,120,59,0.8032786885245902,0.8925318761384335,1.1111111111111112,0.8455565142364108
1,21,irregular,1,112,204,92,104,8,100,0.9285714285714286,0.5098039215686274,0.5490196078431373,0.6582278481012658
1,21,regular,2,947,920,27,920,27,0,0.9714889123548046,1.0,1.0293478260869566,0.9855382967327263
1,21,semiregular,2,726,549,177,511,215,38,0.7038567493112947,0.930783242258652,1.3224043715846994,0.8015686274509802
1,21,irregular,2,197,204,7,184,13,20,0.934010152284264,0.9019607843137255,0.9656862745098039,0.9177057356608478
1,21,regular,3,926,920,6,920,6,0,0.9935205183585313,1.0,1.0065217391304349,0.9967497291440953
1,21,semiregular,3,590,549,41,510,80,39,0.864406779661017,0.9289617486338798,1.0746812386156648,0.8955223880597015
1,21,irregular,3,207,204,3,180,27,24,0.8695652173913043,0.8823529411764706,1.0147058823529411,0.8759124087591241
1,22,regular,1,971,946,25,944,27,2,0.972193614830072,0.9978858350951374,1.0264270613107822,0.9848721961398018
1,22,semiregular,1,753,703,50,665,88,38,0.8831341301460823,0.9459459459459459,1.0711237553342816,0.9134615384615384
1,22,irregular,1,124,247,123,106,18,141,0.8548387096774194,0.4291497975708502,0.5020242914979757,0.5714285714285715
1,22,regular,2,980,946,34,946,34,0,0.9653061224489796,1.0,1.0359408033826638,0.9823468328141225
1,22,semiregular,2,812,703,109,674,138,29,0.8300492610837439,0.9587482219061166,1.155049786628734,0.8897689768976899
1,22,irregular,2,197,247,50,178,19,69,0.9035532994923858,0.7206477732793523,0.7975708502024291,0.8018018018018017
1,22,regular,3,963,946,17,945,18,1,0.9813084112149533,0.9989429175475687,1.017970401691332,0.9900471451021476
1,22,semiregular,3,713,703,10,645,68,58,0.9046283309957924,0.9174964438122333,1.0142247510668563,0.9110169491525423
1,22,irregular,3,221,247,26,189,32,58,0.8552036199095022,0.7651821862348178,0.8947368421052632,0.8076923076923077
1,23,regular,1,1034,999,35,987,47,12,0.9545454545454546,0.987987987987988,1.035035035035035,0.970978848991638
1,23,semiregular,1,884,835,49,760,124,75,0.8597285067873304,0.9101796407185628,1.058682634730539,0.8842350203606747
1,23,irregular,1,5,266,261,2,3,264,0.4,0.007518796992481203,0.018796992481203006,0.014760147601476014
1,23,regular,2,1047,999,48,997,50,2,0.9522445081184336,0.997997997997998,1.048048048048048,0.9745845552297165
1,23,semiregular,2,846,835,11,732,114,103,0.8652482269503546,0.8766467065868263,1.0131736526946107,0.8709101725163593
1,23,irregular,2,263,266,3,209,54,57,0.7946768060836502,0.7857142857142857,0.9887218045112782,0.7901701323251417
1,23,regular,3,1045,999,46,999,46,0,0.9559808612440192,1.0,1.0460460460460461,0.977495107632094
1,23,semiregular,3,850,835,15,786,64,49,0.9247058823529412,0.9413173652694611,1.0179640718562875,0.9329376854599406
1,23,irregular,3,231,266,35,196,35,70,0.8484848484848485,0.7368421052631579,0.868421052631579,0.7887323943661972
1,24,regular,1,1077,1079,2,1061,16,18,0.9851439182915506,0.9833178869323448,0.9981464318813716,0.9842300556586271
1,24,semiregular,1,666,680,14,604,62,76,0.9069069069069069,0.888235294117647,0.9794117647058823,0.8974739970282317
1,24,irregular,1,75,247,172,69,6,178,0.92,0.2793522267206478,0.30364372469635625,0.4285714285714286
1,24,regular,2,1095,1079,16,1079,16,0,0.9853881278538813,1.0,1.0148285449490269,0.9926402943882245
1,24,semiregular,2,680,680,0,591,89,89,0.8691176470588236,0.8691176470588236,1.0,0.8691176470588236
1,24,irregular,2,218,247,29,204,14,43,0.9357798165137615,0.8259109311740891,0.8825910931174089,0.8774193548387097
1,24,regular,3,1076,1079,3,1068,8,11,0.9925650557620818,0.989805375347544,0.9972196478220574,0.9911832946635731
1,24,semiregular,3,680,680,0,648,32,32,0.9529411764705882,0.9529411764705882,1.0,0.9529411764705882
1,24,irregular,3,242,247,5,220,22,27,0.9090909090909091,0.8906882591093117,0.979757085020243,0.8997955010224948
1,25,regular,1,947,946,1,938,9,8,0.9904963041182682,0.9915433403805497,1.0010570824524312,0.9910195456946647
1,25,semiregular,1,705,718,13,628,77,90,0.8907801418439716,0.8746518105849582,0.9818941504178273,0.8826423049894587
1,25,irregular,1,83,207,124,73,10,134,0.8795180722891566,0.3526570048309179,0.40096618357487923,0.503448275862069
1,25,regular,2,950,946,4,940,10,6,0.9894736842105263,0.9936575052854123,1.0042283298097252,0.9915611814345991
1,25,semiregular,2,822,718,104,668,154,50,0.8126520681265207,0.9303621169916435,1.1448467966573816,0.8675324675324675
1,25,irregular,2,157,207,50,137,20,70,0.8726114649681529,0.6618357487922706,0.7584541062801933,0.7527472527472528
1,25,regular,3,938,946,8,935,3,11,0.9968017057569296,0.9883720930232558,0.9915433403805497,0.9925690021231423
1,25,semiregular,3,713,718,5,660,53,58,0.9256661991584852,0.9192200557103064,0.9930362116991643,0.9224318658280922
1,25,irregular,3,163,207,44,132,31,75,0.8098159509202454,0.6376811594202898,0.7874396135265701,0.7135135135135134
1,26,regular,1,1040,985,55,985,55,0,0.9471153846153846,1.0,1.0558375634517767,0.9728395061728395
1,26,semiregular,1,777,720,57,675,102,45,0.8687258687258688,0.9375,1.0791666666666666,0.9018036072144289
1,26,irregular,1,166,214,48,140,26,74,0.8433734939759037,0.6542056074766355,0.7757009345794392,0.7368421052631579
1,26,regular,2,1051,985,66,985,66,0,0.9372026641294006,1.0,1.067005076142132,0.9675834970530452
1,26,semiregular,2,774,720,54,652,122,68,0.8423772609819121,0.9055555555555556,1.075,0.8728246318607764
1,26,irregular,2,177,214,37,150,27,64,0.847457627118644,0.7009345794392523,0.8271028037383178,0.7672634271099744
1,26,regular,3,1078,985,93,985,93,0,0.9137291280148423,1.0,1.0944162436548224,0.954920019389239
1,26,semiregular,3,740,720,20,678,62,42,0.9162162162162162,0.9416666666666667,1.0277777777777777,0.9287671232876712
1,26,irregular,3,212,214,2,177,35,37,0.8349056603773585,0.8271028037383178,0.9906542056074766,0.8309859154929577
1,27,regular,1,1155,1166,11,1143,12,23,0.9896103896103896,0.9802744425385935,0.9905660377358491,0.984920292977165
1,27,semiregular,1,692,728,36,618,74,110,0.8930635838150289,0.8489010989010989,0.9505494505494505,0.8704225352112676
1,27,irregular,1,136,270,134,122,14,148,0.8970588235294118,0.45185185185185184,0.5037037037037037,0.6009852216748769
1,27,regular,2,1188,1166,22,1166,22,0,0.9814814814814815,1.0,1.0188679245283019,0.9906542056074767
1,27,semiregular,2,796,728,68,659,137,69,0.8278894472361809,0.9052197802197802,1.0934065934065933,0.8648293963254594
1,27,irregular,2,230,270,40,211,19,59,0.9173913043478261,0.7814814814814814,0.8518518518518519,0.8440000000000001
1,27,regular,3,1158,1166,8,1156,2,10,0.998272884283247,0.9914236706689536,0.9931389365351629,0.9948364888123925
1,27,semiregular,3,721,728,7,678,43,50,0.9403606102635229,0.9313186813186813,0.9903846153846154,0.9358178053830227
1,27,irregular,3,221,270,49,198,23,72,0.8959276018099548,0.7333333333333333,0.8185185185185185,0.8065173116089613
1,28,regular,1,1090,1098,8,1068,22,30,0.9798165137614679,0.9726775956284153,0.9927140255009107,0.9762340036563072
1,28,semiregular,1,892,859,33,805,87,54,0.9024663677130045,0.9371362048894063,1.038416763678696,0.9194745859508853
1,28,irregular,1,117,293,176,90,27,203,0.7692307692307693,0.30716723549488056,0.3993174061433447,0.4390243902439025
1,28,regular,2,1128,1098,30,1098,30,0,0.973404255319149,1.0,1.0273224043715847,0.986522911051213
1,28,semiregular,2,899,859,40,765,134,94,0.8509454949944383,0.8905704307334109,1.0465657741559953,0.8703071672354948
1,28,irregular,2,209,293,84,188,21,105,0.8995215311004785,0.6416382252559727,0.7133105802047781,0.749003984063745
1,28,regular,3,1107,1098,9,1092,15,6,0.986449864498645,0.994535519125683,1.0081967213114753,0.9904761904761905
1,28,semiregular,3,859,859,0,808,51,51,0.940628637951106,0.940628637951106,1.0,0.940628637951106
1,28,irregular,3,217,293,76,178,39,115,0.8202764976958525,0.6075085324232082,0.7406143344709898,0.6980392156862746
1,29,regular,1,1135,1140,5,1126,9,14,0.9920704845814978,0.987719298245614,0.9956140350877193,0.98989010989011
1,29,semiregular,1,930,869,61,816,114,53,0.8774193548387097,0.9390103567318757,1.0701956271576525,0.9071706503613118
1,29,irregular,1,106,247,141,97,9,150,0.9150943396226415,0.39271255060728744,0.4291497975708502,0.5495750708215298
1,29,regular,2,1147,1140,7,1137,10,3,0.99128160418483,0.9973684210526316,1.006140350877193,0.9943156974202011
1,29,semiregular,2,1045,869,176,826,219,43,0.7904306220095694,0.950517836593786,1.2025316455696202,0.8631138975966562
1,29,irregular,2,237,247,10,216,21,31,0.9113924050632911,0.8744939271255061,0.9595141700404858,0.8925619834710744
1,29,regular,3,1128,1140,12,1123,5,17,0.9955673758865248,0.9850877192982456,0.9894736842105263,0.9902998236331569
1,29,semiregular,3,900,869,31,805,95,64,0.8944444444444445,0.9263521288837745,1.0356731875719218,0.9101187111362352
1,29,irregular,3,240,247,7,211,29,36,0.8791666666666667,0.854251012145749,0.97165991902834,0.86652977412731
1,30,regular,1,986,997,11,978,8,19,0.9918864097363083,0.9809428284854563,0.9889669007021064,0.9863842662632376
1,30,semiregular,1,813,810,3,745,68,65,0.9163591635916359,0.9197530864197531,1.0037037037037038,0.9180529882932841
1,30,irregular,1,142,250,108,120,22,130,0.8450704225352113,0.48,0.568,0.6122448979591836
1,30,regular,2,1011,997,14,997,14,0,0.9861523244312562,1.0,1.0140421263791375,0.9930278884462151
1,30,semiregular,2,781,810,29,691,90,119,0.8847631241997439,0.8530864197530864,0.9641975308641976,0.8686360779384036
1,30,irregular,2,205,250,45,188,17,62,0.9170731707317074,0.752,0.82,0.8263736263736263
1,30,regular,3,995,997,2,994,1,3,0.9989949748743718,0.9969909729187563,0.9979939819458375,0.9979919678714859
1,30,semiregular,3,818,810,8,768,50,42,0.9388753056234719,0.9481481481481482,1.0098765432098766,0.9434889434889435
1,30,irregular,3,221,250,29,185,36,65,0.8371040723981901,0.74,0.884,0.7855626326963907
2,1,regular,1,959,937,22,921,38,16,0.9603753910323254,0.9829242262540021,1.023479188900747,0.9715189873417721
2,1,semiregular,1,756,703,53,639,117,64,0.8452380952380952,0.9089615931721194,1.0753911806543386,0.8759424263193969
2,1,irregular,1,8,199,191,1,7,198,0.125,0.005025125628140704,0.04020100502512563,0.009661835748792272
2,1,regular,2,1030,937,93,937,93,0,0.9097087378640777,1.0,1.0992529348986126,0.9527198779867819
2,1,semiregular,2,744,703,41,650,94,53,0.8736559139784946,0.9246088193456614,1.058321479374111,0.8984105044920525
2,1,irregular,2,131,199,68,123,8,76,0.9389312977099237,0.6180904522613065,0.6582914572864321,0.7454545454545455
2,1,regular,3,996,937,59,936,60,1,0.9397590361445783,0.9989327641408752,1.0629669156883672,0.9684428349715469
2,1,semiregular,3,750,703,47,658,92,45,0.8773333333333333,0.9359886201991465,1.0668563300142246,0.905712319339298
2,1,irregular,3,8,199,191,1,7,198,0.125,0.005025125628140704,0.04020100502512563,0.009661835748792272
2,2,regular,1,1203,1224,21,1187,16,37,0.9866999168744804,0.9697712418300654,0.9828431372549019,0.9781623403378656
2,2,semiregular,1,595,647,52,566,29,81,0.9512605042016806,0.874806800618238,0.919629057187017,0.9114331723027373
2,2,irregular,1,11,217,206,1,10,216,0.09090909090909091,0.004608294930875576,0.05069124423963134,0.008771929824561403
2,2,regular,2,1177,1224,47,1158,19,66,0.983857264231096,0.946078431372549,0.9616013071895425,0.964598084131612
2,2,semiregular,2,644,647,3,613,31,34,0.9518633540372671,0.9474497681607419,0.9953632148377125,0.9496514329976763
2,2,irregular,2,150,217,67,145,5,72,0.9666666666666667,0.6682027649769585,0.6912442396313364,0.7901907356948229
2,2,regular,3,1236,1224,12,1214,22,10,0.982200647249191,0.9918300653594772,1.0098039215686274,0.9869918699186992
2,2,semiregular,3,650,647,3,610,40,37,0.9384615384615385,0.9428129829984544,1.0046367851622875,0.9406322282189667
2,2,irregular,3,11,217,206,2,9,215,0.18181818181818182,0.009216589861751152,0.05069124423963134,0.017543859649122806
2,3,regular,1,1029,1053,24,1022,7,31,0.9931972789115646,0.9705603038936372,0.9772079772079773,0.9817483189241114
2,3,semiregular,1,704,716,12,645,59,71,0.9161931818181818,0.9008379888268156,0.9832402234636871,0.9084507042253521
2,3,irregular,1,10,224,214,0,10,224,-1,-1,0.044642857142857144,-1
2,3,regular,2,994,1053,59,987,7,66,0.9929577464788732,0.9373219373219374,0.9439696106362773,0.9643380556912554
2,3,semiregular,2,733,716,17,667,66,49,0.9099590723055935,0.9315642458100558,1.0237430167597765,0.9206349206349206
2,3,irregular,2,151,224,73,142,9,82,0.9403973509933775,0.6339285714285714,0.6741071428571429,0.7573333333333333
2,3,regular,3,1046,1053,7,1038,8,15,0.9923518164435946,0.9857549857549858,0.99335232668566,0.9890424011434016
2,3,semiregular,3,726,716,10,670,56,46,0.9228650137741047,0.9357541899441341,1.0139664804469273,0.9292649098474342
2,3,irregular,3,10,224,214,0,10,224,-1,-1,0.044642857142857144,-1
2,4,regular,1,1106,1101,5,1087,19,14,0.9828209764918626,0.9872842870118075,1.0045413260672116,0.9850475758948799
2,4,semiregular,1,678,614,64,554,124,60,0.8171091445427728,0.9022801302931596,1.1042345276872965,0.8575851393188855
2,4,irregular,1,11,228,217,2,9,226,0.18181818181818182,0.008771929824561403,0.04824561403508772,0.016736401673640166
2,4,regular,2,1122,1101,21,1098,24,3,0.9786096256684492,0.997275204359673,1.0190735694822888,0.9878542510121457
2,4,semiregular,2,630,614,16,571,59,43,0.9063492063492063,0.9299674267100977,1.0260586319218241,0.9180064308681671
2,4,irregular,2,150,228,78,137,13,91,0.9133333333333333,0.6008771929824561,0.6578947368421053,0.7248677248677249
2,4,regular,3,1118,1101,17,1101,17,0,0.9847942754919499,1.0,1.0154405086285194,0.9923388913925192
2,4,semiregular,3,625,614,11,564,61,50,0.9024,0.9185667752442996,1.017915309446254,0.9104116222760289
2,4,irregular,3,11,228,217,0,11,228,-1,-1,0.04824561403508772,-1
2,5,regular,1,1036,1044,8,1029,7,15,0.9932432432432432,0.985632183908046,0.9923371647509579,0.989423076923077
2,5,semiregular,1,761,668,93,642,119,26,0.8436268068331143,0.9610778443113772,1.1392215568862276,0.8985304408677396
2,5,irregular,1,12,217,205,2,10,215,0.16666666666666666,0.009216589861751152,0.055299539170506916,0.017467248908296946
2,5,regular,2,1049,1044,5,1037,12,7,0.988560533841754,0.9932950191570882,1.0047892720306513,0.990922121356904
2,5,semiregular,2,730,668,62,638,92,30,0.873972602739726,0.9550898203592815,1.092814371257485,0.9127324749642347
2,5,irregular,2,165,217,52,154,11,63,0.9333333333333333,0.7096774193548387,0.7603686635944701,0.806282722513089
2,5,regular,3,1040,1044,4,1036,4,8,0.9961538461538462,0.9923371647509579,0.9961685823754789,0.9942418426103647
2,5,semiregular,3,707,668,39,635,72,33,0.8981612446958982,0.9505988023952096,1.0583832335329342,0.9236363636363636
2,5,irregular,3,12,217,205,2,10,215,0.16666666666666666,0.009216589861751152,0.055299539170506916,0.017467248908296946
2,6,regular,1,952,915,37,911,41,4,0.9569327731092437,0.9956284153005465,1.0404371584699454,0.9758971612212105
2,6,semiregular,1,729,701,28,661,68,40,0.906721536351166,0.9429386590584878,1.0399429386590584,0.9244755244755245
2,6,irregular,1,12,195,183,2,10,193,0.16666666666666666,0.010256410256410256,0.06153846153846154,0.019323671497584544
2,6,regular,2,987,915,72,915,72,0,0.9270516717325228,1.0,1.0786885245901638,0.9621451104100947
2,6,semiregular,2,727,701,26,669,58,32,0.9202200825309491,0.9543509272467903,1.037089871611983,0.9369747899159664
2,6,irregular,2,112,195,83,87,25,108,0.7767857142857143,0.4461538461538462,0.5743589743589743,0.5667752442996743
2,6,regular,3,961,915,46,915,46,0,0.9521331945889698,1.0,1.0502732240437158,0.9754797441364607
2,6,semiregular,3,715,701,14,659,56,42,0.9216783216783216,0.9400855920114123,1.0199714693295292,0.9307909604519774
2,6,irregular,3,12,195,183,1,11,194,0.08333333333333333,0.005128205128205128,0.06153846153846154,0.009661835748792272
2,7,regular,1,1220,1230,10,1181,39,49,0.9680327868852459,0.9601626016260163,0.991869918699187,0.9640816326530612
2,7,semiregular,1,588,761,173,514,74,247,0.8741496598639455,0.6754270696452037,0.7726675427069645,0.7620459599703485
2,7,irregular,1,15,225,210,6,9,219,0.4,0.02666666666666667,0.06666666666666667,0.05
2,7,regular,2,1245,1230,15,1219,26,11,0.9791164658634538,0.9910569105691057,1.0121951219512195,0.9850505050505051
2,7,semiregular,2,756,761,5,683,73,78,0.9034391534391535,0.897503285151117,0.9934296977660972,0.9004614370468029
2,7,irregular,2,148,225,77,139,9,86,0.9391891891891891,0.6177777777777778,0.6577777777777778,0.7453083109919569
2,7,regular,3,1240,1230,10,1226,14,4,0.9887096774193549,0.9967479674796748,1.008130081300813,0.9927125506072875
2,7,semiregular,3,761,761,0,680,81,81,0.8935611038107752,0.8935611038107752,1.0,0.8935611038107752
2,7,irregular,3,15,225,210,4,11,221,0.26666666666666666,0.017777777777777778,0.06666666666666667,0.03333333333333333
2,8,regular,1,1035,1035,0,1020,15,15,0.9855072463768116,0.9855072463768116,1.0,0.9855072463768116
2,8,semiregular,1,845,827,18,743,102,84,0.8792899408284024,0.898428053204353,1.0217654171704957,0.888755980861244
2,8,irregular,1,17,243,226,1,16,242,0.058823529411764705,0.00411522633744856,0.06995884773662552,0.007692307692307694
2,8,regular,2,1028,1035,7,1013,15,22,0.9854085603112841,0.978743961352657,0.9932367149758454,0.9820649539505575
2,8,semiregular,2,861,827,34,787,74,40,0.9140534262485482,0.9516324062877872,1.041112454655381,0.9324644549763033
2,8,irregular,2,160,243,83,145,15,98,0.90625,0.5967078189300411,0.6584362139917695,0.7196029776674938
2,8,regular,3,1037,1035,2,1029,8,6,0.9922854387656702,0.9942028985507246,1.0019323671497584,0.9932432432432433
2,8,semiregular,3,845,827,18,778,67,49,0.9207100591715977,0.9407496977025392,1.0217654171704957,0.930622009569378
2,8,irregular,3,17,243,226,3,14,240,0.17647058823529413,0.012345679012345678,0.06995884773662552,0.023076923076923078
2,9,regular,1,1071,1107,36,1059,12,48,0.988795518207283,0.9566395663956639,0.967479674796748,0.9724517906336089
2,9,semiregular,1,597,701,104,565,32,136,0.9463986599664992,0.8059914407988588,0.8516405135520685,0.8705701078582435
2,9,irregular,1,14,266,252,2,12,264,0.14285714285714285,0.007518796992481203,0.05263157894736842,0.014285714285714285
2,9,regular,2,1044,1107,63,1032,12,75,0.9885057471264368,0.9322493224932249,0.943089430894309,0.9595536959553695
2,9,semiregular,2,625,701,76,595,30,106,0.952,0.8487874465049928,0.891583452211127,0.8974358974358975
2,9,irregular,2,173,266,93,163,10,103,0.9421965317919075,0.6127819548872181,0.650375939849624,0.7425968109339409
2,9,regular,3,1101,1107,6,1089,12,18,0.989100817438692,0.983739837398374,0.994579945799458,0.9864130434782609
2,9,semiregular,3,689,701,12,655,34,46,0.9506531204644412,0.9343794579172611,0.9828815977175464,0.9424460431654675
2,9,irregular,3,14,266,252,2,12,264,0.14285714285714285,0.007518796992481203,0.05263157894736842,0.014285714285714285
2,10,regular,1,1074,1014,60,1014,60,0,0.9441340782122905,1.0,1.0591715976331362,0.9712643678160919
2,10,semiregular,1,683,656,27,621,62,35,0.9092240117130308,0.9466463414634146,1.041158536585366,0.9275578790141898
2,10,irregular,1,12,247,235,2,10,245,0.16666666666666666,0.008097165991902834,0.048582995951417005,0.015444015444015444
2,10,regular,2,1129,1014,115,1014,115,0,0.8981399468556245,1.0,1.1134122287968442,0.9463369108726084
2,10,semiregular,2,691,656,35,626,65,30,0.9059334298118669,0.9542682926829268,1.0533536585365855,0.9294729027468447
2,10,irregular,2,114,247,133,110,4,137,0.9649122807017544,0.44534412955465585,0.46153846153846156,0.6094182825484765
2,10,regular,3,1069,1014,55,1014,55,0,0.9485500467726847,1.0,1.054240631163708,0.9735957753240517
2,10,semiregular,3,668,656,12,620,48,36,0.9281437125748503,0.9451219512195121,1.0182926829268293,0.9365558912386707
2,10,irregular,3,12,247,235,2,10,245,0.16666666666666666,0.008097165991902834,0.048582995951417005,0.015444015444015444
2,11,regular,1,1065,1070,5,1057,8,13,0.9924882629107982,0.9878504672897196,0.9953271028037384,0.9901639344262295
2,11,semiregular,1,766,700,66,668,98,32,0.8720626631853786,0.9542857142857143,1.0942857142857143,0.9113233287858118
2,11,irregular,1,12,239,227,3,9,236,0.25,0.012552301255230125,0.0502092050209205,0.023904382470119525
2,11,regular,2,1080,1070,10,1068,12,2,0.9888888888888889,0.9981308411214953,1.0093457943925233,0.9934883720930233
2,11,semiregular,2,716,700,16,643,73,57,0.8980446927374302,0.9185714285714286,1.022857142857143,0.9081920903954802
2,11,irregular,2,154,239,85,142,12,97,0.922077922077922,0.5941422594142259,0.6443514644351465,0.7226463104325699
2,11,regular,3,1068,1070,2,1061,7,9,0.9934456928838952,0.991588785046729,0.9981308411214953,0.9925163704396632
2,11,semiregular,3,701,700,1,642,59,58,0.9158345221112696,0.9171428571428571,1.0014285714285713,0.9164882226980728
2,11,irregular,3,12,239,227,2,10,237,0.16666666666666666,0.008368200836820083,0.0502092050209205,0.01593625498007968
2,12,regular,1,1014,1007,7,1004,10,3,0.9901380670611439,0.997020854021847,1.0069513406156902,0.9935675408213754
2,12,semiregular,1,768,641,127,621,147,20,0.80859375,0.968798751950078,1.1981279251170047,0.8814762242725338
2,12,irregular,1,12,204,192,1,11,203,0.08333333333333333,0.004901960784313725,0.058823529411764705,0.009259259259259259
2,12,regular,2,1065,1007,58,1007,58,0,0.9455399061032864,1.0,1.05759682224429,0.9720077220077221
2,12,semiregular,2,684,641,43,592,92,49,0.8654970760233918,0.9235569422776911,1.0670826833073324,0.8935849056603773
2,12,irregular,2,155,204,49,136,19,68,0.8774193548387097,0.6666666666666666,0.7598039215686274,0.7576601671309193
2,12,regular,3,1036,1007,29,1007,29,0,0.972007722007722,1.0,1.028798411122145,0.9858051884483602
2,12,semiregular,3,651,641,10,570,81,71,0.8755760368663594,0.8892355694227769,1.015600624024961,0.8823529411764706
2,12,irregular,3,12,204,192,1,11,203,0.08333333333333333,0.004901960784313725,0.058823529411764705,0.009259259259259259
2,13,regular,1,996,1000,4,988,8,12,0.9919678714859438,0.988,0.996,0.9899799599198397
2,13,semiregular,1,897,815,82,806,91,9,0.8985507246376812,0.9889570552147239,1.1006134969325154,0.9415887850467288
2,13,irregular,1,17,216,199,2,15,214,0.11764705882352941,0.009259259259259259,0.0787037037037037,0.017167381974248924
2,13,regular,2,1042,1000,42,1000,42,0,0.9596928982725528,1.0,1.042,0.9794319294809011
2,13,semiregular,2,851,815,36,787,64,28,0.9247943595769683,0.9656441717791411,1.0441717791411043,0.9447779111644659
2,13,irregular,2,157,216,59,144,13,72,0.9171974522292994,0.6666666666666666,0.7268518518518519,0.7721179624664879
2,13,regular,3,1008,1000,8,1000,8,0,0.9920634920634921,1.0,1.008,0.9960159362549801
2,13,semiregular,3,826,815,11,776,50,39,0.9394673123486683,0.9521472392638037,1.0134969325153373,0.9457647775746497
2,13,irregular,3,17,216,199,2,15,214,0.11764705882352941,0.009259259259259259,0.0787037037037037,0.017167381974248924
2,14,regular,1,1035,1052,17,1027,8,25,0.9922705314009662,0.9762357414448669,0.9838403041825095,0.9841878294202204
2,14,semiregular,1,900,913,13,826,74,87,0.9177777777777778,0.904709748083242,0.9857612267250822,0.9111969111969112
2,14,irregular,1,12,217,205,1,11,216,0.08333333333333333,0.004608294930875576,0.055299539170506916,0.008733624454148473
2,14,regular,2,1014,1052,38,1005,9,47,0.9911242603550295,0.9553231939163498,0.9638783269961977,0.9728944820909972
2,14,semiregular,2,919,913,6,868,51,45,0.9445048966267682,0.9507119386637459,1.0065717415115005,0.9475982532751092
2,14,irregular,2,163,217,54,153,10,64,0.9386503067484663,0.7050691244239631,0.7511520737327189,0.8052631578947369
2,14,regular,3,1053,1052,1,1047,6,5,0.9943019943019943,0.9952471482889734,1.0009505703422052,0.9947743467933492
2,14,semiregular,3,902,913,11,850,52,63,0.9423503325942351,0.9309967141292442,0.9879518072289156,0.9366391184573003
2,14,irregular,3,12,217,205,1,11,216,0.08333333333333333,0.004608294930875576,0.055299539170506916,0.008733624454148473
2,15,regular,1,958,964,6,950,8,14,0.9916492693110647,0.9854771784232366,0.9937759336099585,0.9885535900104058
2,15,semiregular,1,821,774,47,748,73,26,0.9110840438489647,0.9664082687338501,1.0607235142118863,0.9379310344827586
2,15,irregular,1,12,218,206,2,10,216,0.16666666666666666,0.009174311926605505,0.05504587155963303,0.017391304347826087
2,15,regular,2,950,964,14,942,8,22,0.991578947368421,0.9771784232365145,0.9854771784232366,0.9843260188087773
2,15,semiregular,2,789,774,15,736,53,38,0.9328263624841572,0.9509043927648578,1.0193798449612403,0.9417786308381317
2,15,irregular,2,145,218,73,133,12,85,0.9172413793103448,0.6100917431192661,0.6651376146788991,0.7327823691460055
2,15,regular,3,970,964,6,963,7,1,0.9927835051546392,0.9989626556016598,1.0062240663900415,0.9958634953464323
2,15,semiregular,3,761,774,13,714,47,60,0.938239159001314,0.9224806201550387,0.9832041343669251,0.9302931596091205
2,15,irregular,3,12,218,206,3,9,215,0.25,0.013761467889908258,0.05504587155963303,0.02608695652173913
2,16,regular,1,1109,1109,0,1095,14,14,0.9873760144274121,0.9873760144274121,1.0,0.9873760144274121
2,16,semiregular,1,747,681,66,635,112,46,0.8500669344042838,0.9324522760646109,1.0969162995594715,0.8893557422969188
2,16,irregular,1,11,272,261,6,5,266,0.5454545454545454,0.022058823529411766,0.04044117647058824,0.04240282685512367
2,16,regular,2,1133,1109,24,1108,25,1,0.9779346866725508,0.9990982867448152,1.0216411181244365,0.9884032114183765
2,16,semiregular,2,691,681,10,626,65,55,0.9059334298118669,0.9192364170337739,1.014684287812041,0.9125364431486881
2,16,irregular,2,173,272,99,165,8,107,0.953757225433526,0.6066176470588235,0.6360294117647058,0.7415730337078652
2,16,regular,3,1119,1109,10,1107,12,2,0.9892761394101877,0.9981965734896303,1.0090171325518484,0.9937163375224417
2,16,semiregular,3,682,681,1,622,60,59,0.9120234604105572,0.9133627019089574,1.0014684287812041,0.9126925898752751
2,16,irregular,3,11,272,261,4,7,268,0.36363636363636365,0.014705882352941176,0.04044117647058824,0.028268551236749113
2,17,regular,1,1024,1029,5,1016,8,13,0.9921875,0.9873663751214772,0.9951409135082604,0.9897710667316122
2,17,semiregular,1,847,837,10,767,80,70,0.9055489964580874,0.9163679808841099,1.01194743130227,0.9109263657957245
2,17,irregular,1,14,240,226,2,12,238,0.14285714285714285,0.008333333333333333,0.058333333333333334,0.015748031496062992
2,17,regular,2,1060,1029,31,1029,31,0,0.970754716981132,1.0,1.0301263362487851,0.9851603638104355
2,17,semiregular,2,854,837,17,789,65,48,0.9238875878220141,0.942652329749104,1.020310633213859,0.9331756357185098
2,17,irregular,2,159,240,81,148,11,92,0.9308176100628931,0.6166666666666667,0.6625,0.7418546365914788
2,17,regular,3,1041,1029,12,1029,12,0,0.9884726224783862,1.0,1.0116618075801749,0.9942028985507246
2,17,semiregular,3,844,837,7,787,57,50,0.9324644549763034,0.94026284348865,1.008363201911589,0.9363474122546104
2,17,irregular,3,14,240,226,1,13,239,0.07142857142857142,0.004166666666666667,0.058333333333333334,0.007874015748031496
2,18,regular,1,1061,1044,17,1042,19,2,0.9820923656927427,0.9980842911877394,1.0162835249042146,0.9900237529691212
2,18,semiregular,1,818,801,17,756,62,45,0.9242053789731052,0.9438202247191011,1.021223470661673,0.9339098208770846
2,18,irregular,1,11,252,241,2,9,250,0.18181818181818182,0.007936507936507936,0.04365079365079365,0.015209125475285171
2,18,regular,2,1113,1044,69,1043,70,1,0.9371069182389937,0.9990421455938697,1.0660919540229885,0.9670839128419101
2,18,semiregular,2,825,801,24,774,51,27,0.9381818181818182,0.9662921348314607,1.0299625468164795,0.952029520295203
2,18,irregular,2,148,252,104,139,9,113,0.9391891891891891,0.5515873015873016,0.5873015873015873,0.695
2,18,regular,3,1074,1044,30,1044,30,0,0.9720670391061452,1.0,1.028735632183908,0.9858356940509915
2,18,semiregular,3,821,801,20,771,50,30,0.9390986601705238,0.9625468164794008,1.024968789013733,0.9506781750924783
2,18,irregular,3,11,252,241,1,10,251,0.09090909090909091,0.003968253968253968,0.04365079365079365,0.0076045627376425855
2,19,regular,1,1085,1076,9,1073,12,3,0.9889400921658986,0.9972118959107806,1.008364312267658,0.9930587690883851
2,19,semiregular,1,788,753,35,716,72,37,0.9086294416243654,0.950863213811421,1.046480743691899,0.9292667099286177
2,19,irregular,1,10,245,235,0,10,245,-1,-1,0.04081632653061224,-1
2,19,regular,2,1130,1076,54,1075,55,1,0.9513274336283186,0.9990706319702602,1.050185873605948,0.9746146872166819
2,19,semiregular,2,747,753,6,701,46,52,0.9384203480589023,0.9309428950863213,0.9920318725099602,0.9346666666666666
2,19,irregular,2,177,245,68,157,20,88,0.8870056497175142,0.6408163265306123,0.7224489795918367,0.7440758293838863
2,19,regular,3,1091,1076,15,1075,16,1,0.9853345554537122,0.9990706319702602,1.0139405204460967,0.9921550530687586
2,19,semiregular,3,738,753,15,692,46,61,0.9376693766937669,0.9189907038512616,0.9800796812749004,0.9282360831656605
2,19,irregular,3,10,245,235,1,9,244,0.1,0.004081632653061225,0.04081632653061224,0.007843137254901962
2,20,regular,1,1169,1251,82,1157,12,94,0.9897348160821214,0.9248601119104716,0.9344524380495604,0.9561983471074379
2,20,semiregular,1,903,841,62,776,127,65,0.8593576965669989,0.9227110582639715,1.0737217598097504,0.8899082568807339
2,20,irregular,1,11,252,241,2,9,250,0.18181818181818182,0.007936507936507936,0.04365079365079365,0.015209125475285171
2,20,regular,2,1210,1251,41,1196,14,55,0.9884297520661157,0.95603517186251,0.9672262190247801,0.97196261682243
2,20,semiregular,2,821,841,20,732,89,109,0.8915956151035322,0.8703923900118906,0.976218787158145,0.8808664259927798
2,20,irregular,2,176,252,76,162,14,90,0.9204545454545454,0.6428571428571429,0.6984126984126984,0.7570093457943926
2,20,regular,3,1211,1251,40,1197,14,54,0.9884393063583815,0.9568345323741008,0.9680255795363709,0.9723801787164906
2,20,semiregular,3,835,841,6,752,83,89,0.9005988023952096,0.8941736028537456,0.9928656361474435,0.8973747016706444
2,20,irregular,3,11,252,241,2,9,250,0.18181818181818182,0.007936507936507936,0.04365079365079365,0.015209125475285171
2,21,regular,1,935,920,15,920,15,0,0.983957219251337,1.0,1.016304347826087,0.9919137466307278
2,21,semiregular,1,616,549,67,500,116,49,0.8116883116883117,0.9107468123861566,1.122040072859745,0.8583690987124463
2,21,irregular,1,11,204,193,2,9,202,0.18181818181818182,0.00980392156862745,0.05392156862745098,0.018604651162790697
2,21,regular,2,967,920,47,920,47,0,0.9513960703205792,1.0,1.0510869565217391,0.9750927397986222
2,21,semiregular,2,605,549,56,514,91,35,0.8495867768595041,0.936247723132969,1.1020036429872495,0.8908145580589255
2,21,irregular,2,128,204,76,121,7,83,0.9453125,0.5931372549019608,0.6274509803921569,0.7289156626506024
2,21,regular,3,936,920,16,920,16,0,0.9829059829059829,1.0,1.017391304347826,0.9913793103448275
2,21,semiregular,3,608,549,59,515,93,34,0.8470394736842105,0.9380692167577414,1.1074681238615665,0.8902333621434745
2,21,irregular,3,11,204,193,2,9,202,0.18181818181818182,0.00980392156862745,0.05392156862745098,0.018604651162790697
2,22,regular,1,982,946,36,946,36,0,0.9633401221995926,1.0,1.0380549682875264,0.9813278008298755
2,22,semiregular,1,794,703,91,671,123,32,0.845088161209068,0.9544807965860598,1.1294452347083925,0.8964595858383433
2,22,irregular,1,12,247,235,7,5,240,0.5833333333333334,0.02834008097165992,0.048582995951417005,0.05405405405405404
2,22,regular,2,1008,946,62,946,62,0,0.9384920634920635,1.0,1.06553911205074,0.9682702149437052
2,22,semiregular,2,725,703,22,654,71,49,0.9020689655172414,0.930298719772404,1.031294452347084,0.9159663865546219
2,22,irregular,2,135,247,112,125,10,122,0.9259259259259259,0.5060728744939271,0.5465587044534413,0.6544502617801047
2,22,regular,3,980,946,34,946,34,0,0.9653061224489796,1.0,1.0359408033826638,0.9823468328141225
2,22,semiregular,3,722,703,19,653,69,50,0.9044321329639889,0.9288762446657184,1.027027027027027,0.9164912280701755
2,22,irregular,3,12,247,235,8,4,239,0.6666666666666666,0.032388663967611336,0.048582995951417005,0.06177606177606178
2,23,regular,1,1019,999,20,988,31,11,0.9695780176643768,0.988988988988989,1.02002002002002,0.979187314172448
2,23,semiregular,1,908,835,73,783,125,52,0.8623348017621145,0.9377245508982036,1.087425149700599,0.8984509466437177
2,23,irregular,1,20,266,246,2,18,264,0.1,0.007518796992481203,0.07518796992481203,0.013986013986013986
2,23,regular,2,1017,999,18,969,48,30,0.9528023598820059,0.96996996996997,1.018018018018018,0.9613095238095238
2,23,semiregular,2,855,835,20,778,77,57,0.9099415204678363,0.9317365269461078,1.0239520958083832,0.9207100591715977
2,23,irregular,2,169,266,97,157,12,109,0.9289940828402367,0.5902255639097744,0.6353383458646616,0.7218390804597701
2,23,regular,3,1047,999,48,998,49,1,0.9531996179560649,0.998998998998999,1.048048048048048,0.9755620723362658
2,23,semiregular,3,863,835,28,783,80,52,0.9073001158748552,0.9377245508982036,1.0335329341317365,0.9222614840989399
2,23,irregular,3,20,266,246,1,19,265,0.05,0.0037593984962406013,0.07518796992481203,0.006993006993006993
2,24,regular,1,1082,1079,3,1067,15,12,0.9861367837338263,0.9888785912882299,1.0027803521779426,0.9875057843590931
2,24,semiregular,1,690,680,10,622,68,58,0.9014492753623189,0.9147058823529411,1.0147058823529411,0.908029197080292
2,24,irregular,1,15,247,232,4,11,243,0.26666666666666666,0.016194331983805668,0.06072874493927125,0.03053435114503817
2,24,regular,2,1040,1079,39,1025,15,54,0.9855769230769231,0.9499536607970342,0.963855421686747,0.9674374705049552
2,24,semiregular,2,661,680,19,627,34,53,0.9485627836611196,0.9220588235294118,0.9720588235294118,0.9351230425055929
2,24,irregular,2,169,247,78,163,6,84,0.9644970414201184,0.659919028340081,0.6842105263157895,0.783653846153846
2,24,regular,3,1079,1079,0,1069,10,10,0.9907321594068582,0.9907321594068582,1.0,0.9907321594068582
2,24,semiregular,3,681,680,1,641,40,39,0.9412628487518355,0.9426470588235294,1.0014705882352941,0.9419544452608376
2,24,irregular,3,15,247,232,4,11,243,0.26666666666666666,0.016194331983805668,0.06072874493927125,0.03053435114503817
2,25,regular,1,946,946,0,938,8,8,0.9915433403805497,0.9915433403805497,1.0,0.9915433403805497
2,25,semiregular,1,730,718,12,650,80,68,0.8904109589041096,0.9052924791086351,1.0167130919220055,0.8977900552486188
2,25,irregular,1,19,207,188,2,17,205,0.10526315789473684,0.00966183574879227,0.09178743961352658,0.017699115044247787
2,25,regular,2,920,946,26,912,8,34,0.991304347826087,0.9640591966173362,0.9725158562367865,0.977491961414791
2,25,semiregular,2,742,718,24,667,75,51,0.898921832884097,0.9289693593314763,1.033426183844011,0.9136986301369862
2,25,irregular,2,134,207,73,118,16,89,0.8805970149253731,0.5700483091787439,0.6473429951690821,0.6920821114369501
2,25,regular,3,958,946,12,946,12,0,0.9874739039665971,1.0,1.0126849894291754,0.9936974789915966
2,25,semiregular,3,706,718,12,644,62,74,0.9121813031161473,0.8969359331476323,0.9832869080779945,0.9044943820224718
2,25,irregular,3,19,207,188,4,15,203,0.21052631578947367,0.01932367149758454,0.09178743961352658,0.035398230088495575
2,26,regular,1,1043,985,58,985,58,0,0.9443911792905082,1.0,1.0588832487309645,0.9714003944773176
2,26,semiregular,1,801,720,81,694,107,26,0.8664169787765293,0.9638888888888889,1.1125,0.9125575279421433
2,26,irregular,1,13,214,201,2,11,212,0.15384615384615385,0.009345794392523364,0.06074766355140187,0.017621145374449337
2,26,regular,2,1171,985,186,985,186,0,0.8411614005123825,1.0,1.1888324873096447,0.9137291280148423
2,26,semiregular,2,738,720,18,673,65,47,0.9119241192411924,0.9347222222222222,1.025,0.9231824417009603
2,26,irregular,2,112,214,102,100,12,114,0.8928571428571429,0.4672897196261682,0.5233644859813084,0.6134969325153374
2,26,regular,3,1111,985,126,985,126,0,0.8865886588658866,1.0,1.1279187817258882,0.9398854961832062
2,26,semiregular,3,736,720,16,674,62,46,0.9157608695652174,0.9361111111111111,1.0222222222222221,0.9258241758241758
2,26,irregular,3,13,214,201,3,10,211,0.23076923076923078,0.014018691588785047,0.06074766355140187,0.026431718061674006
2,27,regular,1,1153,1166,13,1141,12,25,0.98959236773634,0.9785591766723842,0.9888507718696398,0.9840448469167745
2,27,semiregular,1,716,728,12,633,83,95,0.8840782122905028,0.8695054945054945,0.9835164835164835,0.8767313019390581
2,27,irregular,1,18,270,252,4,14,266,0.2222222222222222,0.014814814814814815,0.06666666666666667,0.02777777777777778
2,27,regular,2,1132,1166,34,1120,12,46,0.9893992932862191,0.9605488850771869,0.9708404802744426,0.9747606614447346
2,27,semiregular,2,739,728,11,674,65,54,0.912043301759134,0.9258241758241759,1.01510989010989,0.9188820722563054
2,27,irregular,2,191,270,79,177,14,93,0.9267015706806283,0.6555555555555556,0.7074074074074074,0.7678958785249458
2,27,regular,3,1170,1166,4,1160,10,6,0.9914529914529915,0.9948542024013722,1.0034305317324186,0.9931506849315068
2,27,semiregular,3,731,728,3,680,51,48,0.9302325581395349,0.9340659340659341,1.004120879120879,0.932145305003427
2,27,irregular,3,18,270,252,2,16,268,0.1111111111111111,0.007407407407407408,0.06666666666666667,0.01388888888888889
2,28,regular,1,1092,1098,6,1073,19,25,0.9826007326007326,0.9772313296903461,0.994535519125683,0.9799086757990868
2,28,semiregular,1,919,859,60,821,98,38,0.8933623503808488,0.9557625145518044,1.069848661233993,0.9235095613048367
2,28,irregular,1,21,293,272,6,15,287,0.2857142857142857,0.020477815699658702,0.07167235494880546,0.038216560509554146
2,28,regular,2,1075,1098,23,1053,22,45,0.9795348837209302,0.9590163934426229,0.9790528233151184,0.9691670501610676
2,28,semiregular,2,847,859,12,787,60,72,0.9291617473435655,0.9161816065192084,0.9860302677532014,0.9226260257913248
2,28,irregular,2,163,293,130,146,17,147,0.8957055214723927,0.49829351535836175,0.5563139931740614,0.6403508771929824
2,28,regular,3,1126,1098,28,1098,28,0,0.9751332149200711,1.0,1.0255009107468125,0.9874100719424461
2,28,semiregular,3,851,859,8,801,50,58,0.9412455934195064,0.9324796274738067,0.9906868451688009,0.9368421052631578
2,28,irregular,3,21,293,272,5,16,288,0.23809523809523808,0.017064846416382253,0.07167235494880546,0.03184713375796179
2,29,regular,1,1131,1140,9,1122,9,18,0.9920424403183024,0.9842105263157894,0.9921052631578947,0.988110964332893
2,29,semiregular,1,961,869,92,834,127,35,0.8678459937565036,0.9597238204833142,1.1058688147295743,0.9114754098360656
2,29,irregular,1,13,247,234,3,10,244,0.23076923076923078,0.012145748987854251,0.05263157894736842,0.023076923076923078
2,29,regular,2,1110,1140,30,1101,9,39,0.9918918918918919,0.9657894736842105,0.9736842105263158,0.9786666666666667
2,29,semiregular,2,955,869,86,846,109,23,0.8858638743455497,0.9735327963176065,1.098964326812428,0.9276315789473685
2,29,irregular,2,176,247,71,163,13,84,0.9261363636363636,0.659919028340081,0.7125506072874493,0.7706855791962176
2,29,regular,3,1137,1140,3,1129,8,11,0.9929639401934917,0.9903508771929824,0.9973684210526316,0.9916556873078612
2,29,semiregular,3,900,869,31,793,107,76,0.8811111111111111,0.9125431530494822,1.0356731875719218,0.8965517241379309
2,29,irregular,3,14,247,233,4,10,243,0.2857142857142857,0.016194331983805668,0.05668016194331984,0.030651340996168584
2,30,regular,1,986,997,11,980,6,17,0.9939148073022313,0.9829488465396189,0.9889669007021064,0.9884014120020171
2,30,semiregular,1,836,810,26,760,76,50,0.9090909090909091,0.9382716049382716,1.0320987654320988,0.9234507897934386
2,30,irregular,1,23,250,227,4,19,246,0.17391304347826086,0.016,0.092,0.029304029304029304
2,30,regular,2,992,997,5,984,8,13,0.9919354838709677,0.9869608826479438,0.9949849548645938,0.9894419306184012
2,30,semiregular,2,825,810,15,766,59,44,0.9284848484848485,0.945679012345679,1.0185185185185186,0.9370030581039754
2,30,irregular,2,153,250,97,140,13,110,0.9150326797385621,0.56,0.612,0.6947890818858562
2,30,regular,3,999,997,2,994,5,3,0.994994994994995,0.9969909729187563,1.0020060180541626,0.9959919839679359
2,30,semiregular,3,826,810,16,774,52,36,0.937046004842615,0.9555555555555556,1.019753086419753,0.9462102689486553
2,30,irregular,3,23,250,227,5,18,245,0.21739130434782608,0.02,0.092,0.03663003663003663
3,1,regular,1,1003,937,66,937,66,0,0.93419740777667,1.0,1.0704375667022412,0.9659793814432991
3,1,semiregular,1,753,703,50,638,115,65,0.8472775564409031,0.9075391180654339,1.0711237553342816,0.8763736263736264
3,1,irregular,1,132,199,67,110,22,89,0.8333333333333334,0.5527638190954773,0.6633165829145728,0.6646525679758307
3,1,regular,2,1015,937,78,936,79,1,0.9221674876847291,0.9989327641408752,1.0832443970117396,0.9590163934426229
3,1,semiregular,2,720,703,17,624,96,79,0.8666666666666667,0.887624466571835,1.0241820768136558,0.8770203794799719
3,1,irregular,2,179,199,20,158,21,41,0.88268156424581,0.7939698492462312,0.8994974874371859,0.8359788359788359
3,1,regular,3,976,937,39,936,40,1,0.9590163934426229,0.9989327641408752,1.0416221985058698,0.9785676947203346
3,1,semiregular,3,719,703,16,635,84,68,0.8831710709318498,0.903271692745377,1.0227596017069702,0.8931082981715893
3,1,irregular,3,8,199,191,1,7,198,0.125,0.005025125628140704,0.04020100502512563,0.009661835748792272
3,2,regular,1,1233,1224,9,1213,20,11,0.9837793998377939,0.9910130718954249,1.0073529411764706,0.9873829873829874
3,2,semiregular,1,598,647,49,563,35,84,0.9414715719063546,0.8701700154559505,0.9242658423493045,0.9044176706827309
3,2,irregular,1,100,217,117,82,18,135,0.82,0.3778801843317972,0.4608294930875576,0.5173501577287066
3,2,regular,2,1243,1224,19,1219,24,5,0.9806918744971842,0.9959150326797386,1.0155228758169934,0.9882448317794893
3,2,semiregular,2,610,647,37,587,23,60,0.9622950819672131,0.9072642967542504,0.9428129829984544,0.933969769291965
3,2,irregular,2,194,217,23,182,12,35,0.9381443298969072,0.8387096774193549,0.8940092165898618,0.8856447688564477
3,2,regular,3,1226,1224,2,1217,9,7,0.9926590538336052,0.994281045751634,1.0016339869281046,0.993469387755102
3,2,semiregular,3,644,647,3,610,34,37,0.9472049689440993,0.9428129829984544,0.9953632148377125,0.9450038729666924
3,2,irregular,3,10,217,207,0,10,217,-1,-1,0.04608294930875576,-1
3,3,regular,1,1042,1053,11,1034,8,19,0.9923224568138196,0.9819563152896487,0.9895536562203229,0.9871121718377088
3,3,semiregular,1,703,716,13,642,61,74,0.9132290184921764,0.8966480446927374,0.9818435754189944,0.9048625792811839
3,3,irregular,1,161,224,63,126,35,98,0.782608695652174,0.5625,0.71875,0.6545454545454547
3,3,regular,2,1048,1053,5,1040,8,13,0.9923664122137404,0.9876543209876543,0.9952516619183286,0.9900047596382674
3,3,semiregular,2,701,716,15,645,56,71,0.920114122681883,0.9008379888268156,0.979050279329609,0.9103740296400846
3,3,irregular,2,188,224,36,176,12,48,0.9361702127659575,0.7857142857142857,0.8392857142857143,0.854368932038835
3,3,regular,3,1047,1053,6,1043,4,10,0.9961795606494747,0.9905033238366572,0.9943019943019943,0.9933333333333333
3,3,semiregular,3,713,716,3,660,53,56,0.9256661991584852,0.9217877094972067,0.9958100558659218,0.9237228831350596
3,3,irregular,3,10,224,214,0,10,224,-1,-1,0.044642857142857144,-1
3,4,regular,1,1129,1101,28,1101,28,0,0.975199291408326,1.0,1.025431425976385,0.9874439461883409
3,4,semiregular,1,654,614,40,542,112,72,0.8287461773700305,0.8827361563517915,1.0651465798045603,0.8548895899053627
3,4,irregular,1,69,228,159,48,21,180,0.6956521739130435,0.21052631578947367,0.3026315789473684,0.32323232323232326
3,4,regular,2,1132,1101,31,1101,31,0,0.9726148409893993,1.0,1.0281562216167122,0.9861173309449172
3,4,semiregular,2,607,614,7,546,61,68,0.899505766062603,0.8892508143322475,0.988599348534202,0.8943488943488943
3,4,irregular,2,196,228,32,178,18,50,0.9081632653061225,0.7807017543859649,0.8596491228070176,0.8396226415094339
3,4,regular,3,1107,1101,6,1100,7,1,0.993676603432701,0.9990917347865577,1.005449591280654,0.9963768115942029
3,4,semiregular,3,601,614,13,549,52,65,0.913477537437604,0.8941368078175895,0.9788273615635179,0.9037037037037037
3,4,irregular,3,11,228,217,2,9,226,0.18181818181818182,0.008771929824561403,0.04824561403508772,0.016736401673640166
3,5,regular,1,1047,1044,3,1038,9,6,0.9914040114613181,0.9942528735632183,1.0028735632183907,0.9928263988522238
3,5,semiregular,1,755,668,87,646,109,22,0.8556291390728477,0.9670658682634731,1.1302395209580838,0.9079409697821503
3,5,irregular,1,85,217,132,67,18,150,0.788235294117647,0.3087557603686636,0.391705069124424,0.44370860927152317
3,5,regular,2,1055,1044,11,1044,11,0,0.9895734597156398,1.0,1.010536398467433,0.9947594092424964
3,5,semiregular,2,699,668,31,627,72,41,0.8969957081545065,0.938622754491018,1.0464071856287425,0.9173372348207754
3,5,irregular,2,195,217,22,177,18,40,0.9076923076923077,0.815668202764977,0.8986175115207373,0.8592233009708737
3,5,regular,3,1050,1044,6,1043,7,1,0.9933333333333333,0.9990421455938697,1.0057471264367817,0.9961795606494747
3,5,semiregular,3,686,668,18,618,68,50,0.9008746355685131,0.9251497005988024,1.026946107784431,0.9128508124076808
3,5,irregular,3,12,217,205,1,11,216,0.08333333333333333,0.004608294930875576,0.055299539170506916,0.008733624454148473
3,6,regular,1,962,915,47,915,47,0,0.9511434511434511,1.0,1.0513661202185793,0.9749600426212041
3,6,semiregular,1,706,701,5,644,62,57,0.9121813031161473,0.9186875891583453,1.007132667617689,0.9154228855721392
3,6,irregular,1,67,195,128,37,30,158,0.5522388059701493,0.18974358974358974,0.3435897435897436,0.2824427480916031
3,6,regular,2,980,915,65,915,65,0,0.9336734693877551,1.0,1.0710382513661203,0.9656992084432717
3,6,semiregular,2,704,701,3,652,52,49,0.9261363636363636,0.9300998573466477,1.0042796005706134,0.9281138790035588
3,6,irregular,2,151,195,44,113,38,82,0.7483443708609272,0.5794871794871795,0.7743589743589744,0.653179190751445
3,6,regular,3,938,915,23,914,24,1,0.9744136460554371,0.9989071038251366,1.025136612021858,0.9865083648138154
3,6,semiregular,3,695,701,6,648,47,53,0.9323741007194245,0.9243937232524965,0.9914407988587732,0.9283667621776505
3,6,irregular,3,11,195,184,2,9,193,0.18181818181818182,0.010256410256410256,0.05641025641025641,0.01941747572815534
3,7,regular,1,1256,1230,26,1222,34,8,0.9729299363057324,0.9934959349593496,1.021138211382114,0.9831053901850363
3,7,semiregular,1,724,761,37,640,84,121,0.8839779005524862,0.8409986859395532,0.9513797634691196,0.8619528619528619
3,7,irregular,1,10,225,215,4,6,221,0.4,0.017777777777777778,0.044444444444444446,0.03404255319148936
3,7,regular,2,1256,1230,26,1228,28,2,0.9777070063694268,0.9983739837398374,1.021138211382114,0.9879324215607401
3,7,semiregular,2,728,761,33,656,72,105,0.9010989010989011,0.8620236530880421,0.9566360052562418,0.8811282740094023
3,7,irregular,2,167,225,58,158,9,67,0.9461077844311377,0.7022222222222222,0.7422222222222222,0.8061224489795917
3,7,regular,3,1237,1230,7,1224,13,6,0.9894907033144705,0.9951219512195122,1.005691056910569,0.992298338062424
3,7,semiregular,3,757,761,4,683,74,78,0.9022457067371202,0.897503285151117,0.9947437582128777,0.8998682476943346
3,7,irregular,3,14,225,211,0,14,225,-1,-1,0.06222222222222222,-1
3,8,regular,1,1050,1035,15,1030,20,5,0.9809523809523809,0.9951690821256038,1.0144927536231885,0.988009592326139
3,8,semiregular,1,840,827,13,754,86,73,0.8976190476190476,0.9117291414752116,1.0157194679564692,0.9046190761847629
3,8,irregular,1,122,243,121,102,20,141,0.8360655737704918,0.41975308641975306,0.5020576131687243,0.5589041095890411
3,8,regular,2,1043,1035,8,1029,14,6,0.9865771812080537,0.9942028985507246,1.007729468599034,0.9903753609239654
3,8,semiregular,2,801,827,26,741,60,86,0.9250936329588015,0.8960096735187424,0.9685610640870617,0.9103194103194103
3,8,irregular,2,199,243,44,179,20,64,0.8994974874371859,0.7366255144032922,0.8189300411522634,0.8099547511312218
3,8,regular,3,1040,1035,5,1030,10,5,0.9903846153846154,0.9951690821256038,1.0048309178743962,0.9927710843373494
3,8,semiregular,3,827,827,0,764,63,63,0.9238210399032648,0.9238210399032648,1.0,0.9238210399032648
3,8,irregular,3,17,243,226,0,17,243,-1,-1,0.06995884773662552,-1
3,9,regular,1,1112,1107,5,1099,13,8,0.9883093525179856,0.992773261065944,1.004516711833785,0.9905362776025236
3,9,semiregular,1,651,701,50,613,38,88,0.9416282642089093,0.8744650499286734,0.9286733238231099,0.9068047337278107
3,9,irregular,1,108,266,158,93,15,173,0.8611111111111112,0.34962406015037595,0.40601503759398494,0.4973262032085562
3,9,regular,2,1109,1107,2,1099,10,8,0.9909828674481514,0.992773261065944,1.001806684733514,0.9918772563176895
3,9,semiregular,2,603,701,98,576,27,125,0.9552238805970149,0.8216833095577746,0.8601997146932953,0.8834355828220859
3,9,irregular,2,216,266,50,203,13,63,0.9398148148148148,0.7631578947368421,0.8120300751879699,0.8423236514522822
3,9,regular,3,1094,1107,13,1091,3,16,0.9972577696526508,0.985546522131888,0.988256549232159,0.991367560199909
3,9,semiregular,3,683,701,18,655,28,46,0.95900439238653,0.9343794579172611,0.9743223965763196,0.9465317919075145
3,9,irregular,3,13,266,253,5,8,261,0.38461538461538464,0.018796992481203006,0.04887218045112782,0.035842293906810034
3,10,regular,1,1087,1014,73,1014,73,0,0.9328426862925483,1.0,1.071992110453649,0.9652546406473108
3,10,semiregular,1,666,656,10,609,57,47,0.9144144144144144,0.9283536585365854,1.0152439024390243,0.9213313161875945
3,10,irregular,1,136,247,111,119,17,128,0.875,0.4817813765182186,0.5506072874493927,0.6214099216710183
3,10,regular,2,1084,1014,70,1013,71,1,0.9345018450184502,0.9990138067061144,1.069033530571992,0.9656816015252622
3,10,semiregular,2,639,656,17,596,43,60,0.9327073552425665,0.9085365853658537,0.9740853658536586,0.9204633204633205
3,10,irregular,2,205,247,42,189,16,58,0.9219512195121952,0.7651821862348178,0.8299595141700404,0.8362831858407079
3,10,regular,3,1053,1014,39,1013,40,1,0.9620132953466287,0.9990138067061144,1.0384615384615385,0.9801644895984518
3,10,semiregular,3,646,656,10,601,45,55,0.9303405572755418,0.9161585365853658,0.9847560975609756,0.923195084485407
3,10,irregular,3,12,247,235,4,8,243,0.3333333333333333,0.016194331983805668,0.048582995951417005,0.03088803088803089
3,11,regular,1,1083,1070,13,1070,13,0,0.9879963065558633,1.0,1.0121495327102803,0.9939619136089178
3,11,semiregular,1,747,700,47,650,97,50,0.8701472556894244,0.9285714285714286,1.0671428571428572,0.8984105044920526
3,11,irregular,1,136,239,103,116,20,123,0.8529411764705882,0.48535564853556484,0.5690376569037657,0.6186666666666667
3,11,regular,2,1085,1070,15,1069,16,1,0.9852534562211982,0.9990654205607477,1.014018691588785,0.9921113689095128
3,11,semiregular,2,692,700,8,629,63,71,0.9089595375722543,0.8985714285714286,0.9885714285714285,0.9037356321839081
3,11,irregular,2,195,239,44,177,18,62,0.9076923076923077,0.7405857740585774,0.8158995815899581,0.815668202764977
3,11,regular,3,1079,1070,9,1068,11,2,0.989805375347544,0.9981308411214953,1.0084112149532711,0.9939506747324336
3,11,semiregular,3,683,700,17,631,52,69,0.9238653001464129,0.9014285714285715,0.9757142857142858,0.9125090383224873
3,11,irregular,3,11,239,228,2,9,237,0.18181818181818182,0.008368200836820083,0.04602510460251046,0.015999999999999997
3,12,regular,1,1031,1007,24,1007,24,0,0.976721629485936,1.0,1.0238331678252235,0.9882237487733072
3,12,semiregular,1,718,641,77,603,115,38,0.8398328690807799,0.9407176287051482,1.1201248049921997,0.8874172185430463
3,12,irregular,1,165,204,39,123,42,81,0.7454545454545455,0.6029411764705882,0.8088235294117647,0.6666666666666666
3,12,regular,2,1049,1007,42,1007,42,0,0.9599618684461392,1.0,1.041708043694141,0.9795719844357976
3,12,semiregular,2,656,641,15,577,79,64,0.8795731707317073,0.9001560062402496,1.0234009360374414,0.889745566692367
3,12,irregular,2,202,204,2,174,28,30,0.8613861386138614,0.8529411764705882,0.9901960784313726,0.8571428571428572
3,12,regular,3,1030,1007,23,1007,23,0,0.9776699029126213,1.0,1.0228401191658392,0.9887088856161022
3,12,semiregular,3,638,641,3,566,72,75,0.8871473354231975,0.8829953198127926,0.9953198127925117,0.8850664581704457
3,12,irregular,3,12,204,192,1,11,203,0.08333333333333333,0.004901960784313725,0.058823529411764705,0.009259259259259259
3,13,regular,1,1008,1000,8,996,12,4,0.9880952380952381,0.996,1.008,0.9920318725099602
3,13,semiregular,1,877,815,62,792,85,23,0.9030786773090079,0.9717791411042945,1.0760736196319018,0.9361702127659575
3,13,irregular,1,179,216,37,120,59,96,0.6703910614525139,0.5555555555555556,0.8287037037037037,0.6075949367088608
3,13,regular,2,1020,1000,20,1000,20,0,0.9803921568627451,1.0,1.02,0.99009900990099
3,13,semiregular,2,806,815,9,750,56,65,0.9305210918114144,0.9202453987730062,0.9889570552147239,0.9253547193090684
3,13,irregular,2,209,216,7,187,22,29,0.8947368421052632,0.8657407407407407,0.9675925925925926,0.88
3,13,regular,3,996,1000,4,992,4,8,0.9959839357429718,0.992,0.996,0.9939879759519038
3,13,semiregular,3,823,815,8,774,49,41,0.9404617253948967,0.9496932515337423,1.0098159509202453,0.945054945054945
3,13,irregular,3,17,216,199,3,14,213,0.17647058823529413,0.013888888888888888,0.0787037037037037,0.025751072961373387
3,14,regular,1,1031,1052,21,1022,9,30,0.991270611057226,0.9714828897338403,0.9800380228136882,0.9812770043206914
3,14,semiregular,1,875,913,38,811,64,102,0.9268571428571428,0.8882803943044907,0.9583789704271632,0.9071588366890381
3,14,irregular,1,95,217,122,80,15,137,0.8421052631578947,0.3686635944700461,0.4377880184331797,0.5128205128205129
3,14,regular,2,1060,1052,8,1050,10,2,0.9905660377358491,0.9980988593155894,1.0076045627376427,0.9943181818181819
3,14,semiregular,2,868,913,45,816,52,97,0.9400921658986175,0.8937568455640745,0.9507119386637459,0.9163391353172377
3,14,irregular,2,207,217,10,191,16,26,0.9227053140096618,0.880184331797235,0.9539170506912442,0.9009433962264151
3,14,regular,3,1053,1052,1,1050,3,2,0.9971509971509972,0.9980988593155894,1.0009505703422052,0.997624703087886
3,14,semiregular,3,871,913,42,830,41,83,0.9529276693455798,0.9090909090909091,0.9539978094194962,0.9304932735426009
3,14,irregular,3,12,217,205,0,12,217,-1,-1,0.055299539170506916,-1
3,15,regular,1,974,964,10,963,11,1,0.9887063655030801,0.9989626556016598,1.0103734439834025,0.9938080495356038
3,15,semiregular,1,827,774,53,732,95,42,0.8851269649334945,0.9457364341085271,1.0684754521963824,0.9144284821986258
3,15,irregular,1,181,218,37,149,32,69,0.8232044198895028,0.6834862385321101,0.8302752293577982,0.7468671679197995
3,15,regular,2,958,964,6,949,9,15,0.9906054279749478,0.9844398340248963,0.9937759336099585,0.9875130072840791
3,15,semiregular,2,748,774,26,699,49,75,0.9344919786096256,0.9031007751937985,0.9664082687338501,0.9185282522996058
3,15,irregular,2,190,218,28,175,15,43,0.9210526315789473,0.8027522935779816,0.8715596330275229,0.8578431372549019
3,15,regular,3,969,964,5,964,5,0,0.9948400412796697,1.0,1.0051867219917012,0.9974133471288152
3,15,semiregular,3,736,774,38,695,41,79,0.9442934782608695,0.8979328165374677,0.9509043927648578,0.9205298013245033
3,15,irregular,3,12,218,206,1,11,217,0.08333333333333333,0.0045871559633027525,0.05504587155963303,0.008695652173913044
3,16,regular,1,1147,1109,38,1109,38,0,0.966870095902354,1.0,1.0342651036970243,0.9831560283687943
3,16,semiregular,1,408,681,273,346,62,335,0.8480392156862745,0.5080763582966226,0.5991189427312775,0.6354453627180899
3,16,irregular,1,21,272,251,15,6,257,0.7142857142857143,0.05514705882352941,0.07720588235294118,0.10238907849829351
3,16,regular,2,1165,1109,56,1109,56,0,0.951931330472103,1.0,1.0504959422903517,0.9753737906772207
3,16,semiregular,2,651,681,30,595,56,86,0.9139784946236559,0.8737151248164464,0.9559471365638766,0.8933933933933934
3,16,irregular,2,216,272,56,197,19,75,0.9120370370370371,0.7242647058823529,0.7941176470588235,0.8073770491803279
3,16,regular,3,1108,1109,1,1101,7,8,0.9936823104693141,0.9927862939585211,0.9990982867448152,0.993234100135318
3,16,semiregular,3,635,681,46,581,54,100,0.9149606299212598,0.8531571218795888,0.9324522760646109,0.8829787234042553
3,16,irregular,3,11,272,261,8,3,264,0.7272727272727273,0.029411764705882353,0.04044117647058824,0.056537102473498226
3,17,regular,1,1053,1029,24,1029,24,0,0.9772079772079773,1.0,1.0233236151603498,0.9884726224783863
3,17,semiregular,1,659,837,178,606,53,231,0.9195751138088012,0.7240143369175627,0.7873357228195937,0.8101604278074865
3,17,irregular,1,83,240,157,75,8,165,0.9036144578313253,0.3125,0.3458333333333333,0.46439628482972134
3,17,regular,2,1089,1029,60,1029,60,0,0.9449035812672176,1.0,1.0583090379008746,0.9716713881019831
3,17,semiregular,2,844,837,7,780,64,57,0.9241706161137441,0.931899641577061,1.008363201911589,0.9280190362879238
3,17,irregular,2,200,240,40,177,23,63,0.885,0.7375,0.8333333333333334,0.8045454545454547
3,17,regular,3,1057,1029,28,1029,28,0,0.9735099337748344,1.0,1.0272108843537415,0.9865771812080537
3,17,semiregular,3,856,837,19,794,62,43,0.927570093457944,0.948626045400239,1.022700119474313,0.9379799173065564
3,17,irregular,3,14,240,226,0,14,240,-1,-1,0.058333333333333334,-1
3,18,regular,1,1066,1044,22,1043,23,1,0.9784240150093808,0.9990421455938697,1.0210727969348659,0.9886255924170616
3,18,semiregular,1,721,801,80,675,46,126,0.9361997226074896,0.8426966292134831,0.9001248439450686,0.8869908015768725
3,18,irregular,1,87,252,165,76,11,176,0.8735632183908046,0.30158730158730157,0.34523809523809523,0.44837758112094395
3,18,regular,2,1096,1044,52,1044,52,0,0.9525547445255474,1.0,1.049808429118774,0.9757009345794392
3,18,semiregular,2,801,801,0,757,44,44,0.9450686641697877,0.9450686641697877,1.0,0.9450686641697877
3,18,irregular,2,215,252,37,200,15,52,0.9302325581395349,0.7936507936507936,0.8531746031746031,0.8565310492505354
3,18,regular,3,1077,1044,33,1044,33,0,0.9693593314763231,1.0,1.0316091954022988,0.9844413012729845
3,18,semiregular,3,841,801,40,768,73,33,0.9131985731272295,0.9588014981273408,1.0499375780274656,0.9354445797807552
3,18,irregular,3,11,252,241,2,9,250,0.18181818181818182,0.007936507936507936,0.04365079365079365,0.015209125475285171
3,19,regular,1,1099,1076,23,1073,26,3,0.9763421292083713,0.9972118959107806,1.021375464684015,0.9866666666666667
3,19,semiregular,1,749,753,4,690,59,63,0.9212283044058746,0.9163346613545816,0.9946879150066401,0.918774966711052
3,19,irregular,1,126,245,119,103,23,142,0.8174603174603174,0.4204081632653061,0.5142857142857142,0.555256064690027
3,19,regular,2,1097,1076,21,1075,22,1,0.9799453053783045,0.9990706319702602,1.0195167286245352,0.9894155545329039
3,19,semiregular,2,714,753,39,674,40,79,0.9439775910364145,0.8950863213811421,0.9482071713147411,0.9188820722563054
3,19,irregular,2,225,245,20,195,30,50,0.8666666666666667,0.7959183673469388,0.9183673469387755,0.8297872340425533
3,19,regular,3,1095,1076,19,1074,21,2,0.9808219178082191,0.9981412639405205,1.0176579925650557,0.9894058037770613
3,19,semiregular,3,715,753,38,677,38,76,0.9468531468531468,0.899070385126162,0.949535192563081,0.9223433242506811
3,19,irregular,3,10,245,235,1,9,244,0.1,0.004081632653061225,0.04081632653061224,0.007843137254901962
3,20,regular,1,1208,1251,43,1196,12,55,0.9900662251655629,0.95603517186251,0.9656274980015987,0.972753151687678
3,20,semiregular,1,882,841,41,774,108,67,0.8775510204081632,0.920332936979786,1.0487514863258025,0.8984329657573998
3,20,irregular,1,123,252,129,110,13,142,0.8943089430894309,0.4365079365079365,0.4880952380952381,0.5866666666666667
3,20,regular,2,1232,1251,19,1219,13,32,0.989448051948052,0.9744204636290967,0.9848121502797762,0.981876761981474
3,20,semiregular,2,825,841,16,737,88,104,0.8933333333333333,0.8763376932223543,0.9809750297265161,0.8847539015606242
3,20,irregular,2,221,252,31,199,22,53,0.9004524886877828,0.7896825396825397,0.876984126984127,0.8414376321353066
3,20,regular,3,1187,1251,64,1182,5,69,0.995787700084246,0.9448441247002398,0.9488409272581935,0.9696472518457752
3,20,semiregular,3,812,841,29,732,80,109,0.9014778325123153,0.8703923900118906,0.9655172413793104,0.8856624319419237
3,20,irregular,3,11,252,241,0,11,252,-1,-1,0.04365079365079365,-1
3,21,regular,1,945,920,25,920,25,0,0.9735449735449735,1.0,1.0271739130434783,0.9865951742627346
3,21,semiregular,1,630,549,81,506,124,43,0.8031746031746032,0.9216757741347905,1.1475409836065573,0.8583545377438507
3,21,irregular,1,163,204,41,133,30,71,0.8159509202453987,0.6519607843137255,0.7990196078431373,0.7247956403269755
3,21,regular,2,954,920,34,920,34,0,0.9643605870020965,1.0,1.0369565217391303,0.9818569903948774
3,21,semiregular,2,573,549,24,484,89,65,0.8446771378708552,0.8816029143897997,1.0437158469945356,0.8627450980392156
3,21,irregular,2,190,204,14,174,16,30,0.9157894736842105,0.8529411764705882,0.9313725490196079,0.8832487309644671
3,21,regular,3,934,920,14,920,14,0,0.9850107066381156,1.0,1.0152173913043478,0.9924487594390508
3,21,semiregular,3,587,549,38,508,79,41,0.8654173764906303,0.9253187613843351,1.0692167577413478,0.8943661971830986
3,21,irregular,3,11,204,193,4,7,200,0.36363636363636365,0.0196078431372549,0.05392156862745098,0.037209302325581395
3,22,regular,1,988,946,42,946,42,0,0.9574898785425101,1.0,1.0443974630021142,0.9782833505687694
3,22,semiregular,1,762,703,59,662,100,41,0.868766404199475,0.9416785206258891,1.0839260312944523,0.903754266211604
3,22,irregular,1,91,247,156,73,18,174,0.8021978021978022,0.29554655870445345,0.3684210526315789,0.43195266272189353
3,22,regular,2,983,946,37,946,37,0,0.9623601220752798,1.0,1.0391120507399578,0.9808190772420944
3,22,semiregular,2,692,703,11,627,65,76,0.9060693641618497,0.8918918918918919,0.984352773826458,0.8989247311827956
3,22,irregular,2,178,247,69,162,16,85,0.9101123595505618,0.6558704453441295,0.7206477732793523,0.7623529411764706
3,22,regular,3,979,946,33,946,33,0,0.9662921348314607,1.0,1.0348837209302326,0.9828571428571428
3,22,semiregular,3,695,703,8,632,63,71,0.9093525179856116,0.89900426742532,0.9886201991465149,0.9041487839771102
3,22,irregular,3,11,247,236,5,6,242,0.45454545454545453,0.020242914979757085,0.044534412955465584,0.03875968992248062
3,23,regular,1,1059,999,60,999,60,0,0.943342776203966,1.0,1.06006006006006,0.9708454810495627
3,23,semiregular,1,860,835,25,740,120,95,0.8604651162790697,0.8862275449101796,1.029940119760479,0.8731563421828908
3,23,irregular,1,10,266,256,1,9,265,0.1,0.0037593984962406013,0.03759398496240601,0.007246376811594203
3,23,regular,2,1038,999,39,998,40,1,0.9614643545279383,0.998998998998999,1.039039039039039,0.9798723613156604
3,23,semiregular,2,852,835,17,777,75,58,0.9119718309859155,0.9305389221556887,1.0203592814371258,0.9211618257261412
3,23,irregular,2,211,266,55,198,13,68,0.9383886255924171,0.7443609022556391,0.793233082706767,0.8301886792452831
3,23,regular,3,1028,999,29,998,30,1,0.9708171206225681,0.998998998998999,1.029029029029029,0.9847064627528367
3,23,semiregular,3,841,835,6,771,70,64,0.9167657550535078,0.9233532934131736,1.007185628742515,0.9200477326968974
3,23,irregular,3,20,266,246,3,17,263,0.15,0.011278195488721804,0.07518796992481203,0.020979020979020976
3,24,regular,1,1089,1079,10,1072,17,7,0.9843893480257117,0.9935125115848007,1.009267840593142,0.9889298892988929
3,24,semiregular,1,662,680,18,601,61,79,0.9078549848942599,0.8838235294117647,0.9735294117647059,0.8956780923994039
3,24,irregular,1,133,247,114,119,14,128,0.8947368421052632,0.4817813765182186,0.5384615384615384,0.6263157894736842
3,24,regular,2,1100,1079,21,1079,21,0,0.980909090909091,1.0,1.0194624652455977,0.9903625516291877
3,24,semiregular,2,631,680,49,597,34,83,0.9461172741679873,0.8779411764705882,0.9279411764705883,0.9107551487414187
3,24,irregular,2,217,247,30,201,16,46,0.9262672811059908,0.8137651821862348,0.8785425101214575,0.8663793103448275
3,24,regular,3,1079,1079,0,1073,6,6,0.9944392956441149,0.9944392956441149,1.0,0.9944392956441149
3,24,semiregular,3,675,680,5,641,34,39,0.9496296296296296,0.9426470588235294,0.9926470588235294,0.9461254612546126
3,24,irregular,3,14,247,233,1,13,246,0.07142857142857142,0.004048582995951417,0.05668016194331984,0.007662835249042146
3,25,regular,1,953,946,7,944,9,2,0.9905561385099685,0.9978858350951374,1.007399577167019,0.9942074776198
3,25,semiregular,1,714,718,4,637,77,81,0.8921568627450981,0.8871866295264624,0.9944289693593314,0.8896648044692738
3,25,irregular,1,151,207,56,104,47,103,0.6887417218543046,0.5024154589371981,0.7294685990338164,0.5810055865921787
3,25,regular,2,960,946,14,946,14,0,0.9854166666666667,1.0,1.014799154334038,0.9926547743966423
3,25,semiregular,2,705,718,13,643,62,75,0.9120567375886525,0.8955431754874652,0.9818941504178273,0.9037245256500351
3,25,irregular,2,158,207,49,136,22,71,0.8607594936708861,0.6570048309178744,0.7632850241545893,0.745205479452055
3,25,regular,3,937,946,9,934,3,12,0.9967982924226254,0.9873150105708245,0.9904862579281184,0.9920339883165162
3,25,semiregular,3,690,718,28,633,57,85,0.9173913043478261,0.8816155988857939,0.9610027855153204,0.8991477272727273
3,25,irregular,3,19,207,188,1,18,206,0.05263157894736842,0.004830917874396135,0.09178743961352658,0.008849557522123894
3,26,regular,1,1041,985,56,985,56,0,0.9462055715658021,1.0,1.0568527918781725,0.9723593287265547
3,26,semiregular,1,779,720,59,679,100,41,0.8716302952503209,0.9430555555555555,1.0819444444444444,0.9059372915276851
3,26,irregular,1,211,214,3,152,59,62,0.7203791469194313,0.7102803738317757,0.985981308411215,0.7152941176470589
3,26,regular,2,1042,985,57,985,57,0,0.9452975047984645,1.0,1.0578680203045685,0.9718796250616676
3,26,semiregular,2,709,720,11,643,66,77,0.9069111424541608,0.8930555555555556,0.9847222222222223,0.899930020993702
3,26,irregular,2,177,214,37,146,31,68,0.8248587570621468,0.6822429906542056,0.8271028037383178,0.7468030690537083
3,26,regular,3,1015,985,30,978,37,7,0.9635467980295567,0.9928934010152284,1.0304568527918783,0.978
3,26,semiregular,3,725,720,5,661,64,59,0.9117241379310345,0.9180555555555555,1.0069444444444444,0.9148788927335639
3,26,irregular,3,13,214,201,0,13,214,-1,-1,0.06074766355140187,-1
3,27,regular,1,1177,1166,11,1163,14,3,0.9881053525913339,0.9974271012006861,1.009433962264151,0.992744344857021
3,27,semiregular,1,696,728,32,610,86,118,0.8764367816091954,0.8379120879120879,0.9560439560439561,0.8567415730337079
3,27,irregular,1,54,270,216,42,12,228,0.7777777777777778,0.15555555555555556,0.2,0.25925925925925924
3,27,regular,2,1178,1166,12,1164,14,2,0.9881154499151104,0.9982847341337907,1.0102915951972555,0.993174061433447
3,27,semiregular,2,698,728,30,646,52,82,0.9255014326647565,0.8873626373626373,0.9587912087912088,0.9060308555399719
3,27,irregular,2,231,270,39,211,20,59,0.9134199134199135,0.7814814814814814,0.8555555555555555,0.8423153692614771
3,27,regular,3,1170,1166,4,1165,5,1,0.9957264957264957,0.9991423670668954,1.0034305317324186,0.997431506849315
3,27,semiregular,3,698,728,30,656,42,72,0.9398280802292264,0.9010989010989011,0.9587912087912088,0.9200561009817673
3,27,irregular,3,18,270,252,4,14,266,0.2222222222222222,0.014814814814814815,0.06666666666666667,0.02777777777777778
3,28,regular,1,1113,1098,15,1091,22,7,0.9802336028751123,0.9936247723132969,1.0136612021857923,0.9868837630031662
3,28,semiregular,1,895,859,36,810,85,49,0.9050279329608939,0.9429569266589057,1.0419091967403957,0.9236031927023945
3,28,irregular,1,96,293,197,71,25,222,0.7395833333333334,0.24232081911262798,0.32764505119453924,0.3650385604113111
3,28,regular,2,1127,1098,29,1096,31,2,0.9724933451641526,0.9981785063752276,1.0264116575591986,0.9851685393258427
3,28,semiregular,2,821,859,38,767,54,92,0.9342265529841657,0.8928987194412107,0.9557625145518044,0.9130952380952382
3,28,irregular,2,211,293,82,183,28,110,0.8672985781990521,0.6245733788395904,0.7201365187713311,0.7261904761904762
3,28,regular,3,1105,1098,7,1097,8,1,0.9927601809954751,0.9990892531876139,1.006375227686703,0.9959146618247845
3,28,semiregular,3,843,859,16,803,40,56,0.9525504151838672,0.9348079161816065,0.9813736903376019,0.9435957696827263
3,28,irregular,3,21,293,272,7,14,286,0.3333333333333333,0.023890784982935155,0.07167235494880546,0.044585987261146494
3,29,regular,1,1148,1140,8,1138,10,2,0.9912891986062717,0.9982456140350877,1.0070175438596491,0.9947552447552447
3,29,semiregular,1,939,869,70,821,118,48,0.8743343982960596,0.9447640966628308,1.0805523590333717,0.9081858407079646
3,29,irregular,1,163,247,84,134,29,113,0.8220858895705522,0.5425101214574899,0.659919028340081,0.6536585365853659
3,29,regular,2,1159,1140,19,1140,19,0,0.9836065573770492,1.0,1.0166666666666666,0.9917355371900827
3,29,semiregular,2,917,869,48,814,103,55,0.8876772082878953,0.9367088607594937,1.0552359033371692,0.9115341545352744
3,29,irregular,2,220,247,27,201,19,46,0.9136363636363637,0.8137651821862348,0.8906882591093117,0.860813704496788
3,29,regular,3,1134,1140,6,1130,4,10,0.9964726631393298,0.9912280701754386,0.9947368421052631,0.9938434476693052
3,29,semiregular,3,870,869,1,796,74,73,0.9149425287356322,0.9159953970080552,1.001150747986191,0.9154686601495111
3,29,irregular,3,13,247,234,2,11,245,0.15384615384615385,0.008097165991902834,0.05263157894736842,0.015384615384615385
3,30,regular,1,1007,997,10,996,11,1,0.9890764647467726,0.9989969909729187,1.0100300902708124,0.9940119760479041
3,30,semiregular,1,817,810,7,749,68,61,0.9167686658506732,0.9246913580246914,1.008641975308642,0.9207129686539645
3,30,irregular,1,184,250,66,133,51,117,0.7228260869565217,0.532,0.736,0.6129032258064516
3,30,regular,2,1008,997,11,996,12,1,0.9880952380952381,0.9989969909729187,1.0110330992978938,0.9935162094763091
3,30,semiregular,2,791,810,19,736,55,74,0.9304677623261695,0.908641975308642,0.9765432098765432,0.9194253591505309
3,30,irregular,2,200,250,50,181,19,69,0.905,0.724,0.8,0.8044444444444445
3,30,regular,3,1000,997,3,996,4,1,0.996,0.9989969909729187,1.0030090270812437,0.9974962443665497
3,30,semiregular,3,804,810,6,752,52,58,0.9353233830845771,0.928395061728395,0.9925925925925926,0.9318463444857497
3,30,irregular,3,23,250,227,3,20,247,0.13043478260869565,0.012,0.092,0.02197802197802198
4,1,regular,1,996,937,59,934,62,3,0.9377510040160643,0.9967982924226254,1.0629669156883672,0.966373512674599
4,1,semiregular,1,764,703,61,655,109,48,0.8573298429319371,0.9317211948790897,1.0867709815078237,0.892978868438991
4,1,irregular,1,7,199,192,2,5,197,0.2857142857142857,0.010050251256281407,0.035175879396984924,0.019417475728155338
4,1,regular,2,1015,937,78,937,78,0,0.9231527093596059,1.0,1.0832443970117396,0.9600409836065574
4,1,semiregular,2,771,703,68,654,117,49,0.8482490272373541,0.930298719772404,1.096728307254623,0.8873812754409769
4,1,irregular,2,181,199,18,163,18,36,0.9005524861878453,0.8190954773869347,0.9095477386934674,0.8578947368421053
4,1,regular,3,990,937,53,933,57,4,0.9424242424242424,0.9957310565635006,1.056563500533618,0.9683445770627918
4,1,semiregular,3,718,703,15,636,82,67,0.8857938718662952,0.9046941678520626,1.0213371266002844,0.8951442646023926
4,1,irregular,3,8,199,191,0,8,199,-1,-1,0.04020100502512563,-1
4,2,regular,1,1225,1224,1,1205,20,19,0.9836734693877551,0.9844771241830066,1.0008169934640523,0.9840751327072275
4,2,semiregular,1,598,647,49,564,34,83,0.9431438127090301,0.8717156105100463,0.9242658423493045,0.9060240963855422
4,2,irregular,1,10,217,207,1,9,216,0.1,0.004608294930875576,0.04608294930875576,0.00881057268722467
4,2,regular,2,1241,1224,17,1217,24,7,0.9806607574536664,0.994281045751634,1.0138888888888888,0.987423935091278
4,2,semiregular,2,642,647,5,603,39,44,0.9392523364485982,0.9319938176197836,0.9922720247295209,0.9356089992242048
4,2,irregular,2,209,217,8,191,18,26,0.9138755980861244,0.880184331797235,0.9631336405529954,0.896713615023474
4,2,regular,3,1233,1224,9,1213,20,11,0.9837793998377939,0.9910130718954249,1.0073529411764706,0.9873829873829874
4,2,semiregular,3,641,647,6,611,30,36,0.953198127925117,0.9443585780525502,0.990726429675425,0.9487577639751553
4,2,irregular,3,11,217,206,0,11,217,-1,-1,0.05069124423963134,-1
4,3,regular,1,1043,1053,10,1034,9,19,0.9913710450623202,0.9819563152896487,0.9905033238366572,0.9866412213740458
4,3,semiregular,1,731,716,15,663,68,53,0.9069767441860465,0.9259776536312849,1.020949720670391,0.9163787145818935
4,3,irregular,1,10,224,214,0,10,224,-1,-1,0.044642857142857144,-1
4,3,regular,2,1051,1053,2,1044,7,9,0.9933396764985728,0.9914529914529915,0.9981006647673314,0.9923954372623573
4,3,semiregular,2,743,716,27,669,74,47,0.9004037685060565,0.9343575418994413,1.0377094972067038,0.9170664838930774
4,3,irregular,2,186,224,38,168,18,56,0.9032258064516129,0.75,0.8303571428571429,0.8195121951219512
4,3,regular,3,1048,1053,5,1041,7,12,0.9933206106870229,0.9886039886039886,0.9952516619183286,0.9909566872917658
4,3,semiregular,3,711,716,5,658,53,58,0.9254571026722925,0.9189944134078212,0.9930167597765364,0.9222144358794674
4,3,irregular,3,10,224,214,0,10,224,-1,-1,0.044642857142857144,-1
4,4,regular,1,1127,1101,26,1101,26,0,0.976929902395741,1.0,1.0236148955495004,0.9883303411131059
4,4,semiregular,1,666,614,52,549,117,65,0.8243243243243243,0.8941368078175895,1.0846905537459284,0.8578125
4,4,irregular,1,10,228,218,5,5,223,0.5,0.021929824561403508,0.043859649122807015,0.04201680672268908
4,4,regular,2,1123,1101,22,1101,22,0,0.9804096170970614,1.0,1.0199818346957312,0.9901079136690648
4,4,semiregular,2,659,614,45,574,85,40,0.8710166919575114,0.9348534201954397,1.0732899022801303,0.9018067556952082
4,4,irregular,2,213,228,15,194,19,34,0.9107981220657277,0.8508771929824561,0.9342105263157895,0.8798185941043084
4,4,regular,3,1104,1101,3,1087,17,14,0.9846014492753623,0.9872842870118075,1.002724795640327,0.9859410430839003
4,4,semiregular,3,618,614,4,555,63,59,0.8980582524271845,0.9039087947882736,1.006514657980456,0.900974025974026
4,4,irregular,3,11,228,217,2,9,226,0.18181818181818182,0.008771929824561403,0.04824561403508772,0.016736401673640166
4,5,regular,1,1043,1044,1,1035,8,9,0.9923298178331735,0.9913793103448276,0.9990421455938697,0.9918543363679924
4,5,semiregular,1,787,668,119,650,137,18,0.8259212198221093,0.9730538922155688,1.1781437125748504,0.8934707903780069
4,5,irregular,1,11,217,206,0,11,217,-1,-1,0.05069124423963134,-1
4,5,regular,2,1058,1044,14,1044,14,0,0.9867674858223062,1.0,1.0134099616858236,0.9933396764985727
4,5,semiregular,2,773,668,105,646,127,22,0.8357050452781372,0.9670658682634731,1.157185628742515,0.8965995836224845
4,5,irregular,2,196,217,21,179,17,38,0.9132653061224489,0.8248847926267281,0.9032258064516129,0.8668280871670703
4,5,regular,3,1044,1044,0,1036,8,8,0.9923371647509579,0.9923371647509579,1.0,0.9923371647509579
4,5,semiregular,3,696,668,28,631,65,37,0.9066091954022989,0.9446107784431138,1.0419161676646707,0.9252199413489737
4,5,irregular,3,12,217,205,3,9,214,0.25,0.013824884792626729,0.055299539170506916,0.026200873362445417
4,6,regular,1,964,915,49,915,49,0,0.9491701244813278,1.0,1.053551912568306,0.9739222990952634
4,6,semiregular,1,720,701,19,649,71,52,0.9013888888888889,0.9258202567760342,1.0271041369472182,0.9134412385643913
4,6,irregular,1,11,195,184,2,9,193,0.18181818181818182,0.010256410256410256,0.05641025641025641,0.01941747572815534
4,6,regular,2,969,915,54,915,54,0,0.9442724458204335,1.0,1.0590163934426229,0.9713375796178344
4,6,semiregular,2,750,701,49,669,81,32,0.892,0.9543509272467903,1.0699001426533523,0.9221226740179187
4,6,irregular,2,158,195,37,121,37,74,0.7658227848101266,0.6205128205128205,0.8102564102564103,0.6855524079320113
4,6,regular,3,951,915,36,911,40,4,0.9579390115667719,0.9956284153005465,1.039344262295082,0.9764201500535905
4,6,semiregular,3,710,701,9,662,48,39,0.9323943661971831,0.9443651925820257,1.0128388017118402,0.9383416017009213
4,6,irregular,3,12,195,183,4,8,191,0.3333333333333333,0.020512820512820513,0.06153846153846154,0.03864734299516909
4,7,regular,1,1239,1230,9,1215,24,15,0.9806295399515739,0.9878048780487805,1.0073170731707317,0.9842041312272175
4,7,semiregular,1,784,761,23,678,106,83,0.8647959183673469,0.8909329829172142,1.0302233902759528,0.8776699029126214
4,7,irregular,1,14,225,211,1,13,224,0.07142857142857142,0.0044444444444444444,0.06222222222222222,0.008368200836820085
4,7,regular,2,1262,1230,32,1230,32,0,0.9746434231378764,1.0,1.0260162601626017,0.9871589085072231
4,7,semiregular,2,776,761,15,692,84,69,0.8917525773195877,0.9093298291721419,1.0197109067017083,0.900455432661028
4,7,irregular,2,191,225,34,183,8,42,0.9581151832460733,0.8133333333333334,0.8488888888888889,0.8798076923076922
4,7,regular,3,1238,1230,8,1220,18,10,0.9854604200323102,0.991869918699187,1.0065040650406505,0.9886547811993517
4,7,semiregular,3,768,761,7,695,73,66,0.9049479166666666,0.9132720105124835,1.0091984231274638,0.9090909090909091
4,7,irregular,3,15,225,210,6,9,219,0.4,0.02666666666666667,0.06666666666666667,0.05
4,8,regular,1,1055,1035,20,1033,22,2,0.9791469194312796,0.9980676328502416,1.0193236714975846,0.9885167464114832
4,8,semiregular,1,828,827,1,744,84,83,0.8985507246376812,0.8996372430471584,1.0012091898428053,0.8990936555891238
4,8,irregular,1,16,243,227,0,16,243,-1,-1,0.06584362139917696,-1
4,8,regular,2,1053,1035,18,1031,22,4,0.9791073124406457,0.996135265700483,1.017391304347826,0.9875478927203065
4,8,semiregular,2,880,827,53,781,99,46,0.8875,0.9443772672309553,1.064087061668682,0.9150556531927359
4,8,irregular,2,197,243,46,175,22,68,0.8883248730964467,0.720164609053498,0.8106995884773662,0.7954545454545455
4,8,regular,3,1043,1035,8,1029,14,6,0.9865771812080537,0.9942028985507246,1.007729468599034,0.9903753609239654
4,8,semiregular,3,843,827,16,774,69,53,0.9181494661921709,0.9359129383313181,1.0193470374848852,0.9269461077844312
4,8,irregular,3,17,243,226,1,16,242,0.058823529411764705,0.00411522633744856,0.06995884773662552,0.007692307692307694
4,9,regular,1,1108,1107,1,1095,13,12,0.9882671480144405,0.989159891598916,1.000903342366757,0.9887133182844243
4,9,semiregular,1,632,701,69,593,39,108,0.9382911392405063,0.8459343794579173,0.9015691868758916,0.889722430607652
4,9,irregular,1,13,266,253,2,11,264,0.15384615384615385,0.007518796992481203,0.04887218045112782,0.014336917562724013
4,9,regular,2,1113,1107,6,1099,14,8,0.9874213836477987,0.992773261065944,1.005420054200542,0.99009009009009
4,9,semiregular,2,646,701,55,607,39,94,0.9396284829721362,0.8659058487874465,0.9215406562054208,0.9012620638455827
4,9,irregular,2,229,266,37,210,19,56,0.9170305676855895,0.7894736842105263,0.8609022556390977,0.8484848484848486
4,9,regular,3,1099,1107,8,1087,12,20,0.989080982711556,0.98193315266486,0.992773261065944,0.985494106980961
4,9,semiregular,3,688,701,13,653,35,48,0.9491279069767442,0.9315263908701854,0.9814550641940085,0.9402447804175665
4,9,irregular,3,14,266,252,2,12,264,0.14285714285714285,0.007518796992481203,0.05263157894736842,0.014285714285714285
4,10,regular,1,1079,1014,65,1014,65,0,0.9397590361445783,1.0,1.064102564102564,0.9689440993788819
4,10,semiregular,1,688,656,32,621,67,35,0.9026162790697675,0.9466463414634146,1.048780487804878,0.9241071428571429
4,10,irregular,1,11,247,236,2,9,245,0.18181818181818182,0.008097165991902834,0.044534412955465584,0.015503875968992248
4,10,regular,2,1083,1014,69,1014,69,0,0.9362880886426593,1.0,1.0680473372781065,0.9670958512160229
4,10,semiregular,2,676,656,20,614,62,42,0.908284023668639,0.9359756097560976,1.0304878048780488,0.9219219219219219
4,10,irregular,2,201,247,46,187,14,60,0.9303482587064676,0.757085020242915,0.8137651821862348,0.8348214285714285
4,10,regular,3,1067,1014,53,1014,53,0,0.950328022492971,1.0,1.0522682445759368,0.9745314752522827
4,10,semiregular,3,652,656,4,607,45,49,0.9309815950920245,0.9253048780487805,0.9939024390243902,0.9281345565749234
4,10,irregular,3,12,247,235,2,10,245,0.16666666666666666,0.008097165991902834,0.048582995951417005,0.015444015444015444
4,11,regular,1,1083,1070,13,1070,13,0,0.9879963065558633,1.0,1.0121495327102803,0.9939619136089178
4,11,semiregular,1,758,700,58,652,106,48,0.8601583113456465,0.9314285714285714,1.082857142857143,0.8943758573388203
4,11,irregular,1,11,239,228,0,11,239,-1,-1,0.04602510460251046,-1
4,11,regular,2,1098,1070,28,1070,28,0,0.9744990892531876,1.0,1.0261682242990655,0.9870848708487084
4,11,semiregular,2,751,700,51,658,93,42,0.8761651131824234,0.94,1.072857142857143,0.906960716747071
4,11,irregular,2,195,239,44,179,16,60,0.9179487179487179,0.7489539748953975,0.8158995815899581,0.8248847926267281
4,11,regular,3,1064,1070,6,1057,7,13,0.993421052631579,0.9878504672897196,0.994392523364486,0.9906279287722587
4,11,semiregular,3,689,700,11,632,57,68,0.9172714078374455,0.9028571428571428,0.9842857142857143,0.9100071994240461
4,11,irregular,3,12,239,227,3,9,236,0.25,0.012552301255230125,0.0502092050209205,0.023904382470119525
4,12,regular,1,1035,1007,28,1007,28,0,0.9729468599033816,1.0,1.0278053624627608,0.9862879529872673
4,12,semiregular,1,729,641,88,603,126,38,0.8271604938271605,0.9407176287051482,1.1372854914196568,0.8802919708029197
4,12,irregular,1,11,204,193,1,10,203,0.09090909090909091,0.004901960784313725,0.05392156862745098,0.009302325581395349
4,12,regular,2,1047,1007,40,1007,40,0,0.9617956064947469,1.0,1.0397219463753724,0.9805258033106136
4,12,semiregular,2,719,641,78,600,119,41,0.8344923504867872,0.9360374414976599,1.1216848673946958,0.8823529411764705
4,12,irregular,2,211,204,7,181,30,23,0.8578199052132701,0.8872549019607843,1.0343137254901962,0.872289156626506
4,12,regular,3,1025,1007,18,1007,18,0,0.9824390243902439,1.0,1.0178748758689176,0.9911417322834646
4,12,semiregular,3,647,641,6,575,72,66,0.8887171561051005,0.8970358814352574,1.0093603744149766,0.8928571428571428
4,12,irregular,3,12,204,192,1,11,203,0.08333333333333333,0.004901960784313725,0.058823529411764705,0.009259259259259259
4,13,regular,1,1013,1000,13,999,14,1,0.9861796643632774,0.999,1.013,0.992548435171386
4,13,semiregular,1,852,815,37,774,78,41,0.9084507042253521,0.9496932515337423,1.045398773006135,0.9286142771445711
4,13,irregular,1,16,216,200,0,16,216,-1,-1,0.07407407407407407,-1
4,13,regular,2,1020,1000,20,1000,20,0,0.9803921568627451,1.0,1.02,0.99009900990099
4,13,semiregular,2,884,815,69,799,85,16,0.9038461538461539,0.9803680981595092,1.0846625766871165,0.9405532666274279
4,13,irregular,2,216,216,0,192,24,24,0.8888888888888888,0.8888888888888888,1.0,0.8888888888888888
4,13,regular,3,1006,1000,6,996,10,4,0.9900596421471173,0.996,1.006,0.9930209371884346
4,13,semiregular,3,823,815,8,780,43,35,0.9477521263669502,0.9570552147239264,1.0098159509202453,0.9523809523809523
4,13,irregular,3,17,216,199,4,13,212,0.23529411764705882,0.018518518518518517,0.0787037037037037,0.03433476394849785
4,14,regular,1,1052,1052,0,1042,10,10,0.9904942965779467,0.9904942965779467,1.0,0.9904942965779467
4,14,semiregular,1,915,913,2,842,73,71,0.9202185792349726,0.9222343921139102,1.0021905805038336,0.9212253829321663
4,14,irregular,1,11,217,206,0,11,217,-1,-1,0.05069124423963134,-1
4,14,regular,2,1056,1052,4,1047,9,5,0.9914772727272727,0.9952471482889734,1.0038022813688212,0.9933586337760911
4,14,semiregular,2,952,913,39,874,78,39,0.9180672268907563,0.9572836801752465,1.0427163198247535,0.9372654155495979
4,14,irregular,2,203,217,14,182,21,35,0.896551724137931,0.8387096774193549,0.9354838709677419,0.8666666666666666
4,14,regular,3,1054,1052,2,1046,8,6,0.9924098671726755,0.9942965779467681,1.0019011406844107,0.9933523266856601
4,14,semiregular,3,891,913,22,850,41,63,0.9539842873176206,0.9309967141292442,0.9759036144578314,0.9423503325942351
4,14,irregular,3,12,217,205,0,12,217,-1,-1,0.055299539170506916,-1
4,15,regular,1,988,964,24,964,24,0,0.9757085020242915,1.0,1.0248962655601659,0.9877049180327869
4,15,semiregular,1,792,774,18,727,65,47,0.9179292929292929,0.9392764857881137,1.0232558139534884,0.9284802043422733
4,15,irregular,1,11,218,207,4,7,214,0.36363636363636365,0.01834862385321101,0.05045871559633028,0.03493449781659389
4,15,regular,2,974,964,10,963,11,1,0.9887063655030801,0.9989626556016598,1.0103734439834025,0.9938080495356038
4,15,semiregular,2,809,774,35,738,71,36,0.9122373300370828,0.9534883720930233,1.045219638242894,0.932406822488945
4,15,irregular,2,199,218,19,183,16,35,0.9195979899497487,0.8394495412844036,0.9128440366972477,0.8776978417266187
4,15,regular,3,961,964,3,954,7,10,0.9927159209157128,0.9896265560165975,0.9968879668049793,0.9911688311688311
4,15,semiregular,3,751,774,23,702,49,72,0.9347536617842876,0.9069767441860465,0.9702842377260982,0.920655737704918
4,15,irregular,3,12,218,206,1,11,217,0.08333333333333333,0.0045871559633027525,0.05504587155963303,0.008695652173913044
4,16,regular,1,1128,1109,19,1107,21,2,0.9813829787234043,0.9981965734896303,1.0171325518485121,0.989718372820742
4,16,semiregular,1,763,681,82,643,120,38,0.8427260812581914,0.9441997063142438,1.1204111600587372,0.8905817174515236
4,16,irregular,1,11,272,261,0,11,272,-1,-1,0.04044117647058824,-1
4,16,regular,2,1148,1109,39,1109,39,0,0.9660278745644599,1.0,1.0351668169522092,0.9827204253433761
4,16,semiregular,2,711,681,30,631,80,50,0.8874824191279888,0.9265785609397944,1.0440528634361232,0.9066091954022988
4,16,irregular,2,223,272,49,203,20,69,0.9103139013452914,0.7463235294117647,0.8198529411764706,0.8202020202020203
4,16,regular,3,1117,1109,8,1101,16,8,0.9856759176365264,0.9927862939585211,1.0072137060414788,0.9892183288409703
4,16,semiregular,3,670,681,11,611,59,70,0.9119402985074627,0.8972099853157122,0.9838472834067548,0.9045151739452257
4,16,irregular,3,11,272,261,7,4,265,0.6363636363636364,0.025735294117647058,0.04044117647058824,0.04946996466431095
4,17,regular,1,1039,1029,10,1027,12,2,0.9884504331087585,0.9980563654033042,1.0097181729834792,0.9932301740812379
4,17,semiregular,1,890,837,53,788,102,49,0.8853932584269663,0.9414575866188769,1.063321385902031,0.9125651418645049
4,17,irregular,1,13,240,227,2,11,238,0.15384615384615385,0.008333333333333333,0.05416666666666667,0.015810276679841896
4,17,regular,2,1056,1029,27,1029,27,0,0.9744318181818182,1.0,1.0262390670553936,0.9870503597122302
4,17,semiregular,2,884,837,47,794,90,43,0.8981900452488688,0.948626045400239,1.056152927120669,0.9227193492155723
4,17,irregular,2,208,240,32,183,25,57,0.8798076923076923,0.7625,0.8666666666666667,0.8169642857142857
4,17,regular,3,1039,1029,10,1029,10,0,0.9903753609239654,1.0,1.0097181729834792,0.9951644100580271
4,17,semiregular,3,837,837,0,777,60,60,0.9283154121863799,0.9283154121863799,1.0,0.9283154121863799
4,17,irregular,3,14,240,226,2,12,238,0.14285714285714285,0.008333333333333333,0.058333333333333334,0.015748031496062992
4,18,regular,1,1075,1044,31,1044,31,0,0.9711627906976744,1.0,1.0296934865900382,0.9853704577630957
4,18,semiregular,1,838,801,37,767,71,34,0.9152744630071599,0.9575530586766542,1.0461922596754056,0.9359365466748016
4,18,irregular,1,10,252,242,1,9,251,0.1,0.003968253968253968,0.03968253968253968,0.007633587786259542
4,18,regular,2,1086,1044,42,1044,42,0,0.9613259668508287,1.0,1.0402298850574712,0.9802816901408451
4,18,semiregular,2,850,801,49,771,79,30,0.9070588235294118,0.9625468164794008,1.0611735330836454,0.9339794064203514
4,18,irregular,2,216,252,36,193,23,59,0.8935185185185185,0.7658730158730159,0.8571428571428571,0.8247863247863247
4,18,regular,3,1064,1044,20,1044,20,0,0.981203007518797,1.0,1.0191570881226053,0.9905123339658444
4,18,semiregular,3,806,801,5,762,44,39,0.9454094292803971,0.951310861423221,1.0062421972534332,0.9483509645301804
4,18,irregular,3,11,252,241,3,8,249,0.2727272727272727,0.011904761904761904,0.04365079365079365,0.022813688212927757
4,19,regular,1,1101,1076,25,1074,27,2,0.9754768392370572,0.9981412639405205,1.0232342007434945,0.9866789159393661
4,19,semiregular,1,766,753,13,703,63,50,0.9177545691906005,0.9335989375830013,1.0172642762284196,0.9256089532587228
4,19,irregular,1,9,245,236,1,8,244,0.1111111111111111,0.004081632653061225,0.036734693877551024,0.007874015748031498
4,19,regular,2,1106,1076,30,1074,32,2,0.9710669077757685,0.9981412639405205,1.0278810408921932,0.9844179651695693
4,19,semiregular,2,774,753,21,699,75,54,0.9031007751937985,0.9282868525896414,1.0278884462151394,0.9155206286836935
4,19,irregular,2,233,245,12,201,32,44,0.8626609442060086,0.8204081632653061,0.9510204081632653,0.8410041841004183
4,19,regular,3,1092,1076,16,1073,19,3,0.9826007326007326,0.9972118959107806,1.0148698884758365,0.9898523985239851
4,19,semiregular,3,688,753,65,644,44,109,0.936046511627907,0.8552456839309429,0.9136786188579017,0.89382373351839
4,19,irregular,3,10,245,235,2,8,243,0.2,0.00816326530612245,0.04081632653061224,0.015686274509803925
4,20,regular,1,1186,1251,65,1174,12,77,0.9898819561551433,0.938449240607514,0.9480415667466027,0.9634796881411571
4,20,semiregular,1,872,841,31,754,118,87,0.8646788990825688,0.896551724137931,1.036860879904875,0.8803269118505546
4,20,irregular,1,10,252,242,4,6,248,0.4,0.015873015873015872,0.03968253968253968,0.030534351145038167
4,20,regular,2,1081,1251,170,1069,12,182,0.9888991674375578,0.8545163868904876,0.8641087130295764,0.9168096054888507
4,20,semiregular,2,788,841,53,680,108,161,0.8629441624365483,0.8085612366230678,0.9369797859690844,0.8348680171884593
4,20,irregular,2,211,252,41,189,22,63,0.8957345971563981,0.75,0.8373015873015873,0.816414686825054
4,20,regular,3,1164,1251,87,1152,12,99,0.9896907216494846,0.920863309352518,0.9304556354916067,0.9540372670807454
4,20,semiregular,3,826,841,15,736,90,105,0.8910411622276029,0.8751486325802615,0.9821640903686087,0.8830233953209358
4,20,irregular,3,11,252,241,1,10,251,0.09090909090909091,0.003968253968253968,0.04365079365079365,0.0076045627376425855
4,21,regular,1,957,920,37,920,37,0,0.9613375130616509,1.0,1.0402173913043478,0.9802876931273309
4,21,semiregular,1,642,549,93,508,134,41,0.7912772585669782,0.9253187613843351,1.169398907103825,0.8530646515533165
4,21,irregular,1,10,204,194,0,10,204,-1,-1,0.049019607843137254,-1
4,21,regular,2,947,920,27,920,27,0,0.9714889123548046,1.0,1.0293478260869566,0.9855382967327263
4,21,semiregular,2,671,549,122,535,136,14,0.797317436661699,0.9744990892531876,1.2222222222222223,0.8770491803278688
4,21,irregular,2,172,204,32,155,17,49,0.9011627906976745,0.7598039215686274,0.8431372549019608,0.824468085106383
4,21,regular,3,925,920,5,917,8,3,0.9913513513513513,0.9967391304347826,1.0054347826086956,0.9940379403794039
4,21,semiregular,3,604,549,55,519,85,30,0.859271523178808,0.9453551912568307,1.1001821493624773,0.9002601908065916
4,21,irregular,3,11,204,193,2,9,202,0.18181818181818182,0.00980392156862745,0.05392156862745098,0.018604651162790697
4,22,regular,1,1002,946,56,946,56,0,0.9441117764471058,1.0,1.0591966173361522,0.971252566735113
4,22,semiregular,1,763,703,60,662,101,41,0.8676277850589778,0.9416785206258891,1.085348506401138,0.9031377899045021
4,22,irregular,1,11,247,236,0,11,247,-1,-1,0.044534412955465584,-1
4,22,regular,2,964,946,18,937,27,9,0.9719917012448133,0.9904862579281184,1.0190274841437632,0.9811518324607331
4,22,semiregular,2,771,703,68,670,101,33,0.8690012970168612,0.9530583214793741,1.096728307254623,0.909090909090909
4,22,irregular,2,188,247,59,165,23,82,0.8776595744680851,0.6680161943319838,0.7611336032388664,0.7586206896551724
4,22,regular,3,956,946,10,932,24,14,0.9748953974895398,0.985200845665962,1.0105708245243128,0.9800210304942167
4,22,semiregular,3,713,703,10,646,67,57,0.906030855539972,0.918918918918919,1.0142247510668563,0.9124293785310734
4,22,irregular,3,12,247,235,7,5,240,0.5833333333333334,0.02834008097165992,0.048582995951417005,0.05405405405405404
4,23,regular,1,1042,999,43,993,49,6,0.9529750479846449,0.993993993993994,1.043043043043043,0.9730524252817248
4,23,semiregular,1,806,835,29,669,137,166,0.8300248138957816,0.8011976047904191,0.9652694610778443,0.8153564899451553
4,23,irregular,1,19,266,247,1,18,265,0.05263157894736842,0.0037593984962406013,0.07142857142857142,0.007017543859649122
4,23,regular,2,992,999,7,965,27,34,0.9727822580645161,0.965965965965966,0.992992992992993,0.969362129583124
4,23,semiregular,2,231,835,604,194,37,641,0.8398268398268398,0.23233532934131737,0.27664670658682633,0.36397748592870544
4,23,irregular,2,0,266,266,0,0,266,-1,-1,0.0,-1
4,23,regular,3,1044,999,45,994,50,5,0.9521072796934866,0.994994994994995,1.045045045045045,0.9730788056779246
4,23,semiregular,3,862,835,27,785,77,50,0.9106728538283063,0.9401197604790419,1.0323353293413173,0.9251620506776664
4,23,irregular,3,20,266,246,0,20,266,-1,-1,0.07518796992481203,-1
4,24,regular,1,1086,1079,7,1070,16,9,0.9852670349907919,0.9916589434661723,1.0064874884151993,0.9884526558891454
4,24,semiregular,1,663,680,17,597,66,83,0.9004524886877828,0.8779411764705882,0.975,0.889054355919583
4,24,irregular,1,14,247,233,3,11,244,0.21428571428571427,0.012145748987854251,0.05668016194331984,0.02298850574712644
4,24,regular,2,1094,1079,15,1077,17,2,0.9844606946983546,0.9981464318813716,1.0139017608897127,0.9912563276576162
4,24,semiregular,2,659,680,21,611,48,69,0.9271623672230652,0.8985294117647059,0.9691176470588235,0.912621359223301
4,24,irregular,2,210,247,37,197,13,50,0.9380952380952381,0.7975708502024291,0.8502024291497976,0.8621444201312911
4,24,regular,3,1070,1079,9,1056,14,23,0.9869158878504672,0.9786839666357738,0.9916589434661723,0.9827826896230806
4,24,semiregular,3,651,680,29,616,35,64,0.946236559139785,0.9058823529411765,0.9573529411764706,0.9256198347107438
4,24,irregular,3,14,247,233,3,11,244,0.21428571428571427,0.012145748987854251,0.05668016194331984,0.02298850574712644
4,25,regular,1,958,946,12,946,12,0,0.9874739039665971,1.0,1.0126849894291754,0.9936974789915966
4,25,semiregular,1,735,718,17,648,87,70,0.8816326530612245,0.9025069637883009,1.0236768802228413,0.891947694425327
4,25,irregular,1,18,207,189,2,16,205,0.1111111111111111,0.00966183574879227,0.08695652173913043,0.017777777777777778
4,25,regular,2,958,946,12,946,12,0,0.9874739039665971,1.0,1.0126849894291754,0.9936974789915966
4,25,semiregular,2,766,718,48,679,87,39,0.8864229765013055,0.9456824512534819,1.0668523676880224,0.9150943396226416
4,25,irregular,2,161,207,46,142,19,65,0.8819875776397516,0.6859903381642513,0.7777777777777778,0.7717391304347827
4,25,regular,3,948,946,2,940,8,6,0.9915611814345991,0.9936575052854123,1.0021141649048626,0.9926082365364309
4,25,semiregular,3,709,718,9,655,54,63,0.923836389280677,0.9122562674094707,0.9874651810584958,0.918009810791871
4,25,irregular,3,19,207,188,2,17,205,0.10526315789473684,0.00966183574879227,0.09178743961352658,0.017699115044247787
4,26,regular,1,1086,985,101,985,101,0,0.9069981583793738,1.0,1.1025380710659898,0.951231289232255
4,26,semiregular,1,779,720,59,681,98,39,0.8741976893453145,0.9458333333333333,1.0819444444444444,0.9086057371581053
4,26,irregular,1,12,214,202,1,11,213,0.08333333333333333,0.004672897196261682,0.056074766355140186,0.008849557522123892
4,26,regular,2,1042,985,57,985,57,0,0.9452975047984645,1.0,1.0578680203045685,0.9718796250616676
4,26,semiregular,2,779,720,59,676,103,44,0.8677792041078306,0.9388888888888889,1.0819444444444444,0.9019346230820547
4,26,irregular,2,198,214,16,164,34,50,0.8282828282828283,0.7663551401869159,0.9252336448598131,0.796116504854369
4,26,regular,3,1021,985,36,984,37,1,0.9637610186092067,0.9989847715736041,1.0365482233502539,0.9810568295114658
4,26,semiregular,3,731,720,11,668,63,52,0.9138166894664843,0.9277777777777778,1.0152777777777777,0.9207443142660235
4,26,irregular,3,13,214,201,2,11,212,0.15384615384615385,0.009345794392523364,0.06074766355140187,0.017621145374449337
4,27,regular,1,1164,1166,2,1152,12,14,0.9896907216494846,0.9879931389365352,0.9982847341337907,0.9888412017167383
4,27,semiregular,1,707,728,21,616,91,112,0.8712871287128713,0.8461538461538461,0.9711538461538461,0.8585365853658536
4,27,irregular,1,17,270,253,2,15,268,0.11764705882352941,0.007407407407407408,0.06296296296296296,0.013937282229965155
4,27,regular,2,1174,1166,8,1161,13,5,0.9889267461669506,0.9957118353344768,1.006861063464837,0.9923076923076923
4,27,semiregular,2,752,728,24,682,70,46,0.9069148936170213,0.9368131868131868,1.032967032967033,0.9216216216216216
4,27,irregular,2,241,270,29,218,23,52,0.9045643153526971,0.8074074074074075,0.8925925925925926,0.8532289628180039
4,27,regular,3,1168,1166,2,1157,11,9,0.990582191780822,0.9922813036020584,1.0017152658662092,0.9914310197086548
4,27,semiregular,3,710,728,18,659,51,69,0.928169014084507,0.9052197802197802,0.9752747252747253,0.9165507649513213
4,27,irregular,3,18,270,252,4,14,266,0.2222222222222222,0.014814814814814815,0.06666666666666667,0.02777777777777778
4,28,regular,1,1102,1098,4,1079,23,19,0.9791288566243194,0.982695810564663,1.0036429872495447,0.980909090909091
4,28,semiregular,1,893,859,34,806,87,53,0.9025755879059351,0.9383003492433062,1.039580908032596,0.9200913242009131
4,28,irregular,1,20,293,273,3,17,290,0.15,0.010238907849829351,0.06825938566552901,0.019169329073482427
4,28,regular,2,1129,1098,31,1098,31,0,0.9725420726306466,1.0,1.0282331511839709,0.9860799281544679
4,28,semiregular,2,852,859,7,780,72,79,0.9154929577464789,0.9080325960419092,0.9918509895227008,0.9117475160724723
4,28,irregular,2,220,293,73,195,25,98,0.8863636363636364,0.6655290102389079,0.7508532423208191,0.760233918128655
4,28,regular,3,1114,1098,16,1093,21,5,0.981149012567325,0.9954462659380692,1.0145719489981786,0.988245931283906
4,28,semiregular,3,856,859,3,809,47,50,0.9450934579439252,0.9417927823050058,0.9965075669383003,0.9434402332361517
4,28,irregular,3,21,293,272,8,13,285,0.38095238095238093,0.027303754266211604,0.07167235494880546,0.050955414012738856
4,29,regular,1,1144,1140,4,1133,11,7,0.9903846153846154,0.993859649122807,1.0035087719298246,0.9921190893169877
4,29,semiregular,1,972,869,103,835,137,34,0.8590534979423868,0.9608745684695051,1.1185270425776754,0.9071156979902226
4,29,irregular,1,13,247,234,3,10,244,0.23076923076923078,0.012145748987854251,0.05263157894736842,0.023076923076923078
4,29,regular,2,1153,1140,13,1140,13,0,0.9887250650477016,1.0,1.0114035087719297,0.9943305713039686
4,29,semiregular,2,992,869,123,857,135,12,0.8639112903225806,0.9861910241657077,1.141542002301496,0.92101020956475
4,29,irregular,2,227,247,20,206,21,41,0.9074889867841409,0.8340080971659919,0.9190283400809717,0.8691983122362867
4,29,regular,3,1134,1140,6,1126,8,14,0.9929453262786596,0.987719298245614,0.9947368421052631,0.990325417766051
4,29,semiregular,3,878,869,9,799,79,70,0.9100227790432802,0.9194476409666283,1.0103567318757192,0.9147109330280481
4,29,irregular,3,13,247,234,4,9,243,0.3076923076923077,0.016194331983805668,0.05263157894736842,0.03076923076923077
4,30,regular,1,1000,997,3,992,8,5,0.992,0.9949849548645938,1.0030090270812437,0.9934902353530296
4,30,semiregular,1,821,810,11,745,76,65,0.9074299634591961,0.9197530864197531,1.0135802469135802,0.9135499693439608
4,30,irregular,1,21,250,229,3,18,247,0.14285714285714285,0.012,0.084,0.02214022140221402
4,30,regular,2,996,997,1,991,5,6,0.9949799196787149,0.9939819458375125,0.9989969909729187,0.9944806823883594
4,30,semiregular,2,838,810,28,769,69,41,0.9176610978520287,0.9493827160493827,1.0345679012345679,0.9332524271844661
4,30,irregular,2,199,250,51,182,17,68,0.914572864321608,0.728,0.796,0.8106904231625834
4,30,regular,3,1001,997,4,994,7,3,0.993006993006993,0.9969909729187563,1.004012036108325,0.9949949949949949
4,30,semiregular,3,809,810,1,768,41,42,0.9493201483312732,0.9481481481481482,0.9987654320987654,0.9487337862878321
4,30,irregular,3,23,250,227,1,22,249,0.043478260869565216,0.004,0.092,0.007326007326007326
5,1,regular,1,984,937,47,924,60,13,0.9390243902439024,0.9861259338313767,1.0501600853788686,0.9619989588755856
5,1,semiregular,1,710,703,7,604,106,99,0.8507042253521127,0.8591749644381224,1.0099573257467995,0.8549186128803964
5,1,irregular,1,11,199,188,3,8,196,0.2727272727272727,0.01507537688442211,0.05527638190954774,0.028571428571428567
5,1,regular,2,1021,937,84,937,84,0,0.9177277179236043,1.0,1.0896478121664888,0.9570990806945863
5,1,semiregular,2,760,703,57,652,108,51,0.8578947368421053,0.9274537695590327,1.0810810810810811,0.8913192071086807
5,1,irregular,2,186,199,13,162,24,37,0.8709677419354839,0.8140703517587939,0.9346733668341709,0.8415584415584416
5,1,regular,3,986,937,49,923,63,14,0.936105476673428,0.9850586979722519,1.0522945570971185,0.9599583983359335
5,1,semiregular,3,729,703,26,646,83,57,0.8861454046639232,0.918918918918919,1.0369843527738265,0.9022346368715084
5,1,irregular,3,9,199,190,2,7,197,0.2222222222222222,0.010050251256281407,0.04522613065326633,0.019230769230769232
5,2,regular,1,1209,1224,15,1190,19,34,0.9842845326716294,0.9722222222222222,0.9877450980392157,0.9782161939991779
5,2,semiregular,1,554,647,93,524,30,123,0.9458483754512635,0.8098918083462133,0.8562596599690881,0.8726061615320566
5,2,irregular,1,9,217,208,2,7,215,0.2222222222222222,0.009216589861751152,0.041474654377880185,0.01769911504424779
5,2,regular,2,1166,1224,58,1148,18,76,0.9845626072041166,0.9379084967320261,0.9526143790849673,0.9606694560669456
5,2,semiregular,2,648,647,1,615,33,32,0.9490740740740741,0.9505409582689336,1.001545595054096,0.9498069498069498
5,2,irregular,2,196,217,21,180,16,37,0.9183673469387755,0.8294930875576036,0.9032258064516129,0.8716707021791769
5,2,regular,3,1227,1224,3,1205,22,19,0.9820700896495518,0.9844771241830066,1.0024509803921569,0.9832721338229294
5,2,semiregular,3,638,647,9,611,27,36,0.957680250783699,0.9443585780525502,0.9860896445131375,0.9509727626459143
5,2,irregular,3,12,217,205,1,11,216,0.08333333333333333,0.004608294930875576,0.055299539170506916,0.008733624454148473
5,3,regular,1,1021,1053,32,1014,7,39,0.9931439764936337,0.9629629629629629,0.9696106362773029,0.9778206364513019
5,3,semiregular,1,676,716,40,619,57,97,0.915680473372781,0.8645251396648045,0.9441340782122905,0.8893678160919539
5,3,irregular,1,8,224,216,3,5,221,0.375,0.013392857142857142,0.03571428571428571,0.025862068965517238
5,3,regular,2,985,1053,68,978,7,75,0.9928934010152284,0.9287749287749287,0.9354226020892688,0.9597644749754661
5,3,semiregular,2,739,716,23,679,60,37,0.918809201623816,0.9483240223463687,1.032122905027933,0.9333333333333333
5,3,irregular,2,173,224,51,157,16,67,0.9075144508670521,0.7008928571428571,0.7723214285714286,0.7909319899244331
5,3,regular,3,1034,1053,19,1027,7,26,0.9932301740812379,0.9753086419753086,0.9819563152896487,0.9841878294202204
5,3,semiregular,3,712,716,4,662,50,54,0.9297752808988764,0.9245810055865922,0.994413407821229,0.927170868347339
5,3,irregular,3,11,224,213,2,9,222,0.18181818181818182,0.008928571428571428,0.049107142857142856,0.01702127659574468
5,4,regular,1,1102,1101,1,1084,18,17,0.9836660617059891,0.9845594913714805,1.0009082652134422,0.9841125737630504
5,4,semiregular,1,640,614,26,531,109,83,0.8296875,0.8648208469055375,1.0423452768729642,0.8468899521531101
5,4,irregular,1,18,228,210,5,13,223,0.2777777777777778,0.021929824561403508,0.07894736842105263,0.04065040650406503
5,4,regular,2,1112,1101,11,1094,18,7,0.9838129496402878,0.9936421435059037,1.0099909173478656,0.9887031179394487
5,4,semiregular,2,650,614,36,583,67,31,0.8969230769230769,0.9495114006514658,1.0586319218241043,0.9224683544303797
5,4,irregular,2,201,228,27,183,18,45,0.9104477611940298,0.8026315789473685,0.881578947368421,0.8531468531468532
5,4,regular,3,1099,1101,2,1087,12,14,0.989080982711556,0.9872842870118075,0.9981834695731153,0.9881818181818182
5,4,semiregular,3,622,614,8,563,59,51,0.905144694533762,0.9169381107491856,1.013029315960912,0.9110032362459546
5,4,irregular,3,12,228,216,1,11,227,0.08333333333333333,0.0043859649122807015,0.05263157894736842,0.008333333333333333
5,5,regular,1,1024,1044,20,1016,8,28,0.9921875,0.9731800766283525,0.9808429118773946,0.9825918762088974
5,5,semiregular,1,732,668,64,624,108,44,0.8524590163934426,0.9341317365269461,1.095808383233533,0.8914285714285715
5,5,irregular,1,6,217,211,4,2,213,0.6666666666666666,0.018433179723502304,0.027649769585253458,0.03587443946188341
5,5,regular,2,1040,1044,4,1030,10,14,0.9903846153846154,0.9865900383141762,0.9961685823754789,0.9884836852207294
5,5,semiregular,2,732,668,64,642,90,26,0.8770491803278688,0.9610778443113772,1.095808383233533,0.917142857142857
5,5,irregular,2,182,217,35,166,16,51,0.9120879120879121,0.7649769585253456,0.8387096774193549,0.8320802005012532
5,5,regular,3,1032,1044,12,1024,8,20,0.9922480620155039,0.9808429118773946,0.9885057471264368,0.9865125240847785
5,5,semiregular,3,683,668,15,620,63,48,0.9077598828696926,0.9281437125748503,1.0224550898203593,0.9178386380458919
5,5,irregular,3,13,217,204,4,9,213,0.3076923076923077,0.018433179723502304,0.059907834101382486,0.034782608695652174
5,6,regular,1,954,915,39,911,43,4,0.9549266247379455,0.9956284153005465,1.042622950819672,0.9748528624933119
5,6,semiregular,1,705,701,4,639,66,62,0.9063829787234042,0.9115549215406562,1.005706134094151,0.9089615931721196
5,6,irregular,1,13,195,182,3,10,192,0.23076923076923078,0.015384615384615385,0.06666666666666667,0.028846153846153848
5,6,regular,2,978,915,63,915,63,0,0.9355828220858896,1.0,1.0688524590163935,0.9667194928684627
5,6,semiregular,2,731,701,30,670,61,31,0.9165526675786594,0.9557774607703281,1.042796005706134,0.9357541899441341
5,6,irregular,2,151,195,44,113,38,82,0.7483443708609272,0.5794871794871795,0.7743589743589744,0.653179190751445
5,6,regular,3,950,915,35,906,44,9,0.9536842105263158,0.9901639344262295,1.0382513661202186,0.9715817694369974
5,6,semiregular,3,716,701,15,667,49,34,0.9315642458100558,0.9514978601997147,1.0213980028530671,0.9414255469301341
5,6,irregular,3,13,195,182,1,12,194,0.07692307692307693,0.005128205128205128,0.06666666666666667,0.009615384615384616
5,7,regular,1,1226,1230,4,1207,19,23,0.9845024469820555,0.9813008130081301,0.9967479674796748,0.9828990228013029
5,7,semiregular,1,772,761,11,664,108,97,0.8601036269430051,0.8725361366622865,1.014454664914586,0.8662752772341813
5,7,irregular,1,6,225,219,1,5,224,0.16666666666666666,0.0044444444444444444,0.02666666666666667,0.008658008658008658
5,7,regular,2,1234,1230,4,1211,23,19,0.9813614262560778,0.9845528455284552,1.0032520325203251,0.9829545454545454
5,7,semiregular,2,793,761,32,695,98,66,0.8764186633039092,0.9132720105124835,1.0420499342969776,0.8944658944658944
5,7,irregular,2,171,225,54,164,7,61,0.9590643274853801,0.7288888888888889,0.76,0.8282828282828284
5,7,regular,3,1230,1230,0,1212,18,18,0.9853658536585366,0.9853658536585366,1.0,0.9853658536585366
5,7,semiregular,3,782,761,21,694,88,67,0.887468030690537,0.911957950065703,1.0275952693823915,0.8995463383020091
5,7,irregular,3,16,225,209,2,14,223,0.125,0.008888888888888889,0.07111111111111111,0.016597510373443983
5,8,regular,1,1024,1035,11,1009,15,26,0.9853515625,0.9748792270531401,0.9893719806763285,0.9800874210781932
5,8,semiregular,1,791,827,36,718,73,109,0.9077117572692794,0.8681983071342201,0.9564691656590084,0.8875154511742892
5,8,irregular,1,19,243,224,4,15,239,0.21052631578947367,0.01646090534979424,0.07818930041152264,0.030534351145038167
5,8,regular,2,1044,1035,9,1025,19,10,0.9818007662835249,0.9903381642512077,1.008695652173913,0.986050986050986
5,8,semiregular,2,846,827,19,777,69,50,0.9184397163120568,0.939540507859734,1.022974607013301,0.9288702928870293
5,8,irregular,2,171,243,72,157,14,86,0.9181286549707602,0.6460905349794238,0.7037037037037037,0.7584541062801932
5,8,regular,3,1034,1035,1,1019,15,16,0.9854932301740812,0.9845410628019323,0.9990338164251208,0.9850169163847269
5,8,semiregular,3,834,827,7,766,68,61,0.9184652278177458,0.9262394195888755,1.0084643288996373,0.9223359422034918
5,8,irregular,3,19,243,224,3,16,240,0.15789473684210525,0.012345679012345678,0.07818930041152264,0.022900763358778626
5,9,regular,1,1094,1107,13,1082,12,25,0.9890310786106032,0.9774164408310749,0.988256549232159,0.9831894593366651
5,9,semiregular,1,596,701,105,562,34,139,0.9429530201342282,0.8017118402282454,0.8502139800285307,0.8666152659984581
5,9,irregular,1,18,266,248,5,13,261,0.2777777777777778,0.018796992481203006,0.06766917293233082,0.0352112676056338
5,9,regular,2,1035,1107,72,1023,12,84,0.9884057971014493,0.924119241192412,0.9349593495934959,0.9551820728291317
5,9,semiregular,2,641,701,60,605,36,96,0.9438377535101404,0.8630527817403709,0.9144079885877318,0.9016393442622951
5,9,irregular,2,218,266,48,205,13,61,0.9403669724770642,0.7706766917293233,0.8195488721804511,0.8471074380165289
5,9,regular,3,1084,1107,23,1071,13,36,0.9880073800738007,0.967479674796748,0.979223125564589,0.9776357827476038
5,9,semiregular,3,685,701,16,654,31,47,0.9547445255474453,0.9329529243937232,0.9771754636233951,0.9437229437229437
5,9,irregular,3,15,266,251,3,12,263,0.2,0.011278195488721804,0.05639097744360902,0.021352313167259787
5,10,regular,1,1077,1014,63,1014,63,0,0.9415041782729805,1.0,1.0621301775147929,0.96987087517934
5,10,semiregular,1,649,656,7,598,51,58,0.9214175654853621,0.9115853658536586,0.989329268292683,0.9164750957854407
5,10,irregular,1,10,247,237,4,6,243,0.4,0.016194331983805668,0.04048582995951417,0.031128404669260704
5,10,regular,2,1119,1014,105,1014,105,0,0.9061662198391421,1.0,1.1035502958579881,0.9507735583684951
5,10,semiregular,2,691,656,35,627,64,29,0.9073806078147613,0.9557926829268293,1.0533536585365855,0.9309576837416481
5,10,irregular,2,220,247,27,193,27,54,0.8772727272727273,0.7813765182186235,0.8906882591093117,0.8265524625267666
5,10,regular,3,1073,1014,59,1014,59,0,0.9450139794967382,1.0,1.0581854043392505,0.971729755630091
5,10,semiregular,3,658,656,2,616,42,40,0.9361702127659575,0.9390243902439024,1.0030487804878048,0.9375951293759512
5,10,irregular,3,13,247,234,2,11,245,0.15384615384615385,0.008097165991902834,0.05263157894736842,0.015384615384615385
5,11,regular,1,1059,1070,11,1051,8,19,0.9924457034938622,0.9822429906542056,0.9897196261682243,0.9873179896665101
5,11,semiregular,1,730,700,30,631,99,69,0.8643835616438356,0.9014285714285715,1.042857142857143,0.8825174825174824
5,11,irregular,1,9,239,230,4,5,235,0.4444444444444444,0.016736401673640166,0.03765690376569038,0.03225806451612903
5,11,regular,2,1084,1070,14,1069,15,1,0.9861623616236163,0.9990654205607477,1.0130841121495326,0.9925719591457752
5,11,semiregular,2,737,700,37,662,75,38,0.898236092265943,0.9457142857142857,1.052857142857143,0.9213639526791927
5,11,irregular,2,168,239,71,156,12,83,0.9285714285714286,0.6527196652719666,0.702928870292887,0.7665847665847667
5,11,regular,3,1053,1070,17,1044,9,26,0.9914529914529915,0.9757009345794393,0.9841121495327103,0.9835138954309939
5,11,semiregular,3,713,700,13,656,57,44,0.9200561009817672,0.9371428571428572,1.0185714285714285,0.9285208775654635
5,11,irregular,3,13,239,226,1,12,238,0.07692307692307693,0.0041841004184100415,0.05439330543933055,0.007936507936507936
5,12,regular,1,1021,1007,14,1006,15,1,0.9853085210577864,0.9990069513406157,1.0139026812313803,0.9921104536489151
5,12,semiregular,1,710,641,69,593,117,48,0.8352112676056338,0.9251170046801872,1.107644305772231,0.8778682457438935
5,12,irregular,1,11,204,193,4,7,200,0.36363636363636365,0.0196078431372549,0.05392156862745098,0.037209302325581395
5,12,regular,2,1055,1007,48,1007,48,0,0.9545023696682464,1.0,1.047666335650447,0.976721629485936
5,12,semiregular,2,696,641,55,597,99,44,0.8577586206896551,0.9313572542901716,1.0858034321372856,0.8930441286462228
5,12,irregular,2,203,204,1,176,27,28,0.8669950738916257,0.8627450980392157,0.9950980392156863,0.8648648648648649
5,12,regular,3,1026,1007,19,1007,19,0,0.9814814814814815,1.0,1.0188679245283019,0.9906542056074767
5,12,semiregular,3,653,641,12,583,70,58,0.892802450229709,0.9095163806552262,1.0187207488299532,0.9010819165378672
5,12,irregular,3,13,204,191,2,11,202,0.15384615384615385,0.00980392156862745,0.06372549019607843,0.018433179723502304
5,13,regular,1,997,1000,3,987,10,13,0.9899699097291875,0.987,0.997,0.9884827240861291
5,13,semiregular,1,860,815,45,784,76,31,0.9116279069767442,0.9619631901840491,1.0552147239263803,0.9361194029850747
5,13,irregular,1,19,216,197,1,18,215,0.05263157894736842,0.004629629629629629,0.08796296296296297,0.00851063829787234
5,13,regular,2,1032,1000,32,1000,32,0,0.9689922480620154,1.0,1.032,0.9842519685039369
5,13,semiregular,2,856,815,41,796,60,19,0.9299065420560748,0.9766871165644172,1.0503067484662576,0.9527229204069421
5,13,irregular,2,193,216,23,178,15,38,0.9222797927461139,0.8240740740740741,0.8935185185185185,0.8704156479217603
5,13,regular,3,1005,1000,5,994,11,6,0.9890547263681592,0.994,1.005,0.9915211970074813
5,13,semiregular,3,822,815,7,772,50,43,0.9391727493917275,0.947239263803681,1.0085889570552147,0.9431887599266952
5,13,irregular,3,18,216,198,3,15,213,0.16666666666666666,0.013888888888888888,0.08333333333333333,0.02564102564102564
5,14,regular,1,1033,1052,19,1024,9,28,0.9912875121006777,0.973384030418251,0.9819391634980988,0.9822541966426859
5,14,semiregular,1,851,913,62,795,56,118,0.9341950646298472,0.8707557502738226,0.932092004381161,0.9013605442176872
5,14,irregular,1,14,217,203,2,12,215,0.14285714285714285,0.009216589861751152,0.06451612903225806,0.017316017316017316
5,14,regular,2,1005,1052,47,996,9,56,0.991044776119403,0.9467680608365019,0.9553231939163498,0.9684005833738454
5,14,semiregular,2,932,913,19,868,64,45,0.9313304721030042,0.9507119386637459,1.0208105147864184,0.9409214092140922
5,14,irregular,2,199,217,18,185,14,32,0.9296482412060302,0.8525345622119815,0.9170506912442397,0.8894230769230769
5,14,regular,3,1047,1052,5,1036,11,16,0.9894937917860553,0.9847908745247148,0.9952471482889734,0.9871367317770368
5,14,semiregular,3,898,913,15,854,44,59,0.9510022271714922,0.9353778751369113,0.9835706462212487,0.9431253451131971
5,14,irregular,3,13,217,204,3,10,214,0.23076923076923078,0.013824884792626729,0.059907834101382486,0.026086956521739132
5,15,regular,1,953,964,11,946,7,18,0.9926547743966422,0.9813278008298755,0.9885892116182573,0.9869587897756912
5,15,semiregular,1,789,774,15,727,62,47,0.9214195183776933,0.9392764857881137,1.0193798449612403,0.9302623160588611
5,15,irregular,1,11,218,207,7,4,211,0.6363636363636364,0.03211009174311927,0.05045871559633028,0.0611353711790393
5,15,regular,2,953,964,11,945,8,19,0.9916054564533053,0.9802904564315352,0.9885892116182573,0.9859154929577464
5,15,semiregular,2,777,774,3,727,50,47,0.9356499356499357,0.9392764857881137,1.003875968992248,0.9374597034171503
5,15,irregular,2,185,218,33,172,13,46,0.9297297297297298,0.7889908256880734,0.8486238532110092,0.8535980148883375
5,15,regular,3,949,964,15,940,9,24,0.9905163329820864,0.975103734439834,0.9844398340248963,0.982749607945635
5,15,semiregular,3,751,774,23,720,31,54,0.9587217043941412,0.9302325581395349,0.9702842377260982,0.9442622950819672
5,15,irregular,3,13,218,205,1,12,217,0.07692307692307693,0.0045871559633027525,0.05963302752293578,0.008658008658008658
5,16,regular,1,1099,1109,10,1084,15,25,0.986351228389445,0.9774571686203787,0.9909828674481514,0.9818840579710145
5,16,semiregular,1,721,681,40,608,113,73,0.8432732316227461,0.8928046989720999,1.0587371512481645,0.8673323823109843
5,16,irregular,1,20,272,252,6,14,266,0.3,0.022058823529411766,0.07352941176470588,0.04109589041095891
5,16,regular,2,1123,1109,14,1106,17,3,0.9848619768477292,0.9972948602344455,1.0126239855725878,0.9910394265232976
5,16,semiregular,2,698,681,17,626,72,55,0.8968481375358166,0.9192364170337739,1.0249632892804699,0.9079042784626541
5,16,irregular,2,202,272,70,190,12,82,0.9405940594059405,0.6985294117647058,0.7426470588235294,0.8016877637130801
5,16,regular,3,1111,1109,2,1095,16,14,0.9855985598559855,0.9873760144274121,1.0018034265103697,0.9864864864864865
5,16,semiregular,3,683,681,2,619,64,62,0.9062957540263543,0.908957415565345,1.0029368575624082,0.907624633431085
5,16,irregular,3,12,272,260,4,8,268,0.3333333333333333,0.014705882352941176,0.04411764705882353,0.028169014084507043
5,17,regular,1,1020,1029,9,1011,9,18,0.9911764705882353,0.9825072886297376,0.9912536443148688,0.9868228404099562
5,17,semiregular,1,827,837,10,739,88,98,0.8935912938331319,0.8829151732377539,0.98805256869773,0.8882211538461537
5,17,irregular,1,22,240,218,2,20,238,0.09090909090909091,0.008333333333333333,0.09166666666666666,0.015267175572519083
5,17,regular,2,1050,1029,21,1029,21,0,0.98,1.0,1.0204081632653061,0.98989898989899
5,17,semiregular,2,853,837,16,783,70,54,0.917936694021102,0.9354838709677419,1.0191158900836321,0.9266272189349112
5,17,irregular,2,193,240,47,173,20,67,0.8963730569948186,0.7208333333333333,0.8041666666666667,0.7990762124711317
5,17,regular,3,1035,1029,6,1025,10,4,0.9903381642512077,0.9961127308066083,1.0058309037900874,0.9932170542635659
5,17,semiregular,3,829,837,8,775,54,62,0.9348612786489746,0.9259259259259259,0.9904420549581839,0.9303721488595438
5,17,irregular,3,15,240,225,5,10,235,0.3333333333333333,0.020833333333333332,0.0625,0.0392156862745098
5,18,regular,1,1064,1044,20,1043,21,1,0.9802631578947368,0.9990421455938697,1.0191570881226053,0.9895635673624289
5,18,semiregular,1,823,801,22,752,71,49,0.913730255164034,0.9388264669163545,1.0274656679151062,0.9261083743842364
5,18,irregular,1,20,252,232,4,16,248,0.2,0.015873015873015872,0.07936507936507936,0.029411764705882353
5,18,regular,2,1103,1044,59,1044,59,0,0.9465095194922938,1.0,1.0565134099616857,0.9725197950628784
5,18,semiregular,2,829,801,28,770,59,31,0.9288299155609168,0.9612983770287141,1.034956304619226,0.9447852760736196
5,18,irregular,2,212,252,40,199,13,53,0.9386792452830188,0.7896825396825397,0.8412698412698413,0.8577586206896552
5,18,regular,3,1064,1044,20,1043,21,1,0.9802631578947368,0.9990421455938697,1.0191570881226053,0.9895635673624289
5,18,semiregular,3,809,801,8,767,42,34,0.9480840543881335,0.9575530586766542,1.0099875156054932,0.9527950310559006
5,18,irregular,3,12,252,240,4,8,248,0.3333333333333333,0.015873015873015872,0.047619047619047616,0.030303030303030304
5,19,regular,1,1083,1076,7,1071,12,5,0.9889196675900277,0.9953531598513011,1.0065055762081785,0.9921259842519685
5,19,semiregular,1,705,753,48,651,54,102,0.9234042553191489,0.8645418326693227,0.9362549800796812,0.8930041152263374
5,19,irregular,1,12,245,233,4,8,241,0.3333333333333333,0.0163265306122449,0.04897959183673469,0.0311284046692607
5,19,regular,2,1120,1076,44,1075,45,1,0.9598214285714286,0.9990706319702602,1.0408921933085502,0.9790528233151184
5,19,semiregular,2,750,753,3,704,46,49,0.9386666666666666,0.9349269588313412,0.9960159362549801,0.9367930805056554
5,19,irregular,2,216,245,29,190,26,55,0.8796296296296297,0.7755102040816326,0.8816326530612245,0.824295010845987
5,19,regular,3,1078,1076,2,1068,10,8,0.9907235621521335,0.9925650557620818,1.0018587360594795,0.9916434540389972
5,19,semiregular,3,722,753,31,675,47,78,0.9349030470914127,0.896414342629482,0.9588313413014609,0.9152542372881356
5,19,irregular,3,11,245,234,1,10,244,0.09090909090909091,0.004081632653061225,0.044897959183673466,0.007812500000000002
5,20,regular,1,1197,1251,54,1185,12,66,0.9899749373433584,0.947242206235012,0.9568345323741008,0.9681372549019607
5,20,semiregular,1,862,841,21,762,100,79,0.8839907192575406,0.906064209274673,1.0249702734839476,0.8948913681738109
5,20,irregular,1,13,252,239,2,11,250,0.15384615384615385,0.007936507936507936,0.051587301587301584,0.015094339622641508
5,20,regular,2,1230,1251,21,1216,14,35,0.9886178861788618,0.9720223820943246,0.9832134292565947,0.9802498992341797
5,20,semiregular,2,823,841,18,730,93,111,0.8869987849331713,0.8680142687277052,0.9785969084423306,0.8774038461538461
5,20,irregular,2,229,252,23,199,30,53,0.868995633187773,0.7896825396825397,0.9087301587301587,0.8274428274428275
5,20,regular,3,1156,1251,95,1143,13,108,0.9887543252595156,0.9136690647482014,0.9240607513988809,0.9497299542999584
5,20,semiregular,3,816,841,25,740,76,101,0.9068627450980392,0.8799048751486326,0.9702734839476813,0.8931804465902233
5,20,irregular,3,12,252,240,4,8,248,0.3333333333333333,0.015873015873015872,0.047619047619047616,0.030303030303030304
5,21,regular,1,933,920,13,919,14,1,0.984994640943194,0.9989130434782608,1.0141304347826088,0.9919050188882892
5,21,semiregular,1,598,549,49,484,114,65,0.8093645484949833,0.8816029143897997,1.0892531876138434,0.8439407149084569
5,21,irregular,1,15,204,189,3,12,201,0.2,0.014705882352941176,0.07352941176470588,0.0273972602739726
5,21,regular,2,958,920,38,920,38,0,0.9603340292275574,1.0,1.041304347826087,0.979765708200213
5,21,semiregular,2,629,549,80,525,104,24,0.834658187599364,0.9562841530054644,1.145719489981785,0.8913412563667231
5,21,irregular,2,180,204,24,166,14,38,0.9222222222222223,0.8137254901960784,0.8823529411764706,0.8645833333333334
5,21,regular,3,924,920,4,914,10,6,0.9891774891774892,0.9934782608695653,1.0043478260869565,0.9913232104121475
5,21,semiregular,3,604,549,55,511,93,38,0.8460264900662252,0.930783242258652,1.1001821493624773,0.8863833477883781
5,21,irregular,3,12,204,192,1,11,203,0.08333333333333333,0.004901960784313725,0.058823529411764705,0.009259259259259259
5,22,regular,1,975,946,29,946,29,0,0.9702564102564103,1.0,1.0306553911205074,0.984903695991671
5,22,semiregular,1,721,703,18,641,80,62,0.8890429958391124,0.9118065433854907,1.0256045519203414,0.9002808988764045
5,22,irregular,1,10,247,237,4,6,243,0.4,0.016194331983805668,0.04048582995951417,0.031128404669260704
5,22,regular,2,999,946,53,946,53,0,0.9469469469469469,1.0,1.0560253699788584,0.9727506426735218
5,22,semiregular,2,724,703,21,655,69,48,0.9046961325966851,0.9317211948790897,1.0298719772403984,0.918009810791871
5,22,irregular,2,181,247,66,163,18,84,0.9005524861878453,0.659919028340081,0.7327935222672065,0.7616822429906542
5,22,regular,3,963,946,17,936,27,10,0.9719626168224299,0.9894291754756871,1.017970401691332,0.9806181246726035
5,22,semiregular,3,714,703,11,647,67,56,0.9061624649859944,0.9203413940256046,1.0156472261735419,0.913196894848271
5,22,irregular,3,13,247,234,3,10,244,0.23076923076923078,0.012145748987854251,0.05263157894736842,0.023076923076923078
5,23,regular,1,1027,999,28,979,48,20,0.9532619279454723,0.97997997997998,1.028028028028028,0.9664363277393879
5,23,semiregular,1,757,835,78,667,90,168,0.8811096433289299,0.7988023952095809,0.9065868263473054,0.8379396984924622
5,23,irregular,1,10,266,256,2,8,264,0.2,0.007518796992481203,0.03759398496240601,0.014492753623188406
5,23,regular,2,1009,999,10,962,47,37,0.9534192269573836,0.9629629629629629,1.01001001001001,0.9581673306772908
5,23,semiregular,2,856,835,21,780,76,55,0.9112149532710281,0.9341317365269461,1.0251497005988024,0.9225310467179184
5,23,irregular,2,235,266,31,207,28,59,0.8808510638297873,0.7781954887218046,0.8834586466165414,0.8263473053892216
5,23,regular,3,1027,999,28,976,51,23,0.9503407984420643,0.9769769769769769,1.028028028028028,0.9634748272458045
5,23,semiregular,3,847,835,12,775,72,60,0.9149940968122786,0.9281437125748503,1.0143712574850299,0.9215219976218787
5,23,irregular,3,22,266,244,4,18,262,0.18181818181818182,0.015037593984962405,0.08270676691729323,0.027777777777777776
5,24,regular,1,1065,1079,14,1051,14,28,0.9868544600938968,0.974050046339203,0.9870250231696015,0.9804104477611941
5,24,semiregular,1,640,680,40,583,57,97,0.9109375,0.8573529411764705,0.9411764705882353,0.8833333333333333
5,24,irregular,1,13,247,234,6,7,241,0.46153846153846156,0.024291497975708502,0.05263157894736842,0.046153846153846156
5,24,regular,2,1031,1079,48,1016,15,63,0.98545101842871,0.9416126042632067,0.9555143651529193,0.9630331753554502
5,24,semiregular,2,673,680,7,637,36,43,0.9465081723625557,0.9367647058823529,0.9897058823529412,0.941611234294161
5,24,irregular,2,207,247,40,197,10,50,0.9516908212560387,0.7975708502024291,0.8380566801619433,0.8678414096916299
5,24,regular,3,1067,1079,12,1052,15,27,0.985941893158388,0.9749768303985171,0.9888785912882299,0.9804287045666357
5,24,semiregular,3,676,680,4,643,33,37,0.9511834319526628,0.9455882352941176,0.9941176470588236,0.948377581120944
5,24,irregular,3,16,247,231,3,13,244,0.1875,0.012145748987854251,0.06477732793522267,0.022813688212927754
5,25,regular,1,938,946,8,929,9,17,0.990405117270789,0.9820295983086681,0.9915433403805497,0.9861995753715499
5,25,semiregular,1,686,718,32,611,75,107,0.89067055393586,0.850974930362117,0.9554317548746518,0.8703703703703703
5,25,irregular,1,17,207,190,4,13,203,0.23529411764705882,0.01932367149758454,0.0821256038647343,0.03571428571428572
5,25,regular,2,912,946,34,904,8,42,0.9912280701754386,0.9556025369978859,0.9640591966173362,0.9730893433799785
5,25,semiregular,2,739,718,21,673,66,45,0.9106901217861976,0.9373259052924791,1.0292479108635098,0.9238160603980783
5,25,irregular,2,165,207,42,123,42,84,0.7454545454545455,0.5942028985507246,0.7971014492753623,0.661290322580645
5,25,regular,3,957,946,11,946,11,0,0.9885057471264368,1.0,1.0116279069767442,0.9942196531791908
5,25,semiregular,3,620,718,98,567,53,151,0.9145161290322581,0.7896935933147632,0.8635097493036211,0.8475336322869954
5,25,irregular,3,21,207,186,4,17,203,0.19047619047619047,0.01932367149758454,0.10144927536231885,0.03508771929824561
5,26,regular,1,1098,985,113,985,113,0,0.8970856102003643,1.0,1.1147208121827412,0.9457513202112339
5,26,semiregular,1,758,720,38,674,84,46,0.8891820580474934,0.9361111111111111,1.0527777777777778,0.912043301759134
5,26,irregular,1,13,214,201,2,11,212,0.15384615384615385,0.009345794392523364,0.06074766355140187,0.017621145374449337
5,26,regular,2,1191,985,206,985,206,0,0.8270361041141897,1.0,1.2091370558375634,0.9053308823529411
5,26,semiregular,2,796,720,76,691,105,29,0.8680904522613065,0.9597222222222223,1.1055555555555556,0.9116094986807388
5,26,irregular,2,239,214,25,168,71,46,0.702928870292887,0.7850467289719626,1.1168224299065421,0.7417218543046358
5,26,regular,3,1123,985,138,985,138,0,0.8771148708815673,1.0,1.1401015228426397,0.9345351043643264
5,26,semiregular,3,744,720,24,662,82,58,0.8897849462365591,0.9194444444444444,1.0333333333333334,0.9043715846994536
5,26,irregular,3,14,214,200,3,11,211,0.21428571428571427,0.014018691588785047,0.06542056074766354,0.02631578947368421
5,27,regular,1,1143,1166,23,1131,12,35,0.989501312335958,0.9699828473413379,0.9802744425385935,0.9796448679081853
5,27,semiregular,1,617,728,111,547,70,181,0.8865478119935171,0.7513736263736264,0.8475274725274725,0.8133828996282527
5,27,irregular,1,0,270,270,0,0,270,-1,-1,0.0,-1
5,27,regular,2,1122,1166,44,1110,12,56,0.9893048128342246,0.9519725557461407,0.9622641509433962,0.9702797202797203
5,27,semiregular,2,726,728,2,669,57,59,0.9214876033057852,0.9189560439560439,0.9972527472527473,0.9202200825309491
5,27,irregular,2,225,270,45,204,21,66,0.9066666666666666,0.7555555555555555,0.8333333333333334,0.8242424242424242
5,27,regular,3,1159,1166,7,1146,13,20,0.9887834339948232,0.9828473413379074,0.9939965694682675,0.9858064516129031
5,27,semiregular,3,709,728,19,659,50,69,0.9294781382228491,0.9052197802197802,0.9739010989010989,0.9171885873347251
5,27,irregular,3,20,270,250,3,17,267,0.15,0.011111111111111112,0.07407407407407407,0.020689655172413796
5,28,regular,1,1068,1098,30,1047,21,51,0.9803370786516854,0.953551912568306,0.9726775956284153,0.966759002770083
5,28,semiregular,1,869,859,10,784,85,75,0.9021864211737629,0.9126891734575088,1.0116414435389989,0.9074074074074074
5,28,irregular,1,4,293,289,0,4,293,-1,-1,0.013651877133105802,-1
5,28,regular,2,1065,1098,33,1043,22,55,0.9793427230046948,0.9499089253187614,0.9699453551912568,0.9644012944983819
5,28,semiregular,2,858,859,1,799,59,60,0.9312354312354313,0.930151338766007,0.9988358556461001,0.9306930693069307
5,28,irregular,2,222,293,71,192,30,101,0.8648648648648649,0.6552901023890785,0.757679180887372,0.7456310679611651
5,28,regular,3,1113,1098,15,1089,24,9,0.9784366576819407,0.9918032786885246,1.0136612021857923,0.9850746268656716
5,28,semiregular,3,809,859,50,762,47,97,0.9419035846724351,0.8870779976717112,0.9417927823050058,0.9136690647482013
5,28,irregular,3,23,293,270,2,21,291,0.08695652173913043,0.006825938566552901,0.07849829351535836,0.012658227848101266
5,29,regular,1,1125,1140,15,1117,8,23,0.9928888888888889,0.9798245614035088,0.9868421052631579,0.9863134657836644
5,29,semiregular,1,893,869,24,792,101,77,0.8868980963045913,0.9113924050632911,1.0276179516685846,0.8989784335981837
5,29,irregular,1,6,247,241,3,3,244,0.5,0.012145748987854251,0.024291497975708502,0.023715415019762844
5,29,regular,2,1101,1140,39,1091,10,49,0.9909173478655767,0.9570175438596491,0.9657894736842105,0.9736724676483712
5,29,semiregular,2,993,869,124,848,145,21,0.8539778449144008,0.9758342922899885,1.142692750287687,0.9108485499462944
5,29,irregular,2,229,247,18,209,20,38,0.9126637554585153,0.8461538461538461,0.9271255060728745,0.8781512605042018
5,29,regular,3,1110,1140,30,1101,9,39,0.9918918918918919,0.9657894736842105,0.9736842105263158,0.9786666666666667
5,29,semiregular,3,898,869,29,809,89,60,0.9008908685968819,0.9309551208285386,1.0333716915995397,0.9156762874929258
5,29,irregular,3,15,247,232,4,11,243,0.26666666666666666,0.016194331983805668,0.06072874493927125,0.03053435114503817
5,30,regular,1,973,997,24,966,7,31,0.9928057553956835,0.9689067201604814,0.9759277833500501,0.9807106598984772
5,30,semiregular,1,792,810,18,726,66,84,0.9166666666666666,0.8962962962962963,0.9777777777777777,0.9063670411985019
5,30,irregular,1,19,250,231,3,16,247,0.15789473684210525,0.012,0.076,0.022304832713754646
5,30,regular,2,983,997,14,975,8,22,0.9918616480162767,0.9779338014042126,0.9859578736208626,0.9848484848484849
5,30,semiregular,2,836,810,26,774,62,36,0.9258373205741627,0.9555555555555556,1.0320987654320988,0.9404617253948968
5,30,irregular,2,187,250,63,169,18,81,0.9037433155080213,0.676,0.748,0.7734553775743707
5,30,regular,3,991,997,6,983,8,14,0.9919273461150353,0.9859578736208626,0.9939819458375125,0.9889336016096579
5,30,semiregular,3,824,810,14,775,49,35,0.9405339805825242,0.9567901234567902,1.017283950617284,0.9485924112607099
5,30,irregular,3,25,250,225,2,23,248,0.08,0.008,0.1,0.014545454545454547
