Test fold number,Subject,Gait,Sensor,Predicted,Actual,Difference,TP,FP,FN,PPV,Sensitivity,RCA,SDA
1,1,regular,1,992,937,55,926,66,11,0.9334677419354839,0.9882604055496265,1.0586979722518677,0.9600829445308451
1,1,semiregular,1,717,703,14,606,111,97,0.8451882845188284,0.8620199146514936,1.0199146514935988,0.8535211267605635
1,1,irregular,1,6,199,193,3,3,196,0.5,0.01507537688442211,0.03015075376884422,0.02926829268292683
1,1,regular,2,977,937,40,914,63,23,0.9355168884339816,0.9754535752401281,1.0426894343649946,0.9550679205851621
1,1,semiregular,2,732,703,29,618,114,85,0.8442622950819673,0.8790896159317212,1.0412517780938833,0.8613240418118467
1,1,irregular,2,218,199,19,168,50,31,0.7706422018348624,0.8442211055276382,1.0954773869346734,0.8057553956834533
1,1,regular,3,921,937,16,912,9,25,0.990228013029316,0.9733191035218783,0.9829242262540021,0.9817007534983854
1,1,semiregular,3,758,703,55,654,104,49,0.862796833773087,0.930298719772404,1.0782361308677098,0.8952772073921972
1,1,irregular,3,6,199,193,3,3,196,0.5,0.01507537688442211,0.03015075376884422,0.02926829268292683
1,2,regular,1,1230,1224,6,1203,27,21,0.9780487804878049,0.9828431372549019,1.0049019607843137,0.9804400977995109
1,2,semiregular,1,555,647,92,522,33,125,0.9405405405405406,0.8068006182380216,0.8578052550231839,0.8685524126455907
1,2,irregular,1,7,217,210,1,6,216,0.14285714285714285,0.004608294930875576,0.03225806451612903,0.008928571428571428
1,2,regular,2,1243,1224,19,1215,28,9,0.9774738535800482,0.9926470588235294,1.0155228758169934,0.9850020267531414
1,2,semiregular,2,636,647,11,601,35,46,0.9449685534591195,0.9289026275115919,0.9829984544049459,0.9368667186282151
1,2,irregular,2,216,217,1,171,45,46,0.7916666666666666,0.7880184331797235,0.9953917050691244,0.789838337182448
1,2,regular,3,1222,1224,2,1214,8,10,0.9934533551554828,0.9918300653594772,0.9983660130718954,0.9926410466067048
1,2,semiregular,3,641,647,6,594,47,53,0.9266770670826833,0.9180834621329211,0.990726429675425,0.922360248447205
1,2,irregular,3,7,217,210,1,6,216,0.14285714285714285,0.004608294930875576,0.03225806451612903,0.008928571428571428
1,3,regular,1,1039,1053,14,1024,15,29,0.9855630413859481,0.9724596391263058,0.9867046533713201,0.9789674952198854
1,3,semiregular,1,696,716,20,615,81,101,0.8836206896551724,0.8589385474860335,0.9720670391061452,0.8711048158640228
1,3,irregular,1,7,224,217,1,6,223,0.14285714285714285,0.004464285714285714,0.03125,0.008658008658008656
1,3,regular,2,1031,1053,22,1016,15,37,0.98545101842871,0.9648622981956315,0.9791073124406457,0.9750479846449137
1,3,semiregular,2,739,716,23,657,82,59,0.8890392422192152,0.9175977653631285,1.032122905027933,0.9030927835051547
1,3,irregular,2,204,224,20,161,43,63,0.7892156862745098,0.71875,0.9107142857142857,0.752336448598131
1,3,regular,3,1031,1053,22,1027,4,26,0.9961202715809894,0.9753086419753086,0.9791073124406457,0.9856046065259116
1,3,semiregular,3,703,716,13,629,74,87,0.8947368421052632,0.8784916201117319,0.9818435754189944,0.886539816772375
1,3,irregular,3,7,224,217,1,6,223,0.14285714285714285,0.004464285714285714,0.03125,0.008658008658008656
1,4,regular,1,1135,1101,34,1101,34,0,0.9700440528634361,1.0,1.030881017257039,0.98479427549195
1,4,semiregular,1,612,614,2,512,100,102,0.8366013071895425,0.8338762214983714,0.996742671009772,0.835236541598695
1,4,irregular,1,8,228,220,0,8,228,-1,-1,0.03508771929824561,-1
1,4,regular,2,1119,1101,18,1100,19,1,0.9830205540661304,0.9990917347865577,1.0163487738419619,0.990990990990991
1,4,semiregular,2,629,614,15,563,66,51,0.8950715421303657,0.9169381107491856,1.02442996742671,0.9058728881737731
1,4,irregular,2,221,228,7,175,46,53,0.7918552036199095,0.7675438596491229,0.9692982456140351,0.779510022271715
1,4,regular,3,1095,1101,6,1090,5,11,0.9954337899543378,0.9900090826521344,0.9945504087193461,0.9927140255009106
1,4,semiregular,3,623,614,9,542,81,72,0.869983948635634,0.8827361563517915,1.014657980456026,0.8763136620856912
1,4,irregular,3,8,228,220,0,8,228,-1,-1,0.03508771929824561,-1
1,5,regular,1,1040,1044,4,1024,16,20,0.9846153846153847,0.9808429118773946,0.9961685823754789,0.9827255278310941
1,5,semiregular,1,742,668,74,621,121,47,0.8369272237196765,0.9296407185628742,1.1107784431137724,0.8808510638297872
1,5,irregular,1,9,217,208,1,8,216,0.1111111111111111,0.004608294930875576,0.041474654377880185,0.008849557522123895
1,5,regular,2,1036,1044,8,1020,16,24,0.9845559845559846,0.9770114942528736,0.9923371647509579,0.9807692307692307
1,5,semiregular,2,735,668,67,624,111,44,0.8489795918367347,0.9341317365269461,1.1002994011976048,0.8895224518888097
1,5,irregular,2,213,217,4,172,41,45,0.8075117370892019,0.7926267281105991,0.9815668202764977,0.8
1,5,regular,3,1041,1044,3,1039,2,5,0.9980787704130644,0.9952107279693486,0.9971264367816092,0.9966426858513189
1,5,semiregular,3,695,668,27,605,90,63,0.8705035971223022,0.905688622754491,1.0404191616766467,0.8877476155539251
1,5,irregular,3,9,217,208,2,7,215,0.2222222222222222,0.009216589861751152,0.041474654377880185,0.01769911504424779
1,6,regular,1,984,915,69,915,69,0,0.9298780487804879,1.0,1.0754098360655737,0.9636650868878357
1,6,semiregular,1,665,701,36,597,68,104,0.8977443609022556,0.8516405135520685,0.948644793152639,0.8740849194729137
1,6,irregular,1,8,195,187,3,5,192,0.375,0.015384615384615385,0.041025641025641026,0.02955665024630542
1,6,regular,2,976,915,61,914,62,1,0.9364754098360656,0.9989071038251366,1.0666666666666667,0.9666842940243258
1,6,semiregular,2,737,701,36,656,81,45,0.8900949796472184,0.9358059914407989,1.0513552068473608,0.9123783031988874
1,6,irregular,2,197,195,2,129,68,66,0.6548223350253807,0.6615384615384615,1.0102564102564102,0.6581632653061225
1,6,regular,3,917,915,2,911,6,4,0.9934569247546347,0.9956284153005465,1.0021857923497268,0.9945414847161572
1,6,semiregular,3,692,701,9,628,64,73,0.9075144508670521,0.8958630527817404,0.9871611982881597,0.9016511127063891
1,6,irregular,3,8,195,187,3,5,192,0.375,0.015384615384615385,0.041025641025641026,0.02955665024630542
1,7,regular,1,1244,1230,14,1212,32,18,0.9742765273311897,0.9853658536585366,1.0113821138211383,0.9797898140662894
1,7,semiregular,1,806,761,45,687,119,74,0.8523573200992556,0.9027595269382391,1.0591327201051248,0.8768347160178684
1,7,irregular,1,10,225,215,2,8,223,0.2,0.008888888888888889,0.044444444444444446,0.01702127659574468
1,7,regular,2,1243,1230,13,1217,26,13,0.9790828640386162,0.989430894308943,1.0105691056910568,0.9842296805499393
1,7,semiregular,2,763,761,2,676,87,85,0.8859764089121888,0.8883048620236531,1.002628120893561,0.8871391076115485
1,7,irregular,2,195,225,30,164,31,61,0.841025641025641,0.7288888888888889,0.8666666666666667,0.7809523809523811
1,7,regular,3,1220,1230,10,1216,4,14,0.9967213114754099,0.9886178861788618,0.991869918699187,0.9926530612244898
1,7,semiregular,3,764,761,3,670,94,91,0.8769633507853403,0.8804204993429697,1.0039421813403417,0.8786885245901639
1,7,irregular,3,10,225,215,1,9,224,0.1,0.0044444444444444444,0.044444444444444446,0.00851063829787234
1,8,regular,1,1053,1035,18,1029,24,6,0.9772079772079773,0.9942028985507246,1.017391304347826,0.985632183908046
1,8,semiregular,1,807,827,20,720,87,107,0.8921933085501859,0.8706166868198307,0.9758162031438936,0.8812729498164016
1,8,irregular,1,12,243,231,0,12,243,-1,-1,0.04938271604938271,-1
1,8,regular,2,1051,1035,16,1028,23,7,0.978116079923882,0.9932367149758454,1.0154589371980676,0.9856184084372005
1,8,semiregular,2,842,827,15,764,78,63,0.9073634204275535,0.9238210399032648,1.0181378476420797,0.9155182744158178
1,8,irregular,2,209,243,34,171,38,72,0.8181818181818182,0.7037037037037037,0.8600823045267489,0.7566371681415929
1,8,regular,3,1030,1035,5,1024,6,11,0.9941747572815534,0.9893719806763285,0.9951690821256038,0.9917675544794189
1,8,semiregular,3,830,827,3,757,73,70,0.9120481927710843,0.9153567110036276,1.003627569528416,0.9136994568497284
1,8,irregular,3,12,243,231,0,12,243,-1,-1,0.04938271604938271,-1
1,9,regular,1,1122,1107,15,1102,20,5,0.982174688057041,0.995483288166215,1.013550135501355,0.9887842081650965
1,9,semiregular,1,631,701,70,589,42,112,0.9334389857369255,0.8402282453637661,0.9001426533523538,0.8843843843843844
1,9,irregular,1,10,266,256,1,9,265,0.1,0.0037593984962406013,0.03759398496240601,0.007246376811594203
1,9,regular,2,1103,1107,4,1088,15,19,0.986400725294651,0.982836495031617,0.996386630532972,0.9846153846153846
1,9,semiregular,2,630,701,71,594,36,107,0.9428571428571428,0.8473609129814551,0.8987161198288159,0.8925619834710744
1,9,irregular,2,254,266,12,211,43,55,0.8307086614173228,0.793233082706767,0.9548872180451128,0.8115384615384615
1,9,regular,3,1088,1107,19,1084,4,23,0.9963235294117647,0.979223125564589,0.982836495031617,0.9876993166287017
1,9,semiregular,3,691,701,10,645,46,56,0.9334298118668596,0.920114122681883,0.985734664764622,0.9267241379310345
1,9,irregular,3,10,266,256,1,9,265,0.1,0.0037593984962406013,0.03759398496240601,0.007246376811594203
1,10,regular,1,1070,1014,56,1014,56,0,0.9476635514018692,1.0,1.0552268244575937,0.9731285988483686
1,10,semiregular,1,658,656,2,602,56,54,0.9148936170212766,0.9176829268292683,1.0030487804878048,0.9162861491628614
1,10,irregular,1,8,247,239,2,6,245,0.25,0.008097165991902834,0.032388663967611336,0.01568627450980392
1,10,regular,2,1036,1014,22,1006,30,8,0.971042471042471,0.9921104536489151,1.0216962524654833,0.9814634146341462
1,10,semiregular,2,683,656,27,616,67,40,0.9019033674963397,0.9390243902439024,1.041158536585366,0.9200896191187453
1,10,irregular,2,244,247,3,198,46,49,0.8114754098360656,0.8016194331983806,0.9878542510121457,0.8065173116089615
1,10,regular,3,1024,1014,10,1012,12,2,0.98828125,0.9980276134122288,1.009861932938856,0.9931305201177625
1,10,semiregular,3,637,656,19,584,53,72,0.9167974882260597,0.8902439024390244,0.9710365853658537,0.9033255993812839
1,10,irregular,3,8,247,239,2,6,245,0.25,0.008097165991902834,0.032388663967611336,0.01568627450980392
1,11,regular,1,1088,1070,18,1069,19,1,0.9825367647058824,0.9990654205607477,1.016822429906542,0.9907321594068582
1,11,semiregular,1,745,700,45,635,110,65,0.8523489932885906,0.9071428571428571,1.0642857142857143,0.8788927335640139
1,11,irregular,1,8,239,231,0,8,239,-1,-1,0.03347280334728033,-1
1,11,regular,2,1076,1070,6,1062,14,8,0.9869888475836431,0.9925233644859813,1.005607476635514,0.9897483690587139
1,11,semiregular,2,718,700,18,630,88,70,0.8774373259052924,0.9,1.0257142857142858,0.8885754583921015
1,11,irregular,2,207,239,32,170,37,69,0.821256038647343,0.7112970711297071,0.8661087866108786,0.7623318385650223
1,11,regular,3,1069,1070,1,1064,5,6,0.9953227315247896,0.994392523364486,0.9990654205607477,0.9948574100046751
1,11,semiregular,3,691,700,9,621,70,79,0.8986975397973951,0.8871428571428571,0.9871428571428571,0.892882818116463
1,11,irregular,3,8,239,231,0,8,239,-1,-1,0.03347280334728033,-1
1,12,regular,1,1030,1007,23,1007,23,0,0.9776699029126213,1.0,1.0228401191658392,0.9887088856161022
1,12,semiregular,1,697,641,56,582,115,59,0.8350071736011477,0.9079563182527302,1.0873634945397816,0.8699551569506727
1,12,irregular,1,9,204,195,0,9,204,-1,-1,0.04411764705882353,-1
1,12,regular,2,1044,1007,37,1007,37,0,0.9645593869731801,1.0,1.0367428003972194,0.9819600195026816
1,12,semiregular,2,691,641,50,583,108,58,0.8437047756874095,0.9095163806552262,1.078003120124805,0.8753753753753755
1,12,irregular,2,230,204,26,166,64,38,0.7217391304347827,0.8137254901960784,1.1274509803921569,0.7649769585253456
1,12,regular,3,1014,1007,7,1007,7,0,0.9930966469428008,1.0,1.0069513406156902,0.9965363681345869
1,12,semiregular,3,644,641,3,559,85,82,0.8680124223602484,0.8720748829953198,1.0046801872074882,0.8700389105058365
1,12,irregular,3,9,204,195,1,8,203,0.1111111111111111,0.004901960784313725,0.04411764705882353,0.009389671361502348
1,13,regular,1,1012,1000,12,998,14,2,0.9861660079051383,0.998,1.012,0.9920477137176937
1,13,semiregular,1,866,815,51,779,87,36,0.8995381062355658,0.9558282208588957,1.0625766871165645,0.926829268292683
1,13,irregular,1,12,216,204,3,9,213,0.25,0.013888888888888888,0.05555555555555555,0.02631578947368421
1,13,regular,2,1002,1000,2,992,10,8,0.9900199600798403,0.992,1.002,0.991008991008991
1,13,semiregular,2,832,815,17,767,65,48,0.921875,0.9411042944785276,1.0208588957055216,0.9313904068002429
1,13,irregular,2,232,216,16,180,52,36,0.7758620689655172,0.8333333333333334,1.0740740740740742,0.8035714285714286
1,13,regular,3,997,1000,3,994,3,6,0.9969909729187563,0.994,0.997,0.9954932398597897
1,13,semiregular,3,808,815,7,749,59,66,0.926980198019802,0.9190184049079755,0.9914110429447853,0.9229821318545903
1,13,irregular,3,12,216,204,3,9,213,0.25,0.013888888888888888,0.05555555555555555,0.02631578947368421
1,14,regular,1,1059,1052,7,1042,17,10,0.983947119924457,0.9904942965779467,1.0066539923954372,0.9872098531501657
1,14,semiregular,1,851,913,62,788,63,125,0.9259694477085781,0.8630887185104053,0.932092004381161,0.8934240362811793
1,14,irregular,1,8,217,209,2,6,215,0.25,0.009216589861751152,0.03686635944700461,0.017777777777777778
1,14,regular,2,1059,1052,7,1041,18,11,0.9830028328611898,0.9895437262357415,1.0066539923954372,0.986262434864993
1,14,semiregular,2,916,913,3,845,71,68,0.9224890829694323,0.9255202628696605,1.0032858707557504,0.924002186987425
1,14,irregular,2,213,217,4,172,41,45,0.8075117370892019,0.7926267281105991,0.9815668202764977,0.8
1,14,regular,3,1044,1052,8,1042,2,10,0.9980842911877394,0.9904942965779467,0.9923954372623575,0.9942748091603053
1,14,semiregular,3,886,913,27,828,58,85,0.9345372460496614,0.9069003285870756,0.9704271631982475,0.9205113952195665
1,14,irregular,3,8,217,209,2,6,215,0.25,0.009216589861751152,0.03686635944700461,0.017777777777777778
1,15,regular,1,980,964,16,963,17,1,0.9826530612244898,0.9989626556016598,1.016597510373444,0.9907407407407407
1,15,semiregular,1,783,774,9,709,74,65,0.9054916985951469,0.9160206718346253,1.0116279069767442,0.9107257546563905
1,15,irregular,1,9,218,209,1,8,217,0.1111111111111111,0.0045871559633027525,0.04128440366972477,0.00881057268722467
1,15,regular,2,962,964,2,947,15,17,0.9844074844074844,0.9823651452282157,0.9979253112033195,0.9833852544132917
1,15,semiregular,2,773,774,1,709,64,65,0.9172056921086675,0.9160206718346253,0.9987080103359173,0.9166127989657402
1,15,irregular,2,211,218,7,170,41,48,0.8056872037914692,0.7798165137614679,0.9678899082568807,0.7925407925407925
1,15,regular,3,960,964,4,957,3,7,0.996875,0.9927385892116183,0.995850622406639,0.9948024948024948
1,15,semiregular,3,747,774,27,692,55,82,0.9263721552878179,0.8940568475452196,0.9651162790697675,0.9099276791584484
1,15,irregular,3,9,218,209,2,7,216,0.2222222222222222,0.009174311926605505,0.04128440366972477,0.01762114537444934
1,16,regular,1,1128,1109,19,1107,21,2,0.9813829787234043,0.9981965734896303,1.0171325518485121,0.989718372820742
1,16,semiregular,1,662,681,19,567,95,114,0.8564954682779456,0.8325991189427313,0.9720998531571219,0.8443782576321669
1,16,irregular,1,8,272,264,1,7,271,0.125,0.003676470588235294,0.029411764705882353,0.0071428571428571435
1,16,regular,2,1140,1109,31,1109,31,0,0.9728070175438597,1.0,1.0279531109107305,0.9862160960426857
1,16,semiregular,2,688,681,7,616,72,65,0.8953488372093024,0.9045521292217328,1.0102790014684289,0.899926953981008
1,16,irregular,2,237,272,35,201,36,71,0.8481012658227848,0.7389705882352942,0.8713235294117647,0.7897838899803536
1,16,regular,3,1101,1109,8,1098,3,11,0.997275204359673,0.9900811541929666,0.9927862939585211,0.9936651583710406
1,16,semiregular,3,662,681,19,596,66,85,0.9003021148036254,0.8751835535976505,0.9720998531571219,0.8875651526433359
1,16,irregular,3,8,272,264,1,7,271,0.125,0.003676470588235294,0.029411764705882353,0.0071428571428571435
1,17,regular,1,1040,1029,11,1025,15,4,0.9855769230769231,0.9961127308066083,1.010689990281827,0.9908168197196713
1,17,semiregular,1,833,837,4,750,83,87,0.9003601440576231,0.8960573476702509,0.995221027479092,0.8982035928143713
1,17,irregular,1,10,240,230,1,9,239,0.1,0.004166666666666667,0.041666666666666664,0.008
1,17,regular,2,1043,1029,14,1027,16,2,0.9846596356663471,0.9980563654033042,1.0136054421768708,0.9913127413127413
1,17,semiregular,2,854,837,17,774,80,63,0.9063231850117096,0.9247311827956989,1.020310633213859,0.9154346540508574
1,17,irregular,2,223,240,17,177,46,63,0.7937219730941704,0.7375,0.9291666666666667,0.7645788336933045
1,17,regular,3,1034,1029,5,1028,6,1,0.9941972920696325,0.9990281827016521,1.0048590864917395,0.9966068831798351
1,17,semiregular,3,827,837,10,761,66,76,0.9201934703748489,0.9091995221027479,0.98805256869773,0.9146634615384615
1,17,irregular,3,10,240,230,1,9,239,0.1,0.004166666666666667,0.041666666666666664,0.008
1,18,regular,1,1061,1044,17,1041,20,3,0.9811498586239397,0.9971264367816092,1.0162835249042146,0.9890736342042755
1,18,semiregular,1,791,801,10,722,69,79,0.9127686472819216,0.9013732833957553,0.9875156054931336,0.907035175879397
1,18,irregular,1,8,252,244,3,5,249,0.375,0.011904761904761904,0.031746031746031744,0.023076923076923075
1,18,regular,2,1071,1044,27,1043,28,1,0.9738562091503268,0.9990421455938697,1.0258620689655173,0.9862884160756501
1,18,semiregular,2,824,801,23,760,64,41,0.9223300970873787,0.9488139825218477,1.0287141073657928,0.9353846153846154
1,18,irregular,2,252,252,0,205,47,47,0.8134920634920635,0.8134920634920635,1.0,0.8134920634920635
1,18,regular,3,1054,1044,10,1042,12,2,0.9886148007590133,0.9980842911877394,1.0095785440613028,0.9933269780743565
1,18,semiregular,3,793,801,8,741,52,60,0.9344262295081968,0.9250936329588015,0.9900124843945068,0.9297365119196989
1,18,irregular,3,8,252,244,3,5,249,0.375,0.011904761904761904,0.031746031746031744,0.023076923076923075
1,19,regular,1,1096,1076,20,1072,24,4,0.9781021897810219,0.9962825278810409,1.0185873605947955,0.9871086556169429
1,19,semiregular,1,737,753,16,673,64,80,0.9131614654002713,0.8937583001328021,0.9787516600265604,0.9033557046979864
1,19,irregular,1,7,245,238,0,7,245,-1,-1,0.02857142857142857,-1
1,19,regular,2,1077,1076,1,1067,10,9,0.9907149489322191,0.991635687732342,1.0009293680297398,0.9911751045053414
1,19,semiregular,2,751,753,2,686,65,67,0.9134487350199734,0.9110225763612217,0.99734395750332,0.9122340425531916
1,19,irregular,2,251,245,6,188,63,57,0.749003984063745,0.7673469387755102,1.0244897959183674,0.7580645161290321
1,19,regular,3,1078,1076,2,1070,8,6,0.9925788497217068,0.9944237918215614,1.0018587360594795,0.9935004642525535
1,19,semiregular,3,724,753,29,666,58,87,0.919889502762431,0.8844621513944223,0.9614873837981408,0.9018280297901151
1,19,irregular,3,7,245,238,1,6,244,0.14285714285714285,0.004081632653061225,0.02857142857142857,0.007936507936507938
1,20,regular,1,1222,1251,29,1202,20,49,0.983633387888707,0.9608313349320543,0.9768185451638689,0.9720986655883542
1,20,semiregular,1,870,841,29,761,109,80,0.8747126436781609,0.9048751486325802,1.0344827586206897,0.8895382817066042
1,20,irregular,1,8,252,244,0,8,252,-1,-1,0.031746031746031744,-1
1,20,regular,2,1235,1251,16,1216,19,35,0.9846153846153847,0.9720223820943246,0.9872102318145484,0.9782783588093323
1,20,semiregular,2,801,841,40,711,90,130,0.8876404494382022,0.845422116527943,0.9524375743162902,0.8660170523751523
1,20,irregular,2,250,252,2,200,50,52,0.8,0.7936507936507936,0.9920634920634921,0.7968127490039839
1,20,regular,3,1204,1251,47,1200,4,51,0.9966777408637874,0.9592326139088729,0.9624300559552358,0.9775967413441955
1,20,semiregular,3,823,841,18,735,88,106,0.8930741190765492,0.8739595719381689,0.9785969084423306,0.8834134615384616
1,20,irregular,3,8,252,244,0,8,252,-1,-1,0.031746031746031744,-1
1,21,regular,1,943,920,23,920,23,0,0.975609756097561,1.0,1.025,0.9876543209876543
1,21,semiregular,1,574,549,25,467,107,82,0.813588850174216,0.8506375227686703,1.0455373406193078,0.8317008014247551
1,21,irregular,1,8,204,196,3,5,201,0.375,0.014705882352941176,0.0392156862745098,0.028301886792452827
1,21,regular,2,945,920,25,920,25,0,0.9735449735449735,1.0,1.0271739130434783,0.9865951742627346
1,21,semiregular,2,591,549,42,490,101,59,0.8291032148900169,0.8925318761384335,1.0765027322404372,0.8596491228070176
1,21,irregular,2,212,204,8,168,44,36,0.7924528301886793,0.8235294117647058,1.0392156862745099,0.8076923076923077
1,21,regular,3,923,920,3,918,5,2,0.9945828819068255,0.9978260869565218,1.0032608695652174,0.996201844818231
1,21,semiregular,3,574,549,25,489,85,60,0.8519163763066202,0.8907103825136612,1.0455373406193078,0.8708815672306323
1,21,irregular,3,8,204,196,3,5,201,0.375,0.014705882352941176,0.0392156862745098,0.028301886792452827
1,22,regular,1,984,946,38,946,38,0,0.9613821138211383,1.0,1.040169133192389,0.9803108808290155
1,22,semiregular,1,732,703,29,632,100,71,0.8633879781420765,0.89900426742532,1.0412517780938833,0.8808362369337979
1,22,irregular,1,8,247,239,1,7,246,0.125,0.004048582995951417,0.032388663967611336,0.00784313725490196
1,22,regular,2,981,946,35,944,37,2,0.9622833843017329,0.9978858350951374,1.0369978858350952,0.9797612869745719
1,22,semiregular,2,724,703,21,645,79,58,0.8908839779005525,0.9174964438122333,1.0298719772403984,0.9039943938332167
1,22,irregular,2,228,247,19,179,49,68,0.7850877192982456,0.7246963562753036,0.9230769230769231,0.7536842105263158
1,22,regular,3,945,946,1,938,7,8,0.9925925925925926,0.9915433403805497,0.9989429175475687,0.9920676890534109
1,22,semiregular,3,699,703,4,629,70,74,0.899856938483548,0.8947368421052632,0.9943100995732574,0.8972895863052782
1,22,irregular,3,8,247,239,1,7,246,0.125,0.004048582995951417,0.032388663967611336,0.00784313725490196
1,23,regular,1,1046,999,47,990,56,9,0.9464627151051626,0.990990990990991,1.047047047047047,0.9682151589242053
1,23,semiregular,1,862,835,27,746,116,89,0.8654292343387471,0.8934131736526946,1.0323353293413173,0.8791985857395404
1,23,irregular,1,14,266,252,4,10,262,0.2857142857142857,0.015037593984962405,0.05263157894736842,0.02857142857142857
1,23,regular,2,1016,999,17,988,28,11,0.9724409448818898,0.988988988988989,1.017017017017017,0.9806451612903226
1,23,semiregular,2,845,835,10,755,90,80,0.893491124260355,0.9041916167664671,1.0119760479041917,0.8988095238095238
1,23,irregular,2,249,266,17,191,58,75,0.7670682730923695,0.7180451127819549,0.9360902255639098,0.741747572815534
1,23,regular,3,999,999,0,987,12,12,0.987987987987988,0.987987987987988,1.0,0.987987987987988
1,23,semiregular,3,838,835,3,749,89,86,0.8937947494033412,0.8970059880239521,1.0035928143712576,0.895397489539749
1,23,irregular,3,14,266,252,3,11,263,0.21428571428571427,0.011278195488721804,0.05263157894736842,0.021428571428571425
1,24,regular,1,1092,1079,13,1068,24,11,0.978021978021978,0.989805375347544,1.0120481927710843,0.9838783970520498
1,24,semiregular,1,670,680,10,605,65,75,0.9029850746268657,0.8897058823529411,0.9852941176470589,0.8962962962962964
1,24,irregular,1,10,247,237,2,8,245,0.2,0.008097165991902834,0.04048582995951417,0.015564202334630352
1,24,regular,2,1095,1079,16,1071,24,8,0.9780821917808219,0.9925857275254866,1.0148285449490269,0.9852805887764489
1,24,semiregular,2,670,680,10,621,49,59,0.926865671641791,0.913235294117647,0.9852941176470589,0.9199999999999999
1,24,irregular,2,241,247,6,201,40,46,0.8340248962655602,0.8137651821862348,0.9757085020242915,0.8237704918032788
1,24,regular,3,1065,1079,14,1060,5,19,0.9953051643192489,0.9823911028730306,0.9870250231696015,0.9888059701492539
1,24,semiregular,3,670,680,10,623,47,57,0.9298507462686567,0.9161764705882353,0.9852941176470589,0.922962962962963
1,24,irregular,3,10,247,237,3,7,244,0.3,0.012145748987854251,0.04048582995951417,0.023346303501945526
1,25,regular,1,954,946,8,937,17,9,0.9821802935010482,0.9904862579281184,1.0084566596194504,0.9863157894736843
1,25,semiregular,1,689,718,29,610,79,108,0.8853410740203193,0.8495821727019499,0.9596100278551533,0.8670931058990761
1,25,irregular,1,13,207,194,4,9,203,0.3076923076923077,0.01932367149758454,0.06280193236714976,0.03636363636363637
1,25,regular,2,954,946,8,940,14,6,0.9853249475890985,0.9936575052854123,1.0084566596194504,0.9894736842105263
1,25,semiregular,2,723,718,5,653,70,65,0.9031811894882434,0.9094707520891365,1.0069637883008355,0.9063150589868147
1,25,irregular,2,172,207,35,135,37,72,0.7848837209302325,0.6521739130434783,0.8309178743961353,0.712401055408971
1,25,regular,3,934,946,12,931,3,15,0.9967880085653105,0.9841437632135307,0.9873150105708245,0.9904255319148936
1,25,semiregular,3,698,718,20,631,67,87,0.9040114613180515,0.8788300835654597,0.9721448467966574,0.8912429378531074
1,25,irregular,3,13,207,194,4,9,203,0.3076923076923077,0.01932367149758454,0.06280193236714976,0.03636363636363637
1,26,regular,1,1027,985,42,985,42,0,0.9591041869522883,1.0,1.0426395939086295,0.9791252485089463
1,26,semiregular,1,748,720,28,660,88,60,0.8823529411764706,0.9166666666666666,1.038888888888889,0.8991825613079019
1,26,irregular,1,9,214,205,1,8,213,0.1111111111111111,0.004672897196261682,0.04205607476635514,0.008968609865470852
1,26,regular,2,1002,985,17,973,29,12,0.9710578842315369,0.9878172588832488,1.017258883248731,0.9793658782083543
1,26,semiregular,2,737,720,17,663,74,57,0.8995929443690638,0.9208333333333333,1.023611111111111,0.910089224433768
1,26,irregular,2,193,214,21,147,46,67,0.7616580310880829,0.6869158878504673,0.9018691588785047,0.7223587223587223
1,26,regular,3,1007,985,22,983,24,2,0.9761668321747765,0.9979695431472081,1.0223350253807106,0.9869477911646586
1,26,semiregular,3,748,720,28,666,82,54,0.8903743315508021,0.925,1.038888888888889,0.9073569482288828
1,26,irregular,3,9,214,205,1,8,213,0.1111111111111111,0.004672897196261682,0.04205607476635514,0.008968609865470852
1,27,regular,1,1174,1166,8,1155,19,11,0.9838160136286201,0.9905660377358491,1.006861063464837,0.9871794871794872
1,27,semiregular,1,686,728,42,604,82,124,0.880466472303207,0.8296703296703297,0.9423076923076923,0.8543140028288543
1,27,irregular,1,13,270,257,2,11,268,0.15384615384615385,0.007407407407407408,0.04814814814814815,0.014134275618374558
1,27,regular,2,1180,1166,14,1160,20,6,0.9830508474576272,0.9948542024013722,1.012006861063465,0.988917306052856
1,27,semiregular,2,713,728,15,644,69,84,0.9032258064516129,0.8846153846153846,0.9793956043956044,0.89382373351839
1,27,irregular,2,259,270,11,216,43,54,0.833976833976834,0.8,0.9592592592592593,0.8166351606805293
1,27,regular,3,1156,1166,10,1153,3,13,0.9974048442906575,0.9888507718696398,0.9914236706689536,0.9931093884582256
1,27,semiregular,3,709,728,19,640,69,88,0.9026798307475318,0.8791208791208791,0.9739010989010989,0.8907446068197634
1,27,irregular,3,13,270,257,2,11,268,0.15384615384615385,0.007407407407407408,0.04814814814814815,0.014134275618374558
1,28,regular,1,1112,1098,14,1082,30,16,0.9730215827338129,0.9854280510018215,1.0127504553734061,0.9791855203619909
1,28,semiregular,1,890,859,31,795,95,64,0.8932584269662921,0.9254947613504074,1.0360884749708963,0.9090909090909091
1,28,irregular,1,15,293,278,2,13,291,0.13333333333333333,0.006825938566552901,0.051194539249146756,0.012987012987012988
1,28,regular,2,1124,1098,26,1094,30,4,0.9733096085409253,0.9963570127504554,1.02367941712204,0.9846984698469847
1,28,semiregular,2,848,859,11,773,75,86,0.9115566037735849,0.89988358556461,0.9871944121071012,0.9056824838898652
1,28,irregular,2,223,293,70,179,44,114,0.8026905829596412,0.6109215017064846,0.7610921501706485,0.6937984496124032
1,28,regular,3,1090,1098,8,1085,5,13,0.9954128440366973,0.98816029143898,0.9927140255009107,0.9917733089579526
1,28,semiregular,3,851,859,8,783,68,76,0.9200940070505288,0.9115250291036089,0.9906868451688009,0.9157894736842105
1,28,irregular,3,15,293,278,2,13,291,0.13333333333333333,0.006825938566552901,0.051194539249146756,0.012987012987012988
1,29,regular,1,1147,1140,7,1130,17,10,0.985178727114211,0.9912280701754386,1.006140350877193,0.9881941407958024
1,29,semiregular,1,901,869,32,782,119,87,0.8679245283018868,0.8998849252013809,1.0368239355581128,0.8836158192090396
1,29,irregular,1,10,247,237,2,8,245,0.2,0.008097165991902834,0.04048582995951417,0.015564202334630352
1,29,regular,2,1148,1140,8,1133,15,7,0.9869337979094077,0.993859649122807,1.0070175438596491,0.9903846153846154
1,29,semiregular,2,950,869,81,826,124,43,0.8694736842105263,0.950517836593786,1.093210586881473,0.9081913139087411
1,29,irregular,2,232,247,15,188,44,59,0.8103448275862069,0.7611336032388664,0.9392712550607287,0.7849686847599163
1,29,regular,3,1127,1140,13,1121,6,19,0.9946761313220941,0.9833333333333333,0.9885964912280701,0.9889722099691223
1,29,semiregular,3,886,869,17,788,98,81,0.8893905191873589,0.906789413118527,1.0195627157652474,0.8980056980056981
1,29,irregular,3,10,247,237,2,8,245,0.2,0.008097165991902834,0.04048582995951417,0.015564202334630352
1,30,regular,1,1008,997,11,992,16,5,0.9841269841269841,0.9949849548645938,1.0110330992978938,0.9895261845386534
1,30,semiregular,1,806,810,4,731,75,79,0.9069478908188585,0.9024691358024691,0.9950617283950617,0.9047029702970296
1,30,irregular,1,16,250,234,3,13,247,0.1875,0.012,0.064,0.02255639097744361
1,30,regular,2,1001,997,4,991,10,6,0.99000999000999,0.9939819458375125,1.004012036108325,0.9919919919919918
1,30,semiregular,2,815,810,5,749,66,61,0.9190184049079755,0.9246913580246914,1.0061728395061729,0.9218461538461539
1,30,irregular,2,217,250,33,180,37,70,0.8294930875576036,0.72,0.868,0.7708779443254817
1,30,regular,3,994,997,3,991,3,6,0.9969818913480886,0.9939819458375125,0.9969909729187563,0.995479658463084
1,30,semiregular,3,814,810,4,748,66,62,0.918918918918919,0.9234567901234568,1.0049382716049382,0.9211822660098522
1,30,irregular,3,16,250,234,3,13,247,0.1875,0.012,0.064,0.02255639097744361
2,1,regular,1,955,937,18,936,19,1,0.9801047120418848,0.9989327641408752,1.0192102454642475,0.9894291754756872
2,1,semiregular,1,748,703,45,632,116,71,0.8449197860962567,0.89900426742532,1.0640113798008535,0.8711233631977947
2,1,irregular,1,102,199,97,85,17,114,0.8333333333333334,0.4271356783919598,0.5125628140703518,0.5647840531561462
2,1,regular,2,1003,937,66,936,67,1,0.9332003988035892,0.9989327641408752,1.0704375667022412,0.9649484536082474
2,1,semiregular,2,720,703,17,611,109,92,0.8486111111111111,0.8691322901849218,1.0241820768136558,0.8587491215741392
2,1,irregular,2,195,199,4,152,43,47,0.7794871794871795,0.7638190954773869,0.9798994974874372,0.7715736040609137
2,1,regular,3,937,937,0,932,5,5,0.9946638207043756,0.9946638207043756,1.0,0.9946638207043756
2,1,semiregular,3,706,703,3,619,87,84,0.876770538243626,0.8805120910384068,1.004267425320057,0.8786373314407382
2,1,irregular,3,186,199,13,145,41,54,0.7795698924731183,0.7286432160804021,0.9346733668341709,0.7532467532467532
2,2,regular,1,1231,1224,7,1207,24,17,0.9805036555645816,0.9861111111111112,1.005718954248366,0.9832993890020367
2,2,semiregular,1,612,647,35,572,40,75,0.934640522875817,0.884080370942813,0.9459041731066461,0.9086576648133439
2,2,irregular,1,66,217,151,58,8,159,0.8787878787878788,0.2672811059907834,0.30414746543778803,0.40989399293286216
2,2,regular,2,1250,1224,26,1218,32,6,0.9744,0.9950980392156863,1.0212418300653594,0.98464025869038
2,2,semiregular,2,632,647,15,593,39,54,0.9382911392405063,0.9165378670788253,0.9768160741885626,0.9272869429241595
2,2,irregular,2,193,217,24,158,35,59,0.8186528497409327,0.728110599078341,0.8894009216589862,0.7707317073170731
2,2,regular,3,1220,1224,4,1213,7,11,0.9942622950819672,0.9910130718954249,0.9967320261437909,0.992635024549918
2,2,semiregular,3,646,647,1,610,36,37,0.9442724458204335,0.9428129829984544,0.9984544049459042,0.9435421500386697
2,2,irregular,3,208,217,9,164,44,53,0.7884615384615384,0.7557603686635944,0.9585253456221198,0.7717647058823529
2,3,regular,1,1049,1053,4,1038,11,15,0.9895138226882746,0.9857549857549858,0.9962013295346629,0.9876308277830638
2,3,semiregular,1,707,716,9,631,76,85,0.8925035360678925,0.8812849162011173,0.9874301675977654,0.8868587491215741
2,3,irregular,1,134,224,90,120,14,104,0.8955223880597015,0.5357142857142857,0.5982142857142857,0.6703910614525139
2,3,regular,2,1052,1053,1,1036,16,17,0.9847908745247148,0.9838556505223172,0.9990503323836657,0.9843230403800475
2,3,semiregular,2,752,716,36,667,85,49,0.886968085106383,0.9315642458100558,1.0502793296089385,0.9087193460490463
2,3,irregular,2,195,224,29,157,38,67,0.8051282051282052,0.7008928571428571,0.8705357142857143,0.7494033412887828
2,3,regular,3,1044,1053,9,1041,3,12,0.9971264367816092,0.9886039886039886,0.9914529914529915,0.9928469241773963
2,3,semiregular,3,707,716,9,635,72,81,0.8981612446958982,0.8868715083798883,0.9874301675977654,0.8924806746310612
2,3,irregular,3,216,224,8,167,49,57,0.7731481481481481,0.7455357142857143,0.9642857142857143,0.7590909090909091
2,4,regular,1,1125,1101,24,1101,24,0,0.9786666666666667,1.0,1.021798365122616,0.9892183288409703
2,4,semiregular,1,651,614,37,541,110,73,0.8310291858678955,0.8811074918566775,1.0602605863192183,0.8553359683794467
2,4,irregular,1,53,228,175,36,17,192,0.6792452830188679,0.15789473684210525,0.2324561403508772,0.25622775800711745
2,4,regular,2,1120,1101,19,1101,19,0,0.9830357142857142,1.0,1.017257039055404,0.9914452949122017
2,4,semiregular,2,621,614,7,553,68,61,0.8904991948470209,0.9006514657980456,1.011400651465798,0.8955465587044534
2,4,irregular,2,207,228,21,167,40,61,0.8067632850241546,0.7324561403508771,0.9078947368421053,0.767816091954023
2,4,regular,3,1109,1101,8,1100,9,1,0.9918845807033363,0.9990917347865577,1.0072661217075387,0.995475113122172
2,4,semiregular,3,605,614,9,543,62,71,0.8975206611570248,0.8843648208469055,0.9853420195439739,0.8908941755537325
2,4,irregular,3,211,228,17,163,48,65,0.7725118483412322,0.7149122807017544,0.9254385964912281,0.7425968109339408
2,5,regular,1,1057,1044,13,1043,14,1,0.9867549668874173,0.9990421455938697,1.0124521072796935,0.9928605425987626
2,5,semiregular,1,749,668,81,631,118,37,0.842456608811749,0.9446107784431138,1.1212574850299402,0.8906139731827806
2,5,irregular,1,63,217,154,48,15,169,0.7619047619047619,0.22119815668202766,0.2903225806451613,0.34285714285714286
2,5,regular,2,1059,1044,15,1042,17,2,0.983947119924457,0.9980842911877394,1.014367816091954,0.9909652876842606
2,5,semiregular,2,715,668,47,616,99,52,0.8615384615384616,0.9221556886227545,1.0703592814371257,0.8908170643528561
2,5,irregular,2,197,217,20,164,33,53,0.8324873096446701,0.7557603686635944,0.9078341013824884,0.792270531400966
2,5,regular,3,1045,1044,1,1042,3,2,0.9971291866028709,0.9980842911877394,1.0009578544061302,0.9976065102920058
2,5,semiregular,3,680,668,12,595,85,73,0.875,0.8907185628742516,1.0179640718562875,0.8827893175074184
2,5,irregular,3,199,217,18,156,43,61,0.7839195979899497,0.7188940092165899,0.9170506912442397,0.7500000000000001
2,6,regular,1,967,915,52,913,54,2,0.9441571871768356,0.9978142076502732,1.0568306010928963,0.9702444208289054
2,6,semiregular,1,721,701,20,650,71,51,0.9015256588072122,0.927246790299572,1.028530670470756,0.9142053445850914
2,6,irregular,1,76,195,119,41,35,154,0.5394736842105263,0.21025641025641026,0.38974358974358975,0.3025830258302583
2,6,regular,2,964,915,49,914,50,1,0.9481327800829875,0.9989071038251366,1.053551912568306,0.972857903139968
2,6,semiregular,2,722,701,21,654,68,47,0.9058171745152355,0.9329529243937232,1.029957203994294,0.9191848208011244
2,6,irregular,2,166,195,29,129,37,66,0.7771084337349398,0.6615384615384615,0.8512820512820513,0.7146814404432134
2,6,regular,3,924,915,9,913,11,2,0.9880952380952381,0.9978142076502732,1.0098360655737706,0.9929309407286568
2,6,semiregular,3,697,701,4,637,60,64,0.9139167862266858,0.9087018544935807,0.9942938659058488,0.9113018597997139
2,6,irregular,3,194,195,1,155,39,40,0.7989690721649485,0.7948717948717948,0.9948717948717949,0.7969151670951156
2,7,regular,1,1248,1230,18,1223,25,7,0.9799679487179487,0.9943089430894309,1.0146341463414634,0.9870863599677158
2,7,semiregular,1,65,761,696,60,5,701,0.9230769230769231,0.07884362680683311,0.08541392904073587,0.14527845036319612
2,7,irregular,1,7,225,218,1,6,224,0.14285714285714285,0.0044444444444444444,0.03111111111111111,0.008620689655172414
2,7,regular,2,1287,1230,57,1230,57,0,0.9557109557109557,1.0,1.0463414634146342,0.9773539928486293
2,7,semiregular,2,733,761,28,653,80,108,0.8908594815825375,0.8580814717477004,0.9632063074901446,0.8741633199464524
2,7,irregular,2,157,225,68,135,22,90,0.8598726114649682,0.6,0.6977777777777778,0.706806282722513
2,7,regular,3,1229,1230,1,1223,6,7,0.9951179820992677,0.9943089430894309,0.9991869918699187,0.994713298088654
2,7,semiregular,3,736,761,25,651,85,110,0.8845108695652174,0.8554533508541393,0.9671484888304862,0.8697394789579159
2,7,irregular,3,206,225,19,167,39,58,0.8106796116504854,0.7422222222222222,0.9155555555555556,0.7749419953596287
2,8,regular,1,1050,1035,15,1028,22,7,0.979047619047619,0.9932367149758454,1.0144927536231885,0.9860911270983213
2,8,semiregular,1,780,827,47,700,80,127,0.8974358974358975,0.8464328899637243,0.9431680773881499,0.8711885500933416
2,8,irregular,1,115,243,128,99,16,144,0.8608695652173913,0.4074074074074074,0.4732510288065844,0.553072625698324
2,8,regular,2,1057,1035,22,1033,24,2,0.9772942289498581,0.9980676328502416,1.021256038647343,0.9875717017208413
2,8,semiregular,2,837,827,10,757,80,70,0.9044205495818399,0.9153567110036276,1.0120918984280531,0.9098557692307693
2,8,irregular,2,195,243,48,156,39,87,0.8,0.6419753086419753,0.8024691358024691,0.7123287671232877
2,8,regular,3,1026,1035,9,1021,5,14,0.9951267056530214,0.9864734299516909,0.991304347826087,0.9907811741872877
2,8,semiregular,3,835,827,8,759,76,68,0.9089820359281438,0.9177750906892382,1.0096735187424426,0.9133574007220217
2,8,irregular,3,223,243,20,164,59,79,0.7354260089686099,0.6748971193415638,0.9176954732510288,0.7038626609442061
2,9,regular,1,1098,1107,9,1081,17,26,0.9845173041894353,0.976513098464318,0.991869918699187,0.980498866213152
2,9,semiregular,1,576,701,125,541,35,160,0.9392361111111112,0.7717546362339515,0.8216833095577746,0.8472983555207518
2,9,irregular,1,78,266,188,65,13,201,0.8333333333333334,0.24436090225563908,0.2932330827067669,0.37790697674418605
2,9,regular,2,1113,1107,6,1092,21,15,0.9811320754716981,0.986449864498645,1.005420054200542,0.9837837837837838
2,9,semiregular,2,610,701,91,571,39,130,0.9360655737704918,0.8145506419400856,0.8701854493580599,0.8710907704042716
2,9,irregular,2,220,266,46,187,33,79,0.85,0.7030075187969925,0.8270676691729323,0.7695473251028807
2,9,regular,3,1092,1107,15,1087,5,20,0.9954212454212454,0.98193315266486,0.986449864498645,0.9886311959981811
2,9,semiregular,3,694,701,7,652,42,49,0.9394812680115274,0.9300998573466477,0.9900142653352354,0.9347670250896057
2,9,irregular,3,234,266,32,186,48,80,0.7948717948717948,0.6992481203007519,0.8796992481203008,0.744
2,10,regular,1,1088,1014,74,1013,75,1,0.9310661764705882,0.9990138067061144,1.0729783037475344,0.9638439581351094
2,10,semiregular,1,679,656,23,614,65,42,0.9042709867452136,0.9359756097560976,1.0350609756097562,0.9198501872659177
2,10,irregular,1,83,247,164,75,8,172,0.9036144578313253,0.30364372469635625,0.3360323886639676,0.45454545454545453
2,10,regular,2,1124,1014,110,1014,110,0,0.902135231316726,1.0,1.1084812623274163,0.9485500467726847
2,10,semiregular,2,703,656,47,612,91,44,0.8705547652916074,0.9329268292682927,1.0716463414634145,0.9006622516556292
2,10,irregular,2,224,247,23,196,28,51,0.875,0.7935222672064778,0.9068825910931174,0.8322717622080681
2,10,regular,3,1044,1014,30,1012,32,2,0.9693486590038314,0.9980276134122288,1.029585798816568,0.9834791059280855
2,10,semiregular,3,678,656,22,606,72,50,0.8938053097345132,0.9237804878048781,1.0335365853658536,0.9085457271364319
2,10,irregular,3,226,247,21,193,33,54,0.8539823008849557,0.7813765182186235,0.9149797570850202,0.8160676532769555
2,11,regular,1,1092,1070,22,1069,23,1,0.9789377289377289,0.9990654205607477,1.0205607476635514,0.9888991674375578
2,11,semiregular,1,750,700,50,640,110,60,0.8533333333333334,0.9142857142857143,1.0714285714285714,0.8827586206896552
2,11,irregular,1,139,239,100,124,15,115,0.8920863309352518,0.5188284518828452,0.5815899581589958,0.6560846560846562
2,11,regular,2,1077,1070,7,1062,15,8,0.9860724233983287,0.9925233644859813,1.0065420560747664,0.9892873777363762
2,11,semiregular,2,724,700,24,636,88,64,0.8784530386740331,0.9085714285714286,1.0342857142857143,0.8932584269662922
2,11,irregular,2,193,239,46,161,32,78,0.8341968911917098,0.6736401673640168,0.8075313807531381,0.7453703703703703
2,11,regular,3,1074,1070,4,1069,5,1,0.9953445065176909,0.9990654205607477,1.0037383177570094,0.9972014925373135
2,11,semiregular,3,678,700,22,606,72,94,0.8938053097345132,0.8657142857142858,0.9685714285714285,0.8795355587808419
2,11,irregular,3,210,239,29,164,46,75,0.780952380952381,0.6861924686192469,0.8786610878661087,0.730512249443207
2,12,regular,1,1040,1007,33,1007,33,0,0.9682692307692308,1.0,1.0327706057596822,0.9838788470933073
2,12,semiregular,1,738,641,97,601,137,40,0.8143631436314364,0.9375975039001561,1.1513260530421217,0.8716461203770849
2,12,irregular,1,139,204,65,101,38,103,0.7266187050359713,0.4950980392156863,0.6813725490196079,0.5889212827988338
2,12,regular,2,1063,1007,56,1007,56,0,0.9473189087488241,1.0,1.0556107249255213,0.9729468599033816
2,12,semiregular,2,690,641,49,580,110,61,0.8405797101449275,0.9048361934477379,1.076443057722309,0.8715251690458301
2,12,irregular,2,207,204,3,160,47,44,0.7729468599033816,0.7843137254901961,1.0147058823529411,0.778588807785888
2,12,regular,3,1034,1007,27,1007,27,0,0.9738878143133463,1.0,1.0268123138033765,0.9867711905928467
2,12,semiregular,3,621,641,20,539,82,102,0.8679549114331723,0.8408736349453978,0.968798751950078,0.8541996830427893
2,12,irregular,3,212,204,8,164,48,40,0.7735849056603774,0.803921568627451,1.0392156862745099,0.7884615384615384
2,13,regular,1,1013,1000,13,1000,13,0,0.9871668311944719,1.0,1.013,0.9935419771485345
2,13,semiregular,1,856,815,41,769,87,46,0.8983644859813084,0.943558282208589,1.0503067484662576,0.9204069419509275
2,13,irregular,1,176,216,40,135,41,81,0.7670454545454546,0.625,0.8148148148148148,0.6887755102040817
2,13,regular,2,1017,1000,17,1000,17,0,0.983284169124877,1.0,1.017,0.9915716410510659
2,13,semiregular,2,836,815,21,770,66,45,0.9210526315789473,0.9447852760736196,1.0257668711656442,0.9327680193821926
2,13,irregular,2,214,216,2,168,46,48,0.7850467289719626,0.7777777777777778,0.9907407407407407,0.7813953488372093
2,13,regular,3,1003,1000,3,998,5,2,0.9950149551345963,0.998,1.003,0.9965052421367948
2,13,semiregular,3,818,815,3,755,63,60,0.9229828850855746,0.9263803680981595,1.003680981595092,0.9246785058175138
2,13,irregular,3,206,216,10,166,40,50,0.8058252427184466,0.7685185185185185,0.9537037037037037,0.7867298578199052
2,14,regular,1,1053,1052,1,1045,8,7,0.9924026590693258,0.9933460076045627,1.0009505703422052,0.9928741092636579
2,14,semiregular,1,884,913,29,823,61,90,0.9309954751131222,0.9014238773274917,0.968236582694414,0.9159710628825821
2,14,irregular,1,70,217,147,62,8,155,0.8857142857142857,0.2857142857142857,0.3225806451612903,0.43205574912891986
2,14,regular,2,1058,1052,6,1044,14,8,0.9867674858223062,0.9923954372623575,1.005703422053232,0.9895734597156398
2,14,semiregular,2,922,913,9,848,74,65,0.9197396963123644,0.9288061336254108,1.009857612267251,0.9242506811989101
2,14,irregular,2,205,217,12,167,38,50,0.8146341463414634,0.7695852534562212,0.9447004608294931,0.7914691943127962
2,14,regular,3,1052,1052,0,1049,3,3,0.997148288973384,0.997148288973384,1.0,0.997148288973384
2,14,semiregular,3,894,913,19,836,58,77,0.9351230425055929,0.9156626506024096,0.9791894852135816,0.9252905368013281
2,14,irregular,3,188,217,29,154,34,63,0.8191489361702128,0.7096774193548387,0.8663594470046083,0.7604938271604937
2,15,regular,1,977,964,13,964,13,0,0.9866939611054247,1.0,1.0134854771784232,0.9933024214322513
2,15,semiregular,1,803,774,29,727,76,47,0.9053549190535491,0.9392764857881137,1.0374677002583979,0.9220038046924539
2,15,irregular,1,167,218,51,141,26,77,0.844311377245509,0.6467889908256881,0.7660550458715596,0.7324675324675325
2,15,regular,2,962,964,2,947,15,17,0.9844074844074844,0.9823651452282157,0.9979253112033195,0.9833852544132917
2,15,semiregular,2,769,774,5,713,56,61,0.9271781534460338,0.9211886304909561,0.9935400516795866,0.9241736876215165
2,15,irregular,2,199,218,19,167,32,51,0.8391959798994975,0.7660550458715596,0.9128440366972477,0.8009592326139089
2,15,regular,3,962,964,2,959,3,5,0.9968814968814969,0.9948132780082988,0.9979253112033195,0.995846313603323
2,15,semiregular,3,751,774,23,698,53,76,0.929427430093209,0.9018087855297158,0.9702842377260982,0.9154098360655738
2,15,irregular,3,202,218,16,168,34,50,0.8316831683168316,0.7706422018348624,0.926605504587156,0.7999999999999999
2,16,regular,1,1138,1109,29,1109,29,0,0.9745166959578208,1.0,1.0261496844003606,0.9870939029817535
2,16,semiregular,1,693,681,12,602,91,79,0.8686868686868687,0.8839941262848752,1.0176211453744493,0.87627365356623
2,16,irregular,1,36,272,236,28,8,244,0.7777777777777778,0.10294117647058823,0.1323529411764706,0.1818181818181818
2,16,regular,2,1140,1109,31,1109,31,0,0.9728070175438597,1.0,1.0279531109107305,0.9862160960426857
2,16,semiregular,2,682,681,1,598,84,83,0.8768328445747801,0.8781204111600588,1.0014684287812041,0.8774761555392517
2,16,irregular,2,220,272,52,193,27,79,0.8772727272727273,0.7095588235294118,0.8088235294117647,0.7845528455284554
2,16,regular,3,1112,1109,3,1106,6,3,0.9946043165467626,0.9972948602344455,1.0027051397655546,0.9959477712742009
2,16,semiregular,3,667,681,14,594,73,87,0.8905547226386806,0.8722466960352423,0.9794419970631424,0.8813056379821957
2,16,irregular,3,213,272,59,183,30,89,0.8591549295774648,0.6727941176470589,0.7830882352941176,0.754639175257732
2,17,regular,1,1045,1029,16,1029,16,0,0.9846889952153111,1.0,1.0155490767735667,0.9922854387656702
2,17,semiregular,1,869,837,32,771,98,66,0.8872266973532796,0.921146953405018,1.038231780167264,0.9038686987104338
2,17,irregular,1,122,240,118,101,21,139,0.8278688524590164,0.42083333333333334,0.5083333333333333,0.5580110497237569
2,17,regular,2,1046,1029,17,1029,17,0,0.9837476099426387,1.0,1.0165208940719144,0.9918072289156626
2,17,semiregular,2,866,837,29,787,79,50,0.9087759815242494,0.94026284348865,1.034647550776583,0.9242513211978861
2,17,irregular,2,224,240,16,179,45,61,0.7991071428571429,0.7458333333333333,0.9333333333333333,0.7715517241379309
2,17,regular,3,1036,1029,7,1028,8,1,0.9922779922779923,0.9990281827016521,1.0068027210884354,0.9956416464891041
2,17,semiregular,3,831,837,6,767,64,70,0.9229843561973526,0.9163679808841099,0.992831541218638,0.9196642685851318
2,17,irregular,3,218,240,22,171,47,69,0.7844036697247706,0.7125,0.9083333333333333,0.7467248908296943
2,18,regular,1,1072,1044,28,1044,28,0,0.9738805970149254,1.0,1.0268199233716475,0.9867674858223062
2,18,semiregular,1,802,801,1,739,63,62,0.9214463840399002,0.9225967540574282,1.0012484394506866,0.9220212102308172
2,18,irregular,1,130,252,122,110,20,142,0.8461538461538461,0.4365079365079365,0.5158730158730159,0.5759162303664922
2,18,regular,2,1066,1044,22,1043,23,1,0.9784240150093808,0.9990421455938697,1.0210727969348659,0.9886255924170616
2,18,semiregular,2,827,801,26,759,68,42,0.9177750906892382,0.947565543071161,1.0324594257178528,0.9324324324324325
2,18,irregular,2,230,252,22,196,34,56,0.8521739130434782,0.7777777777777778,0.9126984126984127,0.8132780082987553
2,18,regular,3,1058,1044,14,1044,14,0,0.9867674858223062,1.0,1.0134099616858236,0.9933396764985727
2,18,semiregular,3,802,801,1,746,56,55,0.9301745635910225,0.9313358302122348,1.0012484394506866,0.9307548346849658
2,18,irregular,3,234,252,18,189,45,63,0.8076923076923077,0.75,0.9285714285714286,0.7777777777777779
2,19,regular,1,1091,1076,15,1074,17,2,0.9844179651695693,0.9981412639405205,1.0139405204460967,0.9912321181356715
2,19,semiregular,1,745,753,8,680,65,73,0.912751677852349,0.9030544488711819,0.9893758300132802,0.9078771695594124
2,19,irregular,1,75,245,170,65,10,180,0.8666666666666667,0.2653061224489796,0.30612244897959184,0.40625
2,19,regular,2,1106,1076,30,1073,33,3,0.9701627486437613,0.9972118959107806,1.0278810408921932,0.9835013748854262
2,19,semiregular,2,748,753,5,687,61,66,0.9184491978609626,0.9123505976095617,0.9933598937583001,0.9153897401732177
2,19,irregular,2,230,245,15,180,50,65,0.782608695652174,0.7346938775510204,0.9387755102040817,0.7578947368421053
2,19,regular,3,1080,1076,4,1074,6,2,0.9944444444444445,0.9981412639405205,1.003717472118959,0.9962894248608535
2,19,semiregular,3,726,753,27,673,53,80,0.9269972451790633,0.8937583001328021,0.9641434262948207,0.9100743745774171
2,19,irregular,3,219,245,26,176,43,69,0.8036529680365296,0.7183673469387755,0.8938775510204081,0.7586206896551724
2,20,regular,1,1195,1251,56,1188,7,63,0.994142259414226,0.9496402877697842,0.9552358113509193,0.9713818479149632
2,20,semiregular,1,868,841,27,756,112,85,0.8709677419354839,0.8989298454221165,1.0321046373365041,0.8847279110590989
2,20,irregular,1,130,252,122,118,12,134,0.9076923076923077,0.46825396825396826,0.5158730158730159,0.6178010471204188
2,20,regular,2,1228,1251,23,1211,17,40,0.9861563517915309,0.9680255795363709,0.9816147082334132,0.9770068576038726
2,20,semiregular,2,818,841,23,725,93,116,0.8863080684596577,0.8620689655172413,0.9726516052318668,0.8740204942736588
2,20,irregular,2,241,252,11,190,51,62,0.7883817427385892,0.753968253968254,0.9563492063492064,0.77079107505071
2,20,regular,3,1204,1251,47,1198,6,53,0.9950166112956811,0.9576338928856915,0.9624300559552358,0.9759674134419553
2,20,semiregular,3,818,841,23,721,97,120,0.8814180929095354,0.8573127229488704,0.9726516052318668,0.869198312236287
2,20,irregular,3,227,252,25,174,53,78,0.7665198237885462,0.6904761904761905,0.9007936507936508,0.7265135699373694
2,21,regular,1,943,920,23,920,23,0,0.975609756097561,1.0,1.025,0.9876543209876543
2,21,semiregular,1,612,549,63,488,124,61,0.7973856209150327,0.8888888888888888,1.1147540983606556,0.8406546080964685
2,21,irregular,1,107,204,97,88,19,116,0.822429906542056,0.43137254901960786,0.5245098039215687,0.5659163987138264
2,21,regular,2,947,920,27,920,27,0,0.9714889123548046,1.0,1.0293478260869566,0.9855382967327263
2,21,semiregular,2,587,549,38,490,97,59,0.8347529812606473,0.8925318761384335,1.0692167577413478,0.8626760563380281
2,21,irregular,2,208,204,4,169,39,35,0.8125,0.8284313725490197,1.0196078431372548,0.820388349514563
2,21,regular,3,931,920,11,920,11,0,0.9881847475832438,1.0,1.0119565217391304,0.9940572663425176
2,21,semiregular,3,572,549,23,483,89,66,0.8444055944055944,0.8797814207650273,1.041894353369763,0.8617305976806422
2,21,irregular,3,194,204,10,160,34,44,0.8247422680412371,0.7843137254901961,0.9509803921568627,0.8040201005025125
2,22,regular,1,987,946,41,945,42,1,0.9574468085106383,0.9989429175475687,1.0433403805496828,0.9777547853078117
2,22,semiregular,1,731,703,28,640,91,63,0.8755129958960328,0.9103840682788051,1.0398293029871977,0.8926080892608089
2,22,irregular,1,90,247,157,75,15,172,0.8333333333333334,0.30364372469635625,0.3643724696356275,0.44510385756676557
2,22,regular,2,990,946,44,946,44,0,0.9555555555555556,1.0,1.0465116279069768,0.9772727272727273
2,22,semiregular,2,709,703,6,632,77,71,0.8913963328631875,0.89900426742532,1.0085348506401137,0.895184135977337
2,22,irregular,2,202,247,45,166,36,81,0.8217821782178217,0.6720647773279352,0.8178137651821862,0.7394209354120267
2,22,regular,3,953,946,7,943,10,3,0.9895068205666316,0.9968287526427061,1.007399577167019,0.9931542917324907
2,22,semiregular,3,688,703,15,628,60,75,0.9127906976744186,0.8933143669985776,0.9786628733997155,0.9029475197699497
2,22,irregular,3,229,247,18,180,49,67,0.7860262008733624,0.728744939271255,0.9271255060728745,0.7563025210084033
2,23,regular,1,1014,999,15,993,21,6,0.9792899408284024,0.993993993993994,1.015015015015015,0.9865871833084949
2,23,semiregular,1,831,835,4,728,103,107,0.8760529482551144,0.8718562874251496,0.9952095808383233,0.8739495798319327
2,23,irregular,1,8,266,258,0,8,266,-1,-1,0.03007518796992481,-1
2,23,regular,2,1013,999,14,986,27,13,0.9733464955577492,0.986986986986987,1.014014014014014,0.9801192842942346
2,23,semiregular,2,841,835,6,753,88,82,0.8953626634958383,0.9017964071856287,1.007185628742515,0.8985680190930787
2,23,irregular,2,212,266,54,176,36,90,0.8301886792452831,0.6616541353383458,0.7969924812030075,0.7364016736401673
2,23,regular,3,1010,999,11,994,16,5,0.9841584158415841,0.994994994994995,1.011011011011011,0.9895470383275261
2,23,semiregular,3,844,835,9,758,86,77,0.8981042654028436,0.9077844311377246,1.0107784431137725,0.9029184038117927
2,23,irregular,3,246,266,20,185,61,81,0.7520325203252033,0.6954887218045113,0.924812030075188,0.7226562500000001
2,24,regular,1,1094,1079,15,1074,20,5,0.9817184643510055,0.995366079703429,1.0139017608897127,0.9884951679705477
2,24,semiregular,1,682,680,2,617,65,63,0.9046920821114369,0.9073529411764706,1.0029411764705882,0.9060205580029368
2,24,irregular,1,106,247,141,96,10,151,0.9056603773584906,0.38866396761133604,0.4291497975708502,0.5439093484419264
2,24,regular,2,1096,1079,17,1072,24,7,0.9781021897810219,0.9935125115848007,1.015755329008341,0.9857471264367816
2,24,semiregular,2,654,680,26,609,45,71,0.9311926605504587,0.8955882352941177,0.961764705882353,0.9130434782608695
2,24,irregular,2,226,247,21,191,35,56,0.8451327433628318,0.7732793522267206,0.9149797570850202,0.8076109936575053
2,24,regular,3,1073,1079,6,1068,5,11,0.9953401677539608,0.989805375347544,0.9944392956441149,0.9925650557620818
2,24,semiregular,3,677,680,3,630,47,50,0.930576070901034,0.9264705882352942,0.9955882352941177,0.9285187914517318
2,24,irregular,3,229,247,18,189,40,58,0.8253275109170306,0.7651821862348178,0.9271255060728745,0.7941176470588235
2,25,regular,1,963,946,17,946,17,0,0.9823468328141225,1.0,1.017970401691332,0.9910948140387638
2,25,semiregular,1,718,718,0,640,78,78,0.8913649025069638,0.8913649025069638,1.0,0.8913649025069638
2,25,irregular,1,116,207,91,79,37,128,0.6810344827586207,0.38164251207729466,0.5603864734299517,0.4891640866873065
2,25,regular,2,951,946,5,937,14,9,0.9852786540483701,0.9904862579281184,1.0052854122621564,0.9878755930416447
2,25,semiregular,2,719,718,1,650,69,68,0.9040333796940194,0.9052924791086351,1.001392757660167,0.904662491301322
2,25,irregular,2,162,207,45,126,36,81,0.7777777777777778,0.6086956521739131,0.782608695652174,0.6829268292682927
2,25,regular,3,943,946,3,938,5,8,0.9946977730646872,0.9915433403805497,0.9968287526427061,0.9931180518793012
2,25,semiregular,3,696,718,22,634,62,84,0.9109195402298851,0.883008356545961,0.9693593314763231,0.8967468175388967
2,25,irregular,3,176,207,31,129,47,78,0.7329545454545454,0.6231884057971014,0.8502415458937198,0.6736292428198433
2,26,regular,1,1025,985,40,985,40,0,0.9609756097560975,1.0,1.0406091370558375,0.9800995024875622
2,26,semiregular,1,768,720,48,669,99,51,0.87109375,0.9291666666666667,1.0666666666666667,0.8991935483870969
2,26,irregular,1,240,214,26,160,80,54,0.6666666666666666,0.7476635514018691,1.1214953271028036,0.7048458149779735
2,26,regular,2,1006,985,21,982,24,3,0.9761431411530815,0.9969543147208122,1.0213197969543146,0.9864389753892516
2,26,semiregular,2,768,720,48,675,93,45,0.87890625,0.9375,1.0666666666666667,0.907258064516129
2,26,irregular,2,188,214,26,144,44,70,0.7659574468085106,0.6728971962616822,0.8785046728971962,0.7164179104477612
2,26,regular,3,1014,985,29,983,31,2,0.9694280078895463,0.9979695431472081,1.0294416243654823,0.9834917458729364
2,26,semiregular,3,706,720,14,635,71,85,0.8994334277620396,0.8819444444444444,0.9805555555555555,0.8906030855539971
2,26,irregular,3,216,214,2,166,50,48,0.7685185185185185,0.7757009345794392,1.0093457943925233,0.7720930232558139
2,27,regular,1,1166,1166,0,1153,13,13,0.9888507718696398,0.9888507718696398,1.0,0.9888507718696398
2,27,semiregular,1,678,728,50,597,81,131,0.8805309734513275,0.820054945054945,0.9313186813186813,0.8492176386913228
2,27,irregular,1,43,270,227,35,8,235,0.813953488372093,0.12962962962962962,0.15925925925925927,0.22364217252396165
2,27,regular,2,1185,1166,19,1164,21,2,0.9822784810126582,0.9982847341337907,1.016295025728988,0.9902169289663972
2,27,semiregular,2,712,728,16,645,67,83,0.9058988764044944,0.885989010989011,0.978021978021978,0.8958333333333333
2,27,irregular,2,240,270,30,203,37,67,0.8458333333333333,0.7518518518518519,0.8888888888888888,0.7960784313725491
2,27,regular,3,1167,1166,1,1164,3,2,0.9974293059125964,0.9982847341337907,1.0008576329331047,0.9978568366909558
2,27,semiregular,3,707,728,21,649,58,79,0.917963224893918,0.8914835164835165,0.9711538461538461,0.9045296167247387
2,27,irregular,3,237,270,33,198,39,72,0.8354430379746836,0.7333333333333333,0.8777777777777778,0.7810650887573963
2,28,regular,1,1111,1098,13,1084,27,14,0.9756975697569757,0.9872495446265938,1.01183970856102,0.9814395654142145
2,28,semiregular,1,880,859,21,792,88,67,0.9,0.9220023282887078,1.0244470314318976,0.9108683151236343
2,28,irregular,1,88,293,205,76,12,217,0.8636363636363636,0.2593856655290102,0.3003412969283277,0.3989501312335958
2,28,regular,2,1126,1098,28,1095,31,3,0.9724689165186501,0.9972677595628415,1.0255009107468125,0.9847122302158273
2,28,semiregular,2,847,859,12,777,70,82,0.9173553719008265,0.9045401629802096,0.9860302677532014,0.910902696365768
2,28,irregular,2,231,293,62,178,53,115,0.7705627705627706,0.6075085324232082,0.78839590443686,0.6793893129770993
2,28,regular,3,1100,1098,2,1091,9,7,0.9918181818181818,0.9936247723132969,1.0018214936247722,0.9927206551410375
2,28,semiregular,3,848,859,11,783,65,76,0.9233490566037735,0.9115250291036089,0.9871944121071012,0.9173989455184534
2,28,irregular,3,235,293,58,180,55,113,0.7659574468085106,0.6143344709897611,0.8020477815699659,0.6818181818181819
2,29,regular,1,1153,1140,13,1138,15,2,0.986990459670425,0.9982456140350877,1.0114035087719297,0.9925861317051897
2,29,semiregular,1,945,869,76,813,132,56,0.8603174603174604,0.9355581127733027,1.087456846950518,0.8963616317530321
2,29,irregular,1,164,247,83,131,33,116,0.7987804878048781,0.5303643724696356,0.6639676113360324,0.6374695863746959
2,29,regular,2,1149,1140,9,1132,17,8,0.9852045256744996,0.9929824561403509,1.0078947368421052,0.9890782000873745
2,29,semiregular,2,959,869,90,826,133,43,0.8613138686131386,0.950517836593786,1.1035673187571922,0.9037199124726477
2,29,irregular,2,230,247,17,187,43,60,0.8130434782608695,0.757085020242915,0.9311740890688259,0.7840670859538784
2,29,regular,3,1136,1140,4,1130,6,10,0.9947183098591549,0.9912280701754386,0.9964912280701754,0.9929701230228472
2,29,semiregular,3,853,869,16,759,94,110,0.8898007033997656,0.8734177215189873,0.9815880322209436,0.8815331010452963
2,29,irregular,3,241,247,6,190,51,57,0.7883817427385892,0.7692307692307693,0.9757085020242915,0.778688524590164
2,30,regular,1,1007,997,10,994,13,3,0.9870903674280039,0.9969909729187563,1.0100300902708124,0.9920159680638722
2,30,semiregular,1,814,810,4,741,73,69,0.9103194103194103,0.9148148148148149,1.0049382716049382,0.9125615763546797
2,30,irregular,1,181,250,69,143,38,107,0.7900552486187845,0.572,0.724,0.6635730858468677
2,30,regular,2,1007,997,10,995,12,2,0.9880834160873883,0.9979939819458375,1.0100300902708124,0.9930139720558881
2,30,semiregular,2,817,810,7,751,66,59,0.9192166462668299,0.9271604938271605,1.008641975308642,0.9231714812538415
2,30,irregular,2,201,250,49,169,32,81,0.8407960199004975,0.676,0.804,0.7494456762749446
2,30,regular,3,995,997,2,993,2,4,0.9979899497487437,0.995987963891675,0.9979939819458375,0.9969879518072289
2,30,semiregular,3,809,810,1,748,61,62,0.9245982694684796,0.9234567901234568,0.9987654320987654,0.9240271772699198
2,30,irregular,3,236,250,14,180,56,70,0.7627118644067796,0.72,0.944,0.7407407407407408
3,1,regular,1,996,937,59,929,67,8,0.9327309236947792,0.991462113127001,1.0629669156883672,0.9612002069322299
3,1,semiregular,1,765,703,62,635,130,68,0.8300653594771242,0.903271692745377,1.0881934566145093,0.8651226158038148
3,1,irregular,1,8,199,191,2,6,197,0.25,0.010050251256281407,0.04020100502512563,0.019323671497584544
3,1,regular,2,995,937,58,931,64,6,0.935678391959799,0.9935965848452508,1.0618996798292422,0.963768115942029
3,1,semiregular,2,738,703,35,627,111,76,0.8495934959349594,0.8918918918918919,1.0497866287339972,0.8702290076335878
3,1,irregular,2,195,199,4,155,40,44,0.7948717948717948,0.7788944723618091,0.9798994974874372,0.7868020304568527
3,1,regular,3,938,937,1,932,6,5,0.9936034115138592,0.9946638207043756,1.0010672358591248,0.9941333333333333
3,1,semiregular,3,727,703,24,630,97,73,0.8665749656121046,0.8961593172119487,1.0341394025604551,0.8811188811188811
3,1,irregular,3,183,199,16,143,40,56,0.7814207650273224,0.7185929648241206,0.9195979899497487,0.7486910994764399
3,2,regular,1,1235,1224,11,1208,27,16,0.9781376518218623,0.9869281045751634,1.0089869281045751,0.9825132167547784
3,2,semiregular,1,605,647,42,557,48,90,0.9206611570247933,0.8608964451313755,0.9350850077279753,0.8897763578274761
3,2,irregular,1,11,217,206,1,10,216,0.09090909090909091,0.004608294930875576,0.05069124423963134,0.008771929824561403
3,2,regular,2,1234,1224,10,1209,25,15,0.979740680713128,0.9877450980392157,1.0081699346405228,0.983726606997559
3,2,semiregular,2,645,647,2,607,38,40,0.9410852713178295,0.9381761978361669,0.9969088098918083,0.9396284829721363
3,2,irregular,2,208,217,9,167,41,50,0.8028846153846154,0.7695852534562212,0.9585253456221198,0.7858823529411765
3,2,regular,3,1221,1224,3,1216,5,8,0.9959049959049959,0.9934640522875817,0.9975490196078431,0.9946830265848671
3,2,semiregular,3,656,647,9,609,47,38,0.9283536585365854,0.9412673879443586,1.0139103554868625,0.9347659247889485
3,2,irregular,3,231,217,14,185,46,32,0.8008658008658008,0.8525345622119815,1.064516129032258,0.825892857142857
3,3,regular,1,1059,1053,6,1041,18,12,0.9830028328611898,0.9886039886039886,1.0056980056980056,0.9857954545454546
3,3,semiregular,1,735,716,19,650,85,66,0.8843537414965986,0.9078212290502793,1.026536312849162,0.8959338387319089
3,3,irregular,1,11,224,213,4,7,220,0.36363636363636365,0.017857142857142856,0.049107142857142856,0.03404255319148936
3,3,regular,2,1043,1053,10,1027,16,26,0.9846596356663471,0.9753086419753086,0.9905033238366572,0.9799618320610686
3,3,semiregular,2,725,716,9,652,73,64,0.8993103448275862,0.9106145251396648,1.0125698324022345,0.9049271339347675
3,3,irregular,2,210,224,14,171,39,53,0.8142857142857143,0.7633928571428571,0.9375,0.7880184331797235
3,3,regular,3,1047,1053,6,1044,3,9,0.997134670487106,0.9914529914529915,0.9943019943019943,0.9942857142857143
3,3,semiregular,3,721,716,5,650,71,66,0.9015256588072122,0.9078212290502793,1.0069832402234637,0.9046624913013221
3,3,irregular,3,204,224,20,159,45,65,0.7794117647058824,0.7098214285714286,0.9107142857142857,0.7429906542056075
3,4,regular,1,1133,1101,32,1100,33,1,0.970873786407767,0.9990917347865577,1.0290644868301544,0.9847806624888092
3,4,semiregular,1,666,614,52,547,119,67,0.8213213213213213,0.8908794788273615,1.0846905537459284,0.8546874999999999
3,4,irregular,1,12,228,216,5,7,223,0.4166666666666667,0.021929824561403508,0.05263157894736842,0.041666666666666664
3,4,regular,2,1118,1101,17,1100,18,1,0.9838998211091234,0.9990917347865577,1.0154405086285194,0.9914375844975213
3,4,semiregular,2,630,614,16,556,74,58,0.8825396825396825,0.9055374592833876,1.0260586319218241,0.8938906752411575
3,4,irregular,2,211,228,17,175,36,53,0.8293838862559242,0.7675438596491229,0.9254385964912281,0.7972665148063782
3,4,regular,3,1109,1101,8,1099,10,2,0.9909828674481514,0.9981834695731153,1.0072661217075387,0.9945701357466064
3,4,semiregular,3,616,614,2,549,67,65,0.8912337662337663,0.8941368078175895,1.003257328990228,0.8926829268292684
3,4,irregular,3,214,228,14,169,45,59,0.7897196261682243,0.7412280701754386,0.9385964912280702,0.7647058823529411
3,5,regular,1,1057,1044,13,1042,15,2,0.9858088930936613,0.9980842911877394,1.0124521072796935,0.9919086149452642
3,5,semiregular,1,767,668,99,628,139,40,0.81877444589309,0.9401197604790419,1.1482035928143712,0.8752613240418118
3,5,irregular,1,13,217,204,3,10,214,0.23076923076923078,0.013824884792626729,0.059907834101382486,0.026086956521739132
3,5,regular,2,1050,1044,6,1033,17,11,0.9838095238095238,0.9894636015325671,1.0057471264367817,0.9866284622731615
3,5,semiregular,2,702,668,34,614,88,54,0.8746438746438746,0.9191616766467066,1.0508982035928143,0.8963503649635036
3,5,irregular,2,210,217,7,169,41,48,0.8047619047619048,0.7788018433179723,0.967741935483871,0.791569086651054
3,5,regular,3,1048,1044,4,1044,4,0,0.9961832061068703,1.0,1.003831417624521,0.9980879541108987
3,5,semiregular,3,686,668,18,594,92,74,0.8658892128279884,0.8892215568862275,1.026946107784431,0.877400295420975
3,5,irregular,3,208,217,9,162,46,55,0.7788461538461539,0.7465437788018433,0.9585253456221198,0.7623529411764707
3,6,regular,1,975,915,60,914,61,1,0.9374358974358974,0.9989071038251366,1.0655737704918034,0.9671957671957672
3,6,semiregular,1,726,701,25,641,85,60,0.8829201101928374,0.9144079885877318,1.035663338088445,0.8983882270497546
3,6,irregular,1,12,195,183,1,11,194,0.08333333333333333,0.005128205128205128,0.06153846153846154,0.009661835748792272
3,6,regular,2,949,915,34,910,39,5,0.958904109589041,0.994535519125683,1.037158469945355,0.9763948497854077
3,6,semiregular,2,723,701,22,654,69,47,0.9045643153526971,0.9329529243937232,1.0313837375178316,0.9185393258426966
3,6,irregular,2,177,195,18,132,45,63,0.7457627118644068,0.676923076923077,0.9076923076923077,0.7096774193548386
3,6,regular,3,926,915,11,913,13,2,0.9859611231101512,0.9978142076502732,1.0120218579234972,0.9918522542096686
3,6,semiregular,3,706,701,5,649,57,52,0.9192634560906515,0.9258202567760342,1.007132667617689,0.9225302061122956
3,6,irregular,3,211,195,16,162,49,33,0.7677725118483413,0.8307692307692308,1.082051282051282,0.7980295566502463
3,7,regular,1,1269,1230,39,1229,40,1,0.9684791174152876,0.9991869918699187,1.0317073170731708,0.98359343737495
3,7,semiregular,1,784,761,23,641,143,120,0.8176020408163265,0.8423127463863338,1.0302233902759528,0.8297734627831715
3,7,irregular,1,15,225,210,2,13,223,0.13333333333333333,0.008888888888888889,0.06666666666666667,0.016666666666666666
3,7,regular,2,1247,1230,17,1219,28,11,0.9775461106655974,0.9910569105691057,1.0138211382113822,0.9842551473556721
3,7,semiregular,2,779,761,18,680,99,81,0.8729139922978177,0.8935611038107752,1.02365308804205,0.8831168831168832
3,7,irregular,2,189,225,36,160,29,65,0.8465608465608465,0.7111111111111111,0.84,0.7729468599033816
3,7,regular,3,1236,1230,6,1226,10,4,0.9919093851132686,0.9967479674796748,1.0048780487804878,0.9943227899432279
3,7,semiregular,3,772,761,11,680,92,81,0.8808290155440415,0.8935611038107752,1.014454664914586,0.8871493803000653
3,7,irregular,3,222,225,3,180,42,45,0.8108108108108109,0.8,0.9866666666666667,0.8053691275167786
3,8,regular,1,1062,1035,27,1031,31,4,0.9708097928436912,0.996135265700483,1.0260869565217392,0.983309489747258
3,8,semiregular,1,842,827,15,735,107,92,0.8729216152019003,0.8887545344619106,1.0181378476420797,0.8807669263031757
3,8,irregular,1,18,243,225,1,17,242,0.05555555555555555,0.00411522633744856,0.07407407407407407,0.007662835249042146
3,8,regular,2,1040,1035,5,1023,17,12,0.9836538461538461,0.9884057971014493,1.0048309178743962,0.9860240963855421
3,8,semiregular,2,833,827,6,765,68,62,0.9183673469387755,0.9250302297460702,1.0072551390568318,0.9216867469879518
3,8,irregular,2,207,243,36,162,45,81,0.782608695652174,0.6666666666666666,0.8518518518518519,0.72
3,8,regular,3,1035,1035,0,1029,6,6,0.9942028985507246,0.9942028985507246,1.0,0.9942028985507246
3,8,semiregular,3,840,827,13,765,75,62,0.9107142857142857,0.9250302297460702,1.0157194679564692,0.9178164367126576
3,8,irregular,3,208,243,35,164,44,79,0.7884615384615384,0.6748971193415638,0.8559670781893004,0.7272727272727274
3,9,regular,1,1123,1107,16,1102,21,5,0.981300089047195,0.995483288166215,1.014453477868112,0.9883408071748879
3,9,semiregular,1,667,701,34,618,49,83,0.9265367316341829,0.8815977175463623,0.9514978601997147,0.9035087719298246
3,9,irregular,1,14,266,252,2,12,264,0.14285714285714285,0.007518796992481203,0.05263157894736842,0.014285714285714285
3,9,regular,2,1097,1107,10,1080,17,27,0.9845031905195989,0.975609756097561,0.99096657633243,0.9800362976406533
3,9,semiregular,2,650,701,51,605,45,96,0.9307692307692308,0.8630527817403709,0.927246790299572,0.8956328645447815
3,9,irregular,2,238,266,28,200,38,66,0.8403361344537815,0.7518796992481203,0.8947368421052632,0.7936507936507937
3,9,regular,3,1097,1107,10,1093,4,14,0.9963536918869644,0.987353206865402,0.99096657633243,0.9918330308529945
3,9,semiregular,3,706,701,5,658,48,43,0.9320113314447592,0.9386590584878745,1.007132667617689,0.9353233830845771
3,9,irregular,3,236,266,30,196,40,70,0.8305084745762712,0.7368421052631579,0.8872180451127819,0.7808764940239044
3,10,regular,1,1076,1014,62,1014,62,0,0.9423791821561338,1.0,1.0611439842209074,0.970334928229665
3,10,semiregular,1,687,656,31,615,72,41,0.8951965065502183,0.9375,1.0472560975609757,0.9158600148920327
3,10,irregular,1,12,247,235,4,8,243,0.3333333333333333,0.016194331983805668,0.048582995951417005,0.03088803088803089
3,10,regular,2,1069,1014,55,1014,55,0,0.9485500467726847,1.0,1.054240631163708,0.9735957753240517
3,10,semiregular,2,655,656,1,599,56,57,0.9145038167938931,0.913109756097561,0.9984756097560976,0.9138062547673531
3,10,irregular,2,216,247,31,187,29,60,0.8657407407407407,0.757085020242915,0.8744939271255061,0.8077753779697624
3,10,regular,3,1031,1014,17,1011,20,3,0.9806013579049466,0.9970414201183432,1.0167652859960552,0.9887530562347189
3,10,semiregular,3,667,656,11,608,59,48,0.9115442278860569,0.926829268292683,1.016768292682927,0.9191232048374905
3,10,irregular,3,179,247,68,156,23,91,0.8715083798882681,0.631578947368421,0.7246963562753036,0.7323943661971831
3,11,regular,1,1088,1070,18,1070,18,0,0.9834558823529411,1.0,1.016822429906542,0.9916589434661723
3,11,semiregular,1,788,700,88,655,133,45,0.8312182741116751,0.9357142857142857,1.1257142857142857,0.8803763440860215
3,11,irregular,1,12,239,227,2,10,237,0.16666666666666666,0.008368200836820083,0.0502092050209205,0.01593625498007968
3,11,regular,2,1074,1070,4,1059,15,11,0.9860335195530726,0.9897196261682243,1.0037383177570094,0.9878731343283581
3,11,semiregular,2,718,700,18,633,85,67,0.8816155988857939,0.9042857142857142,1.0257142857142858,0.8928067700987306
3,11,irregular,2,214,239,25,178,36,61,0.8317757009345794,0.7447698744769874,0.895397489539749,0.7858719646799117
3,11,regular,3,1075,1070,5,1068,7,2,0.9934883720930232,0.9981308411214953,1.0046728971962617,0.9958041958041958
3,11,semiregular,3,702,700,2,625,77,75,0.8903133903133903,0.8928571428571429,1.002857142857143,0.8915834522111269
3,11,irregular,3,209,239,30,174,35,65,0.8325358851674641,0.7280334728033473,0.8744769874476988,0.7767857142857143
3,12,regular,1,1034,1007,27,1007,27,0,0.9738878143133463,1.0,1.0268123138033765,0.9867711905928467
3,12,semiregular,1,739,641,98,601,138,40,0.8132611637347767,0.9375975039001561,1.1528861154446177,0.8710144927536233
3,12,irregular,1,13,204,191,3,10,201,0.23076923076923078,0.014705882352941176,0.06372549019607843,0.027649769585253454
3,12,regular,2,1032,1007,25,1007,25,0,0.9757751937984496,1.0,1.0248262164846078,0.9877390877881315
3,12,semiregular,2,678,641,37,578,100,63,0.8525073746312685,0.9017160686427457,1.0577223088923557,0.8764215314632298
3,12,irregular,2,227,204,23,170,57,34,0.748898678414097,0.8333333333333334,1.1127450980392157,0.7888631090487239
3,12,regular,3,1021,1007,14,1007,14,0,0.9862879529872673,1.0,1.0139026812313803,0.9930966469428009
3,12,semiregular,3,645,641,4,557,88,84,0.8635658914728682,0.8689547581903276,1.0062402496099845,0.8662519440124418
3,12,irregular,3,220,204,16,165,55,39,0.75,0.8088235294117647,1.0784313725490196,0.7783018867924529
3,13,regular,1,1005,1000,5,988,17,12,0.9830845771144279,0.988,1.005,0.9855361596009975
3,13,semiregular,1,888,815,73,778,110,37,0.8761261261261262,0.9546012269938651,1.0895705521472392,0.913681738109219
3,13,irregular,1,18,216,198,3,15,213,0.16666666666666666,0.013888888888888888,0.08333333333333333,0.02564102564102564
3,13,regular,2,1001,1000,1,991,10,9,0.99000999000999,0.991,1.001,0.9905047476261869
3,13,semiregular,2,849,815,34,772,77,43,0.9093050647820966,0.947239263803681,1.041717791411043,0.9278846153846153
3,13,irregular,2,222,216,6,180,42,36,0.8108108108108109,0.8333333333333334,1.0277777777777777,0.8219178082191781
3,13,regular,3,1026,1000,26,998,28,2,0.9727095516569201,0.998,1.026,0.985192497532083
3,13,semiregular,3,828,815,13,760,68,55,0.9178743961352657,0.9325153374233128,1.0159509202453987,0.9251369446135117
3,13,irregular,3,229,216,13,180,49,36,0.7860262008733624,0.8333333333333334,1.0601851851851851,0.8089887640449438
3,14,regular,1,1068,1052,16,1051,17,1,0.9840823970037453,0.9990494296577946,1.015209125475285,0.9915094339622642
3,14,semiregular,1,889,913,24,817,72,96,0.9190101237345332,0.8948521358159912,0.9737130339539978,0.90677025527192
3,14,irregular,1,12,217,205,2,10,215,0.16666666666666666,0.009216589861751152,0.055299539170506916,0.017467248908296946
3,14,regular,2,1049,1052,3,1032,17,20,0.9837940896091516,0.9809885931558935,0.997148288973384,0.9823893384102809
3,14,semiregular,2,893,913,20,826,67,87,0.9249720044792833,0.904709748083242,0.9780941949616648,0.9147286821705426
3,14,irregular,2,218,217,1,179,39,38,0.8211009174311926,0.8248847926267281,1.0046082949308757,0.8229885057471263
3,14,regular,3,1055,1052,3,1049,6,3,0.9943127962085309,0.997148288973384,1.002851711026616,0.9957285239677266
3,14,semiregular,3,915,913,2,835,80,78,0.912568306010929,0.9145673603504929,1.0021905805038336,0.913566739606127
3,14,irregular,3,183,217,34,150,33,67,0.819672131147541,0.6912442396313364,0.8433179723502304,0.7500000000000001
3,15,regular,1,996,964,32,963,33,1,0.9668674698795181,0.9989626556016598,1.033195020746888,0.9826530612244898
3,15,semiregular,1,840,774,66,740,100,34,0.8809523809523809,0.9560723514211886,1.0852713178294573,0.9169764560099133
3,15,irregular,1,13,218,205,6,7,212,0.46153846153846156,0.027522935779816515,0.05963302752293578,0.05194805194805195
3,15,regular,2,949,964,15,938,11,26,0.9884088514225501,0.9730290456431535,0.9844398340248963,0.9806586513329849
3,15,semiregular,2,773,774,1,712,61,62,0.9210866752910737,0.9198966408268734,0.9987080103359173,0.92049127343245
3,15,irregular,2,208,218,10,176,32,42,0.8461538461538461,0.8073394495412844,0.9541284403669725,0.8262910798122065
3,15,regular,3,961,964,3,958,3,6,0.9968782518210197,0.9937759336099585,0.9968879668049793,0.9953246753246753
3,15,semiregular,3,743,774,31,687,56,87,0.9246298788694481,0.8875968992248062,0.9599483204134367,0.905735003295979
3,15,irregular,3,219,218,1,177,42,41,0.8082191780821918,0.8119266055045872,1.0045871559633028,0.8100686498855836
3,16,regular,1,1134,1109,25,1107,27,2,0.9761904761904762,0.9981965734896303,1.0225428313796212,0.9870708872046366
3,16,semiregular,1,371,681,310,320,51,361,0.862533692722372,0.4698972099853157,0.5447870778267254,0.6083650190114068
3,16,irregular,1,12,272,260,2,10,270,0.16666666666666666,0.007352941176470588,0.04411764705882353,0.014084507042253521
3,16,regular,2,1155,1109,46,1109,46,0,0.9601731601731601,1.0,1.0414788097385033,0.9796819787985865
3,16,semiregular,2,684,681,3,596,88,85,0.8713450292397661,0.8751835535976505,1.0044052863436124,0.8732600732600734
3,16,irregular,2,225,272,47,194,31,78,0.8622222222222222,0.7132352941176471,0.8272058823529411,0.7806841046277667
3,16,regular,3,1128,1109,19,1107,21,2,0.9813829787234043,0.9981965734896303,1.0171325518485121,0.989718372820742
3,16,semiregular,3,637,681,44,570,67,111,0.8948194662480377,0.8370044052863436,0.9353891336270191,0.8649468892261002
3,16,irregular,3,201,272,71,174,27,98,0.8656716417910447,0.6397058823529411,0.7389705882352942,0.7357293868921776
3,17,regular,1,1055,1029,26,1029,26,0,0.9753554502369668,1.0,1.0252672497570456,0.9875239923224568
3,17,semiregular,1,583,837,254,521,62,316,0.8936535162950258,0.6224611708482676,0.6965352449223416,0.7338028169014084
3,17,irregular,1,15,240,225,3,12,237,0.2,0.0125,0.0625,0.023529411764705885
3,17,regular,2,1060,1029,31,1025,35,4,0.9669811320754716,0.9961127308066083,1.0301263362487851,0.9813307802776448
3,17,semiregular,2,861,837,24,773,88,64,0.8977932636469221,0.9235364396654719,1.028673835125448,0.9104829210836277
3,17,irregular,2,226,240,14,179,47,61,0.7920353982300885,0.7458333333333333,0.9416666666666667,0.7682403433476395
3,17,regular,3,1061,1029,32,1029,32,0,0.9698397737983034,1.0,1.031098153547133,0.984688995215311
3,17,semiregular,3,879,837,42,788,91,49,0.8964732650739476,0.9414575866188769,1.050179211469534,0.9184149184149184
3,17,irregular,3,216,240,24,173,43,67,0.8009259259259259,0.7208333333333333,0.9,0.7587719298245614
3,18,regular,1,1075,1044,31,1043,32,1,0.9702325581395349,0.9990421455938697,1.0296934865900382,0.9844266163284567
3,18,semiregular,1,601,801,200,560,41,241,0.9317803660565723,0.6991260923845194,0.7503121098626716,0.7988587731811698
3,18,irregular,1,11,252,241,2,9,250,0.18181818181818182,0.007936507936507936,0.04365079365079365,0.015209125475285171
3,18,regular,2,1095,1044,51,1044,51,0,0.9534246575342465,1.0,1.0488505747126438,0.9761570827489481
3,18,semiregular,2,817,801,16,756,61,45,0.9253365973072215,0.9438202247191011,1.0199750312109863,0.9344870210135969
3,18,irregular,2,232,252,20,198,34,54,0.853448275862069,0.7857142857142857,0.9206349206349206,0.8181818181818182
3,18,regular,3,1082,1044,38,1044,38,0,0.9648798521256932,1.0,1.0363984674329503,0.9821260583254939
3,18,semiregular,3,848,801,47,768,80,33,0.9056603773584906,0.9588014981273408,1.058676654182272,0.9314736203759855
3,18,irregular,3,249,252,3,204,45,48,0.8192771084337349,0.8095238095238095,0.9880952380952381,0.8143712574850299
3,19,regular,1,1104,1076,28,1074,30,2,0.9728260869565217,0.9981412639405205,1.0260223048327137,0.9853211009174312
3,19,semiregular,1,764,753,11,690,74,63,0.9031413612565445,0.9163346613545816,1.0146082337317397,0.9096901779828609
3,19,irregular,1,10,245,235,1,9,244,0.1,0.004081632653061225,0.04081632653061224,0.007843137254901962
3,19,regular,2,1083,1076,7,1068,15,8,0.9861495844875346,0.9925650557620818,1.0065055762081785,0.9893469198703102
3,19,semiregular,2,744,753,9,685,59,68,0.9206989247311828,0.9096945551128818,0.9880478087649402,0.9151636606546427
3,19,irregular,2,244,245,1,192,52,53,0.7868852459016393,0.7836734693877551,0.9959183673469387,0.7852760736196318
3,19,regular,3,1085,1076,9,1072,13,4,0.9880184331797235,0.9962825278810409,1.008364312267658,0.992133271633503
3,19,semiregular,3,743,753,10,679,64,74,0.9138627187079408,0.9017264276228419,0.9867197875166003,0.9077540106951872
3,19,irregular,3,204,245,41,169,35,76,0.8284313725490197,0.689795918367347,0.8326530612244898,0.7527839643652562
3,20,regular,1,1228,1251,23,1208,20,43,0.9837133550488599,0.9656274980015987,0.9816147082334132,0.9745865268253328
3,20,semiregular,1,896,841,55,765,131,76,0.8537946428571429,0.9096313912009513,1.065398335315101,0.8808290155440416
3,20,irregular,1,11,252,241,3,8,249,0.2727272727272727,0.011904761904761904,0.04365079365079365,0.022813688212927757
3,20,regular,2,1211,1251,40,1193,18,58,0.9851362510322048,0.9536370903277378,0.9680255795363709,0.9691307879772543
3,20,semiregular,2,813,841,28,721,92,120,0.8868388683886839,0.8573127229488704,0.9667063020214031,0.8718258766626361
3,20,irregular,2,245,252,7,191,54,61,0.7795918367346939,0.7579365079365079,0.9722222222222222,0.7686116700201207
3,20,regular,3,1213,1251,38,1208,5,43,0.9958779884583677,0.9656274980015987,0.9696243005595524,0.9805194805194806
3,20,semiregular,3,829,841,12,730,99,111,0.8805790108564535,0.8680142687277052,0.985731272294887,0.8742514970059881
3,20,irregular,3,226,252,26,179,47,73,0.7920353982300885,0.7103174603174603,0.8968253968253969,0.7489539748953975
3,21,regular,1,955,920,35,920,35,0,0.9633507853403142,1.0,1.0380434782608696,0.9813333333333333
3,21,semiregular,1,646,549,97,504,142,45,0.7801857585139319,0.9180327868852459,1.1766848816029143,0.8435146443514645
3,21,irregular,1,11,204,193,0,11,204,-1,-1,0.05392156862745098,-1
3,21,regular,2,936,920,16,919,17,1,0.9818376068376068,0.9989130434782608,1.017391304347826,0.990301724137931
3,21,semiregular,2,589,549,40,494,95,55,0.8387096774193549,0.8998178506375227,1.0728597449908925,0.868189806678383
3,21,irregular,2,197,204,7,163,34,41,0.8274111675126904,0.7990196078431373,0.9656862745098039,0.8129675810473816
3,21,regular,3,929,920,9,920,9,0,0.9903121636167922,1.0,1.0097826086956523,0.9951325040562466
3,21,semiregular,3,589,549,40,490,99,59,0.831918505942275,0.8925318761384335,1.0728597449908925,0.8611599297012302
3,21,irregular,3,218,204,14,174,44,30,0.7981651376146789,0.8529411764705882,1.0686274509803921,0.8246445497630331
3,22,regular,1,1001,946,55,946,55,0,0.945054945054945,1.0,1.058139534883721,0.9717514124293786
3,22,semiregular,1,763,703,60,650,113,53,0.8519003931847968,0.9246088193456614,1.085348506401138,0.8867667121418827
3,22,irregular,1,12,247,235,2,10,245,0.16666666666666666,0.008097165991902834,0.048582995951417005,0.015444015444015444
3,22,regular,2,968,946,22,933,35,13,0.9638429752066116,0.9862579281183932,1.0232558139534884,0.9749216300940439
3,22,semiregular,2,714,703,11,635,79,68,0.8893557422969187,0.903271692745377,1.0156472261735419,0.8962597035991532
3,22,irregular,2,204,247,43,168,36,79,0.8235294117647058,0.680161943319838,0.8259109311740891,0.7450110864745011
3,22,regular,3,953,946,7,944,9,2,0.9905561385099685,0.9978858350951374,1.007399577167019,0.9942074776198
3,22,semiregular,3,711,703,8,646,65,57,0.9085794655414908,0.918918918918919,1.0113798008534851,0.9137199434229137
3,22,irregular,3,231,247,16,181,50,66,0.7835497835497836,0.7327935222672065,0.9352226720647774,0.7573221757322177
3,23,regular,1,1058,999,59,999,59,0,0.944234404536862,1.0,1.059059059059059,0.9713174526008751
3,23,semiregular,1,893,835,58,726,167,109,0.812989921612542,0.8694610778443114,1.0694610778443114,0.8402777777777777
3,23,irregular,1,21,266,245,2,19,264,0.09523809523809523,0.007518796992481203,0.07894736842105263,0.013937282229965157
3,23,regular,2,1005,999,6,983,22,16,0.9781094527363184,0.983983983983984,1.006006006006006,0.9810379241516967
3,23,semiregular,2,846,835,11,754,92,81,0.8912529550827423,0.9029940119760479,1.0131736526946107,0.8970850684116597
3,23,irregular,2,234,266,32,194,40,72,0.8290598290598291,0.7293233082706767,0.8796992481203008,0.776
3,23,regular,3,1005,999,6,990,15,9,0.9850746268656716,0.990990990990991,1.006006006006006,0.9880239520958084
3,23,semiregular,3,846,835,11,751,95,84,0.8877068557919622,0.8994011976047904,1.0131736526946107,0.8935157644259368
3,23,irregular,3,243,266,23,193,50,73,0.7942386831275721,0.7255639097744361,0.9135338345864662,0.7583497053045186
3,24,regular,1,1100,1079,21,1075,25,4,0.9772727272727273,0.9962928637627433,1.0194624652455977,0.9866911427260212
3,24,semiregular,1,684,680,4,615,69,65,0.8991228070175439,0.9044117647058824,1.0058823529411764,0.9017595307917887
3,24,irregular,1,15,247,232,0,15,247,-1,-1,0.06072874493927125,-1
3,24,regular,2,1082,1079,3,1058,24,21,0.977818853974122,0.9805375347544022,1.0027803521779426,0.979176307265155
3,24,semiregular,2,663,680,17,616,47,64,0.9291101055806938,0.9058823529411765,0.975,0.91734921816828
3,24,irregular,2,238,247,9,200,38,47,0.8403361344537815,0.8097165991902834,0.9635627530364372,0.8247422680412371
3,24,regular,3,1078,1079,1,1073,5,6,0.9953617810760668,0.9944392956441149,0.9990732159406858,0.9949003245248029
3,24,semiregular,3,681,680,1,636,45,44,0.933920704845815,0.9352941176470588,1.0014705882352941,0.9346069066862602
3,24,irregular,3,243,247,4,200,43,47,0.823045267489712,0.8097165991902834,0.9838056680161943,0.816326530612245
3,25,regular,1,967,946,21,945,22,1,0.9772492244053774,0.9989429175475687,1.022198731501057,0.9879769994772608
3,25,semiregular,1,729,718,11,635,94,83,0.8710562414266118,0.8844011142061281,1.0153203342618384,0.8776779543883897
3,25,irregular,1,20,207,187,2,18,205,0.1,0.00966183574879227,0.0966183574879227,0.017621145374449337
3,25,regular,2,934,946,12,926,8,20,0.9914346895074947,0.9788583509513742,0.9873150105708245,0.9851063829787233
3,25,semiregular,2,731,718,13,651,80,67,0.8905608755129959,0.9066852367688022,1.0181058495821727,0.8985507246376812
3,25,irregular,2,147,207,60,112,35,95,0.7619047619047619,0.5410628019323671,0.7101449275362319,0.6327683615819208
3,25,regular,3,945,946,1,942,3,4,0.9968253968253968,0.9957716701902748,0.9989429175475687,0.9962982548915917
3,25,semiregular,3,719,718,1,644,75,74,0.8956884561891516,0.8969359331476323,1.001392757660167,0.8963117606123869
3,25,irregular,3,101,207,106,67,34,140,0.6633663366336634,0.32367149758454106,0.48792270531400966,0.43506493506493504
3,26,regular,1,1081,985,96,985,96,0,0.9111933395004626,1.0,1.0974619289340102,0.9535333978702808
3,26,semiregular,1,802,720,82,691,111,29,0.8615960099750624,0.9597222222222223,1.113888888888889,0.9080157687253613
3,26,irregular,1,13,214,201,2,11,212,0.15384615384615385,0.009345794392523364,0.06074766355140187,0.017621145374449337
3,26,regular,2,1025,985,40,983,42,2,0.9590243902439024,0.9979695431472081,1.0406091370558375,0.9781094527363184
3,26,semiregular,2,724,720,4,645,79,75,0.8908839779005525,0.8958333333333334,1.0055555555555555,0.8933518005540168
3,26,irregular,2,198,214,16,160,38,54,0.8080808080808081,0.7476635514018691,0.9252336448598131,0.7766990291262135
3,26,regular,3,1024,985,39,985,39,0,0.9619140625,1.0,1.0395939086294417,0.9805873568939771
3,26,semiregular,3,723,720,3,648,75,72,0.8962655601659751,0.9,1.0041666666666667,0.8981288981288982
3,26,irregular,3,178,214,36,142,36,72,0.797752808988764,0.6635514018691588,0.8317757009345794,0.7244897959183674
3,27,regular,1,1184,1166,18,1163,21,3,0.9822635135135135,0.9974271012006861,1.0154373927958833,0.9897872340425531
3,27,semiregular,1,734,728,6,628,106,100,0.8555858310626703,0.8626373626373627,1.0082417582417582,0.8590971272229823
3,27,irregular,1,19,270,251,6,13,264,0.3157894736842105,0.022222222222222223,0.07037037037037037,0.041522491349480974
3,27,regular,2,1171,1166,5,1151,20,15,0.9829205807002562,0.9871355060034306,1.004288164665523,0.9850235344458708
3,27,semiregular,2,731,728,3,665,66,63,0.9097127222982216,0.9134615384615384,1.004120879120879,0.9115832762165866
3,27,irregular,2,255,270,15,211,44,59,0.8274509803921568,0.7814814814814814,0.9444444444444444,0.8038095238095238
3,27,regular,3,1165,1166,1,1164,1,2,0.9991416309012876,0.9982847341337907,0.9991423670668954,0.9987129987129987
3,27,semiregular,3,726,728,2,666,60,62,0.9173553719008265,0.9148351648351648,0.9972527472527473,0.9160935350756533
3,27,irregular,3,246,270,24,204,42,66,0.8292682926829268,0.7555555555555555,0.9111111111111111,0.7906976744186047
3,28,regular,1,1113,1098,15,1083,30,15,0.9730458221024259,0.9863387978142076,1.0136612021857923,0.9796472184531886
3,28,semiregular,1,907,859,48,801,106,58,0.8831312017640573,0.9324796274738067,1.0558789289871944,0.9071347678369196
3,28,irregular,1,22,293,271,5,17,288,0.22727272727272727,0.017064846416382253,0.07508532423208192,0.031746031746031744
3,28,regular,2,1104,1098,6,1084,20,14,0.9818840579710145,0.9872495446265938,1.005464480874317,0.9845594913714805
3,28,semiregular,2,840,859,19,769,71,90,0.9154761904761904,0.8952270081490105,0.9778812572759022,0.9052383755150089
3,28,irregular,2,221,293,72,180,41,113,0.8144796380090498,0.6143344709897611,0.7542662116040956,0.7003891050583657
3,28,regular,3,1106,1098,8,1094,12,4,0.9891500904159132,0.9963570127504554,1.0072859744990892,0.9927404718693286
3,28,semiregular,3,867,859,8,803,64,56,0.9261822376009228,0.9348079161816065,1.009313154831199,0.9304750869061414
3,28,irregular,3,216,293,77,174,42,119,0.8055555555555556,0.5938566552901023,0.7372013651877133,0.6836935166994106
3,29,regular,1,1159,1140,19,1139,20,1,0.9827437446074202,0.9991228070175439,1.0166666666666666,0.9908655937364071
3,29,semiregular,1,969,869,100,825,144,44,0.8513931888544891,0.9493670886075949,1.1150747986191025,0.8977149075081611
3,29,irregular,1,14,247,233,4,10,243,0.2857142857142857,0.016194331983805668,0.05668016194331984,0.030651340996168584
3,29,regular,2,1140,1140,0,1123,17,17,0.9850877192982456,0.9850877192982456,1.0,0.9850877192982456
3,29,semiregular,2,924,869,55,809,115,60,0.8755411255411255,0.9309551208285386,1.0632911392405062,0.9023982152816509
3,29,irregular,2,246,247,1,199,47,48,0.8089430894308943,0.805668016194332,0.9959514170040485,0.8073022312373226
3,29,regular,3,1143,1140,3,1136,7,4,0.9938757655293088,0.9964912280701754,1.0026315789473683,0.9951817783618045
3,29,semiregular,3,891,869,22,795,96,74,0.8922558922558923,0.9148446490218642,1.0253164556962024,0.9034090909090909
3,29,irregular,3,215,247,32,169,46,78,0.786046511627907,0.6842105263157895,0.8704453441295547,0.7316017316017317
3,30,regular,1,1005,997,8,990,15,7,0.9850746268656716,0.9929789368104313,1.00802407221665,0.989010989010989
3,30,semiregular,1,842,810,32,753,89,57,0.8942992874109263,0.9296296296296296,1.039506172839506,0.9116222760290557
3,30,irregular,1,24,250,226,2,22,248,0.08333333333333333,0.008,0.096,0.014598540145985403
3,30,regular,2,998,997,1,985,13,12,0.9869739478957916,0.9879638916750251,1.0010030090270812,0.987468671679198
3,30,semiregular,2,814,810,4,742,72,68,0.9115479115479116,0.9160493827160494,1.0049382716049382,0.9137931034482758
3,30,irregular,2,224,250,26,182,42,68,0.8125,0.728,0.896,0.7679324894514769
3,30,regular,3,996,997,1,994,2,3,0.9979919678714859,0.9969909729187563,0.9989969909729187,0.997491219267436
3,30,semiregular,3,820,810,10,751,69,59,0.9158536585365854,0.9271604938271605,1.0123456790123457,0.9214723926380369
3,30,irregular,3,216,250,34,171,45,79,0.7916666666666666,0.684,0.864,0.7339055793991416
4,1,regular,1,1003,937,66,937,66,0,0.93419740777667,1.0,1.0704375667022412,0.9659793814432991
4,1,semiregular,1,724,703,21,613,111,90,0.8466850828729282,0.871977240398293,1.0298719772403984,0.8591450595655221
4,1,irregular,1,129,199,70,102,27,97,0.7906976744186046,0.5125628140703518,0.6482412060301508,0.6219512195121952
4,1,regular,2,1018,937,81,937,81,0,0.9204322200392927,1.0,1.0864461045891143,0.9585677749360614
4,1,semiregular,2,693,703,10,594,99,109,0.8571428571428571,0.844950213371266,0.9857752489331437,0.8510028653295129
4,1,irregular,2,176,199,23,147,29,52,0.8352272727272727,0.7386934673366834,0.8844221105527639,0.784
4,1,regular,3,938,937,1,931,7,6,0.9925373134328358,0.9935965848452508,1.0010672358591248,0.9930666666666665
4,1,semiregular,3,714,703,11,625,89,78,0.8753501400560224,0.8890469416785206,1.0156472261735419,0.8821453775582216
4,1,irregular,3,186,199,13,146,40,53,0.7849462365591398,0.7336683417085427,0.9346733668341709,0.7584415584415584
4,2,regular,1,1220,1224,4,1201,19,23,0.9844262295081967,0.9812091503267973,0.9967320261437909,0.9828150572831423
4,2,semiregular,1,597,647,50,561,36,86,0.9396984924623115,0.8670788253477589,0.9227202472952086,0.9019292604501606
4,2,irregular,1,88,217,129,72,16,145,0.8181818181818182,0.3317972350230415,0.4055299539170507,0.4721311475409836
4,2,regular,2,1245,1224,21,1218,27,6,0.9783132530120482,0.9950980392156863,1.017156862745098,0.9866342648845686
4,2,semiregular,2,614,647,33,576,38,71,0.9381107491856677,0.8902627511591963,0.9489953632148377,0.9135606661379857
4,2,irregular,2,196,217,21,161,35,56,0.8214285714285714,0.7419354838709677,0.9032258064516129,0.7796610169491526
4,2,regular,3,1216,1224,8,1210,6,14,0.9950657894736842,0.988562091503268,0.9934640522875817,0.9918032786885247
4,2,semiregular,3,650,647,3,609,41,38,0.936923076923077,0.9412673879443586,1.0046367851622875,0.9390902081727062
4,2,irregular,3,197,217,20,158,39,59,0.8020304568527918,0.728110599078341,0.9078341013824884,0.7632850241545894
4,3,regular,1,1041,1053,12,1027,14,26,0.9865513928914506,0.9753086419753086,0.9886039886039886,0.9808978032473734
4,3,semiregular,1,702,716,14,635,67,81,0.9045584045584045,0.8868715083798883,0.9804469273743017,0.8956276445698166
4,3,irregular,1,138,224,86,122,16,102,0.8840579710144928,0.5446428571428571,0.6160714285714286,0.6740331491712707
4,3,regular,2,1048,1053,5,1032,16,21,0.9847328244274809,0.98005698005698,0.9952516619183286,0.9823893384102808
4,3,semiregular,2,696,716,20,628,68,88,0.9022988505747126,0.8770949720670391,0.9720670391061452,0.8895184135977336
4,3,irregular,2,188,224,36,156,32,68,0.8297872340425532,0.6964285714285714,0.8392857142857143,0.7572815533980581
4,3,regular,3,1040,1053,13,1036,4,17,0.9961538461538462,0.9838556505223172,0.9876543209876543,0.9899665551839466
4,3,semiregular,3,715,716,1,644,71,72,0.9006993006993007,0.8994413407821229,0.9986033519553073,0.9000698812019566
4,3,irregular,3,212,224,12,162,50,62,0.7641509433962265,0.7232142857142857,0.9464285714285714,0.7431192660550459
4,4,regular,1,1130,1101,29,1100,30,1,0.9734513274336283,0.9990917347865577,1.0263396911898275,0.9861048857014793
4,4,semiregular,1,638,614,24,531,107,83,0.8322884012539185,0.8648208469055375,1.0390879478827362,0.8482428115015975
4,4,irregular,1,97,228,131,83,14,145,0.8556701030927835,0.36403508771929827,0.42543859649122806,0.5107692307692308
4,4,regular,2,1131,1101,30,1101,30,0,0.9734748010610079,1.0,1.0272479564032697,0.9865591397849462
4,4,semiregular,2,585,614,29,517,68,97,0.8837606837606837,0.8420195439739414,0.9527687296416938,0.8623853211009174
4,4,irregular,2,193,228,35,153,40,75,0.7927461139896373,0.6710526315789473,0.8464912280701754,0.7268408551068883
4,4,regular,3,1105,1101,4,1099,6,2,0.9945701357466064,0.9981834695731153,1.0036330608537694,0.9963735267452403
4,4,semiregular,3,615,614,1,542,73,72,0.8813008130081301,0.8827361563517915,1.001628664495114,0.8820179007323027
4,4,irregular,3,221,228,7,167,54,61,0.755656108597285,0.7324561403508771,0.9692982456140351,0.7438752783964365
4,5,regular,1,1057,1044,13,1044,13,0,0.9877010406811731,1.0,1.0124521072796935,0.9938124702522609
4,5,semiregular,1,732,668,64,617,115,51,0.842896174863388,0.9236526946107785,1.095808383233533,0.8814285714285715
4,5,irregular,1,90,217,127,78,12,139,0.8666666666666667,0.35944700460829493,0.4147465437788018,0.50814332247557
4,5,regular,2,1065,1044,21,1044,21,0,0.9802816901408451,1.0,1.0201149425287357,0.9900426742532006
4,5,semiregular,2,679,668,11,594,85,74,0.8748159057437408,0.8892215568862275,1.0164670658682635,0.8819599109131404
4,5,irregular,2,195,217,22,161,34,56,0.8256410256410256,0.7419354838709677,0.8986175115207373,0.7815533980582523
4,5,regular,3,1043,1044,1,1039,4,5,0.9961649089165868,0.9952107279693486,0.9990421455938697,0.9956875898418783
4,5,semiregular,3,692,668,24,604,88,64,0.8728323699421965,0.9041916167664671,1.035928143712575,0.8882352941176471
4,5,irregular,3,205,217,12,167,38,50,0.8146341463414634,0.7695852534562212,0.9447004608294931,0.7914691943127962
4,6,regular,1,959,915,44,914,45,1,0.9530761209593326,0.9989071038251366,1.048087431693989,0.9754535752401281
4,6,semiregular,1,700,701,1,630,70,71,0.9,0.8987161198288159,0.9985734664764622,0.899357601713062
4,6,irregular,1,96,195,99,59,37,136,0.6145833333333334,0.30256410256410254,0.49230769230769234,0.4054982817869416
4,6,regular,2,974,915,59,915,59,0,0.9394250513347022,1.0,1.0644808743169398,0.9687665431445209
4,6,semiregular,2,682,701,19,622,60,79,0.9120234604105572,0.8873038516405135,0.9728958630527818,0.8994938539407086
4,6,irregular,2,163,195,32,124,39,71,0.7607361963190185,0.6358974358974359,0.8358974358974359,0.6927374301675978
4,6,regular,3,924,915,9,914,10,1,0.9891774891774892,0.9989071038251366,1.0098360655737706,0.9940184883088634
4,6,semiregular,3,716,701,15,649,67,52,0.9064245810055865,0.9258202567760342,1.0213980028530671,0.9160197600564572
4,6,irregular,3,198,195,3,155,43,40,0.7828282828282829,0.7948717948717948,1.0153846153846153,0.7888040712468194
4,7,regular,1,1243,1230,13,1220,23,10,0.9814963797264682,0.991869918699187,1.0105691056910568,0.9866558835422563
4,7,semiregular,1,759,761,2,648,111,113,0.8537549407114624,0.8515111695137977,0.9973718791064389,0.8526315789473685
4,7,irregular,1,7,225,218,4,3,221,0.5714285714285714,0.017777777777777778,0.03111111111111111,0.034482758620689655
4,7,regular,2,1269,1230,39,1229,40,1,0.9684791174152876,0.9991869918699187,1.0317073170731708,0.98359343737495
4,7,semiregular,2,730,761,31,651,79,110,0.8917808219178082,0.8554533508541393,0.9592641261498029,0.8732394366197183
4,7,irregular,2,180,225,45,156,24,69,0.8666666666666667,0.6933333333333334,0.8,0.7703703703703704
4,7,regular,3,1229,1230,1,1222,7,8,0.9943043124491456,0.9934959349593496,0.9991869918699187,0.9938999593330622
4,7,semiregular,3,769,761,8,677,92,84,0.8803641092327699,0.8896189224704336,1.0105124835742445,0.8849673202614379
4,7,irregular,3,214,225,11,175,39,50,0.8177570093457944,0.7777777777777778,0.9511111111111111,0.7972665148063781
4,8,regular,1,1055,1035,20,1028,27,7,0.9744075829383886,0.9932367149758454,1.0193236714975846,0.9837320574162679
4,8,semiregular,1,806,827,21,726,80,101,0.9007444168734491,0.8778718258766627,0.9746070133010882,0.8891610532761788
4,8,irregular,1,112,243,131,96,16,147,0.8571428571428571,0.3950617283950617,0.4609053497942387,0.5408450704225352
4,8,regular,2,1055,1035,20,1031,24,4,0.9772511848341232,0.996135265700483,1.0193236714975846,0.9866028708133971
4,8,semiregular,2,801,827,26,736,65,91,0.9188514357053683,0.8899637243047158,0.9685610640870617,0.9041769041769041
4,8,irregular,2,194,243,49,157,37,86,0.8092783505154639,0.6460905349794238,0.7983539094650206,0.7185354691075516
4,8,regular,3,1033,1035,2,1027,6,8,0.9941916747337851,0.9922705314009662,0.9980676328502416,0.9932301740812379
4,8,semiregular,3,848,827,21,771,77,56,0.9091981132075472,0.932285368802902,1.0253929866989118,0.9205970149253732
4,8,irregular,3,225,243,18,168,57,75,0.7466666666666667,0.691358024691358,0.9259259259259259,0.717948717948718
4,9,regular,1,1113,1107,6,1093,20,14,0.9820305480682839,0.987353206865402,1.005420054200542,0.9846846846846847
4,9,semiregular,1,662,701,39,616,46,85,0.9305135951661632,0.8787446504992867,0.9443651925820257,0.9038884812912692
4,9,irregular,1,97,266,169,88,9,178,0.9072164948453608,0.3308270676691729,0.36466165413533835,0.4848484848484848
4,9,regular,2,1102,1107,5,1090,12,17,0.9891107078039928,0.9846431797651309,0.995483288166215,0.9868718877320054
4,9,semiregular,2,606,701,95,572,34,129,0.9438943894389439,0.8159771754636234,0.8644793152639088,0.8752869166029073
4,9,irregular,2,231,266,35,195,36,71,0.8441558441558441,0.7330827067669173,0.868421052631579,0.7847082494969818
4,9,regular,3,1085,1107,22,1082,3,25,0.9972350230414746,0.9774164408310749,0.980126467931346,0.9872262773722628
4,9,semiregular,3,702,701,1,660,42,41,0.9401709401709402,0.9415121255349501,1.0014265335235377,0.9408410548823949
4,9,irregular,3,230,266,36,186,44,80,0.808695652173913,0.6992481203007519,0.8646616541353384,0.75
4,10,regular,1,1060,1014,46,1013,47,1,0.9556603773584905,0.9990138067061144,1.0453648915187377,0.9768563162970105
4,10,semiregular,1,658,656,2,592,66,64,0.8996960486322189,0.9024390243902439,1.0030487804878048,0.9010654490106544
4,10,irregular,1,125,247,122,106,19,141,0.848,0.4291497975708502,0.5060728744939271,0.5698924731182795
4,10,regular,2,1065,1014,51,1013,52,1,0.9511737089201878,0.9990138067061144,1.0502958579881656,0.9745069745069745
4,10,semiregular,2,653,656,3,597,56,59,0.9142419601837672,0.9100609756097561,0.9954268292682927,0.9121466768525591
4,10,irregular,2,201,247,46,179,22,68,0.8905472636815921,0.7246963562753036,0.8137651821862348,0.7991071428571429
4,10,regular,3,1032,1014,18,1012,20,2,0.9806201550387597,0.9980276134122288,1.017751479289941,0.989247311827957
4,10,semiregular,3,652,656,4,600,52,56,0.9202453987730062,0.9146341463414634,0.9939024390243902,0.9174311926605505
4,10,irregular,3,230,247,17,200,30,47,0.8695652173913043,0.8097165991902834,0.9311740890688259,0.8385744234800838
4,11,regular,1,1085,1070,15,1069,16,1,0.9852534562211982,0.9990654205607477,1.014018691588785,0.9921113689095128
4,11,semiregular,1,736,700,36,637,99,63,0.8654891304347826,0.91,1.0514285714285714,0.8871866295264624
4,11,irregular,1,160,239,79,136,24,103,0.85,0.5690376569037657,0.6694560669456067,0.681704260651629
4,11,regular,2,1097,1070,27,1070,27,0,0.97538742023701,1.0,1.0252336448598132,0.9875403784033224
4,11,semiregular,2,689,700,11,616,73,84,0.8940493468795355,0.88,0.9842857142857143,0.8869690424766018
4,11,irregular,2,196,239,43,164,32,75,0.8367346938775511,0.6861924686192469,0.8200836820083682,0.7540229885057471
4,11,regular,3,1074,1070,4,1069,5,1,0.9953445065176909,0.9990654205607477,1.0037383177570094,0.9972014925373135
4,11,semiregular,3,705,700,5,629,76,71,0.8921985815602836,0.8985714285714286,1.0071428571428571,0.8953736654804271
4,11,irregular,3,211,239,28,171,40,68,0.8104265402843602,0.7154811715481172,0.8828451882845189,0.76
4,12,regular,1,1032,1007,25,1007,25,0,0.9757751937984496,1.0,1.0248262164846078,0.9877390877881315
4,12,semiregular,1,703,641,62,594,109,47,0.844950213371266,0.9266770670826833,1.0967238689547583,0.8839285714285714
4,12,irregular,1,173,204,31,141,32,63,0.815028901734104,0.6911764705882353,0.8480392156862745,0.7480106100795757
4,12,regular,2,1067,1007,60,1007,60,0,0.943767572633552,1.0,1.0595829195630586,0.9710703953712634
4,12,semiregular,2,636,641,5,549,87,92,0.8632075471698113,0.8564742589703588,0.9921996879875195,0.8598277212216131
4,12,irregular,2,206,204,2,156,50,48,0.7572815533980582,0.7647058823529411,1.0098039215686274,0.7609756097560975
4,12,regular,3,1024,1007,17,1006,18,1,0.982421875,0.9990069513406157,1.0168818272095332,0.9906450024618414
4,12,semiregular,3,651,641,10,561,90,80,0.8617511520737328,0.875195007800312,1.015600624024961,0.8684210526315789
4,12,irregular,3,207,204,3,162,45,42,0.782608695652174,0.7941176470588235,1.0147058823529411,0.7883211678832117
4,13,regular,1,1020,1000,20,1000,20,0,0.9803921568627451,1.0,1.02,0.99009900990099
4,13,semiregular,1,841,815,26,764,77,51,0.9084423305588585,0.9374233128834356,1.0319018404907976,0.9227053140096618
4,13,irregular,1,151,216,65,124,27,92,0.8211920529801324,0.5740740740740741,0.6990740740740741,0.6757493188010898
4,13,regular,2,1006,1000,6,994,12,6,0.9880715705765407,0.994,1.006,0.9910269192422732
4,13,semiregular,2,807,815,8,743,64,72,0.9206939281288724,0.9116564417177914,0.9901840490797545,0.9161528976572133
4,13,irregular,2,203,216,13,167,36,49,0.8226600985221675,0.7731481481481481,0.9398148148148148,0.7971360381861575
4,13,regular,3,1002,1000,2,997,5,3,0.9950099800399201,0.997,1.002,0.9960039960039959
4,13,semiregular,3,820,815,5,756,64,59,0.9219512195121952,0.9276073619631902,1.0061349693251533,0.9247706422018349
4,13,irregular,3,210,216,6,168,42,48,0.8,0.7777777777777778,0.9722222222222222,0.7887323943661971
4,14,regular,1,1054,1052,2,1038,16,14,0.9848197343453511,0.9866920152091255,1.0019011406844107,0.9857549857549857
4,14,semiregular,1,879,913,34,815,64,98,0.9271899886234357,0.8926615553121577,0.9627601314348302,0.9095982142857144
4,14,irregular,1,117,217,100,103,14,114,0.8803418803418803,0.47465437788018433,0.5391705069124424,0.6167664670658682
4,14,regular,2,1059,1052,7,1041,18,11,0.9830028328611898,0.9895437262357415,1.0066539923954372,0.986262434864993
4,14,semiregular,2,864,913,49,810,54,103,0.9375,0.8871851040525739,0.9463307776560789,0.9116488463702871
4,14,irregular,2,204,217,13,165,39,52,0.8088235294117647,0.7603686635944701,0.9400921658986175,0.7838479809976248
4,14,regular,3,1048,1052,4,1046,2,6,0.9980916030534351,0.9942965779467681,0.9961977186311787,0.9961904761904762
4,14,semiregular,3,913,913,0,858,55,55,0.9397590361445783,0.9397590361445783,1.0,0.9397590361445783
4,14,irregular,3,199,217,18,160,39,57,0.8040201005025126,0.7373271889400922,0.9170506912442397,0.7692307692307692
4,15,regular,1,978,964,14,962,16,2,0.983640081799591,0.9979253112033195,1.0145228215767634,0.9907312049433573
4,15,semiregular,1,777,774,3,697,80,77,0.8970398970398971,0.900516795865633,1.003875968992248,0.8987749838813669
4,15,irregular,1,124,218,94,109,15,109,0.8790322580645161,0.5,0.5688073394495413,0.6374269005847953
4,15,regular,2,962,964,2,948,14,16,0.9854469854469855,0.983402489626556,0.9979253112033195,0.9844236760124611
4,15,semiregular,2,740,774,34,681,59,93,0.9202702702702703,0.8798449612403101,0.9560723514211886,0.8996036988110965
4,15,irregular,2,203,218,15,168,35,50,0.8275862068965517,0.7706422018348624,0.9311926605504587,0.7980997624703088
4,15,regular,3,959,964,5,956,3,8,0.9968717413972888,0.991701244813278,0.9948132780082988,0.9942797711908475
4,15,semiregular,3,765,774,9,704,61,70,0.9202614379084967,0.9095607235142119,0.9883720930232558,0.9148797920727746
4,15,irregular,3,210,218,8,175,35,43,0.8333333333333334,0.8027522935779816,0.963302752293578,0.8177570093457944
4,16,regular,1,1141,1109,32,1109,32,0,0.971954425942156,1.0,1.0288548241659152,0.9857777777777778
4,16,semiregular,1,673,681,8,583,90,98,0.8662704309063893,0.856093979441997,0.9882525697503671,0.861152141802068
4,16,irregular,1,138,272,134,109,29,163,0.7898550724637681,0.4007352941176471,0.5073529411764706,0.5317073170731708
4,16,regular,2,1163,1109,54,1109,54,0,0.9535683576956148,1.0,1.048692515779982,0.9762323943661972
4,16,semiregular,2,655,681,26,590,65,91,0.9007633587786259,0.8663729809104258,0.9618208516886931,0.8832335329341316
4,16,irregular,2,217,272,55,187,30,85,0.8617511520737328,0.6875,0.7977941176470589,0.7648261758691207
4,16,regular,3,1111,1109,2,1104,7,5,0.9936993699369937,0.9954914337240758,1.0018034265103697,0.9945945945945946
4,16,semiregular,3,676,681,5,605,71,76,0.8949704142011834,0.8883994126284875,0.9926578560939795,0.8916728076639646
4,16,irregular,3,226,272,46,193,33,79,0.8539823008849557,0.7095588235294118,0.8308823529411765,0.7751004016064257
4,17,regular,1,1051,1029,22,1029,22,0,0.9790675547098002,1.0,1.021379980563654,0.989423076923077
4,17,semiregular,1,802,837,35,723,79,114,0.9014962593516209,0.8637992831541219,0.9581839904420549,0.8822452715070165
4,17,irregular,1,145,240,95,129,16,111,0.8896551724137931,0.5375,0.6041666666666666,0.6701298701298702
4,17,regular,2,1059,1029,30,1029,30,0,0.9716713881019831,1.0,1.0291545189504374,0.985632183908046
4,17,semiregular,2,811,837,26,741,70,96,0.9136868064118372,0.8853046594982079,0.9689366786140979,0.8992718446601942
4,17,irregular,2,210,240,30,175,35,65,0.8333333333333334,0.7291666666666666,0.875,0.7777777777777777
4,17,regular,3,1040,1029,11,1027,13,2,0.9875,0.9980563654033042,1.010689990281827,0.9927501208313195
4,17,semiregular,3,843,837,6,778,65,59,0.9228944246737841,0.929510155316607,1.007168458781362,0.9261904761904761
4,17,irregular,3,213,240,27,169,44,71,0.7934272300469484,0.7041666666666667,0.8875,0.7461368653421634
4,18,regular,1,1074,1044,30,1044,30,0,0.9720670391061452,1.0,1.028735632183908,0.9858356940509915
4,18,semiregular,1,770,801,31,707,63,94,0.9181818181818182,0.8826466916354557,0.9612983770287141,0.900063653723743
4,18,irregular,1,127,252,125,101,26,151,0.7952755905511811,0.4007936507936508,0.503968253968254,0.5329815303430079
4,18,regular,2,1069,1044,25,1044,25,0,0.9766136576239476,1.0,1.0239463601532568,0.9881684808329388
4,18,semiregular,2,769,801,32,716,53,85,0.9310793237971391,0.8938826466916354,0.9600499375780275,0.9121019108280254
4,18,irregular,2,220,252,32,188,32,64,0.8545454545454545,0.746031746031746,0.873015873015873,0.7966101694915254
4,18,regular,3,1059,1044,15,1043,16,1,0.9848914069877243,0.9990421455938697,1.014367816091954,0.9919163100332857
4,18,semiregular,3,807,801,6,753,54,48,0.9330855018587361,0.9400749063670412,1.0074906367041199,0.9365671641791046
4,18,irregular,3,232,252,20,196,36,56,0.8448275862068966,0.7777777777777778,0.9206349206349206,0.8099173553719008
4,19,regular,1,1103,1076,27,1075,28,1,0.9746146872166818,0.9990706319702602,1.025092936802974,0.9866911427260212
4,19,semiregular,1,744,753,9,672,72,81,0.9032258064516129,0.8924302788844621,0.9880478087649402,0.8977955911823647
4,19,irregular,1,127,245,118,107,20,138,0.84251968503937,0.43673469387755104,0.5183673469387755,0.5752688172043011
4,19,regular,2,1095,1076,19,1072,23,4,0.9789954337899544,0.9962825278810409,1.0176579925650557,0.987563334868724
4,19,semiregular,2,700,753,53,651,49,102,0.93,0.8645418326693227,0.9296148738379814,0.8960770818995183
4,19,irregular,2,225,245,20,178,47,67,0.7911111111111111,0.726530612244898,0.9183673469387755,0.7574468085106384
4,19,regular,3,1080,1076,4,1072,8,4,0.9925925925925926,0.9962825278810409,1.003717472118959,0.9944341372912802
4,19,semiregular,3,703,753,50,653,50,100,0.9288762446657184,0.8671978751660027,0.9335989375830013,0.8969780219780221
4,19,irregular,3,227,245,18,184,43,61,0.8105726872246696,0.7510204081632653,0.926530612244898,0.7796610169491525
4,20,regular,1,1202,1251,49,1190,12,61,0.9900166389351082,0.9512390087929656,0.9608313349320543,0.9702405218100285
4,20,semiregular,1,866,841,25,740,126,101,0.8545034642032333,0.8799048751486326,1.0297265160523186,0.8670181605155243
4,20,irregular,1,147,252,105,127,20,125,0.8639455782312925,0.503968253968254,0.5833333333333334,0.6365914786967419
4,20,regular,2,1162,1251,89,1142,20,109,0.9827882960413081,0.9128697042366107,0.9288569144684252,0.946539577289681
4,20,semiregular,2,443,841,398,389,54,452,0.8781038374717833,0.4625445897740785,0.5267538644470868,0.6059190031152648
4,20,irregular,2,226,252,26,180,46,72,0.7964601769911505,0.7142857142857143,0.8968253968253969,0.7531380753138075
4,20,regular,3,1161,1251,90,1157,4,94,0.9965546942291128,0.9248601119104716,0.9280575539568345,0.9593698175787728
4,20,semiregular,3,807,841,34,713,94,128,0.8835192069392813,0.8478002378121284,0.9595719381688466,0.8652912621359224
4,20,irregular,3,236,252,16,186,50,66,0.788135593220339,0.7380952380952381,0.9365079365079365,0.7622950819672131
4,21,regular,1,958,920,38,920,38,0,0.9603340292275574,1.0,1.041304347826087,0.979765708200213
4,21,semiregular,1,594,549,45,474,120,75,0.797979797979798,0.8633879781420765,1.0819672131147542,0.8293963254593175
4,21,irregular,1,107,204,97,89,18,115,0.8317757009345794,0.4362745098039216,0.5245098039215687,0.572347266881029
4,21,regular,2,948,920,28,920,28,0,0.9704641350210971,1.0,1.0304347826086957,0.9850107066381156
4,21,semiregular,2,550,549,1,463,87,86,0.8418181818181818,0.843351548269581,1.0018214936247722,0.8425841674249318
4,21,irregular,2,174,204,30,142,32,62,0.8160919540229885,0.696078431372549,0.8529411764705882,0.7513227513227513
4,21,regular,3,924,920,4,918,6,2,0.9935064935064936,0.9978260869565218,1.0043478260869565,0.9956616052060738
4,21,semiregular,3,599,549,50,497,102,52,0.8297161936560935,0.9052823315118397,1.0910746812386156,0.8658536585365854
4,21,irregular,3,187,204,17,152,35,52,0.8128342245989305,0.7450980392156863,0.9166666666666666,0.7774936061381074
4,22,regular,1,1007,946,61,946,61,0,0.9394240317775571,1.0,1.0644820295983086,0.9687660010240655
4,22,semiregular,1,738,703,35,639,99,64,0.8658536585365854,0.9089615931721194,1.0497866287339972,0.886884108258154
4,22,irregular,1,83,247,164,72,11,175,0.8674698795180723,0.291497975708502,0.3360323886639676,0.43636363636363634
4,22,regular,2,985,946,39,945,40,1,0.9593908629441624,0.9989429175475687,1.0412262156448202,0.9787674779906784
4,22,semiregular,2,664,703,39,599,65,104,0.9021084337349398,0.8520625889046942,0.9445234708392604,0.8763716166788588
4,22,irregular,2,172,247,75,147,25,100,0.8546511627906976,0.5951417004048583,0.6963562753036437,0.7016706443914081
4,22,regular,3,950,946,4,943,7,3,0.9926315789473684,0.9968287526427061,1.0042283298097252,0.9947257383966244
4,22,semiregular,3,722,703,19,633,89,70,0.8767313019390581,0.9004267425320057,1.027027027027027,0.888421052631579
4,22,irregular,3,219,247,28,174,45,73,0.7945205479452054,0.7044534412955465,0.8866396761133604,0.7467811158798283
4,23,regular,1,1002,999,3,950,52,49,0.9481037924151696,0.950950950950951,1.003003003003003,0.9495252373813092
4,23,semiregular,1,654,835,181,553,101,282,0.845565749235474,0.6622754491017964,0.7832335329341318,0.7427803895231699
4,23,irregular,1,25,266,241,3,22,263,0.12,0.011278195488721804,0.09398496240601503,0.020618556701030927
4,23,regular,2,852,999,147,845,7,154,0.9917840375586855,0.8458458458458459,0.8528528528528528,0.9130199891950297
4,23,semiregular,2,179,835,656,145,34,690,0.8100558659217877,0.17365269461077845,0.21437125748502994,0.2859960552268245
4,23,irregular,2,201,266,65,170,31,96,0.845771144278607,0.6390977443609023,0.7556390977443609,0.7280513918629551
4,23,regular,3,1012,999,13,995,17,4,0.983201581027668,0.995995995995996,1.013013013013013,0.9895574341123818
4,23,semiregular,3,860,835,25,762,98,73,0.8860465116279069,0.9125748502994012,1.029940119760479,0.8991150442477875
4,23,irregular,3,241,266,25,185,56,81,0.7676348547717843,0.6954887218045113,0.9060150375939849,0.7297830374753452
4,24,regular,1,1091,1079,12,1068,23,11,0.9789184234647113,0.989805375347544,1.0111214087117701,0.984331797235023
4,24,semiregular,1,680,680,0,612,68,68,0.9,0.9,1.0,0.9
4,24,irregular,1,83,247,164,70,13,177,0.8433734939759037,0.2834008097165992,0.3360323886639676,0.4242424242424243
4,24,regular,2,1095,1079,16,1071,24,8,0.9780821917808219,0.9925857275254866,1.0148285449490269,0.9852805887764489
4,24,semiregular,2,631,680,49,586,45,94,0.9286846275752774,0.861764705882353,0.9279411764705883,0.8939740655987797
4,24,irregular,2,211,247,36,175,36,72,0.8293838862559242,0.708502024291498,0.854251012145749,0.7641921397379914
4,24,regular,3,1063,1079,16,1058,5,21,0.9952963311382879,0.9805375347544022,0.9851714550509731,0.9878618113912231
4,24,semiregular,3,683,680,3,627,56,53,0.91800878477306,0.9220588235294118,1.0044117647058823,0.9200293470286134
4,24,irregular,3,224,247,23,186,38,61,0.8303571428571429,0.7530364372469636,0.9068825910931174,0.7898089171974522
4,25,regular,1,955,946,9,945,10,1,0.9895287958115183,0.9989429175475687,1.0095137420718816,0.9942135718043136
4,25,semiregular,1,715,718,3,636,79,82,0.8895104895104895,0.8857938718662952,0.9958217270194986,0.8876482903000698
4,25,irregular,1,132,207,75,99,33,108,0.75,0.4782608695652174,0.6376811594202898,0.5840707964601771
4,25,regular,2,953,946,7,940,13,6,0.9863588667366212,0.9936575052854123,1.007399577167019,0.9899947340705634
4,25,semiregular,2,697,718,21,626,71,92,0.8981348637015782,0.871866295264624,0.9707520891364902,0.8848056537102474
4,25,irregular,2,152,207,55,115,37,92,0.756578947368421,0.5555555555555556,0.7342995169082126,0.6406685236768802
4,25,regular,3,938,946,8,936,2,10,0.997867803837953,0.9894291754756871,0.9915433403805497,0.9936305732484076
4,25,semiregular,3,702,718,16,631,71,87,0.8988603988603988,0.8788300835654597,0.9777158774373259,0.8887323943661971
4,25,irregular,3,181,207,26,135,46,72,0.7458563535911602,0.6521739130434783,0.8743961352657005,0.6958762886597938
4,26,regular,1,1041,985,56,985,56,0,0.9462055715658021,1.0,1.0568527918781725,0.9723593287265547
4,26,semiregular,1,765,720,45,660,105,60,0.8627450980392157,0.9166666666666666,1.0625,0.888888888888889
4,26,irregular,1,214,214,0,162,52,52,0.7570093457943925,0.7570093457943925,1.0,0.7570093457943925
4,26,regular,2,1092,985,107,985,107,0,0.902014652014652,1.0,1.1086294416243654,0.9484833895040925
4,26,semiregular,2,710,720,10,638,72,82,0.8985915492957747,0.8861111111111111,0.9861111111111112,0.8923076923076922
4,26,irregular,2,177,214,37,143,34,71,0.807909604519774,0.6682242990654206,0.8271028037383178,0.731457800511509
4,26,regular,3,1011,985,26,984,27,1,0.973293768545994,0.9989847715736041,1.0263959390862945,0.9859719438877755
4,26,semiregular,3,729,720,9,650,79,70,0.8916323731138546,0.9027777777777778,1.0125,0.8971704623878537
4,26,irregular,3,215,214,1,168,47,46,0.7813953488372093,0.7850467289719626,1.0046728971962617,0.7832167832167831
4,27,regular,1,1174,1166,8,1154,20,12,0.9829642248722317,0.9897084048027445,1.006861063464837,0.9863247863247864
4,27,semiregular,1,732,728,4,644,88,84,0.8797814207650273,0.8846153846153846,1.0054945054945055,0.8821917808219178
4,27,irregular,1,60,270,210,53,7,217,0.8833333333333333,0.1962962962962963,0.2222222222222222,0.3212121212121212
4,27,regular,2,1181,1166,15,1159,22,7,0.9813717188823031,0.9939965694682675,1.0128644939965694,0.9876438005965062
4,27,semiregular,2,685,728,43,626,59,102,0.9138686131386862,0.8598901098901099,0.9409340659340659,0.8860580325548479
4,27,irregular,2,232,270,38,193,39,77,0.8318965517241379,0.7148148148148148,0.8592592592592593,0.7689243027888446
4,27,regular,3,1163,1166,3,1160,3,6,0.9974204643164231,0.9948542024013722,0.9974271012006861,0.9961356805495921
4,27,semiregular,3,724,728,4,657,67,71,0.9074585635359116,0.9024725274725275,0.9945054945054945,0.9049586776859504
4,27,irregular,3,245,270,25,202,43,68,0.8244897959183674,0.7481481481481481,0.9074074074074074,0.7844660194174757
4,28,regular,1,1112,1098,14,1084,28,14,0.9748201438848921,0.9872495446265938,1.0127504553734061,0.9809954751131222
4,28,semiregular,1,872,859,13,779,93,80,0.893348623853211,0.9068684516880093,1.0151338766006985,0.900057770075101
4,28,irregular,1,125,293,168,100,25,193,0.8,0.3412969283276451,0.42662116040955633,0.4784688995215311
4,28,regular,2,1130,1098,32,1098,32,0,0.9716814159292035,1.0,1.029143897996357,0.9856373429084381
4,28,semiregular,2,812,859,47,746,66,113,0.9187192118226601,0.8684516880093132,0.9452852153667055,0.8928785158587673
4,28,irregular,2,207,293,86,163,44,130,0.7874396135265701,0.5563139931740614,0.7064846416382252,0.652
4,28,regular,3,1097,1098,1,1090,7,8,0.9936189608021878,0.9927140255009107,0.9990892531876139,0.9931662870159453
4,28,semiregular,3,862,859,3,797,65,62,0.9245939675174014,0.9278230500582072,1.0034924330616997,0.9262056943637421
4,28,irregular,3,234,293,59,187,47,106,0.7991452991452992,0.6382252559726962,0.7986348122866894,0.7096774193548387
4,29,regular,1,1152,1140,12,1135,17,5,0.9852430555555556,0.9956140350877193,1.0105263157894737,0.9904013961605583
4,29,semiregular,1,929,869,60,799,130,70,0.860064585575888,0.9194476409666283,1.0690448791714615,0.888765294771969
4,29,irregular,1,152,247,95,133,19,114,0.875,0.5384615384615384,0.6153846153846154,0.6666666666666667
4,29,regular,2,1149,1140,9,1134,15,6,0.9869451697127938,0.9947368421052631,1.0078947368421052,0.9908256880733946
4,29,semiregular,2,888,869,19,779,109,90,0.8772522522522522,0.8964326812428078,1.0218642117376295,0.8867387592487194
4,29,irregular,2,230,247,17,189,41,58,0.8217391304347826,0.7651821862348178,0.9311740890688259,0.7924528301886792
4,29,regular,3,1135,1140,5,1130,5,10,0.9955947136563876,0.9912280701754386,0.9956140350877193,0.9934065934065934
4,29,semiregular,3,875,869,6,794,81,75,0.9074285714285715,0.9136939010356732,1.006904487917146,0.9105504587155964
4,29,irregular,3,243,247,4,192,51,55,0.7901234567901234,0.7773279352226721,0.9838056680161943,0.7836734693877551
4,30,regular,1,1006,997,9,993,13,4,0.9870775347912525,0.995987963891675,1.0090270812437312,0.9915127309036446
4,30,semiregular,1,808,810,2,735,73,75,0.9096534653465347,0.9074074074074074,0.9975308641975309,0.9085290482076639
4,30,irregular,1,163,250,87,135,28,115,0.8282208588957055,0.54,0.652,0.6537530266343825
4,30,regular,2,1000,997,3,991,9,6,0.991,0.9939819458375125,1.0030090270812437,0.9924887330996494
4,30,semiregular,2,791,810,19,729,62,81,0.9216182048040455,0.9,0.9765432098765432,0.910680824484697
4,30,irregular,2,200,250,50,169,31,81,0.845,0.676,0.8,0.7511111111111113
4,30,regular,3,997,997,0,994,3,3,0.9969909729187563,0.9969909729187563,1.0,0.9969909729187563
4,30,semiregular,3,824,810,14,756,68,54,0.9174757281553398,0.9333333333333333,1.017283950617284,0.9253365973072215
4,30,irregular,3,236,250,14,176,60,74,0.7457627118644068,0.704,0.944,0.7242798353909465
5,1,regular,1,980,937,43,927,53,10,0.9459183673469388,0.9893276414087513,1.0458911419423693,0.9671361502347418
5,1,semiregular,1,736,703,33,621,115,82,0.84375,0.883357041251778,1.0469416785206258,0.8630993745656705
5,1,irregular,1,6,199,193,0,6,199,-1,-1,0.03015075376884422,-1
5,1,regular,2,1003,937,66,936,67,1,0.9332003988035892,0.9989327641408752,1.0704375667022412,0.9649484536082474
5,1,semiregular,2,741,703,38,627,114,76,0.8461538461538461,0.8918918918918919,1.054054054054054,0.868421052631579
5,1,irregular,2,190,199,9,150,40,49,0.7894736842105263,0.7537688442211056,0.9547738693467337,0.7712082262210797
5,1,regular,3,938,937,1,933,5,4,0.9946695095948828,0.9957310565635006,1.0010672358591248,0.9952
5,1,semiregular,3,722,703,19,614,108,89,0.850415512465374,0.8733997155049786,1.027027027027027,0.8617543859649123
5,1,irregular,3,186,199,13,145,41,54,0.7795698924731183,0.7286432160804021,0.9346733668341709,0.7532467532467532
5,2,regular,1,1231,1224,7,1208,23,16,0.9813160032493907,0.9869281045751634,1.005718954248366,0.9841140529531569
5,2,semiregular,1,602,647,45,555,47,92,0.9219269102990033,0.8578052550231839,0.9304482225656878,0.8887109687750201
5,2,irregular,1,9,217,208,0,9,217,-1,-1,0.041474654377880185,-1
5,2,regular,2,1240,1224,16,1213,27,11,0.978225806451613,0.9910130718954249,1.0130718954248366,0.9845779220779222
5,2,semiregular,2,639,647,8,600,39,47,0.9389671361502347,0.9273570324574961,0.9876352395672334,0.9331259720062208
5,2,irregular,2,207,217,10,167,40,50,0.8067632850241546,0.7695852534562212,0.9539170506912442,0.7877358490566038
5,2,regular,3,1216,1224,8,1211,5,13,0.9958881578947368,0.9893790849673203,0.9934640522875817,0.9926229508196722
5,2,semiregular,3,646,647,1,608,38,39,0.9411764705882353,0.9397217928902627,0.9984544049459042,0.9404485692188709
5,2,irregular,3,209,217,8,164,45,53,0.784688995215311,0.7557603686635944,0.9631336405529954,0.7699530516431924
5,3,regular,1,1047,1053,6,1033,14,20,0.9866284622731614,0.9810066476733144,0.9943019943019943,0.9838095238095238
5,3,semiregular,1,705,716,11,631,74,85,0.8950354609929078,0.8812849162011173,0.9846368715083799,0.8881069669247009
5,3,irregular,1,8,224,216,1,7,223,0.125,0.004464285714285714,0.03571428571428571,0.008620689655172412
5,3,regular,2,1041,1053,12,1026,15,27,0.9855907780979827,0.9743589743589743,0.9886039886039886,0.979942693409742
5,3,semiregular,2,727,716,11,653,74,63,0.8982118294360385,0.9120111731843575,1.01536312849162,0.9050589050589051
5,3,irregular,2,199,224,25,163,36,61,0.8190954773869347,0.7276785714285714,0.8883928571428571,0.7706855791962176
5,3,regular,3,1043,1053,10,1040,3,13,0.99712368168744,0.9876543209876543,0.9905033238366572,0.9923664122137403
5,3,semiregular,3,716,716,0,649,67,67,0.9064245810055865,0.9064245810055865,1.0,0.9064245810055865
5,3,irregular,3,214,224,10,163,51,61,0.7616822429906542,0.7276785714285714,0.9553571428571429,0.7442922374429224
5,4,regular,1,1127,1101,26,1100,27,1,0.9760425909494232,0.9990917347865577,1.0236148955495004,0.9874326750448832
5,4,semiregular,1,630,614,16,535,95,79,0.8492063492063492,0.8713355048859935,1.0260586319218241,0.860128617363344
5,4,irregular,1,9,228,219,1,8,227,0.1111111111111111,0.0043859649122807015,0.039473684210526314,0.008438818565400843
5,4,regular,2,1128,1101,27,1101,27,0,0.976063829787234,1.0,1.0245231607629428,0.9878869448183042
5,4,semiregular,2,634,614,20,559,75,55,0.8817034700315457,0.9104234527687296,1.0325732899022801,0.8958333333333333
5,4,irregular,2,215,228,13,172,43,56,0.8,0.7543859649122807,0.9429824561403509,0.7765237020316028
5,4,regular,3,1100,1101,1,1098,2,3,0.9981818181818182,0.997275204359673,0.9990917347865577,0.9977283053157655
5,4,semiregular,3,612,614,2,544,68,70,0.8888888888888888,0.8859934853420195,0.996742671009772,0.8874388254486133
5,4,irregular,3,217,228,11,172,45,56,0.7926267281105991,0.7543859649122807,0.9517543859649122,0.7730337078651686
5,5,regular,1,1052,1044,8,1037,15,7,0.9857414448669202,0.9932950191570882,1.0076628352490422,0.9895038167938932
5,5,semiregular,1,753,668,85,628,125,40,0.8339973439575034,0.9401197604790419,1.127245508982036,0.883884588318086
5,5,irregular,1,10,217,207,1,9,216,0.1,0.004608294930875576,0.04608294930875576,0.00881057268722467
5,5,regular,2,1053,1044,9,1037,16,7,0.9848053181386515,0.9932950191570882,1.0086206896551724,0.989031950405341
5,5,semiregular,2,723,668,55,625,98,43,0.8644536652835408,0.9356287425149701,1.0823353293413174,0.8986340762041697
5,5,irregular,2,202,217,15,166,36,51,0.8217821782178217,0.7649769585253456,0.9308755760368663,0.7923627684964202
5,5,regular,3,1040,1044,4,1038,2,6,0.9980769230769231,0.9942528735632183,0.9961685823754789,0.9961612284069097
5,5,semiregular,3,674,668,6,592,82,76,0.8783382789317508,0.8862275449101796,1.0089820359281436,0.8822652757078987
5,5,irregular,3,203,217,14,162,41,55,0.7980295566502463,0.7465437788018433,0.9354838709677419,0.7714285714285715
5,6,regular,1,968,915,53,915,53,0,0.9452479338842975,1.0,1.0579234972677596,0.9718534253850238
5,6,semiregular,1,686,701,15,626,60,75,0.9125364431486881,0.8930099857346647,0.978601997146933,0.9026676279740448
5,6,irregular,1,10,195,185,2,8,193,0.2,0.010256410256410256,0.05128205128205128,0.01951219512195122
5,6,regular,2,966,915,51,915,51,0,0.9472049689440993,1.0,1.0557377049180328,0.9728867623604466
5,6,semiregular,2,721,701,20,645,76,56,0.8945908460471568,0.920114122681883,1.028530670470756,0.9071729957805907
5,6,irregular,2,162,195,33,131,31,64,0.808641975308642,0.6717948717948717,0.8307692307692308,0.7338935574229692
5,6,regular,3,920,915,5,913,7,2,0.9923913043478261,0.9978142076502732,1.005464480874317,0.9950953678474115
5,6,semiregular,3,708,701,7,642,66,59,0.9067796610169492,0.9158345221112696,1.0099857346647647,0.9112845990063875
5,6,irregular,3,201,195,6,153,48,42,0.7611940298507462,0.7846153846153846,1.0307692307692307,0.7727272727272727
5,7,regular,1,1247,1230,17,1220,27,10,0.9783480352846833,0.991869918699187,1.0138211382113822,0.985062575696407
5,7,semiregular,1,751,761,10,656,95,105,0.8735019973368842,0.8620236530880421,0.9868593955321945,0.8677248677248677
5,7,irregular,1,12,225,213,1,11,224,0.08333333333333333,0.0044444444444444444,0.05333333333333334,0.008438818565400843
5,7,regular,2,1264,1230,34,1227,37,3,0.9707278481012658,0.9975609756097561,1.0276422764227642,0.9839615076182838
5,7,semiregular,2,762,761,1,671,91,90,0.8805774278215223,0.8817345597897503,1.0013140604467805,0.8811556139198948
5,7,irregular,2,190,225,35,160,30,65,0.8421052631578947,0.7111111111111111,0.8444444444444444,0.7710843373493975
5,7,regular,3,1228,1230,2,1222,6,8,0.995114006514658,0.9934959349593496,0.9983739837398374,0.9943043124491457
5,7,semiregular,3,753,761,8,665,88,96,0.8831341301460823,0.873850197109067,0.9894875164257556,0.8784676354029062
5,7,irregular,3,219,225,6,178,41,47,0.8127853881278538,0.7911111111111111,0.9733333333333334,0.8018018018018018
5,8,regular,1,1053,1035,18,1029,24,6,0.9772079772079773,0.9942028985507246,1.017391304347826,0.985632183908046
5,8,semiregular,1,815,827,12,725,90,102,0.8895705521472392,0.8766626360338573,0.9854897218863361,0.8830694275274055
5,8,irregular,1,14,243,229,5,9,238,0.35714285714285715,0.0205761316872428,0.05761316872427984,0.03891050583657587
5,8,regular,2,1057,1035,22,1032,25,3,0.9763481551561022,0.9971014492753624,1.021256038647343,0.9866156787762907
5,8,semiregular,2,823,827,4,754,69,73,0.9161603888213852,0.9117291414752116,0.9951632406287787,0.9139393939393939
5,8,irregular,2,205,243,38,164,41,79,0.8,0.6748971193415638,0.8436213991769548,0.7321428571428572
5,8,regular,3,1031,1035,4,1027,4,8,0.9961202715809894,0.9922705314009662,0.996135265700483,0.9941916747337851
5,8,semiregular,3,838,827,11,766,72,61,0.9140811455847255,0.9262394195888755,1.0133010882708586,0.9201201201201201
5,8,irregular,3,225,243,18,171,54,72,0.76,0.7037037037037037,0.9259259259259259,0.7307692307692308
5,9,regular,1,1120,1107,13,1099,21,8,0.98125,0.992773261065944,1.0117434507678411,0.9869779973057925
5,9,semiregular,1,643,701,58,604,39,97,0.9393468118195957,0.8616262482168331,0.9172610556348074,0.8988095238095238
5,9,irregular,1,11,266,255,1,10,265,0.09090909090909091,0.0037593984962406013,0.041353383458646614,0.007220216606498194
5,9,regular,2,1108,1107,1,1087,21,20,0.9810469314079422,0.98193315266486,1.000903342366757,0.981489841986456
5,9,semiregular,2,648,701,53,607,41,94,0.9367283950617284,0.8659058487874465,0.9243937232524965,0.8999258710155671
5,9,irregular,2,227,266,39,186,41,80,0.8193832599118943,0.6992481203007519,0.8533834586466166,0.7545638945233265
5,9,regular,3,1090,1107,17,1085,5,22,0.9954128440366973,0.980126467931346,0.9846431797651309,0.9877105143377333
5,9,semiregular,3,699,701,2,656,43,45,0.9384835479256081,0.9358059914407989,0.9971469329529244,0.9371428571428572
5,9,irregular,3,237,266,29,186,51,80,0.7848101265822784,0.6992481203007519,0.8909774436090225,0.7395626242544732
5,10,regular,1,1074,1014,60,1014,60,0,0.9441340782122905,1.0,1.0591715976331362,0.9712643678160919
5,10,semiregular,1,676,656,20,610,66,46,0.9023668639053254,0.9298780487804879,1.0304878048780488,0.9159159159159158
5,10,irregular,1,10,247,237,2,8,245,0.2,0.008097165991902834,0.04048582995951417,0.015564202334630352
5,10,regular,2,1088,1014,74,1014,74,0,0.9319852941176471,1.0,1.0729783037475344,0.9647954329210275
5,10,semiregular,2,686,656,30,616,70,40,0.8979591836734694,0.9390243902439024,1.045731707317073,0.9180327868852458
5,10,irregular,2,226,247,21,194,32,53,0.8584070796460177,0.7854251012145749,0.9149797570850202,0.8202959830866807
5,10,regular,3,1041,1014,27,1010,31,4,0.9702209414024976,0.9960552268244576,1.0266272189349113,0.9829683698296836
5,10,semiregular,3,658,656,2,602,56,54,0.9148936170212766,0.9176829268292683,1.0030487804878048,0.9162861491628614
5,10,irregular,3,237,247,10,201,36,46,0.8481012658227848,0.8137651821862348,0.9595141700404858,0.8305785123966943
5,11,regular,1,1087,1070,17,1070,17,0,0.984360625574977,1.0,1.0158878504672897,0.9921186833565137
5,11,semiregular,1,753,700,53,643,110,57,0.8539176626826029,0.9185714285714286,1.0757142857142856,0.8850653819683413
5,11,irregular,1,10,239,229,2,8,237,0.2,0.008368200836820083,0.04184100418410042,0.01606425702811245
5,11,regular,2,1091,1070,21,1068,23,2,0.9789184234647113,0.9981308411214953,1.019626168224299,0.988431281813975
5,11,semiregular,2,717,700,17,635,82,65,0.8856345885634589,0.9071428571428571,1.0242857142857142,0.8962597035991532
5,11,irregular,2,205,239,34,168,37,71,0.8195121951219512,0.702928870292887,0.8577405857740585,0.7567567567567568
5,11,regular,3,1069,1070,1,1067,2,3,0.9981290926099158,0.997196261682243,0.9990654205607477,0.9976624590930341
5,11,semiregular,3,701,700,1,630,71,70,0.8987161198288159,0.9,1.0014285714285713,0.899357601713062
5,11,irregular,3,211,239,28,166,45,73,0.7867298578199052,0.694560669456067,0.8828451882845189,0.7377777777777778
5,12,regular,1,1031,1007,24,1007,24,0,0.976721629485936,1.0,1.0238331678252235,0.9882237487733072
5,12,semiregular,1,700,641,59,583,117,58,0.8328571428571429,0.9095163806552262,1.0920436817472698,0.8695003728560775
5,12,irregular,1,10,204,194,1,9,203,0.1,0.004901960784313725,0.049019607843137254,0.009345794392523364
5,12,regular,2,1048,1007,41,1007,41,0,0.9608778625954199,1.0,1.0407149950347567,0.9800486618004866
5,12,semiregular,2,671,641,30,579,92,62,0.8628912071535022,0.9032761310452418,1.046801872074883,0.8826219512195123
5,12,irregular,2,218,204,14,167,51,37,0.7660550458715596,0.8186274509803921,1.0686274509803921,0.7914691943127963
5,12,regular,3,1016,1007,9,1007,9,0,0.9911417322834646,1.0,1.008937437934459,0.995551161641127
5,12,semiregular,3,633,641,8,558,75,83,0.8815165876777251,0.8705148205928237,0.9875195007800313,0.8759811616954475
5,12,irregular,3,212,204,8,159,53,45,0.75,0.7794117647058824,1.0392156862745099,0.764423076923077
5,13,regular,1,1016,1000,16,998,18,2,0.9822834645669292,0.998,1.016,0.9900793650793651
5,13,semiregular,1,834,815,19,756,78,59,0.9064748201438849,0.9276073619631902,1.023312883435583,0.9169193450576106
5,13,irregular,1,14,216,202,2,12,214,0.14285714285714285,0.009259259259259259,0.06481481481481481,0.017391304347826087
5,13,regular,2,1007,1000,7,992,15,8,0.9851042701092354,0.992,1.007,0.9885401096163428
5,13,semiregular,2,843,815,28,774,69,41,0.9181494661921709,0.9496932515337423,1.034355828220859,0.9336550060313631
5,13,irregular,2,216,216,0,173,43,43,0.8009259259259259,0.8009259259259259,1.0,0.8009259259259259
5,13,regular,3,1003,1000,3,996,7,4,0.9930209371884346,0.996,1.003,0.9945082376435346
5,13,semiregular,3,823,815,8,758,65,57,0.9210206561360875,0.9300613496932515,1.0098159509202453,0.9255189255189255
5,13,irregular,3,212,216,4,168,44,48,0.7924528301886793,0.7777777777777778,0.9814814814814815,0.7850467289719626
5,14,regular,1,1057,1052,5,1043,14,9,0.9867549668874173,0.9914448669201521,1.0047528517110267,0.9890943575154102
5,14,semiregular,1,876,913,37,809,67,104,0.9235159817351598,0.8860898138006572,0.9594742606790799,0.9044158747903855
5,14,irregular,1,10,217,207,1,9,216,0.1,0.004608294930875576,0.04608294930875576,0.00881057268722467
5,14,regular,2,1053,1052,1,1036,17,16,0.9838556505223172,0.9847908745247148,1.0009505703422052,0.9843230403800475
5,14,semiregular,2,904,913,9,844,60,69,0.9336283185840708,0.9244249726177437,0.9901423877327492,0.9290038525041276
5,14,irregular,2,214,217,3,173,41,44,0.8084112149532711,0.7972350230414746,0.9861751152073732,0.8027842227378189
5,14,regular,3,1050,1052,2,1046,4,6,0.9961904761904762,0.9942965779467681,0.9980988593155894,0.9952426260704091
5,14,semiregular,3,890,913,23,831,59,82,0.9337078651685393,0.9101861993428259,0.9748083242059146,0.9217970049916805
5,14,irregular,3,196,217,21,159,37,58,0.8112244897959183,0.7327188940092166,0.9032258064516129,0.7699757869249395
5,15,regular,1,975,964,11,958,17,6,0.9825641025641025,0.9937759336099585,1.0114107883817427,0.9881382155750387
5,15,semiregular,1,807,774,33,729,78,45,0.9033457249070632,0.9418604651162791,1.0426356589147288,0.922201138519924
5,15,irregular,1,10,218,208,3,7,215,0.3,0.013761467889908258,0.045871559633027525,0.026315789473684216
5,15,regular,2,961,964,3,945,16,19,0.9833506763787722,0.9802904564315352,0.9968879668049793,0.9818181818181818
5,15,semiregular,2,780,774,6,714,66,60,0.9153846153846154,0.9224806201550387,1.0077519379844961,0.9189189189189189
5,15,irregular,2,202,218,16,162,40,56,0.801980198019802,0.7431192660550459,0.926605504587156,0.7714285714285715
5,15,regular,3,964,964,0,961,3,3,0.9968879668049793,0.9968879668049793,1.0,0.9968879668049793
5,15,semiregular,3,752,774,22,697,55,77,0.9268617021276596,0.900516795865633,0.9715762273901809,0.9134993446920051
5,15,irregular,3,206,218,12,169,37,49,0.8203883495145631,0.7752293577981652,0.944954128440367,0.7971698113207547
5,16,regular,1,1146,1109,37,1109,37,0,0.9677137870855148,1.0,1.0333633904418396,0.9835920177383591
5,16,semiregular,1,699,681,18,597,102,84,0.8540772532188842,0.8766519823788547,1.026431718061674,0.8652173913043479
5,16,irregular,1,9,272,263,3,6,269,0.3333333333333333,0.011029411764705883,0.03308823529411765,0.021352313167259787
5,16,regular,2,1151,1109,42,1109,42,0,0.9635099913119027,1.0,1.0378719567177637,0.9814159292035398
5,16,semiregular,2,675,681,6,595,80,86,0.8814814814814815,0.8737151248164464,0.9911894273127754,0.8775811209439528
5,16,irregular,2,236,272,36,201,35,71,0.8516949152542372,0.7389705882352942,0.8676470588235294,0.7913385826771654
5,16,regular,3,1113,1109,4,1106,7,3,0.9937106918238994,0.9972948602344455,1.0036068530207394,0.9954995499549956
5,16,semiregular,3,668,681,13,595,73,86,0.8907185628742516,0.8737151248164464,0.9809104258443465,0.8821349147516678
5,16,irregular,3,225,272,47,186,39,86,0.8266666666666667,0.6838235294117647,0.8272058823529411,0.7484909456740443
5,17,regular,1,1053,1029,24,1029,24,0,0.9772079772079773,1.0,1.0233236151603498,0.9884726224783863
5,17,semiregular,1,832,837,5,745,87,92,0.8954326923076923,0.8900836320191159,0.994026284348865,0.8927501497902935
5,17,irregular,1,12,240,228,0,12,240,-1,-1,0.05,-1
5,17,regular,2,1056,1029,27,1028,28,1,0.9734848484848485,0.9990281827016521,1.0262390670553936,0.9860911270983213
5,17,semiregular,2,840,837,3,764,76,73,0.9095238095238095,0.9127837514934289,1.003584229390681,0.9111508646392368
5,17,irregular,2,220,240,20,169,51,71,0.7681818181818182,0.7041666666666667,0.9166666666666666,0.7347826086956523
5,17,regular,3,1036,1029,7,1028,8,1,0.9922779922779923,0.9990281827016521,1.0068027210884354,0.9956416464891041
5,17,semiregular,3,840,837,3,766,74,71,0.9119047619047619,0.9151732377538829,1.003584229390681,0.913536076326774
5,17,irregular,3,222,240,18,175,47,65,0.7882882882882883,0.7291666666666666,0.925,0.7575757575757576
5,18,regular,1,1079,1044,35,1044,35,0,0.9675625579240037,1.0,1.0335249042145593,0.9835138954309939
5,18,semiregular,1,784,801,17,718,66,83,0.9158163265306123,0.8963795255930087,0.978776529338327,0.905993690851735
5,18,irregular,1,9,252,243,1,8,251,0.1111111111111111,0.003968253968253968,0.03571428571428571,0.007662835249042145
5,18,regular,2,1079,1044,35,1044,35,0,0.9675625579240037,1.0,1.0335249042145593,0.9835138954309939
5,18,semiregular,2,799,801,2,742,57,59,0.9286608260325406,0.9263420724094882,0.9975031210986267,0.9275
5,18,irregular,2,232,252,20,193,39,59,0.8318965517241379,0.7658730158730159,0.9206349206349206,0.7975206611570249
5,18,regular,3,1057,1044,13,1043,14,1,0.9867549668874173,0.9990421455938697,1.0124521072796935,0.9928605425987626
5,18,semiregular,3,803,801,2,750,53,51,0.933997509339975,0.9363295880149812,1.0024968789013733,0.9351620947630923
5,18,irregular,3,237,252,15,194,43,58,0.8185654008438819,0.7698412698412699,0.9404761904761905,0.7934560327198364
5,19,regular,1,1092,1076,16,1074,18,2,0.9835164835164835,0.9981412639405205,1.0148698884758365,0.9907749077490774
5,19,semiregular,1,752,753,1,689,63,64,0.9162234042553191,0.9150066401062417,0.99867197875166,0.9156146179401994
5,19,irregular,1,8,245,237,2,6,243,0.25,0.00816326530612245,0.0326530612244898,0.0158102766798419
5,19,regular,2,1094,1076,18,1073,21,3,0.9808043875685558,0.9972118959107806,1.016728624535316,0.9889400921658987
5,19,semiregular,2,740,753,13,680,60,73,0.918918918918919,0.9030544488711819,0.9827357237715804,0.9109176155391829
5,19,irregular,2,240,245,5,191,49,54,0.7958333333333333,0.7795918367346939,0.9795918367346939,0.7876288659793814
5,19,regular,3,1078,1076,2,1073,5,3,0.9953617810760668,0.9972118959107806,1.0018587360594795,0.9962859795728877
5,19,semiregular,3,733,753,20,679,54,74,0.9263301500682128,0.9017264276228419,0.9734395750332006,0.9138627187079409
5,19,irregular,3,226,245,19,175,51,70,0.7743362831858407,0.7142857142857143,0.9224489795918367,0.743099787685775
5,20,regular,1,1230,1251,21,1211,19,40,0.9845528455284552,0.9680255795363709,0.9832134292565947,0.9762192664248287
5,20,semiregular,1,885,841,44,756,129,85,0.8542372881355932,0.8989298454221165,1.0523186682520809,0.8760139049826188
5,20,irregular,1,9,252,243,1,8,251,0.1111111111111111,0.003968253968253968,0.03571428571428571,0.007662835249042145
5,20,regular,2,1247,1251,4,1227,20,24,0.9839615076182838,0.9808153477218226,0.996802557953637,0.9823859087269816
5,20,semiregular,2,822,841,19,726,96,115,0.8832116788321168,0.8632580261593341,0.9774078478002378,0.8731208659049909
5,20,irregular,2,229,252,23,187,42,65,0.8165938864628821,0.7420634920634921,0.9087301587301587,0.7775467775467776
5,20,regular,3,1202,1251,49,1198,4,53,0.9966722129783694,0.9576338928856915,0.9608313349320543,0.9767631471667346
5,20,semiregular,3,829,841,12,738,91,103,0.8902291917973462,0.8775267538644471,0.985731272294887,0.8838323353293414
5,20,irregular,3,227,252,25,175,52,77,0.7709251101321586,0.6944444444444444,0.9007936507936508,0.7306889352818371
5,21,regular,1,942,920,22,920,22,0,0.9766454352441614,1.0,1.0239130434782608,0.9881847475832438
5,21,semiregular,1,608,549,59,487,121,62,0.8009868421052632,0.8870673952641166,1.1074681238615665,0.8418323249783923
5,21,irregular,1,9,204,195,1,8,203,0.1111111111111111,0.004901960784313725,0.04411764705882353,0.009389671361502348
5,21,regular,2,940,920,20,920,20,0,0.9787234042553191,1.0,1.0217391304347827,0.989247311827957
5,21,semiregular,2,588,549,39,487,101,62,0.8282312925170068,0.8870673952641166,1.0710382513661203,0.8566402814423922
5,21,irregular,2,197,204,7,163,34,41,0.8274111675126904,0.7990196078431373,0.9656862745098039,0.8129675810473816
5,21,regular,3,926,920,6,918,8,2,0.9913606911447084,0.9978260869565218,1.0065217391304349,0.9945828819068254
5,21,semiregular,3,576,549,27,482,94,67,0.8368055555555556,0.8779599271402551,1.0491803278688525,0.8568888888888889
5,21,irregular,3,199,204,5,157,42,47,0.7889447236180904,0.7696078431372549,0.9754901960784313,0.7791563275434243
5,22,regular,1,984,946,38,946,38,0,0.9613821138211383,1.0,1.040169133192389,0.9803108808290155
5,22,semiregular,1,748,703,45,652,96,51,0.8716577540106952,0.9274537695590327,1.0640113798008535,0.8986905582356995
5,22,irregular,1,10,247,237,2,8,245,0.2,0.008097165991902834,0.04048582995951417,0.015564202334630352
5,22,regular,2,980,946,34,944,36,2,0.963265306122449,0.9978858350951374,1.0359408033826638,0.9802699896157839
5,22,semiregular,2,710,703,7,630,80,73,0.8873239436619719,0.8961593172119487,1.0099573257467995,0.89171974522293
5,22,irregular,2,198,247,49,163,35,84,0.8232323232323232,0.659919028340081,0.8016194331983806,0.7325842696629213
5,22,regular,3,952,946,6,944,8,2,0.9915966386554622,0.9978858350951374,1.0063424947145878,0.9947312961011591
5,22,semiregular,3,690,703,13,625,65,78,0.9057971014492754,0.8890469416785206,0.9815078236130867,0.8973438621679828
5,22,irregular,3,241,247,6,181,60,66,0.7510373443983402,0.7327935222672065,0.9757085020242915,0.7418032786885247
5,23,regular,1,1040,999,41,995,45,4,0.9567307692307693,0.995995995995996,1.0410410410410411,0.9759686120647376
5,23,semiregular,1,830,835,5,715,115,120,0.8614457831325302,0.8562874251497006,0.9940119760479041,0.8588588588588588
5,23,irregular,1,16,266,250,2,14,264,0.125,0.007518796992481203,0.06015037593984962,0.014184397163120567
5,23,regular,2,1048,999,49,995,53,4,0.9494274809160306,0.995995995995996,1.049049049049049,0.9721543722520762
5,23,semiregular,2,850,835,15,755,95,80,0.888235294117647,0.9041916167664671,1.0179640718562875,0.8961424332344213
5,23,irregular,2,226,266,40,178,48,88,0.7876106194690266,0.6691729323308271,0.849624060150376,0.7235772357723578
5,23,regular,3,1002,999,3,993,9,6,0.9910179640718563,0.993993993993994,1.003003003003003,0.992503748125937
5,23,semiregular,3,841,835,6,757,84,78,0.9001189060642093,0.9065868263473054,1.007185628742515,0.9033412887828163
5,23,irregular,3,247,266,19,179,68,87,0.7246963562753036,0.6729323308270677,0.9285714285714286,0.6978557504873295
5,24,regular,1,1094,1079,15,1072,22,7,0.979890310786106,0.9935125115848007,1.0139017608897127,0.9866543948458353
5,24,semiregular,1,666,680,14,611,55,69,0.9174174174174174,0.8985294117647059,0.9794117647058823,0.9078751857355126
5,24,irregular,1,12,247,235,2,10,245,0.16666666666666666,0.008097165991902834,0.048582995951417005,0.015444015444015444
5,24,regular,2,1092,1079,13,1068,24,11,0.978021978021978,0.989805375347544,1.0120481927710843,0.9838783970520498
5,24,semiregular,2,665,680,15,617,48,63,0.9278195488721804,0.9073529411764706,0.9779411764705882,0.9174721189591079
5,24,irregular,2,229,247,18,191,38,56,0.834061135371179,0.7732793522267206,0.9271255060728745,0.8025210084033613
5,24,regular,3,1072,1079,7,1069,3,10,0.9972014925373134,0.9907321594068582,0.9935125115848007,0.99395629939563
5,24,semiregular,3,672,680,8,623,49,57,0.9270833333333334,0.9161764705882353,0.9882352941176471,0.9215976331360947
5,24,irregular,3,227,247,20,188,39,59,0.8281938325991189,0.7611336032388664,0.9190283400809717,0.7932489451476794
5,25,regular,1,963,946,17,945,18,1,0.9813084112149533,0.9989429175475687,1.017970401691332,0.9900471451021476
5,25,semiregular,1,710,718,8,626,84,92,0.8816901408450705,0.871866295264624,0.9888579387186629,0.876750700280112
5,25,irregular,1,16,207,191,1,15,206,0.0625,0.004830917874396135,0.07729468599033816,0.008968609865470852
5,25,regular,2,952,946,6,934,18,12,0.9810924369747899,0.9873150105708245,1.0063424947145878,0.9841938883034773
5,25,semiregular,2,722,718,4,641,81,77,0.8878116343490304,0.8927576601671309,1.0055710306406684,0.8902777777777777
5,25,irregular,2,192,207,15,135,57,72,0.703125,0.6521739130434783,0.927536231884058,0.6766917293233083
5,25,regular,3,878,946,68,877,1,69,0.9988610478359908,0.927061310782241,0.9281183932346723,0.9616228070175438
5,25,semiregular,3,634,718,84,574,60,144,0.9053627760252366,0.7994428969359332,0.883008356545961,0.8491124260355031
5,25,irregular,3,168,207,39,128,40,79,0.7619047619047619,0.6183574879227053,0.8115942028985508,0.6826666666666665
5,26,regular,1,1119,985,134,985,134,0,0.8802502234137622,1.0,1.1360406091370558,0.9363117870722433
5,26,semiregular,1,781,720,61,678,103,42,0.8681177976952625,0.9416666666666667,1.0847222222222221,0.9033977348434378
5,26,irregular,1,11,214,203,6,5,208,0.5454545454545454,0.028037383177570093,0.0514018691588785,0.05333333333333333
5,26,regular,2,1151,985,166,984,167,1,0.8549087749782798,0.9989847715736041,1.168527918781726,0.9213483146067415
5,26,semiregular,2,720,720,0,629,91,91,0.8736111111111111,0.8736111111111111,1.0,0.8736111111111111
5,26,irregular,2,183,214,31,132,51,82,0.7213114754098361,0.616822429906542,0.8551401869158879,0.6649874055415617
5,26,regular,3,1137,985,152,983,154,2,0.8645558487247141,0.9979695431472081,1.1543147208121827,0.9264844486333648
5,26,semiregular,3,768,720,48,667,101,53,0.8684895833333334,0.9263888888888889,1.0666666666666667,0.896505376344086
5,26,irregular,3,234,214,20,178,56,36,0.7606837606837606,0.8317757009345794,1.0934579439252337,0.7946428571428571
5,27,regular,1,1168,1166,2,1150,18,16,0.9845890410958904,0.9862778730703259,1.0017152658662092,0.9854327335047129
5,27,semiregular,1,594,728,134,515,79,213,0.867003367003367,0.7074175824175825,0.8159340659340659,0.7791225416036309
5,27,irregular,1,15,270,255,3,12,267,0.2,0.011111111111111112,0.05555555555555555,0.021052631578947368
5,27,regular,2,1173,1166,7,1152,21,14,0.9820971867007673,0.9879931389365352,1.0060034305317325,0.9850363403163747
5,27,semiregular,2,712,728,16,643,69,85,0.9030898876404494,0.8832417582417582,0.978021978021978,0.8930555555555555
5,27,irregular,2,245,270,25,208,37,62,0.8489795918367347,0.7703703703703704,0.9074074074074074,0.8077669902912621
5,27,regular,3,1164,1166,2,1163,1,3,0.9991408934707904,0.9974271012006861,0.9982847341337907,0.9982832618025751
5,27,semiregular,3,692,728,36,630,62,98,0.9104046242774566,0.8653846153846154,0.9505494505494505,0.8873239436619718
5,27,irregular,3,244,270,26,203,41,67,0.8319672131147541,0.7518518518518519,0.9037037037037037,0.7898832684824902
5,28,regular,1,1097,1098,1,1071,26,27,0.9762989972652689,0.9754098360655737,0.9990892531876139,0.9758542141230068
5,28,semiregular,1,873,859,14,782,91,77,0.8957617411225659,0.910360884749709,1.0162980209545984,0.9030023094688222
5,28,irregular,1,17,293,276,2,15,291,0.11764705882352941,0.006825938566552901,0.05802047781569966,0.012903225806451613
5,28,regular,2,1126,1098,28,1095,31,3,0.9724689165186501,0.9972677595628415,1.0255009107468125,0.9847122302158273
5,28,semiregular,2,824,859,35,748,76,111,0.9077669902912622,0.8707799767171129,0.959254947613504,0.8888888888888888
5,28,irregular,2,243,293,50,186,57,107,0.7654320987654321,0.6348122866894198,0.8293515358361775,0.6940298507462687
5,28,regular,3,1091,1098,7,1088,3,10,0.997250229147571,0.9908925318761385,0.9936247723132969,0.9940612151667428
5,28,semiregular,3,826,859,33,768,58,91,0.9297820823244553,0.8940628637951106,0.9615832363213038,0.9115727002967359
5,28,irregular,3,284,293,9,187,97,106,0.6584507042253521,0.6382252559726962,0.9692832764505119,0.6481802426343154
5,29,regular,1,1153,1140,13,1137,16,3,0.9861231569817867,0.9973684210526316,1.0114035087719297,0.9917139119058003
5,29,semiregular,1,940,869,71,813,127,56,0.8648936170212767,0.9355581127733027,1.0817031070195626,0.8988391376451078
5,29,irregular,1,11,247,236,0,11,247,-1,-1,0.044534412955465584,-1
5,29,regular,2,1147,1140,7,1129,18,11,0.984306887532694,0.9903508771929824,1.006140350877193,0.9873196327066026
5,29,semiregular,2,949,869,80,823,126,46,0.8672286617492097,0.9470655926352128,1.092059838895282,0.9053905390539053
5,29,irregular,2,243,247,4,199,44,48,0.8189300411522634,0.805668016194332,0.9838056680161943,0.8122448979591838
5,29,regular,3,1109,1140,31,1105,4,35,0.9963931469792606,0.9692982456140351,0.9728070175438597,0.9826589595375723
5,29,semiregular,3,859,869,10,758,101,111,0.8824214202561118,0.8722669735327964,0.9884925201380897,0.8773148148148149
5,29,irregular,3,246,247,1,188,58,59,0.7642276422764228,0.7611336032388664,0.9959514170040485,0.7626774847870182
5,30,regular,1,999,997,2,985,14,12,0.985985985985986,0.9879638916750251,1.0020060180541626,0.9869739478957915
5,30,semiregular,1,815,810,5,735,80,75,0.901840490797546,0.9074074074074074,1.0061728395061729,0.9046153846153846
5,30,irregular,1,19,250,231,4,15,246,0.21052631578947367,0.016,0.076,0.02973977695167286
5,30,regular,2,995,997,2,981,14,16,0.985929648241206,0.9839518555667001,0.9979939819458375,0.9849397590361446
5,30,semiregular,2,837,810,27,765,72,45,0.9139784946236559,0.9444444444444444,1.0333333333333334,0.9289617486338798
5,30,irregular,2,208,250,42,170,38,80,0.8173076923076923,0.68,0.832,0.7423580786026202
5,30,regular,3,994,997,3,992,2,5,0.9979879275653923,0.9949849548645938,0.9969909729187563,0.9964841788046208
5,30,semiregular,3,804,810,6,736,68,74,0.9154228855721394,0.908641975308642,0.9925925925925926,0.9120198265179679
5,30,irregular,3,241,250,9,175,66,75,0.7261410788381742,0.7,0.964,0.7128309572301427
