Test fold number,Subject,Gait,Sensor,Predicted,Actual,Difference,TP,FP,FN,PPV,Sensitivity,RCA,SDA
1,1,regular,1,990,937,53,936,54,1,0.9454545454545454,0.9989327641408752,1.056563500533618,0.97145822522055
1,1,semiregular,1,702,703,1,594,108,109,0.8461538461538461,0.844950213371266,0.9985775248933144,0.8455516014234876
1,1,irregular,1,17,199,182,9,8,190,0.5294117647058824,0.04522613065326633,0.08542713567839195,0.08333333333333334
1,1,regular,2,1030,937,93,937,93,0,0.9097087378640777,1.0,1.0992529348986126,0.9527198779867819
1,1,semiregular,2,752,703,49,622,130,81,0.8271276595744681,0.8847795163584637,1.069701280227596,0.8549828178694159
1,1,irregular,2,195,199,4,149,46,50,0.764102564102564,0.7487437185929648,0.9798994974874372,0.7563451776649746
1,1,regular,3,937,937,0,930,7,7,0.9925293489861259,0.9925293489861259,1.0,0.9925293489861259
1,1,semiregular,3,792,703,89,655,137,48,0.827020202020202,0.9317211948790897,1.1266002844950214,0.8762541806020065
1,1,irregular,3,193,199,6,147,46,52,0.7616580310880829,0.7386934673366834,0.9698492462311558,0.75
1,2,regular,1,1226,1224,2,1203,23,21,0.9812398042414355,0.9828431372549019,1.0016339869281046,0.9820408163265306
1,2,semiregular,1,558,647,89,519,39,128,0.9301075268817204,0.8021638330757341,0.8624420401854714,0.8614107883817428
1,2,irregular,1,22,217,195,12,10,205,0.5454545454545454,0.055299539170506916,0.10138248847926268,0.10041841004184102
1,2,regular,2,1245,1224,21,1213,32,11,0.97429718875502,0.9910130718954249,1.017156862745098,0.9825840421223168
1,2,semiregular,2,624,647,23,587,37,60,0.9407051282051282,0.9072642967542504,0.964451313755796,0.9236821400472068
1,2,irregular,2,194,217,23,150,44,67,0.7731958762886598,0.6912442396313364,0.8940092165898618,0.7299270072992702
1,2,regular,3,1233,1224,9,1217,16,7,0.9870235198702352,0.994281045751634,1.0073529411764706,0.9906389906389907
1,2,semiregular,3,641,647,6,588,53,59,0.9173166926677067,0.9088098918083463,0.990726429675425,0.9130434782608696
1,2,irregular,3,225,217,8,170,55,47,0.7555555555555555,0.783410138248848,1.0368663594470047,0.7692307692307693
1,3,regular,1,1047,1053,6,1034,13,19,0.9875835721107927,0.9819563152896487,0.9943019943019943,0.9847619047619048
1,3,semiregular,1,682,716,34,612,70,104,0.8973607038123167,0.8547486033519553,0.952513966480447,0.8755364806866952
1,3,irregular,1,14,224,210,11,3,213,0.7857142857142857,0.049107142857142856,0.0625,0.09243697478991596
1,3,regular,2,1040,1053,13,1023,17,30,0.9836538461538461,0.9715099715099715,0.9876543209876543,0.9775441949354992
1,3,semiregular,2,724,716,8,642,82,74,0.8867403314917127,0.8966480446927374,1.011173184357542,0.8916666666666666
1,3,irregular,2,199,224,25,158,41,66,0.7939698492462312,0.7053571428571429,0.8883928571428571,0.7470449172576832
1,3,regular,3,1043,1053,10,1039,4,14,0.9961649089165868,0.9867046533713201,0.9905033238366572,0.9914122137404581
1,3,semiregular,3,718,716,2,642,76,74,0.8941504178272981,0.8966480446927374,1.0027932960893855,0.895397489539749
1,3,irregular,3,228,224,4,174,54,50,0.7631578947368421,0.7767857142857143,1.0178571428571428,0.7699115044247787
1,4,regular,1,1156,1101,55,1101,55,0,0.9524221453287197,1.0,1.0499545867393278,0.9756313690739921
1,4,semiregular,1,630,614,16,527,103,87,0.8365079365079365,0.8583061889250815,1.0260586319218241,0.8472668810289389
1,4,irregular,1,21,228,207,8,13,220,0.38095238095238093,0.03508771929824561,0.09210526315789473,0.0642570281124498
1,4,regular,2,1156,1101,55,1101,55,0,0.9524221453287197,1.0,1.0499545867393278,0.9756313690739921
1,4,semiregular,2,622,614,8,547,75,67,0.8794212218649518,0.8908794788273615,1.013029315960912,0.8851132686084142
1,4,irregular,2,195,228,33,151,44,77,0.7743589743589744,0.6622807017543859,0.8552631578947368,0.7139479905437351
1,4,regular,3,1113,1101,12,1101,12,0,0.9892183288409704,1.0,1.0108991825613078,0.994579945799458
1,4,semiregular,3,610,614,4,538,72,76,0.8819672131147541,0.8762214983713354,0.993485342019544,0.8790849673202613
1,4,irregular,3,234,228,6,183,51,45,0.782051282051282,0.8026315789473685,1.0263157894736843,0.7922077922077922
1,5,regular,1,1071,1044,27,1044,27,0,0.9747899159663865,1.0,1.0258620689655173,0.9872340425531915
1,5,semiregular,1,748,668,80,627,121,41,0.8382352941176471,0.938622754491018,1.1197604790419162,0.8855932203389831
1,5,irregular,1,15,217,202,5,10,212,0.3333333333333333,0.02304147465437788,0.06912442396313365,0.04310344827586207
1,5,regular,2,1046,1044,2,1028,18,16,0.982791586998088,0.9846743295019157,1.0019157088122606,0.983732057416268
1,5,semiregular,2,716,668,48,613,103,55,0.8561452513966481,0.9176646706586826,1.0718562874251496,0.8858381502890174
1,5,irregular,2,211,217,6,162,49,55,0.7677725118483413,0.7465437788018433,0.9723502304147466,0.7570093457943925
1,5,regular,3,1046,1044,2,1042,4,2,0.9961759082217974,0.9980842911877394,1.0019157088122606,0.9971291866028708
1,5,semiregular,3,701,668,33,604,97,64,0.8616262482168331,0.9041916167664671,1.0494011976047903,0.8823959094229364
1,5,irregular,3,204,217,13,160,44,57,0.7843137254901961,0.7373271889400922,0.9400921658986175,0.7600950118764845
1,6,regular,1,1002,915,87,915,87,0,0.9131736526946108,1.0,1.0950819672131147,0.9546165884194053
1,6,semiregular,1,694,701,7,620,74,81,0.8933717579250721,0.884450784593438,0.9900142653352354,0.888888888888889
1,6,irregular,1,15,195,180,6,9,189,0.4,0.03076923076923077,0.07692307692307693,0.05714285714285715
1,6,regular,2,990,915,75,915,75,0,0.9242424242424242,1.0,1.0819672131147542,0.9606299212598425
1,6,semiregular,2,713,701,12,642,71,59,0.9004207573632539,0.9158345221112696,1.0171184022824535,0.908062234794908
1,6,irregular,2,190,195,5,129,61,66,0.6789473684210526,0.6615384615384615,0.9743589743589743,0.6701298701298701
1,6,regular,3,920,915,5,912,8,3,0.991304347826087,0.9967213114754099,1.005464480874317,0.9940054495912807
1,6,semiregular,3,704,701,3,638,66,63,0.90625,0.9101283880171184,1.0042796005706134,0.9081850533807829
1,6,irregular,3,212,195,17,159,53,36,0.75,0.8153846153846154,1.087179487179487,0.7813267813267813
1,7,regular,1,1250,1230,20,1221,29,9,0.9768,0.9926829268292683,1.016260162601626,0.9846774193548388
1,7,semiregular,1,756,761,5,655,101,106,0.8664021164021164,0.8607095926412615,0.9934296977660972,0.8635464733025708
1,7,irregular,1,4,225,221,0,4,225,-1,-1,0.017777777777777778,-1
1,7,regular,2,1265,1230,35,1227,38,3,0.9699604743083003,0.9975609756097561,1.0284552845528456,0.983567134268537
1,7,semiregular,2,762,761,1,673,89,88,0.8832020997375328,0.8843626806833115,1.0013140604467805,0.8837820091923835
1,7,irregular,2,194,225,31,159,35,66,0.8195876288659794,0.7066666666666667,0.8622222222222222,0.7589498806682577
1,7,regular,3,1233,1230,3,1224,9,6,0.9927007299270073,0.9951219512195122,1.002439024390244,0.9939098660170523
1,7,semiregular,3,764,761,3,661,103,100,0.8651832460732984,0.8685939553219448,1.0039421813403417,0.8668852459016393
1,7,irregular,3,222,225,3,174,48,51,0.7837837837837838,0.7733333333333333,0.9866666666666667,0.7785234899328859
1,8,regular,1,1049,1035,14,1030,19,5,0.9818875119161106,0.9951690821256038,1.0135265700483091,0.9884836852207294
1,8,semiregular,1,806,827,21,719,87,108,0.892059553349876,0.8694074969770254,0.9746070133010882,0.8805878750765462
1,8,irregular,1,20,243,223,8,12,235,0.4,0.03292181069958848,0.0823045267489712,0.060836501901140684
1,8,regular,2,1059,1035,24,1030,29,5,0.9726156751652503,0.9951690821256038,1.0231884057971015,0.9837631327602675
1,8,semiregular,2,834,827,7,758,76,69,0.9088729016786571,0.9165659008464329,1.0084643288996373,0.9127031908488862
1,8,irregular,2,209,243,34,159,50,84,0.7607655502392344,0.654320987654321,0.8600823045267489,0.7035398230088495
1,8,regular,3,1036,1035,1,1029,7,6,0.9932432432432432,0.9942028985507246,1.0009661835748793,0.9937228392081119
1,8,semiregular,3,837,827,10,765,72,62,0.9139784946236559,0.9250302297460702,1.0120918984280531,0.9194711538461537
1,8,irregular,3,230,243,13,164,66,79,0.7130434782608696,0.6748971193415638,0.9465020576131687,0.6934460887949261
1,9,regular,1,1117,1107,10,1103,14,4,0.9874664279319606,0.996386630532972,1.00903342366757,0.9919064748201438
1,9,semiregular,1,618,701,83,578,40,123,0.9352750809061489,0.8245363766048502,0.8815977175463623,0.8764215314632297
1,9,irregular,1,16,266,250,5,11,261,0.3125,0.018796992481203006,0.06015037593984962,0.035460992907801414
1,9,regular,2,1114,1107,7,1094,20,13,0.9820466786355476,0.988256549232159,1.006323396567299,0.985141828005403
1,9,semiregular,2,644,701,57,600,44,101,0.9316770186335404,0.8559201141226819,0.9186875891583453,0.8921933085501859
1,9,irregular,2,231,266,35,186,45,80,0.8051948051948052,0.6992481203007519,0.868421052631579,0.7484909456740443
1,9,regular,3,1097,1107,10,1092,5,15,0.9954421148587056,0.986449864498645,0.99096657633243,0.9909255898366606
1,9,semiregular,3,694,701,7,646,48,55,0.930835734870317,0.9215406562054208,0.9900142653352354,0.9261648745519713
1,9,irregular,3,248,266,18,194,54,72,0.782258064516129,0.7293233082706767,0.9323308270676691,0.7548638132295721
1,10,regular,1,1054,1014,40,1013,41,1,0.961100569259962,0.9990138067061144,1.039447731755424,0.9796905222437137
1,10,semiregular,1,635,656,21,580,55,76,0.9133858267716536,0.8841463414634146,0.9679878048780488,0.8985282726568552
1,10,irregular,1,22,247,225,15,7,232,0.6818181818181818,0.06072874493927125,0.08906882591093117,0.11152416356877323
1,10,regular,2,1070,1014,56,1014,56,0,0.9476635514018692,1.0,1.0552268244575937,0.9731285988483686
1,10,semiregular,2,692,656,36,622,70,34,0.8988439306358381,0.948170731707317,1.0548780487804879,0.9228486646884272
1,10,irregular,2,209,247,38,175,34,72,0.8373205741626795,0.708502024291498,0.8461538461538461,0.7675438596491229
1,10,regular,3,1038,1014,24,1011,27,3,0.9739884393063584,0.9970414201183432,1.0236686390532543,0.9853801169590642
1,10,semiregular,3,675,656,19,608,67,48,0.9007407407407407,0.926829268292683,1.0289634146341464,0.9135987978963186
1,10,irregular,3,244,247,3,197,47,50,0.8073770491803278,0.7975708502024291,0.9878542510121457,0.8024439918533606
1,11,regular,1,1086,1070,16,1070,16,0,0.9852670349907919,1.0,1.0149532710280373,0.9925788497217068
1,11,semiregular,1,727,700,27,623,104,77,0.8569463548830811,0.89,1.0385714285714285,0.8731604765241766
1,11,irregular,1,17,239,222,7,10,232,0.4117647058823529,0.029288702928870293,0.07112970711297072,0.0546875
1,11,regular,2,1096,1070,26,1069,27,1,0.9753649635036497,0.9990654205607477,1.0242990654205608,0.987072945521699
1,11,semiregular,2,711,700,11,629,82,71,0.8846694796061885,0.8985714285714286,1.0157142857142858,0.891566265060241
1,11,irregular,2,203,239,36,161,42,78,0.7931034482758621,0.6736401673640168,0.8493723849372385,0.7285067873303168
1,11,regular,3,1076,1070,6,1069,7,1,0.9934944237918215,0.9990654205607477,1.005607476635514,0.9962721342031687
1,11,semiregular,3,702,700,2,622,80,78,0.886039886039886,0.8885714285714286,1.002857142857143,0.8873038516405135
1,11,irregular,3,222,239,17,172,50,67,0.7747747747747747,0.7196652719665272,0.9288702928870293,0.7462039045553145
1,12,regular,1,1039,1007,32,1007,32,0,0.9692011549566891,1.0,1.0317775571002978,0.9843597262952101
1,12,semiregular,1,696,641,55,581,115,60,0.8347701149425287,0.906396255850234,1.0858034321372856,0.869109947643979
1,12,irregular,1,26,204,178,13,13,191,0.5,0.06372549019607843,0.12745098039215685,0.11304347826086956
1,12,regular,2,1040,1007,33,1007,33,0,0.9682692307692308,1.0,1.0327706057596822,0.9838788470933073
1,12,semiregular,2,670,641,29,569,101,72,0.8492537313432836,0.8876755070202809,1.045241809672387,0.8680396643783372
1,12,irregular,2,216,204,12,155,61,49,0.7175925925925926,0.7598039215686274,1.0588235294117647,0.738095238095238
1,12,regular,3,1026,1007,19,1007,19,0,0.9814814814814815,1.0,1.0188679245283019,0.9906542056074767
1,12,semiregular,3,648,641,7,557,91,84,0.8595679012345679,0.8689547581903276,1.0109204368174727,0.8642358417377813
1,12,irregular,3,222,204,18,168,54,36,0.7567567567567568,0.8235294117647058,1.088235294117647,0.7887323943661971
1,13,regular,1,1024,1000,24,1000,24,0,0.9765625,1.0,1.024,0.9881422924901185
1,13,semiregular,1,828,815,13,753,75,62,0.9094202898550725,0.9239263803680982,1.0159509202453987,0.9166159464394401
1,13,irregular,1,37,216,179,11,26,205,0.2972972972972973,0.05092592592592592,0.1712962962962963,0.08695652173913043
1,13,regular,2,1028,1000,28,1000,28,0,0.9727626459143969,1.0,1.028,0.9861932938856015
1,13,semiregular,2,834,815,19,764,70,51,0.9160671462829736,0.9374233128834356,1.023312883435583,0.9266221952698606
1,13,irregular,2,216,216,0,166,50,50,0.7685185185185185,0.7685185185185185,1.0,0.7685185185185186
1,13,regular,3,1010,1000,10,997,13,3,0.9871287128712871,0.997,1.01,0.992039800995025
1,13,semiregular,3,823,815,8,756,67,59,0.9185905224787363,0.9276073619631902,1.0098159509202453,0.923076923076923
1,13,irregular,3,215,216,1,169,46,47,0.786046511627907,0.7824074074074074,0.9953703703703703,0.7842227378190255
1,14,regular,1,1057,1052,5,1050,7,2,0.9933774834437086,0.9980988593155894,1.0047528517110267,0.9957325746799431
1,14,semiregular,1,874,913,39,806,68,107,0.9221967963386728,0.882803943044907,0.9572836801752465,0.902070509233352
1,14,irregular,1,26,217,191,7,19,210,0.2692307692307692,0.03225806451612903,0.11981566820276497,0.05761316872427982
1,14,regular,2,1061,1052,9,1042,19,10,0.9820923656927427,0.9904942965779467,1.008555133079848,0.9862754377662091
1,14,semiregular,2,911,913,2,840,71,73,0.9220636663007684,0.9200438116100766,0.9978094194961665,0.9210526315789473
1,14,irregular,2,208,217,9,161,47,56,0.7740384615384616,0.7419354838709677,0.9585253456221198,0.7576470588235295
1,14,regular,3,1054,1052,2,1050,4,2,0.9962049335863378,0.9980988593155894,1.0019011406844107,0.9971509971509972
1,14,semiregular,3,896,913,17,832,64,81,0.9285714285714286,0.9112814895947426,0.9813800657174151,0.9198452183526811
1,14,irregular,3,207,217,10,161,46,56,0.7777777777777778,0.7419354838709677,0.9539170506912442,0.7594339622641508
1,15,regular,1,984,964,20,964,20,0,0.9796747967479674,1.0,1.020746887966805,0.9897330595482546
1,15,semiregular,1,776,774,2,704,72,70,0.9072164948453608,0.9095607235142119,1.0025839793281655,0.9083870967741936
1,15,irregular,1,24,218,194,12,12,206,0.5,0.05504587155963303,0.11009174311926606,0.09917355371900827
1,15,regular,2,978,964,14,960,18,4,0.9815950920245399,0.995850622406639,1.0145228215767634,0.9886714727085478
1,15,semiregular,2,768,774,6,705,63,69,0.91796875,0.9108527131782945,0.9922480620155039,0.9143968871595332
1,15,irregular,2,206,218,12,168,38,50,0.8155339805825242,0.7706422018348624,0.944954128440367,0.7924528301886793
1,15,regular,3,967,964,3,960,7,4,0.9927611168562565,0.995850622406639,1.0031120331950207,0.9943034697048162
1,15,semiregular,3,761,774,13,707,54,67,0.9290407358738502,0.91343669250646,0.9832041343669251,0.9211726384364822
1,15,irregular,3,214,218,4,170,44,48,0.794392523364486,0.7798165137614679,0.981651376146789,0.7870370370370371
1,16,regular,1,1136,1109,27,1109,27,0,0.9762323943661971,1.0,1.024346257889991,0.9879732739420936
1,16,semiregular,1,691,681,10,603,88,78,0.8726483357452967,0.8854625550660793,1.014684287812041,0.879008746355685
1,16,irregular,1,24,272,248,11,13,261,0.4583333333333333,0.04044117647058824,0.08823529411764706,0.07432432432432433
1,16,regular,2,1144,1109,35,1109,35,0,0.9694055944055944,1.0,1.0315599639314699,0.9844651575676875
1,16,semiregular,2,685,681,4,602,83,79,0.8788321167883212,0.8839941262848752,1.0058737151248165,0.8814055636896048
1,16,irregular,2,231,272,41,191,40,81,0.8268398268398268,0.7022058823529411,0.8492647058823529,0.7594433399602384
1,16,regular,3,1118,1109,9,1106,12,3,0.9892665474060823,0.9972948602344455,1.0081154192966637,0.9932644813650651
1,16,semiregular,3,679,681,2,594,85,87,0.8748159057437408,0.8722466960352423,0.9970631424375918,0.8735294117647058
1,16,irregular,3,220,272,52,185,35,87,0.8409090909090909,0.6801470588235294,0.8088235294117647,0.7520325203252034
1,17,regular,1,1056,1029,27,1029,27,0,0.9744318181818182,1.0,1.0262390670553936,0.9870503597122302
1,17,semiregular,1,839,837,2,757,82,80,0.902264600715137,0.9044205495818399,1.002389486260454,0.9033412887828162
1,17,irregular,1,23,240,217,11,12,229,0.4782608695652174,0.04583333333333333,0.09583333333333334,0.08365019011406845
1,17,regular,2,1046,1029,17,1027,19,2,0.9818355640535373,0.9980563654033042,1.0165208940719144,0.9898795180722892
1,17,semiregular,2,849,837,12,768,81,69,0.9045936395759717,0.9175627240143369,1.014336917562724,0.911032028469751
1,17,irregular,2,224,240,16,171,53,69,0.7633928571428571,0.7125,0.9333333333333333,0.7370689655172413
1,17,regular,3,1042,1029,13,1028,14,1,0.9865642994241842,0.9990281827016521,1.0126336248785228,0.9927571221632062
1,17,semiregular,3,829,837,8,755,74,82,0.9107358262967431,0.9020310633213859,0.9904420549581839,0.9063625450180073
1,17,irregular,3,226,240,14,176,50,64,0.7787610619469026,0.7333333333333333,0.9416666666666667,0.7553648068669528
1,18,regular,1,1079,1044,35,1044,35,0,0.9675625579240037,1.0,1.0335249042145593,0.9835138954309939
1,18,semiregular,1,793,801,8,726,67,75,0.9155107187894073,0.9063670411985019,0.9900124843945068,0.9109159347553324
1,18,irregular,1,29,252,223,16,13,236,0.5517241379310345,0.06349206349206349,0.11507936507936507,0.11387900355871884
1,18,regular,2,1082,1044,38,1044,38,0,0.9648798521256932,1.0,1.0363984674329503,0.9821260583254939
1,18,semiregular,2,805,801,4,737,68,64,0.915527950310559,0.920099875156055,1.0049937578027466,0.9178082191780823
1,18,irregular,2,232,252,20,186,46,66,0.8017241379310345,0.7380952380952381,0.9206349206349206,0.7685950413223142
1,18,regular,3,1064,1044,20,1044,20,0,0.981203007518797,1.0,1.0191570881226053,0.9905123339658444
1,18,semiregular,3,805,801,4,749,56,52,0.9304347826086956,0.9350811485642946,1.0049937578027466,0.9327521793275217
1,18,irregular,3,247,252,5,199,48,53,0.805668016194332,0.7896825396825397,0.9801587301587301,0.7975951903807615
1,19,regular,1,1093,1076,17,1074,19,2,0.9826166514181153,0.9981412639405205,1.0157992565055762,0.9903181189488244
1,19,semiregular,1,736,753,17,669,67,84,0.9089673913043478,0.8884462151394422,0.9774236387782205,0.898589657488247
1,19,irregular,1,18,245,227,8,10,237,0.4444444444444444,0.0326530612244898,0.07346938775510205,0.06083650190114069
1,19,regular,2,1104,1076,28,1074,30,2,0.9728260869565217,0.9981412639405205,1.0260223048327137,0.9853211009174312
1,19,semiregular,2,724,753,29,669,55,84,0.9240331491712708,0.8884462151394422,0.9614873837981408,0.9058903182125931
1,19,irregular,2,234,245,11,178,56,67,0.7606837606837606,0.726530612244898,0.9551020408163265,0.74321503131524
1,19,regular,3,1091,1076,15,1073,18,3,0.9835013748854262,0.9972118959107806,1.0139405204460967,0.9903091832025841
1,19,semiregular,3,742,753,11,684,58,69,0.921832884097035,0.9083665338645418,0.9853917662682603,0.9150501672240802
1,19,irregular,3,226,245,19,171,55,74,0.7566371681415929,0.6979591836734694,0.9224489795918367,0.7261146496815286
1,20,regular,1,1233,1251,18,1221,12,30,0.9902676399026764,0.9760191846522782,0.9856115107913669,0.9830917874396135
1,20,semiregular,1,849,841,8,733,116,108,0.8633686690223793,0.8715814506539834,1.009512485136742,0.8674556213017752
1,20,irregular,1,12,252,240,4,8,248,0.3333333333333333,0.015873015873015872,0.047619047619047616,0.030303030303030304
1,20,regular,2,1244,1251,7,1220,24,31,0.9807073954983923,0.9752198241406874,0.9944044764188649,0.9779559118236473
1,20,semiregular,2,840,841,1,739,101,102,0.8797619047619047,0.8787158145065398,0.9988109393579072,0.8792385484830458
1,20,irregular,2,238,252,14,179,59,73,0.7521008403361344,0.7103174603174603,0.9444444444444444,0.7306122448979592
1,20,regular,3,1228,1251,23,1222,6,29,0.995114006514658,0.9768185451638689,0.9816147082334132,0.9858814037918515
1,20,semiregular,3,831,841,10,723,108,118,0.8700361010830325,0.8596908442330559,0.9881093935790726,0.8648325358851674
1,20,irregular,3,238,252,14,176,62,76,0.7394957983193278,0.6984126984126984,0.9444444444444444,0.7183673469387755
1,21,regular,1,948,920,28,920,28,0,0.9704641350210971,1.0,1.0304347826086957,0.9850107066381156
1,21,semiregular,1,560,549,11,451,109,98,0.8053571428571429,0.8214936247723132,1.0200364298724955,0.8133453561767359
1,21,irregular,1,30,204,174,14,16,190,0.4666666666666667,0.06862745098039216,0.14705882352941177,0.11965811965811968
1,21,regular,2,953,920,33,920,33,0,0.9653725078698846,1.0,1.0358695652173913,0.9823812066203951
1,21,semiregular,2,583,549,34,482,101,67,0.8267581475128645,0.8779599271402551,1.0619307832422586,0.8515901060070672
1,21,irregular,2,196,204,8,153,43,51,0.7806122448979592,0.75,0.9607843137254902,0.7649999999999999
1,21,regular,3,935,920,15,919,16,1,0.9828877005347594,0.9989130434782608,1.016304347826087,0.9908355795148247
1,21,semiregular,3,583,549,34,487,96,62,0.8353344768439108,0.8870673952641166,1.0619307832422586,0.8604240282685512
1,21,irregular,3,208,204,4,162,46,42,0.7788461538461539,0.7941176470588235,1.0196078431372548,0.7864077669902914
1,22,regular,1,990,946,44,946,44,0,0.9555555555555556,1.0,1.0465116279069768,0.9772727272727273
1,22,semiregular,1,721,703,18,636,85,67,0.8821081830790569,0.9046941678520626,1.0256045519203414,0.8932584269662922
1,22,irregular,1,14,247,233,8,6,239,0.5714285714285714,0.032388663967611336,0.05668016194331984,0.06130268199233717
1,22,regular,2,986,946,40,946,40,0,0.9594320486815415,1.0,1.0422832980972516,0.9792960662525879
1,22,semiregular,2,702,703,1,629,73,74,0.896011396011396,0.8947368421052632,0.9985775248933144,0.8953736654804272
1,22,irregular,2,199,247,48,157,42,90,0.7889447236180904,0.6356275303643725,0.805668016194332,0.7040358744394618
1,22,regular,3,957,946,11,943,14,3,0.9853709508881923,0.9968287526427061,1.0116279069767442,0.9910667367314766
1,22,semiregular,3,697,703,6,623,74,80,0.8938307030129125,0.8862019914651493,0.9914651493598862,0.89
1,22,irregular,3,245,247,2,183,62,64,0.746938775510204,0.7408906882591093,0.9919028340080972,0.7439024390243902
1,23,regular,1,1049,999,50,999,50,0,0.9523355576739753,1.0,1.05005005005005,0.9755859375000001
1,23,semiregular,1,841,835,6,728,113,107,0.8656361474435196,0.8718562874251496,1.007185628742515,0.8687350835322196
1,23,irregular,1,14,266,252,5,9,261,0.35714285714285715,0.018796992481203006,0.05263157894736842,0.03571428571428571
1,23,regular,2,1040,999,41,998,42,1,0.9596153846153846,0.998998998998999,1.0410410410410411,0.9789112309955861
1,23,semiregular,2,842,835,7,742,100,93,0.8812351543942993,0.888622754491018,1.0083832335329341,0.8849135360763268
1,23,irregular,2,217,266,49,173,44,93,0.7972350230414746,0.650375939849624,0.8157894736842105,0.7163561076604555
1,23,regular,3,1020,999,21,995,25,4,0.9754901960784313,0.995995995995996,1.021021021021021,0.9856364536899455
1,23,semiregular,3,842,835,7,744,98,91,0.8836104513064132,0.8910179640718563,1.0083832335329341,0.8872987477638641
1,23,irregular,3,258,266,8,179,79,87,0.6937984496124031,0.6729323308270677,0.9699248120300752,0.683206106870229
1,24,regular,1,1104,1079,25,1078,26,1,0.9764492753623188,0.9990732159406858,1.0231696014828544,0.9876316994961062
1,24,semiregular,1,651,680,29,595,56,85,0.9139784946236559,0.875,0.9573529411764706,0.8940646130728774
1,24,irregular,1,23,247,224,10,13,237,0.43478260869565216,0.04048582995951417,0.0931174089068826,0.07407407407407408
1,24,regular,2,1099,1079,20,1073,26,6,0.9763421292083713,0.9944392956441149,1.0185356811862836,0.9853076216712581
1,24,semiregular,2,675,680,5,624,51,56,0.9244444444444444,0.9176470588235294,0.9926470588235294,0.9210332103321033
1,24,irregular,2,209,247,38,171,38,76,0.8181818181818182,0.6923076923076923,0.8461538461538461,0.7500000000000001
1,24,regular,3,1081,1079,2,1075,6,4,0.9944495837187789,0.9962928637627433,1.0018535681186285,0.9953703703703703
1,24,semiregular,3,677,680,3,623,54,57,0.9202363367799113,0.9161764705882353,0.9955882352941177,0.9182019159911569
1,24,irregular,3,231,247,16,186,45,61,0.8051948051948052,0.7530364372469636,0.9352226720647774,0.7782426778242678
1,25,regular,1,958,946,12,945,13,1,0.9864300626304802,0.9989429175475687,1.0126849894291754,0.9926470588235294
1,25,semiregular,1,694,718,24,616,78,102,0.8876080691642652,0.8579387186629527,0.9665738161559888,0.8725212464589236
1,25,irregular,1,31,207,176,12,19,195,0.3870967741935484,0.057971014492753624,0.1497584541062802,0.10084033613445378
1,25,regular,2,952,946,6,942,10,4,0.9894957983193278,0.9957716701902748,1.0063424947145878,0.9926238145416227
1,25,semiregular,2,725,718,7,643,82,75,0.886896551724138,0.8955431754874652,1.00974930362117,0.8911988911988913
1,25,irregular,2,163,207,44,127,36,80,0.7791411042944786,0.6135265700483091,0.7874396135265701,0.6864864864864865
1,25,regular,3,947,946,1,943,4,3,0.9957761351636748,0.9968287526427061,1.0010570824524312,0.9963021658742737
1,25,semiregular,3,714,718,4,636,78,82,0.8907563025210085,0.8857938718662952,0.9944289693593314,0.8882681564245811
1,25,irregular,3,182,207,25,127,55,80,0.6978021978021978,0.6135265700483091,0.8792270531400966,0.6529562982005142
1,26,regular,1,1035,985,50,985,50,0,0.9516908212560387,1.0,1.0507614213197969,0.9752475247524752
1,26,semiregular,1,737,720,17,647,90,73,0.8778833107191316,0.8986111111111111,1.023611111111111,0.8881262868908716
1,26,irregular,1,34,214,180,15,19,199,0.4411764705882353,0.07009345794392523,0.1588785046728972,0.12096774193548387
1,26,regular,2,1018,985,33,984,34,1,0.9666011787819253,0.9989847715736041,1.033502538071066,0.982526210683974
1,26,semiregular,2,737,720,17,656,81,64,0.8900949796472184,0.9111111111111111,1.023611111111111,0.9004804392587509
1,26,irregular,2,169,214,45,135,34,79,0.7988165680473372,0.6308411214953271,0.7897196261682243,0.7049608355091384
1,26,regular,3,1020,985,35,983,37,2,0.9637254901960784,0.9979695431472081,1.0355329949238579,0.9805486284289278
1,26,semiregular,3,722,720,2,647,75,73,0.8961218836565097,0.8986111111111111,1.0027777777777778,0.8973647711511789
1,26,irregular,3,231,214,17,171,60,43,0.7402597402597403,0.7990654205607477,1.0794392523364487,0.7685393258426968
1,27,regular,1,1179,1166,13,1165,14,1,0.9881255301102629,0.9991423670668954,1.0111492281303602,0.9936034115138592
1,27,semiregular,1,697,728,31,617,80,111,0.8852223816355811,0.8475274725274725,0.9574175824175825,0.8659649122807016
1,27,irregular,1,13,270,257,4,9,266,0.3076923076923077,0.014814814814814815,0.04814814814814815,0.028268551236749116
1,27,regular,2,1184,1166,18,1161,23,5,0.9805743243243243,0.9957118353344768,1.0154373927958833,0.9880851063829786
1,27,semiregular,2,724,728,4,658,66,70,0.9088397790055248,0.9038461538461539,0.9945054945054945,0.90633608815427
1,27,irregular,2,253,270,17,206,47,64,0.8142292490118577,0.762962962962963,0.937037037037037,0.7877629063097515
1,27,regular,3,1167,1166,1,1164,3,2,0.9974293059125964,0.9982847341337907,1.0008576329331047,0.9978568366909558
1,27,semiregular,3,726,728,2,653,73,75,0.8994490358126722,0.896978021978022,0.9972527472527473,0.8982118294360385
1,27,irregular,3,248,270,22,198,50,72,0.7983870967741935,0.7333333333333333,0.9185185185185185,0.7644787644787644
1,28,regular,1,1113,1098,15,1094,19,4,0.9829290206648698,0.9963570127504554,1.0136612021857923,0.9895974672094074
1,28,semiregular,1,857,859,2,766,91,93,0.8938156359393232,0.8917345750873108,0.9976717112922002,0.8927738927738927
1,28,irregular,1,24,293,269,11,13,282,0.4583333333333333,0.03754266211604096,0.08191126279863481,0.0694006309148265
1,28,regular,2,1117,1098,19,1095,22,3,0.9803043867502238,0.9972677595628415,1.017304189435337,0.9887133182844243
1,28,semiregular,2,853,859,6,770,83,89,0.902696365767878,0.8963911525029103,0.9930151338766007,0.8995327102803737
1,28,irregular,2,214,293,79,170,44,123,0.794392523364486,0.5802047781569966,0.7303754266211604,0.6706114398422091
1,28,regular,3,1104,1098,6,1093,11,5,0.990036231884058,0.9954462659380692,1.005464480874317,0.9927338782924613
1,28,semiregular,3,854,859,5,789,65,70,0.9238875878220141,0.9185098952270081,0.9941792782305006,0.9211908931698773
1,28,irregular,3,253,293,40,183,70,110,0.7233201581027668,0.6245733788395904,0.863481228668942,0.6703296703296703
1,29,regular,1,1157,1140,17,1139,18,1,0.9844425237683665,0.9991228070175439,1.0149122807017543,0.9917283413147584
1,29,semiregular,1,914,869,45,790,124,79,0.8643326039387309,0.9090909090909091,1.051783659378596,0.886146943353898
1,29,irregular,1,14,247,233,11,3,236,0.7857142857142857,0.044534412955465584,0.05668016194331984,0.0842911877394636
1,29,regular,2,1159,1140,19,1137,22,3,0.9810181190681622,0.9973684210526316,1.0166666666666666,0.989125706829056
1,29,semiregular,2,933,869,64,810,123,59,0.8681672025723473,0.9321058688147296,1.0736478711162256,0.8990011098779133
1,29,irregular,2,234,247,13,181,53,66,0.7735042735042735,0.7327935222672065,0.9473684210526315,0.7525987525987526
1,29,regular,3,1146,1140,6,1137,9,3,0.9921465968586387,0.9973684210526316,1.0052631578947369,0.9947506561679791
1,29,semiregular,3,884,869,15,778,106,91,0.8800904977375565,0.8952819332566168,1.0172612197928654,0.8876212207644039
1,29,irregular,3,245,247,2,185,60,62,0.7551020408163265,0.7489878542510121,0.9919028340080972,0.7520325203252032
1,30,regular,1,1016,997,19,997,19,0,0.9812992125984252,1.0,1.0190571715145436,0.990561351217089
1,30,semiregular,1,793,810,17,717,76,93,0.9041614123581336,0.8851851851851852,0.9790123456790123,0.8945726762320648
1,30,irregular,1,23,250,227,11,12,239,0.4782608695652174,0.044,0.092,0.08058608058608056
1,30,regular,2,1014,997,17,995,19,2,0.9812623274161736,0.9979939819458375,1.0170511534603812,0.9895574341123821
1,30,semiregular,2,826,810,16,754,72,56,0.9128329297820823,0.9308641975308642,1.019753086419753,0.9217603911980441
1,30,irregular,2,199,250,51,155,44,95,0.7788944723618091,0.62,0.796,0.690423162583519
1,30,regular,3,1001,997,4,993,8,4,0.9920079920079921,0.995987963891675,1.004012036108325,0.9939939939939939
1,30,semiregular,3,811,810,1,741,70,69,0.9136868064118372,0.9148148148148149,1.0012345679012347,0.9142504626773597
1,30,irregular,3,251,250,1,179,72,71,0.7131474103585658,0.716,1.004,0.714570858283433
2,1,regular,1,997,937,60,937,60,0,0.9398194583751254,1.0,1.064034151547492,0.9689762150982419
2,1,semiregular,1,714,703,11,600,114,103,0.8403361344537815,0.8534850640113798,1.0156472261735419,0.8468595624558927
2,1,irregular,1,127,199,72,101,26,98,0.7952755905511811,0.507537688442211,0.6381909547738693,0.6196319018404908
2,1,regular,2,1001,937,64,937,64,0,0.936063936063936,1.0,1.0683030949839916,0.9669762641898865
2,1,semiregular,2,692,703,11,598,94,105,0.8641618497109826,0.8506401137980085,0.984352773826458,0.857347670250896
2,1,irregular,2,188,199,11,146,42,53,0.776595744680851,0.7336683417085427,0.9447236180904522,0.7545219638242894
2,1,regular,3,939,937,2,933,6,4,0.9936102236421726,0.9957310565635006,1.0021344717182497,0.9946695095948828
2,1,semiregular,3,715,703,12,623,92,80,0.8713286713286713,0.8862019914651493,1.0170697012802277,0.8787023977433003
2,1,irregular,3,5,199,194,5,0,194,1.0,0.02512562814070352,0.02512562814070352,0.049019607843137254
2,2,regular,1,1225,1224,1,1205,20,19,0.9836734693877551,0.9844771241830066,1.0008169934640523,0.9840751327072275
2,2,semiregular,1,589,647,58,551,38,96,0.9354838709677419,0.8516228748068007,0.910355486862442,0.8915857605177993
2,2,irregular,1,98,217,119,79,19,138,0.8061224489795918,0.3640552995391705,0.45161290322580644,0.5015873015873016
2,2,regular,2,1235,1224,11,1209,26,15,0.9789473684210527,0.9877450980392157,1.0089869281045751,0.9833265555103702
2,2,semiregular,2,618,647,29,582,36,65,0.941747572815534,0.8995363214837713,0.955177743431221,0.9201581027667984
2,2,irregular,2,192,217,25,154,38,63,0.8020833333333334,0.7096774193548387,0.8847926267281107,0.7530562347188265
2,2,regular,3,1223,1224,1,1213,10,11,0.9918233851185609,0.9910130718954249,0.9991830065359477,0.9914180629342052
2,2,semiregular,3,647,647,0,606,41,41,0.9366306027820711,0.9366306027820711,1.0,0.9366306027820711
2,2,irregular,3,20,217,197,12,8,205,0.6,0.055299539170506916,0.09216589861751152,0.10126582278481014
2,3,regular,1,1045,1053,8,1031,14,22,0.9866028708133971,0.9791073124406457,0.9924026590693258,0.982840800762631
2,3,semiregular,1,675,716,41,603,72,113,0.8933333333333333,0.8421787709497207,0.9427374301675978,0.8670021567217829
2,3,irregular,1,132,224,92,107,25,117,0.8106060606060606,0.47767857142857145,0.5892857142857143,0.601123595505618
2,3,regular,2,1052,1053,1,1035,17,18,0.9838403041825095,0.9829059829059829,0.9990503323836657,0.983372921615202
2,3,semiregular,2,707,716,9,637,70,79,0.900990099009901,0.8896648044692738,0.9874301675977654,0.8952916373858048
2,3,irregular,2,184,224,40,146,38,78,0.7934782608695652,0.6517857142857143,0.8214285714285714,0.7156862745098039
2,3,regular,3,1041,1053,12,1038,3,15,0.9971181556195965,0.9857549857549858,0.9886039886039886,0.991404011461318
2,3,semiregular,3,705,716,11,629,76,87,0.8921985815602836,0.8784916201117319,0.9846368715083799,0.8852920478536241
2,3,irregular,3,16,224,208,9,7,215,0.5625,0.04017857142857143,0.07142857142857142,0.07500000000000001
2,4,regular,1,1118,1101,17,1097,21,4,0.981216457960644,0.9963669391462306,1.0154405086285194,0.9887336638125281
2,4,semiregular,1,624,614,10,530,94,84,0.8493589743589743,0.8631921824104235,1.01628664495114,0.8562197092084007
2,4,irregular,1,75,228,153,56,19,172,0.7466666666666667,0.24561403508771928,0.32894736842105265,0.3696369636963696
2,4,regular,2,1132,1101,31,1101,31,0,0.9726148409893993,1.0,1.0281562216167122,0.9861173309449172
2,4,semiregular,2,612,614,2,543,69,71,0.8872549019607843,0.8843648208469055,0.996742671009772,0.8858075040783033
2,4,irregular,2,195,228,33,156,39,72,0.8,0.6842105263157895,0.8552631578947368,0.7375886524822695
2,4,regular,3,1104,1101,3,1099,5,2,0.9954710144927537,0.9981834695731153,1.002724795640327,0.9968253968253968
2,4,semiregular,3,609,614,5,539,70,75,0.8850574712643678,0.8778501628664495,0.99185667752443,0.8814390842191332
2,4,irregular,3,19,228,209,10,9,218,0.5263157894736842,0.043859649122807015,0.08333333333333333,0.08097165991902834
2,5,regular,1,1054,1044,10,1042,12,2,0.9886148007590133,0.9980842911877394,1.0095785440613028,0.9933269780743565
2,5,semiregular,1,715,668,47,603,112,65,0.8433566433566434,0.9026946107784432,1.0703592814371257,0.8720173535791756
2,5,irregular,1,78,217,139,55,23,162,0.7051282051282052,0.2534562211981567,0.35944700460829493,0.3728813559322034
2,5,regular,2,1064,1044,20,1044,20,0,0.981203007518797,1.0,1.0191570881226053,0.9905123339658444
2,5,semiregular,2,697,668,29,596,101,72,0.8550932568149211,0.8922155688622755,1.0434131736526946,0.8732600732600733
2,5,irregular,2,193,217,24,152,41,65,0.7875647668393783,0.7004608294930875,0.8894009216589862,0.7414634146341464
2,5,regular,3,1047,1044,3,1042,5,2,0.9952244508118434,0.9980842911877394,1.0028735632183907,0.996652319464371
2,5,semiregular,3,678,668,10,587,91,81,0.8657817109144543,0.8787425149700598,1.0149700598802396,0.8722139673105498
2,5,irregular,3,9,217,208,9,0,208,1.0,0.041474654377880185,0.041474654377880185,0.07964601769911506
2,6,regular,1,965,915,50,915,50,0,0.9481865284974094,1.0,1.0546448087431695,0.973404255319149
2,6,semiregular,1,696,701,5,628,68,73,0.9022988505747126,0.8958630527817404,0.992867332382311,0.8990694345025053
2,6,irregular,1,101,195,94,59,42,136,0.5841584158415841,0.30256410256410254,0.517948717948718,0.39864864864864863
2,6,regular,2,961,915,46,914,47,1,0.951092611862643,0.9989071038251366,1.0502732240437158,0.974413646055437
2,6,semiregular,2,710,701,9,635,75,66,0.8943661971830986,0.905848787446505,1.0128388017118402,0.9000708717221829
2,6,irregular,2,164,195,31,121,43,74,0.7378048780487805,0.6205128205128205,0.841025641025641,0.6740947075208914
2,6,regular,3,927,915,12,912,15,3,0.9838187702265372,0.9967213114754099,1.0131147540983607,0.9902280130293161
2,6,semiregular,3,692,701,9,625,67,76,0.903179190751445,0.891583452211127,0.9871611982881597,0.8973438621679828
2,6,irregular,3,20,195,175,11,9,184,0.55,0.05641025641025641,0.10256410256410256,0.10232558139534884
2,7,regular,1,1227,1230,3,1199,28,31,0.9771801140994295,0.9747967479674797,0.9975609756097561,0.975986975986976
2,7,semiregular,1,505,761,256,439,66,322,0.8693069306930693,0.5768725361366623,0.6636005256241787,0.693522906793049
2,7,irregular,1,16,225,209,6,10,219,0.375,0.02666666666666667,0.07111111111111111,0.049792531120331954
2,7,regular,2,1277,1230,47,1229,48,1,0.9624119028974158,0.9991869918699187,1.0382113821138212,0.9804547267650578
2,7,semiregular,2,738,761,23,650,88,111,0.8807588075880759,0.8541392904073587,0.9697766097240473,0.867244829886591
2,7,irregular,2,175,225,50,143,32,82,0.8171428571428572,0.6355555555555555,0.7777777777777778,0.7150000000000001
2,7,regular,3,1233,1230,3,1223,10,7,0.991889699918897,0.9943089430894309,1.002439024390244,0.9930978481526593
2,7,semiregular,3,749,761,12,658,91,103,0.8785046728971962,0.8646517739816032,0.9842312746386334,0.871523178807947
2,7,irregular,3,21,225,204,7,14,218,0.3333333333333333,0.03111111111111111,0.09333333333333334,0.05691056910569106
2,8,regular,1,1035,1035,0,1010,25,25,0.9758454106280193,0.9758454106280193,1.0,0.9758454106280193
2,8,semiregular,1,767,827,60,681,86,146,0.8878748370273793,0.8234582829504232,0.9274486094316807,0.8544542032622334
2,8,irregular,1,111,243,132,94,17,149,0.8468468468468469,0.3868312757201646,0.4567901234567901,0.5310734463276836
2,8,regular,2,1048,1035,13,1027,21,8,0.9799618320610687,0.9922705314009662,1.01256038647343,0.986077772443591
2,8,semiregular,2,796,827,31,727,69,100,0.9133165829145728,0.879081015719468,0.9625151148730351,0.895871842267406
2,8,irregular,2,192,243,51,148,44,95,0.7708333333333334,0.6090534979423868,0.7901234567901234,0.6804597701149425
2,8,regular,3,1041,1035,6,1028,13,7,0.9875120076849183,0.9932367149758454,1.0057971014492753,0.9903660886319845
2,8,semiregular,3,814,827,13,735,79,92,0.902948402948403,0.8887545344619106,0.9842805320435308,0.8957952468007313
2,8,irregular,3,15,243,228,13,2,230,0.8666666666666667,0.053497942386831275,0.06172839506172839,0.10077519379844961
2,9,regular,1,1082,1107,25,1062,20,45,0.9815157116451017,0.959349593495935,0.9774164408310749,0.9703060758337141
2,9,semiregular,1,586,701,115,551,35,150,0.9402730375426621,0.7860199714693296,0.8359486447931527,0.8562548562548563
2,9,irregular,1,93,266,173,74,19,192,0.7956989247311828,0.2781954887218045,0.34962406015037595,0.4122562674094707
2,9,regular,2,1104,1107,3,1085,19,22,0.9827898550724637,0.980126467931346,0.997289972899729,0.9814563545906828
2,9,semiregular,2,606,701,95,566,40,135,0.933993399339934,0.8074179743223966,0.8644793152639088,0.8661055853098699
2,9,irregular,2,224,266,42,182,42,84,0.8125,0.6842105263157895,0.8421052631578947,0.742857142857143
2,9,regular,3,1089,1107,18,1084,5,23,0.9954086317722681,0.979223125564589,0.983739837398374,0.9872495446265938
2,9,semiregular,3,677,701,24,628,49,73,0.9276218611521418,0.8958630527817404,0.9657631954350927,0.9114658925979681
2,9,irregular,3,25,266,241,15,10,251,0.6,0.05639097744360902,0.09398496240601503,0.10309278350515465
2,10,regular,1,1055,1014,41,1012,43,2,0.9592417061611375,0.9980276134122288,1.0404339250493098,0.9782503624939585
2,10,semiregular,1,664,656,8,596,68,60,0.8975903614457831,0.9085365853658537,1.0121951219512195,0.9030303030303031
2,10,irregular,1,115,247,132,97,18,150,0.8434782608695652,0.39271255060728744,0.46558704453441296,0.5359116022099447
2,10,regular,2,1118,1014,104,1014,104,0,0.9069767441860465,1.0,1.1025641025641026,0.951219512195122
2,10,semiregular,2,639,656,17,586,53,70,0.917057902973396,0.8932926829268293,0.9740853658536586,0.905019305019305
2,10,irregular,2,200,247,47,171,29,76,0.855,0.6923076923076923,0.8097165991902834,0.7651006711409396
2,10,regular,3,1044,1014,30,1010,34,4,0.9674329501915708,0.9960552268244576,1.029585798816568,0.9815354713313896
2,10,semiregular,3,667,656,11,608,59,48,0.9115442278860569,0.926829268292683,1.016768292682927,0.9191232048374905
2,10,irregular,3,7,247,240,6,1,241,0.8571428571428571,0.024291497975708502,0.02834008097165992,0.04724409448818898
2,11,regular,1,1080,1070,10,1068,12,2,0.9888888888888889,0.9981308411214953,1.0093457943925233,0.9934883720930233
2,11,semiregular,1,724,700,24,617,107,83,0.8522099447513812,0.8814285714285715,1.0342857142857143,0.8665730337078652
2,11,irregular,1,129,239,110,107,22,132,0.8294573643410853,0.4476987447698745,0.5397489539748954,0.5815217391304348
2,11,regular,2,1111,1070,41,1070,41,0,0.963096309630963,1.0,1.0383177570093458,0.9812012838147638
2,11,semiregular,2,695,700,5,618,77,82,0.8892086330935252,0.8828571428571429,0.9928571428571429,0.886021505376344
2,11,irregular,2,178,239,61,142,36,97,0.797752808988764,0.5941422594142259,0.7447698744769874,0.6810551558752999
2,11,regular,3,1074,1070,4,1068,6,2,0.994413407821229,0.9981308411214953,1.0037383177570094,0.9962686567164178
2,11,semiregular,3,674,700,26,597,77,103,0.8857566765578635,0.8528571428571429,0.9628571428571429,0.8689956331877728
2,11,irregular,3,22,239,217,12,10,227,0.5454545454545454,0.0502092050209205,0.09205020920502092,0.09195402298850573
2,12,regular,1,1027,1007,20,1006,21,1,0.9795520934761441,0.9990069513406157,1.0198609731876862,0.9891838741396264
2,12,semiregular,1,721,641,80,586,135,55,0.812760055478502,0.9141965678627145,1.1248049921996879,0.8604992657856093
2,12,irregular,1,185,204,19,138,47,66,0.745945945945946,0.6764705882352942,0.9068627450980392,0.7095115681233933
2,12,regular,2,1064,1007,57,1007,57,0,0.9464285714285714,1.0,1.0566037735849056,0.9724770642201834
2,12,semiregular,2,662,641,21,563,99,78,0.850453172205438,0.8783151326053042,1.032761310452418,0.86415963161934
2,12,irregular,2,205,204,1,152,53,52,0.7414634146341463,0.7450980392156863,1.0049019607843137,0.7432762836185819
2,12,regular,3,1032,1007,25,1006,26,1,0.9748062015503876,0.9990069513406157,1.0248262164846078,0.9867582148111819
2,12,semiregular,3,626,641,15,542,84,99,0.865814696485623,0.8455538221528861,0.9765990639625585,0.8555643251775847
2,12,irregular,3,23,204,181,14,9,190,0.6086956521739131,0.06862745098039216,0.11274509803921569,0.1233480176211454
2,13,regular,1,1021,1000,21,1000,21,0,0.9794319294809011,1.0,1.021,0.9896091044037605
2,13,semiregular,1,818,815,3,740,78,75,0.9046454767726161,0.9079754601226994,1.003680981595092,0.906307409675444
2,13,irregular,1,165,216,51,131,34,85,0.793939393939394,0.6064814814814815,0.7638888888888888,0.6876640419947507
2,13,regular,2,1014,1000,14,998,16,2,0.9842209072978304,0.998,1.014,0.9910625620655412
2,13,semiregular,2,820,815,5,755,65,60,0.9207317073170732,0.9263803680981595,1.0061349693251533,0.9235474006116207
2,13,irregular,2,210,216,6,161,49,55,0.7666666666666667,0.7453703703703703,0.9722222222222222,0.755868544600939
2,13,regular,3,1006,1000,6,998,8,2,0.9920477137176938,0.998,1.006,0.9950149551345961
2,13,semiregular,3,811,815,4,750,61,65,0.9247842170160296,0.9202453987730062,0.9950920245398773,0.922509225092251
2,13,irregular,3,16,216,200,12,4,204,0.75,0.05555555555555555,0.07407407407407407,0.10344827586206895
2,14,regular,1,1062,1052,10,1045,17,7,0.9839924670433146,0.9933460076045627,1.0095057034220531,0.988647114474929
2,14,semiregular,1,844,913,69,786,58,127,0.9312796208530806,0.8608981380065718,0.9244249726177437,0.8947068867387593
2,14,irregular,1,85,217,132,70,15,147,0.8235294117647058,0.3225806451612903,0.391705069124424,0.46357615894039733
2,14,regular,2,1058,1052,6,1039,19,13,0.9820415879017014,0.9876425855513308,1.005703422053232,0.9848341232227489
2,14,semiregular,2,888,913,25,832,56,81,0.9369369369369369,0.9112814895947426,0.9726177437020811,0.9239311493614658
2,14,irregular,2,196,217,21,156,40,61,0.7959183673469388,0.7188940092165899,0.9032258064516129,0.7554479418886199
2,14,regular,3,1049,1052,3,1047,2,5,0.998093422306959,0.9952471482889734,0.997148288973384,0.9966682532127558
2,14,semiregular,3,886,913,27,828,58,85,0.9345372460496614,0.9069003285870756,0.9704271631982475,0.9205113952195665
2,14,irregular,3,11,217,206,8,3,209,0.7272727272727273,0.03686635944700461,0.05069124423963134,0.07017543859649122
2,15,regular,1,975,964,11,958,17,6,0.9825641025641025,0.9937759336099585,1.0114107883817427,0.9881382155750387
2,15,semiregular,1,768,774,6,703,65,71,0.9153645833333334,0.9082687338501292,0.9922480620155039,0.9118028534370947
2,15,irregular,1,163,218,55,135,28,83,0.8282208588957055,0.6192660550458715,0.7477064220183486,0.7086614173228346
2,15,regular,2,972,964,8,957,15,7,0.9845679012345679,0.9927385892116183,1.008298755186722,0.9886363636363635
2,15,semiregular,2,758,774,16,692,66,82,0.9129287598944591,0.8940568475452196,0.979328165374677,0.9033942558746737
2,15,irregular,2,200,218,18,163,37,55,0.815,0.7477064220183486,0.9174311926605505,0.7799043062200957
2,15,regular,3,962,964,2,959,3,5,0.9968814968814969,0.9948132780082988,0.9979253112033195,0.995846313603323
2,15,semiregular,3,741,774,33,680,61,94,0.9176788124156545,0.8785529715762274,0.9573643410852714,0.8976897689768977
2,15,irregular,3,13,218,205,12,1,206,0.9230769230769231,0.05504587155963303,0.05963302752293578,0.1038961038961039
2,16,regular,1,1140,1109,31,1109,31,0,0.9728070175438597,1.0,1.0279531109107305,0.9862160960426857
2,16,semiregular,1,684,681,3,592,92,89,0.8654970760233918,0.869309838472834,1.0044052863436124,0.8673992673992674
2,16,irregular,1,31,272,241,18,13,254,0.5806451612903226,0.0661764705882353,0.11397058823529412,0.11881188118811882
2,16,regular,2,1137,1109,28,1109,28,0,0.9753737906772207,1.0,1.0252479711451759,0.9875333926981299
2,16,semiregular,2,660,681,21,586,74,95,0.8878787878787879,0.8604992657856094,0.9691629955947136,0.8739746457867265
2,16,irregular,2,215,272,57,183,32,89,0.8511627906976744,0.6727941176470589,0.7904411764705882,0.7515400410677618
2,16,regular,3,1114,1109,5,1107,7,2,0.9937163375224417,0.9981965734896303,1.0045085662759243,0.9959514170040485
2,16,semiregular,3,657,681,24,577,80,104,0.878234398782344,0.8472834067547724,0.9647577092511013,0.8624813153961136
2,16,irregular,3,4,272,268,4,0,268,1.0,0.014705882352941176,0.014705882352941176,0.028985507246376812
2,17,regular,1,1052,1029,23,1029,23,0,0.9781368821292775,1.0,1.022351797862002,0.9889476213358962
2,17,semiregular,1,850,837,13,762,88,75,0.8964705882352941,0.910394265232975,1.015531660692951,0.9033787788974511
2,17,irregular,1,153,240,87,125,28,115,0.8169934640522876,0.5208333333333334,0.6375,0.6361323155216285
2,17,regular,2,1042,1029,13,1028,14,1,0.9865642994241842,0.9990281827016521,1.0126336248785228,0.9927571221632062
2,17,semiregular,2,826,837,11,748,78,89,0.9055690072639225,0.8936678614097969,0.986857825567503,0.899579073962718
2,17,irregular,2,217,240,23,169,48,71,0.7788018433179723,0.7041666666666667,0.9041666666666667,0.7396061269146608
2,17,regular,3,1038,1029,9,1027,11,2,0.9894026974951831,0.9980563654033042,1.0087463556851313,0.9937106918238995
2,17,semiregular,3,815,837,22,744,71,93,0.912883435582822,0.8888888888888888,0.973715651135006,0.9007263922518158
2,17,irregular,3,17,240,223,14,3,226,0.8235294117647058,0.058333333333333334,0.07083333333333333,0.10894941634241244
2,18,regular,1,1071,1044,27,1043,28,1,0.9738562091503268,0.9990421455938697,1.0258620689655173,0.9862884160756501
2,18,semiregular,1,790,801,11,730,60,71,0.9240506329113924,0.9113607990012484,0.9862671660424469,0.9176618478944061
2,18,irregular,1,142,252,110,120,22,132,0.8450704225352113,0.47619047619047616,0.5634920634920635,0.6091370558375635
2,18,regular,2,1070,1044,26,1044,26,0,0.9757009345794393,1.0,1.024904214559387,0.9877010406811731
2,18,semiregular,2,784,801,17,728,56,73,0.9285714285714286,0.9088639200998752,0.978776529338327,0.9186119873817036
2,18,irregular,2,220,252,32,176,44,76,0.8,0.6984126984126984,0.873015873015873,0.7457627118644068
2,18,regular,3,1064,1044,20,1041,23,3,0.9783834586466166,0.9971264367816092,1.0191570881226053,0.9876660341555977
2,18,semiregular,3,805,801,4,740,65,61,0.9192546583850931,0.9238451935081149,1.0049937578027466,0.9215442092154421
2,18,irregular,3,19,252,233,12,7,240,0.631578947368421,0.047619047619047616,0.07539682539682539,0.08856088560885608
2,19,regular,1,1096,1076,20,1075,21,1,0.9808394160583942,0.9990706319702602,1.0185873605947955,0.9898710865561694
2,19,semiregular,1,742,753,11,677,65,76,0.9123989218328841,0.899070385126162,0.9853917662682603,0.905685618729097
2,19,irregular,1,104,245,141,88,16,157,0.8461538461538461,0.35918367346938773,0.42448979591836733,0.504297994269341
2,19,regular,2,1097,1076,21,1074,23,2,0.9790337283500455,0.9981412639405205,1.0195167286245352,0.9884951679705477
2,19,semiregular,2,726,753,27,663,63,90,0.9132231404958677,0.8804780876494024,0.9641434262948207,0.8965517241379309
2,19,irregular,2,225,245,20,175,50,70,0.7777777777777778,0.7142857142857143,0.9183673469387755,0.7446808510638298
2,19,regular,3,1091,1076,15,1072,19,4,0.9825847846012832,0.9962825278810409,1.0139405204460967,0.9893862482694968
2,19,semiregular,3,718,753,35,655,63,98,0.9122562674094707,0.8698539176626826,0.953519256308101,0.8905506458191705
2,19,irregular,3,11,245,234,11,0,234,1.0,0.044897959183673466,0.044897959183673466,0.08593749999999999
2,20,regular,1,1196,1251,55,1183,13,68,0.9891304347826086,0.9456434852118305,0.95603517186251,0.9668982427462198
2,20,semiregular,1,829,841,12,718,111,123,0.8661037394451147,0.8537455410225921,0.985731272294887,0.8598802395209582
2,20,irregular,1,124,252,128,109,15,143,0.8790322580645161,0.43253968253968256,0.49206349206349204,0.5797872340425532
2,20,regular,2,1240,1251,11,1222,18,29,0.9854838709677419,0.9768185451638689,0.991207034372502,0.9811320754716981
2,20,semiregular,2,808,841,33,712,96,129,0.8811881188118812,0.8466111771700356,0.9607609988109393,0.8635536688902364
2,20,irregular,2,237,252,15,185,52,67,0.7805907172995781,0.7341269841269841,0.9404761904761905,0.7566462167689161
2,20,regular,3,1209,1251,42,1206,3,45,0.9975186104218362,0.9640287769784173,0.9664268585131894,0.9804878048780487
2,20,semiregular,3,814,841,27,722,92,119,0.8869778869778869,0.8585017835909632,0.9678953626634959,0.8725075528700906
2,20,irregular,3,18,252,234,11,7,241,0.6111111111111112,0.04365079365079365,0.07142857142857142,0.08148148148148149
2,21,regular,1,949,920,29,920,29,0,0.9694415173867229,1.0,1.0315217391304348,0.9844836811128945
2,21,semiregular,1,575,549,26,469,106,80,0.8156521739130435,0.8542805100182149,1.04735883424408,0.8345195729537366
2,21,irregular,1,141,204,63,119,22,85,0.8439716312056738,0.5833333333333334,0.6911764705882353,0.6898550724637681
2,21,regular,2,947,920,27,920,27,0,0.9714889123548046,1.0,1.0293478260869566,0.9855382967327263
2,21,semiregular,2,577,549,28,474,103,75,0.8214904679376083,0.8633879781420765,1.0510018214936248,0.8419182948490231
2,21,irregular,2,181,204,23,143,38,61,0.7900552486187845,0.7009803921568627,0.8872549019607843,0.7428571428571428
2,21,regular,3,934,920,14,918,16,2,0.9828693790149893,0.9978260869565218,1.0152173913043478,0.9902912621359223
2,21,semiregular,3,570,549,21,476,94,73,0.8350877192982457,0.8670309653916212,1.0382513661202186,0.8507596067917784
2,21,irregular,3,22,204,182,12,10,192,0.5454545454545454,0.058823529411764705,0.10784313725490197,0.10619469026548672
2,22,regular,1,989,946,43,946,43,0,0.9565217391304348,1.0,1.0454545454545454,0.9777777777777777
2,22,semiregular,1,727,703,24,628,99,75,0.8638239339752407,0.8933143669985776,1.0341394025604551,0.8783216783216785
2,22,irregular,1,93,247,154,75,18,172,0.8064516129032258,0.30364372469635625,0.3765182186234818,0.44117647058823534
2,22,regular,2,990,946,44,946,44,0,0.9555555555555556,1.0,1.0465116279069768,0.9772727272727273
2,22,semiregular,2,700,703,3,622,78,81,0.8885714285714286,0.8847795163584637,0.9957325746799431,0.8866714183891661
2,22,irregular,2,188,247,59,153,35,94,0.8138297872340425,0.6194331983805668,0.7611336032388664,0.703448275862069
2,22,regular,3,956,946,10,943,13,3,0.9864016736401674,0.9968287526427061,1.0105708245243128,0.9915878023133544
2,22,semiregular,3,695,703,8,622,73,81,0.8949640287769784,0.8847795163584637,0.9886201991465149,0.8898426323319027
2,22,irregular,3,22,247,225,11,11,236,0.5,0.044534412955465584,0.08906882591093117,0.08178438661710037
2,23,regular,1,1053,999,54,997,56,2,0.9468186134852802,0.997997997997998,1.054054054054054,0.9717348927875246
2,23,semiregular,1,833,835,2,732,101,103,0.8787515006002401,0.8766467065868263,0.9976047904191617,0.8776978417266187
2,23,irregular,1,16,266,250,3,13,263,0.1875,0.011278195488721804,0.06015037593984962,0.02127659574468085
2,23,regular,2,1015,999,16,984,31,15,0.9694581280788177,0.984984984984985,1.016016016016016,0.9771598808341609
2,23,semiregular,2,841,835,6,747,94,88,0.8882282996432818,0.8946107784431138,1.007185628742515,0.8914081145584725
2,23,irregular,2,225,266,41,166,59,100,0.7377777777777778,0.6240601503759399,0.8458646616541353,0.6761710794297352
2,23,regular,3,1003,999,4,990,13,9,0.9870388833499502,0.990990990990991,1.004004004004004,0.989010989010989
2,23,semiregular,3,836,835,1,744,92,91,0.8899521531100478,0.8910179640718563,1.0011976047904192,0.8904847396768402
2,23,irregular,3,23,266,243,15,8,251,0.6521739130434783,0.05639097744360902,0.08646616541353383,0.10380622837370242
2,24,regular,1,1101,1079,22,1075,26,4,0.9763851044504995,0.9962928637627433,1.020389249304912,0.9862385321100917
2,24,semiregular,1,661,680,19,610,51,70,0.9228441754916793,0.8970588235294118,0.9720588235294118,0.9097688292319165
2,24,irregular,1,118,247,129,104,14,143,0.8813559322033898,0.42105263157894735,0.4777327935222672,0.5698630136986301
2,24,regular,2,1097,1079,18,1071,26,8,0.9762989972652689,0.9925857275254866,1.0166821130676553,0.984375
2,24,semiregular,2,644,680,36,597,47,83,0.9270186335403726,0.8779411764705882,0.9470588235294117,0.9018126888217523
2,24,irregular,2,211,247,36,175,36,72,0.8293838862559242,0.708502024291498,0.854251012145749,0.7641921397379914
2,24,regular,3,1074,1079,5,1069,5,10,0.9953445065176909,0.9907321594068582,0.995366079703429,0.993032977241059
2,24,semiregular,3,674,680,6,620,54,60,0.9198813056379822,0.9117647058823529,0.9911764705882353,0.9158050221565731
2,24,irregular,3,22,247,225,12,10,235,0.5454545454545454,0.048582995951417005,0.08906882591093117,0.08921933085501858
2,25,regular,1,952,946,6,942,10,4,0.9894957983193278,0.9957716701902748,1.0063424947145878,0.9926238145416227
2,25,semiregular,1,689,718,29,609,80,109,0.8838896952104499,0.8481894150417827,0.9596100278551533,0.8656716417910447
2,25,irregular,1,139,207,68,94,45,113,0.6762589928057554,0.45410628019323673,0.6714975845410628,0.5433526011560694
2,25,regular,2,954,946,8,938,16,8,0.9832285115303984,0.9915433403805497,1.0084566596194504,0.9873684210526317
2,25,semiregular,2,692,718,26,613,79,105,0.8858381502890174,0.8537604456824512,0.9637883008356546,0.8695035460992908
2,25,irregular,2,158,207,49,113,45,94,0.7151898734177216,0.5458937198067633,0.7632850241545893,0.6191780821917808
2,25,regular,3,943,946,3,940,3,6,0.9968186638388123,0.9936575052854123,0.9968287526427061,0.9952355743779778
2,25,semiregular,3,694,718,24,630,64,88,0.9077809798270894,0.8774373259052924,0.9665738161559888,0.8923512747875354
2,25,irregular,3,20,207,187,4,16,203,0.2,0.01932367149758454,0.0966183574879227,0.035242290748898675
2,26,regular,1,1023,985,38,983,40,2,0.9608993157380255,0.9979695431472081,1.0385786802030457,0.9790836653386454
2,26,semiregular,1,741,720,21,652,89,68,0.8798920377867746,0.9055555555555556,1.0291666666666666,0.892539356605065
2,26,irregular,1,233,214,19,167,66,47,0.7167381974248928,0.780373831775701,1.088785046728972,0.7472035794183446
2,26,regular,2,1003,985,18,980,23,5,0.9770687936191426,0.9949238578680203,1.0182741116751268,0.9859154929577465
2,26,semiregular,2,724,720,4,653,71,67,0.9019337016574586,0.9069444444444444,1.0055555555555555,0.9044321329639889
2,26,irregular,2,187,214,27,147,40,67,0.786096256684492,0.6869158878504673,0.8738317757009346,0.7331670822942643
2,26,regular,3,1010,985,25,984,26,1,0.9742574257425742,0.9989847715736041,1.0253807106598984,0.9864661654135337
2,26,semiregular,3,704,720,16,632,72,88,0.8977272727272727,0.8777777777777778,0.9777777777777777,0.8876404494382022
2,26,irregular,3,12,214,202,8,4,206,0.6666666666666666,0.037383177570093455,0.056074766355140186,0.07079646017699114
2,27,regular,1,1180,1166,14,1159,21,7,0.9822033898305085,0.9939965694682675,1.012006861063465,0.9880647911338448
2,27,semiregular,1,702,728,26,620,82,108,0.8831908831908832,0.8516483516483516,0.9642857142857143,0.8671328671328672
2,27,irregular,1,66,270,204,50,16,220,0.7575757575757576,0.18518518518518517,0.24444444444444444,0.2976190476190476
2,27,regular,2,1171,1166,5,1155,16,11,0.986336464560205,0.9905660377358491,1.004288164665523,0.9884467265725289
2,27,semiregular,2,713,728,15,644,69,84,0.9032258064516129,0.8846153846153846,0.9793956043956044,0.89382373351839
2,27,irregular,2,248,270,22,201,47,69,0.8104838709677419,0.7444444444444445,0.9185185185185185,0.7760617760617761
2,27,regular,3,1165,1166,1,1162,3,4,0.9974248927038627,0.9965694682675815,0.9991423670668954,0.9969969969969971
2,27,semiregular,3,712,728,16,650,62,78,0.9129213483146067,0.8928571428571429,0.978021978021978,0.9027777777777778
2,27,irregular,3,22,270,248,12,10,258,0.5454545454545454,0.044444444444444446,0.08148148148148149,0.08219178082191782
2,28,regular,1,1113,1098,15,1087,26,11,0.9766397124887691,0.9899817850637522,1.0136612021857923,0.9832654907281773
2,28,semiregular,1,861,859,2,770,91,89,0.8943089430894309,0.8963911525029103,1.0023282887077998,0.8953488372093024
2,28,irregular,1,104,293,189,76,28,217,0.7307692307692307,0.2593856655290102,0.35494880546075086,0.3828715365239294
2,28,regular,2,1115,1098,17,1096,19,2,0.9829596412556054,0.9981785063752276,1.0154826958105647,0.990510619069137
2,28,semiregular,2,819,859,40,741,78,118,0.9047619047619048,0.8626309662398137,0.9534342258440046,0.8831942789034565
2,28,irregular,2,215,293,78,172,43,121,0.8,0.5870307167235495,0.7337883959044369,0.6771653543307086
2,28,regular,3,1099,1098,1,1091,8,7,0.9927206551410374,0.9936247723132969,1.0009107468123861,0.9931725079654075
2,28,semiregular,3,842,859,17,776,66,83,0.9216152019002375,0.9033760186263097,0.980209545983702,0.9124044679600236
2,28,irregular,3,24,293,269,11,13,282,0.4583333333333333,0.03754266211604096,0.08191126279863481,0.0694006309148265
2,29,regular,1,1156,1140,16,1137,19,3,0.9835640138408305,0.9973684210526316,1.0140350877192983,0.990418118466899
2,29,semiregular,1,900,869,31,785,115,84,0.8722222222222222,0.903337169159954,1.0356731875719218,0.8875070661390616
2,29,irregular,1,175,247,72,136,39,111,0.7771428571428571,0.5506072874493927,0.708502024291498,0.6445497630331755
2,29,regular,2,1149,1140,9,1131,18,9,0.9843342036553525,0.9921052631578947,1.0078947368421052,0.9882044560943644
2,29,semiregular,2,907,869,38,792,115,77,0.8732083792723263,0.9113924050632911,1.0437284234752588,0.8918918918918918
2,29,irregular,2,230,247,17,173,57,74,0.7521739130434782,0.7004048582995951,0.9311740890688259,0.7253668763102724
2,29,regular,3,1142,1140,2,1135,7,5,0.9938704028021016,0.9956140350877193,1.0017543859649123,0.9947414548641542
2,29,semiregular,3,871,869,2,776,95,93,0.8909299655568312,0.8929804372842347,1.002301495972382,0.8919540229885058
2,29,irregular,3,24,247,223,10,14,237,0.4166666666666667,0.04048582995951417,0.09716599190283401,0.07380073800738007
2,30,regular,1,1009,997,12,992,17,5,0.9831516352824579,0.9949849548645938,1.012036108324975,0.9890329012961117
2,30,semiregular,1,796,810,14,724,72,86,0.9095477386934674,0.8938271604938272,0.9827160493827161,0.9016189290161893
2,30,irregular,1,180,250,70,143,37,107,0.7944444444444444,0.572,0.72,0.6651162790697674
2,30,regular,2,998,997,1,985,13,12,0.9869739478957916,0.9879638916750251,1.0010030090270812,0.987468671679198
2,30,semiregular,2,794,810,16,731,63,79,0.9206549118387909,0.9024691358024691,0.980246913580247,0.9114713216957605
2,30,irregular,2,197,250,53,160,37,90,0.8121827411167513,0.64,0.788,0.7158836689038032
2,30,regular,3,999,997,2,994,5,3,0.994994994994995,0.9969909729187563,1.0020060180541626,0.9959919839679359
2,30,semiregular,3,802,810,8,742,60,68,0.9251870324189526,0.9160493827160494,0.9901234567901235,0.9205955334987593
2,30,irregular,3,22,250,228,11,11,239,0.5,0.044,0.088,0.08088235294117646
3,1,regular,1,987,937,50,925,62,12,0.9371833839918946,0.9871931696905016,1.0533617929562433,0.9615384615384615
3,1,semiregular,1,719,703,16,612,107,91,0.8511821974965229,0.8705547652916074,1.0227596017069702,0.8607594936708861
3,1,irregular,1,8,199,191,2,6,197,0.25,0.010050251256281407,0.04020100502512563,0.019323671497584544
3,1,regular,2,1005,937,68,936,69,1,0.9313432835820895,0.9989327641408752,1.0725720384204909,0.9639546858908341
3,1,semiregular,2,728,703,25,615,113,88,0.8447802197802198,0.8748221906116643,1.035561877667141,0.8595387840670861
3,1,irregular,2,204,199,5,157,47,42,0.7696078431372549,0.7889447236180904,1.0251256281407035,0.7791563275434243
3,1,regular,3,984,937,47,936,48,1,0.9512195121951219,0.9989327641408752,1.0501600853788686,0.9744924518479958
3,1,semiregular,3,710,703,7,616,94,87,0.8676056338028169,0.8762446657183499,1.0099573257467995,0.8719037508846427
3,1,irregular,3,196,199,3,152,44,47,0.7755102040816326,0.7638190954773869,0.9849246231155779,0.7696202531645568
3,2,regular,1,1218,1224,6,1197,21,27,0.9827586206896551,0.9779411764705882,0.9950980392156863,0.9803439803439804
3,2,semiregular,1,586,647,61,550,36,97,0.9385665529010239,0.8500772797527048,0.9057187017001546,0.89213300892133
3,2,irregular,1,9,217,208,0,9,217,-1,-1,0.041474654377880185,-1
3,2,regular,2,1231,1224,7,1207,24,17,0.9805036555645816,0.9861111111111112,1.005718954248366,0.9832993890020367
3,2,semiregular,2,633,647,14,596,37,51,0.9415481832543444,0.9211746522411128,0.9783616692426584,0.93125
3,2,irregular,2,218,217,1,170,48,47,0.7798165137614679,0.783410138248848,1.0046082949308757,0.781609195402299
3,2,regular,3,1240,1224,16,1218,22,6,0.9822580645161291,0.9950980392156863,1.0130718954248366,0.9886363636363636
3,2,semiregular,3,645,647,2,602,43,45,0.9333333333333333,0.9304482225656878,0.9969088098918083,0.9318885448916409
3,2,irregular,3,211,217,6,164,47,53,0.7772511848341233,0.7557603686635944,0.9723502304147466,0.7663551401869159
3,3,regular,1,1043,1053,10,1030,13,23,0.987535953978907,0.9781576448243114,0.9905033238366572,0.982824427480916
3,3,semiregular,1,706,716,10,632,74,84,0.8951841359773371,0.88268156424581,0.9860335195530726,0.8888888888888888
3,3,irregular,1,8,224,216,3,5,221,0.375,0.013392857142857142,0.03571428571428571,0.025862068965517238
3,3,regular,2,1046,1053,7,1029,17,24,0.9837476099426387,0.9772079772079773,0.99335232668566,0.9804668889947594
3,3,semiregular,2,702,716,14,627,75,89,0.8931623931623932,0.8756983240223464,0.9804469273743017,0.8843441466854725
3,3,irregular,2,209,224,15,164,45,60,0.784688995215311,0.7321428571428571,0.9330357142857143,0.7575057736720554
3,3,regular,3,1059,1053,6,1046,13,7,0.987724268177526,0.99335232668566,1.0056980056980056,0.990530303030303
3,3,semiregular,3,704,716,12,636,68,80,0.9034090909090909,0.888268156424581,0.9832402234636871,0.895774647887324
3,3,irregular,3,221,224,3,163,58,61,0.7375565610859729,0.7276785714285714,0.9866071428571429,0.7325842696629213
3,4,regular,1,1131,1101,30,1099,32,2,0.9717064544650752,0.9981834695731153,1.0272479564032697,0.9847670250896057
3,4,semiregular,1,627,614,13,527,100,87,0.8405103668261563,0.8583061889250815,1.021172638436482,0.8493150684931506
3,4,irregular,1,12,228,216,2,10,226,0.16666666666666666,0.008771929824561403,0.05263157894736842,0.016666666666666666
3,4,regular,2,1119,1101,18,1100,19,1,0.9830205540661304,0.9990917347865577,1.0163487738419619,0.990990990990991
3,4,semiregular,2,607,614,7,535,72,79,0.8813838550247117,0.8713355048859935,0.988599348534202,0.8763308763308764
3,4,irregular,2,225,228,3,174,51,54,0.7733333333333333,0.7631578947368421,0.9868421052631579,0.7682119205298014
3,4,regular,3,1121,1101,20,1101,20,0,0.9821587867975022,1.0,1.0181653042688465,0.9909990999099909
3,4,semiregular,3,610,614,4,534,76,80,0.8754098360655738,0.8697068403908795,0.993485342019544,0.8725490196078431
3,4,irregular,3,217,228,11,169,48,59,0.7788018433179723,0.7412280701754386,0.9517543859649122,0.7595505617977528
3,5,regular,1,1056,1044,12,1042,14,2,0.9867424242424242,0.9980842911877394,1.0114942528735633,0.9923809523809524
3,5,semiregular,1,720,668,52,612,108,56,0.85,0.9161676646706587,1.0778443113772456,0.8818443804034581
3,5,irregular,1,10,217,207,3,7,214,0.3,0.013824884792626729,0.04608294930875576,0.026431718061674013
3,5,regular,2,1052,1044,8,1033,19,11,0.9819391634980988,0.9894636015325671,1.0076628352490422,0.9856870229007634
3,5,semiregular,2,695,668,27,595,100,73,0.8561151079136691,0.8907185628742516,1.0404191616766467,0.8730741012472487
3,5,irregular,2,222,217,5,167,55,50,0.7522522522522522,0.7695852534562212,1.023041474654378,0.7608200455580866
3,5,regular,3,1059,1044,15,1043,16,1,0.9848914069877243,0.9990421455938697,1.014367816091954,0.9919163100332857
3,5,semiregular,3,672,668,4,584,88,84,0.8690476190476191,0.874251497005988,1.0059880239520957,0.8716417910447762
3,5,irregular,3,205,217,12,155,50,62,0.7560975609756098,0.7142857142857143,0.9447004608294931,0.7345971563981043
3,6,regular,1,966,915,51,915,51,0,0.9472049689440993,1.0,1.0557377049180328,0.9728867623604466
3,6,semiregular,1,701,701,0,626,75,75,0.8930099857346647,0.8930099857346647,1.0,0.8930099857346647
3,6,irregular,1,10,195,185,0,10,195,-1,-1,0.05128205128205128,-1
3,6,regular,2,955,915,40,914,41,1,0.9570680628272251,0.9989071038251366,1.0437158469945356,0.9775401069518717
3,6,semiregular,2,691,701,10,626,65,75,0.9059334298118669,0.8930099857346647,0.985734664764622,0.8994252873563219
3,6,irregular,2,174,195,21,130,44,65,0.7471264367816092,0.6666666666666666,0.8923076923076924,0.7046070460704608
3,6,regular,3,955,915,40,915,40,0,0.9581151832460733,1.0,1.0437158469945356,0.9786096256684492
3,6,semiregular,3,709,701,8,642,67,59,0.9055007052186178,0.9158345221112696,1.0114122681883024,0.9106382978723405
3,6,irregular,3,201,195,6,156,45,39,0.7761194029850746,0.8,1.0307692307692307,0.787878787878788
3,7,regular,1,1242,1230,12,1226,16,4,0.9871175523349437,0.9967479674796748,1.0097560975609756,0.9919093851132685
3,7,semiregular,1,768,761,7,664,104,97,0.8645833333333334,0.8725361366622865,1.0091984231274638,0.8685415304120341
3,7,irregular,1,17,225,208,2,15,223,0.11764705882352941,0.008888888888888889,0.07555555555555556,0.016528925619834708
3,7,regular,2,1248,1230,18,1220,28,10,0.9775641025641025,0.991869918699187,1.0146341463414634,0.9846650524616626
3,7,semiregular,2,737,761,24,638,99,123,0.8656716417910447,0.8383705650459922,0.9684625492772667,0.8518024032042724
3,7,irregular,2,203,225,22,168,35,57,0.8275862068965517,0.7466666666666667,0.9022222222222223,0.7850467289719627
3,7,regular,3,1251,1230,21,1229,22,1,0.982414068745004,0.9991869918699187,1.0170731707317073,0.9907295445384925
3,7,semiregular,3,757,761,4,657,100,104,0.8678996036988111,0.8633377135348226,0.9947437582128777,0.865612648221344
3,7,irregular,3,217,225,8,168,49,57,0.7741935483870968,0.7466666666666667,0.9644444444444444,0.7601809954751131
3,8,regular,1,1059,1035,24,1031,28,4,0.9735599622285175,0.996135265700483,1.0231884057971015,0.9847182425978988
3,8,semiregular,1,839,827,12,729,110,98,0.8688915375446961,0.8814993954050786,1.014510278113664,0.8751500600240096
3,8,irregular,1,18,243,225,3,15,240,0.16666666666666666,0.012345679012345678,0.07407407407407407,0.022988505747126436
3,8,regular,2,1049,1035,14,1023,26,12,0.9752144899904671,0.9884057971014493,1.0135265700483091,0.9817658349328215
3,8,semiregular,2,818,827,9,746,72,81,0.9119804400977995,0.9020556227327691,0.9891172914147521,0.9069908814589666
3,8,irregular,2,224,243,19,167,57,76,0.7455357142857143,0.6872427983539094,0.9218106995884774,0.715203426124197
3,8,regular,3,1051,1035,16,1034,17,1,0.9838249286393911,0.9990338164251208,1.0154589371980676,0.9913710450623203
3,8,semiregular,3,830,827,3,755,75,72,0.9096385542168675,0.9129383313180169,1.003627569528416,0.9112854556427279
3,8,irregular,3,225,243,18,162,63,81,0.72,0.6666666666666666,0.9259259259259259,0.6923076923076923
3,9,regular,1,1120,1107,13,1099,21,8,0.98125,0.992773261065944,1.0117434507678411,0.9869779973057925
3,9,semiregular,1,676,701,25,625,51,76,0.9245562130177515,0.891583452211127,0.9643366619115549,0.907770515613653
3,9,irregular,1,14,266,252,2,12,264,0.14285714285714285,0.007518796992481203,0.05263157894736842,0.014285714285714285
3,9,regular,2,1106,1107,1,1085,21,22,0.9810126582278481,0.980126467931346,0.999096657633243,0.9805693628558518
3,9,semiregular,2,635,701,66,593,42,108,0.9338582677165355,0.8459343794579173,0.905848787446505,0.8877245508982036
3,9,irregular,2,247,266,19,200,47,66,0.8097165991902834,0.7518796992481203,0.9285714285714286,0.7797270955165693
3,9,regular,3,1111,1107,4,1096,15,11,0.9864986498649865,0.990063233965673,1.003613369467028,0.9882777276825968
3,9,semiregular,3,692,701,9,643,49,58,0.9291907514450867,0.9172610556348074,0.9871611982881597,0.9231873653984206
3,9,irregular,3,241,266,25,185,56,81,0.7676348547717843,0.6954887218045113,0.9060150375939849,0.7297830374753452
3,10,regular,1,1049,1014,35,1012,37,2,0.9647283126787417,0.9980276134122288,1.0345167652859961,0.9810954920019389
3,10,semiregular,1,671,656,15,603,68,53,0.8986587183308494,0.9192073170731707,1.0228658536585367,0.908816880180859
3,10,irregular,1,9,247,238,1,8,246,0.1111111111111111,0.004048582995951417,0.03643724696356275,0.0078125
3,10,regular,2,1073,1014,59,1014,59,0,0.9450139794967382,1.0,1.0581854043392505,0.971729755630091
3,10,semiregular,2,668,656,12,607,61,49,0.9086826347305389,0.9253048780487805,1.0182926829268293,0.916918429003021
3,10,irregular,2,231,247,16,187,44,60,0.8095238095238095,0.757085020242915,0.9352226720647774,0.7824267782426778
3,10,regular,3,1053,1014,39,1014,39,0,0.9629629629629629,1.0,1.0384615384615385,0.9811320754716981
3,10,semiregular,3,632,656,24,584,48,72,0.9240506329113924,0.8902439024390244,0.9634146341463414,0.9068322981366461
3,10,irregular,3,247,247,0,195,52,52,0.7894736842105263,0.7894736842105263,1.0,0.7894736842105263
3,11,regular,1,1090,1070,20,1070,20,0,0.981651376146789,1.0,1.0186915887850467,0.9907407407407407
3,11,semiregular,1,742,700,42,631,111,69,0.8504043126684636,0.9014285714285715,1.06,0.8751733703190016
3,11,irregular,1,9,239,230,2,7,237,0.2222222222222222,0.008368200836820083,0.03765690376569038,0.016129032258064516
3,11,regular,2,1077,1070,7,1058,19,12,0.9823584029712163,0.9887850467289719,1.0065420560747664,0.9855612482533768
3,11,semiregular,2,684,700,16,609,75,91,0.8903508771929824,0.87,0.9771428571428571,0.8800578034682079
3,11,irregular,2,221,239,18,176,45,63,0.7963800904977375,0.7364016736401674,0.9246861924686193,0.7652173913043478
3,11,regular,3,1083,1070,13,1070,13,0,0.9879963065558633,1.0,1.0121495327102803,0.9939619136089178
3,11,semiregular,3,691,700,9,613,78,87,0.8871201157742402,0.8757142857142857,0.9871428571428571,0.8813803019410495
3,11,irregular,3,212,239,27,160,52,79,0.7547169811320755,0.6694560669456067,0.8870292887029289,0.7095343680709535
3,12,regular,1,1035,1007,28,1007,28,0,0.9729468599033816,1.0,1.0278053624627608,0.9862879529872673
3,12,semiregular,1,702,641,61,581,121,60,0.8276353276353277,0.906396255850234,1.0951638065522622,0.8652271034996277
3,12,irregular,1,10,204,194,0,10,204,-1,-1,0.049019607843137254,-1
3,12,regular,2,1039,1007,32,1007,32,0,0.9692011549566891,1.0,1.0317775571002978,0.9843597262952101
3,12,semiregular,2,655,641,14,561,94,80,0.8564885496183207,0.875195007800312,1.0218408736349454,0.8657407407407407
3,12,irregular,2,228,204,24,163,65,41,0.7149122807017544,0.7990196078431373,1.1176470588235294,0.7546296296296297
3,12,regular,3,1034,1007,27,1007,27,0,0.9738878143133463,1.0,1.0268123138033765,0.9867711905928467
3,12,semiregular,3,629,641,12,548,81,93,0.8712241653418124,0.8549141965678627,0.9812792511700468,0.8629921259842519
3,12,irregular,3,219,204,15,159,60,45,0.726027397260274,0.7794117647058824,1.0735294117647058,0.75177304964539
3,13,regular,1,985,1000,15,970,15,30,0.9847715736040609,0.97,0.985,0.9773299748110831
3,13,semiregular,1,877,815,62,778,99,37,0.887115165336374,0.9546012269938651,1.0760736196319018,0.9196217494089834
3,13,irregular,1,14,216,202,2,12,214,0.14285714285714285,0.009259259259259259,0.06481481481481481,0.017391304347826087
3,13,regular,2,997,1000,3,986,11,14,0.9889669007021064,0.986,0.997,0.9874812218327491
3,13,semiregular,2,819,815,4,747,72,68,0.9120879120879121,0.9165644171779141,1.0049079754601227,0.9143206854345166
3,13,irregular,2,228,216,12,170,58,46,0.7456140350877193,0.7870370370370371,1.0555555555555556,0.7657657657657657
3,13,regular,3,1023,1000,23,1000,23,0,0.9775171065493646,1.0,1.023,0.9886307464162135
3,13,semiregular,3,812,815,3,748,64,67,0.9211822660098522,0.9177914110429448,0.996319018404908,0.9194837123540257
3,13,irregular,3,214,216,2,164,50,52,0.7663551401869159,0.7592592592592593,0.9907407407407407,0.7627906976744186
3,14,regular,1,1060,1052,8,1044,16,8,0.9849056603773585,0.9923954372623575,1.0076045627376427,0.9886363636363636
3,14,semiregular,1,829,913,84,764,65,149,0.9215922798552473,0.836801752464403,0.9079956188389924,0.8771526980482205
3,14,irregular,1,11,217,206,6,5,211,0.5454545454545454,0.027649769585253458,0.05069124423963134,0.052631578947368425
3,14,regular,2,1055,1052,3,1036,19,16,0.9819905213270143,0.9847908745247148,1.002851711026616,0.9833887043189369
3,14,semiregular,2,911,913,2,841,70,72,0.9231613611416026,0.9211391018619934,0.9978094194961665,0.9221491228070177
3,14,irregular,2,222,217,5,173,49,44,0.7792792792792793,0.7972350230414746,1.023041474654378,0.7881548974943053
3,14,regular,3,1069,1052,17,1052,17,0,0.9840972871842844,1.0,1.0161596958174905,0.991984912776992
3,14,semiregular,3,892,913,21,824,68,89,0.9237668161434978,0.9025191675794085,0.976998904709748,0.9130193905817174
3,14,irregular,3,204,217,13,158,46,59,0.7745098039215687,0.728110599078341,0.9400921658986175,0.7505938242280283
3,15,regular,1,995,964,31,963,32,1,0.9678391959798995,0.9989626556016598,1.0321576763485478,0.9831546707503829
3,15,semiregular,1,836,774,62,729,107,45,0.8720095693779905,0.9418604651162791,1.0801033591731266,0.9055900621118013
3,15,irregular,1,10,218,208,2,8,216,0.2,0.009174311926605505,0.045871559633027525,0.017543859649122806
3,15,regular,2,959,964,5,942,17,22,0.9822732012513035,0.9771784232365145,0.9948132780082988,0.9797191887675507
3,15,semiregular,2,733,774,41,679,54,95,0.9263301500682128,0.8772609819121447,0.9470284237726099,0.9011280690112807
3,15,irregular,2,199,218,19,157,42,61,0.7889447236180904,0.7201834862385321,0.9128440366972477,0.7529976019184653
3,15,regular,3,970,964,6,958,12,6,0.9876288659793815,0.9937759336099585,1.0062240663900415,0.9906928645294726
3,15,semiregular,3,742,774,32,677,65,97,0.9123989218328841,0.8746770025839793,0.958656330749354,0.8931398416886543
3,15,irregular,3,208,218,10,164,44,54,0.7884615384615384,0.7522935779816514,0.9541284403669725,0.7699530516431925
3,16,regular,1,1131,1109,22,1107,24,2,0.9787798408488063,0.9981965734896303,1.0198376916140668,0.9883928571428572
3,16,semiregular,1,399,681,282,336,63,345,0.8421052631578947,0.4933920704845815,0.5859030837004405,0.6222222222222222
3,16,irregular,1,13,272,259,5,8,267,0.38461538461538464,0.01838235294117647,0.04779411764705882,0.03508771929824562
3,16,regular,2,1157,1109,48,1109,48,0,0.958513396715644,1.0,1.043282236248873,0.9788172992056487
3,16,semiregular,2,667,681,14,591,76,90,0.8860569715142429,0.8678414096916299,0.9794419970631424,0.8768545994065282
3,16,irregular,2,249,272,23,207,42,65,0.8313253012048193,0.7610294117647058,0.9154411764705882,0.7946257197696738
3,16,regular,3,1107,1109,2,1094,13,15,0.988256549232159,0.9864743011722272,0.9981965734896303,0.9873646209386282
3,16,semiregular,3,633,681,48,566,67,115,0.8941548183254344,0.8311306901615272,0.9295154185022027,0.8614916286149162
3,16,irregular,3,215,272,57,178,37,94,0.827906976744186,0.6544117647058824,0.7904411764705882,0.7310061601642711
3,17,regular,1,1057,1029,28,1029,28,0,0.9735099337748344,1.0,1.0272108843537415,0.9865771812080537
3,17,semiregular,1,554,837,283,496,58,341,0.8953068592057761,0.5925925925925926,0.6618876941457587,0.7131560028756291
3,17,irregular,1,16,240,224,2,14,238,0.125,0.008333333333333333,0.06666666666666667,0.015625
3,17,regular,2,1068,1029,39,1026,42,3,0.9606741573033708,0.9970845481049563,1.0379008746355685,0.978540772532189
3,17,semiregular,2,839,837,2,748,91,89,0.8915375446960667,0.8936678614097969,1.002389486260454,0.892601431980907
3,17,irregular,2,244,240,4,191,53,49,0.7827868852459017,0.7958333333333333,1.0166666666666666,0.7892561983471074
3,17,regular,3,1094,1029,65,1029,65,0,0.9405850091407678,1.0,1.063168124392614,0.9693829486575601
3,17,semiregular,3,844,837,7,769,75,68,0.9111374407582938,0.918757467144564,1.008363201911589,0.9149315883402737
3,17,irregular,3,226,240,14,175,51,65,0.7743362831858407,0.7291666666666666,0.9416666666666667,0.7510729613733905
3,18,regular,1,1074,1044,30,1044,30,0,0.9720670391061452,1.0,1.028735632183908,0.9858356940509915
3,18,semiregular,1,649,801,152,602,47,199,0.9275808936825886,0.7515605493133583,0.8102372034956304,0.8303448275862069
3,18,irregular,1,12,252,240,5,7,247,0.4166666666666667,0.01984126984126984,0.047619047619047616,0.03787878787878788
3,18,regular,2,1119,1044,75,1044,75,0,0.9329758713136729,1.0,1.0718390804597702,0.9653259361997226
3,18,semiregular,2,811,801,10,748,63,53,0.9223181257706535,0.9338327091136079,1.0124843945068664,0.9280397022332506
3,18,irregular,2,239,252,13,192,47,60,0.803347280334728,0.7619047619047619,0.9484126984126984,0.7820773930753564
3,18,regular,3,1109,1044,65,1044,65,0,0.9413886384129847,1.0,1.0622605363984674,0.9698095680445891
3,18,semiregular,3,838,801,37,762,76,39,0.9093078758949881,0.951310861423221,1.0461922596754056,0.9298352654057351
3,18,irregular,3,254,252,2,200,54,52,0.7874015748031497,0.7936507936507936,1.007936507936508,0.7905138339920948
3,19,regular,1,1091,1076,15,1073,18,3,0.9835013748854262,0.9972118959107806,1.0139405204460967,0.9903091832025841
3,19,semiregular,1,768,753,15,690,78,63,0.8984375,0.9163346613545816,1.0199203187250996,0.9072978303747534
3,19,irregular,1,9,245,236,3,6,242,0.3333333333333333,0.012244897959183673,0.036734693877551024,0.023622047244094488
3,19,regular,2,1086,1076,10,1069,17,7,0.9843462246777164,0.9934944237918215,1.0092936802973977,0.9888991674375578
3,19,semiregular,2,717,753,36,658,59,95,0.9177126917712691,0.8738379814077025,0.952191235059761,0.8952380952380952
3,19,irregular,2,246,245,1,188,58,57,0.7642276422764228,0.7673469387755102,1.0040816326530613,0.7657841140529532
3,19,regular,3,1105,1076,29,1074,31,2,0.971945701357466,0.9981412639405205,1.0269516728624535,0.984869325997249
3,19,semiregular,3,714,753,39,661,53,92,0.9257703081232493,0.8778220451527224,0.9482071713147411,0.9011588275391957
3,19,irregular,3,226,245,19,173,53,72,0.7654867256637168,0.7061224489795919,0.9224489795918367,0.7346072186836519
3,20,regular,1,1215,1251,36,1201,14,50,0.988477366255144,0.9600319744204636,0.9712230215827338,0.9740470397404704
3,20,semiregular,1,871,841,30,753,118,88,0.8645235361653272,0.8953626634958383,1.0356718192627825,0.8796728971962616
3,20,irregular,1,12,252,240,4,8,248,0.3333333333333333,0.015873015873015872,0.047619047619047616,0.030303030303030304
3,20,regular,2,1231,1251,20,1210,21,41,0.9829406986190089,0.9672262190247801,0.9840127897681854,0.9750201450443191
3,20,semiregular,2,846,841,5,747,99,94,0.8829787234042553,0.8882282996432818,1.0059453032104637,0.8855957320687611
3,20,irregular,2,248,252,4,189,59,63,0.7620967741935484,0.75,0.9841269841269841,0.7559999999999999
3,20,regular,3,1239,1251,12,1222,17,29,0.9862792574656981,0.9768185451638689,0.9904076738609112,0.9815261044176706
3,20,semiregular,3,824,841,17,726,98,115,0.8810679611650486,0.8632580261593341,0.9797859690844233,0.8720720720720722
3,20,irregular,3,243,252,9,182,61,70,0.7489711934156379,0.7222222222222222,0.9642857142857143,0.7353535353535353
3,21,regular,1,964,920,44,920,44,0,0.9543568464730291,1.0,1.0478260869565217,0.9766454352441614
3,21,semiregular,1,577,549,28,465,112,84,0.8058925476603119,0.8469945355191257,1.0510018214936248,0.8259325044404974
3,21,irregular,1,11,204,193,4,7,200,0.36363636363636365,0.0196078431372549,0.05392156862745098,0.037209302325581395
3,21,regular,2,938,920,18,919,19,1,0.9797441364605544,0.9989130434782608,1.0195652173913043,0.9892357373519914
3,21,semiregular,2,569,549,20,472,97,77,0.8295254833040422,0.8597449908925319,1.0364298724954462,0.8443649373881932
3,21,irregular,2,205,204,1,162,43,42,0.7902439024390244,0.7941176470588235,1.0049019607843137,0.7921760391198044
3,21,regular,3,940,920,20,920,20,0,0.9787234042553191,1.0,1.0217391304347827,0.989247311827957
3,21,semiregular,3,576,549,27,483,93,66,0.8385416666666666,0.8797814207650273,1.0491803278688525,0.8586666666666667
3,21,irregular,3,203,204,1,164,39,40,0.8078817733990148,0.803921568627451,0.9950980392156863,0.8058968058968059
3,22,regular,1,970,946,24,944,26,2,0.9731958762886598,0.9978858350951374,1.025369978858351,0.9853862212943634
3,22,semiregular,1,742,703,39,644,98,59,0.8679245283018868,0.9160739687055477,1.0554765291607398,0.8913494809688582
3,22,irregular,1,9,247,238,4,5,243,0.4444444444444444,0.016194331983805668,0.03643724696356275,0.03125
3,22,regular,2,970,946,24,933,37,13,0.9618556701030928,0.9862579281183932,1.025369978858351,0.9739039665970773
3,22,semiregular,2,691,703,12,622,69,81,0.9001447178002895,0.8847795163584637,0.9829302987197724,0.8923959827833572
3,22,irregular,2,221,247,26,174,47,73,0.7873303167420814,0.7044534412955465,0.8947368421052632,0.7435897435897435
3,22,regular,3,985,946,39,946,39,0,0.9604060913705583,1.0,1.0412262156448202,0.9798032107716209
3,22,semiregular,3,694,703,9,621,73,82,0.8948126801152738,0.883357041251778,0.9871977240398293,0.8890479599141016
3,22,irregular,3,239,247,8,181,58,66,0.7573221757322176,0.7327935222672065,0.9676113360323887,0.7448559670781894
3,23,regular,1,1017,999,18,986,31,13,0.9695181907571289,0.986986986986987,1.018018018018018,0.9781746031746033
3,23,semiregular,1,868,835,33,740,128,95,0.8525345622119815,0.8862275449101796,1.0395209580838323,0.8690546095126247
3,23,irregular,1,22,266,244,5,17,261,0.22727272727272727,0.018796992481203006,0.08270676691729323,0.03472222222222222
3,23,regular,2,1012,999,13,986,26,13,0.974308300395257,0.986986986986987,1.013013013013013,0.9806066633515663
3,23,semiregular,2,844,835,9,750,94,85,0.8886255924170616,0.8982035928143712,1.0107784431137725,0.8933889219773674
3,23,irregular,2,250,266,16,186,64,80,0.744,0.6992481203007519,0.9398496240601504,0.7209302325581395
3,23,regular,3,1048,999,49,998,50,1,0.9522900763358778,0.998998998998999,1.049049049049049,0.975085490962384
3,23,semiregular,3,838,835,3,747,91,88,0.8914081145584726,0.8946107784431138,1.0035928143712576,0.8930065750149433
3,23,irregular,3,248,266,18,180,68,86,0.7258064516129032,0.6766917293233082,0.9323308270676691,0.7003891050583658
3,24,regular,1,1096,1079,17,1071,25,8,0.9771897810218978,0.9925857275254866,1.015755329008341,0.9848275862068965
3,24,semiregular,1,679,680,1,613,66,67,0.9027982326951399,0.9014705882352941,0.9985294117647059,0.9021339220014717
3,24,irregular,1,11,247,236,1,10,246,0.09090909090909091,0.004048582995951417,0.044534412955465584,0.007751937984496124
3,24,regular,2,1089,1079,10,1064,25,15,0.9770431588613406,0.9860982391102873,1.009267840593142,0.981549815498155
3,24,semiregular,2,659,680,21,610,49,70,0.9256449165402124,0.8970588235294118,0.9691176470588235,0.911127707244212
3,24,irregular,2,246,247,1,203,43,44,0.8252032520325203,0.8218623481781376,0.9959514170040485,0.8235294117647057
3,24,regular,3,1082,1079,3,1067,15,12,0.9861367837338263,0.9888785912882299,1.0027803521779426,0.9875057843590931
3,24,semiregular,3,669,680,11,617,52,63,0.922272047832586,0.9073529411764706,0.9838235294117647,0.9147516679021498
3,24,irregular,3,235,247,12,189,46,58,0.8042553191489362,0.7651821862348178,0.951417004048583,0.7842323651452282
3,25,regular,1,959,946,13,945,14,1,0.9854014598540146,0.9989429175475687,1.0137420718816068,0.9921259842519685
3,25,semiregular,1,698,718,20,617,81,101,0.8839541547277937,0.8593314763231198,0.9721448467966574,0.8714689265536724
3,25,irregular,1,16,207,191,1,15,206,0.0625,0.004830917874396135,0.07729468599033816,0.008968609865470852
3,25,regular,2,946,946,0,934,12,12,0.9873150105708245,0.9873150105708245,1.0,0.9873150105708245
3,25,semiregular,2,719,718,1,644,75,74,0.8956884561891516,0.8969359331476323,1.001392757660167,0.8963117606123869
3,25,irregular,2,185,207,22,135,50,72,0.7297297297297297,0.6521739130434783,0.893719806763285,0.6887755102040817
3,25,regular,3,954,946,8,940,14,6,0.9853249475890985,0.9936575052854123,1.0084566596194504,0.9894736842105263
3,25,semiregular,3,705,718,13,628,77,90,0.8907801418439716,0.8746518105849582,0.9818941504178273,0.8826423049894587
3,25,irregular,3,186,207,21,135,51,72,0.7258064516129032,0.6521739130434783,0.8985507246376812,0.6870229007633588
3,26,regular,1,1047,985,62,985,62,0,0.9407831900668577,1.0,1.0629441624365483,0.969488188976378
3,26,semiregular,1,764,720,44,669,95,51,0.8756544502617801,0.9291666666666667,1.0611111111111111,0.9016172506738545
3,26,irregular,1,10,214,204,3,7,211,0.3,0.014018691588785047,0.04672897196261682,0.026785714285714288
3,26,regular,2,1016,985,31,984,32,1,0.968503937007874,0.9989847715736041,1.031472081218274,0.9835082458770614
3,26,semiregular,2,730,720,10,653,77,67,0.8945205479452055,0.9069444444444444,1.0138888888888888,0.9006896551724137
3,26,irregular,2,201,214,13,153,48,61,0.7611940298507462,0.7149532710280374,0.9392523364485982,0.7373493975903613
3,26,regular,3,1027,985,42,985,42,0,0.9591041869522883,1.0,1.0426395939086295,0.9791252485089463
3,26,semiregular,3,726,720,6,650,76,70,0.8953168044077136,0.9027777777777778,1.0083333333333333,0.8990318118948825
3,26,irregular,3,219,214,5,164,55,50,0.7488584474885844,0.7663551401869159,1.0233644859813085,0.7575057736720553
3,27,regular,1,1174,1166,8,1154,20,12,0.9829642248722317,0.9897084048027445,1.006861063464837,0.9863247863247864
3,27,semiregular,1,726,728,2,629,97,99,0.8663911845730028,0.864010989010989,0.9972527472527473,0.8651994497936727
3,27,irregular,1,12,270,258,3,9,267,0.25,0.011111111111111112,0.044444444444444446,0.02127659574468085
3,27,regular,2,1173,1166,7,1151,22,15,0.9812446717817562,0.9871355060034306,1.0060034305317325,0.9841812740487388
3,27,semiregular,2,714,728,14,646,68,82,0.9047619047619048,0.8873626373626373,0.9807692307692307,0.8959778085991679
3,27,irregular,2,267,270,3,217,50,53,0.8127340823970037,0.8037037037037037,0.9888888888888889,0.808193668528864
3,27,regular,3,1178,1166,12,1164,14,2,0.9881154499151104,0.9982847341337907,1.0102915951972555,0.993174061433447
3,27,semiregular,3,702,728,26,643,59,85,0.915954415954416,0.8832417582417582,0.9642857142857143,0.8993006993006993
3,27,irregular,3,242,270,28,196,46,74,0.8099173553719008,0.725925925925926,0.8962962962962963,0.765625
3,28,regular,1,1104,1098,6,1079,25,19,0.9773550724637681,0.982695810564663,1.005464480874317,0.9800181653042689
3,28,semiregular,1,904,859,45,808,96,51,0.8938053097345132,0.940628637951106,1.0523864959254947,0.9166193987521271
3,28,irregular,1,19,293,274,2,17,291,0.10526315789473684,0.006825938566552901,0.06484641638225255,0.012820512820512822
3,28,regular,2,1115,1098,17,1090,25,8,0.9775784753363229,0.9927140255009107,1.0154826958105647,0.9850881156800724
3,28,semiregular,2,845,859,14,764,81,95,0.9041420118343195,0.889406286379511,0.9837019790454016,0.8967136150234742
3,28,irregular,2,245,293,48,188,57,105,0.7673469387755102,0.6416382252559727,0.8361774744027304,0.6988847583643122
3,28,regular,3,1115,1098,17,1092,23,6,0.979372197309417,0.994535519125683,1.0154826958105647,0.9868956168097605
3,28,semiregular,3,849,859,10,785,64,74,0.9246171967020024,0.9138533178114087,0.9883585564610011,0.9192037470725996
3,28,irregular,3,245,293,48,185,60,108,0.7551020408163265,0.6313993174061433,0.8361774744027304,0.6877323420074348
3,29,regular,1,1154,1140,14,1135,19,5,0.9835355285961872,0.9956140350877193,1.012280701754386,0.9895379250217959
3,29,semiregular,1,910,869,41,790,120,79,0.8681318681318682,0.9090909090909091,1.047180667433832,0.8881394041596402
3,29,irregular,1,10,247,237,2,8,245,0.2,0.008097165991902834,0.04048582995951417,0.015564202334630352
3,29,regular,2,1147,1140,7,1128,19,12,0.983435047951177,0.9894736842105263,1.006140350877193,0.9864451246174027
3,29,semiregular,2,904,869,35,795,109,74,0.879424778761062,0.9148446490218642,1.040276179516686,0.8967851099830795
3,29,irregular,2,259,247,12,197,62,50,0.7606177606177607,0.7975708502024291,1.048582995951417,0.7786561264822133
3,29,regular,3,1152,1140,12,1135,17,5,0.9852430555555556,0.9956140350877193,1.0105263157894737,0.9904013961605583
3,29,semiregular,3,862,869,7,765,97,104,0.8874709976798144,0.8803222094361335,0.9919447640966629,0.8838821490467937
3,29,irregular,3,241,247,6,184,57,63,0.7634854771784232,0.7449392712550608,0.9757085020242915,0.7540983606557378
3,30,regular,1,1001,997,4,989,12,8,0.988011988011988,0.9919759277833501,1.004012036108325,0.98998998998999
3,30,semiregular,1,827,810,17,739,88,71,0.8935912938331319,0.9123456790123456,1.0209876543209877,0.902871105681124
3,30,irregular,1,23,250,227,2,21,248,0.08695652173913043,0.008,0.092,0.014652014652014652
3,30,regular,2,992,997,5,982,10,15,0.9899193548387096,0.9849548645937813,0.9949849548645938,0.9874308697838109
3,30,semiregular,2,807,810,3,739,68,71,0.9157372986369269,0.9123456790123456,0.9962962962962963,0.9140383426097712
3,30,irregular,2,226,250,24,180,46,70,0.7964601769911505,0.72,0.904,0.7563025210084032
3,30,regular,3,1009,997,12,997,12,0,0.9881070366699702,1.0,1.012036108324975,0.9940179461615154
3,30,semiregular,3,813,810,3,749,64,61,0.9212792127921279,0.9246913580246914,1.0037037037037038,0.9229821318545902
3,30,irregular,3,242,250,8,176,66,74,0.7272727272727273,0.704,0.968,0.7154471544715447
4,1,regular,1,996,937,59,937,59,0,0.9407630522088354,1.0,1.0629669156883672,0.9694774961200207
4,1,semiregular,1,732,703,29,607,125,96,0.8292349726775956,0.8634423897581792,1.0412517780938833,0.8459930313588849
4,1,irregular,1,157,199,42,121,36,78,0.7707006369426752,0.6080402010050251,0.7889447236180904,0.6797752808988764
4,1,regular,2,1007,937,70,937,70,0,0.9304865938430983,1.0,1.0747065101387407,0.963991769547325
4,1,semiregular,2,706,703,3,612,94,91,0.8668555240793201,0.8705547652916074,1.004267425320057,0.8687012065294535
4,1,irregular,2,182,199,17,138,44,61,0.7582417582417582,0.6934673366834171,0.914572864321608,0.7244094488188976
4,1,regular,3,989,937,52,937,52,0,0.9474216380182002,1.0,1.055496264674493,0.9730010384215991
4,1,semiregular,3,710,703,7,607,103,96,0.8549295774647887,0.8634423897581792,1.0099573257467995,0.8591648973814578
4,1,irregular,3,182,199,17,141,41,58,0.7747252747252747,0.7085427135678392,0.914572864321608,0.7401574803149606
4,2,regular,1,1234,1224,10,1207,27,17,0.9781199351701783,0.9861111111111112,1.0081699346405228,0.9820992676973149
4,2,semiregular,1,597,647,50,556,41,91,0.931323283082077,0.8593508500772797,0.9227202472952086,0.8938906752411576
4,2,irregular,1,82,217,135,68,14,149,0.8292682926829268,0.31336405529953915,0.3778801843317972,0.45484949832775917
4,2,regular,2,1243,1224,19,1217,26,7,0.9790828640386162,0.994281045751634,1.0155228758169934,0.9866234292663154
4,2,semiregular,2,622,647,25,589,33,58,0.9469453376205788,0.910355486862442,0.9613601236476044,0.9282899921197793
4,2,irregular,2,205,217,12,162,43,55,0.7902439024390244,0.7465437788018433,0.9447004608294931,0.7677725118483414
4,2,regular,3,1235,1224,11,1213,22,11,0.9821862348178138,0.9910130718954249,1.0089869281045751,0.986579910532737
4,2,semiregular,3,637,647,10,599,38,48,0.9403453689167975,0.9258114374034003,0.9845440494590417,0.9330218068535826
4,2,irregular,3,206,217,11,158,48,59,0.7669902912621359,0.728110599078341,0.9493087557603687,0.7470449172576832
4,3,regular,1,1052,1053,1,1037,15,16,0.9857414448669202,0.9848053181386515,0.9990503323836657,0.985273159144893
4,3,semiregular,1,701,716,15,620,81,96,0.884450784593438,0.8659217877094972,0.979050279329609,0.8750882145377558
4,3,irregular,1,176,224,48,148,28,76,0.8409090909090909,0.6607142857142857,0.7857142857142857,0.74
4,3,regular,2,1060,1053,7,1042,18,11,0.9830188679245283,0.9895536562203229,1.00664767331434,0.9862754377662092
4,3,semiregular,2,722,716,6,639,83,77,0.8850415512465374,0.8924581005586593,1.0083798882681565,0.8887343532684284
4,3,irregular,2,197,224,27,157,40,67,0.7969543147208121,0.7008928571428571,0.8794642857142857,0.7458432304038004
4,3,regular,3,1052,1053,1,1039,13,14,0.9876425855513308,0.9867046533713201,0.9990503323836657,0.9871733966745844
4,3,semiregular,3,708,716,8,631,77,85,0.8912429378531074,0.8812849162011173,0.9888268156424581,0.8862359550561797
4,3,irregular,3,210,224,14,161,49,63,0.7666666666666667,0.71875,0.9375,0.7419354838709677
4,4,regular,1,1135,1101,34,1101,34,0,0.9700440528634361,1.0,1.030881017257039,0.98479427549195
4,4,semiregular,1,624,614,10,523,101,91,0.8381410256410257,0.8517915309446255,1.01628664495114,0.8449111470113085
4,4,irregular,1,85,228,143,70,15,158,0.8235294117647058,0.30701754385964913,0.37280701754385964,0.4472843450479233
4,4,regular,2,1126,1101,25,1101,25,0,0.977797513321492,1.0,1.0227066303360581,0.9887741356084419
4,4,semiregular,2,615,614,1,538,77,76,0.8747967479674796,0.8762214983713354,1.001628664495114,0.8755085435313262
4,4,irregular,2,215,228,13,166,49,62,0.772093023255814,0.7280701754385965,0.9429824561403509,0.7494356659142214
4,4,regular,3,1120,1101,19,1099,21,2,0.98125,0.9981834695731153,1.017257039055404,0.989644304367402
4,4,semiregular,3,614,614,0,544,70,70,0.8859934853420195,0.8859934853420195,1.0,0.8859934853420195
4,4,irregular,3,206,228,22,158,48,70,0.7669902912621359,0.6929824561403509,0.9035087719298246,0.7281105990783411
4,5,regular,1,1066,1044,22,1044,22,0,0.9793621013133208,1.0,1.0210727969348659,0.9895734597156397
4,5,semiregular,1,750,668,82,621,129,47,0.828,0.9296407185628742,1.122754491017964,0.8758815232722144
4,5,irregular,1,94,217,123,76,18,141,0.8085106382978723,0.35023041474654376,0.43317972350230416,0.48874598070739544
4,5,regular,2,1074,1044,30,1044,30,0,0.9720670391061452,1.0,1.028735632183908,0.9858356940509915
4,5,semiregular,2,712,668,44,610,102,58,0.8567415730337079,0.9131736526946108,1.0658682634730539,0.8840579710144927
4,5,irregular,2,209,217,8,161,48,56,0.7703349282296651,0.7419354838709677,0.9631336405529954,0.755868544600939
4,5,regular,3,1060,1044,16,1044,16,0,0.9849056603773585,1.0,1.0153256704980842,0.9923954372623575
4,5,semiregular,3,682,668,14,590,92,78,0.8651026392961877,0.8832335329341318,1.0209580838323353,0.8740740740740741
4,5,irregular,3,198,217,19,153,45,64,0.7727272727272727,0.7050691244239631,0.9124423963133641,0.7373493975903613
4,6,regular,1,977,915,62,914,63,1,0.9355168884339816,0.9989071038251366,1.06775956284153,0.9661733615221987
4,6,semiregular,1,691,701,10,615,76,86,0.8900144717800289,0.8773181169757489,0.985734664764622,0.8836206896551724
4,6,irregular,1,78,195,117,51,27,144,0.6538461538461539,0.26153846153846155,0.4,0.37362637362637363
4,6,regular,2,971,915,56,914,57,1,0.94129763130793,0.9989071038251366,1.0612021857923497,0.9692470837751856
4,6,semiregular,2,702,701,1,637,65,64,0.9074074074074074,0.9087018544935807,1.0014265335235377,0.9080541696364933
4,6,irregular,2,166,195,29,125,41,70,0.7530120481927711,0.6410256410256411,0.8512820512820513,0.6925207756232689
4,6,regular,3,959,915,44,915,44,0,0.954118873826903,1.0,1.048087431693989,0.9765208110992528
4,6,semiregular,3,708,701,7,639,69,62,0.902542372881356,0.9115549215406562,1.0099857346647647,0.9070262597586941
4,6,irregular,3,202,195,7,152,50,43,0.7524752475247525,0.7794871794871795,1.035897435897436,0.7657430730478588
4,7,regular,1,1243,1230,13,1217,26,13,0.9790828640386162,0.989430894308943,1.0105691056910568,0.9842296805499393
4,7,semiregular,1,800,761,39,682,118,79,0.8525,0.8961892247043364,1.0512483574244416,0.8737988468930173
4,7,irregular,1,9,225,216,5,4,220,0.5555555555555556,0.022222222222222223,0.04,0.042735042735042736
4,7,regular,2,1267,1230,37,1228,39,2,0.9692186266771902,0.9983739837398374,1.030081300813008,0.9835802963556268
4,7,semiregular,2,740,761,21,652,88,109,0.8810810810810811,0.8567674113009198,0.9724047306176085,0.8687541638907395
4,7,irregular,2,194,225,31,157,37,68,0.8092783505154639,0.6977777777777778,0.8622222222222222,0.7494033412887828
4,7,regular,3,1248,1230,18,1230,18,0,0.9855769230769231,1.0,1.0146341463414634,0.9927360774818402
4,7,semiregular,3,764,761,3,667,97,94,0.8730366492146597,0.8764783180026281,1.0039421813403417,0.8747540983606558
4,7,irregular,3,217,225,8,175,42,50,0.8064516129032258,0.7777777777777778,0.9644444444444444,0.7918552036199094
4,8,regular,1,1062,1035,27,1031,31,4,0.9708097928436912,0.996135265700483,1.0260869565217392,0.983309489747258
4,8,semiregular,1,831,827,4,739,92,88,0.8892900120336944,0.8935912938331319,1.0048367593712213,0.8914354644149578
4,8,irregular,1,132,243,111,109,23,134,0.8257575757575758,0.448559670781893,0.5432098765432098,0.5813333333333334
4,8,regular,2,1054,1035,19,1032,22,3,0.9791271347248577,0.9971014492753624,1.0183574879227053,0.9880325514600288
4,8,semiregular,2,829,827,2,748,81,79,0.902291917973462,0.9044740024183797,1.0024183796856105,0.9033816425120773
4,8,irregular,2,209,243,34,156,53,87,0.7464114832535885,0.6419753086419753,0.8600823045267489,0.6902654867256636
4,8,regular,3,1051,1035,16,1031,20,4,0.9809705042816366,0.996135265700483,1.0154589371980676,0.9884947267497602
4,8,semiregular,3,821,827,6,746,75,81,0.9086479902557856,0.9020556227327691,0.992744860943168,0.9053398058252428
4,8,irregular,3,201,243,42,156,45,87,0.7761194029850746,0.6419753086419753,0.8271604938271605,0.7027027027027027
4,9,regular,1,1101,1107,6,1082,19,25,0.9827429609445958,0.9774164408310749,0.994579945799458,0.980072463768116
4,9,semiregular,1,637,701,64,594,43,107,0.9324960753532182,0.8473609129814551,0.9087018544935807,0.8878923766816144
4,9,irregular,1,124,266,142,107,17,159,0.8629032258064516,0.40225563909774437,0.46616541353383456,0.5487179487179488
4,9,regular,2,1108,1107,1,1095,13,12,0.9882671480144405,0.989159891598916,1.000903342366757,0.9887133182844243
4,9,semiregular,2,615,701,86,575,40,126,0.9349593495934959,0.8202567760342369,0.8773181169757489,0.8738601823708206
4,9,irregular,2,221,266,45,178,43,88,0.8054298642533937,0.6691729323308271,0.8308270676691729,0.731006160164271
4,9,regular,3,1096,1107,11,1080,16,27,0.9854014598540146,0.975609756097561,0.990063233965673,0.9804811620517476
4,9,semiregular,3,686,701,15,641,45,60,0.934402332361516,0.9144079885877318,0.978601997146933,0.9242970439798125
4,9,irregular,3,226,266,40,176,50,90,0.7787610619469026,0.6616541353383458,0.849624060150376,0.7154471544715447
4,10,regular,1,1065,1014,51,1014,51,0,0.952112676056338,1.0,1.0502958579881656,0.9754689754689754
4,10,semiregular,1,674,656,18,605,69,51,0.8976261127596439,0.9222560975609756,1.0274390243902438,0.9097744360902256
4,10,irregular,1,136,247,111,116,20,131,0.8529411764705882,0.46963562753036436,0.5506072874493927,0.6057441253263707
4,10,regular,2,1062,1014,48,1014,48,0,0.9548022598870056,1.0,1.047337278106509,0.976878612716763
4,10,semiregular,2,653,656,3,596,57,60,0.9127105666156202,0.9085365853658537,0.9954268292682927,0.9106187929717341
4,10,irregular,2,222,247,25,189,33,58,0.8513513513513513,0.7651821862348178,0.8987854251012146,0.8059701492537313
4,10,regular,3,1065,1014,51,1014,51,0,0.952112676056338,1.0,1.0502958579881656,0.9754689754689754
4,10,semiregular,3,649,656,7,593,56,63,0.9137134052388289,0.9039634146341463,0.989329268292683,0.9088122605363984
4,10,irregular,3,232,247,15,189,43,58,0.8146551724137931,0.7651821862348178,0.9392712550607287,0.789144050104384
4,11,regular,1,1093,1070,23,1070,23,0,0.9789569990850869,1.0,1.0214953271028038,0.9893666204345817
4,11,semiregular,1,735,700,35,632,103,68,0.8598639455782313,0.9028571428571428,1.05,0.8808362369337979
4,11,irregular,1,160,239,79,131,29,108,0.81875,0.5481171548117155,0.6694560669456067,0.656641604010025
4,11,regular,2,1085,1070,15,1068,17,2,0.9843317972350231,0.9981308411214953,1.014018691588785,0.9911832946635731
4,11,semiregular,2,704,700,4,624,80,76,0.8863636363636364,0.8914285714285715,1.0057142857142858,0.888888888888889
4,11,irregular,2,209,239,30,167,42,72,0.7990430622009569,0.698744769874477,0.8744769874476988,0.7455357142857143
4,11,regular,3,1083,1070,13,1067,16,3,0.9852262234533703,0.997196261682243,1.0121495327102803,0.9911751045053414
4,11,semiregular,3,692,700,8,614,78,86,0.8872832369942196,0.8771428571428571,0.9885714285714285,0.882183908045977
4,11,irregular,3,200,239,39,160,40,79,0.8,0.6694560669456067,0.8368200836820083,0.7289293849658314
4,12,regular,1,1038,1007,31,1007,31,0,0.9701348747591522,1.0,1.0307845084409135,0.9848410757946211
4,12,semiregular,1,712,641,71,583,129,58,0.8188202247191011,0.9095163806552262,1.110764430577223,0.8617886178861789
4,12,irregular,1,162,204,42,129,33,75,0.7962962962962963,0.6323529411764706,0.7941176470588235,0.7049180327868853
4,12,regular,2,1044,1007,37,1007,37,0,0.9645593869731801,1.0,1.0367428003972194,0.9819600195026816
4,12,semiregular,2,662,641,21,564,98,77,0.851963746223565,0.8798751950078003,1.032761310452418,0.8656945510360706
4,12,irregular,2,216,204,12,161,55,43,0.7453703703703703,0.7892156862745098,1.0588235294117647,0.7666666666666666
4,12,regular,3,1031,1007,24,1007,24,0,0.976721629485936,1.0,1.0238331678252235,0.9882237487733072
4,12,semiregular,3,654,641,13,568,86,73,0.8685015290519877,0.8861154446177847,1.0202808112324493,0.8772200772200773
4,12,irregular,3,211,204,7,156,55,48,0.7393364928909952,0.7647058823529411,1.0343137254901962,0.7518072289156627
4,13,regular,1,1023,1000,23,1000,23,0,0.9775171065493646,1.0,1.023,0.9886307464162135
4,13,semiregular,1,853,815,38,770,83,45,0.902696365767878,0.9447852760736196,1.0466257668711656,0.9232613908872902
4,13,irregular,1,175,216,41,138,37,78,0.7885714285714286,0.6388888888888888,0.8101851851851852,0.7058823529411764
4,13,regular,2,1020,1000,20,1000,20,0,0.9803921568627451,1.0,1.02,0.99009900990099
4,13,semiregular,2,819,815,4,748,71,67,0.9133089133089133,0.9177914110429448,1.0049079754601227,0.9155446756425949
4,13,irregular,2,227,216,11,174,53,42,0.7665198237885462,0.8055555555555556,1.0509259259259258,0.7855530474040633
4,13,regular,3,1018,1000,18,999,19,1,0.981335952848723,0.999,1.018,0.9900891972249751
4,13,semiregular,3,805,815,10,746,59,69,0.9267080745341615,0.9153374233128835,0.9877300613496932,0.9209876543209876
4,13,irregular,3,209,216,7,169,40,47,0.8086124401913876,0.7824074074074074,0.9675925925925926,0.7952941176470588
4,14,regular,1,1057,1052,5,1043,14,9,0.9867549668874173,0.9914448669201521,1.0047528517110267,0.9890943575154102
4,14,semiregular,1,875,913,38,803,72,110,0.9177142857142857,0.8795180722891566,0.9583789704271632,0.8982102908277405
4,14,irregular,1,114,217,103,100,14,117,0.8771929824561403,0.4608294930875576,0.5253456221198156,0.6042296072507554
4,14,regular,2,1065,1052,13,1052,13,0,0.9877934272300469,1.0,1.0123574144486691,0.9938592347661785
4,14,semiregular,2,878,913,35,823,55,90,0.9373576309794989,0.9014238773274917,0.9616648411829135,0.9190396426577331
4,14,irregular,2,213,217,4,165,48,52,0.7746478873239436,0.7603686635944701,0.9815668202764977,0.7674418604651163
4,14,regular,3,1065,1052,13,1051,14,1,0.9868544600938968,0.9990494296577946,1.0123574144486691,0.9929145016532829
4,14,semiregular,3,892,913,21,828,64,85,0.9282511210762332,0.9069003285870756,0.976998904709748,0.9174515235457064
4,14,irregular,3,185,217,32,140,45,77,0.7567567567567568,0.6451612903225806,0.8525345622119815,0.6965174129353233
4,15,regular,1,985,964,21,964,21,0,0.9786802030456853,1.0,1.0217842323651452,0.9892252437147254
4,15,semiregular,1,789,774,15,715,74,59,0.9062103929024081,0.9237726098191215,1.0193798449612403,0.9149072296865003
4,15,irregular,1,173,218,45,149,24,69,0.861271676300578,0.6834862385321101,0.7935779816513762,0.7621483375959079
4,15,regular,2,982,964,18,964,18,0,0.9816700610997964,1.0,1.0186721991701244,0.9907502569373073
4,15,semiregular,2,759,774,15,697,62,77,0.9183135704874835,0.900516795865633,0.9806201550387597,0.9093281148075669
4,15,irregular,2,205,218,13,164,41,54,0.8,0.7522935779816514,0.9403669724770642,0.7754137115839242
4,15,regular,3,972,964,8,959,13,5,0.9866255144032922,0.9948132780082988,1.008298755186722,0.990702479338843
4,15,semiregular,3,747,774,27,687,60,87,0.9196787148594378,0.8875968992248062,0.9651162790697675,0.903353057199211
4,15,irregular,3,198,218,20,160,38,58,0.8080808080808081,0.7339449541284404,0.908256880733945,0.7692307692307693
4,16,regular,1,1140,1109,31,1108,32,1,0.9719298245614035,0.9990982867448152,1.0279531109107305,0.9853268119164073
4,16,semiregular,1,679,681,2,582,97,99,0.8571428571428571,0.8546255506607929,0.9970631424375918,0.8558823529411764
4,16,irregular,1,142,272,130,113,29,159,0.795774647887324,0.41544117647058826,0.5220588235294118,0.5458937198067633
4,16,regular,2,1143,1109,34,1109,34,0,0.9702537182852143,1.0,1.030658250676285,0.9849023090586145
4,16,semiregular,2,676,681,5,592,84,89,0.8757396449704142,0.869309838472834,0.9926578560939795,0.8725128960943257
4,16,irregular,2,228,272,44,189,39,83,0.8289473684210527,0.6948529411764706,0.8382352941176471,0.756
4,16,regular,3,1123,1109,14,1106,17,3,0.9848619768477292,0.9972948602344455,1.0126239855725878,0.9910394265232976
4,16,semiregular,3,667,681,14,593,74,88,0.889055472263868,0.8707782672540382,0.9794419970631424,0.8798219584569733
4,16,irregular,3,213,272,59,177,36,95,0.8309859154929577,0.6507352941176471,0.7830882352941176,0.7298969072164949
4,17,regular,1,1053,1029,24,1029,24,0,0.9772079772079773,1.0,1.0233236151603498,0.9884726224783863
4,17,semiregular,1,827,837,10,742,85,95,0.8972188633615478,0.8864994026284349,0.98805256869773,0.891826923076923
4,17,irregular,1,141,240,99,127,14,113,0.900709219858156,0.5291666666666667,0.5875,0.6666666666666666
4,17,regular,2,1055,1029,26,1029,26,0,0.9753554502369668,1.0,1.0252672497570456,0.9875239923224568
4,17,semiregular,2,847,837,10,761,86,76,0.898465171192444,0.9091995221027479,1.01194743130227,0.9038004750593824
4,17,irregular,2,225,240,15,178,47,62,0.7911111111111111,0.7416666666666667,0.9375,0.7655913978494624
4,17,regular,3,1049,1029,20,1029,20,0,0.9809342230695901,1.0,1.0194363459669582,0.9903753609239654
4,17,semiregular,3,823,837,14,754,69,83,0.9161603888213852,0.9008363201911589,0.983273596176822,0.9084337349397591
4,17,irregular,3,212,240,28,165,47,75,0.7783018867924528,0.6875,0.8833333333333333,0.7300884955752213
4,18,regular,1,1079,1044,35,1043,36,1,0.9666357738646896,0.9990421455938697,1.0335249042145593,0.9825718323127649
4,18,semiregular,1,779,801,22,716,63,85,0.9191270860077022,0.8938826466916354,0.9725343320848939,0.9063291139240506
4,18,irregular,1,140,252,112,119,21,133,0.85,0.4722222222222222,0.5555555555555556,0.6071428571428571
4,18,regular,2,1067,1044,23,1041,26,3,0.9756326148078726,0.9971264367816092,1.0220306513409962,0.9862624348649929
4,18,semiregular,2,811,801,10,741,70,60,0.9136868064118372,0.9250936329588015,1.0124843945068664,0.9193548387096774
4,18,irregular,2,237,252,15,194,43,58,0.8185654008438819,0.7698412698412699,0.9404761904761905,0.7934560327198364
4,18,regular,3,1070,1044,26,1044,26,0,0.9757009345794393,1.0,1.024904214559387,0.9877010406811731
4,18,semiregular,3,800,801,1,742,58,59,0.9275,0.9263420724094882,0.9987515605493134,0.9269206745783884
4,18,irregular,3,248,252,4,198,50,54,0.7983870967741935,0.7857142857142857,0.9841269841269841,0.792
4,19,regular,1,1124,1076,48,1075,49,1,0.9564056939501779,0.9990706319702602,1.0446096654275092,0.9772727272727273
4,19,semiregular,1,731,753,22,662,69,91,0.905608755129959,0.8791500664010624,0.9707835325365206,0.8921832884097034
4,19,irregular,1,128,245,117,106,22,139,0.828125,0.4326530612244898,0.5224489795918368,0.5683646112600537
4,19,regular,2,1108,1076,32,1074,34,2,0.9693140794223827,0.9981412639405205,1.029739776951673,0.9835164835164836
4,19,semiregular,2,722,753,31,668,54,85,0.925207756232687,0.8871181938911022,0.9588313413014609,0.9057627118644068
4,19,irregular,2,257,245,12,192,65,53,0.7470817120622568,0.7836734693877551,1.0489795918367346,0.7649402390438246
4,19,regular,3,1088,1076,12,1073,15,3,0.9862132352941176,0.9972118959107806,1.0111524163568772,0.9916820702402958
4,19,semiregular,3,683,753,70,627,56,126,0.91800878477306,0.8326693227091634,0.9070385126162018,0.8732590529247911
4,19,irregular,3,217,245,28,167,50,78,0.7695852534562212,0.6816326530612244,0.8857142857142857,0.7229437229437229
4,20,regular,1,1174,1251,77,1158,16,93,0.9863713798977853,0.9256594724220624,0.938449240607514,0.9550515463917526
4,20,semiregular,1,861,841,20,737,124,104,0.8559814169570267,0.8763376932223543,1.0237812128418549,0.8660399529964746
4,20,irregular,1,207,252,45,174,33,78,0.8405797101449275,0.6904761904761905,0.8214285714285714,0.7581699346405228
4,20,regular,2,1078,1251,173,1062,16,189,0.9851576994434137,0.8489208633093526,0.8617106314948042,0.9119793902962645
4,20,semiregular,2,772,841,69,673,99,168,0.8717616580310881,0.8002378121284186,0.9179548156956004,0.8344699318040918
4,20,irregular,2,243,252,9,182,61,70,0.7489711934156379,0.7222222222222222,0.9642857142857143,0.7353535353535353
4,20,regular,3,1190,1251,61,1173,17,78,0.9857142857142858,0.9376498800959233,0.9512390087929656,0.961081523965588
4,20,semiregular,3,796,841,45,702,94,139,0.8819095477386935,0.8347205707491082,0.9464922711058263,0.8576664630421502
4,20,irregular,3,221,252,31,161,60,91,0.7285067873303167,0.6388888888888888,0.876984126984127,0.6807610993657505
4,21,regular,1,963,920,43,920,43,0,0.9553478712357217,1.0,1.0467391304347826,0.9771640998406798
4,21,semiregular,1,607,549,58,484,123,65,0.7973640856672158,0.8816029143897997,1.1056466302367942,0.8373702422145329
4,21,irregular,1,127,204,77,108,19,96,0.8503937007874016,0.5294117647058824,0.6225490196078431,0.6525679758308157
4,21,regular,2,966,920,46,920,46,0,0.9523809523809523,1.0,1.05,0.975609756097561
4,21,semiregular,2,584,549,35,483,101,66,0.827054794520548,0.8797814207650273,1.0637522768670309,0.852603706972639
4,21,irregular,2,183,204,21,141,42,63,0.7704918032786885,0.6911764705882353,0.8970588235294118,0.7286821705426356
4,21,regular,3,944,920,24,920,24,0,0.9745762711864406,1.0,1.0260869565217392,0.9871244635193133
4,21,semiregular,3,602,549,53,495,107,54,0.8222591362126246,0.9016393442622951,1.0965391621129326,0.8601216333622937
4,21,irregular,3,201,204,3,159,42,45,0.7910447761194029,0.7794117647058824,0.9852941176470589,0.7851851851851852
4,22,regular,1,1006,946,60,946,60,0,0.9403578528827038,1.0,1.0634249471458774,0.9692622950819673
4,22,semiregular,1,728,703,25,617,111,86,0.8475274725274725,0.8776671408250356,1.035561877667141,0.862334032145353
4,22,irregular,1,117,247,130,92,25,155,0.7863247863247863,0.3724696356275304,0.47368421052631576,0.5054945054945055
4,22,regular,2,986,946,40,946,40,0,0.9594320486815415,1.0,1.0422832980972516,0.9792960662525879
4,22,semiregular,2,701,703,2,624,77,79,0.8901569186875892,0.887624466571835,0.9971550497866287,0.888888888888889
4,22,irregular,2,205,247,42,162,43,85,0.7902439024390244,0.6558704453441295,0.8299595141700404,0.7168141592920354
4,22,regular,3,974,946,28,944,30,2,0.9691991786447639,0.9978858350951374,1.029598308668076,0.9833333333333334
4,22,semiregular,3,703,703,0,628,75,75,0.8933143669985776,0.8933143669985776,1.0,0.8933143669985776
4,22,irregular,3,221,247,26,175,46,72,0.7918552036199095,0.708502024291498,0.8947368421052632,0.7478632478632479
4,23,regular,1,910,999,89,864,46,135,0.9494505494505494,0.8648648648648649,0.9109109109109109,0.9051859612362493
4,23,semiregular,1,960,835,125,771,189,64,0.803125,0.9233532934131736,1.1497005988023952,0.8590529247910863
4,23,irregular,1,28,266,238,4,24,262,0.14285714285714285,0.015037593984962405,0.10526315789473684,0.0272108843537415
4,23,regular,2,853,999,146,845,8,154,0.9906213364595545,0.8458458458458459,0.8538538538538538,0.9125269978401729
4,23,semiregular,2,787,835,48,695,92,140,0.8831003811944091,0.8323353293413174,0.9425149700598803,0.8569667077681874
4,23,irregular,2,29,266,237,23,6,243,0.7931034482758621,0.08646616541353383,0.10902255639097744,0.15593220338983052
4,23,regular,3,1050,999,51,999,51,0,0.9514285714285714,1.0,1.0510510510510511,0.9751098096632503
4,23,semiregular,3,809,835,26,723,86,112,0.8936959208899876,0.8658682634730539,0.9688622754491018,0.8795620437956205
4,23,irregular,3,224,266,42,169,55,97,0.7544642857142857,0.6353383458646616,0.8421052631578947,0.6897959183673469
4,24,regular,1,1101,1079,22,1077,24,2,0.9782016348773842,0.9981464318813716,1.020389249304912,0.9880733944954129
4,24,semiregular,1,678,680,2,607,71,73,0.8952802359882006,0.8926470588235295,0.9970588235294118,0.8939617083946981
4,24,irregular,1,118,247,129,100,18,147,0.847457627118644,0.4048582995951417,0.4777327935222672,0.547945205479452
4,24,regular,2,1103,1079,24,1077,26,2,0.9764279238440616,0.9981464318813716,1.0222428174235403,0.9871677360219981
4,24,semiregular,2,644,680,36,596,48,84,0.9254658385093167,0.8764705882352941,0.9470588235294117,0.9003021148036254
4,24,irregular,2,227,247,20,180,47,67,0.7929515418502202,0.728744939271255,0.9190283400809717,0.759493670886076
4,24,regular,3,1076,1079,3,1057,19,22,0.9823420074349443,0.9796107506950881,0.9972196478220574,0.9809744779582368
4,24,semiregular,3,658,680,22,604,54,76,0.9179331306990881,0.888235294117647,0.9676470588235294,0.9028400597907325
4,24,irregular,3,237,247,10,192,45,55,0.810126582278481,0.7773279352226721,0.9595141700404858,0.7933884297520661
4,25,regular,1,971,946,25,946,25,0,0.9742533470648815,1.0,1.0264270613107822,0.9869587897756912
4,25,semiregular,1,705,718,13,616,89,102,0.873758865248227,0.8579387186629527,0.9818941504178273,0.8657765284609978
4,25,irregular,1,123,207,84,92,31,115,0.7479674796747967,0.4444444444444444,0.5942028985507246,0.5575757575757575
4,25,regular,2,959,946,13,946,13,0,0.986444212721585,1.0,1.0137420718816068,0.9931758530183727
4,25,semiregular,2,720,718,2,633,87,85,0.8791666666666667,0.8816155988857939,1.0027855153203342,0.8803894297635605
4,25,irregular,2,173,207,34,124,49,83,0.7167630057803468,0.5990338164251208,0.8357487922705314,0.6526315789473685
4,25,regular,3,950,946,4,936,14,10,0.9852631578947368,0.9894291754756871,1.0042283298097252,0.9873417721518988
4,25,semiregular,3,709,718,9,635,74,83,0.8956276445698167,0.8844011142061281,0.9874651810584958,0.889978976874562
4,25,irregular,3,167,207,40,122,45,85,0.7305389221556886,0.5893719806763285,0.8067632850241546,0.6524064171122994
4,26,regular,1,1027,985,42,985,42,0,0.9591041869522883,1.0,1.0426395939086295,0.9791252485089463
4,26,semiregular,1,760,720,40,666,94,54,0.8763157894736842,0.925,1.0555555555555556,0.8999999999999999
4,26,irregular,1,186,214,28,147,39,67,0.7903225806451613,0.6869158878504673,0.8691588785046729,0.735
4,26,regular,2,1018,985,33,981,37,4,0.9636542239685658,0.9959390862944163,1.033502538071066,0.9795307039440838
4,26,semiregular,2,726,720,6,646,80,74,0.8898071625344353,0.8972222222222223,1.0083333333333333,0.8934993084370677
4,26,irregular,2,191,214,23,147,44,67,0.7696335078534031,0.6869158878504673,0.8925233644859814,0.725925925925926
4,26,regular,3,1080,985,95,985,95,0,0.9120370370370371,1.0,1.0964467005076142,0.9539951573849879
4,26,semiregular,3,708,720,12,638,70,82,0.9011299435028248,0.8861111111111111,0.9833333333333333,0.8935574229691876
4,26,irregular,3,217,214,3,164,53,50,0.7557603686635944,0.7663551401869159,1.014018691588785,0.7610208816705336
4,27,regular,1,1179,1166,13,1161,18,5,0.9847328244274809,0.9957118353344768,1.0111492281303602,0.9901918976545842
4,27,semiregular,1,736,728,8,642,94,86,0.8722826086956522,0.8818681318681318,1.010989010989011,0.8770491803278687
4,27,irregular,1,59,270,211,51,8,219,0.864406779661017,0.18888888888888888,0.21851851851851853,0.31003039513677805
4,27,regular,2,1190,1166,24,1165,25,1,0.9789915966386554,0.9991423670668954,1.020583190394511,0.9889643463497454
4,27,semiregular,2,711,728,17,641,70,87,0.9015471167369902,0.8804945054945055,0.9766483516483516,0.8908964558721334
4,27,irregular,2,248,270,22,200,48,70,0.8064516129032258,0.7407407407407407,0.9185185185185185,0.7722007722007722
4,27,regular,3,1176,1166,10,1161,15,5,0.9872448979591837,0.9957118353344768,1.0085763293310464,0.9914602903501281
4,27,semiregular,3,707,728,21,645,62,83,0.9123055162659123,0.885989010989011,0.9711538461538461,0.8989547038327526
4,27,irregular,3,240,270,30,191,49,79,0.7958333333333333,0.7074074074074074,0.8888888888888888,0.7490196078431371
4,28,regular,1,1118,1098,20,1088,30,10,0.9731663685152058,0.9908925318761385,1.018214936247723,0.9819494584837545
4,28,semiregular,1,893,859,34,788,105,71,0.8824188129899216,0.9173457508731082,1.039580908032596,0.8995433789954338
4,28,irregular,1,112,293,181,87,25,206,0.7767857142857143,0.29692832764505117,0.3822525597269625,0.4296296296296297
4,28,regular,2,1122,1098,24,1097,25,1,0.9777183600713012,0.9990892531876139,1.0218579234972678,0.9882882882882882
4,28,semiregular,2,839,859,20,762,77,97,0.9082240762812872,0.8870779976717112,0.9767171129220024,0.8975265017667845
4,28,irregular,2,229,293,64,179,50,114,0.7816593886462883,0.6109215017064846,0.7815699658703071,0.6858237547892719
4,28,regular,3,1117,1098,19,1094,23,4,0.9794091316025068,0.9963570127504554,1.017304189435337,0.9878103837471783
4,28,semiregular,3,850,859,9,782,68,77,0.92,0.910360884749709,0.989522700814901,0.9151550614394383
4,28,irregular,3,221,293,72,172,49,121,0.7782805429864253,0.5870307167235495,0.7542662116040956,0.669260700389105
4,29,regular,1,1158,1140,18,1138,20,2,0.9827288428324698,0.9982456140350877,1.0157894736842106,0.9904264577893821
4,29,semiregular,1,941,869,72,808,133,61,0.8586609989373007,0.9298043728423475,1.0828538550057538,0.892817679558011
4,29,irregular,1,170,247,77,140,30,107,0.8235294117647058,0.5668016194331984,0.6882591093117408,0.671462829736211
4,29,regular,2,1157,1140,17,1139,18,1,0.9844425237683665,0.9991228070175439,1.0149122807017543,0.9917283413147584
4,29,semiregular,2,936,869,67,812,124,57,0.8675213675213675,0.9344073647871116,1.0771001150747985,0.8997229916897507
4,29,irregular,2,241,247,6,190,51,57,0.7883817427385892,0.7692307692307693,0.9757085020242915,0.778688524590164
4,29,regular,3,1143,1140,3,1127,16,13,0.9860017497812773,0.9885964912280701,1.0026315789473683,0.9872974156811213
4,29,semiregular,3,879,869,10,774,105,95,0.8805460750853242,0.8906789413118527,1.0115074798619101,0.88558352402746
4,29,irregular,3,232,247,15,182,50,65,0.7844827586206896,0.7368421052631579,0.9392712550607287,0.7599164926931107
4,30,regular,1,1012,997,15,996,16,1,0.9841897233201581,0.9989969909729187,1.0150451354062187,0.9915380786460926
4,30,semiregular,1,814,810,4,734,80,76,0.9017199017199017,0.9061728395061729,1.0049382716049382,0.9039408866995073
4,30,irregular,1,168,250,82,137,31,113,0.8154761904761905,0.548,0.672,0.6555023923444977
4,30,regular,2,1017,997,20,997,20,0,0.9803343166175025,1.0,1.020060180541625,0.9900695134061569
4,30,semiregular,2,800,810,10,733,67,77,0.91625,0.9049382716049382,0.9876543209876543,0.91055900621118
4,30,irregular,2,204,250,46,167,37,83,0.8186274509803921,0.668,0.816,0.73568281938326
4,30,regular,3,1008,997,11,994,14,3,0.9861111111111112,0.9969909729187563,1.0110330992978938,0.9915211970074813
4,30,semiregular,3,808,810,2,745,63,65,0.9220297029702971,0.9197530864197531,0.9975308641975309,0.9208899876390606
4,30,irregular,3,214,250,36,168,46,82,0.7850467289719626,0.672,0.856,0.7241379310344829
5,1,regular,1,1003,937,66,936,67,1,0.9332003988035892,0.9989327641408752,1.0704375667022412,0.9649484536082474
5,1,semiregular,1,748,703,45,627,121,76,0.8382352941176471,0.8918918918918919,1.0640113798008535,0.8642315644383185
5,1,irregular,1,7,199,192,2,5,197,0.2857142857142857,0.010050251256281407,0.035175879396984924,0.019417475728155338
5,1,regular,2,991,937,54,935,56,2,0.9434914228052472,0.9978655282817502,1.0576307363927429,0.9699170124481327
5,1,semiregular,2,733,703,30,623,110,80,0.849931787175989,0.8862019914651493,1.042674253200569,0.8676880222841226
5,1,irregular,2,172,199,27,134,38,65,0.7790697674418605,0.6733668341708543,0.864321608040201,0.7223719676549866
5,1,regular,3,940,937,3,932,8,5,0.9914893617021276,0.9946638207043756,1.0032017075773747,0.9930740543420351
5,1,semiregular,3,727,703,24,627,100,76,0.8624484181568088,0.8918918918918919,1.0341394025604551,0.8769230769230769
5,1,irregular,3,7,199,192,1,6,198,0.14285714285714285,0.005025125628140704,0.035175879396984924,0.009708737864077669
5,2,regular,1,1230,1224,6,1206,24,18,0.9804878048780488,0.9852941176470589,1.0049019607843137,0.9828850855745721
5,2,semiregular,1,616,647,31,568,48,79,0.922077922077922,0.8778979907264297,0.9520865533230294,0.8994457640538401
5,2,irregular,1,10,217,207,0,10,217,-1,-1,0.04608294930875576,-1
5,2,regular,2,1232,1224,8,1207,25,17,0.9797077922077922,0.9861111111111112,1.0065359477124183,0.982899022801303
5,2,semiregular,2,638,647,9,600,38,47,0.9404388714733543,0.9273570324574961,0.9860896445131375,0.933852140077821
5,2,irregular,2,179,217,38,140,39,77,0.7821229050279329,0.6451612903225806,0.8248847926267281,0.7070707070707071
5,2,regular,3,1215,1224,9,1210,5,14,0.9958847736625515,0.988562091503268,0.9926470588235294,0.992209922099221
5,2,semiregular,3,661,647,14,613,48,34,0.9273827534039334,0.9474497681607419,1.0216383307573416,0.9373088685015291
5,2,irregular,3,10,217,207,0,10,217,-1,-1,0.04608294930875576,-1
5,3,regular,1,1049,1053,4,1036,13,17,0.9876072449952336,0.9838556505223172,0.9962013295346629,0.9857278782112274
5,3,semiregular,1,716,716,0,639,77,77,0.8924581005586593,0.8924581005586593,1.0,0.8924581005586593
5,3,irregular,1,9,224,215,3,6,221,0.3333333333333333,0.013392857142857142,0.04017857142857143,0.02575107296137339
5,3,regular,2,1047,1053,6,1030,17,23,0.9837631327602674,0.9781576448243114,0.9943019943019943,0.9809523809523809
5,3,semiregular,2,711,716,5,636,75,80,0.8945147679324894,0.888268156424581,0.9930167597765364,0.8913805185704274
5,3,irregular,2,211,224,13,167,44,57,0.7914691943127962,0.7455357142857143,0.9419642857142857,0.767816091954023
5,3,regular,3,1043,1053,10,1036,7,17,0.9932885906040269,0.9838556505223172,0.9905033238366572,0.9885496183206107
5,3,semiregular,3,718,716,2,648,70,68,0.9025069637883009,0.9050279329608939,1.0027932960893855,0.903765690376569
5,3,irregular,3,10,224,214,1,9,223,0.1,0.004464285714285714,0.044642857142857144,0.008547008547008546
5,4,regular,1,1127,1101,26,1100,27,1,0.9760425909494232,0.9990917347865577,1.0236148955495004,0.9874326750448832
5,4,semiregular,1,658,614,44,551,107,63,0.837386018237082,0.8973941368078175,1.0716612377850163,0.8663522012578616
5,4,irregular,1,10,228,218,1,9,227,0.1,0.0043859649122807015,0.043859649122807015,0.008403361344537815
5,4,regular,2,1105,1101,4,1090,15,11,0.9864253393665159,0.9900090826521344,1.0036330608537694,0.9882139619220308
5,4,semiregular,2,614,614,0,544,70,70,0.8859934853420195,0.8859934853420195,1.0,0.8859934853420195
5,4,irregular,2,183,228,45,146,37,82,0.7978142076502732,0.6403508771929824,0.8026315789473685,0.7104622871046229
5,4,regular,3,1101,1101,0,1095,6,6,0.9945504087193461,0.9945504087193461,1.0,0.9945504087193461
5,4,semiregular,3,632,614,18,556,76,58,0.879746835443038,0.9055374592833876,1.0293159609120521,0.8924558587479935
5,4,irregular,3,10,228,218,3,7,225,0.3,0.013157894736842105,0.043859649122807015,0.025210084033613443
5,5,regular,1,1047,1044,3,1034,13,10,0.9875835721107927,0.9904214559386973,1.0028735632183907,0.9890004782400765
5,5,semiregular,1,742,668,74,630,112,38,0.8490566037735849,0.9431137724550899,1.1107784431137724,0.8936170212765957
5,5,irregular,1,11,217,206,4,7,213,0.36363636363636365,0.018433179723502304,0.05069124423963134,0.03508771929824561
5,5,regular,2,1051,1044,7,1033,18,11,0.9828734538534729,0.9894636015325671,1.0067049808429118,0.9861575178997614
5,5,semiregular,2,692,668,24,603,89,65,0.8713872832369942,0.9026946107784432,1.035928143712575,0.8867647058823529
5,5,irregular,2,198,217,19,164,34,53,0.8282828282828283,0.7557603686635944,0.9124423963133641,0.7903614457831325
5,5,regular,3,1040,1044,4,1037,3,7,0.9971153846153846,0.9932950191570882,0.9961685823754789,0.9952015355086372
5,5,semiregular,3,680,668,12,592,88,76,0.8705882352941177,0.8862275449101796,1.0179640718562875,0.8783382789317508
5,5,irregular,3,11,217,206,0,11,217,-1,-1,0.05069124423963134,-1
5,6,regular,1,968,915,53,915,53,0,0.9452479338842975,1.0,1.0579234972677596,0.9718534253850238
5,6,semiregular,1,720,701,19,645,75,56,0.8958333333333334,0.920114122681883,1.0271041369472182,0.907811400422238
5,6,irregular,1,10,195,185,2,8,193,0.2,0.010256410256410256,0.05128205128205128,0.01951219512195122
5,6,regular,2,943,915,28,907,36,8,0.9618239660657476,0.9912568306010929,1.0306010928961749,0.9763186221743811
5,6,semiregular,2,696,701,5,636,60,65,0.9137931034482759,0.9072753209700428,0.992867332382311,0.910522548317824
5,6,irregular,2,210,195,15,143,67,52,0.680952380952381,0.7333333333333333,1.0769230769230769,0.7061728395061729
5,6,regular,3,927,915,12,912,15,3,0.9838187702265372,0.9967213114754099,1.0131147540983607,0.9902280130293161
5,6,semiregular,3,719,701,18,648,71,53,0.9012517385257302,0.9243937232524965,1.0256776034236805,0.9126760563380283
5,6,irregular,3,11,195,184,5,6,190,0.45454545454545453,0.02564102564102564,0.05641025641025641,0.04854368932038835
5,7,regular,1,1252,1230,22,1223,29,7,0.9768370607028753,0.9943089430894309,1.0178861788617886,0.9854955680902497
5,7,semiregular,1,752,761,9,655,97,106,0.8710106382978723,0.8607095926412615,0.988173455978975,0.865829477858559
5,7,irregular,1,13,225,212,4,9,221,0.3076923076923077,0.017777777777777778,0.057777777777777775,0.03361344537815126
5,7,regular,2,1247,1230,17,1219,28,11,0.9775461106655974,0.9910569105691057,1.0138211382113822,0.9842551473556721
5,7,semiregular,2,741,761,20,660,81,101,0.8906882591093117,0.8672798948751642,0.973718791064389,0.8788282290279628
5,7,irregular,2,143,225,82,120,23,105,0.8391608391608392,0.5333333333333333,0.6355555555555555,0.6521739130434783
5,7,regular,3,1228,1230,2,1221,7,9,0.994299674267101,0.9926829268292683,0.9983739837398374,0.9934906427990235
5,7,semiregular,3,786,761,25,680,106,81,0.8651399491094147,0.8935611038107752,1.0328515111695138,0.8791208791208791
5,7,irregular,3,14,225,211,1,13,224,0.07142857142857142,0.0044444444444444444,0.06222222222222222,0.008368200836820085
5,8,regular,1,1054,1035,19,1028,26,7,0.9753320683111955,0.9932367149758454,1.0183574879227053,0.9842029679272379
5,8,semiregular,1,834,827,7,740,94,87,0.8872901678657075,0.8948004836759371,1.0084643288996373,0.8910295003010236
5,8,irregular,1,16,243,227,2,14,241,0.125,0.00823045267489712,0.06584362139917696,0.015444015444015446
5,8,regular,2,1023,1035,12,1011,12,24,0.9882697947214076,0.9768115942028985,0.9884057971014493,0.9825072886297376
5,8,semiregular,2,821,827,6,751,70,76,0.9147381242387332,0.9081015719467956,0.992744860943168,0.9114077669902912
5,8,irregular,2,216,243,27,169,47,74,0.7824074074074074,0.6954732510288066,0.8888888888888888,0.7363834422657952
5,8,regular,3,1032,1035,3,1027,5,8,0.9951550387596899,0.9922705314009662,0.9971014492753624,0.9937106918238995
5,8,semiregular,3,841,827,14,760,81,67,0.9036860879904876,0.9189842805320435,1.0169286577992744,0.9112709832134293
5,8,irregular,3,16,243,227,0,16,243,-1,-1,0.06584362139917696,-1
5,9,regular,1,1123,1107,16,1101,22,6,0.9804096170970614,0.994579945799458,1.014453477868112,0.9874439461883407
5,9,semiregular,1,657,701,44,602,55,99,0.9162861491628614,0.8587731811697575,0.9372325249643366,0.8865979381443299
5,9,irregular,1,12,266,254,3,9,263,0.25,0.011278195488721804,0.045112781954887216,0.02158273381294964
5,9,regular,2,1099,1107,8,1084,15,23,0.986351228389445,0.979223125564589,0.992773261065944,0.9827742520398913
5,9,semiregular,2,640,701,61,595,45,106,0.9296875,0.8487874465049928,0.912981455064194,0.8873974645786726
5,9,irregular,2,202,266,64,166,36,100,0.8217821782178217,0.6240601503759399,0.7593984962406015,0.7094017094017094
5,9,regular,3,1087,1107,20,1081,6,26,0.9944802207911684,0.976513098464318,0.98193315266486,0.9854147675478577
5,9,semiregular,3,710,701,9,661,49,40,0.9309859154929577,0.9429386590584878,1.0128388017118402,0.9369241672572642
5,9,irregular,3,13,266,253,1,12,265,0.07692307692307693,0.0037593984962406013,0.04887218045112782,0.007168458781362006
5,10,regular,1,1068,1014,54,1013,55,1,0.9485018726591761,0.9990138067061144,1.0532544378698225,0.9731027857829012
5,10,semiregular,1,683,656,27,616,67,40,0.9019033674963397,0.9390243902439024,1.041158536585366,0.9200896191187453
5,10,irregular,1,11,247,236,1,10,246,0.09090909090909091,0.004048582995951417,0.044534412955465584,0.007751937984496124
5,10,regular,2,1042,1014,28,1012,30,2,0.9712092130518234,0.9980276134122288,1.0276134122287968,0.9844357976653696
5,10,semiregular,2,672,656,16,610,62,46,0.9077380952380952,0.9298780487804879,1.024390243902439,0.9186746987951808
5,10,irregular,2,211,247,36,181,30,66,0.8578199052132701,0.7327935222672065,0.854251012145749,0.7903930131004367
5,10,regular,3,1038,1014,24,1011,27,3,0.9739884393063584,0.9970414201183432,1.0236686390532543,0.9853801169590642
5,10,semiregular,3,655,656,1,596,59,60,0.9099236641221374,0.9085365853658537,0.9984756097560976,0.9092295957284516
5,10,irregular,3,11,247,236,4,7,243,0.36363636363636365,0.016194331983805668,0.044534412955465584,0.031007751937984496
5,11,regular,1,1080,1070,10,1070,10,0,0.9907407407407407,1.0,1.0093457943925233,0.9953488372093023
5,11,semiregular,1,759,700,59,646,113,54,0.8511198945981555,0.9228571428571428,1.0842857142857143,0.8855380397532557
5,11,irregular,1,10,239,229,0,10,239,-1,-1,0.04184100418410042,-1
5,11,regular,2,1068,1070,2,1056,12,14,0.9887640449438202,0.9869158878504672,0.9981308411214953,0.9878391019644527
5,11,semiregular,2,697,700,3,619,78,81,0.8880918220946915,0.8842857142857142,0.9957142857142857,0.886184681460272
5,11,irregular,2,204,239,35,165,39,74,0.8088235294117647,0.6903765690376569,0.8535564853556485,0.7449209932279909
5,11,regular,3,1069,1070,1,1064,5,6,0.9953227315247896,0.994392523364486,0.9990654205607477,0.9948574100046751
5,11,semiregular,3,719,700,19,636,83,64,0.8845618915159944,0.9085714285714286,1.0271428571428571,0.8964059196617337
5,11,irregular,3,11,239,228,0,11,239,-1,-1,0.04602510460251046,-1
5,12,regular,1,1043,1007,36,1007,36,0,0.965484180249281,1.0,1.0357497517378351,0.982439024390244
5,12,semiregular,1,703,641,62,589,114,52,0.8378378378378378,0.9188767550702028,1.0967238689547583,0.8764880952380953
5,12,irregular,1,11,204,193,2,9,202,0.18181818181818182,0.00980392156862745,0.05392156862745098,0.018604651162790697
5,12,regular,2,1030,1007,23,1006,24,1,0.9766990291262136,0.9990069513406157,1.0228401191658392,0.9877270495827196
5,12,semiregular,2,661,641,20,559,102,82,0.8456883509833586,0.8720748829953198,1.031201248049922,0.8586789554531491
5,12,irregular,2,210,204,6,160,50,44,0.7619047619047619,0.7843137254901961,1.0294117647058822,0.7729468599033817
5,12,regular,3,1021,1007,14,1007,14,0,0.9862879529872673,1.0,1.0139026812313803,0.9930966469428009
5,12,semiregular,3,663,641,22,578,85,63,0.8717948717948718,0.9017160686427457,1.034321372854914,0.8865030674846626
5,12,irregular,3,11,204,193,2,9,202,0.18181818181818182,0.00980392156862745,0.05392156862745098,0.018604651162790697
5,13,regular,1,1021,1000,21,999,22,1,0.9784524975514202,0.999,1.021,0.9886194952993568
5,13,semiregular,1,881,815,66,779,102,36,0.8842224744608399,0.9558282208588957,1.0809815950920245,0.918632075471698
5,13,irregular,1,15,216,201,2,13,214,0.13333333333333333,0.009259259259259259,0.06944444444444445,0.017316017316017313
5,13,regular,2,1001,1000,1,990,11,10,0.989010989010989,0.99,1.001,0.989505247376312
5,13,semiregular,2,827,815,12,761,66,54,0.9201934703748489,0.9337423312883436,1.014723926380368,0.9269183922046285
5,13,irregular,2,232,216,16,182,50,34,0.7844827586206896,0.8425925925925926,1.0740740740740742,0.8125
5,13,regular,3,1002,1000,2,998,4,2,0.9960079840319361,0.998,1.002,0.997002997002997
5,13,semiregular,3,834,815,19,767,67,48,0.919664268585132,0.9411042944785276,1.023312883435583,0.9302607640994544
5,13,irregular,3,16,216,200,1,15,215,0.0625,0.004629629629629629,0.07407407407407407,0.008620689655172414
5,14,regular,1,1062,1052,10,1045,17,7,0.9839924670433146,0.9933460076045627,1.0095057034220531,0.988647114474929
5,14,semiregular,1,895,913,18,818,77,95,0.9139664804469274,0.895947426067908,0.9802847754654983,0.904867256637168
5,14,irregular,1,10,217,207,0,10,217,-1,-1,0.04608294930875576,-1
5,14,regular,2,1049,1052,3,1032,17,20,0.9837940896091516,0.9809885931558935,0.997148288973384,0.9823893384102809
5,14,semiregular,2,907,913,6,843,64,70,0.9294377067254685,0.9233296823658269,0.9934282584884995,0.9263736263736263
5,14,irregular,2,198,217,19,161,37,56,0.8131313131313131,0.7419354838709677,0.9124423963133641,0.7759036144578314
5,14,regular,3,1046,1052,6,1043,3,9,0.997131931166348,0.9914448669201521,0.9942965779467681,0.994280266920877
5,14,semiregular,3,924,913,11,850,74,63,0.9199134199134199,0.9309967141292442,1.0120481927710843,0.9254218835057159
5,14,irregular,3,11,217,206,0,11,217,-1,-1,0.05069124423963134,-1
5,15,regular,1,986,964,22,964,22,0,0.9776876267748479,1.0,1.0228215767634854,0.9887179487179487
5,15,semiregular,1,831,774,57,734,97,40,0.8832731648616126,0.9483204134366925,1.073643410852713,0.9146417445482866
5,15,irregular,1,11,218,207,1,10,217,0.09090909090909091,0.0045871559633027525,0.05045871559633028,0.008733624454148473
5,15,regular,2,958,964,6,946,12,18,0.9874739039665971,0.9813278008298755,0.9937759336099585,0.9843912591050988
5,15,semiregular,2,757,774,17,695,62,79,0.9180977542932629,0.8979328165374677,0.9780361757105943,0.9079033311561071
5,15,irregular,2,226,218,8,182,44,36,0.8053097345132744,0.8348623853211009,1.036697247706422,0.8198198198198198
5,15,regular,3,960,964,4,956,4,8,0.9958333333333333,0.991701244813278,0.995850622406639,0.9937629937629938
5,15,semiregular,3,762,774,12,701,61,73,0.9199475065616798,0.9056847545219638,0.9844961240310077,0.9127604166666666
5,15,irregular,3,11,218,207,5,6,213,0.45454545454545453,0.022935779816513763,0.05045871559633028,0.04366812227074236
5,16,regular,1,1139,1109,30,1107,32,2,0.9719051799824407,0.9981965734896303,1.0270513976555455,0.9848754448398577
5,16,semiregular,1,705,681,24,605,100,76,0.8581560283687943,0.8883994126284875,1.0352422907488987,0.8730158730158731
5,16,irregular,1,10,272,262,0,10,272,-1,-1,0.03676470588235294,-1
5,16,regular,2,1119,1109,10,1101,18,8,0.9839142091152815,0.9927862939585211,1.0090171325518484,0.9883303411131059
5,16,semiregular,2,681,681,0,593,88,88,0.8707782672540382,0.8707782672540382,1.0,0.8707782672540382
5,16,irregular,2,185,272,87,155,30,117,0.8378378378378378,0.5698529411764706,0.6801470588235294,0.6783369803063458
5,16,regular,3,1110,1109,1,1105,5,4,0.9954954954954955,0.9963931469792606,1.000901713255185,0.9959441189725102
5,16,semiregular,3,678,681,3,595,83,86,0.8775811209439528,0.8737151248164464,0.9955947136563876,0.8756438557763062
5,16,irregular,3,11,272,261,0,11,272,-1,-1,0.04044117647058824,-1
5,17,regular,1,1051,1029,22,1028,23,1,0.978116079923882,0.9990281827016521,1.021379980563654,0.9884615384615384
5,17,semiregular,1,855,837,18,758,97,79,0.8865497076023392,0.9056152927120669,1.021505376344086,0.8959810874704491
5,17,irregular,1,13,240,227,3,10,237,0.23076923076923078,0.0125,0.05416666666666667,0.023715415019762844
5,17,regular,2,1029,1029,0,1018,11,11,0.989310009718173,0.989310009718173,1.0,0.989310009718173
5,17,semiregular,2,846,837,9,762,84,75,0.900709219858156,0.910394265232975,1.010752688172043,0.9055258467023173
5,17,irregular,2,215,240,25,171,44,69,0.7953488372093023,0.7125,0.8958333333333334,0.7516483516483516
5,17,regular,3,1032,1029,3,1027,5,2,0.9951550387596899,0.9980563654033042,1.0029154518950438,0.9966035904900533
5,17,semiregular,3,854,837,17,768,86,69,0.8992974238875878,0.9175627240143369,1.020310633213859,0.9083382613837966
5,17,irregular,3,13,240,227,1,12,239,0.07692307692307693,0.004166666666666667,0.05416666666666667,0.007905138339920948
5,18,regular,1,1084,1044,40,1043,41,1,0.9621771217712177,0.9990421455938697,1.0383141762452108,0.9802631578947368
5,18,semiregular,1,806,801,5,735,71,66,0.9119106699751861,0.9176029962546817,1.0062421972534332,0.9147479775980087
5,18,irregular,1,10,252,242,1,9,251,0.1,0.003968253968253968,0.03968253968253968,0.007633587786259542
5,18,regular,2,1059,1044,15,1042,17,2,0.983947119924457,0.9980842911877394,1.014367816091954,0.9909652876842606
5,18,semiregular,2,798,801,3,731,67,70,0.9160401002506265,0.9126092384519351,0.9962546816479401,0.9143214509068168
5,18,irregular,2,236,252,16,193,43,59,0.8177966101694916,0.7658730158730159,0.9365079365079365,0.790983606557377
5,18,regular,3,1060,1044,16,1043,17,1,0.9839622641509433,0.9990421455938697,1.0153256704980842,0.9914448669201521
5,18,semiregular,3,809,801,8,752,57,49,0.9295426452410384,0.9388264669163545,1.0099875156054932,0.9341614906832297
5,18,irregular,3,10,252,242,2,8,250,0.2,0.007936507936507936,0.03968253968253968,0.015267175572519083
5,19,regular,1,1099,1076,23,1074,25,2,0.9772520473157416,0.9981412639405205,1.021375464684015,0.9875862068965517
5,19,semiregular,1,774,753,21,699,75,54,0.9031007751937985,0.9282868525896414,1.0278884462151394,0.9155206286836935
5,19,irregular,1,9,245,236,3,6,242,0.3333333333333333,0.012244897959183673,0.036734693877551024,0.023622047244094488
5,19,regular,2,1073,1076,3,1065,8,11,0.9925442684063374,0.9897769516728625,0.9972118959107806,0.9911586784550953
5,19,semiregular,2,735,753,18,681,54,72,0.926530612244898,0.9043824701195219,0.9760956175298805,0.9153225806451613
5,19,irregular,2,227,245,18,177,50,68,0.7797356828193832,0.7224489795918367,0.926530612244898,0.75
5,19,regular,3,1086,1076,10,1073,13,3,0.9880294659300184,0.9972118959107806,1.0092936802973977,0.9925994449583719
5,19,semiregular,3,726,753,27,671,55,82,0.9242424242424242,0.8911022576361222,0.9641434262948207,0.90736984448952
5,19,irregular,3,9,245,236,2,7,243,0.2222222222222222,0.00816326530612245,0.036734693877551024,0.015748031496062995
5,20,regular,1,1223,1251,28,1210,13,41,0.9893704006541292,0.9672262190247801,0.9776179056754596,0.9781729991915926
5,20,semiregular,1,889,841,48,766,123,75,0.8616422947131609,0.9108204518430439,1.0570749108204518,0.8855491329479769
5,20,irregular,1,10,252,242,3,7,249,0.3,0.011904761904761904,0.03968253968253968,0.022900763358778622
5,20,regular,2,1268,1251,17,1248,20,3,0.9842271293375394,0.9976019184652278,1.0135891286970424,0.9908693926161175
5,20,semiregular,2,848,841,7,750,98,91,0.8844339622641509,0.89179548156956,1.0083234244946493,0.8880994671403197
5,20,irregular,2,233,252,19,179,54,73,0.7682403433476395,0.7103174603174603,0.9246031746031746,0.7381443298969073
5,20,regular,3,1224,1251,27,1218,6,33,0.9950980392156863,0.973621103117506,0.9784172661870504,0.9842424242424243
5,20,semiregular,3,828,841,13,732,96,109,0.8840579710144928,0.8703923900118906,0.9845422116527943,0.8771719592570403
5,20,irregular,3,10,252,242,3,7,249,0.3,0.011904761904761904,0.03968253968253968,0.022900763358778622
5,21,regular,1,956,920,36,920,36,0,0.9623430962343096,1.0,1.0391304347826087,0.9808102345415778
5,21,semiregular,1,622,549,73,491,131,58,0.7893890675241158,0.8943533697632058,1.132969034608379,0.838599487617421
5,21,irregular,1,10,204,194,0,10,204,-1,-1,0.049019607843137254,-1
5,21,regular,2,935,920,15,916,19,4,0.9796791443850268,0.9956521739130435,1.016304347826087,0.987601078167116
5,21,semiregular,2,578,549,29,475,103,74,0.8217993079584776,0.8652094717668488,1.052823315118397,0.8429458740017747
5,21,irregular,2,219,204,15,171,48,33,0.7808219178082192,0.8382352941176471,1.0735294117647058,0.8085106382978724
5,21,regular,3,929,920,9,919,10,1,0.9892357373519914,0.9989130434782608,1.0097826086956523,0.9940508382909681
5,21,semiregular,3,603,549,54,497,106,52,0.824212271973466,0.9052823315118397,1.098360655737705,0.8628472222222223
5,21,irregular,3,10,204,194,0,10,204,-1,-1,0.049019607843137254,-1
5,22,regular,1,989,946,43,946,43,0,0.9565217391304348,1.0,1.0454545454545454,0.9777777777777777
5,22,semiregular,1,754,703,51,651,103,52,0.863395225464191,0.9260312944523471,1.0725462304409672,0.8936170212765959
5,22,irregular,1,10,247,237,0,10,247,-1,-1,0.04048582995951417,-1
5,22,regular,2,975,946,29,938,37,8,0.9620512820512821,0.9915433403805497,1.0306553911205074,0.9765747006767309
5,22,semiregular,2,711,703,8,635,76,68,0.8931082981715893,0.903271692745377,1.0113798008534851,0.8981612446958982
5,22,irregular,2,199,247,48,158,41,89,0.7939698492462312,0.6396761133603239,0.805668016194332,0.7085201793721972
5,22,regular,3,957,946,11,943,14,3,0.9853709508881923,0.9968287526427061,1.0116279069767442,0.9910667367314766
5,22,semiregular,3,716,703,13,630,86,73,0.8798882681564246,0.8961593172119487,1.0184921763869133,0.8879492600422833
5,22,irregular,3,11,247,236,0,11,247,-1,-1,0.044534412955465584,-1
5,23,regular,1,1052,999,53,997,55,2,0.9477186311787072,0.997997997997998,1.053053053053053,0.9722086786933204
5,23,semiregular,1,877,835,42,750,127,85,0.855188141391106,0.8982035928143712,1.0502994011976048,0.8761682242990654
5,23,irregular,1,18,266,248,3,15,263,0.16666666666666666,0.011278195488721804,0.06766917293233082,0.02112676056338028
5,23,regular,2,1001,999,2,974,27,25,0.973026973026973,0.974974974974975,1.002002002002002,0.974
5,23,semiregular,2,832,835,3,739,93,96,0.8882211538461539,0.8850299401197604,0.9964071856287425,0.886622675464907
5,23,irregular,2,207,266,59,161,46,105,0.7777777777777778,0.6052631578947368,0.7781954887218046,0.6807610993657506
5,23,regular,3,1000,999,1,988,12,11,0.988,0.988988988988989,1.001001001001001,0.9884942471235618
5,23,semiregular,3,858,835,23,757,101,78,0.8822843822843823,0.9065868263473054,1.0275449101796408,0.8942705256940343
5,23,irregular,3,19,266,247,2,17,264,0.10526315789473684,0.007518796992481203,0.07142857142857142,0.014035087719298244
5,24,regular,1,1098,1079,19,1073,25,6,0.9772313296903461,0.9944392956441149,1.0176088971269694,0.9857602204869085
5,24,semiregular,1,686,680,6,623,63,57,0.9081632653061225,0.9161764705882353,1.0088235294117647,0.9121522693997072
5,24,irregular,1,13,247,234,3,10,244,0.23076923076923078,0.012145748987854251,0.05263157894736842,0.023076923076923078
5,24,regular,2,1086,1079,7,1060,26,19,0.9760589318600368,0.9823911028730306,1.0064874884151993,0.9792147806004619
5,24,semiregular,2,659,680,21,611,48,69,0.9271623672230652,0.8985294117647059,0.9691176470588235,0.912621359223301
5,24,irregular,2,195,247,52,161,34,86,0.8256410256410256,0.6518218623481782,0.7894736842105263,0.7285067873303167
5,24,regular,3,1073,1079,6,1066,7,13,0.9934762348555451,0.9879518072289156,0.9944392956441149,0.9907063197026021
5,24,semiregular,3,699,680,19,642,57,38,0.9184549356223176,0.9441176470588235,1.0279411764705881,0.9311094996374184
5,24,irregular,3,14,247,233,2,12,245,0.14285714285714285,0.008097165991902834,0.05668016194331984,0.015325670498084292
5,25,regular,1,961,946,15,945,16,1,0.9833506763787722,0.9989429175475687,1.0158562367864694,0.9910854745673834
5,25,semiregular,1,733,718,15,650,83,68,0.8867667121418826,0.9052924791086351,1.0208913649025069,0.895933838731909
5,25,irregular,1,17,207,190,3,14,204,0.17647058823529413,0.014492753623188406,0.0821256038647343,0.026785714285714284
5,25,regular,2,939,946,7,926,13,20,0.9861554845580405,0.9788583509513742,0.992600422832981,0.9824933687002653
5,25,semiregular,2,719,718,1,639,80,79,0.8887343532684284,0.8899721448467967,1.001392757660167,0.8893528183716074
5,25,irregular,2,155,207,52,118,37,89,0.7612903225806451,0.5700483091787439,0.748792270531401,0.6519337016574586
5,25,regular,3,818,946,128,815,3,131,0.9963325183374083,0.861522198731501,0.864693446088795,0.9240362811791383
5,25,semiregular,3,653,718,65,586,67,132,0.8973966309341501,0.8161559888579387,0.9094707520891365,0.8548504741064917
5,25,irregular,3,18,207,189,2,16,205,0.1111111111111111,0.00966183574879227,0.08695652173913043,0.017777777777777778
5,26,regular,1,1120,985,135,985,135,0,0.8794642857142857,1.0,1.1370558375634519,0.9358669833729216
5,26,semiregular,1,786,720,66,679,107,41,0.8638676844783715,0.9430555555555555,1.0916666666666666,0.9017264276228419
5,26,irregular,1,12,214,202,1,11,213,0.08333333333333333,0.004672897196261682,0.056074766355140186,0.008849557522123892
5,26,regular,2,979,985,6,893,86,92,0.9121552604698672,0.9065989847715736,0.9939086294416244,0.9093686354378819
5,26,semiregular,2,781,720,61,680,101,40,0.8706786171574904,0.9444444444444444,1.0847222222222221,0.9060626249167222
5,26,irregular,2,179,214,35,137,42,77,0.7653631284916201,0.6401869158878505,0.8364485981308412,0.6972010178117048
5,26,regular,3,1137,985,152,984,153,1,0.8654353562005277,0.9989847715736041,1.1543147208121827,0.9274269557021678
5,26,semiregular,3,782,720,62,675,107,45,0.8631713554987213,0.9375,1.086111111111111,0.8988015978695073
5,26,irregular,3,12,214,202,2,10,212,0.16666666666666666,0.009345794392523364,0.056074766355140186,0.017699115044247784
5,27,regular,1,1172,1166,6,1151,21,15,0.9820819112627986,0.9871355060034306,1.0051457975986278,0.9846022241231823
5,27,semiregular,1,611,728,117,535,76,193,0.8756137479541735,0.7348901098901099,0.8392857142857143,0.7991038088125467
5,27,irregular,1,16,270,254,6,10,264,0.375,0.022222222222222223,0.05925925925925926,0.04195804195804196
5,27,regular,2,1166,1166,0,1144,22,22,0.9811320754716981,0.9811320754716981,1.0,0.9811320754716981
5,27,semiregular,2,733,728,5,661,72,67,0.9017735334242838,0.907967032967033,1.0068681318681318,0.9048596851471596
5,27,irregular,2,249,270,21,204,45,66,0.8192771084337349,0.7555555555555555,0.9222222222222223,0.7861271676300577
5,27,regular,3,1167,1166,1,1165,2,1,0.998286203941731,0.9991423670668954,1.0008576329331047,0.9987141020145736
5,27,semiregular,3,710,728,18,642,68,86,0.9042253521126761,0.8818681318681318,0.9752747252747253,0.8929068150208622
5,27,irregular,3,17,270,253,2,15,268,0.11764705882352941,0.007407407407407408,0.06296296296296296,0.013937282229965155
5,28,regular,1,1092,1098,6,1066,26,32,0.9761904761904762,0.970856102003643,0.994535519125683,0.9735159817351599
5,28,semiregular,1,932,859,73,811,121,48,0.8701716738197425,0.9441210710128056,1.0849825378346916,0.905639307649358
5,28,irregular,1,19,293,274,2,17,291,0.10526315789473684,0.006825938566552901,0.06484641638225255,0.012820512820512822
5,28,regular,2,1122,1098,24,1092,30,6,0.9732620320855615,0.994535519125683,1.0218579234972678,0.9837837837837837
5,28,semiregular,2,847,859,12,779,68,80,0.9197166469893743,0.9068684516880093,0.9860302677532014,0.9132473622508792
5,28,irregular,2,205,293,88,161,44,132,0.7853658536585366,0.5494880546075085,0.6996587030716723,0.646586345381526
5,28,regular,3,1085,1098,13,1079,6,19,0.9944700460829493,0.982695810564663,0.98816029143898,0.9885478699038022
5,28,semiregular,3,852,859,7,783,69,76,0.9190140845070423,0.9115250291036089,0.9918509895227008,0.9152542372881357
5,28,irregular,3,20,293,273,2,18,291,0.1,0.006825938566552901,0.06825938566552901,0.012779552715654952
5,29,regular,1,1156,1140,16,1137,19,3,0.9835640138408305,0.9973684210526316,1.0140350877192983,0.990418118466899
5,29,semiregular,1,952,869,83,810,142,59,0.8508403361344538,0.9321058688147296,1.095512082853855,0.8896210873146623
5,29,irregular,1,12,247,235,1,11,246,0.08333333333333333,0.004048582995951417,0.048582995951417005,0.007722007722007722
5,29,regular,2,1131,1140,9,1116,15,24,0.986737400530504,0.9789473684210527,0.9921052631578947,0.9828269484808454
5,29,semiregular,2,944,869,75,813,131,56,0.861228813559322,0.9355581127733027,1.0863060989643267,0.8968560397131826
5,29,irregular,2,217,247,30,168,49,79,0.7741935483870968,0.680161943319838,0.8785425101214575,0.7241379310344828
5,29,regular,3,1099,1140,41,1094,5,46,0.9954504094631483,0.9596491228070175,0.9640350877192982,0.9772219740955783
5,29,semiregular,3,916,869,47,794,122,75,0.8668122270742358,0.9136939010356732,1.0540851553509782,0.8896358543417368
5,29,irregular,3,13,247,234,4,9,243,0.3076923076923077,0.016194331983805668,0.05263157894736842,0.03076923076923077
5,30,regular,1,994,997,3,980,14,17,0.9859154929577465,0.9829488465396189,0.9969909729187563,0.9844299347061778
5,30,semiregular,1,831,810,21,737,94,73,0.8868832731648616,0.9098765432098765,1.025925925925926,0.8982327848872638
5,30,irregular,1,21,250,229,2,19,248,0.09523809523809523,0.008,0.084,0.014760147601476014
5,30,regular,2,989,997,8,976,13,21,0.9868554095045501,0.9789368104312939,0.9919759277833501,0.9828801611278953
5,30,semiregular,2,808,810,2,739,69,71,0.9146039603960396,0.9123456790123456,0.9975308641975309,0.9134734239802225
5,30,irregular,2,199,250,51,167,32,83,0.8391959798994975,0.668,0.796,0.7438752783964366
5,30,regular,3,988,997,9,984,4,13,0.9959514170040485,0.9869608826479438,0.9909729187562688,0.9914357682619647
5,30,semiregular,3,833,810,23,755,78,55,0.9063625450180072,0.9320987654320988,1.028395061728395,0.9190505173463177
5,30,irregular,3,21,250,229,4,17,246,0.19047619047619047,0.016,0.084,0.02952029520295203
