Test fold number,Subject,Gait,Sensor,Predicted,Actual,Difference,TP,FP,FN,PPV,Sensitivity,RCA,SDA
1,1,regular,1,932,937,5,920,12,17,0.9871244635193133,0.9818569903948773,0.9946638207043756,0.9844836811128945
1,1,semiregular,1,682,703,21,598,84,105,0.8768328445747801,0.8506401137980085,0.9701280227596017,0.8635379061371841
1,1,irregular,1,224,199,25,158,66,41,0.7053571428571429,0.7939698492462312,1.1256281407035176,0.7470449172576832
1,1,regular,2,964,937,27,906,58,31,0.9398340248962656,0.9669156883671292,1.0288153681963714,0.9531825355076275
1,1,semiregular,2,797,703,94,658,139,45,0.8255959849435383,0.9359886201991465,1.1337126600284495,0.8773333333333333
1,1,irregular,2,216,199,17,179,37,20,0.8287037037037037,0.8994974874371859,1.085427135678392,0.8626506024096385
1,1,regular,3,949,937,12,936,13,1,0.9863013698630136,0.9989327641408752,1.0128068303094984,0.992576882290562
1,1,semiregular,3,742,703,39,658,84,45,0.8867924528301887,0.9359886201991465,1.0554765291607398,0.9107266435986159
1,1,irregular,3,136,199,63,34,102,165,0.25,0.1708542713567839,0.6834170854271356,0.20298507462686569
1,2,regular,1,1126,1224,98,1114,12,110,0.9893428063943162,0.9101307189542484,0.9199346405228758,0.9480851063829786
1,2,semiregular,1,534,647,113,510,24,137,0.9550561797752809,0.7882534775888718,0.8253477588871716,0.8636748518204912
1,2,irregular,1,231,217,14,142,89,75,0.6147186147186147,0.6543778801843319,1.064516129032258,0.6339285714285714
1,2,regular,2,1197,1224,27,1181,16,43,0.9866332497911445,0.9648692810457516,0.9779411764705882,0.9756299049979348
1,2,semiregular,2,573,647,74,551,22,96,0.9616055846422339,0.8516228748068007,0.8856259659969088,0.9032786885245903
1,2,irregular,2,236,217,19,196,40,21,0.8305084745762712,0.9032258064516129,1.087557603686636,0.8653421633554084
1,2,regular,3,1209,1224,15,1205,4,19,0.9966914805624483,0.9844771241830066,0.9877450980392157,0.9905466502260584
1,2,semiregular,3,655,647,8,615,40,32,0.9389312977099237,0.9505409582689336,1.0123647604327666,0.9447004608294931
1,2,irregular,3,180,217,37,32,148,185,0.17777777777777778,0.14746543778801843,0.8294930875576036,0.16120906801007556
1,3,regular,1,1036,1053,17,1032,4,21,0.9961389961389961,0.98005698005698,0.9838556505223172,0.9880325514600287
1,3,semiregular,1,656,716,60,610,46,106,0.9298780487804879,0.8519553072625698,0.9162011173184358,0.8892128279883382
1,3,irregular,1,244,224,20,169,75,55,0.6926229508196722,0.7544642857142857,1.0892857142857142,0.7222222222222222
1,3,regular,2,1010,1053,43,1005,5,48,0.995049504950495,0.9544159544159544,0.9591642924976258,0.9743092583616094
1,3,semiregular,2,730,716,14,670,60,46,0.9178082191780822,0.9357541899441341,1.0195530726256983,0.9266943291839558
1,3,irregular,2,222,224,2,192,30,32,0.8648648648648649,0.8571428571428571,0.9910714285714286,0.8609865470852017
1,3,regular,3,1034,1053,19,1033,1,20,0.9990328820116054,0.9810066476733144,0.9819563152896487,0.9899377096310493
1,3,semiregular,3,720,716,4,671,49,45,0.9319444444444445,0.9371508379888268,1.005586592178771,0.9345403899721448
1,3,irregular,3,174,224,50,35,139,189,0.20114942528735633,0.15625,0.7767857142857143,0.1758793969849246
1,4,regular,1,1136,1101,35,1099,37,2,0.9674295774647887,0.9981834695731153,1.0317892824704813,0.9825659365221279
1,4,semiregular,1,598,614,16,503,95,111,0.8411371237458194,0.8192182410423453,0.9739413680781759,0.8300330033003301
1,4,irregular,1,290,228,62,163,127,65,0.5620689655172414,0.7149122807017544,1.2719298245614035,0.6293436293436293
1,4,regular,2,1079,1101,22,1067,12,34,0.9888785912882299,0.9691189827429609,0.9800181653042689,0.9788990825688073
1,4,semiregular,2,565,614,49,519,46,95,0.9185840707964602,0.8452768729641694,0.9201954397394136,0.8804071246819339
1,4,irregular,2,247,228,19,207,40,21,0.8380566801619433,0.9078947368421053,1.0833333333333333,0.8715789473684211
1,4,regular,3,1115,1101,14,1099,16,2,0.9856502242152466,0.9981834695731153,1.0127157129881925,0.9918772563176894
1,4,semiregular,3,600,614,14,555,45,59,0.925,0.9039087947882736,0.9771986970684039,0.914332784184514
1,4,irregular,3,189,228,39,44,145,184,0.2328042328042328,0.19298245614035087,0.8289473684210527,0.21103117505995203
1,5,regular,1,1019,1044,25,1014,5,30,0.9950932286555446,0.9712643678160919,0.9760536398467433,0.9830344158991761
1,5,semiregular,1,713,668,45,631,82,37,0.884992987377279,0.9446107784431138,1.0673652694610778,0.9138305575669803
1,5,irregular,1,267,217,50,175,92,42,0.6554307116104869,0.8064516129032258,1.2304147465437787,0.7231404958677686
1,5,regular,2,1040,1044,4,1034,6,10,0.9942307692307693,0.9904214559386973,0.9961685823754789,0.9923224568138196
1,5,semiregular,2,713,668,45,632,81,36,0.8863955119214586,0.9461077844311377,1.0673652694610778,0.9152787834902245
1,5,irregular,2,228,217,11,195,33,22,0.8552631578947368,0.8986175115207373,1.0506912442396312,0.8764044943820224
1,5,regular,3,1042,1044,2,1038,4,6,0.9961612284069098,0.9942528735632183,0.9980842911877394,0.9952061361457334
1,5,semiregular,3,701,668,33,637,64,31,0.9087018544935807,0.9535928143712575,1.0494011976047903,0.9306062819576334
1,5,irregular,3,206,217,11,34,172,183,0.1650485436893204,0.15668202764976957,0.9493087557603687,0.16075650118203308
1,6,regular,1,956,915,41,915,41,0,0.9571129707112971,1.0,1.0448087431693989,0.9780865847140566
1,6,semiregular,1,676,701,25,629,47,72,0.9304733727810651,0.8972895863052782,0.9643366619115549,0.9135802469135803
1,6,irregular,1,252,195,57,122,130,73,0.48412698412698413,0.6256410256410256,1.2923076923076924,0.5458612975391499
1,6,regular,2,966,915,51,913,53,2,0.9451345755693582,0.9978142076502732,1.0557377049180328,0.9707602339181287
1,6,semiregular,2,692,701,9,652,40,49,0.9421965317919075,0.9300998573466477,0.9871611982881597,0.9361091170136396
1,6,irregular,2,214,195,19,127,87,68,0.5934579439252337,0.6512820512820513,1.0974358974358975,0.6210268948655256
1,6,regular,3,902,915,13,897,5,18,0.9944567627494457,0.980327868852459,0.985792349726776,0.9873417721518988
1,6,semiregular,3,707,701,6,665,42,36,0.9405940594059405,0.948644793152639,1.0085592011412268,0.9446022727272727
1,6,irregular,3,198,195,3,32,166,163,0.16161616161616163,0.1641025641025641,1.0153846153846153,0.1628498727735369
1,7,regular,1,1217,1230,13,1204,13,26,0.9893179950698439,0.9788617886178862,0.989430894308943,0.9840621168778095
1,7,semiregular,1,721,761,40,650,71,111,0.9015256588072122,0.8541392904073587,0.9474375821287779,0.8771929824561403
1,7,irregular,1,229,225,4,168,61,57,0.7336244541484717,0.7466666666666667,1.0177777777777777,0.7400881057268723
1,7,regular,2,1229,1230,1,1212,17,18,0.9861676159479251,0.9853658536585366,0.9991869918699187,0.9857665717771451
1,7,semiregular,2,715,761,46,658,57,103,0.9202797202797203,0.8646517739816032,0.9395532194480947,0.89159891598916
1,7,irregular,2,225,225,0,193,32,32,0.8577777777777778,0.8577777777777778,1.0,0.8577777777777779
1,7,regular,3,1227,1230,3,1224,3,6,0.9975550122249389,0.9951219512195122,0.9975609756097561,0.9963369963369964
1,7,semiregular,3,761,761,0,688,73,73,0.9040735873850198,0.9040735873850198,1.0,0.9040735873850198
1,7,irregular,3,248,225,23,40,208,185,0.16129032258064516,0.17777777777777778,1.1022222222222222,0.16913319238900634
1,8,regular,1,1023,1035,12,1015,8,20,0.9921798631476051,0.9806763285024155,0.9884057971014493,0.9863945578231293
1,8,semiregular,1,793,827,34,717,76,110,0.9041614123581336,0.8669891172914147,0.9588875453446191,0.8851851851851852
1,8,irregular,1,290,243,47,177,113,66,0.6103448275862069,0.7283950617283951,1.1934156378600822,0.6641651031894935
1,8,regular,2,1032,1035,3,1022,10,13,0.9903100775193798,0.9874396135265701,0.9971014492753624,0.9888727624576681
1,8,semiregular,2,833,827,6,774,59,53,0.929171668667467,0.9359129383313181,1.0072551390568318,0.9325301204819278
1,8,irregular,2,244,243,1,201,43,42,0.8237704918032787,0.8271604938271605,1.0041152263374487,0.8254620123203285
1,8,regular,3,1023,1035,12,1021,2,14,0.9980449657869013,0.9864734299516909,0.9884057971014493,0.9922254616132168
1,8,semiregular,3,842,827,15,788,54,39,0.9358669833729216,0.9528415961305925,1.0181378476420797,0.9442780107849011
1,8,irregular,3,291,243,48,39,252,204,0.13402061855670103,0.16049382716049382,1.1975308641975309,0.14606741573033705
1,9,regular,1,1090,1107,17,1086,4,21,0.9963302752293578,0.981029810298103,0.9846431797651309,0.9886208466090123
1,9,semiregular,1,604,701,97,576,28,125,0.9536423841059603,0.8216833095577746,0.8616262482168331,0.8827586206896552
1,9,irregular,1,274,266,8,193,81,73,0.7043795620437956,0.7255639097744361,1.0300751879699248,0.7148148148148147
1,9,regular,2,1088,1107,19,1081,7,26,0.9935661764705882,0.976513098464318,0.982836495031617,0.9849658314350798
1,9,semiregular,2,627,701,74,600,27,101,0.9569377990430622,0.8559201141226819,0.8944365192582026,0.9036144578313252
1,9,irregular,2,260,266,6,225,35,41,0.8653846153846154,0.8458646616541353,0.9774436090225563,0.855513307984791
1,9,regular,3,1074,1107,33,1072,2,35,0.9981378026070763,0.9683830171635049,0.9701897018970189,0.9830353049060063
1,9,semiregular,3,699,701,2,668,31,33,0.9556509298998569,0.9529243937232525,0.9971469329529244,0.9542857142857142
1,9,irregular,3,230,266,36,41,189,225,0.1782608695652174,0.15413533834586465,0.8646616541353384,0.16532258064516128
1,10,regular,1,1011,1014,3,1000,11,14,0.9891196834817013,0.9861932938856016,0.9970414201183432,0.9876543209876544
1,10,semiregular,1,640,656,16,601,39,55,0.9390625,0.9161585365853658,0.975609756097561,0.9274691358024691
1,10,irregular,1,266,247,19,204,62,43,0.7669172932330827,0.8259109311740891,1.0769230769230769,0.7953216374269005
1,10,regular,2,1011,1014,3,994,17,20,0.9831849653808111,0.980276134122288,0.9970414201183432,0.9817283950617284
1,10,semiregular,2,655,656,1,603,52,53,0.9206106870229007,0.9192073170731707,0.9984756097560976,0.9199084668192219
1,10,irregular,2,255,247,8,220,35,27,0.8627450980392157,0.8906882591093117,1.0323886639676114,0.8764940239043825
1,10,regular,3,1009,1014,5,1003,6,11,0.9940535183349851,0.9891518737672583,0.995069033530572,0.9915966386554622
1,10,semiregular,3,657,656,1,623,34,33,0.9482496194824962,0.9496951219512195,1.0015243902439024,0.948971820258949
1,10,irregular,3,199,247,48,45,154,202,0.22613065326633167,0.18218623481781376,0.805668016194332,0.20179372197309414
1,11,regular,1,1061,1070,9,1059,2,11,0.998114985862394,0.9897196261682243,0.991588785046729,0.993899577663069
1,11,semiregular,1,715,700,15,640,75,60,0.8951048951048951,0.9142857142857143,1.0214285714285714,0.9045936395759717
1,11,irregular,1,255,239,16,182,73,57,0.7137254901960784,0.7615062761506276,1.0669456066945606,0.736842105263158
1,11,regular,2,1070,1070,0,1064,6,6,0.994392523364486,0.994392523364486,1.0,0.994392523364486
1,11,semiregular,2,708,700,8,655,53,45,0.9251412429378532,0.9357142857142857,1.0114285714285713,0.9303977272727273
1,11,irregular,2,225,239,14,194,31,45,0.8622222222222222,0.8117154811715481,0.9414225941422594,0.8362068965517241
1,11,regular,3,1068,1070,2,1065,3,5,0.9971910112359551,0.9953271028037384,0.9981308411214953,0.9962581852198317
1,11,semiregular,3,700,700,0,646,54,54,0.9228571428571428,0.9228571428571428,1.0,0.9228571428571428
1,11,irregular,3,197,239,42,39,158,200,0.19796954314720813,0.16317991631799164,0.8242677824267782,0.17889908256880735
1,12,regular,1,1012,1007,5,1006,6,1,0.9940711462450593,0.9990069513406157,1.0049652432969216,0.9965329370975731
1,12,semiregular,1,678,641,37,591,87,50,0.8716814159292036,0.921996879875195,1.0577223088923557,0.8961334344200151
1,12,irregular,1,281,204,77,195,86,9,0.693950177935943,0.9558823529411765,1.3774509803921569,0.8041237113402062
1,12,regular,2,1031,1007,24,1007,24,0,0.976721629485936,1.0,1.0238331678252235,0.9882237487733072
1,12,semiregular,2,649,641,8,576,73,65,0.8875192604006163,0.8985959438377535,1.0124804992199687,0.8930232558139535
1,12,irregular,2,260,204,56,193,67,11,0.7423076923076923,0.946078431372549,1.2745098039215685,0.831896551724138
1,12,regular,3,998,1007,9,998,0,9,1.0,0.9910625620655412,0.9910625620655412,0.9955112219451372
1,12,semiregular,3,646,641,5,589,57,52,0.9117647058823529,0.9188767550702028,1.0078003120124805,0.9153069153069153
1,12,irregular,3,205,204,1,37,168,167,0.18048780487804877,0.18137254901960784,1.0049019607843137,0.18092909535452323
1,13,regular,1,1002,1000,2,996,6,4,0.9940119760479041,0.996,1.002,0.995004995004995
1,13,semiregular,1,824,815,9,768,56,47,0.9320388349514563,0.9423312883435583,1.011042944785276,0.9371568029286151
1,13,irregular,1,321,216,105,191,130,25,0.5950155763239875,0.8842592592592593,1.4861111111111112,0.7113594040968342
1,13,regular,2,1008,1000,8,996,12,4,0.9880952380952381,0.996,1.008,0.9920318725099602
1,13,semiregular,2,834,815,19,785,49,30,0.9412470023980816,0.9631901840490797,1.023312883435583,0.9520921770770163
1,13,irregular,2,257,216,41,203,54,13,0.7898832684824902,0.9398148148148148,1.1898148148148149,0.8583509513742072
1,13,regular,3,995,1000,5,993,2,7,0.9979899497487437,0.993,0.995,0.9954887218045113
1,13,semiregular,3,813,815,2,779,34,36,0.958179581795818,0.9558282208588957,0.9975460122699387,0.9570024570024571
1,13,irregular,3,284,216,68,36,248,180,0.1267605633802817,0.16666666666666666,1.3148148148148149,0.144
1,14,regular,1,1040,1052,12,1038,2,14,0.9980769230769231,0.9866920152091255,0.9885931558935361,0.9923518164435946
1,14,semiregular,1,839,913,74,792,47,121,0.9439809296781884,0.8674698795180723,0.91894852135816,0.904109589041096
1,14,irregular,1,269,217,52,186,83,31,0.6914498141263941,0.8571428571428571,1.23963133640553,0.7654320987654321
1,14,regular,2,1032,1052,20,1027,5,25,0.9951550387596899,0.9762357414448669,0.9809885931558935,0.9856046065259116
1,14,semiregular,2,886,913,27,842,44,71,0.9503386004514672,0.9222343921139102,0.9704271631982475,0.9360755975541969
1,14,irregular,2,230,217,13,193,37,24,0.8391304347826087,0.8894009216589862,1.0599078341013826,0.8635346756152126
1,14,regular,3,1043,1052,9,1042,1,10,0.9990412272291467,0.9904942965779467,0.9914448669201521,0.9947494033412888
1,14,semiregular,3,888,913,25,843,45,70,0.9493243243243243,0.9233296823658269,0.9726177437020811,0.9361465852304274
1,14,irregular,3,197,217,20,34,163,183,0.17258883248730963,0.15668202764976957,0.9078341013824884,0.1642512077294686
1,15,regular,1,974,964,10,964,10,0,0.9897330595482546,1.0,1.0103734439834025,0.9948400412796699
1,15,semiregular,1,796,774,22,736,60,38,0.9246231155778895,0.9509043927648578,1.028423772609819,0.9375796178343948
1,15,irregular,1,235,218,17,188,47,30,0.8,0.8623853211009175,1.0779816513761469,0.8300220750551877
1,15,regular,2,941,964,23,936,5,28,0.9946865037194474,0.970954356846473,0.9761410788381742,0.9826771653543307
1,15,semiregular,2,764,774,10,723,41,51,0.9463350785340314,0.9341085271317829,0.9870801033591732,0.9401820546163848
1,15,irregular,2,219,218,1,198,21,20,0.9041095890410958,0.908256880733945,1.0045871559633028,0.9061784897025171
1,15,regular,3,953,964,11,952,1,12,0.9989506820566632,0.9875518672199171,0.9885892116182573,0.9932185706833594
1,15,semiregular,3,745,774,29,708,37,66,0.9503355704697987,0.9147286821705426,0.962532299741602,0.9321922317314022
1,15,irregular,3,206,218,12,38,168,180,0.18446601941747573,0.1743119266055046,0.944954128440367,0.17924528301886794
1,16,regular,1,1105,1109,4,1099,6,10,0.9945701357466064,0.9909828674481514,0.9963931469792606,0.992773261065944
1,16,semiregular,1,586,681,95,532,54,149,0.9078498293515358,0.7812041116005873,0.8604992657856094,0.8397790055248617
1,16,irregular,1,265,272,7,178,87,94,0.6716981132075471,0.6544117647058824,0.9742647058823529,0.6629422718808193
1,16,regular,2,1131,1109,22,1109,22,0,0.9805481874447391,1.0,1.0198376916140668,0.9901785714285715
1,16,semiregular,2,687,681,6,630,57,51,0.9170305676855895,0.9251101321585903,1.0088105726872247,0.9210526315789475
1,16,irregular,2,273,272,1,221,52,51,0.8095238095238095,0.8125,1.0036764705882353,0.8110091743119265
1,16,regular,3,1119,1109,10,1108,11,1,0.9901697944593387,0.9990982867448152,1.0090171325518484,0.9946140035906643
1,16,semiregular,3,664,681,17,614,50,67,0.9246987951807228,0.9016152716593245,0.9750367107195301,0.913011152416357
1,16,irregular,3,192,272,80,44,148,228,0.22916666666666666,0.16176470588235295,0.7058823529411765,0.1896551724137931
1,17,regular,1,1041,1029,12,1027,14,2,0.9865513928914506,0.9980563654033042,1.0116618075801749,0.9922705314009662
1,17,semiregular,1,765,837,72,712,53,125,0.930718954248366,0.8506571087216248,0.9139784946236559,0.8888888888888888
1,17,irregular,1,286,240,46,176,110,64,0.6153846153846154,0.7333333333333333,1.1916666666666667,0.6692015209125475
1,17,regular,2,1036,1029,7,1025,11,4,0.9893822393822393,0.9961127308066083,1.0068027210884354,0.9927360774818402
1,17,semiregular,2,853,837,16,791,62,46,0.9273153575615475,0.945041816009558,1.0191158900836321,0.936094674556213
1,17,irregular,2,279,240,39,205,74,35,0.7347670250896058,0.8541666666666666,1.1625,0.789980732177264
1,17,regular,3,1026,1029,3,1025,1,4,0.9990253411306043,0.9961127308066083,0.9970845481049563,0.9975669099756691
1,17,semiregular,3,840,837,3,794,46,43,0.9452380952380952,0.948626045400239,1.003584229390681,0.9469290399522958
1,17,irregular,3,236,240,4,42,194,198,0.17796610169491525,0.175,0.9833333333333333,0.1764705882352941
1,18,regular,1,1047,1044,3,1037,10,7,0.9904489016236867,0.9932950191570882,1.0028735632183907,0.9918699186991871
1,18,semiregular,1,745,801,56,708,37,93,0.9503355704697987,0.8838951310861424,0.9300873907615481,0.9159120310478654
1,18,irregular,1,281,252,29,195,86,57,0.693950177935943,0.7738095238095238,1.1150793650793651,0.7317073170731707
1,18,regular,2,1073,1044,29,1044,29,0,0.972972972972973,1.0,1.0277777777777777,0.9863013698630138
1,18,semiregular,2,811,801,10,766,45,35,0.9445129469790382,0.9563046192259675,1.0124843945068664,0.9503722084367245
1,18,irregular,2,284,252,32,227,57,25,0.7992957746478874,0.9007936507936508,1.126984126984127,0.8470149253731344
1,18,regular,3,1037,1044,7,1036,1,8,0.9990356798457087,0.9923371647509579,0.9932950191570882,0.995675156174916
1,18,semiregular,3,812,801,11,772,40,29,0.9507389162561576,0.9637952559300874,1.013732833957553,0.9572225666460012
1,18,irregular,3,185,252,67,41,144,211,0.22162162162162163,0.1626984126984127,0.7341269841269841,0.18764302059496565
1,19,regular,1,1061,1076,15,1056,5,20,0.9952874646559849,0.9814126394052045,0.9860594795539034,0.988301357042583
1,19,semiregular,1,709,753,44,663,46,90,0.9351198871650211,0.8804780876494024,0.9415670650730412,0.9069767441860465
1,19,irregular,1,328,245,83,207,121,38,0.6310975609756098,0.8448979591836735,1.3387755102040817,0.7225130890052356
1,19,regular,2,1071,1076,5,1066,5,10,0.9953314659197012,0.9907063197026023,0.9953531598513011,0.9930135072193759
1,19,semiregular,2,707,753,46,670,37,83,0.9476661951909476,0.8897742363877822,0.9389110225763613,0.9178082191780822
1,19,irregular,2,277,245,32,221,56,24,0.7978339350180506,0.9020408163265307,1.1306122448979592,0.8467432950191572
1,19,regular,3,1069,1076,7,1068,1,8,0.9990645463049579,0.9925650557620818,0.9934944237918215,0.9958041958041958
1,19,semiregular,3,736,753,17,690,46,63,0.9375,0.9163346613545816,0.9774236387782205,0.9267965077233042
1,19,irregular,3,166,245,79,42,124,203,0.25301204819277107,0.17142857142857143,0.6775510204081633,0.20437956204379562
1,20,regular,1,1195,1251,56,1192,3,59,0.9974895397489539,0.9528377298161471,0.9552358113509193,0.9746524938675388
1,20,semiregular,1,863,841,22,767,96,74,0.8887601390498262,0.9120095124851367,1.0261593341260404,0.9002347417840375
1,20,irregular,1,329,252,77,209,120,43,0.6352583586626139,0.8293650793650794,1.3055555555555556,0.7194492254733219
1,20,regular,2,1240,1251,11,1228,12,23,0.9903225806451613,0.9816147082334132,0.991207034372502,0.9859494179044561
1,20,semiregular,2,865,841,24,784,81,57,0.9063583815028902,0.9322235434007135,1.028537455410226,0.9191090269636578
1,20,irregular,2,254,252,2,217,37,35,0.8543307086614174,0.8611111111111112,1.007936507936508,0.857707509881423
1,20,regular,3,1186,1251,65,1184,2,67,0.9983136593591906,0.9464428457234213,0.9480415667466027,0.9716864997948298
1,20,semiregular,3,824,841,17,756,68,85,0.9174757281553398,0.8989298454221165,0.9797859690844233,0.9081081081081082
1,20,irregular,3,185,252,67,36,149,216,0.1945945945945946,0.14285714285714285,0.7341269841269841,0.16475972540045766
1,21,regular,1,913,920,7,909,4,11,0.9956188389923329,0.9880434782608696,0.9923913043478261,0.9918166939443535
1,21,semiregular,1,547,549,2,464,83,85,0.8482632541133455,0.8451730418943534,0.9963570127504554,0.8467153284671532
1,21,irregular,1,247,204,43,182,65,22,0.7368421052631579,0.8921568627450981,1.2107843137254901,0.8070953436807095
1,21,regular,2,941,920,21,920,21,0,0.9776833156216791,1.0,1.0228260869565218,0.9887157442235357
1,21,semiregular,2,569,549,20,494,75,55,0.8681898066783831,0.8998178506375227,1.0364298724954462,0.8837209302325582
1,21,irregular,2,224,204,20,187,37,17,0.8348214285714286,0.9166666666666666,1.0980392156862746,0.8738317757009345
1,21,regular,3,901,920,19,900,1,20,0.9988901220865705,0.9782608695652174,0.9793478260869565,0.9884678747940692
1,21,semiregular,3,590,549,41,515,75,34,0.8728813559322034,0.9380692167577414,1.0746812386156648,0.9043020193151887
1,21,irregular,3,186,204,18,36,150,168,0.1935483870967742,0.17647058823529413,0.9117647058823529,0.18461538461538463
1,22,regular,1,987,946,41,945,42,1,0.9574468085106383,0.9989429175475687,1.0433403805496828,0.9777547853078117
1,22,semiregular,1,711,703,8,637,74,66,0.8959212376933896,0.9061166429587483,1.0113798008534851,0.900990099009901
1,22,irregular,1,252,247,5,181,71,66,0.7182539682539683,0.7327935222672065,1.0202429149797572,0.7254509018036073
1,22,regular,2,960,946,14,937,23,9,0.9760416666666667,0.9904862579281184,1.014799154334038,0.9832109129066107
1,22,semiregular,2,675,703,28,630,45,73,0.9333333333333333,0.8961593172119487,0.9601706970128022,0.9143686502177067
1,22,irregular,2,247,247,0,212,35,35,0.8582995951417004,0.8582995951417004,1.0,0.8582995951417003
1,22,regular,3,945,946,1,939,6,7,0.9936507936507937,0.992600422832981,0.9989429175475687,0.9931253305129562
1,22,semiregular,3,703,703,0,654,49,49,0.930298719772404,0.930298719772404,1.0,0.930298719772404
1,22,irregular,3,198,247,49,46,152,201,0.23232323232323232,0.1862348178137652,0.8016194331983806,0.20674157303370785
1,23,regular,1,986,999,13,975,11,24,0.9888438133874239,0.975975975975976,0.986986986986987,0.982367758186398
1,23,semiregular,1,814,835,21,732,82,103,0.8992628992628993,0.8766467065868263,0.9748502994011976,0.8878107944208612
1,23,irregular,1,267,266,1,176,91,90,0.6591760299625468,0.6616541353383458,1.0037593984962405,0.6604127579737336
1,23,regular,2,1010,999,11,992,18,7,0.9821782178217822,0.992992992992993,1.011011011011011,0.9875559980089597
1,23,semiregular,2,818,835,17,762,56,73,0.9315403422982885,0.9125748502994012,0.9796407185628743,0.9219600725952813
1,23,irregular,2,266,266,0,217,49,49,0.8157894736842105,0.8157894736842105,1.0,0.8157894736842104
1,23,regular,3,991,999,8,984,7,15,0.992936427850656,0.984984984984985,0.991991991991992,0.9889447236180904
1,23,semiregular,3,858,835,23,796,62,39,0.9277389277389277,0.9532934131736527,1.0275449101796408,0.9403425871234495
1,23,irregular,3,333,266,67,47,286,219,0.14114114114114115,0.17669172932330826,1.2518796992481203,0.15692821368948248
1,24,regular,1,1090,1079,11,1077,13,2,0.9880733944954129,0.9981464318813716,1.010194624652456,0.9930843706777317
1,24,semiregular,1,640,680,40,587,53,93,0.9171875,0.8632352941176471,0.9411764705882353,0.8893939393939395
1,24,irregular,1,219,247,28,170,49,77,0.776255707762557,0.6882591093117408,0.8866396761133604,0.7296137339055794
1,24,regular,2,1082,1079,3,1068,14,11,0.9870609981515711,0.989805375347544,1.0027803521779426,0.9884312818139751
1,24,semiregular,2,658,680,22,627,31,53,0.952887537993921,0.9220588235294118,0.9676470588235294,0.9372197309417041
1,24,irregular,2,245,247,2,228,17,19,0.9306122448979591,0.9230769230769231,0.9919028340080972,0.926829268292683
1,24,regular,3,1064,1079,15,1061,3,18,0.9971804511278195,0.9833178869323448,0.9860982391102873,0.9902006532897808
1,24,semiregular,3,674,680,6,647,27,33,0.9599406528189911,0.9514705882352941,0.9911764705882353,0.9556868537666173
1,24,irregular,3,245,247,2,38,207,209,0.15510204081632653,0.15384615384615385,0.9919028340080972,0.1544715447154472
1,25,regular,1,953,946,7,944,9,2,0.9905561385099685,0.9978858350951374,1.007399577167019,0.9942074776198
1,25,semiregular,1,656,718,62,599,57,119,0.913109756097561,0.8342618384401114,0.9136490250696379,0.8719068413391557
1,25,irregular,1,263,207,56,174,89,33,0.6615969581749049,0.8405797101449275,1.2705314009661837,0.7404255319148936
1,25,regular,2,950,946,4,943,7,3,0.9926315789473684,0.9968287526427061,1.0042283298097252,0.9947257383966244
1,25,semiregular,2,712,718,6,664,48,54,0.9325842696629213,0.924791086350975,0.9916434540389972,0.9286713286713286
1,25,irregular,2,214,207,7,159,55,48,0.7429906542056075,0.7681159420289855,1.0338164251207729,0.7553444180522565
1,25,regular,3,933,946,13,933,0,13,1.0,0.9862579281183932,0.9862579281183932,0.99308142629058
1,25,semiregular,3,699,718,19,656,43,62,0.9384835479256081,0.9136490250696379,0.9735376044568245,0.9258997882851093
1,25,irregular,3,317,207,110,41,276,166,0.12933753943217666,0.19806763285024154,1.5314009661835748,0.15648854961832062
1,26,regular,1,1001,985,16,980,21,5,0.9790209790209791,0.9949238578680203,1.016243654822335,0.986908358509567
1,26,semiregular,1,745,720,25,669,76,51,0.897986577181208,0.9291666666666667,1.0347222222222223,0.9133105802047782
1,26,irregular,1,319,214,105,193,126,21,0.6050156739811913,0.9018691588785047,1.4906542056074767,0.7242026266416511
1,26,regular,2,956,985,29,945,11,40,0.9884937238493724,0.9593908629441624,0.9705583756345177,0.973724884080371
1,26,semiregular,2,710,720,10,651,59,69,0.9169014084507042,0.9041666666666667,0.9861111111111112,0.9104895104895105
1,26,irregular,2,259,214,45,172,87,42,0.6640926640926641,0.8037383177570093,1.2102803738317758,0.7272727272727273
1,26,regular,3,1014,985,29,983,31,2,0.9694280078895463,0.9979695431472081,1.0294416243654823,0.9834917458729364
1,26,semiregular,3,733,720,13,674,59,46,0.9195088676671214,0.9361111111111111,1.0180555555555555,0.9277357192016517
1,26,irregular,3,218,214,4,39,179,175,0.17889908256880735,0.1822429906542056,1.0186915887850467,0.18055555555555558
1,27,regular,1,1146,1166,20,1144,2,22,0.9982547993019197,0.9811320754716981,0.9828473413379074,0.9896193771626297
1,27,semiregular,1,623,728,105,578,45,150,0.92776886035313,0.7939560439560439,0.8557692307692307,0.8556624722427831
1,27,irregular,1,274,270,4,207,67,63,0.7554744525547445,0.7666666666666667,1.0148148148148148,0.7610294117647058
1,27,regular,2,1156,1166,10,1146,10,20,0.9913494809688581,0.9828473413379074,0.9914236706689536,0.9870801033591732
1,27,semiregular,2,713,728,15,661,52,67,0.9270687237026648,0.907967032967033,0.9793956043956044,0.9174184594031922
1,27,irregular,2,270,270,0,235,35,35,0.8703703703703703,0.8703703703703703,1.0,0.8703703703703703
1,27,regular,3,1161,1166,5,1159,2,7,0.9982773471145564,0.9939965694682675,0.9957118353344768,0.9961323592608509
1,27,semiregular,3,716,728,12,670,46,58,0.9357541899441341,0.9203296703296703,0.9835164835164835,0.92797783933518
1,27,irregular,3,299,270,29,45,254,225,0.1505016722408027,0.16666666666666666,1.1074074074074074,0.15817223198594027
1,28,regular,1,1091,1098,7,1083,8,15,0.9926672777268561,0.9863387978142076,0.9936247723132969,0.9894929191411604
1,28,semiregular,1,848,859,11,786,62,73,0.9268867924528302,0.9150174621653085,0.9871944121071012,0.9209138840070299
1,28,irregular,1,344,293,51,202,142,91,0.5872093023255814,0.689419795221843,1.174061433447099,0.6342229199372057
1,28,regular,2,1117,1098,19,1096,21,2,0.981199641897941,0.9981785063752276,1.017304189435337,0.9896162528216704
1,28,semiregular,2,816,859,43,766,50,93,0.9387254901960784,0.8917345750873108,0.9499417927823051,0.9146268656716418
1,28,irregular,2,290,293,3,225,65,68,0.7758620689655172,0.7679180887372014,0.9897610921501706,0.7718696397941681
1,28,regular,3,1091,1098,7,1086,5,12,0.995417048579285,0.9890710382513661,0.9936247723132969,0.9922338967565097
1,28,semiregular,3,853,859,6,812,41,47,0.9519343493552169,0.9452852153667055,0.9930151338766007,0.9485981308411215
1,28,irregular,3,353,293,60,51,302,242,0.14447592067988668,0.17406143344709898,1.204778156996587,0.15789473684210525
1,29,regular,1,1132,1140,8,1129,3,11,0.9973498233215548,0.9903508771929824,0.9929824561403509,0.9938380281690139
1,29,semiregular,1,874,869,5,784,90,85,0.897025171624714,0.9021864211737629,1.005753739930955,0.8995983935742972
1,29,irregular,1,286,247,39,204,82,43,0.7132867132867133,0.8259109311740891,1.1578947368421053,0.7654784240150094
1,29,regular,2,1135,1140,5,1130,5,10,0.9955947136563876,0.9912280701754386,0.9956140350877193,0.9934065934065934
1,29,semiregular,2,930,869,61,828,102,41,0.8903225806451613,0.952819332566168,1.0701956271576525,0.9205113952195664
1,29,irregular,2,286,247,39,224,62,23,0.7832167832167832,0.9068825910931174,1.1578947368421053,0.8405253283302064
1,29,regular,3,1133,1140,7,1130,3,10,0.9973521624007061,0.9912280701754386,0.993859649122807,0.9942806863176418
1,29,semiregular,3,882,869,13,806,76,63,0.9138321995464853,0.9275028768699655,1.0149597238204833,0.9206167904054826
1,29,irregular,3,227,247,20,40,187,207,0.1762114537444934,0.16194331983805668,0.9190283400809717,0.16877637130801687
1,30,regular,1,990,997,7,987,3,10,0.996969696969697,0.9899699097291875,0.9929789368104313,0.9934574735782586
1,30,semiregular,1,786,810,24,732,54,78,0.9312977099236641,0.9037037037037037,0.9703703703703703,0.9172932330827067
1,30,irregular,1,276,250,26,184,92,66,0.6666666666666666,0.736,1.104,0.6996197718631179
1,30,regular,2,952,997,45,949,3,48,0.9968487394957983,0.9518555667001003,0.954864593781344,0.9738327347357619
1,30,semiregular,2,774,810,36,731,43,79,0.9444444444444444,0.9024691358024691,0.9555555555555556,0.922979797979798
1,30,irregular,2,250,250,0,207,43,43,0.828,0.828,1.0,0.828
1,30,regular,3,983,997,14,982,1,15,0.9989827060020345,0.9849548645937813,0.9859578736208626,0.9919191919191918
1,30,semiregular,3,817,810,7,768,49,42,0.9400244798041616,0.9481481481481482,1.008641975308642,0.9440688383527966
1,30,irregular,3,382,250,132,47,335,203,0.12303664921465969,0.188,1.528,0.1487341772151899
2,1,regular,1,924,937,13,912,12,25,0.987012987012987,0.9733191035218783,0.9861259338313767,0.9801182160128963
2,1,semiregular,1,728,703,25,632,96,71,0.8681318681318682,0.89900426742532,1.035561877667141,0.883298392732355
2,1,irregular,1,176,199,23,140,36,59,0.7954545454545454,0.7035175879396985,0.8844221105527639,0.7466666666666667
2,1,regular,2,919,937,18,902,17,35,0.9815016322089227,0.9626467449306296,0.9807897545357525,0.9719827586206897
2,1,semiregular,2,702,703,1,625,77,78,0.8903133903133903,0.8890469416785206,0.9985775248933144,0.889679715302491
2,1,irregular,2,189,199,10,169,20,30,0.8941798941798942,0.8492462311557789,0.949748743718593,0.8711340206185567
2,1,regular,3,907,937,30,906,1,31,0.9988974641675854,0.9669156883671292,0.967982924226254,0.9826464208242951
2,1,semiregular,3,724,703,21,639,85,64,0.8825966850828729,0.9089615931721194,1.0298719772403984,0.8955851436580238
2,1,irregular,3,184,199,15,160,24,39,0.8695652173913043,0.8040201005025126,0.9246231155778895,0.835509138381201
2,2,regular,1,1176,1224,48,1165,11,59,0.9906462585034014,0.951797385620915,0.9607843137254902,0.9708333333333333
2,2,semiregular,1,584,647,63,557,27,90,0.9537671232876712,0.8608964451313755,0.9026275115919629,0.9049553208773354
2,2,irregular,1,184,217,33,110,74,107,0.5978260869565217,0.5069124423963134,0.847926267281106,0.5486284289276808
2,2,regular,2,1197,1224,27,1184,13,40,0.9891395154553049,0.9673202614379085,0.9779411764705882,0.9781082197439074
2,2,semiregular,2,616,647,31,596,20,51,0.9675324675324676,0.9211746522411128,0.9520865533230294,0.943784639746635
2,2,irregular,2,220,217,3,183,37,34,0.8318181818181818,0.8433179723502304,1.0138248847926268,0.8375286041189932
2,2,regular,3,1212,1224,12,1208,4,16,0.9966996699669967,0.9869281045751634,0.9901960784313726,0.9917898193760263
2,2,semiregular,3,655,647,8,621,34,26,0.9480916030534351,0.9598145285935085,1.0123647604327666,0.9539170506912441
2,2,irregular,3,206,217,11,186,20,31,0.9029126213592233,0.8571428571428571,0.9493087557603687,0.8794326241134751
2,3,regular,1,1032,1053,21,1028,4,25,0.9961240310077519,0.976258309591643,0.98005698005698,0.9860911270983213
2,3,semiregular,1,690,716,26,642,48,74,0.9304347826086956,0.8966480446927374,0.9636871508379888,0.9132290184921763
2,3,irregular,1,198,224,26,143,55,81,0.7222222222222222,0.6383928571428571,0.8839285714285714,0.6777251184834123
2,3,regular,2,1010,1053,43,1005,5,48,0.995049504950495,0.9544159544159544,0.9591642924976258,0.9743092583616094
2,3,semiregular,2,719,716,3,671,48,45,0.933240611961057,0.9371508379888268,1.0041899441340782,0.935191637630662
2,3,irregular,2,230,224,6,197,33,27,0.8565217391304348,0.8794642857142857,1.0267857142857142,0.8678414096916299
2,3,regular,3,1033,1053,20,1033,0,20,1.0,0.9810066476733144,0.9810066476733144,0.9904122722914669
2,3,semiregular,3,719,716,3,671,48,45,0.933240611961057,0.9371508379888268,1.0041899441340782,0.935191637630662
2,3,irregular,3,206,224,18,176,30,48,0.8543689320388349,0.7857142857142857,0.9196428571428571,0.8186046511627907
2,4,regular,1,1115,1101,14,1096,19,5,0.9829596412556054,0.9954586739327884,1.0127157129881925,0.9891696750902528
2,4,semiregular,1,655,614,41,542,113,72,0.8274809160305343,0.8827361563517915,1.0667752442996743,0.8542159180457053
2,4,irregular,1,220,228,8,155,65,73,0.7045454545454546,0.6798245614035088,0.9649122807017544,0.6919642857142857
2,4,regular,2,1087,1101,14,1082,5,19,0.9954001839926403,0.9827429609445958,0.9872842870118075,0.9890310786106031
2,4,semiregular,2,589,614,25,542,47,72,0.9202037351443124,0.8827361563517915,0.9592833876221498,0.9010806317539485
2,4,irregular,2,244,228,16,195,49,33,0.7991803278688525,0.8552631578947368,1.0701754385964912,0.826271186440678
2,4,regular,3,1085,1101,16,1083,2,18,0.9981566820276497,0.9836512261580381,0.9854677565849228,0.990850869167429
2,4,semiregular,3,611,614,3,564,47,50,0.9230769230769231,0.9185667752442996,0.995114006514658,0.9208163265306122
2,4,irregular,3,215,228,13,187,28,41,0.8697674418604651,0.8201754385964912,0.9429824561403509,0.8442437923250564
2,5,regular,1,1032,1044,12,1029,3,15,0.997093023255814,0.985632183908046,0.9885057471264368,0.991329479768786
2,5,semiregular,1,731,668,63,639,92,29,0.8741450068399452,0.9565868263473054,1.094311377245509,0.9135096497498213
2,5,irregular,1,208,217,9,154,54,63,0.7403846153846154,0.7096774193548387,0.9585253456221198,0.7247058823529412
2,5,regular,2,1033,1044,11,1030,3,14,0.9970958373668926,0.9865900383141762,0.9894636015325671,0.9918151179585941
2,5,semiregular,2,686,668,18,616,70,52,0.8979591836734694,0.9221556886227545,1.026946107784431,0.9098966026587888
2,5,irregular,2,231,217,14,194,37,23,0.8398268398268398,0.8940092165898618,1.064516129032258,0.8660714285714285
2,5,regular,3,1033,1044,11,1033,0,11,1.0,0.9894636015325671,0.9894636015325671,0.994703899855561
2,5,semiregular,3,690,668,22,626,64,42,0.9072463768115943,0.937125748502994,1.032934131736527,0.9219440353460971
2,5,irregular,3,204,217,13,172,32,45,0.8431372549019608,0.7926267281105991,0.9400921658986175,0.817102137767221
2,6,regular,1,947,915,32,913,34,2,0.9640971488912354,0.9978142076502732,1.0349726775956285,0.9806659505907627
2,6,semiregular,1,711,701,10,659,52,42,0.9268635724331927,0.9400855920114123,1.014265335235378,0.93342776203966
2,6,irregular,1,176,195,19,112,64,83,0.6363636363636364,0.5743589743589743,0.9025641025641026,0.6037735849056602
2,6,regular,2,941,915,26,911,30,4,0.9681190223166843,0.9956284153005465,1.028415300546448,0.9816810344827587
2,6,semiregular,2,705,701,4,659,46,42,0.9347517730496454,0.9400855920114123,1.005706134094151,0.9374110953058321
2,6,irregular,2,203,195,8,130,73,65,0.6403940886699507,0.6666666666666666,1.041025641025641,0.6532663316582914
2,6,regular,3,895,915,20,895,0,20,1.0,0.9781420765027322,0.9781420765027322,0.988950276243094
2,6,semiregular,3,715,701,14,673,42,28,0.9412587412587412,0.9600570613409415,1.0199714693295292,0.9505649717514124
2,6,irregular,3,195,195,0,163,32,32,0.8358974358974359,0.8358974358974359,1.0,0.8358974358974359
2,7,regular,1,0,1230,1230,0,0,1230,-1,-1,0.0,-1
2,7,semiregular,1,848,761,87,722,126,39,0.8514150943396226,0.9487516425755584,1.114323258869908,0.8974518334369173
2,7,irregular,1,218,225,7,124,94,101,0.5688073394495413,0.5511111111111111,0.9688888888888889,0.5598194130925508
2,7,regular,2,801,1230,429,796,5,434,0.9937578027465668,0.6471544715447154,0.651219512195122,0.7838503200393894
2,7,semiregular,2,710,761,51,647,63,114,0.9112676056338028,0.8501971090670171,0.9329829172141918,0.8796736913664173
2,7,irregular,2,215,225,10,181,34,44,0.8418604651162791,0.8044444444444444,0.9555555555555556,0.8227272727272728
2,7,regular,3,1206,1230,24,1204,2,26,0.9983416252072969,0.9788617886178862,0.9804878048780488,0.9885057471264368
2,7,semiregular,3,772,761,11,700,72,61,0.9067357512953368,0.9198423127463863,1.014454664914586,0.91324200913242
2,7,irregular,3,211,225,14,184,27,41,0.8720379146919431,0.8177777777777778,0.9377777777777778,0.8440366972477065
2,8,regular,1,1027,1035,8,1017,10,18,0.9902629016553067,0.9826086956521739,0.9922705314009662,0.9864209505334626
2,8,semiregular,1,839,827,12,742,97,85,0.8843861740166865,0.8972188633615478,1.014510278113664,0.8907563025210085
2,8,irregular,1,225,243,18,137,88,106,0.6088888888888889,0.5637860082304527,0.9259259259259259,0.5854700854700854
2,8,regular,2,929,1035,106,920,9,115,0.9903121636167922,0.8888888888888888,0.8975845410628019,0.9368635437881874
2,8,semiregular,2,798,827,29,747,51,80,0.9360902255639098,0.9032648125755743,0.9649334945586457,0.9193846153846154
2,8,irregular,2,216,243,27,180,36,63,0.8333333333333334,0.7407407407407407,0.8888888888888888,0.7843137254901961
2,8,regular,3,1026,1035,9,1024,2,11,0.9980506822612085,0.9893719806763285,0.991304347826087,0.9936923823386705
2,8,semiregular,3,841,827,14,777,64,50,0.9239001189060642,0.939540507859734,1.0169286577992744,0.9316546762589928
2,8,irregular,3,227,243,16,190,37,53,0.8370044052863436,0.7818930041152263,0.934156378600823,0.8085106382978722
2,9,regular,1,1086,1107,21,1076,10,31,0.990791896869245,0.971996386630533,0.981029810298103,0.9813041495668035
2,9,semiregular,1,603,701,98,577,26,124,0.956882255389718,0.8231098430813124,0.8601997146932953,0.8849693251533742
2,9,irregular,1,213,266,53,129,84,137,0.6056338028169014,0.4849624060150376,0.8007518796992481,0.5386221294363257
2,9,regular,2,1061,1107,46,1054,7,53,0.9934024505183789,0.952122854561879,0.9584462511291779,0.9723247232472325
2,9,semiregular,2,579,701,122,560,19,141,0.9671848013816926,0.7988587731811697,0.8259629101283881,0.875
2,9,irregular,2,241,266,25,209,32,57,0.8672199170124482,0.7857142857142857,0.9060150375939849,0.824457593688363
2,9,regular,3,1069,1107,38,1067,2,40,0.9981290926099158,0.96386630532972,0.9656729900632339,0.9806985294117646
2,9,semiregular,3,709,701,8,678,31,23,0.9562764456981664,0.9671897289586305,1.0114122681883024,0.9617021276595744
2,9,irregular,3,235,266,31,208,27,58,0.8851063829787233,0.7819548872180451,0.8834586466165414,0.8303393213572854
2,10,regular,1,1030,1014,16,1000,30,14,0.970873786407767,0.9861932938856016,1.0157790927021697,0.9784735812133072
2,10,semiregular,1,670,656,14,615,55,41,0.917910447761194,0.9375,1.021341463414634,0.9276018099547512
2,10,irregular,1,186,247,61,158,28,89,0.8494623655913979,0.6396761133603239,0.7530364372469636,0.7297921478060045
2,10,regular,2,1029,1014,15,1004,25,10,0.9757045675413022,0.9901380670611439,1.014792899408284,0.982868330885952
2,10,semiregular,2,684,656,28,612,72,44,0.8947368421052632,0.9329268292682927,1.0426829268292683,0.9134328358208956
2,10,irregular,2,221,247,26,191,30,56,0.8642533936651584,0.7732793522267206,0.8947368421052632,0.8162393162393161
2,10,regular,3,1002,1014,12,999,3,15,0.9970059880239521,0.985207100591716,0.9881656804733728,0.9910714285714286
2,10,semiregular,3,665,656,9,618,47,38,0.9293233082706767,0.9420731707317073,1.013719512195122,0.9356548069644208
2,10,irregular,3,232,247,15,201,31,46,0.8663793103448276,0.8137651821862348,0.9392712550607287,0.8392484342379959
2,11,regular,1,1065,1070,5,1060,5,10,0.9953051643192489,0.9906542056074766,0.9953271028037384,0.9929742388758782
2,11,semiregular,1,741,700,41,649,92,51,0.8758434547908233,0.9271428571428572,1.0585714285714285,0.900763358778626
2,11,irregular,1,199,239,40,136,63,103,0.6834170854271356,0.5690376569037657,0.8326359832635983,0.6210045662100456
2,11,regular,2,758,1070,312,753,5,317,0.9934036939313984,0.7037383177570093,0.708411214953271,0.8238512035010941
2,11,semiregular,2,678,700,22,628,50,72,0.9262536873156342,0.8971428571428571,0.9685714285714285,0.911465892597968
2,11,irregular,2,223,239,16,191,32,48,0.8565022421524664,0.799163179916318,0.9330543933054394,0.8268398268398269
2,11,regular,3,1024,1070,46,1024,0,46,1.0,0.9570093457943926,0.9570093457943926,0.9780324737344795
2,11,semiregular,3,691,700,9,642,49,58,0.9290882778581766,0.9171428571428571,0.9871428571428571,0.923076923076923
2,11,irregular,3,206,239,33,178,28,61,0.8640776699029126,0.7447698744769874,0.8619246861924686,0.8
2,12,regular,1,1021,1007,14,1007,14,0,0.9862879529872673,1.0,1.0139026812313803,0.9930966469428009
2,12,semiregular,1,733,641,92,614,119,27,0.8376534788540245,0.9578783151326054,1.143525741029641,0.893740902474527
2,12,irregular,1,240,204,36,163,77,41,0.6791666666666667,0.7990196078431373,1.1764705882352942,0.7342342342342342
2,12,regular,2,1002,1007,5,994,8,13,0.9920159680638723,0.9870903674280039,0.9950347567030785,0.9895470383275261
2,12,semiregular,2,658,641,17,585,73,56,0.8890577507598785,0.9126365054602185,1.0265210608424338,0.9006928406466512
2,12,irregular,2,255,204,51,188,67,16,0.7372549019607844,0.9215686274509803,1.25,0.8191721132897605
2,12,regular,3,1000,1007,7,999,1,8,0.999,0.9920556107249255,0.9930486593843099,0.9955156950672646
2,12,semiregular,3,639,641,2,579,60,62,0.9061032863849765,0.9032761310452418,0.9968798751950078,0.9046875000000001
2,12,irregular,3,211,204,7,179,32,25,0.8483412322274881,0.8774509803921569,1.0343137254901962,0.8626506024096386
2,13,regular,1,977,1000,23,974,3,26,0.9969293756397134,0.974,0.977,0.9853313100657561
2,13,semiregular,1,883,815,68,800,83,15,0.9060022650056625,0.9815950920245399,1.0834355828220859,0.9422850412249706
2,13,irregular,1,257,216,41,164,93,52,0.6381322957198443,0.7592592592592593,1.1898148148148149,0.6934460887949261
2,13,regular,2,998,1000,2,991,7,9,0.9929859719438878,0.991,0.998,0.9919919919919921
2,13,semiregular,2,801,815,14,760,41,55,0.9488139825218477,0.9325153374233128,0.9828220858895705,0.9405940594059405
2,13,irregular,2,252,216,36,192,60,24,0.7619047619047619,0.8888888888888888,1.1666666666666667,0.8205128205128205
2,13,regular,3,977,1000,23,977,0,23,1.0,0.977,0.977,0.9883662114314619
2,13,semiregular,3,826,815,11,786,40,29,0.9515738498789347,0.9644171779141104,1.0134969325153373,0.9579524680073125
2,13,irregular,3,208,216,8,184,24,32,0.8846153846153846,0.8518518518518519,0.9629629629629629,0.8679245283018868
2,14,regular,1,1046,1052,6,1045,1,7,0.9990439770554493,0.9933460076045627,0.9942965779467681,0.996186844613918
2,14,semiregular,1,865,913,48,811,54,102,0.9375722543352601,0.8882803943044907,0.9474260679079957,0.9122609673790777
2,14,irregular,1,188,217,29,142,46,75,0.7553191489361702,0.6543778801843319,0.8663594470046083,0.7012345679012347
2,14,regular,2,1023,1052,29,1018,5,34,0.9951124144672532,0.967680608365019,0.9724334600760456,0.9812048192771085
2,14,semiregular,2,892,913,21,846,46,67,0.9484304932735426,0.9266155531215772,0.976998904709748,0.9373961218836564
2,14,irregular,2,222,217,5,191,31,26,0.8603603603603603,0.880184331797235,1.023041474654378,0.8701594533029613
2,14,regular,3,1036,1052,16,1036,0,16,1.0,0.9847908745247148,0.9847908745247148,0.9923371647509579
2,14,semiregular,3,903,913,10,861,42,52,0.9534883720930233,0.9430449069003286,0.9890470974808324,0.9482378854625552
2,14,irregular,3,192,217,25,169,23,48,0.8802083333333334,0.7788018433179723,0.8847926267281107,0.8264058679706602
2,15,regular,1,979,964,15,964,15,0,0.9846782431052093,1.0,1.0155601659751037,0.9922799794132784
2,15,semiregular,1,806,774,32,743,63,31,0.9218362282878412,0.9599483204134367,1.041343669250646,0.9405063291139241
2,15,irregular,1,180,218,38,159,21,59,0.8833333333333333,0.7293577981651376,0.8256880733944955,0.7989949748743719
2,15,regular,2,947,964,17,940,7,24,0.9926082365364308,0.975103734439834,0.9823651452282157,0.9837781266352695
2,15,semiregular,2,744,774,30,712,32,62,0.956989247311828,0.9198966408268734,0.9612403100775194,0.938076416337286
2,15,irregular,2,208,218,10,186,22,32,0.8942307692307693,0.8532110091743119,0.9541284403669725,0.8732394366197184
2,15,regular,3,949,964,15,948,1,16,0.9989462592202318,0.983402489626556,0.9844398340248963,0.9911134343962362
2,15,semiregular,3,749,774,25,716,33,58,0.9559412550066756,0.9250645994832042,0.9677002583979328,0.9402495075508864
2,15,irregular,3,204,218,14,183,21,35,0.8970588235294118,0.8394495412844036,0.9357798165137615,0.8672985781990522
2,16,regular,1,1105,1109,4,1098,7,11,0.9936651583710407,0.9900811541929666,0.9963931469792606,0.9918699186991871
2,16,semiregular,1,717,681,36,620,97,61,0.8647140864714087,0.9104258443465492,1.052863436123348,0.8869814020028612
2,16,irregular,1,194,272,78,126,68,146,0.6494845360824743,0.4632352941176471,0.7132352941176471,0.5407725321888412
2,16,regular,2,1110,1109,1,1099,11,10,0.9900900900900901,0.9909828674481514,1.000901713255185,0.9905362776025236
2,16,semiregular,2,644,681,37,598,46,83,0.9285714285714286,0.8781204111600588,0.9456681350954479,0.9026415094339624
2,16,irregular,2,269,272,3,216,53,56,0.8029739776951673,0.7941176470588235,0.9889705882352942,0.7985212569316081
2,16,regular,3,1095,1109,14,1093,2,16,0.9981735159817352,0.9855725879170424,0.9873760144274121,0.9918330308529946
2,16,semiregular,3,674,681,7,623,51,58,0.9243323442136498,0.9148311306901615,0.9897209985315712,0.9195571955719556
2,16,irregular,3,228,272,44,199,29,73,0.8728070175438597,0.7316176470588235,0.8382352941176471,0.796
2,17,regular,1,1028,1029,1,1023,5,6,0.995136186770428,0.9941690962099126,0.9990281827016521,0.9946524064171124
2,17,semiregular,1,862,837,25,773,89,64,0.8967517401392111,0.9235364396654719,1.0298685782556751,0.9099470276633314
2,17,irregular,1,224,240,16,132,92,108,0.5892857142857143,0.55,0.9333333333333333,0.5689655172413793
2,17,regular,2,1010,1029,19,1007,3,22,0.997029702970297,0.9786200194363459,0.9815354713313897,0.9877390877881314
2,17,semiregular,2,826,837,11,774,52,63,0.937046004842615,0.9247311827956989,0.986857825567503,0.9308478653036681
2,17,irregular,2,263,240,23,194,69,46,0.7376425855513308,0.8083333333333333,1.0958333333333334,0.7713717693836978
2,17,regular,3,1029,1029,0,1026,3,3,0.9970845481049563,0.9970845481049563,1.0,0.9970845481049563
2,17,semiregular,3,844,837,7,796,48,41,0.943127962085308,0.951015531660693,1.008363201911589,0.9470553242117786
2,17,irregular,3,229,240,11,189,40,51,0.8253275109170306,0.7875,0.9541666666666667,0.8059701492537313
2,18,regular,1,1053,1044,9,1039,14,5,0.9867046533713201,0.9952107279693486,1.0086206896551724,0.9909394372913686
2,18,semiregular,1,817,801,16,749,68,52,0.9167686658506732,0.9350811485642946,1.0199750312109863,0.9258343634116193
2,18,irregular,1,245,252,7,166,79,86,0.6775510204081633,0.6587301587301587,0.9722222222222222,0.6680080482897385
2,18,regular,2,1071,1044,27,1044,27,0,0.9747899159663865,1.0,1.0258620689655173,0.9872340425531915
2,18,semiregular,2,792,801,9,751,41,50,0.9482323232323232,0.9375780274656679,0.9887640449438202,0.9428750784682988
2,18,irregular,2,259,252,7,215,44,37,0.8301158301158301,0.8531746031746031,1.0277777777777777,0.8414872798434442
2,18,regular,3,1033,1044,11,1033,0,11,1.0,0.9894636015325671,0.9894636015325671,0.994703899855561
2,18,semiregular,3,818,801,17,772,46,29,0.9437652811735942,0.9637952559300874,1.021223470661673,0.9536751080914144
2,18,irregular,3,239,252,13,214,25,38,0.895397489539749,0.8492063492063492,0.9484126984126984,0.8716904276985744
2,19,regular,1,1092,1076,16,1070,22,6,0.9798534798534798,0.9944237918215614,1.0148698884758365,0.9870848708487086
2,19,semiregular,1,743,753,10,689,54,64,0.927321668909825,0.9150066401062417,0.9867197875166003,0.9211229946524064
2,19,irregular,1,219,245,26,155,64,90,0.7077625570776256,0.6326530612244898,0.8938775510204081,0.6681034482758621
2,19,regular,2,1072,1076,4,1066,6,10,0.9944029850746269,0.9907063197026023,0.9962825278810409,0.9925512104283053
2,19,semiregular,2,726,753,27,687,39,66,0.9462809917355371,0.9123505976095617,0.9641434262948207,0.9290060851926977
2,19,irregular,2,269,245,24,212,57,33,0.7881040892193308,0.8653061224489796,1.0979591836734695,0.8249027237354086
2,19,regular,3,1048,1076,28,1047,1,29,0.9990458015267175,0.9730483271375465,0.9739776951672863,0.9858757062146893
2,19,semiregular,3,724,753,29,682,42,71,0.9419889502762431,0.9057104913678619,0.9614873837981408,0.923493568043331
2,19,irregular,3,219,245,26,187,32,58,0.8538812785388128,0.763265306122449,0.8938775510204081,0.8060344827586207
2,20,regular,1,1204,1251,47,1198,6,53,0.9950166112956811,0.9576338928856915,0.9624300559552358,0.9759674134419553
2,20,semiregular,1,874,841,33,768,106,73,0.8787185354691075,0.9131985731272295,1.0392390011890607,0.8956268221574344
2,20,irregular,1,248,252,4,166,82,86,0.6693548387096774,0.6587301587301587,0.9841269841269841,0.6639999999999999
2,20,regular,2,1253,1251,2,1241,12,10,0.9904229848363927,0.9920063948840927,1.0015987210231814,0.9912140575079872
2,20,semiregular,2,793,841,48,724,69,117,0.9129886506935687,0.8608799048751486,0.9429250891795482,0.8861689106487148
2,20,irregular,2,243,252,9,209,34,43,0.8600823045267489,0.8293650793650794,0.9642857142857143,0.8444444444444443
2,20,regular,3,1201,1251,50,1201,0,50,1.0,0.9600319744204636,0.9600319744204636,0.9796084828711256
2,20,semiregular,3,836,841,5,765,71,76,0.9150717703349283,0.9096313912009513,0.9940546967895363,0.9123434704830053
2,20,irregular,3,234,252,18,203,31,49,0.8675213675213675,0.8055555555555556,0.9285714285714286,0.8353909465020577
2,21,regular,1,917,920,3,911,6,9,0.9934569247546347,0.9902173913043478,0.9967391304347826,0.9918345127925966
2,21,semiregular,1,583,549,34,493,90,56,0.8456260720411664,0.8979963570127505,1.0619307832422586,0.8710247349823321
2,21,irregular,1,207,204,3,157,50,47,0.7584541062801933,0.7696078431372549,1.0147058823529411,0.7639902676399026
2,21,regular,2,925,920,5,917,8,3,0.9913513513513513,0.9967391304347826,1.0054347826086956,0.9940379403794039
2,21,semiregular,2,562,549,13,501,61,48,0.891459074733096,0.912568306010929,1.02367941712204,0.9018901890189018
2,21,irregular,2,222,204,18,181,41,23,0.8153153153153153,0.8872549019607843,1.088235294117647,0.8497652582159624
2,21,regular,3,901,920,19,900,1,20,0.9988901220865705,0.9782608695652174,0.9793478260869565,0.9884678747940692
2,21,semiregular,3,595,549,46,510,85,39,0.8571428571428571,0.9289617486338798,1.0837887067395264,0.8916083916083916
2,21,irregular,3,192,204,12,182,10,22,0.9479166666666666,0.8921568627450981,0.9411764705882353,0.9191919191919192
2,22,regular,1,994,946,48,945,49,1,0.9507042253521126,0.9989429175475687,1.0507399577167018,0.9742268041237113
2,22,semiregular,1,765,703,62,662,103,41,0.865359477124183,0.9416785206258891,1.0881934566145093,0.9019073569482289
2,22,irregular,1,208,247,39,155,53,92,0.7451923076923077,0.6275303643724697,0.8421052631578947,0.6813186813186813
2,22,regular,2,948,946,2,925,23,21,0.9757383966244726,0.9778012684989429,1.0021141649048626,0.9767687434002111
2,22,semiregular,2,688,703,15,640,48,63,0.9302325581395349,0.9103840682788051,0.9786628733997155,0.9202012940330696
2,22,irregular,2,237,247,10,201,36,46,0.8481012658227848,0.8137651821862348,0.9595141700404858,0.8305785123966943
2,22,regular,3,926,946,20,926,0,20,1.0,0.9788583509513742,0.9788583509513742,0.9893162393162394
2,22,semiregular,3,714,703,11,658,56,45,0.9215686274509803,0.9359886201991465,1.0156472261735419,0.9287226534932956
2,22,irregular,3,227,247,20,196,31,51,0.8634361233480177,0.7935222672064778,0.9190283400809717,0.8270042194092827
2,23,regular,1,1031,999,32,997,34,2,0.9670223084384093,0.997997997997998,1.032032032032032,0.9822660098522168
2,23,semiregular,1,917,835,82,786,131,49,0.8571428571428571,0.9413173652694611,1.0982035928143712,0.8972602739726027
2,23,irregular,1,265,266,1,139,126,127,0.5245283018867924,0.5225563909774437,0.9962406015037594,0.5235404896421846
2,23,regular,2,974,999,25,968,6,31,0.9938398357289527,0.968968968968969,0.974974974974975,0.9812468322351748
2,23,semiregular,2,805,835,30,746,59,89,0.9267080745341615,0.8934131736526946,0.9640718562874252,0.9097560975609755
2,23,irregular,2,261,266,5,215,46,51,0.8237547892720306,0.8082706766917294,0.981203007518797,0.8159392789373814
2,23,regular,3,995,999,4,990,5,9,0.9949748743718593,0.990990990990991,0.995995995995996,0.9929789368104313
2,23,semiregular,3,865,835,30,802,63,33,0.9271676300578034,0.9604790419161676,1.035928143712575,0.943529411764706
2,23,irregular,3,246,266,20,197,49,69,0.8008130081300813,0.7406015037593985,0.924812030075188,0.76953125
2,24,regular,1,1077,1079,2,1066,11,13,0.989786443825441,0.9879518072289156,0.9981464318813716,0.9888682745825602
2,24,semiregular,1,645,680,35,585,60,95,0.9069767441860465,0.8602941176470589,0.9485294117647058,0.8830188679245283
2,24,irregular,1,166,247,81,131,35,116,0.7891566265060241,0.5303643724696356,0.6720647773279352,0.6343825665859564
2,24,regular,2,1056,1079,23,1044,12,35,0.9886363636363636,0.9675625579240037,0.9786839666357738,0.9779859484777518
2,24,semiregular,2,623,680,57,599,24,81,0.9614767255216693,0.8808823529411764,0.9161764705882353,0.9194167306216424
2,24,irregular,2,228,247,19,210,18,37,0.9210526315789473,0.8502024291497976,0.9230769230769231,0.8842105263157894
2,24,regular,3,1052,1079,27,1050,2,29,0.9980988593155894,0.9731232622798888,0.9749768303985171,0.985452839042703
2,24,semiregular,3,686,680,6,652,34,28,0.9504373177842566,0.9588235294117647,1.0088235294117647,0.9546120058565154
2,24,irregular,3,219,247,28,203,16,44,0.9269406392694064,0.8218623481781376,0.8866396761133604,0.871244635193133
2,25,regular,1,948,946,2,942,6,4,0.9936708860759493,0.9957716701902748,1.0021141649048626,0.9947201689545934
2,25,semiregular,1,701,718,17,636,65,82,0.9072753209700428,0.8857938718662952,0.9763231197771588,0.8964059196617336
2,25,irregular,1,209,207,2,134,75,73,0.6411483253588517,0.6473429951690821,1.0096618357487923,0.6442307692307692
2,25,regular,2,914,946,32,908,6,38,0.9934354485776805,0.959830866807611,0.9661733615221987,0.9763440860215055
2,25,semiregular,2,695,718,23,642,53,76,0.9237410071942446,0.8941504178272981,0.967966573816156,0.9087048832271762
2,25,irregular,2,206,207,1,154,52,53,0.7475728155339806,0.7439613526570048,0.9951690821256038,0.7457627118644068
2,25,regular,3,941,946,5,941,0,5,1.0,0.9947145877378436,0.9947145877378436,0.9973502914679385
2,25,semiregular,3,714,718,4,662,52,56,0.927170868347339,0.9220055710306406,0.9944289693593314,0.9245810055865922
2,25,irregular,3,196,207,11,152,44,55,0.7755102040816326,0.7342995169082126,0.9468599033816425,0.7543424317617865
2,26,regular,1,1010,985,25,984,26,1,0.9742574257425742,0.9989847715736041,1.0253807106598984,0.9864661654135337
2,26,semiregular,1,797,720,77,687,110,33,0.8619824341279799,0.9541666666666667,1.1069444444444445,0.905735003295979
2,26,irregular,1,263,214,49,171,92,43,0.6501901140684411,0.7990654205607477,1.2289719626168225,0.7169811320754716
2,26,regular,2,924,985,61,918,6,67,0.9935064935064936,0.9319796954314721,0.9380710659898477,0.961760083813515
2,26,semiregular,2,735,720,15,670,65,50,0.9115646258503401,0.9305555555555556,1.0208333333333333,0.9209621993127148
2,26,irregular,2,214,214,0,162,52,52,0.7570093457943925,0.7570093457943925,1.0,0.7570093457943925
2,26,regular,3,964,985,21,962,2,23,0.9979253112033195,0.9766497461928934,0.9786802030456853,0.987172909184197
2,26,semiregular,3,730,720,10,666,64,54,0.9123287671232877,0.925,1.0138888888888888,0.9186206896551724
2,26,irregular,3,237,214,23,184,53,30,0.7763713080168776,0.8598130841121495,1.1074766355140186,0.8159645232815964
2,27,regular,1,1137,1166,29,1133,4,33,0.9964819700967458,0.9716981132075472,0.9751286449399656,0.9839339991315674
2,27,semiregular,1,678,728,50,610,68,118,0.8997050147492626,0.8379120879120879,0.9313186813186813,0.8677098150782361
2,27,irregular,1,205,270,65,159,46,111,0.775609756097561,0.5888888888888889,0.7592592592592593,0.6694736842105264
2,27,regular,2,1132,1166,34,1122,10,44,0.991166077738516,0.9622641509433962,0.9708404802744426,0.9765013054830288
2,27,semiregular,2,692,728,36,648,44,80,0.9364161849710982,0.8901098901098901,0.9505494505494505,0.9126760563380282
2,27,irregular,2,264,270,6,227,37,43,0.8598484848484849,0.8407407407407408,0.9777777777777777,0.850187265917603
2,27,regular,3,1157,1166,9,1157,0,9,1.0,0.9922813036020584,0.9922813036020584,0.9961256995264745
2,27,semiregular,3,715,728,13,673,42,55,0.9412587412587412,0.9244505494505495,0.9821428571428571,0.9327789327789328
2,27,irregular,3,239,270,31,216,23,54,0.9037656903765691,0.8,0.8851851851851852,0.8487229862475443
2,28,regular,1,1085,1098,13,1073,12,25,0.9889400921658986,0.9772313296903461,0.98816029143898,0.9830508474576272
2,28,semiregular,1,885,859,26,805,80,54,0.9096045197740112,0.9371362048894063,1.030267753201397,0.9231651376146789
2,28,irregular,1,276,293,17,157,119,136,0.5688405797101449,0.5358361774744027,0.9419795221843004,0.5518453427065027
2,28,regular,2,1077,1098,21,1061,16,37,0.9851439182915506,0.9663023679417122,0.9808743169398907,0.9756321839080461
2,28,semiregular,2,789,859,70,746,43,113,0.9455006337135615,0.8684516880093132,0.9185098952270081,0.9053398058252429
2,28,irregular,2,282,293,11,220,62,73,0.7801418439716312,0.7508532423208191,0.962457337883959,0.7652173913043477
2,28,regular,3,1092,1098,6,1089,3,9,0.9972527472527473,0.9918032786885246,0.994535519125683,0.9945205479452055
2,28,semiregular,3,861,859,2,819,42,40,0.9512195121951219,0.9534342258440046,1.0023282887077998,0.952325581395349
2,28,irregular,3,266,293,27,207,59,86,0.7781954887218046,0.7064846416382252,0.9078498293515358,0.740608228980322
2,29,regular,1,1133,1140,7,1129,4,11,0.9964695498676082,0.9903508771929824,0.993859649122807,0.9934007919049713
2,29,semiregular,1,929,869,60,815,114,54,0.8772874058127018,0.9378596087456847,1.0690448791714615,0.9065628476084538
2,29,irregular,1,212,247,35,153,59,94,0.7216981132075472,0.6194331983805668,0.8582995951417004,0.6666666666666666
2,29,regular,2,1104,1140,36,1099,5,41,0.9954710144927537,0.9640350877192982,0.968421052631579,0.9795008912655973
2,29,semiregular,2,914,869,45,812,102,57,0.888402625820569,0.9344073647871116,1.051783659378596,0.9108244531688166
2,29,irregular,2,263,247,16,216,47,31,0.8212927756653993,0.8744939271255061,1.0647773279352226,0.8470588235294118
2,29,regular,3,1103,1140,37,1102,1,38,0.99909338168631,0.9666666666666667,0.9675438596491228,0.9826125724476148
2,29,semiregular,3,894,869,25,804,90,65,0.8993288590604027,0.9252013808975834,1.0287686996547756,0.9120816789563244
2,29,irregular,3,228,247,19,203,25,44,0.8903508771929824,0.8218623481781376,0.9230769230769231,0.8547368421052631
2,30,regular,1,982,997,15,979,3,18,0.9969450101832994,0.9819458375125376,0.9849548645937813,0.9893885800909551
2,30,semiregular,1,814,810,4,746,68,64,0.9164619164619164,0.9209876543209876,1.0049382716049382,0.91871921182266
2,30,irregular,1,225,250,25,154,71,96,0.6844444444444444,0.616,0.9,0.6484210526315789
2,30,regular,2,969,997,28,967,2,30,0.9979360165118679,0.9699097291875627,0.9719157472417251,0.9837232960325534
2,30,semiregular,2,789,810,21,744,45,66,0.9429657794676806,0.9185185185185185,0.9740740740740741,0.9305816135084427
2,30,irregular,2,242,250,8,202,40,48,0.8347107438016529,0.808,0.968,0.8211382113821138
2,30,regular,3,989,997,8,988,1,9,0.9989888776541962,0.9909729187562688,0.9919759277833501,0.9949647532729105
2,30,semiregular,3,813,810,3,763,50,47,0.9384993849938499,0.9419753086419753,1.0037037037037038,0.940234134319162
2,30,irregular,3,239,250,11,190,49,60,0.7949790794979079,0.76,0.956,0.7770961145194273
3,1,regular,1,937,937,0,932,5,5,0.9946638207043756,0.9946638207043756,1.0,0.9946638207043756
3,1,semiregular,1,724,703,21,627,97,76,0.8660220994475138,0.8918918918918919,1.0298719772403984,0.8787666433076384
3,1,irregular,1,188,199,11,142,46,57,0.7553191489361702,0.7135678391959799,0.9447236180904522,0.7338501291989663
3,1,regular,2,969,937,32,927,42,10,0.9566563467492261,0.9893276414087513,1.0341515474919958,0.9727177334732424
3,1,semiregular,2,735,703,32,644,91,59,0.8761904761904762,0.9160739687055477,1.0455192034139402,0.8956884561891516
3,1,irregular,2,183,199,16,162,21,37,0.8852459016393442,0.8140703517587939,0.9195979899497487,0.8481675392670158
3,1,regular,3,930,937,7,924,6,13,0.9935483870967742,0.9861259338313767,0.9925293489861259,0.9898232458489555
3,1,semiregular,3,690,703,13,623,67,80,0.9028985507246376,0.8862019914651493,0.9815078236130867,0.8944723618090452
3,1,irregular,3,193,199,6,172,21,27,0.8911917098445595,0.864321608040201,0.9698492462311558,0.8775510204081632
3,2,regular,1,1192,1224,32,1185,7,39,0.9941275167785235,0.9681372549019608,0.9738562091503268,0.9809602649006623
3,2,semiregular,1,565,647,82,542,23,105,0.95929203539823,0.8377125193199382,0.8732612055641422,0.8943894389438944
3,2,irregular,1,190,217,27,124,66,93,0.6526315789473685,0.5714285714285714,0.8755760368663594,0.6093366093366094
3,2,regular,2,1194,1224,30,1184,10,40,0.9916247906197655,0.9673202614379085,0.9754901960784313,0.9793217535153019
3,2,semiregular,2,612,647,35,594,18,53,0.9705882352941176,0.9180834621329211,0.9459041731066461,0.9436060365369341
3,2,irregular,2,203,217,14,173,30,44,0.8522167487684729,0.7972350230414746,0.9354838709677419,0.8238095238095238
3,2,regular,3,1214,1224,10,1210,4,14,0.9967051070840197,0.988562091503268,0.9918300653594772,0.992616899097621
3,2,semiregular,3,631,647,16,612,19,35,0.9698890649762282,0.9459041731066461,0.9752704791344667,0.9577464788732395
3,2,irregular,3,227,217,10,196,31,21,0.8634361233480177,0.9032258064516129,1.0460829493087558,0.8828828828828829
3,3,regular,1,1037,1053,16,1032,5,21,0.9951783992285439,0.98005698005698,0.9848053181386515,0.9875598086124402
3,3,semiregular,1,685,716,31,634,51,82,0.9255474452554745,0.8854748603351955,0.9567039106145251,0.9050678087080657
3,3,irregular,1,204,224,20,149,55,75,0.7303921568627451,0.6651785714285714,0.9107142857142857,0.6962616822429907
3,3,regular,2,1046,1053,7,1039,7,14,0.9933078393881453,0.9867046533713201,0.99335232668566,0.9899952358265841
3,3,semiregular,2,734,716,18,674,60,42,0.9182561307901907,0.9413407821229051,1.0251396648044693,0.9296551724137931
3,3,irregular,2,208,224,16,178,30,46,0.8557692307692307,0.7946428571428571,0.9285714285714286,0.824074074074074
3,3,regular,3,1036,1053,17,1036,0,17,1.0,0.9838556505223172,0.9838556505223172,0.9918621349928196
3,3,semiregular,3,706,716,10,670,36,46,0.9490084985835694,0.9357541899441341,0.9860335195530726,0.9423347398030942
3,3,irregular,3,222,224,2,190,32,34,0.8558558558558559,0.8482142857142857,0.9910714285714286,0.852017937219731
3,4,regular,1,1120,1101,19,1095,25,6,0.9776785714285714,0.9945504087193461,1.017257039055404,0.9860423232778028
3,4,semiregular,1,592,614,22,502,90,112,0.847972972972973,0.8175895765472313,0.9641693811074918,0.8325041459369817
3,4,irregular,1,208,228,20,136,72,92,0.6538461538461539,0.5964912280701754,0.9122807017543859,0.6238532110091742
3,4,regular,2,1089,1101,12,1086,3,15,0.9972451790633609,0.9863760217983651,0.989100817438692,0.9917808219178083
3,4,semiregular,2,613,614,1,559,54,55,0.9119086460032626,0.9104234527687296,0.998371335504886,0.9111654441727791
3,4,irregular,2,219,228,9,187,32,41,0.8538812785388128,0.8201754385964912,0.9605263157894737,0.8366890380313199
3,4,regular,3,1101,1101,0,1098,3,3,0.997275204359673,0.997275204359673,1.0,0.997275204359673
3,4,semiregular,3,583,614,31,547,36,67,0.9382504288164666,0.8908794788273615,0.9495114006514658,0.9139515455304928
3,4,irregular,3,239,228,11,199,40,29,0.8326359832635983,0.8728070175438597,1.0482456140350878,0.8522483940042828
3,5,regular,1,1032,1044,12,1029,3,15,0.997093023255814,0.985632183908046,0.9885057471264368,0.991329479768786
3,5,semiregular,1,716,668,48,633,83,35,0.8840782122905028,0.9476047904191617,1.0718562874251496,0.9147398843930635
3,5,irregular,1,234,217,17,167,67,50,0.7136752136752137,0.7695852534562212,1.0783410138248848,0.7405764966740577
3,5,regular,2,1044,1044,0,1038,6,6,0.9942528735632183,0.9942528735632183,1.0,0.9942528735632183
3,5,semiregular,2,720,668,52,647,73,21,0.8986111111111111,0.968562874251497,1.0778443113772456,0.9322766570605188
3,5,irregular,2,203,217,14,179,24,38,0.8817733990147784,0.8248847926267281,0.9354838709677419,0.8523809523809524
3,5,regular,3,1030,1044,14,1029,1,15,0.9990291262135922,0.985632183908046,0.9865900383141762,0.9922854387656702
3,5,semiregular,3,662,668,6,615,47,53,0.9290030211480362,0.9206586826347305,0.9910179640718563,0.924812030075188
3,5,irregular,3,212,217,5,186,26,31,0.8773584905660378,0.8571428571428571,0.9769585253456221,0.8671328671328672
3,6,regular,1,908,915,7,903,5,12,0.9944933920704846,0.9868852459016394,0.9923497267759562,0.9906747120131651
3,6,semiregular,1,701,701,0,655,46,46,0.9343794579172611,0.9343794579172611,1.0,0.9343794579172611
3,6,irregular,1,183,195,12,109,74,86,0.5956284153005464,0.558974358974359,0.9384615384615385,0.5767195767195767
3,6,regular,2,943,915,28,912,31,3,0.9671261930010604,0.9967213114754099,1.0306010928961749,0.9817007534983854
3,6,semiregular,2,726,701,25,672,54,29,0.9256198347107438,0.9586305278174037,1.035663338088445,0.9418360196215837
3,6,irregular,2,178,195,17,125,53,70,0.702247191011236,0.6410256410256411,0.9128205128205128,0.6702412868632709
3,6,regular,3,902,915,13,899,3,16,0.9966740576496674,0.9825136612021858,0.985792349726776,0.9895432030820033
3,6,semiregular,3,687,701,14,655,32,46,0.9534206695778749,0.9343794579172611,0.9800285306704708,0.9438040345821326
3,6,irregular,3,213,195,18,174,39,21,0.8169014084507042,0.8923076923076924,1.0923076923076922,0.8529411764705882
3,7,regular,1,1237,1230,7,1222,15,8,0.9878738884397736,0.9934959349593496,1.005691056910569,0.9906769355492502
3,7,semiregular,1,729,761,32,651,78,110,0.8930041152263375,0.8554533508541393,0.9579500657030223,0.8738255033557047
3,7,irregular,1,253,225,28,181,72,44,0.7154150197628458,0.8044444444444444,1.1244444444444444,0.7573221757322175
3,7,regular,2,1256,1230,26,1226,30,4,0.9761146496815286,0.9967479674796748,1.021138211382114,0.9863234111021721
3,7,semiregular,2,738,761,23,674,64,87,0.9132791327913279,0.885676741130092,0.9697766097240473,0.8992661774516344
3,7,irregular,2,198,225,27,179,19,46,0.9040404040404041,0.7955555555555556,0.88,0.8463356973995273
3,7,regular,3,1219,1230,11,1216,3,14,0.9975389663658737,0.9886178861788618,0.9910569105691057,0.9930583911800736
3,7,semiregular,3,739,761,22,680,59,81,0.9201623815967523,0.8935611038107752,0.9710906701708278,0.9066666666666667
3,7,irregular,3,217,225,8,190,27,35,0.8755760368663594,0.8444444444444444,0.9644444444444444,0.8597285067873303
3,8,regular,1,1034,1035,1,1022,12,13,0.988394584139265,0.9874396135265701,0.9990338164251208,0.9879168680521991
3,8,semiregular,1,811,827,16,730,81,97,0.9001233045622689,0.8827085852478839,0.9806529625151149,0.8913308913308914
3,8,irregular,1,234,243,9,147,87,96,0.6282051282051282,0.6049382716049383,0.9629629629629629,0.6163522012578617
3,8,regular,2,1045,1035,10,1028,17,7,0.9837320574162679,0.9932367149758454,1.0096618357487923,0.9884615384615385
3,8,semiregular,2,829,827,2,764,65,63,0.9215922798552473,0.9238210399032648,1.0024183796856105,0.9227053140096618
3,8,irregular,2,214,243,29,175,39,68,0.8177570093457944,0.720164609053498,0.8806584362139918,0.7658643326039388
3,8,regular,3,1023,1035,12,1021,2,14,0.9980449657869013,0.9864734299516909,0.9884057971014493,0.9922254616132168
3,8,semiregular,3,815,827,12,770,45,57,0.9447852760736196,0.9310761789600968,0.9854897218863361,0.9378806333739341
3,8,irregular,3,234,243,9,195,39,48,0.8333333333333334,0.8024691358024691,0.9629629629629629,0.8176100628930817
3,9,regular,1,1087,1107,20,1082,5,25,0.9954001839926403,0.9774164408310749,0.98193315266486,0.9863263445761166
3,9,semiregular,1,628,701,73,602,26,99,0.9585987261146497,0.8587731811697575,0.8958630527817404,0.9059443190368699
3,9,irregular,1,232,266,34,163,69,103,0.7025862068965517,0.6127819548872181,0.8721804511278195,0.6546184738955824
3,9,regular,2,1071,1107,36,1062,9,45,0.9915966386554622,0.959349593495935,0.967479674796748,0.9752066115702479
3,9,semiregular,2,650,701,51,627,23,74,0.9646153846153847,0.8944365192582026,0.927246790299572,0.9282013323464101
3,9,irregular,2,228,266,38,201,27,65,0.881578947368421,0.7556390977443609,0.8571428571428571,0.813765182186235
3,9,regular,3,1090,1107,17,1089,1,18,0.9990825688073395,0.983739837398374,0.9846431797651309,0.9913518434228493
3,9,semiregular,3,679,701,22,661,18,40,0.9734904270986745,0.9429386590584878,0.9686162624821684,0.9579710144927537
3,9,irregular,3,246,266,20,216,30,50,0.8780487804878049,0.8120300751879699,0.924812030075188,0.8437499999999999
3,10,regular,1,1015,1014,1,1003,12,11,0.9881773399014778,0.9891518737672583,1.0009861932938855,0.9886643666830951
3,10,semiregular,1,665,656,9,610,55,46,0.9172932330827067,0.9298780487804879,1.013719512195122,0.9235427706283119
3,10,irregular,1,214,247,33,168,46,79,0.7850467289719626,0.680161943319838,0.8663967611336032,0.7288503253796096
3,10,regular,2,1026,1014,12,1005,21,9,0.97953216374269,0.9911242603550295,1.0118343195266273,0.9852941176470588
3,10,semiregular,2,674,656,18,614,60,42,0.9109792284866469,0.9359756097560976,1.0274390243902438,0.9233082706766917
3,10,irregular,2,226,247,21,202,24,45,0.8938053097345132,0.8178137651821862,0.9149797570850202,0.854122621564482
3,10,regular,3,1001,1014,13,997,4,17,0.996003996003996,0.9832347140039448,0.9871794871794872,0.9895781637717121
3,10,semiregular,3,638,656,18,603,35,53,0.945141065830721,0.9192073170731707,0.9725609756097561,0.9319938176197835
3,10,irregular,3,240,247,7,212,28,35,0.8833333333333333,0.8582995951417004,0.97165991902834,0.8706365503080081
3,11,regular,1,1063,1070,7,1059,4,11,0.9962370649106302,0.9897196261682243,0.9934579439252337,0.9929676511954993
3,11,semiregular,1,714,700,14,632,82,68,0.8851540616246498,0.9028571428571428,1.02,0.8939179632248938
3,11,irregular,1,209,239,30,159,50,80,0.7607655502392344,0.6652719665271967,0.8744769874476988,0.7098214285714286
3,11,regular,2,1095,1070,25,1070,25,0,0.9771689497716894,1.0,1.0233644859813085,0.9884526558891454
3,11,semiregular,2,711,700,11,649,62,51,0.9127988748241913,0.9271428571428572,1.0157142857142858,0.9199149539333806
3,11,irregular,2,205,239,34,182,23,57,0.8878048780487805,0.7615062761506276,0.8577405857740585,0.8198198198198198
3,11,regular,3,1056,1070,14,1055,1,15,0.9990530303030303,0.985981308411215,0.9869158878504672,0.9924741298212606
3,11,semiregular,3,682,700,18,640,42,60,0.9384164222873901,0.9142857142857143,0.9742857142857143,0.9261939218523879
3,11,irregular,3,222,239,17,193,29,46,0.8693693693693694,0.8075313807531381,0.9288702928870293,0.8373101952277657
3,12,regular,1,1009,1007,2,1003,6,4,0.9940535183349851,0.9960278053624627,1.0019860973187686,0.9950396825396824
3,12,semiregular,1,712,641,71,605,107,36,0.8497191011235955,0.9438377535101404,1.110764430577223,0.8943089430894309
3,12,irregular,1,237,204,33,169,68,35,0.7130801687763713,0.8284313725490197,1.161764705882353,0.7664399092970521
3,12,regular,2,1032,1007,25,1007,25,0,0.9757751937984496,1.0,1.0248262164846078,0.9877390877881315
3,12,semiregular,2,675,641,34,597,78,44,0.8844444444444445,0.9313572542901716,1.0530421216848673,0.9072948328267478
3,12,irregular,2,223,204,19,176,47,28,0.7892376681614349,0.8627450980392157,1.0931372549019607,0.8243559718969554
3,12,regular,3,1004,1007,3,1004,0,3,1.0,0.997020854021847,0.997020854021847,0.9985082048731974
3,12,semiregular,3,618,641,23,562,56,79,0.9093851132686084,0.8767550702028081,0.9641185647425897,0.8927720413026212
3,12,irregular,3,226,204,22,187,39,17,0.827433628318584,0.9166666666666666,1.107843137254902,0.8697674418604652
3,13,regular,1,977,1000,23,974,3,26,0.9969293756397134,0.974,0.977,0.9853313100657561
3,13,semiregular,1,849,815,34,778,71,37,0.9163722025912838,0.9546012269938651,1.041717791411043,0.9350961538461537
3,13,irregular,1,269,216,53,150,119,66,0.5576208178438662,0.6944444444444444,1.2453703703703705,0.6185567010309279
3,13,regular,2,998,1000,2,990,8,10,0.9919839679358717,0.99,0.998,0.990990990990991
3,13,semiregular,2,849,815,34,792,57,23,0.9328621908127208,0.9717791411042945,1.041717791411043,0.9519230769230769
3,13,irregular,2,218,216,2,172,46,44,0.7889908256880734,0.7962962962962963,1.0092592592592593,0.7926267281105991
3,13,regular,3,992,1000,8,991,1,9,0.998991935483871,0.991,0.992,0.9949799196787148
3,13,semiregular,3,800,815,15,768,32,47,0.96,0.9423312883435583,0.9815950920245399,0.9510835913312694
3,13,irregular,3,223,216,7,198,25,18,0.8878923766816144,0.9166666666666666,1.0324074074074074,0.9020501138952164
3,14,regular,1,1028,1052,24,1027,1,25,0.9990272373540856,0.9762357414448669,0.9771863117870723,0.9875
3,14,semiregular,1,824,913,89,778,46,135,0.9441747572815534,0.8521358159912377,0.9025191675794085,0.895797351755901
3,14,irregular,1,210,217,7,153,57,64,0.7285714285714285,0.7050691244239631,0.967741935483871,0.7166276346604216
3,14,regular,2,1030,1052,22,1024,6,28,0.9941747572815534,0.973384030418251,0.9790874524714829,0.983669548511047
3,14,semiregular,2,914,913,1,848,66,65,0.9277899343544858,0.9288061336254108,1.0010952902519168,0.9282977558839627
3,14,irregular,2,211,217,6,182,29,35,0.8625592417061612,0.8387096774193549,0.9723502304147466,0.8504672897196263
3,14,regular,3,1043,1052,9,1043,0,9,1.0,0.9914448669201521,0.9914448669201521,0.9957040572792363
3,14,semiregular,3,860,913,53,824,36,89,0.958139534883721,0.9025191675794085,0.9419496166484118,0.9294980259447265
3,14,irregular,3,210,217,7,184,26,33,0.8761904761904762,0.847926267281106,0.967741935483871,0.8618266978922717
3,15,regular,1,997,964,33,964,33,0,0.966900702106319,1.0,1.0342323651452283,0.9831718510963794
3,15,semiregular,1,810,774,36,725,85,49,0.8950617283950617,0.9366925064599483,1.0465116279069768,0.9154040404040404
3,15,irregular,1,198,218,20,162,36,56,0.8181818181818182,0.7431192660550459,0.908256880733945,0.778846153846154
3,15,regular,2,967,964,3,960,7,4,0.9927611168562565,0.995850622406639,1.0031120331950207,0.9943034697048162
3,15,semiregular,2,760,774,14,715,45,59,0.9407894736842105,0.9237726098191215,0.9819121447028424,0.9322033898305084
3,15,irregular,2,180,218,38,159,21,59,0.8833333333333333,0.7293577981651376,0.8256880733944955,0.7989949748743719
3,15,regular,3,956,964,8,955,1,9,0.9989539748953975,0.9906639004149378,0.991701244813278,0.9947916666666666
3,15,semiregular,3,721,774,53,686,35,88,0.9514563106796117,0.8863049095607235,0.9315245478036176,0.9177257525083612
3,15,irregular,3,217,218,1,193,24,25,0.8894009216589862,0.8853211009174312,0.9954128440366973,0.8873563218390805
3,16,regular,1,0,1109,1109,0,0,1109,-1,-1,0.0,-1
3,16,semiregular,1,467,681,214,425,42,256,0.9100642398286938,0.6240822320117474,0.6857562408223201,0.740418118466899
3,16,irregular,1,209,272,63,97,112,175,0.46411483253588515,0.35661764705882354,0.7683823529411765,0.4033264033264034
3,16,regular,2,1166,1109,57,1109,57,0,0.951114922813036,1.0,1.0513976555455364,0.9749450549450549
3,16,semiregular,2,699,681,18,622,77,59,0.8898426323319027,0.9133627019089574,1.026431718061674,0.9014492753623189
3,16,irregular,2,242,272,30,202,40,70,0.8347107438016529,0.7426470588235294,0.8897058823529411,0.7859922178988327
3,16,regular,3,1115,1109,6,1105,10,4,0.9910313901345291,0.9963931469792606,1.005410279531109,0.9937050359712231
3,16,semiregular,3,593,681,88,558,35,123,0.9409780775716695,0.8193832599118943,0.8707782672540382,0.8759811616954475
3,16,irregular,3,221,272,51,194,27,78,0.8778280542986425,0.7132352941176471,0.8125,0.7870182555780932
3,17,regular,1,380,1029,649,379,1,650,0.9973684210526316,0.3683187560738581,0.369290573372206,0.5379701916252662
3,17,semiregular,1,609,837,228,568,41,269,0.9326765188834154,0.6786140979689367,0.7275985663082437,0.7856154910096819
3,17,irregular,1,360,240,120,103,257,137,0.2861111111111111,0.42916666666666664,1.5,0.3433333333333333
3,17,regular,2,1054,1029,25,1018,36,11,0.9658444022770398,0.989310009718173,1.0242954324586977,0.9774363898223715
3,17,semiregular,2,873,837,36,791,82,46,0.9060710194730813,0.945041816009558,1.043010752688172,0.9251461988304094
3,17,irregular,2,265,240,25,187,78,53,0.7056603773584905,0.7791666666666667,1.1041666666666667,0.7405940594059406
3,17,regular,3,1055,1029,26,1028,27,1,0.9744075829383886,0.9990281827016521,1.0252672497570456,0.9865642994241843
3,17,semiregular,3,828,837,9,785,43,52,0.9480676328502415,0.937873357228196,0.989247311827957,0.9429429429429429
3,17,irregular,3,248,240,8,205,43,35,0.8266129032258065,0.8541666666666666,1.0333333333333334,0.8401639344262295
3,18,regular,1,770,1044,274,770,0,274,1.0,0.7375478927203065,0.7375478927203065,0.8489525909592062
3,18,semiregular,1,614,801,187,579,35,222,0.9429967426710097,0.7228464419475655,0.766541822721598,0.818374558303887
3,18,irregular,1,172,252,80,109,63,143,0.6337209302325582,0.43253968253968256,0.6825396825396826,0.5141509433962265
3,18,regular,2,1088,1044,44,1042,46,2,0.9577205882352942,0.9980842911877394,1.0421455938697317,0.9774859287054408
3,18,semiregular,2,830,801,29,776,54,25,0.9349397590361446,0.968789013732834,1.0362047440699127,0.9515634580012262
3,18,irregular,2,233,252,19,196,37,56,0.8412017167381974,0.7777777777777778,0.9246031746031746,0.8082474226804124
3,18,regular,3,1050,1044,6,1042,8,2,0.9923809523809524,0.9980842911877394,1.0057471264367817,0.9952244508118434
3,18,semiregular,3,810,801,9,764,46,37,0.9432098765432099,0.9538077403245943,1.0112359550561798,0.9484792054624457
3,18,irregular,3,266,252,14,225,41,27,0.8458646616541353,0.8928571428571429,1.0555555555555556,0.8687258687258688
3,19,regular,1,1073,1076,3,1062,11,14,0.9897483690587139,0.9869888475836431,0.9972118959107806,0.9883666821777571
3,19,semiregular,1,722,753,31,680,42,73,0.9418282548476454,0.9030544488711819,0.9588313413014609,0.9220338983050848
3,19,irregular,1,254,245,9,186,68,59,0.7322834645669292,0.7591836734693878,1.036734693877551,0.7454909819639279
3,19,regular,2,1079,1076,3,1073,6,3,0.9944392956441149,0.9972118959107806,1.0027881040892193,0.9958236658932714
3,19,semiregular,2,737,753,16,698,39,55,0.9470827679782904,0.9269588313413014,0.9787516600265604,0.9369127516778524
3,19,irregular,2,245,245,0,200,45,45,0.8163265306122449,0.8163265306122449,1.0,0.8163265306122449
3,19,regular,3,1071,1076,5,1068,3,8,0.9971988795518207,0.9925650557620818,0.9953531598513011,0.9948765719608755
3,19,semiregular,3,705,753,48,666,39,87,0.9446808510638298,0.8844621513944223,0.9362549800796812,0.9135802469135803
3,19,irregular,3,238,245,7,208,30,37,0.8739495798319328,0.8489795918367347,0.9714285714285714,0.8612836438923396
3,20,regular,1,1208,1251,43,1201,7,50,0.9942052980132451,0.9600319744204636,0.9656274980015987,0.9768198454656365
3,20,semiregular,1,855,841,14,757,98,84,0.8853801169590644,0.9001189060642093,1.0166468489892984,0.8926886792452831
3,20,irregular,1,278,252,26,174,104,78,0.6258992805755396,0.6904761904761905,1.1031746031746033,0.6566037735849057
3,20,regular,2,1240,1251,11,1225,15,26,0.9879032258064516,0.9792166266986411,0.991207034372502,0.9835407466880771
3,20,semiregular,2,793,841,48,717,76,124,0.9041614123581336,0.8525564803804994,0.9429250891795482,0.8776009791921665
3,20,irregular,2,226,252,26,199,27,53,0.8805309734513275,0.7896825396825397,0.8968253968253969,0.8326359832635983
3,20,regular,3,1207,1251,44,1205,2,46,0.9983429991714996,0.9632294164668266,0.964828137490008,0.9804719283970709
3,20,semiregular,3,805,841,36,742,63,99,0.9217391304347826,0.882282996432818,0.9571938168846611,0.9015795868772782
3,20,irregular,3,242,252,10,205,37,47,0.8471074380165289,0.8134920634920635,0.9603174603174603,0.8299595141700404
3,21,regular,1,933,920,13,920,13,0,0.9860664523043944,1.0,1.0141304347826088,0.9929843497031839
3,21,semiregular,1,579,549,30,484,95,65,0.8359240069084629,0.8816029143897997,1.0546448087431695,0.8581560283687943
3,21,irregular,1,214,204,10,154,60,50,0.719626168224299,0.7549019607843137,1.0490196078431373,0.736842105263158
3,21,regular,2,907,920,13,901,6,19,0.9933847850055126,0.9793478260869565,0.9858695652173913,0.9863163656267104
3,21,semiregular,2,594,549,45,512,82,37,0.8619528619528619,0.9326047358834244,1.0819672131147542,0.8958880139982501
3,21,irregular,2,193,204,11,164,29,40,0.8497409326424871,0.803921568627451,0.946078431372549,0.8261964735516373
3,21,regular,3,908,920,12,907,1,13,0.998898678414097,0.9858695652173913,0.9869565217391304,0.9923413566739607
3,21,semiregular,3,565,549,16,510,55,39,0.9026548672566371,0.9289617486338798,1.029143897996357,0.9156193895870737
3,21,irregular,3,208,204,4,187,21,17,0.8990384615384616,0.9166666666666666,1.0196078431372548,0.9077669902912622
3,22,regular,1,970,946,24,944,26,2,0.9731958762886598,0.9978858350951374,1.025369978858351,0.9853862212943634
3,22,semiregular,1,705,703,2,630,75,73,0.8936170212765957,0.8961593172119487,1.0028449502133712,0.8948863636363635
3,22,irregular,1,202,247,45,157,45,90,0.7772277227722773,0.6356275303643725,0.8178137651821862,0.6993318485523385
3,22,regular,2,956,946,10,932,24,14,0.9748953974895398,0.985200845665962,1.0105708245243128,0.9800210304942167
3,22,semiregular,2,691,703,12,642,49,61,0.9290882778581766,0.9132290184921764,0.9829302987197724,0.9210903873744619
3,22,irregular,2,209,247,38,182,27,65,0.8708133971291866,0.7368421052631579,0.8461538461538461,0.7982456140350878
3,22,regular,3,936,946,10,934,2,12,0.9978632478632479,0.9873150105708245,0.9894291754756871,0.9925611052072264
3,22,semiregular,3,685,703,18,652,33,51,0.9518248175182482,0.9274537695590327,0.9743954480796586,0.9394812680115274
3,22,irregular,3,250,247,3,209,41,38,0.836,0.8461538461538461,1.0121457489878543,0.841046277665996
3,23,regular,1,1000,999,1,992,8,7,0.992,0.992992992992993,1.001001001001001,0.9924962481240621
3,23,semiregular,1,821,835,14,741,80,94,0.902557856272838,0.8874251497005988,0.9832335329341317,0.8949275362318841
3,23,irregular,1,299,266,33,193,106,73,0.6454849498327759,0.7255639097744361,1.1240601503759398,0.6831858407079645
3,23,regular,2,955,999,44,949,6,50,0.993717277486911,0.94994994994995,0.955955955955956,0.9713408393039918
3,23,semiregular,2,811,835,24,750,61,85,0.9247842170160296,0.8982035928143712,0.9712574850299401,0.9113001215066828
3,23,irregular,2,242,266,24,198,44,68,0.8181818181818182,0.7443609022556391,0.9097744360902256,0.7795275590551181
3,23,regular,3,991,999,8,985,6,14,0.9939455095862765,0.985985985985986,0.991991991991992,0.9899497487437185
3,23,semiregular,3,822,835,13,766,56,69,0.9318734793187348,0.9173652694610779,0.9844311377245509,0.9245624622812313
3,23,irregular,3,265,266,1,216,49,50,0.8150943396226416,0.8120300751879699,0.9962406015037594,0.8135593220338982
3,24,regular,1,1082,1079,3,1071,11,8,0.9898336414048059,0.9925857275254866,1.0027803521779426,0.991207774178621
3,24,semiregular,1,656,680,24,591,65,89,0.9009146341463414,0.8691176470588236,0.9647058823529412,0.8847305389221557
3,24,irregular,1,166,247,81,125,41,122,0.7530120481927711,0.5060728744939271,0.6720647773279352,0.6053268765133172
3,24,regular,2,1065,1079,14,1054,11,25,0.9896713615023475,0.9768303985171455,0.9870250231696015,0.9832089552238806
3,24,semiregular,2,677,680,3,647,30,33,0.9556868537666174,0.9514705882352941,0.9955882352941177,0.9535740604274133
3,24,irregular,2,210,247,37,197,13,50,0.9380952380952381,0.7975708502024291,0.8502024291497976,0.8621444201312911
3,24,regular,3,1066,1079,13,1063,3,16,0.9971857410881801,0.9851714550509731,0.9879518072289156,0.9911421911421912
3,24,semiregular,3,669,680,11,648,21,32,0.968609865470852,0.9529411764705882,0.9838235294117647,0.9607116382505559
3,24,irregular,3,235,247,12,219,16,28,0.9319148936170213,0.8866396761133604,0.951417004048583,0.9087136929460581
3,25,regular,1,953,946,7,943,10,3,0.9895068205666316,0.9968287526427061,1.007399577167019,0.9931542917324907
3,25,semiregular,1,684,718,34,622,62,96,0.9093567251461988,0.8662952646239555,0.9526462395543176,0.8873038516405136
3,25,irregular,1,207,207,0,140,67,67,0.6763285024154589,0.6763285024154589,1.0,0.6763285024154589
3,25,regular,2,924,946,22,918,6,28,0.9935064935064936,0.9704016913319239,0.9767441860465116,0.9818181818181818
3,25,semiregular,2,734,718,16,675,59,43,0.9196185286103542,0.9401114206128134,1.0222841225626742,0.9297520661157025
3,25,irregular,2,195,207,12,149,46,58,0.764102564102564,0.7198067632850241,0.9420289855072463,0.7412935323383084
3,25,regular,3,922,946,24,921,1,25,0.9989154013015185,0.9735729386892178,0.9746300211416491,0.9860813704496788
3,25,semiregular,3,668,718,50,629,39,89,0.9416167664670658,0.8760445682451253,0.9303621169916435,0.9076479076479076
3,25,irregular,3,212,207,5,162,50,45,0.7641509433962265,0.782608695652174,1.0241545893719808,0.7732696897374702
3,26,regular,1,989,985,4,974,15,11,0.9848331648129424,0.9888324873096447,1.0040609137055838,0.9868287740628167
3,26,semiregular,1,758,720,38,673,85,47,0.8878627968337731,0.9347222222222222,1.0527777777777778,0.9106901217861976
3,26,irregular,1,263,214,49,172,91,42,0.6539923954372624,0.8037383177570093,1.2289719626168225,0.721174004192872
3,26,regular,2,991,985,6,968,23,17,0.9767911200807265,0.9827411167512691,1.0060913705583756,0.979757085020243
3,26,semiregular,2,702,720,18,647,55,73,0.9216524216524217,0.8986111111111111,0.975,0.909985935302391
3,26,irregular,2,189,214,25,140,49,74,0.7407407407407407,0.6542056074766355,0.883177570093458,0.694789081885856
3,26,regular,3,979,985,6,974,5,11,0.9948927477017364,0.9888324873096447,0.9939086294416244,0.9918533604887982
3,26,semiregular,3,701,720,19,659,42,61,0.9400855920114123,0.9152777777777777,0.9736111111111111,0.9275158339197749
3,26,irregular,3,270,214,56,196,74,18,0.725925925925926,0.9158878504672897,1.2616822429906542,0.8099173553719008
3,27,regular,1,1147,1166,19,1145,2,21,0.998256320836966,0.9819897084048027,0.983704974271012,0.9900562040639861
3,27,semiregular,1,659,728,69,607,52,121,0.921092564491654,0.8337912087912088,0.9052197802197802,0.875270367700072
3,27,irregular,1,215,270,55,175,40,95,0.813953488372093,0.6481481481481481,0.7962962962962963,0.7216494845360826
3,27,regular,2,1113,1166,53,1103,10,63,0.9910152740341419,0.9459691252144082,0.9545454545454546,0.9679684071961387
3,27,semiregular,2,750,728,22,683,67,45,0.9106666666666666,0.9381868131868132,1.0302197802197801,0.9242219215155616
3,27,irregular,2,240,270,30,211,29,59,0.8791666666666667,0.7814814814814814,0.8888888888888888,0.8274509803921568
3,27,regular,3,1161,1166,5,1160,1,6,0.9991386735572783,0.9948542024013722,0.9957118353344768,0.9969918349806618
3,27,semiregular,3,696,728,32,665,31,63,0.9554597701149425,0.9134615384615384,0.9560439560439561,0.9339887640449438
3,27,irregular,3,253,270,17,224,29,46,0.8853754940711462,0.8296296296296296,0.937037037037037,0.8565965583173996
3,28,regular,1,1079,1098,19,1074,5,24,0.995366079703429,0.9781420765027322,0.982695810564663,0.9866789159393662
3,28,semiregular,1,862,859,3,794,68,65,0.9211136890951276,0.9243306169965075,1.0034924330616997,0.9227193492155723
3,28,irregular,1,275,293,18,171,104,122,0.6218181818181818,0.5836177474402731,0.9385665529010239,0.602112676056338
3,28,regular,2,1109,1098,11,1089,20,9,0.981965734896303,0.9918032786885246,1.0100182149362478,0.9868599909379249
3,28,semiregular,2,849,859,10,793,56,66,0.934040047114252,0.9231664726426076,0.9883585564610011,0.9285714285714286
3,28,irregular,2,255,293,38,206,49,87,0.807843137254902,0.7030716723549488,0.8703071672354948,0.7518248175182481
3,28,regular,3,1086,1098,12,1083,3,15,0.9972375690607734,0.9863387978142076,0.9890710382513661,0.9917582417582417
3,28,semiregular,3,828,859,31,792,36,67,0.9565217391304348,0.9220023282887078,0.9639115250291036,0.9389448725548312
3,28,irregular,3,285,293,8,228,57,65,0.8,0.7781569965870307,0.9726962457337884,0.7889273356401385
3,29,regular,1,1134,1140,6,1132,2,8,0.9982363315696648,0.9929824561403509,0.9947368421052631,0.9956024626209322
3,29,semiregular,1,919,869,50,812,107,57,0.8835690968443961,0.9344073647871116,1.0575373993095512,0.9082774049217003
3,29,irregular,1,243,247,4,180,63,67,0.7407407407407407,0.728744939271255,0.9838056680161943,0.7346938775510204
3,29,regular,2,1093,1140,47,1088,5,52,0.9954254345837146,0.9543859649122807,0.9587719298245614,0.9744738020600089
3,29,semiregular,2,955,869,86,844,111,25,0.8837696335078534,0.9712313003452244,1.098964326812428,0.9254385964912281
3,29,irregular,2,248,247,1,209,39,38,0.842741935483871,0.8461538461538461,1.0040485829959513,0.8444444444444443
3,29,regular,3,1123,1140,17,1123,0,17,1.0,0.9850877192982456,0.9850877192982456,0.9924878479893946
3,29,semiregular,3,851,869,18,785,66,84,0.9224441833137486,0.903337169159954,0.9792865362485615,0.9127906976744187
3,29,irregular,3,251,247,4,216,35,31,0.8605577689243028,0.8744939271255061,1.0161943319838056,0.8674698795180724
3,30,regular,1,981,997,16,979,2,18,0.9979612640163099,0.9819458375125376,0.9839518555667001,0.9898887765419616
3,30,semiregular,1,802,810,8,737,65,73,0.9189526184538653,0.9098765432098765,0.9901234567901235,0.9143920595533499
3,30,irregular,1,235,250,15,159,76,91,0.676595744680851,0.636,0.94,0.6556701030927834
3,30,regular,2,964,997,33,962,2,35,0.9979253112033195,0.9648946840521565,0.966900702106319,0.9811320754716981
3,30,semiregular,2,802,810,8,756,46,54,0.942643391521197,0.9333333333333333,0.9901234567901235,0.9379652605459058
3,30,irregular,2,217,250,33,186,31,64,0.8571428571428571,0.744,0.868,0.7965738758029979
3,30,regular,3,988,997,9,987,1,10,0.9989878542510121,0.9899699097291875,0.9909729187562688,0.9944584382871536
3,30,semiregular,3,798,810,12,759,39,51,0.9511278195488722,0.937037037037037,0.9851851851851852,0.9440298507462687
3,30,irregular,3,259,250,9,210,49,40,0.8108108108108109,0.84,1.036,0.825147347740668
4,1,regular,1,981,937,44,935,46,2,0.9531090723751274,0.9978655282817502,1.0469583778014941,0.9749739311783108
4,1,semiregular,1,685,703,18,605,80,98,0.8832116788321168,0.8605974395448079,0.9743954480796586,0.8717579250720461
4,1,irregular,1,186,199,13,142,44,57,0.7634408602150538,0.7135678391959799,0.9346733668341709,0.7376623376623376
4,1,regular,2,948,937,11,895,53,42,0.9440928270042194,0.9551760939167556,1.0117395944503735,0.9496021220159151
4,1,semiregular,2,673,703,30,602,71,101,0.8945022288261516,0.8563300142247511,0.957325746799431,0.875
4,1,irregular,2,184,199,15,162,22,37,0.8804347826086957,0.8140703517587939,0.9246231155778895,0.8459530026109662
4,1,regular,3,935,937,2,930,5,7,0.9946524064171123,0.9925293489861259,0.9978655282817502,0.9935897435897435
4,1,semiregular,3,731,703,28,648,83,55,0.8864569083447332,0.9217638691322901,1.0398293029871977,0.9037656903765691
4,1,irregular,3,189,199,10,169,20,30,0.8941798941798942,0.8492462311557789,0.949748743718593,0.8711340206185567
4,2,regular,1,1215,1224,9,1202,13,22,0.9893004115226337,0.9820261437908496,0.9926470588235294,0.985649856498565
4,2,semiregular,1,550,647,97,526,24,121,0.9563636363636364,0.8129829984544049,0.8500772797527048,0.8788638262322473
4,2,irregular,1,198,217,19,129,69,88,0.6515151515151515,0.5944700460829493,0.9124423963133641,0.6216867469879518
4,2,regular,2,1157,1224,67,1141,16,83,0.986171132238548,0.9321895424836601,0.9452614379084967,0.9584208315833683
4,2,semiregular,2,599,647,48,576,23,71,0.9616026711185309,0.8902627511591963,0.9258114374034003,0.9245585874799358
4,2,irregular,2,212,217,5,181,31,36,0.8537735849056604,0.8341013824884793,0.9769585253456221,0.8438228438228438
4,2,regular,3,1220,1224,4,1216,4,8,0.9967213114754099,0.9934640522875817,0.9967320261437909,0.9950900163666122
4,2,semiregular,3,648,647,1,616,32,31,0.9506172839506173,0.9520865533230294,1.001545595054096,0.9513513513513514
4,2,irregular,3,190,217,27,167,23,50,0.8789473684210526,0.7695852534562212,0.8755760368663594,0.8206388206388207
4,3,regular,1,1078,1053,25,1053,25,0,0.9768089053803339,1.0,1.0237416904083572,0.988268418582825
4,3,semiregular,1,669,716,47,628,41,88,0.9387144992526159,0.8770949720670391,0.9343575418994413,0.9068592057761732
4,3,irregular,1,212,224,12,144,68,80,0.6792452830188679,0.6428571428571429,0.9464285714285714,0.6605504587155964
4,3,regular,2,987,1053,66,982,5,71,0.9949341438703141,0.932573599240266,0.9373219373219374,0.9627450980392158
4,3,semiregular,2,692,716,24,643,49,73,0.9291907514450867,0.8980446927374302,0.9664804469273743,0.9133522727272727
4,3,irregular,2,203,224,21,179,24,45,0.8817733990147784,0.7991071428571429,0.90625,0.8384074941451991
4,3,regular,3,1041,1053,12,1040,1,13,0.9990393852065321,0.9876543209876543,0.9886039886039886,0.9933142311365806
4,3,semiregular,3,731,716,15,679,52,37,0.9288645690834473,0.9483240223463687,1.020949720670391,0.9384934346924672
4,3,irregular,3,221,224,3,188,33,36,0.8506787330316742,0.8392857142857143,0.9866071428571429,0.8449438202247191
4,4,regular,1,1156,1101,55,1092,64,9,0.9446366782006921,0.9918256130790191,1.0499545867393278,0.967656180770935
4,4,semiregular,1,621,614,7,528,93,86,0.8502415458937198,0.8599348534201955,1.011400651465798,0.8550607287449392
4,4,irregular,1,219,228,9,153,66,75,0.6986301369863014,0.6710526315789473,0.9605263157894737,0.6845637583892618
4,4,regular,2,1101,1101,0,1088,13,13,0.9881925522252498,0.9881925522252498,1.0,0.9881925522252498
4,4,semiregular,2,573,614,41,534,39,80,0.9319371727748691,0.8697068403908795,0.9332247557003257,0.8997472620050548
4,4,irregular,2,221,228,7,184,37,44,0.832579185520362,0.8070175438596491,0.9692982456140351,0.8195991091314032
4,4,regular,3,1099,1101,2,1097,2,4,0.9981801637852593,0.9963669391462306,0.9981834695731153,0.9972727272727273
4,4,semiregular,3,623,614,9,574,49,40,0.9213483146067416,0.9348534201954397,1.014657980456026,0.9280517380759903
4,4,irregular,3,216,228,12,190,26,38,0.8796296296296297,0.8333333333333334,0.9473684210526315,0.8558558558558559
4,5,regular,1,1089,1044,45,1044,45,0,0.9586776859504132,1.0,1.043103448275862,0.9789029535864979
4,5,semiregular,1,696,668,28,629,67,39,0.9037356321839081,0.9416167664670658,1.0419161676646707,0.9222873900293255
4,5,irregular,1,229,217,12,165,64,52,0.7205240174672489,0.7603686635944701,1.055299539170507,0.7399103139013453
4,5,regular,2,1045,1044,1,1037,8,7,0.9923444976076555,0.9932950191570882,1.0009578544061302,0.9928195308760172
4,5,semiregular,2,665,668,3,608,57,60,0.9142857142857143,0.9101796407185628,0.9955089820359282,0.9122280570142535
4,5,irregular,2,213,217,4,181,32,36,0.8497652582159625,0.8341013824884793,0.9815668202764977,0.8418604651162791
4,5,regular,3,1038,1044,6,1036,2,8,0.9980732177263969,0.9923371647509579,0.9942528735632183,0.9951969260326609
4,5,semiregular,3,698,668,30,638,60,30,0.9140401146131805,0.9550898203592815,1.0449101796407185,0.9341142020497804
4,5,irregular,3,193,217,24,167,26,50,0.8652849740932642,0.7695852534562212,0.8894009216589862,0.8146341463414635
4,6,regular,1,955,915,40,908,47,7,0.9507853403141361,0.9923497267759562,1.0437158469945356,0.9711229946524064
4,6,semiregular,1,688,701,13,641,47,60,0.9316860465116279,0.9144079885877318,0.9814550641940085,0.9229661627069833
4,6,irregular,1,181,195,14,117,64,78,0.6464088397790055,0.6,0.9282051282051282,0.6223404255319148
4,6,regular,2,983,915,68,915,68,0,0.930824008138352,1.0,1.0743169398907104,0.964172813487882
4,6,semiregular,2,673,701,28,638,35,63,0.9479940564635958,0.9101283880171184,0.9600570613409415,0.9286754002911207
4,6,irregular,2,181,195,14,120,61,75,0.6629834254143646,0.6153846153846154,0.9282051282051282,0.6382978723404256
4,6,regular,3,912,915,3,908,4,7,0.9956140350877193,0.9923497267759562,0.9967213114754099,0.9939792008757525
4,6,semiregular,3,720,701,19,678,42,23,0.9416666666666667,0.9671897289586305,1.0271041369472182,0.9542575650950036
4,6,irregular,3,198,195,3,174,24,21,0.8787878787878788,0.8923076923076924,1.0153846153846153,0.8854961832061069
4,7,regular,1,1225,1230,5,1210,15,20,0.9877551020408163,0.983739837398374,0.9959349593495935,0.9857433808553971
4,7,semiregular,1,749,761,12,680,69,81,0.9078771695594126,0.8935611038107752,0.9842312746386334,0.9006622516556291
4,7,irregular,1,244,225,19,154,90,71,0.6311475409836066,0.6844444444444444,1.0844444444444445,0.6567164179104477
4,7,regular,2,1219,1230,11,1202,17,28,0.9860541427399507,0.9772357723577236,0.9910569105691057,0.9816251531237239
4,7,semiregular,2,694,761,67,634,60,127,0.9135446685878963,0.8331143232588699,0.911957950065703,0.8714776632302406
4,7,irregular,2,206,225,19,187,19,38,0.9077669902912622,0.8311111111111111,0.9155555555555556,0.8677494199535962
4,7,regular,3,1225,1230,5,1222,3,8,0.9975510204081632,0.9934959349593496,0.9959349593495935,0.995519348268839
4,7,semiregular,3,774,761,13,698,76,63,0.9018087855297158,0.9172141918528253,1.0170827858081473,0.9094462540716614
4,7,irregular,3,214,225,11,195,19,30,0.9112149532710281,0.8666666666666667,0.9511111111111111,0.8883826879271071
4,8,regular,1,1074,1035,39,1028,46,7,0.957169459962756,0.9932367149758454,1.03768115942029,0.9748696064485538
4,8,semiregular,1,807,827,20,723,84,104,0.895910780669145,0.8742442563482467,0.9758162031438936,0.8849449204406363
4,8,irregular,1,239,243,4,154,85,89,0.6443514644351465,0.6337448559670782,0.9835390946502057,0.6390041493775934
4,8,regular,2,1022,1035,13,1011,11,24,0.9892367906066536,0.9768115942028985,0.9874396135265701,0.9829849295089937
4,8,semiregular,2,779,827,48,728,51,99,0.9345314505776636,0.8802902055622733,0.9419588875453446,0.9066002490660026
4,8,irregular,2,217,243,26,182,35,61,0.8387096774193549,0.7489711934156379,0.8930041152263375,0.7913043478260869
4,8,regular,3,1033,1035,2,1029,4,6,0.9961277831558567,0.9942028985507246,0.9980676328502416,0.995164410058027
4,8,semiregular,3,849,827,22,788,61,39,0.928150765606596,0.9528415961305925,1.026602176541717,0.9403341288782816
4,8,irregular,3,216,243,27,183,33,60,0.8472222222222222,0.7530864197530864,0.8888888888888888,0.7973856209150327
4,9,regular,1,1117,1107,10,1105,12,2,0.9892569382273948,0.998193315266486,1.00903342366757,0.993705035971223
4,9,semiregular,1,607,701,94,583,24,118,0.9604612850082372,0.8316690442225392,0.8659058487874465,0.8914373088685016
4,9,irregular,1,208,266,58,155,53,111,0.7451923076923077,0.5827067669172933,0.7819548872180451,0.6540084388185654
4,9,regular,2,1045,1107,62,1037,8,70,0.9923444976076555,0.9367660343270099,0.9439927732610659,0.9637546468401488
4,9,semiregular,2,604,701,97,585,19,116,0.9685430463576159,0.8345221112696148,0.8616262482168331,0.8965517241379309
4,9,irregular,2,238,266,28,211,27,55,0.8865546218487395,0.793233082706767,0.8947368421052632,0.8373015873015872
4,9,regular,3,1083,1107,24,1081,2,26,0.9981532779316713,0.976513098464318,0.978319783197832,0.9872146118721461
4,9,semiregular,3,706,701,5,679,27,22,0.9617563739376771,0.9686162624821684,1.007132667617689,0.9651741293532339
4,9,irregular,3,225,266,41,198,27,68,0.88,0.7443609022556391,0.8458646616541353,0.8065173116089613
4,10,regular,1,1055,1014,41,1007,48,7,0.9545023696682464,0.9930966469428008,1.0404339250493098,0.9734171097148381
4,10,semiregular,1,644,656,12,605,39,51,0.9394409937888198,0.9222560975609756,0.9817073170731707,0.9307692307692307
4,10,irregular,1,208,247,39,169,39,78,0.8125,0.6842105263157895,0.8421052631578947,0.742857142857143
4,10,regular,2,1064,1014,50,1014,50,0,0.9530075187969925,1.0,1.04930966469428,0.9759384023099135
4,10,semiregular,2,647,656,9,606,41,50,0.9366306027820711,0.9237804878048781,0.9862804878048781,0.9301611665387568
4,10,irregular,2,229,247,18,205,24,42,0.8951965065502183,0.8299595141700404,0.9271255060728745,0.861344537815126
4,10,regular,3,1015,1014,1,1010,5,4,0.9950738916256158,0.9960552268244576,1.0009861932938855,0.995564317397733
4,10,semiregular,3,664,656,8,623,41,33,0.9382530120481928,0.9496951219512195,1.0121951219512195,0.943939393939394
4,10,irregular,3,250,247,3,221,29,26,0.884,0.8947368421052632,1.0121457489878543,0.8893360160965794
4,11,regular,1,1121,1070,51,1069,52,1,0.9536128456735058,0.9990654205607477,1.047663551401869,0.9758101323596532
4,11,semiregular,1,728,700,28,649,79,51,0.8914835164835165,0.9271428571428572,1.04,0.9089635854341737
4,11,irregular,1,209,239,30,160,49,79,0.7655502392344498,0.6694560669456067,0.8744769874476988,0.7142857142857142
4,11,regular,2,1055,1070,15,1051,4,19,0.9962085308056872,0.9822429906542056,0.985981308411215,0.9891764705882353
4,11,semiregular,2,674,700,26,623,51,77,0.9243323442136498,0.89,0.9628571428571429,0.9068413391557496
4,11,irregular,2,203,239,36,183,20,56,0.9014778325123153,0.7656903765690377,0.8493723849372385,0.828054298642534
4,11,regular,3,1064,1070,6,1063,1,7,0.9990601503759399,0.9934579439252337,0.994392523364486,0.9962511715089035
4,11,semiregular,3,709,700,9,658,51,42,0.9280677009873061,0.94,1.012857142857143,0.9339957416607524
4,11,irregular,3,208,239,31,182,26,57,0.875,0.7615062761506276,0.8702928870292888,0.8143176733780761
4,12,regular,1,1081,1007,74,1007,74,0,0.9315448658649399,1.0,1.0734856007944389,0.9645593869731801
4,12,semiregular,1,696,641,55,598,98,43,0.8591954022988506,0.9329173166926678,1.0858034321372856,0.8945400149588633
4,12,irregular,1,230,204,26,169,61,35,0.7347826086956522,0.8284313725490197,1.1274509803921569,0.7788018433179723
4,12,regular,2,1061,1007,54,1007,54,0,0.9491046182846371,1.0,1.0536246276067527,0.9738878143133463
4,12,semiregular,2,636,641,5,569,67,72,0.8946540880503144,0.8876755070202809,0.9921996879875195,0.8911511354737666
4,12,irregular,2,231,204,27,182,49,22,0.7878787878787878,0.8921568627450981,1.1323529411764706,0.8367816091954023
4,12,regular,3,1011,1007,4,1007,4,0,0.9960435212660732,1.0,1.0039721946375373,0.998017839444995
4,12,semiregular,3,662,641,21,593,69,48,0.8957703927492447,0.9251170046801872,1.032761310452418,0.9102072141212587
4,12,irregular,3,220,204,16,188,32,16,0.8545454545454545,0.9215686274509803,1.0784313725490196,0.8867924528301887
4,13,regular,1,1035,1000,35,1000,35,0,0.966183574879227,1.0,1.035,0.9828009828009828
4,13,semiregular,1,855,815,40,783,72,32,0.9157894736842105,0.9607361963190184,1.049079754601227,0.9377245508982036
4,13,irregular,1,243,216,27,159,84,57,0.654320987654321,0.7361111111111112,1.125,0.6928104575163399
4,13,regular,2,1034,1000,34,1000,34,0,0.9671179883945842,1.0,1.034,0.9832841691248771
4,13,semiregular,2,789,815,26,750,39,65,0.9505703422053232,0.9202453987730062,0.9680981595092024,0.9351620947630924
4,13,irregular,2,237,216,21,180,57,36,0.759493670886076,0.8333333333333334,1.0972222222222223,0.7947019867549668
4,13,regular,3,997,1000,3,997,0,3,1.0,0.997,0.997,0.99849774661993
4,13,semiregular,3,826,815,11,787,39,28,0.9527845036319612,0.9656441717791411,1.0134969325153373,0.9591712370505789
4,13,irregular,3,217,216,1,197,20,19,0.9078341013824884,0.9120370370370371,1.0046296296296295,0.9099307159353348
4,14,regular,1,1060,1052,8,1048,12,4,0.9886792452830189,0.9961977186311787,1.0076045627376427,0.9924242424242423
4,14,semiregular,1,818,913,95,774,44,139,0.9462102689486552,0.8477546549835706,0.895947426067908,0.8942807625649914
4,14,irregular,1,195,217,22,145,50,72,0.7435897435897436,0.6682027649769585,0.8986175115207373,0.703883495145631
4,14,regular,2,1002,1052,50,996,6,56,0.9940119760479041,0.9467680608365019,0.9524714828897338,0.9698149951314509
4,14,semiregular,2,844,913,69,800,44,113,0.9478672985781991,0.8762322015334063,0.9244249726177437,0.910643141718839
4,14,irregular,2,222,217,5,188,34,29,0.8468468468468469,0.8663594470046083,1.023041474654378,0.8564920273348519
4,14,regular,3,1046,1052,6,1046,0,6,1.0,0.9942965779467681,0.9942965779467681,0.9971401334604385
4,14,semiregular,3,910,913,3,855,55,58,0.9395604395604396,0.9364731653888281,0.9967141292442497,0.9380142622051564
4,14,irregular,3,189,217,28,170,19,47,0.8994708994708994,0.783410138248848,0.8709677419354839,0.8374384236453202
4,15,regular,1,1023,964,59,964,59,0,0.9423264907135875,1.0,1.0612033195020747,0.9703069954705587
4,15,semiregular,1,793,774,19,737,56,37,0.9293820933165196,0.9521963824289406,1.024547803617571,0.9406509253350351
4,15,irregular,1,198,218,20,166,32,52,0.8383838383838383,0.7614678899082569,0.908256880733945,0.798076923076923
4,15,regular,2,940,964,24,933,7,31,0.9925531914893617,0.9678423236514523,0.975103734439834,0.9800420168067226
4,15,semiregular,2,723,774,51,690,33,84,0.9543568464730291,0.8914728682170543,0.9341085271317829,0.9218436873747496
4,15,irregular,2,191,218,27,175,16,43,0.9162303664921466,0.8027522935779816,0.8761467889908257,0.8557457212713935
4,15,regular,3,953,964,11,952,1,12,0.9989506820566632,0.9875518672199171,0.9885892116182573,0.9932185706833594
4,15,semiregular,3,763,774,11,725,38,49,0.9501965923984272,0.9366925064599483,0.9857881136950905,0.9433962264150944
4,15,irregular,3,211,218,7,193,18,25,0.9146919431279621,0.8853211009174312,0.9678899082568807,0.8997668997668997
4,16,regular,1,1144,1109,35,1109,35,0,0.9694055944055944,1.0,1.0315599639314699,0.9844651575676875
4,16,semiregular,1,690,681,9,606,84,75,0.8782608695652174,0.8898678414096917,1.013215859030837,0.8840262582056894
4,16,irregular,1,242,272,30,140,102,132,0.5785123966942148,0.5147058823529411,0.8897058823529411,0.5447470817120622
4,16,regular,2,1126,1109,17,1107,19,2,0.9831261101243339,0.9981965734896303,1.0153291253381425,0.9906040268456376
4,16,semiregular,2,646,681,35,604,42,77,0.934984520123839,0.8869309838472834,0.9486049926578561,0.9103240391861341
4,16,irregular,2,258,272,14,215,43,57,0.8333333333333334,0.7904411764705882,0.9485294117647058,0.8113207547169812
4,16,regular,3,1116,1109,7,1108,8,1,0.992831541218638,0.9990982867448152,1.006311992786294,0.9959550561797753
4,16,semiregular,3,677,681,4,618,59,63,0.912850812407681,0.9074889867841409,0.9941262848751835,0.9101620029455082
4,16,irregular,3,213,272,59,190,23,82,0.892018779342723,0.6985294117647058,0.7830882352941176,0.7835051546391752
4,17,regular,1,1062,1029,33,1029,33,0,0.9689265536723164,1.0,1.032069970845481,0.9842180774748924
4,17,semiregular,1,822,837,15,743,79,94,0.9038929440389294,0.8876941457586619,0.982078853046595,0.8957203134418324
4,17,irregular,1,252,240,12,139,113,101,0.5515873015873016,0.5791666666666667,1.05,0.5650406504065041
4,17,regular,2,1061,1029,32,1029,32,0,0.9698397737983034,1.0,1.031098153547133,0.984688995215311
4,17,semiregular,2,815,837,22,761,54,76,0.9337423312883436,0.9091995221027479,0.973715651135006,0.9213075060532687
4,17,irregular,2,267,240,27,195,72,45,0.7303370786516854,0.8125,1.1125,0.7692307692307693
4,17,regular,3,1037,1029,8,1029,8,0,0.9922854387656702,1.0,1.0077745383867833,0.9961277831558567
4,17,semiregular,3,847,837,10,797,50,40,0.9409681227863046,0.9522102747909199,1.01194743130227,0.9465558194774346
4,17,irregular,3,218,240,22,185,33,55,0.8486238532110092,0.7708333333333334,0.9083333333333333,0.8078602620087336
4,18,regular,1,1088,1044,44,1044,44,0,0.9595588235294118,1.0,1.0421455938697317,0.9793621013133209
4,18,semiregular,1,797,801,4,744,53,57,0.9335006273525721,0.9288389513108615,0.9950062421972534,0.9311639549436797
4,18,irregular,1,234,252,18,173,61,79,0.7393162393162394,0.6865079365079365,0.9285714285714286,0.7119341563786008
4,18,regular,2,1118,1044,74,1044,74,0,0.9338103756708408,1.0,1.0708812260536398,0.9657724329324698
4,18,semiregular,2,779,801,22,744,35,57,0.9550706033376123,0.9288389513108615,0.9725343320848939,0.9417721518987342
4,18,irregular,2,253,252,1,204,49,48,0.8063241106719368,0.8095238095238095,1.003968253968254,0.8079207920792079
4,18,regular,3,1045,1044,1,1041,4,3,0.9961722488038277,0.9971264367816092,1.0009578544061302,0.996649114408808
4,18,semiregular,3,820,801,19,770,50,31,0.9390243902439024,0.9612983770287141,1.0237203495630463,0.9500308451573103
4,18,irregular,3,240,252,12,214,26,38,0.8916666666666667,0.8492063492063492,0.9523809523809523,0.8699186991869918
4,19,regular,1,1011,1076,65,991,20,85,0.9802176063303659,0.921003717472119,0.9395910780669146,0.9496885481552468
4,19,semiregular,1,720,753,33,671,49,82,0.9319444444444445,0.8911022576361222,0.9561752988047809,0.9110658520027155
4,19,irregular,1,246,245,1,169,77,76,0.6869918699186992,0.689795918367347,1.0040816326530613,0.6883910386965377
4,19,regular,2,1122,1076,46,1075,47,1,0.9581105169340464,0.9990706319702602,1.0427509293680297,0.9781619654231121
4,19,semiregular,2,685,753,68,651,34,102,0.9503649635036496,0.8645418326693227,0.9096945551128818,0.9054242002781642
4,19,irregular,2,245,245,0,196,49,49,0.8,0.8,1.0,0.8000000000000002
4,19,regular,3,1069,1076,7,1067,2,9,0.9981290926099158,0.991635687732342,0.9934944237918215,0.9948717948717949
4,19,semiregular,3,710,753,43,668,42,85,0.9408450704225352,0.8871181938911022,0.9428950863213812,0.9131920710868079
4,19,irregular,3,219,245,26,189,30,56,0.863013698630137,0.7714285714285715,0.8938775510204081,0.8146551724137931
4,20,regular,1,1193,1251,58,1187,6,64,0.9949706621961442,0.9488409272581935,0.9536370903277378,0.9713584288052374
4,20,semiregular,1,849,841,8,747,102,94,0.8798586572438163,0.8882282996432818,1.009512485136742,0.8840236686390532
4,20,irregular,1,274,252,22,148,126,104,0.5401459854014599,0.5873015873015873,1.0873015873015872,0.5627376425855513
4,20,regular,2,1017,1251,234,1008,9,243,0.9911504424778761,0.8057553956834532,0.8129496402877698,0.8888888888888888
4,20,semiregular,2,725,841,116,637,88,204,0.8786206896551724,0.7574316290130797,0.8620689655172413,0.813537675606641
4,20,irregular,2,236,252,16,191,45,61,0.809322033898305,0.7579365079365079,0.9365079365079365,0.7827868852459017
4,20,regular,3,1158,1251,93,1157,1,94,0.9991364421416234,0.9248601119104716,0.9256594724220624,0.9605645496056454
4,20,semiregular,3,833,841,8,759,74,82,0.9111644657863145,0.9024970273483948,0.990487514863258,0.9068100358422938
4,20,irregular,3,223,252,29,191,32,61,0.8565022421524664,0.7579365079365079,0.8849206349206349,0.8042105263157895
4,21,regular,1,997,920,77,917,80,3,0.9197592778335005,0.9967391304347826,1.083695652173913,0.9567031820552948
4,21,semiregular,1,563,549,14,477,86,72,0.8472468916518651,0.8688524590163934,1.0255009107468125,0.8579136690647482
4,21,irregular,1,203,204,1,156,47,48,0.7684729064039408,0.7647058823529411,0.9950980392156863,0.7665847665847666
4,21,regular,2,952,920,32,920,32,0,0.9663865546218487,1.0,1.0347826086956522,0.9829059829059829
4,21,semiregular,2,542,549,7,477,65,72,0.8800738007380073,0.8688524590163934,0.9872495446265938,0.8744271310724107
4,21,irregular,2,195,204,9,164,31,40,0.841025641025641,0.803921568627451,0.9558823529411765,0.8220551378446116
4,21,regular,3,917,920,3,915,2,5,0.9978189749182116,0.9945652173913043,0.9967391304347826,0.9961894393032119
4,21,semiregular,3,624,549,75,524,100,25,0.8397435897435898,0.9544626593806922,1.1366120218579234,0.8934356351236146
4,21,irregular,3,204,204,0,187,17,17,0.9166666666666666,0.9166666666666666,1.0,0.9166666666666666
4,22,regular,1,1046,946,100,941,105,5,0.8996175908221797,0.9947145877378436,1.105708245243129,0.9447791164658635
4,22,semiregular,1,726,703,23,654,72,49,0.9008264462809917,0.930298719772404,1.0327169274537695,0.9153254023792863
4,22,irregular,1,207,247,40,152,55,95,0.7342995169082126,0.6153846153846154,0.8380566801619433,0.6696035242290749
4,22,regular,2,1006,946,60,946,60,0,0.9403578528827038,1.0,1.0634249471458774,0.9692622950819673
4,22,semiregular,2,667,703,36,618,49,85,0.9265367316341829,0.8790896159317212,0.9487908961593172,0.9021897810218977
4,22,irregular,2,217,247,30,184,33,63,0.847926267281106,0.7449392712550608,0.8785425101214575,0.7931034482758621
4,22,regular,3,951,946,5,944,7,2,0.9926393270241851,0.9978858350951374,1.0052854122621564,0.9952556668423828
4,22,semiregular,3,736,703,33,659,77,44,0.8953804347826086,0.9374110953058321,1.0469416785206258,0.9159138290479499
4,22,irregular,3,237,247,10,213,24,34,0.8987341772151899,0.8623481781376519,0.9595141700404858,0.8801652892561983
4,23,regular,1,1069,999,70,999,70,0,0.9345182413470533,1.0,1.07007007007007,0.9661508704061896
4,23,semiregular,1,856,835,21,741,115,94,0.8656542056074766,0.8874251497005988,1.0251497005988024,0.8764044943820224
4,23,irregular,1,243,266,23,125,118,141,0.51440329218107,0.4699248120300752,0.9135338345864662,0.4911591355599214
4,23,regular,2,847,999,152,840,7,159,0.9917355371900827,0.8408408408408409,0.8478478478478478,0.9100758396533045
4,23,semiregular,2,359,835,476,320,39,515,0.8913649025069638,0.38323353293413176,0.429940119760479,0.5360134003350084
4,23,irregular,2,7,266,259,4,3,262,0.5714285714285714,0.015037593984962405,0.02631578947368421,0.029304029304029304
4,23,regular,3,1016,999,17,994,22,5,0.9783464566929134,0.994994994994995,1.017017017017017,0.9866004962779157
4,23,semiregular,3,875,835,40,795,80,40,0.9085714285714286,0.9520958083832335,1.0479041916167664,0.9298245614035088
4,23,irregular,3,250,266,16,208,42,58,0.832,0.7819548872180451,0.9398496240601504,0.8062015503875969
4,24,regular,1,1125,1079,46,1078,47,1,0.9582222222222222,0.9990732159406858,1.0426320667284523,0.9782214156079855
4,24,semiregular,1,633,680,47,577,56,103,0.9115323854660348,0.8485294117647059,0.9308823529411765,0.8789032749428789
4,24,irregular,1,168,247,79,132,36,115,0.7857142857142857,0.5344129554655871,0.680161943319838,0.6361445783132531
4,24,regular,2,1041,1079,38,1029,12,50,0.9884726224783862,0.953660797034291,0.9647822057460612,0.970754716981132
4,24,semiregular,2,604,680,76,581,23,99,0.9619205298013245,0.8544117647058823,0.888235294117647,0.9049844236760125
4,24,irregular,2,218,247,29,201,17,46,0.9220183486238532,0.8137651821862348,0.8825910931174089,0.864516129032258
4,24,regular,3,1065,1079,14,1062,3,17,0.9971830985915493,0.9842446709916589,0.9870250231696015,0.9906716417910447
4,24,semiregular,3,682,680,2,650,32,30,0.9530791788856305,0.9558823529411765,1.0029411764705882,0.9544787077826725
4,24,irregular,3,221,247,26,202,19,45,0.9140271493212669,0.8178137651821862,0.8947368421052632,0.8632478632478633
4,25,regular,1,992,946,46,946,46,0,0.9536290322580645,1.0,1.0486257928118394,0.9762641898864809
4,25,semiregular,1,677,718,41,618,59,100,0.912850812407681,0.8607242339832869,0.9428969359331476,0.886021505376344
4,25,irregular,1,195,207,12,136,59,71,0.6974358974358974,0.6570048309178744,0.9420289855072463,0.6766169154228856
4,25,regular,2,924,946,22,918,6,28,0.9935064935064936,0.9704016913319239,0.9767441860465116,0.9818181818181818
4,25,semiregular,2,669,718,49,625,44,93,0.9342301943198804,0.8704735376044568,0.9317548746518106,0.9012256669069936
4,25,irregular,2,200,207,7,142,58,65,0.71,0.6859903381642513,0.966183574879227,0.6977886977886979
4,25,regular,3,941,946,5,941,0,5,1.0,0.9947145877378436,0.9947145877378436,0.9973502914679385
4,25,semiregular,3,713,718,5,659,54,59,0.9242636746143057,0.9178272980501393,0.9930362116991643,0.9210342417889588
4,25,irregular,3,188,207,19,146,42,61,0.776595744680851,0.7053140096618358,0.9082125603864735,0.7392405063291139
4,26,regular,1,1073,985,88,984,89,1,0.9170549860205033,0.9989847715736041,1.0893401015228426,0.9562682215743441
4,26,semiregular,1,771,720,51,679,92,41,0.880674448767834,0.9430555555555555,1.0708333333333333,0.9107981220657277
4,26,irregular,1,249,214,35,168,81,46,0.6746987951807228,0.7850467289719626,1.1635514018691588,0.7257019438444924
4,26,regular,2,997,985,12,974,23,11,0.9769307923771314,0.9888324873096447,1.0121827411167512,0.9828456104944501
4,26,semiregular,2,695,720,25,648,47,72,0.9323741007194245,0.9,0.9652777777777778,0.9159010600706714
4,26,irregular,2,212,214,2,147,65,67,0.6933962264150944,0.6869158878504673,0.9906542056074766,0.6901408450704225
4,26,regular,3,1012,985,27,984,28,1,0.9723320158102767,0.9989847715736041,1.0274111675126905,0.9854782173259891
4,26,semiregular,3,747,720,27,683,64,37,0.9143239625167336,0.9486111111111111,1.0375,0.9311520109066121
4,26,irregular,3,225,214,11,187,38,27,0.8311111111111111,0.8738317757009346,1.0514018691588785,0.8519362186788155
4,27,regular,1,1181,1166,15,1154,27,12,0.9771380186282811,0.9897084048027445,1.0128644939965694,0.9833830421815082
4,27,semiregular,1,641,728,87,584,57,144,0.9110764430577223,0.8021978021978022,0.8804945054945055,0.8531775018261505
4,27,irregular,1,223,270,47,179,44,91,0.8026905829596412,0.662962962962963,0.825925925925926,0.7261663286004058
4,27,regular,2,1111,1166,55,1102,9,64,0.991899189918992,0.9451114922813036,0.9528301886792453,0.9679402722880984
4,27,semiregular,2,702,728,26,658,44,70,0.9373219373219374,0.9038461538461539,0.9642857142857143,0.9202797202797203
4,27,irregular,2,248,270,22,223,25,47,0.8991935483870968,0.825925925925926,0.9185185185185185,0.8610038610038611
4,27,regular,3,1165,1166,1,1163,2,3,0.9982832618025751,0.9974271012006861,0.9991423670668954,0.9978549978549979
4,27,semiregular,3,723,728,5,684,39,44,0.946058091286307,0.9395604395604396,0.9931318681318682,0.9427980702963473
4,27,irregular,3,235,270,35,203,32,67,0.8638297872340426,0.7518518518518519,0.8703703703703703,0.803960396039604
4,28,regular,1,1133,1098,35,1097,36,1,0.9682259488084731,0.9990892531876139,1.0318761384335156,0.9834155087404751
4,28,semiregular,1,884,859,25,806,78,53,0.9117647058823529,0.9383003492433062,1.0291036088474972,0.9248422260470454
4,28,irregular,1,296,293,3,166,130,127,0.5608108108108109,0.5665529010238908,1.0102389078498293,0.563667232597623
4,28,regular,2,1077,1098,21,1060,17,38,0.9842154131847726,0.9653916211293261,0.9808743169398907,0.974712643678161
4,28,semiregular,2,785,859,74,743,42,116,0.9464968152866242,0.8649592549476135,0.9138533178114087,0.9038929440389294
4,28,irregular,2,282,293,11,211,71,82,0.74822695035461,0.7201365187713311,0.962457337883959,0.7339130434782608
4,28,regular,3,1095,1098,3,1093,2,5,0.9981735159817352,0.9954462659380692,0.9972677595628415,0.9968080255357957
4,28,semiregular,3,859,859,0,818,41,41,0.9522700814901047,0.9522700814901047,1.0,0.9522700814901047
4,28,irregular,3,239,293,54,195,44,98,0.8158995815899581,0.6655290102389079,0.8156996587030717,0.7330827067669172
4,29,regular,1,1183,1140,43,1139,44,1,0.9628064243448858,0.9991228070175439,1.037719298245614,0.9806284976323719
4,29,semiregular,1,884,869,15,790,94,79,0.8936651583710408,0.9090909090909091,1.0172612197928654,0.901312036508842
4,29,irregular,1,237,247,10,172,65,75,0.7257383966244726,0.6963562753036437,0.9595141700404858,0.7107438016528925
4,29,regular,2,1104,1140,36,1098,6,42,0.9945652173913043,0.9631578947368421,0.968421052631579,0.9786096256684491
4,29,semiregular,2,872,869,3,793,79,76,0.9094036697247706,0.9125431530494822,1.0034522439585731,0.9109707064905227
4,29,irregular,2,261,247,14,213,48,34,0.8160919540229885,0.8623481781376519,1.05668016194332,0.8385826771653543
4,29,regular,3,1134,1140,6,1133,1,7,0.9991181657848325,0.993859649122807,0.9947368421052631,0.9964819700967459
4,29,semiregular,3,899,869,30,815,84,54,0.9065628476084538,0.9378596087456847,1.0345224395857306,0.9219457013574661
4,29,irregular,3,247,247,0,221,26,26,0.8947368421052632,0.8947368421052632,1.0,0.8947368421052632
4,30,regular,1,1028,997,31,996,32,1,0.9688715953307393,0.9989969909729187,1.0310932798395185,0.9837037037037036
4,30,semiregular,1,796,810,14,739,57,71,0.928391959798995,0.9123456790123456,0.9827160493827161,0.9202988792029889
4,30,irregular,1,229,250,21,161,68,89,0.7030567685589519,0.644,0.916,0.6722338204592903
4,30,regular,2,958,997,39,954,4,43,0.9958246346555324,0.9568706118355065,0.9608826479438315,0.9759590792838874
4,30,semiregular,2,768,810,42,726,42,84,0.9453125,0.8962962962962963,0.9481481481481482,0.9201520912547527
4,30,irregular,2,221,250,29,182,39,68,0.8235294117647058,0.728,0.884,0.772823779193206
4,30,regular,3,995,997,2,994,1,3,0.9989949748743718,0.9969909729187563,0.9979939819458375,0.9979919678714859
4,30,semiregular,3,832,810,22,778,54,32,0.9350961538461539,0.9604938271604938,1.0271604938271606,0.9476248477466505
4,30,irregular,3,233,250,17,197,36,53,0.8454935622317596,0.788,0.932,0.8157349896480331
5,1,regular,1,965,937,28,937,28,0,0.9709844559585492,1.0,1.0298826040554963,0.9852786540483701
5,1,semiregular,1,733,703,30,636,97,67,0.8676671214188267,0.9046941678520626,1.042674253200569,0.8857938718662952
5,1,irregular,1,208,199,9,156,52,43,0.75,0.7839195979899497,1.0452261306532664,0.7665847665847667
5,1,regular,2,940,937,3,886,54,51,0.9425531914893617,0.9455709711846318,1.0032017075773747,0.9440596696856686
5,1,semiregular,2,708,703,5,636,72,67,0.8983050847457628,0.9046941678520626,1.0071123755334281,0.9014883061658399
5,1,irregular,2,200,199,1,177,23,22,0.885,0.8894472361809045,1.0050251256281406,0.8872180451127819
5,1,regular,3,939,937,2,934,5,3,0.9946751863684771,0.9967982924226254,1.0021344717182497,0.9957356076759062
5,1,semiregular,3,735,703,32,660,75,43,0.8979591836734694,0.9388335704125178,1.0455192034139402,0.9179415855354659
5,1,irregular,3,190,199,9,162,28,37,0.8526315789473684,0.8140703517587939,0.9547738693467337,0.832904884318766
5,2,regular,1,1126,1224,98,1116,10,108,0.9911190053285968,0.9117647058823529,0.9199346405228758,0.9497872340425532
5,2,semiregular,1,572,647,75,545,27,102,0.9527972027972028,0.8423493044822257,0.884080370942813,0.8941755537325677
5,2,irregular,1,207,217,10,135,72,82,0.6521739130434783,0.6221198156682027,0.9539170506912442,0.6367924528301887
5,2,regular,2,1171,1224,53,1156,15,68,0.9871904355251921,0.9444444444444444,0.9566993464052288,0.9653444676409186
5,2,semiregular,2,620,647,27,592,28,55,0.9548387096774194,0.9149922720247295,0.9582689335394127,0.9344909234411998
5,2,irregular,2,224,217,7,187,37,30,0.8348214285714286,0.8617511520737328,1.032258064516129,0.8480725623582767
5,2,regular,3,1227,1224,3,1216,11,8,0.9910350448247759,0.9934640522875817,1.0024509803921569,0.9922480620155038
5,2,semiregular,3,659,647,12,620,39,27,0.9408194233687405,0.9582689335394127,1.01854714064915,0.9494640122511485
5,2,irregular,3,214,217,3,188,26,29,0.8785046728971962,0.8663594470046083,0.9861751152073732,0.8723897911832946
5,3,regular,1,1019,1053,34,1015,4,38,0.9960745829244357,0.9639126305792972,0.9677113010446344,0.9797297297297297
5,3,semiregular,1,695,716,21,641,54,75,0.9223021582733812,0.8952513966480447,0.9706703910614525,0.9085754783841247
5,3,irregular,1,240,224,16,167,73,57,0.6958333333333333,0.7455357142857143,1.0714285714285714,0.7198275862068965
5,3,regular,2,996,1053,57,991,5,62,0.9949799196787149,0.9411206077872745,0.9458689458689459,0.96730112249878
5,3,semiregular,2,709,716,7,661,48,55,0.9322990126939351,0.9231843575418994,0.9902234636871509,0.927719298245614
5,3,irregular,2,222,224,2,192,30,32,0.8648648648648649,0.8571428571428571,0.9910714285714286,0.8609865470852017
5,3,regular,3,1046,1053,7,1046,0,7,1.0,0.99335232668566,0.99335232668566,0.9966650786088613
5,3,semiregular,3,712,716,4,665,47,51,0.9339887640449438,0.9287709497206704,0.994413407821229,0.9313725490196079
5,3,irregular,3,219,224,5,189,30,35,0.863013698630137,0.84375,0.9776785714285714,0.8532731376975169
5,4,regular,1,1117,1101,16,1091,26,10,0.9767233661593554,0.9909173478655767,1.0145322434150772,0.9837691614066726
5,4,semiregular,1,604,614,10,516,88,98,0.8543046357615894,0.8403908794788274,0.9837133550488599,0.8472906403940887
5,4,irregular,1,247,228,19,170,77,58,0.6882591093117408,0.7456140350877193,1.0833333333333333,0.7157894736842104
5,4,regular,2,1094,1101,7,1092,2,9,0.9981718464351006,0.9918256130790191,0.9936421435059037,0.99498861047836
5,4,semiregular,2,605,614,9,555,50,59,0.9173553719008265,0.9039087947882736,0.9853420195439739,0.9105824446267432
5,4,irregular,2,236,228,8,196,40,32,0.8305084745762712,0.8596491228070176,1.0350877192982457,0.8448275862068966
5,4,regular,3,1108,1101,7,1099,9,2,0.9918772563176895,0.9981834695731153,1.0063578564940963,0.9950203712086916
5,4,semiregular,3,602,614,12,560,42,54,0.9302325581395349,0.9120521172638436,0.9804560260586319,0.9210526315789473
5,4,irregular,3,214,228,14,182,32,46,0.8504672897196262,0.7982456140350878,0.9385964912280702,0.823529411764706
5,5,regular,1,1036,1044,8,1032,4,12,0.9961389961389961,0.9885057471264368,0.9923371647509579,0.9923076923076923
5,5,semiregular,1,741,668,73,646,95,22,0.8717948717948718,0.9670658682634731,1.1092814371257484,0.9169623846699787
5,5,irregular,1,241,217,24,174,67,43,0.7219917012448133,0.8018433179723502,1.1105990783410138,0.7598253275109169
5,5,regular,2,1020,1044,24,1017,3,27,0.9970588235294118,0.9741379310344828,0.9770114942528736,0.9854651162790699
5,5,semiregular,2,727,668,59,644,83,24,0.8858321870701513,0.9640718562874252,1.0883233532934131,0.9232974910394265
5,5,irregular,2,222,217,5,190,32,27,0.8558558558558559,0.8755760368663594,1.023041474654378,0.8656036446469249
5,5,regular,3,1045,1044,1,1043,2,1,0.9980861244019139,0.9990421455938697,1.0009578544061302,0.9985639061752035
5,5,semiregular,3,697,668,29,637,60,31,0.9139167862266858,0.9535928143712575,1.0434131736526946,0.9333333333333333
5,5,irregular,3,210,217,7,179,31,38,0.8523809523809524,0.8248847926267281,0.967741935483871,0.8384074941451991
5,6,regular,1,957,915,42,913,44,2,0.9540229885057471,0.9978142076502732,1.0459016393442624,0.9754273504273504
5,6,semiregular,1,702,701,1,652,50,49,0.9287749287749287,0.9300998573466477,1.0014265335235377,0.9294369208838203
5,6,irregular,1,192,195,3,116,76,79,0.6041666666666666,0.5948717948717949,0.9846153846153847,0.599483204134367
5,6,regular,2,931,915,16,897,34,18,0.9634801288936627,0.980327868852459,1.0174863387978141,0.971830985915493
5,6,semiregular,2,731,701,30,668,63,33,0.9138166894664843,0.9529243937232525,1.042796005706134,0.9329608938547487
5,6,irregular,2,198,195,3,126,72,69,0.6363636363636364,0.6461538461538462,1.0153846153846153,0.6412213740458016
5,6,regular,3,911,915,4,908,3,7,0.9967069154774972,0.9923497267759562,0.9956284153005465,0.9945235487404163
5,6,semiregular,3,717,701,16,674,43,27,0.9400278940027894,0.9614835948644793,1.0228245363766049,0.9506346967559944
5,6,irregular,3,206,195,11,168,38,27,0.8155339805825242,0.8615384615384616,1.0564102564102564,0.8379052369077307
5,7,regular,1,1195,1230,35,1187,8,43,0.9933054393305439,0.9650406504065041,0.9715447154471545,0.9789690721649484
5,7,semiregular,1,707,761,54,640,67,121,0.9052333804809052,0.8409986859395532,0.9290407358738502,0.871934604904632
5,7,irregular,1,223,225,2,138,85,87,0.6188340807174888,0.6133333333333333,0.9911111111111112,0.6160714285714285
5,7,regular,2,1189,1230,41,1177,12,53,0.9899074852817493,0.9569105691056911,0.9666666666666667,0.9731293923108724
5,7,semiregular,2,737,761,24,661,76,100,0.8968792401628223,0.8685939553219448,0.9684625492772667,0.8825100133511349
5,7,irregular,2,215,225,10,188,27,37,0.8744186046511628,0.8355555555555556,0.9555555555555556,0.8545454545454546
5,7,regular,3,1233,1230,3,1226,7,4,0.9943227899432279,0.9967479674796748,1.002439024390244,0.9955339017458383
5,7,semiregular,3,762,761,1,684,78,77,0.8976377952755905,0.8988173455978975,1.0013140604467805,0.8982271831910703
5,7,irregular,3,220,225,5,195,25,30,0.8863636363636364,0.8666666666666667,0.9777777777777777,0.8764044943820225
5,8,regular,1,1017,1035,18,1011,6,24,0.9941002949852508,0.9768115942028985,0.9826086956521739,0.9853801169590642
5,8,semiregular,1,803,827,24,725,78,102,0.9028642590286425,0.8766626360338573,0.9709794437726723,0.8895705521472392
5,8,irregular,1,257,243,14,163,94,80,0.6342412451361867,0.6707818930041153,1.0576131687242798,0.652
5,8,regular,2,1042,1035,7,1030,12,5,0.9884836852207294,0.9951690821256038,1.0067632850241546,0.9918151179585941
5,8,semiregular,2,820,827,7,761,59,66,0.9280487804878049,0.9201934703748489,0.9915356711003628,0.9241044323011537
5,8,irregular,2,227,243,16,193,34,50,0.8502202643171806,0.7942386831275721,0.934156378600823,0.8212765957446809
5,8,regular,3,1040,1035,5,1031,9,4,0.9913461538461539,0.996135265700483,1.0048309178743962,0.9937349397590362
5,8,semiregular,3,858,827,31,784,74,43,0.9137529137529138,0.9480048367593712,1.037484885126965,0.9305637982195846
5,8,irregular,3,237,243,6,200,37,43,0.8438818565400844,0.823045267489712,0.9753086419753086,0.8333333333333334
5,9,regular,1,1043,1107,64,1036,7,71,0.9932885906040269,0.935862691960253,0.9421860885275519,0.9637209302325581
5,9,semiregular,1,633,701,68,601,32,100,0.9494470774091627,0.8573466476462197,0.9029957203994294,0.9010494752623689
5,9,irregular,1,257,266,9,181,76,85,0.7042801556420234,0.6804511278195489,0.9661654135338346,0.6921606118546845
5,9,regular,2,1057,1107,50,1048,9,59,0.9914853358561968,0.9467028003613369,0.95483288166215,0.9685767097966729
5,9,semiregular,2,636,701,65,606,30,95,0.9528301886792453,0.8644793152639088,0.9072753209700428,0.906507105459985
5,9,irregular,2,253,266,13,217,36,49,0.857707509881423,0.8157894736842105,0.9511278195488722,0.836223506743738
5,9,regular,3,1105,1107,2,1103,2,4,0.9981900452488688,0.996386630532972,0.998193315266486,0.9972875226039783
5,9,semiregular,3,691,701,10,664,27,37,0.9609261939218524,0.9472182596291013,0.985734664764622,0.9540229885057471
5,9,irregular,3,248,266,18,219,29,47,0.8830645161290323,0.8233082706766918,0.9323308270676691,0.8521400778210116
5,10,regular,1,1056,1014,42,997,59,17,0.9441287878787878,0.9832347140039448,1.0414201183431953,0.9632850241545894
5,10,semiregular,1,661,656,5,607,54,49,0.9183055975794251,0.9253048780487805,1.0076219512195121,0.9217919514047076
5,10,irregular,1,223,247,24,178,45,69,0.7982062780269058,0.7206477732793523,0.902834008097166,0.7574468085106384
5,10,regular,2,1032,1014,18,1003,29,11,0.9718992248062015,0.9891518737672583,1.017751479289941,0.9804496578690126
5,10,semiregular,2,658,656,2,603,55,53,0.9164133738601824,0.9192073170731707,1.0030487804878048,0.9178082191780821
5,10,irregular,2,236,247,11,205,31,42,0.8686440677966102,0.8299595141700404,0.9554655870445344,0.8488612836438922
5,10,regular,3,1029,1014,15,1013,16,1,0.9844509232264335,0.9990138067061144,1.014792899408284,0.9916789035731767
5,10,semiregular,3,677,656,21,633,44,23,0.9350073855243722,0.9649390243902439,1.0320121951219512,0.9497374343585896
5,10,irregular,3,234,247,13,206,28,41,0.8803418803418803,0.8340080971659919,0.9473684210526315,0.8565488565488565
5,11,regular,1,1068,1070,2,1061,7,9,0.9934456928838952,0.991588785046729,0.9981308411214953,0.9925163704396632
5,11,semiregular,1,715,700,15,633,82,67,0.8853146853146853,0.9042857142857142,1.0214285714285714,0.8946996466431095
5,11,irregular,1,231,239,8,171,60,68,0.7402597402597403,0.7154811715481172,0.9665271966527197,0.727659574468085
5,11,regular,2,1033,1070,37,1029,4,41,0.9961277831558567,0.9616822429906542,0.9654205607476636,0.978601997146933
5,11,semiregular,2,698,700,2,642,56,58,0.9197707736389685,0.9171428571428571,0.9971428571428571,0.9184549356223176
5,11,irregular,2,221,239,18,191,30,48,0.8642533936651584,0.799163179916318,0.9246861924686193,0.8304347826086957
5,11,regular,3,1066,1070,4,1066,0,4,1.0,0.9962616822429906,0.9962616822429906,0.99812734082397
5,11,semiregular,3,699,700,1,652,47,48,0.932761087267525,0.9314285714285714,0.9985714285714286,0.9320943531093638
5,11,irregular,3,214,239,25,190,24,49,0.8878504672897196,0.7949790794979079,0.895397489539749,0.8388520971302428
5,12,regular,1,1067,1007,60,1007,60,0,0.943767572633552,1.0,1.0595829195630586,0.9710703953712634
5,12,semiregular,1,720,641,79,610,110,31,0.8472222222222222,0.9516380655226209,1.1232449297971918,0.896399706098457
5,12,irregular,1,260,204,56,185,75,19,0.7115384615384616,0.9068627450980392,1.2745098039215685,0.7974137931034483
5,12,regular,2,1035,1007,28,1007,28,0,0.9729468599033816,1.0,1.0278053624627608,0.9862879529872673
5,12,semiregular,2,661,641,20,586,75,55,0.886535552193646,0.9141965678627145,1.031201248049922,0.9001536098310293
5,12,irregular,2,248,204,44,188,60,16,0.7580645161290323,0.9215686274509803,1.2156862745098038,0.831858407079646
5,12,regular,3,1018,1007,11,1007,11,0,0.9891944990176817,1.0,1.0109235352532273,0.994567901234568
5,12,semiregular,3,651,641,10,586,65,55,0.9001536098310292,0.9141965678627145,1.015600624024961,0.9071207430340557
5,12,irregular,3,218,204,14,181,37,23,0.8302752293577982,0.8872549019607843,1.0686274509803921,0.8578199052132701
5,13,regular,1,1049,1000,49,999,50,1,0.9523355576739753,0.999,1.049,0.9751098096632504
5,13,semiregular,1,829,815,14,765,64,50,0.9227985524728589,0.9386503067484663,1.0171779141104293,0.9306569343065694
5,13,irregular,1,291,216,75,175,116,41,0.6013745704467354,0.8101851851851852,1.3472222222222223,0.6903353057199211
5,13,regular,2,984,1000,16,978,6,22,0.9939024390243902,0.978,0.984,0.9858870967741936
5,13,semiregular,2,857,815,42,796,61,19,0.9288214702450408,0.9766871165644172,1.0515337423312883,0.9521531100478469
5,13,irregular,2,243,216,27,191,52,25,0.7860082304526749,0.8842592592592593,1.125,0.832244008714597
5,13,regular,3,1001,1000,1,998,3,2,0.997002997002997,0.998,1.001,0.9975012493753124
5,13,semiregular,3,821,815,6,778,43,37,0.9476248477466505,0.9546012269938651,1.007361963190184,0.9511002444987775
5,13,irregular,3,217,216,1,189,28,27,0.8709677419354839,0.875,1.0046296296296295,0.8729792147806004
5,14,regular,1,1011,1052,41,1010,1,42,0.9990108803165183,0.9600760456273765,0.9610266159695817,0.9791565681047019
5,14,semiregular,1,870,913,43,807,63,106,0.9275862068965517,0.8838992332968236,0.9529025191675794,0.9052159282108805
5,14,irregular,1,250,217,33,174,76,43,0.696,0.8018433179723502,1.152073732718894,0.7451820128479656
5,14,regular,2,1003,1052,49,997,6,55,0.9940179461615155,0.9477186311787072,0.9534220532319392,0.970316301703163
5,14,semiregular,2,884,913,29,829,55,84,0.9377828054298643,0.9079956188389924,0.968236582694414,0.9226488592097941
5,14,irregular,2,239,217,22,197,42,20,0.8242677824267782,0.9078341013824884,1.1013824884792627,0.8640350877192982
5,14,regular,3,1059,1052,7,1049,10,3,0.9905571293673276,0.997148288973384,1.0066539923954372,0.9938417811463761
5,14,semiregular,3,907,913,6,856,51,57,0.9437706725468578,0.9375684556407448,0.9934282584884995,0.9406593406593406
5,14,irregular,3,205,217,12,180,25,37,0.8780487804878049,0.8294930875576036,0.9447004608294931,0.8530805687203792
5,15,regular,1,987,964,23,964,23,0,0.9766970618034447,1.0,1.0238589211618256,0.9882111737570476
5,15,semiregular,1,798,774,24,732,66,42,0.9172932330827067,0.9457364341085271,1.0310077519379846,0.9312977099236641
5,15,irregular,1,224,218,6,176,48,42,0.7857142857142857,0.8073394495412844,1.0275229357798166,0.7963800904977376
5,15,regular,2,936,964,28,931,5,33,0.9946581196581197,0.9657676348547718,0.970954356846473,0.98
5,15,semiregular,2,783,774,9,723,60,51,0.9233716475095786,0.9341085271317829,1.0116279069767442,0.9287090558766858
5,15,irregular,2,202,218,16,180,22,38,0.8910891089108911,0.8256880733944955,0.926605504587156,0.8571428571428572
5,15,regular,3,967,964,3,964,3,0,0.9968976215098242,1.0,1.0031120331950207,0.9984464008285863
5,15,semiregular,3,756,774,18,729,27,45,0.9642857142857143,0.9418604651162791,0.9767441860465116,0.9529411764705882
5,15,irregular,3,208,218,10,189,19,29,0.9086538461538461,0.8669724770642202,0.9541284403669725,0.8873239436619719
5,16,regular,1,1070,1109,39,1060,10,49,0.9906542056074766,0.9558160504959423,0.9648331830477908,0.9729233593391463
5,16,semiregular,1,661,681,20,591,70,90,0.8940998487140696,0.8678414096916299,0.9706314243759178,0.8807749627421759
5,16,irregular,1,226,272,46,149,77,123,0.6592920353982301,0.5477941176470589,0.8308823529411765,0.5983935742971889
5,16,regular,2,1112,1109,3,1100,12,9,0.9892086330935251,0.9918845807033363,1.0027051397655546,0.9905447996398018
5,16,semiregular,2,647,681,34,604,43,77,0.9335394126738794,0.8869309838472834,0.9500734214390602,0.9096385542168675
5,16,irregular,2,267,272,5,220,47,52,0.8239700374531835,0.8088235294117647,0.9816176470588235,0.8163265306122449
5,16,regular,3,1112,1109,3,1107,5,2,0.9955035971223022,0.9981965734896303,1.0027051397655546,0.9968482665466006
5,16,semiregular,3,657,681,24,609,48,72,0.9269406392694064,0.8942731277533039,0.9647577092511013,0.9103139013452914
5,16,irregular,3,237,272,35,208,29,64,0.8776371308016878,0.7647058823529411,0.8713235294117647,0.8172888015717092
5,17,regular,1,1036,1029,7,1026,10,3,0.9903474903474904,0.9970845481049563,1.0068027210884354,0.9937046004842616
5,17,semiregular,1,825,837,12,750,75,87,0.9090909090909091,0.8960573476702509,0.985663082437276,0.9025270758122744
5,17,irregular,1,253,240,13,160,93,80,0.6324110671936759,0.6666666666666666,1.0541666666666667,0.6490872210953347
5,17,regular,2,1028,1029,1,1021,7,8,0.9931906614785992,0.9922254616132167,0.9990281827016521,0.9927078269324259
5,17,semiregular,2,837,837,0,779,58,58,0.9307048984468339,0.9307048984468339,1.0,0.9307048984468339
5,17,irregular,2,298,240,58,203,95,37,0.6812080536912751,0.8458333333333333,1.2416666666666667,0.7546468401486989
5,17,regular,3,1037,1029,8,1029,8,0,0.9922854387656702,1.0,1.0077745383867833,0.9961277831558567
5,17,semiregular,3,848,837,11,802,46,35,0.9457547169811321,0.9581839904420549,1.013142174432497,0.9519287833827893
5,17,irregular,3,237,240,3,194,43,46,0.8185654008438819,0.8083333333333333,0.9875,0.8134171907756813
5,18,regular,1,1081,1044,37,1043,38,1,0.9648473635522664,0.9990421455938697,1.03544061302682,0.9816470588235294
5,18,semiregular,1,782,801,19,737,45,64,0.9424552429667519,0.920099875156055,0.9762796504369539,0.9311433986102338
5,18,irregular,1,276,252,24,195,81,57,0.7065217391304348,0.7738095238095238,1.0952380952380953,0.7386363636363635
5,18,regular,2,1049,1044,5,1041,8,3,0.9923736892278361,0.9971264367816092,1.0047892720306513,0.9947443860487339
5,18,semiregular,2,812,801,11,766,46,35,0.9433497536945813,0.9563046192259675,1.013732833957553,0.9497830130192187
5,18,irregular,2,258,252,6,215,43,37,0.8333333333333334,0.8531746031746031,1.0238095238095237,0.8431372549019607
5,18,regular,3,1055,1044,11,1042,13,2,0.9876777251184834,0.9980842911877394,1.010536398467433,0.9928537398761315
5,18,semiregular,3,815,801,14,770,45,31,0.9447852760736196,0.9612983770287141,1.017478152309613,0.952970297029703
5,18,irregular,3,245,252,7,217,28,35,0.8857142857142857,0.8611111111111112,0.9722222222222222,0.8732394366197184
5,19,regular,1,1067,1076,9,1056,11,20,0.9896907216494846,0.9814126394052045,0.991635687732342,0.9855342977134858
5,19,semiregular,1,745,753,8,700,45,53,0.9395973154362416,0.9296148738379814,0.9893758300132802,0.9345794392523363
5,19,irregular,1,282,245,37,198,84,47,0.7021276595744681,0.8081632653061225,1.1510204081632653,0.7514231499051234
5,19,regular,2,1073,1076,3,1068,5,8,0.9953401677539608,0.9925650557620818,0.9972118959107806,0.9939506747324336
5,19,semiregular,2,711,753,42,677,34,76,0.9521800281293952,0.899070385126162,0.9442231075697212,0.924863387978142
5,19,irregular,2,263,245,18,211,52,34,0.8022813688212928,0.8612244897959184,1.073469387755102,0.8307086614173228
5,19,regular,3,1073,1076,3,1070,3,6,0.9972041006523765,0.9944237918215614,0.9972118959107806,0.9958120055839926
5,19,semiregular,3,720,753,33,687,33,66,0.9541666666666667,0.9123505976095617,0.9561752988047809,0.9327902240325865
5,19,irregular,3,230,245,15,199,31,46,0.8652173913043478,0.8122448979591836,0.9387755102040817,0.8378947368421051
5,20,regular,1,1154,1251,97,1150,4,101,0.9965337954939342,0.9192645883293366,0.9224620303756994,0.9563409563409565
5,20,semiregular,1,883,841,42,771,112,70,0.8731596828992072,0.9167657550535078,1.0499405469678953,0.894431554524362
5,20,irregular,1,318,252,66,187,131,65,0.5880503144654088,0.7420634920634921,1.2619047619047619,0.656140350877193
5,20,regular,2,1213,1251,38,1202,11,49,0.9909315746084089,0.9608313349320543,0.9696243005595524,0.9756493506493507
5,20,semiregular,2,771,841,70,699,72,142,0.9066147859922179,0.83115338882283,0.9167657550535078,0.8672456575682382
5,20,irregular,2,245,252,7,212,33,40,0.8653061224489796,0.8412698412698413,0.9722222222222222,0.8531187122736418
5,20,regular,3,1228,1251,23,1226,2,25,0.998371335504886,0.9800159872102319,0.9816147082334132,0.9891085114965712
5,20,semiregular,3,843,841,2,767,76,74,0.9098457888493475,0.9120095124851367,1.0023781212841856,0.9109263657957244
5,20,irregular,3,244,252,8,204,40,48,0.8360655737704918,0.8095238095238095,0.9682539682539683,0.8225806451612904
5,21,regular,1,935,920,15,917,18,3,0.9807486631016042,0.9967391304347826,1.016304347826087,0.9886792452830189
5,21,semiregular,1,597,549,48,495,102,54,0.8291457286432161,0.9016393442622951,1.0874316939890711,0.8638743455497383
5,21,irregular,1,251,204,47,183,68,21,0.7290836653386454,0.8970588235294118,1.2303921568627452,0.8043956043956043
5,21,regular,2,892,920,28,886,6,34,0.9932735426008968,0.9630434782608696,0.9695652173913043,0.977924944812362
5,21,semiregular,2,586,549,37,514,72,35,0.8771331058020477,0.936247723132969,1.0673952641165756,0.905726872246696
5,21,irregular,2,208,204,4,176,32,28,0.8461538461538461,0.8627450980392157,1.0196078431372548,0.854368932038835
5,21,regular,3,915,920,5,914,1,6,0.9989071038251366,0.9934782608695653,0.9945652173913043,0.9961852861035422
5,21,semiregular,3,602,549,53,514,88,35,0.8538205980066446,0.936247723132969,1.0965391621129326,0.893136403127715
5,21,irregular,3,202,204,2,179,23,25,0.8861386138613861,0.8774509803921569,0.9901960784313726,0.8817733990147785
5,22,regular,1,999,946,53,945,54,1,0.9459459459459459,0.9989429175475687,1.0560253699788584,0.9717223650385605
5,22,semiregular,1,721,703,18,646,75,57,0.8959778085991679,0.918918918918919,1.0256045519203414,0.907303370786517
5,22,irregular,1,217,247,30,172,45,75,0.7926267281105991,0.6963562753036437,0.8785425101214575,0.7413793103448276
5,22,regular,2,951,946,5,929,22,17,0.9768664563617245,0.9820295983086681,1.0052854122621564,0.9794412229836584
5,22,semiregular,2,699,703,4,639,60,64,0.9141630901287554,0.9089615931721194,0.9943100995732574,0.9115549215406561
5,22,irregular,2,231,247,16,187,44,60,0.8095238095238095,0.757085020242915,0.9352226720647774,0.7824267782426778
5,22,regular,3,946,946,0,942,4,4,0.9957716701902748,0.9957716701902748,1.0,0.9957716701902748
5,22,semiregular,3,708,703,5,652,56,51,0.9209039548022598,0.9274537695590327,1.0071123755334281,0.9241672572643516
5,22,irregular,3,240,247,7,203,37,44,0.8458333333333333,0.8218623481781376,0.97165991902834,0.8336755646817249
5,23,regular,1,955,999,44,946,9,53,0.9905759162303664,0.9469469469469469,0.955955955955956,0.9682702149437052
5,23,semiregular,1,803,835,32,733,70,102,0.912826899128269,0.8778443113772455,0.9616766467065868,0.894993894993895
5,23,irregular,1,248,266,18,157,91,109,0.6330645161290323,0.5902255639097744,0.9323308270676691,0.6108949416342413
5,23,regular,2,993,999,6,981,12,18,0.9879154078549849,0.9819819819819819,0.993993993993994,0.9849397590361446
5,23,semiregular,2,779,835,56,729,50,106,0.9358151476251605,0.8730538922155688,0.932934131736527,0.9033457249070631
5,23,irregular,2,238,266,28,211,27,55,0.8865546218487395,0.793233082706767,0.8947368421052632,0.8373015873015872
5,23,regular,3,1009,999,10,999,10,0,0.9900891972249752,1.0,1.01001001001001,0.9950199203187251
5,23,semiregular,3,882,835,47,808,74,27,0.9160997732426304,0.9676646706586827,1.0562874251497005,0.9411764705882354
5,23,irregular,3,261,266,5,211,50,55,0.8084291187739464,0.793233082706767,0.981203007518797,0.8007590132827325
5,24,regular,1,1069,1079,10,1059,10,20,0.990645463049579,0.9814643188137164,0.9907321594068582,0.9860335195530725
5,24,semiregular,1,648,680,32,593,55,87,0.9151234567901234,0.8720588235294118,0.9529411764705882,0.8930722891566265
5,24,irregular,1,203,247,44,155,48,92,0.7635467980295566,0.6275303643724697,0.8218623481781376,0.688888888888889
5,24,regular,2,1062,1079,17,1049,13,30,0.987758945386064,0.9721964782205746,0.9842446709916589,0.9799159271368519
5,24,semiregular,2,624,680,56,601,23,79,0.9631410256410257,0.8838235294117647,0.9176470588235294,0.9217791411042945
5,24,irregular,2,228,247,19,209,19,38,0.9166666666666666,0.8461538461538461,0.9230769230769231,0.8799999999999999
5,24,regular,3,1080,1079,1,1077,3,2,0.9972222222222222,0.9981464318813716,1.0009267840593141,0.9976841130152848
5,24,semiregular,3,680,680,0,652,28,28,0.9588235294117647,0.9588235294117647,1.0,0.9588235294117647
5,24,irregular,3,225,247,22,213,12,34,0.9466666666666667,0.8623481781376519,0.9109311740890689,0.902542372881356
5,25,regular,1,933,946,13,929,4,17,0.9957127545551983,0.9820295983086681,0.9862579281183932,0.9888238424693987
5,25,semiregular,1,697,718,21,636,61,82,0.9124820659971306,0.8857938718662952,0.9707520891364902,0.8989399293286219
5,25,irregular,1,251,207,44,148,103,59,0.5896414342629482,0.714975845410628,1.21256038647343,0.646288209606987
5,25,regular,2,915,946,31,909,6,37,0.9934426229508196,0.9608879492600423,0.96723044397463,0.9768941429339065
5,25,semiregular,2,692,718,26,648,44,70,0.9364161849710982,0.9025069637883009,0.9637883008356546,0.9191489361702128
5,25,irregular,2,219,207,12,155,64,52,0.7077625570776256,0.748792270531401,1.0579710144927537,0.727699530516432
5,25,regular,3,851,946,95,850,1,96,0.9988249118683902,0.8985200845665962,0.8995771670190275,0.9460211463550361
5,25,semiregular,3,647,718,71,607,40,111,0.9381761978361669,0.8454038997214485,0.9011142061281338,0.8893772893772893
5,25,irregular,3,181,207,26,137,44,70,0.7569060773480663,0.6618357487922706,0.8743961352657005,0.7061855670103093
5,26,regular,1,1167,985,182,984,183,1,0.8431876606683805,0.9989847715736041,1.184771573604061,0.9144981412639406
5,26,semiregular,1,755,720,35,664,91,56,0.8794701986754967,0.9222222222222223,1.0486111111111112,0.9003389830508476
5,26,irregular,1,320,214,106,187,133,27,0.584375,0.8738317757009346,1.4953271028037383,0.700374531835206
5,26,regular,2,1008,985,23,972,36,13,0.9642857142857143,0.9868020304568528,1.0233502538071066,0.9754139488208731
5,26,semiregular,2,664,720,56,616,48,104,0.927710843373494,0.8555555555555555,0.9222222222222223,0.8901734104046242
5,26,irregular,2,254,214,40,156,98,58,0.6141732283464567,0.7289719626168224,1.1869158878504673,0.6666666666666666
5,26,regular,3,1150,985,165,984,166,1,0.8556521739130435,0.9989847715736041,1.16751269035533,0.9217798594847775
5,26,semiregular,3,732,720,12,669,63,51,0.9139344262295082,0.9291666666666667,1.0166666666666666,0.921487603305785
5,26,irregular,3,241,214,27,185,56,29,0.7676348547717843,0.8644859813084113,1.1261682242990654,0.8131868131868132
5,27,regular,1,1081,1166,85,1076,5,90,0.9953746530989824,0.9228130360205832,0.9271012006861064,0.9577214063195372
5,27,semiregular,1,539,728,189,491,48,237,0.9109461966604824,0.6744505494505495,0.7403846153846154,0.7750591949486977
5,27,irregular,1,250,270,20,185,65,85,0.74,0.6851851851851852,0.9259259259259259,0.7115384615384615
5,27,regular,2,1104,1166,62,1095,9,71,0.9918478260869565,0.9391080617495712,0.9468267581475128,0.9647577092511013
5,27,semiregular,2,710,728,18,663,47,65,0.9338028169014084,0.9107142857142857,0.9752747252747253,0.9221140472878998
5,27,irregular,2,267,270,3,231,36,39,0.8651685393258427,0.8555555555555555,0.9888888888888889,0.8603351955307262
5,27,regular,3,1172,1166,6,1165,7,1,0.9940273037542662,0.9991423670668954,1.0051457975986278,0.9965782720273738
5,27,semiregular,3,712,728,16,664,48,64,0.9325842696629213,0.9120879120879121,0.978021978021978,0.9222222222222223
5,27,irregular,3,250,270,20,223,27,47,0.892,0.825925925925926,0.9259259259259259,0.8576923076923079
5,28,regular,1,1092,1098,6,1079,13,19,0.9880952380952381,0.982695810564663,0.994535519125683,0.9853881278538814
5,28,semiregular,1,836,859,23,768,68,91,0.9186602870813397,0.8940628637951106,0.9732246798603027,0.9061946902654867
5,28,irregular,1,326,293,33,159,167,134,0.48773006134969327,0.5426621160409556,1.1126279863481228,0.5137318255250404
5,28,regular,2,1091,1098,7,1073,18,25,0.9835013748854262,0.9772313296903461,0.9936247723132969,0.9803563270899954
5,28,semiregular,2,779,859,80,729,50,130,0.9358151476251605,0.8486612339930152,0.9068684516880093,0.8901098901098902
5,28,irregular,2,291,293,2,219,72,74,0.7525773195876289,0.7474402730375427,0.9931740614334471,0.75
5,28,regular,3,1104,1098,6,1093,11,5,0.990036231884058,0.9954462659380692,1.005464480874317,0.9927338782924613
5,28,semiregular,3,803,859,56,767,36,92,0.9551681195516812,0.8928987194412107,0.9348079161816065,0.9229843561973526
5,28,irregular,3,264,293,29,200,64,93,0.7575757575757576,0.6825938566552902,0.9010238907849829,0.7181328545780968
5,29,regular,1,1113,1140,27,1108,5,32,0.995507637017071,0.9719298245614035,0.9763157894736842,0.9835774522858413
5,29,semiregular,1,931,869,62,811,120,58,0.8711063372717508,0.9332566168009206,1.0713463751438435,0.9011111111111112
5,29,irregular,1,238,247,9,180,58,67,0.7563025210084033,0.728744939271255,0.9635627530364372,0.7422680412371134
5,29,regular,2,1089,1140,51,1082,7,58,0.9935720844811754,0.9491228070175438,0.9552631578947368,0.9708389412292507
5,29,semiregular,2,927,869,58,832,95,37,0.8975188781014024,0.9574223245109321,1.0667433831990794,0.9265033407572383
5,29,irregular,2,270,247,23,222,48,25,0.8222222222222222,0.8987854251012146,1.0931174089068827,0.8588007736943907
5,29,regular,3,1108,1140,32,1107,1,33,0.9990974729241877,0.9710526315789474,0.9719298245614035,0.9848754448398577
5,29,semiregular,3,910,869,41,804,106,65,0.8835164835164835,0.9252013808975834,1.047180667433832,0.9038785834738617
5,29,irregular,3,235,247,12,203,32,44,0.8638297872340426,0.8218623481781376,0.951417004048583,0.8423236514522823
5,30,regular,1,994,997,3,983,11,14,0.9889336016096579,0.9859578736208626,0.9969909729187563,0.9874434957307885
5,30,semiregular,1,799,810,11,737,62,73,0.9224030037546934,0.9098765432098765,0.9864197530864197,0.9160969546302051
5,30,irregular,1,278,250,28,179,99,71,0.6438848920863309,0.716,1.112,0.678030303030303
5,30,regular,2,941,997,56,938,3,59,0.9968119022316685,0.9408224674022067,0.9438314944834504,0.9680082559339526
5,30,semiregular,2,809,810,1,753,56,57,0.930778739184178,0.9296296296296296,0.9987654320987654,0.9302038295243977
5,30,irregular,2,232,250,18,200,32,50,0.8620689655172413,0.8,0.928,0.8298755186721992
5,30,regular,3,995,997,2,994,1,3,0.9989949748743718,0.9969909729187563,0.9979939819458375,0.9979919678714859
5,30,semiregular,3,817,810,7,771,46,39,0.9436964504283966,0.9518518518518518,1.008641975308642,0.9477566072526122
5,30,irregular,3,252,250,2,200,52,50,0.7936507936507936,0.8,1.008,0.7968127490039839
