Test fold number,Subject,Gait,Sensor,Predicted,Actual,Difference,TP,FP,FN,PPV,Sensitivity,RCA,SDA
1,1,regular,1,955,937,18,936,19,1,0.9801047120418848,0.9989327641408752,1.0192102454642475,0.9894291754756872
1,1,semiregular,1,737,703,34,625,112,78,0.8480325644504749,0.8890469416785206,1.0483641536273116,0.8680555555555556
1,1,irregular,1,204,199,5,137,67,62,0.6715686274509803,0.6884422110552764,1.0251256281407035,0.6799007444168734
1,1,regular,2,971,937,34,893,78,44,0.9196704428424305,0.9530416221985059,1.0362860192102454,0.9360587002096435
1,1,semiregular,2,830,703,127,638,192,65,0.7686746987951807,0.9075391180654339,1.1806543385490753,0.83235485975212
1,1,irregular,2,206,199,7,164,42,35,0.7961165048543689,0.8241206030150754,1.035175879396985,0.8098765432098766
1,1,regular,3,915,937,22,908,7,29,0.9923497267759562,0.9690501600853789,0.9765208110992529,0.980561555075594
1,1,semiregular,3,714,703,11,620,94,83,0.8683473389355743,0.8819345661450925,1.0156472261735419,0.8750882145377559
1,1,irregular,3,205,199,6,162,43,37,0.7902439024390244,0.8140703517587939,1.0301507537688441,0.801980198019802
1,2,regular,1,1143,1224,81,1128,15,96,0.9868766404199475,0.9215686274509803,0.9338235294117647,0.953105196451204
1,2,semiregular,1,581,647,66,546,35,101,0.9397590361445783,0.8438948995363215,0.8979907264296755,0.8892508143322475
1,2,irregular,1,204,217,13,121,83,96,0.5931372549019608,0.5576036866359447,0.9400921658986175,0.5748218527315915
1,2,regular,2,1169,1224,55,1153,16,71,0.9863130881094953,0.9419934640522876,0.9550653594771242,0.963643961554534
1,2,semiregular,2,593,647,54,547,46,100,0.9224283305227656,0.8454404945904173,0.9165378670788253,0.882258064516129
1,2,irregular,2,214,217,3,167,47,50,0.780373831775701,0.7695852534562212,0.9861751152073732,0.7749419953596287
1,2,regular,3,1221,1224,3,1214,7,10,0.9942669942669943,0.9918300653594772,0.9975490196078431,0.9930470347648263
1,2,semiregular,3,619,647,28,584,35,63,0.9434571890145396,0.9026275115919629,0.9567233384853169,0.9225908372827804
1,2,irregular,3,240,217,23,180,60,37,0.75,0.8294930875576036,1.1059907834101383,0.787746170678337
1,3,regular,1,1035,1053,18,1027,8,26,0.9922705314009662,0.9753086419753086,0.9829059829059829,0.9837164750957855
1,3,semiregular,1,734,716,18,649,85,67,0.8841961852861036,0.9064245810055865,1.0251396648044693,0.8951724137931034
1,3,irregular,1,230,224,6,156,74,68,0.6782608695652174,0.6964285714285714,1.0267857142857142,0.6872246696035242
1,3,regular,2,985,1053,68,973,12,80,0.9878172588832488,0.9240265906932573,0.9354226020892688,0.9548577036310107
1,3,semiregular,2,698,716,18,597,101,119,0.8553008595988538,0.8337988826815642,0.9748603351955307,0.8444130127298444
1,3,irregular,2,209,224,15,167,42,57,0.7990430622009569,0.7455357142857143,0.9330357142857143,0.7713625866050808
1,3,regular,3,1039,1053,14,1036,3,17,0.9971126082771896,0.9838556505223172,0.9867046533713201,0.9904397705544933
1,3,semiregular,3,736,716,20,662,74,54,0.8994565217391305,0.9245810055865922,1.0279329608938548,0.9118457300275481
1,3,irregular,3,239,224,15,184,55,40,0.7698744769874477,0.8214285714285714,1.0669642857142858,0.794816414686825
1,4,regular,1,1094,1101,7,1081,13,20,0.9881170018281535,0.9818346957311535,0.9936421435059037,0.9849658314350798
1,4,semiregular,1,648,614,34,529,119,85,0.816358024691358,0.8615635179153095,1.0553745928338762,0.8383518225039619
1,4,irregular,1,248,228,20,155,93,73,0.625,0.6798245614035088,1.087719298245614,0.6512605042016806
1,4,regular,2,1082,1101,19,1067,15,34,0.9861367837338263,0.9691189827429609,0.9827429609445958,0.9775538250114522
1,4,semiregular,2,633,614,19,511,122,103,0.8072669826224329,0.8322475570032574,1.0309446254071661,0.8195669607056938
1,4,irregular,2,225,228,3,176,49,52,0.7822222222222223,0.7719298245614035,0.9868421052631579,0.7770419426048565
1,4,regular,3,1118,1101,17,1099,19,2,0.983005366726297,0.9981834695731153,1.0154405086285194,0.9905362776025236
1,4,semiregular,3,577,614,37,519,58,95,0.8994800693240901,0.8452768729641694,0.9397394136807817,0.871536523929471
1,4,irregular,3,263,228,35,185,78,43,0.7034220532319392,0.8114035087719298,1.1535087719298245,0.7535641547861508
1,5,regular,1,1021,1044,23,1014,7,30,0.9931439764936337,0.9712643678160919,0.9779693486590039,0.9820823244552057
1,5,semiregular,1,792,668,124,642,150,26,0.8106060606060606,0.9610778443113772,1.18562874251497,0.8794520547945205
1,5,irregular,1,236,217,19,153,83,64,0.6483050847457628,0.7050691244239631,1.087557603686636,0.6754966887417219
1,5,regular,2,1022,1044,22,1009,13,35,0.987279843444227,0.9664750957854407,0.9789272030651341,0.9767666989351405
1,5,semiregular,2,737,668,69,574,163,94,0.7788331071913162,0.8592814371257484,1.1032934131736527,0.8170818505338079
1,5,irregular,2,210,217,7,164,46,53,0.780952380952381,0.7557603686635944,0.967741935483871,0.7681498829039812
1,5,regular,3,1032,1044,12,1029,3,15,0.997093023255814,0.985632183908046,0.9885057471264368,0.991329479768786
1,5,semiregular,3,694,668,26,608,86,60,0.8760806916426513,0.9101796407185628,1.0389221556886228,0.8928046989720999
1,5,irregular,3,231,217,14,175,56,42,0.7575757575757576,0.8064516129032258,1.064516129032258,0.7812499999999999
1,6,regular,1,918,915,3,885,33,30,0.9640522875816994,0.9672131147540983,1.0032786885245901,0.9656301145662848
1,6,semiregular,1,714,701,13,644,70,57,0.9019607843137255,0.9186875891583453,1.0185449358059915,0.9102473498233214
1,6,irregular,1,213,195,18,125,88,70,0.5868544600938967,0.6410256410256411,1.0923076923076922,0.6127450980392156
1,6,regular,2,956,915,41,912,44,3,0.9539748953974896,0.9967213114754099,1.0448087431693989,0.9748797434526991
1,6,semiregular,2,650,701,51,574,76,127,0.8830769230769231,0.818830242510699,0.927246790299572,0.8497409326424871
1,6,irregular,2,185,195,10,123,62,72,0.6648648648648648,0.6307692307692307,0.9487179487179487,0.6473684210526316
1,6,regular,3,915,915,0,911,4,4,0.9956284153005465,0.9956284153005465,1.0,0.9956284153005465
1,6,semiregular,3,697,701,4,641,56,60,0.9196556671449068,0.9144079885877318,0.9942938659058488,0.9170243204577969
1,6,irregular,3,243,195,48,167,76,28,0.6872427983539094,0.8564102564102564,1.2461538461538462,0.7625570776255708
1,7,regular,1,1185,1230,45,1180,5,50,0.9957805907172996,0.959349593495935,0.9634146341463414,0.9772256728778469
1,7,semiregular,1,748,761,13,657,91,104,0.8783422459893048,0.8633377135348226,0.9829172141918529,0.8707753479125249
1,7,irregular,1,283,225,58,171,112,54,0.6042402826855123,0.76,1.2577777777777779,0.6732283464566928
1,7,regular,2,1206,1230,24,1185,21,45,0.9825870646766169,0.9634146341463414,0.9804878048780488,0.9729064039408867
1,7,semiregular,2,767,761,6,638,129,123,0.8318122555410691,0.8383705650459922,1.0078843626806833,0.8350785340314136
1,7,irregular,2,200,225,25,169,31,56,0.845,0.7511111111111111,0.8888888888888888,0.7952941176470588
1,7,regular,3,1224,1230,6,1220,4,10,0.9967320261437909,0.991869918699187,0.9951219512195122,0.9942950285248574
1,7,semiregular,3,741,761,20,655,86,106,0.8839406207827261,0.8607095926412615,0.973718791064389,0.8721704394141145
1,7,irregular,3,247,225,22,187,60,38,0.757085020242915,0.8311111111111111,1.0977777777777777,0.7923728813559322
1,8,regular,1,1030,1035,5,1018,12,17,0.9883495145631068,0.9835748792270531,0.9951690821256038,0.985956416464891
1,8,semiregular,1,836,827,9,743,93,84,0.888755980861244,0.898428053204353,1.0108827085852479,0.8935658448586892
1,8,irregular,1,277,243,34,172,105,71,0.6209386281588448,0.7078189300411523,1.139917695473251,0.6615384615384615
1,8,regular,2,1047,1035,12,1030,17,5,0.9837631327602674,0.9951690821256038,1.0115942028985507,0.989433237271854
1,8,semiregular,2,840,827,13,721,119,106,0.8583333333333333,0.871825876662636,1.0157194679564692,0.8650269946010798
1,8,irregular,2,222,243,21,169,53,74,0.7612612612612613,0.6954732510288066,0.9135802469135802,0.7268817204301076
1,8,regular,3,1030,1035,5,1026,4,9,0.996116504854369,0.991304347826087,0.9951690821256038,0.9937046004842616
1,8,semiregular,3,827,827,0,756,71,71,0.9141475211608222,0.9141475211608222,1.0,0.9141475211608222
1,8,irregular,3,251,243,8,179,72,64,0.7131474103585658,0.7366255144032922,1.0329218106995885,0.7246963562753036
1,9,regular,1,1101,1107,6,1096,5,11,0.9954586739327884,0.990063233965673,0.994579945799458,0.9927536231884059
1,9,semiregular,1,653,701,48,613,40,88,0.9387442572741195,0.8744650499286734,0.9315263908701854,0.9054652880354506
1,9,irregular,1,270,266,4,193,77,73,0.7148148148148148,0.7255639097744361,1.0150375939849625,0.7201492537313432
1,9,regular,2,1061,1107,46,1051,10,56,0.9905749293119699,0.9494128274616079,0.9584462511291779,0.9695571955719556
1,9,semiregular,2,602,701,99,544,58,157,0.9036544850498339,0.776034236804565,0.8587731811697575,0.8349961627014582
1,9,irregular,2,247,266,19,197,50,69,0.7975708502024291,0.7406015037593985,0.9285714285714286,0.7680311890838206
1,9,regular,3,1095,1107,12,1092,3,15,0.9972602739726028,0.986449864498645,0.989159891598916,0.9918256130790192
1,9,semiregular,3,694,701,7,652,42,49,0.9394812680115274,0.9300998573466477,0.9900142653352354,0.9347670250896057
1,9,irregular,3,270,266,4,197,73,69,0.7296296296296296,0.7406015037593985,1.0150375939849625,0.7350746268656717
1,10,regular,1,1024,1014,10,1005,19,9,0.9814453125,0.9911242603550295,1.009861932938856,0.986261040235525
1,10,semiregular,1,705,656,49,622,83,34,0.8822695035460993,0.948170731707317,1.0746951219512195,0.914033798677443
1,10,irregular,1,239,247,8,185,54,62,0.7740585774058577,0.7489878542510121,0.9676113360323887,0.7613168724279836
1,10,regular,2,1035,1014,21,1005,30,9,0.9710144927536232,0.9911242603550295,1.0207100591715976,0.9809663250366032
1,10,semiregular,2,672,656,16,578,94,78,0.8601190476190477,0.8810975609756098,1.024390243902439,0.8704819277108434
1,10,irregular,2,236,247,11,200,36,47,0.847457627118644,0.8097165991902834,0.9554655870445344,0.8281573498964803
1,10,regular,3,1008,1014,6,1003,5,11,0.9950396825396826,0.9891518737672583,0.9940828402366864,0.9920870425321463
1,10,semiregular,3,631,656,25,583,48,73,0.9239302694136292,0.8887195121951219,0.961890243902439,0.9059829059829061
1,10,irregular,3,241,247,6,203,38,44,0.8423236514522822,0.8218623481781376,0.9757085020242915,0.8319672131147541
1,11,regular,1,1060,1070,10,1055,5,15,0.9952830188679245,0.985981308411215,0.9906542056074766,0.9906103286384976
1,11,semiregular,1,763,700,63,655,108,45,0.8584534731323722,0.9357142857142857,1.09,0.8954203691045797
1,11,irregular,1,238,239,1,175,63,64,0.7352941176470589,0.7322175732217573,0.99581589958159,0.7337526205450735
1,11,regular,2,1057,1070,13,1049,8,21,0.9924314096499527,0.9803738317757009,0.9878504672897196,0.9863657733897507
1,11,semiregular,2,670,700,30,558,112,142,0.8328358208955224,0.7971428571428572,0.9571428571428572,0.8145985401459854
1,11,irregular,2,210,239,29,169,41,70,0.8047619047619048,0.7071129707112971,0.8786610878661087,0.7527839643652562
1,11,regular,3,1061,1070,9,1058,3,12,0.9971724787935909,0.9887850467289719,0.991588785046729,0.992961051149695
1,11,semiregular,3,688,700,12,624,64,76,0.9069767441860465,0.8914285714285715,0.9828571428571429,0.899135446685879
1,11,irregular,3,243,239,4,178,65,61,0.7325102880658436,0.7447698744769874,1.0167364016736402,0.7385892116182572
1,12,regular,1,1016,1007,9,1006,10,1,0.9901574803149606,0.9990069513406157,1.008937437934459,0.9945625308947109
1,12,semiregular,1,740,641,99,615,125,26,0.831081081081081,0.9594383775351014,1.1544461778471138,0.890658942795076
1,12,irregular,1,240,204,36,161,79,43,0.6708333333333333,0.7892156862745098,1.1764705882352942,0.7252252252252251
1,12,regular,2,1035,1007,28,1007,28,0,0.9729468599033816,1.0,1.0278053624627608,0.9862879529872673
1,12,semiregular,2,653,641,12,539,114,102,0.8254211332312404,0.8408736349453978,1.0187207488299532,0.8330757341576507
1,12,irregular,2,228,204,24,165,63,39,0.7236842105263158,0.8088235294117647,1.1176470588235294,0.763888888888889
1,12,regular,3,1007,1007,0,1003,4,4,0.9960278053624627,0.9960278053624627,1.0,0.9960278053624627
1,12,semiregular,3,620,641,21,554,66,87,0.8935483870967742,0.8642745709828393,0.9672386895475819,0.8786677240285489
1,12,irregular,3,262,204,58,174,88,30,0.6641221374045801,0.8529411764705882,1.2843137254901962,0.7467811158798284
1,13,regular,1,990,1000,10,985,5,15,0.9949494949494949,0.985,0.99,0.9899497487437187
1,13,semiregular,1,881,815,66,786,95,29,0.8921679909194098,0.9644171779141104,1.0809815950920245,0.9268867924528301
1,13,irregular,1,265,216,49,158,107,58,0.5962264150943396,0.7314814814814815,1.2268518518518519,0.6569646569646569
1,13,regular,2,1004,1000,4,993,11,7,0.9890438247011952,0.993,1.004,0.9910179640718562
1,13,semiregular,2,732,815,83,642,90,173,0.8770491803278688,0.7877300613496933,0.898159509202454,0.8299935358758888
1,13,irregular,2,233,216,17,169,64,47,0.7253218884120172,0.7824074074074074,1.0787037037037037,0.7527839643652562
1,13,regular,3,997,1000,3,995,2,5,0.9979939819458375,0.995,0.997,0.9964947421131698
1,13,semiregular,3,799,815,16,743,56,72,0.9299123904881101,0.9116564417177914,0.9803680981595092,0.9206939281288723
1,13,irregular,3,242,216,26,180,62,36,0.743801652892562,0.8333333333333334,1.1203703703703705,0.7860262008733625
1,14,regular,1,1027,1052,25,1022,5,30,0.9951314508276533,0.9714828897338403,0.9762357414448669,0.9831649831649832
1,14,semiregular,1,933,913,20,844,89,69,0.9046087888531619,0.9244249726177437,1.0219058050383352,0.9144095341278441
1,14,irregular,1,225,217,8,159,66,58,0.7066666666666667,0.7327188940092166,1.0368663594470047,0.7194570135746607
1,14,regular,2,1011,1052,41,1002,9,50,0.9910979228486647,0.9524714828897338,0.9610266159695817,0.9714008725157538
1,14,semiregular,2,870,913,43,777,93,136,0.8931034482758621,0.8510405257393209,0.9529025191675794,0.8715647784632642
1,14,irregular,2,214,217,3,162,52,55,0.7570093457943925,0.7465437788018433,0.9861751152073732,0.751740139211137
1,14,regular,3,1046,1052,6,1044,2,8,0.9980879541108987,0.9923954372623575,0.9942965779467681,0.9952335557673975
1,14,semiregular,3,867,913,46,813,54,100,0.9377162629757786,0.8904709748083242,0.9496166484118291,0.9134831460674157
1,14,irregular,3,226,217,9,172,54,45,0.7610619469026548,0.7926267281105991,1.0414746543778801,0.7765237020316027
1,15,regular,1,998,964,34,964,34,0,0.9659318637274549,1.0,1.0352697095435686,0.9826707441386341
1,15,semiregular,1,833,774,59,736,97,38,0.8835534213685474,0.9509043927648578,1.0762273901808785,0.9159925326695707
1,15,irregular,1,227,218,9,173,54,45,0.762114537444934,0.7935779816513762,1.0412844036697249,0.7775280898876405
1,15,regular,2,954,964,10,944,10,20,0.989517819706499,0.979253112033195,0.9896265560165975,0.9843587069864442
1,15,semiregular,2,738,774,36,651,87,123,0.8821138211382114,0.8410852713178295,0.9534883720930233,0.8611111111111112
1,15,irregular,2,199,218,19,163,36,55,0.8190954773869347,0.7477064220183486,0.9128440366972477,0.7817745803357314
1,15,regular,3,962,964,2,960,2,4,0.997920997920998,0.995850622406639,0.9979253112033195,0.9968847352024922
1,15,semiregular,3,747,774,27,699,48,75,0.9357429718875502,0.9031007751937985,0.9651162790697675,0.9191321499013807
1,15,irregular,3,237,218,19,184,53,34,0.7763713080168776,0.8440366972477065,1.0871559633027523,0.8087912087912087
1,16,regular,1,1090,1109,19,1085,5,24,0.9954128440366973,0.9783588818755635,0.9828674481514879,0.98681218735789
1,16,semiregular,1,694,681,13,601,93,80,0.8659942363112392,0.882525697503671,1.0190895741556534,0.8741818181818182
1,16,irregular,1,307,272,35,195,112,77,0.6351791530944625,0.7169117647058824,1.1286764705882353,0.6735751295336787
1,16,regular,2,1131,1109,22,1109,22,0,0.9805481874447391,1.0,1.0198376916140668,0.9901785714285715
1,16,semiregular,2,663,681,18,568,95,113,0.8567119155354449,0.8340675477239354,0.973568281938326,0.8452380952380953
1,16,irregular,2,246,272,26,194,52,78,0.7886178861788617,0.7132352941176471,0.9044117647058824,0.749034749034749
1,16,regular,3,1105,1109,4,1101,4,8,0.9963800904977376,0.9927862939585211,0.9963931469792606,0.994579945799458
1,16,semiregular,3,654,681,27,581,73,100,0.8883792048929664,0.8531571218795888,0.960352422907489,0.8704119850187265
1,16,irregular,3,249,272,23,207,42,65,0.8313253012048193,0.7610294117647058,0.9154411764705882,0.7946257197696738
1,17,regular,1,1017,1029,12,1015,2,14,0.9980334316617503,0.9863945578231292,0.9883381924198251,0.9921798631476051
1,17,semiregular,1,916,837,79,799,117,38,0.8722707423580786,0.954599761051374,1.0943847072879331,0.9115801483171705
1,17,irregular,1,324,240,84,183,141,57,0.5648148148148148,0.7625,1.35,0.648936170212766
1,17,regular,2,1043,1029,14,1026,17,3,0.9837008628954937,0.9970845481049563,1.0136054421768708,0.9903474903474903
1,17,semiregular,2,783,837,54,686,97,151,0.876117496807152,0.8195937873357229,0.9354838709677419,0.8469135802469137
1,17,irregular,2,266,240,26,183,83,57,0.6879699248120301,0.7625,1.1083333333333334,0.7233201581027667
1,17,regular,3,1031,1029,2,1026,5,3,0.9951503394762367,0.9970845481049563,1.0019436345966959,0.996116504854369
1,17,semiregular,3,828,837,9,767,61,70,0.9263285024154589,0.9163679808841099,0.989247311827957,0.9213213213213213
1,17,irregular,3,239,240,1,181,58,59,0.7573221757322176,0.7541666666666667,0.9958333333333333,0.755741127348643
1,18,regular,1,1049,1044,5,1038,11,6,0.9895138226882746,0.9942528735632183,1.0047892720306513,0.9918776875298614
1,18,semiregular,1,838,801,37,758,80,43,0.9045346062052506,0.9463171036204744,1.0461922596754056,0.924954240390482
1,18,irregular,1,279,252,27,201,78,51,0.7204301075268817,0.7976190476190477,1.1071428571428572,0.7570621468926554
1,18,regular,2,1050,1044,6,1042,8,2,0.9923809523809524,0.9980842911877394,1.0057471264367817,0.9952244508118434
1,18,semiregular,2,811,801,10,710,101,91,0.8754623921085081,0.8863920099875156,1.0124843945068664,0.8808933002481389
1,18,irregular,2,248,252,4,197,51,55,0.7943548387096774,0.7817460317460317,0.9841269841269841,0.788
1,18,regular,3,1040,1044,4,1037,3,7,0.9971153846153846,0.9932950191570882,0.9961685823754789,0.9952015355086372
1,18,semiregular,3,793,801,8,739,54,62,0.9319041614123581,0.9225967540574282,0.9900124843945068,0.9272271016311165
1,18,irregular,3,274,252,22,215,59,37,0.7846715328467153,0.8531746031746031,1.0873015873015872,0.817490494296578
1,19,regular,1,1058,1076,18,1052,6,24,0.994328922495274,0.9776951672862454,0.983271375464684,0.9859418931583881
1,19,semiregular,1,769,753,16,701,68,52,0.9115734720416124,0.9309428950863213,1.0212483399734396,0.9211563731931668
1,19,irregular,1,277,245,32,186,91,59,0.6714801444043321,0.7591836734693878,1.1306122448979592,0.7126436781609194
1,19,regular,2,1079,1076,3,1071,8,5,0.9925857275254866,0.9953531598513011,1.0027881040892193,0.993967517401392
1,19,semiregular,2,645,753,108,578,67,175,0.896124031007752,0.7675962815405046,0.8565737051792829,0.8268955650929899
1,19,irregular,2,254,245,9,190,64,55,0.7480314960629921,0.7755102040816326,1.036734693877551,0.7615230460921844
1,19,regular,3,1073,1076,3,1069,4,7,0.9962721342031687,0.9934944237918215,0.9972118959107806,0.9948813401582132
1,19,semiregular,3,719,753,34,667,52,86,0.9276773296244785,0.8857901726427623,0.9548472775564409,0.90625
1,19,irregular,3,249,245,4,189,60,56,0.7590361445783133,0.7714285714285715,1.0163265306122449,0.7651821862348178
1,20,regular,1,1186,1251,65,1184,2,67,0.9983136593591906,0.9464428457234213,0.9480415667466027,0.9716864997948298
1,20,semiregular,1,892,841,51,778,114,63,0.8721973094170403,0.925089179548157,1.0606420927467302,0.8978649740334679
1,20,irregular,1,288,252,36,184,104,68,0.6388888888888888,0.7301587301587301,1.1428571428571428,0.6814814814814814
1,20,regular,2,1194,1251,57,1176,18,75,0.9849246231155779,0.9400479616306955,0.9544364508393285,0.9619631901840491
1,20,semiregular,2,800,841,41,679,121,162,0.84875,0.807372175980975,0.9512485136741974,0.8275441803778183
1,20,irregular,2,239,252,13,183,56,69,0.7656903765690377,0.7261904761904762,0.9484126984126984,0.745417515274949
1,20,regular,3,1241,1251,10,1239,2,12,0.9983883964544722,0.9904076738609112,0.9920063948840927,0.9943820224719101
1,20,semiregular,3,817,841,24,723,94,118,0.8849449204406364,0.8596908442330559,0.9714625445897741,0.8721351025331725
1,20,irregular,3,259,252,7,186,73,66,0.7181467181467182,0.7380952380952381,1.0277777777777777,0.7279843444227007
1,21,regular,1,937,920,17,919,18,1,0.9807897545357525,0.9989130434782608,1.0184782608695653,0.9897684437264406
1,21,semiregular,1,605,549,56,483,122,66,0.7983471074380165,0.8797814207650273,1.1020036429872495,0.8370883882149047
1,21,irregular,1,227,204,23,162,65,42,0.7136563876651982,0.7941176470588235,1.1127450980392157,0.7517401392111368
1,21,regular,2,923,920,3,909,14,11,0.9848320693391116,0.9880434782608696,1.0032608695652174,0.9864351600651112
1,21,semiregular,2,671,549,122,482,189,67,0.7183308494783904,0.8779599271402551,1.2222222222222223,0.7901639344262295
1,21,irregular,2,197,204,7,151,46,53,0.766497461928934,0.7401960784313726,0.9656862745098039,0.7531172069825436
1,21,regular,3,919,920,1,916,3,4,0.9967355821545157,0.9956521739130435,0.9989130434782608,0.9961935834692768
1,21,semiregular,3,564,549,15,487,77,62,0.8634751773049646,0.8870673952641166,1.0273224043715847,0.8751123090745732
1,21,irregular,3,237,204,33,179,58,25,0.7552742616033755,0.8774509803921569,1.161764705882353,0.8117913832199546
1,22,regular,1,974,946,28,943,31,3,0.9681724845995893,0.9968287526427061,1.029598308668076,0.9822916666666666
1,22,semiregular,1,742,703,39,647,95,56,0.871967654986523,0.9203413940256046,1.0554765291607398,0.8955017301038063
1,22,irregular,1,245,247,2,176,69,71,0.7183673469387755,0.7125506072874493,0.9919028340080972,0.7154471544715447
1,22,regular,2,965,946,19,935,30,11,0.9689119170984456,0.9883720930232558,1.0200845665961944,0.97854526425955
1,22,semiregular,2,730,703,27,616,114,87,0.8438356164383561,0.8762446657183499,1.038406827880512,0.8597348220516399
1,22,irregular,2,227,247,20,173,54,74,0.762114537444934,0.7004048582995951,0.9190283400809717,0.729957805907173
1,22,regular,3,939,946,7,935,4,11,0.9957401490947817,0.9883720930232558,0.992600422832981,0.9920424403183025
1,22,semiregular,3,684,703,19,623,61,80,0.9108187134502924,0.8862019914651493,0.972972972972973,0.898341744772891
1,22,irregular,3,284,247,37,201,83,46,0.7077464788732394,0.8137651821862348,1.1497975708502024,0.7570621468926554
1,23,regular,1,977,999,22,970,7,29,0.9928352098259979,0.970970970970971,0.977977977977978,0.9817813765182186
1,23,semiregular,1,810,835,25,702,108,133,0.8666666666666667,0.8407185628742515,0.9700598802395209,0.8534954407294832
1,23,irregular,1,318,266,52,187,131,79,0.5880503144654088,0.7030075187969925,1.1954887218045114,0.6404109589041096
1,23,regular,2,1003,999,4,990,13,9,0.9870388833499502,0.990990990990991,1.004004004004004,0.989010989010989
1,23,semiregular,2,848,835,13,727,121,108,0.8573113207547169,0.8706586826347306,1.015568862275449,0.8639334521687463
1,23,irregular,2,234,266,32,182,52,84,0.7777777777777778,0.6842105263157895,0.8796992481203008,0.728
1,23,regular,3,1003,999,4,992,11,7,0.9890329012961117,0.992992992992993,1.004004004004004,0.991008991008991
1,23,semiregular,3,847,835,12,761,86,74,0.898465171192444,0.911377245508982,1.0143712574850299,0.9048751486325802
1,23,irregular,3,293,266,27,199,94,67,0.6791808873720137,0.7481203007518797,1.1015037593984962,0.7119856887298749
1,24,regular,1,1078,1079,1,1063,15,16,0.9860853432282004,0.9851714550509731,0.9990732159406858,0.9856281872971719
1,24,semiregular,1,697,680,17,618,79,62,0.8866571018651362,0.9088235294117647,1.025,0.8976034858387799
1,24,irregular,1,210,247,37,168,42,79,0.8,0.680161943319838,0.8502024291497976,0.7352297592997812
1,24,regular,2,1062,1079,17,1044,18,35,0.9830508474576272,0.9675625579240037,0.9842446709916589,0.9752452125175152
1,24,semiregular,2,628,680,52,553,75,127,0.8805732484076433,0.8132352941176471,0.9235294117647059,0.845565749235474
1,24,irregular,2,230,247,17,199,31,48,0.8652173913043478,0.805668016194332,0.9311740890688259,0.8343815513626835
1,24,regular,3,1074,1079,5,1070,4,9,0.9962756052141527,0.9916589434661723,0.995366079703429,0.9939619136089177
1,24,semiregular,3,662,680,18,619,43,61,0.9350453172205438,0.9102941176470588,0.9735294117647059,0.9225037257824144
1,24,irregular,3,253,247,6,210,43,37,0.8300395256916996,0.8502024291497976,1.0242914979757085,0.8400000000000001
1,25,regular,1,957,946,11,944,13,2,0.9864158829676071,0.9978858350951374,1.0116279069767442,0.9921177088807146
1,25,semiregular,1,728,718,10,641,87,77,0.8804945054945055,0.8927576601671309,1.0139275766016713,0.8865836791147994
1,25,irregular,1,226,207,19,140,86,67,0.6194690265486725,0.6763285024154589,1.0917874396135265,0.6466512702078522
1,25,regular,2,931,946,15,922,9,24,0.9903329752953813,0.9746300211416491,0.9841437632135307,0.9824187533297816
1,25,semiregular,2,766,718,48,635,131,83,0.8289817232375979,0.8844011142061281,1.0668523676880224,0.8557951482479783
1,25,irregular,2,206,207,1,135,71,72,0.6553398058252428,0.6521739130434783,0.9951690821256038,0.6537530266343825
1,25,regular,3,939,946,7,937,2,9,0.9978700745473909,0.9904862579281184,0.992600422832981,0.9941644562334218
1,25,semiregular,3,694,718,24,624,70,94,0.899135446685879,0.8690807799442897,0.9665738161559888,0.8838526912181303
1,25,irregular,3,241,207,34,146,95,61,0.6058091286307054,0.7053140096618358,1.1642512077294687,0.6517857142857142
1,26,regular,1,987,985,2,968,19,17,0.9807497467071935,0.9827411167512691,1.0020304568527918,0.9817444219066938
1,26,semiregular,1,791,720,71,683,108,37,0.8634639696586599,0.9486111111111111,1.0986111111111112,0.9040370615486433
1,26,irregular,1,253,214,39,163,90,51,0.6442687747035574,0.7616822429906542,1.1822429906542056,0.6980728051391863
1,26,regular,2,948,985,37,937,11,48,0.9883966244725738,0.9512690355329949,0.9624365482233502,0.9694774961200208
1,26,semiregular,2,690,720,30,593,97,127,0.8594202898550725,0.8236111111111111,0.9583333333333334,0.8411347517730495
1,26,irregular,2,201,214,13,147,54,67,0.7313432835820896,0.6869158878504673,0.9392523364485982,0.708433734939759
1,26,regular,3,988,985,3,978,10,7,0.9898785425101214,0.9928934010152284,1.0030456852791878,0.9913836796756208
1,26,semiregular,3,739,720,19,668,71,52,0.9039242219215156,0.9277777777777778,1.0263888888888888,0.9156956819739548
1,26,irregular,3,281,214,67,178,103,36,0.6334519572953736,0.8317757009345794,1.3130841121495327,0.719191919191919
1,27,regular,1,1112,1166,54,1109,3,57,0.9973021582733813,0.951114922813036,0.9536878216123499,0.9736611062335382
1,27,semiregular,1,694,728,34,621,73,107,0.8948126801152738,0.853021978021978,0.9532967032967034,0.8734177215189873
1,27,irregular,1,254,270,16,189,65,81,0.7440944881889764,0.7,0.9407407407407408,0.7213740458015266
1,27,regular,2,1128,1166,38,1114,14,52,0.9875886524822695,0.9554030874785592,0.967409948542024,0.9712292938099389
1,27,semiregular,2,745,728,17,615,130,113,0.825503355704698,0.8447802197802198,1.0233516483516483,0.8350305498981669
1,27,irregular,2,251,270,19,205,46,65,0.8167330677290837,0.7592592592592593,0.9296296296296296,0.7869481765834935
1,27,regular,3,1162,1166,4,1160,2,6,0.9982788296041308,0.9948542024013722,0.9965694682675815,0.9965635738831616
1,27,semiregular,3,699,728,29,642,57,86,0.9184549356223176,0.8818681318681318,0.9601648351648352,0.8997897687456202
1,27,irregular,3,285,270,15,218,67,52,0.7649122807017544,0.8074074074074075,1.0555555555555556,0.7855855855855856
1,28,regular,1,1079,1098,19,1069,10,29,0.9907321594068582,0.9735883424408015,0.982695810564663,0.9820854386770786
1,28,semiregular,1,907,859,48,810,97,49,0.8930540242557883,0.9429569266589057,1.0558789289871944,0.9173272933182334
1,28,irregular,1,314,293,21,186,128,107,0.5923566878980892,0.6348122866894198,1.0716723549488054,0.6128500823723229
1,28,regular,2,1100,1098,2,1081,19,17,0.9827272727272728,0.9845173041894353,1.0018214936247722,0.9836214740673339
1,28,semiregular,2,826,859,33,719,107,140,0.8704600484261501,0.8370197904540163,0.9615832363213038,0.8534124629080119
1,28,irregular,2,268,293,25,188,80,105,0.7014925373134329,0.6416382252559727,0.9146757679180887,0.6702317290552585
1,28,regular,3,1099,1098,1,1094,5,4,0.9954504094631483,0.9963570127504554,1.0009107468123861,0.9959035047792445
1,28,semiregular,3,836,859,23,776,60,83,0.9282296650717703,0.9033760186263097,0.9732246798603027,0.9156342182890854
1,28,irregular,3,327,293,34,213,114,80,0.6513761467889908,0.726962457337884,1.1160409556313993,0.6870967741935484
1,29,regular,1,1126,1140,14,1121,5,19,0.9955595026642984,0.9833333333333333,0.987719298245614,0.9894086496028243
1,29,semiregular,1,958,869,89,816,142,53,0.8517745302713987,0.9390103567318757,1.1024165707710012,0.8932676518883416
1,29,irregular,1,267,247,20,188,79,59,0.704119850187266,0.7611336032388664,1.0809716599190284,0.7315175097276264
1,29,regular,2,1128,1140,12,1118,10,22,0.9911347517730497,0.980701754385965,0.9894736842105263,0.9858906525573193
1,29,semiregular,2,968,869,99,789,179,80,0.8150826446280992,0.9079401611047181,1.1139240506329113,0.8590092542188351
1,29,irregular,2,252,247,5,189,63,58,0.75,0.7651821862348178,1.0202429149797572,0.7575150300601202
1,29,regular,3,1132,1140,8,1128,4,12,0.9964664310954063,0.9894736842105263,0.9929824561403509,0.9929577464788732
1,29,semiregular,3,855,869,14,774,81,95,0.9052631578947369,0.8906789413118527,0.9838895281933256,0.8979118329466357
1,29,irregular,3,291,247,44,199,92,48,0.6838487972508591,0.805668016194332,1.1781376518218623,0.7397769516728624
1,30,regular,1,979,997,18,975,4,22,0.9959141981613892,0.9779338014042126,0.9819458375125376,0.9868421052631579
1,30,semiregular,1,834,810,24,758,76,52,0.9088729016786571,0.9358024691358025,1.0296296296296297,0.9221411192214112
1,30,irregular,1,269,250,19,176,93,74,0.654275092936803,0.704,1.076,0.6782273603082851
1,30,regular,2,983,997,14,975,8,22,0.9918616480162767,0.9779338014042126,0.9859578736208626,0.9848484848484849
1,30,semiregular,2,713,810,97,637,76,173,0.8934081346423562,0.7864197530864198,0.8802469135802469,0.8365068942875903
1,30,irregular,2,231,250,19,178,53,72,0.7705627705627706,0.712,0.924,0.74012474012474
1,30,regular,3,993,997,4,991,2,6,0.9979859013091642,0.9939819458375125,0.995987963891675,0.9959798994974874
1,30,semiregular,3,803,810,7,745,58,65,0.9277708592777086,0.9197530864197531,0.991358024691358,0.9237445753254805
1,30,irregular,3,268,250,18,188,80,62,0.7014925373134329,0.752,1.072,0.7258687258687259
2,1,regular,1,950,937,13,936,14,1,0.9852631578947368,0.9989327641408752,1.0138740661686232,0.9920508744038156
2,1,semiregular,1,736,703,33,625,111,78,0.8491847826086957,0.8890469416785206,1.0469416785206258,0.8686587908269632
2,1,irregular,1,215,199,16,155,60,44,0.7209302325581395,0.7788944723618091,1.0804020100502512,0.7487922705314011
2,1,regular,2,960,937,23,929,31,8,0.9677083333333333,0.991462113127001,1.024546424759872,0.9794412229836583
2,1,semiregular,2,717,703,14,620,97,83,0.8647140864714087,0.8819345661450925,1.0199146514935988,0.8732394366197184
2,1,irregular,2,204,199,5,159,45,40,0.7794117647058824,0.7989949748743719,1.0251256281407035,0.7890818858560795
2,1,regular,3,932,937,5,927,5,10,0.9946351931330472,0.9893276414087513,0.9946638207043756,0.9919743178170144
2,1,semiregular,3,733,703,30,636,97,67,0.8676671214188267,0.9046941678520626,1.042674253200569,0.8857938718662952
2,1,irregular,3,198,199,1,156,42,43,0.7878787878787878,0.7839195979899497,0.9949748743718593,0.7858942065491182
2,2,regular,1,1181,1224,43,1174,7,50,0.9940728196443692,0.9591503267973857,0.9648692810457516,0.9762993762993764
2,2,semiregular,1,578,647,69,541,37,106,0.9359861591695502,0.8361669242658424,0.893353941267388,0.8832653061224489
2,2,irregular,1,216,217,1,138,78,79,0.6388888888888888,0.6359447004608295,0.9953917050691244,0.6374133949191685
2,2,regular,2,1182,1224,42,1173,9,51,0.9923857868020305,0.9583333333333334,0.9656862745098039,0.975062344139651
2,2,semiregular,2,628,647,19,597,31,50,0.9506369426751592,0.9227202472952086,0.9706336939721792,0.9364705882352942
2,2,irregular,2,218,217,1,173,45,44,0.7935779816513762,0.7972350230414746,1.0046082949308757,0.7954022988505747
2,2,regular,3,1215,1224,9,1210,5,14,0.9958847736625515,0.988562091503268,0.9926470588235294,0.992209922099221
2,2,semiregular,3,659,647,12,610,49,37,0.9256449165402124,0.9428129829984544,1.01854714064915,0.9341500765696783
2,2,irregular,3,224,217,7,177,47,40,0.7901785714285714,0.815668202764977,1.032258064516129,0.8027210884353742
2,3,regular,1,1032,1053,21,1024,8,29,0.9922480620155039,0.9724596391263058,0.98005698005698,0.9822541966426859
2,3,semiregular,1,711,716,5,645,66,71,0.9071729957805907,0.9008379888268156,0.9930167597765364,0.9039943938332166
2,3,irregular,1,243,224,19,171,72,53,0.7037037037037037,0.7633928571428571,1.0848214285714286,0.7323340471092077
2,3,regular,2,1050,1053,3,1029,21,24,0.98,0.9772079772079773,0.9971509971509972,0.9786019971469331
2,3,semiregular,2,716,716,0,644,72,72,0.8994413407821229,0.8994413407821229,1.0,0.8994413407821229
2,3,irregular,2,217,224,7,173,44,51,0.7972350230414746,0.7723214285714286,0.96875,0.7845804988662132
2,3,regular,3,1041,1053,12,1038,3,15,0.9971181556195965,0.9857549857549858,0.9886039886039886,0.991404011461318
2,3,semiregular,3,725,716,9,660,65,56,0.9103448275862069,0.9217877094972067,1.0125698324022345,0.916030534351145
2,3,irregular,3,219,224,5,161,58,63,0.7351598173515982,0.71875,0.9776785714285714,0.7268623024830699
2,4,regular,1,1134,1101,33,1091,43,10,0.9620811287477954,0.9909173478655767,1.0299727520435968,0.9762863534675614
2,4,semiregular,1,621,614,7,521,100,93,0.8389694041867954,0.8485342019543974,1.011400651465798,0.8437246963562753
2,4,irregular,1,257,228,29,158,99,70,0.6147859922178989,0.6929824561403509,1.1271929824561404,0.6515463917525772
2,4,regular,2,1100,1101,1,1093,7,8,0.9936363636363637,0.9927338782924614,0.9990917347865577,0.9931849159472967
2,4,semiregular,2,612,614,2,545,67,69,0.8905228758169934,0.8876221498371335,0.996742671009772,0.8890701468189233
2,4,irregular,2,226,228,2,175,51,53,0.7743362831858407,0.7675438596491229,0.9912280701754386,0.7709251101321586
2,4,regular,3,1087,1101,14,1084,3,17,0.9972401103955841,0.9845594913714805,0.9872842870118075,0.9908592321755026
2,4,semiregular,3,615,614,1,549,66,65,0.8926829268292683,0.8941368078175895,1.001628664495114,0.8934092758340113
2,4,irregular,3,231,228,3,179,52,49,0.7748917748917749,0.7850877192982456,1.013157894736842,0.7799564270152506
2,5,regular,1,1063,1044,19,1042,21,2,0.980244590780809,0.9980842911877394,1.0181992337164751,0.9890840056953013
2,5,semiregular,1,728,668,60,620,108,48,0.8516483516483516,0.9281437125748503,1.089820359281437,0.8882521489971346
2,5,irregular,1,237,217,20,165,72,52,0.6962025316455697,0.7603686635944701,1.0921658986175116,0.7268722466960352
2,5,regular,2,1060,1044,16,1040,20,4,0.9811320754716981,0.9961685823754789,1.0153256704980842,0.9885931558935361
2,5,semiregular,2,706,668,38,611,95,57,0.8654390934844193,0.9146706586826348,1.0568862275449102,0.8893740902474528
2,5,irregular,2,217,217,0,168,49,49,0.7741935483870968,0.7741935483870968,1.0,0.7741935483870968
2,5,regular,3,1038,1044,6,1035,3,9,0.9971098265895953,0.9913793103448276,0.9942528735632183,0.9942363112391931
2,5,semiregular,3,686,668,18,604,82,64,0.880466472303207,0.9041916167664671,1.026946107784431,0.8921713441654356
2,5,irregular,3,217,217,0,167,50,50,0.7695852534562212,0.7695852534562212,1.0,0.7695852534562211
2,6,regular,1,944,915,29,907,37,8,0.9608050847457628,0.9912568306010929,1.0316939890710382,0.9757934373318989
2,6,semiregular,1,717,701,16,647,70,54,0.902370990237099,0.9229671897289586,1.0228245363766049,0.912552891396333
2,6,irregular,1,207,195,12,127,80,68,0.6135265700483091,0.6512820512820513,1.0615384615384615,0.6318407960199005
2,6,regular,2,917,915,2,900,17,15,0.9814612868047983,0.9836065573770492,1.0021857923497268,0.982532751091703
2,6,semiregular,2,727,701,26,656,71,45,0.9023383768913342,0.9358059914407989,1.037089871611983,0.9187675070028012
2,6,irregular,2,193,195,2,133,60,62,0.689119170984456,0.6820512820512821,0.9897435897435898,0.6855670103092784
2,6,regular,3,908,915,7,905,3,10,0.9966960352422908,0.9890710382513661,0.9923497267759562,0.992868897421832
2,6,semiregular,3,706,701,5,642,64,59,0.9093484419263456,0.9158345221112696,1.007132667617689,0.9125799573560768
2,6,irregular,3,207,195,12,156,51,39,0.7536231884057971,0.8,1.0615384615384615,0.7761194029850746
2,7,regular,1,3,1230,1227,1,2,1229,0.3333333333333333,0.0008130081300813008,0.0024390243902439024,0.0016220600162206004
2,7,semiregular,1,90,761,671,76,14,685,0.8444444444444444,0.09986859395532194,0.11826544021024968,0.17861339600470033
2,7,irregular,1,185,225,40,100,85,125,0.5405405405405406,0.4444444444444444,0.8222222222222222,0.4878048780487805
2,7,regular,2,839,1230,391,835,4,395,0.9952324195470799,0.6788617886178862,0.6821138211382114,0.8071532141130981
2,7,semiregular,2,710,761,51,640,70,121,0.9014084507042254,0.8409986859395532,0.9329829172141918,0.8701563562202583
2,7,irregular,2,215,225,10,178,37,47,0.827906976744186,0.7911111111111111,0.9555555555555556,0.809090909090909
2,7,regular,3,1208,1230,22,1206,2,24,0.9983443708609272,0.9804878048780488,0.9821138211382113,0.9893355209187858
2,7,semiregular,3,764,761,3,670,94,91,0.8769633507853403,0.8804204993429697,1.0039421813403417,0.8786885245901639
2,7,irregular,3,226,225,1,183,43,42,0.8097345132743363,0.8133333333333334,1.0044444444444445,0.8115299334811531
2,8,regular,1,967,1035,68,960,7,75,0.9927611168562565,0.927536231884058,0.9342995169082126,0.959040959040959
2,8,semiregular,1,788,827,39,697,91,130,0.8845177664974619,0.8428053204353083,0.9528415961305925,0.8631578947368421
2,8,irregular,1,275,243,32,152,123,91,0.5527272727272727,0.6255144032921811,1.131687242798354,0.5868725868725869
2,8,regular,2,1007,1035,28,988,19,47,0.9811320754716981,0.9545893719806763,0.9729468599033816,0.9676787463271304
2,8,semiregular,2,820,827,7,757,63,70,0.9231707317073171,0.9153567110036276,0.9915356711003628,0.9192471159684273
2,8,irregular,2,228,243,15,169,59,74,0.7412280701754386,0.6954732510288066,0.9382716049382716,0.7176220806794056
2,8,regular,3,1029,1035,6,1025,4,10,0.9961127308066083,0.9903381642512077,0.9942028985507246,0.9932170542635659
2,8,semiregular,3,842,827,15,768,74,59,0.9121140142517815,0.9286577992744861,1.0181378476420797,0.920311563810665
2,8,irregular,3,240,243,3,176,64,67,0.7333333333333333,0.7242798353909465,0.9876543209876543,0.7287784679089028
2,9,regular,1,1035,1107,72,1026,9,81,0.991304347826087,0.926829268292683,0.9349593495934959,0.9579831932773111
2,9,semiregular,1,613,701,88,569,44,132,0.9282218597063622,0.81169757489301,0.8744650499286734,0.8660578386605785
2,9,irregular,1,242,266,24,156,86,110,0.6446280991735537,0.5864661654135338,0.9097744360902256,0.6141732283464567
2,9,regular,2,1003,1107,104,993,10,114,0.9900299102691924,0.8970189701897019,0.9060523938572719,0.9412322274881516
2,9,semiregular,2,634,701,67,596,38,105,0.9400630914826499,0.8502139800285307,0.9044222539229672,0.8928838951310861
2,9,irregular,2,251,266,15,203,48,63,0.8087649402390438,0.7631578947368421,0.943609022556391,0.7852998065764023
2,9,regular,3,1096,1107,11,1092,4,15,0.9963503649635036,0.986449864498645,0.990063233965673,0.991375397185656
2,9,semiregular,3,714,701,13,664,50,37,0.9299719887955182,0.9472182596291013,1.0185449358059915,0.9385159010600707
2,9,irregular,3,250,266,16,203,47,63,0.812,0.7631578947368421,0.9398496240601504,0.7868217054263565
2,10,regular,1,995,1014,19,976,19,38,0.9809045226130654,0.9625246548323472,0.9812623274161736,0.971627675460428
2,10,semiregular,1,666,656,10,600,66,56,0.9009009009009009,0.9146341463414634,1.0152439024390243,0.9077155824508321
2,10,irregular,1,222,247,25,176,46,71,0.7927927927927928,0.7125506072874493,0.8987854251012146,0.7505330490405118
2,10,regular,2,1162,1014,148,1006,156,8,0.8657487091222031,0.9921104536489151,1.1459566074950691,0.9246323529411764
2,10,semiregular,2,696,656,40,610,86,46,0.8764367816091954,0.9298780487804879,1.0609756097560976,0.9023668639053254
2,10,irregular,2,252,247,5,209,43,38,0.8293650793650794,0.8461538461538461,1.0202429149797572,0.8376753507014029
2,10,regular,3,1047,1014,33,1011,36,3,0.9656160458452722,0.9970414201183432,1.032544378698225,0.9810771470160117
2,10,semiregular,3,656,656,0,596,60,60,0.9085365853658537,0.9085365853658537,1.0,0.9085365853658537
2,10,irregular,3,256,247,9,205,51,42,0.80078125,0.8299595141700404,1.0364372469635628,0.8151093439363817
2,11,regular,1,1067,1070,3,1059,8,11,0.9925023430178069,0.9897196261682243,0.997196261682243,0.9911090313523632
2,11,semiregular,1,745,700,45,636,109,64,0.8536912751677852,0.9085714285714286,1.0642857142857143,0.8802768166089966
2,11,irregular,1,248,239,9,158,90,81,0.6370967741935484,0.6610878661087866,1.0376569037656904,0.648870636550308
2,11,regular,2,883,1070,187,876,7,194,0.9920724801812004,0.8186915887850468,0.8252336448598131,0.8970814132104454
2,11,semiregular,2,705,700,5,624,81,76,0.8851063829787233,0.8914285714285715,1.0071428571428571,0.888256227758007
2,11,irregular,2,214,239,25,165,49,74,0.7710280373831776,0.6903765690376569,0.895397489539749,0.728476821192053
2,11,regular,3,1036,1070,34,1034,2,36,0.9980694980694981,0.9663551401869159,0.9682242990654205,0.9819563152896486
2,11,semiregular,3,694,700,6,626,68,74,0.9020172910662824,0.8942857142857142,0.9914285714285714,0.8981348637015781
2,11,irregular,3,224,239,15,178,46,61,0.7946428571428571,0.7447698744769874,0.9372384937238494,0.7688984881209503
2,12,regular,1,1043,1007,36,1007,36,0,0.965484180249281,1.0,1.0357497517378351,0.982439024390244
2,12,semiregular,1,728,641,87,611,117,30,0.8392857142857143,0.953198127925117,1.1357254290171608,0.8926223520818115
2,12,irregular,1,292,204,88,185,107,19,0.6335616438356164,0.9068627450980392,1.4313725490196079,0.7459677419354838
2,12,regular,2,993,1007,14,985,8,22,0.9919436052366566,0.9781529294935452,0.9860973187686196,0.985
2,12,semiregular,2,667,641,26,567,100,74,0.8500749625187406,0.8845553822152886,1.0405616224648986,0.8669724770642201
2,12,irregular,2,237,204,33,165,72,39,0.6962025316455697,0.8088235294117647,1.161764705882353,0.7482993197278912
2,12,regular,3,999,1007,8,996,3,11,0.996996996996997,0.9890764647467726,0.9920556107249255,0.9930209371884346
2,12,semiregular,3,642,641,1,568,74,73,0.8847352024922118,0.8861154446177847,1.001560062402496,0.8854247856586126
2,12,irregular,3,213,204,9,157,56,47,0.7370892018779343,0.7696078431372549,1.0441176470588236,0.7529976019184651
2,13,regular,1,1012,1000,12,996,16,4,0.9841897233201581,0.996,1.012,0.9900596421471173
2,13,semiregular,1,861,815,46,774,87,41,0.8989547038327527,0.9496932515337423,1.056441717791411,0.9236276849642004
2,13,irregular,1,281,216,65,171,110,45,0.608540925266904,0.7916666666666666,1.3009259259259258,0.6881287726358148
2,13,regular,2,993,1000,7,984,9,16,0.9909365558912386,0.984,0.993,0.9874560963371801
2,13,semiregular,2,840,815,25,772,68,43,0.919047619047619,0.947239263803681,1.030674846625767,0.9329305135951661
2,13,irregular,2,238,216,22,174,64,42,0.7310924369747899,0.8055555555555556,1.1018518518518519,0.7665198237885463
2,13,regular,3,1000,1000,0,994,6,6,0.994,0.994,1.0,0.994
2,13,semiregular,3,832,815,17,768,64,47,0.9230769230769231,0.9423312883435583,1.0208588957055216,0.9326047358834243
2,13,irregular,3,222,216,6,179,43,37,0.8063063063063063,0.8287037037037037,1.0277777777777777,0.817351598173516
2,14,regular,1,1071,1052,19,1047,24,5,0.9775910364145658,0.9952471482889734,1.018060836501901,0.9863400847856807
2,14,semiregular,1,887,913,26,823,64,90,0.9278466741826381,0.9014238773274917,0.9715224534501643,0.9144444444444444
2,14,irregular,1,237,217,20,171,66,46,0.7215189873417721,0.7880184331797235,1.0921658986175116,0.7533039647577091
2,14,regular,2,1038,1052,14,1028,10,24,0.9903660886319846,0.9771863117870723,0.9866920152091255,0.9837320574162679
2,14,semiregular,2,898,913,15,836,62,77,0.9309576837416481,0.9156626506024096,0.9835706462212487,0.9232468249585863
2,14,irregular,2,226,217,9,169,57,48,0.7477876106194691,0.7788018433179723,1.0414746543778801,0.7629796839729119
2,14,regular,3,1048,1052,4,1048,0,4,1.0,0.9961977186311787,0.9961977186311787,0.9980952380952381
2,14,semiregular,3,907,913,6,850,57,63,0.9371554575523704,0.9309967141292442,0.9934282584884995,0.9340659340659341
2,14,irregular,3,212,217,5,172,40,45,0.8113207547169812,0.7926267281105991,0.9769585253456221,0.8018648018648019
2,15,regular,1,973,964,9,963,10,1,0.9897225077081192,0.9989626556016598,1.0093360995850622,0.9943211151264842
2,15,semiregular,1,804,774,30,724,80,50,0.900497512437811,0.9354005167958657,1.0387596899224807,0.917617237008872
2,15,irregular,1,233,218,15,179,54,39,0.7682403433476395,0.8211009174311926,1.0688073394495412,0.7937915742793792
2,15,regular,2,984,964,20,961,23,3,0.9766260162601627,0.9968879668049793,1.020746887966805,0.9866529774127311
2,15,semiregular,2,767,774,7,702,65,72,0.9152542372881356,0.9069767441860465,0.9909560723514211,0.9110966904607397
2,15,irregular,2,201,218,17,163,38,55,0.8109452736318408,0.7477064220183486,0.9220183486238532,0.7780429594272076
2,15,regular,3,954,964,10,952,2,12,0.9979035639412998,0.9875518672199171,0.9896265560165975,0.9927007299270073
2,15,semiregular,3,753,774,21,699,54,75,0.9282868525896414,0.9031007751937985,0.9728682170542635,0.9155206286836935
2,15,irregular,3,211,218,7,179,32,39,0.8483412322274881,0.8211009174311926,0.9678899082568807,0.8344988344988344
2,16,regular,1,1101,1109,8,1092,9,17,0.9918256130790191,0.9846708746618575,0.9927862939585211,0.988235294117647
2,16,semiregular,1,699,681,18,598,101,83,0.8555078683834049,0.8781204111600588,1.026431718061674,0.8666666666666667
2,16,irregular,1,242,272,30,158,84,114,0.6528925619834711,0.5808823529411765,0.8897058823529411,0.614785992217899
2,16,regular,2,1109,1109,0,1097,12,12,0.9891794409377818,0.9891794409377818,1.0,0.9891794409377818
2,16,semiregular,2,674,681,7,602,72,79,0.8931750741839762,0.8839941262848752,0.9897209985315712,0.8885608856088559
2,16,irregular,2,263,272,9,206,57,66,0.7832699619771863,0.7573529411764706,0.9669117647058824,0.7700934579439251
2,16,regular,3,1096,1109,13,1090,6,19,0.9945255474452555,0.9828674481514879,0.9882777276825969,0.9886621315192744
2,16,semiregular,3,687,681,6,604,83,77,0.8791848617176128,0.8869309838472834,1.0088105726872247,0.8830409356725146
2,16,irregular,3,239,272,33,194,45,78,0.8117154811715481,0.7132352941176471,0.8786764705882353,0.7592954990215265
2,17,regular,1,1033,1029,4,1026,7,3,0.9932236205227493,0.9970845481049563,1.0038872691933916,0.9951503394762367
2,17,semiregular,1,867,837,30,762,105,75,0.8788927335640139,0.910394265232975,1.03584229390681,0.8943661971830987
2,17,irregular,1,248,240,8,170,78,70,0.6854838709677419,0.7083333333333334,1.0333333333333334,0.6967213114754098
2,17,regular,2,1035,1029,6,1016,19,13,0.9816425120772947,0.9873663751214772,1.0058309037900874,0.9844961240310078
2,17,semiregular,2,871,837,34,781,90,56,0.8966704936854191,0.9330943847072879,1.0406212664277181,0.9145199063231849
2,17,irregular,2,293,240,53,192,101,48,0.6552901023890785,0.8,1.2208333333333334,0.7204502814258912
2,17,regular,3,1019,1029,10,1018,1,11,0.9990186457311089,0.989310009718173,0.9902818270165209,0.994140625
2,17,semiregular,3,848,837,11,785,63,52,0.9257075471698113,0.937873357228196,1.013142174432497,0.9317507418397626
2,17,irregular,3,240,240,0,190,50,50,0.7916666666666666,0.7916666666666666,1.0,0.7916666666666666
2,18,regular,1,1037,1044,7,1032,5,12,0.9951783992285439,0.9885057471264368,0.9932950191570882,0.9918308505526189
2,18,semiregular,1,859,801,58,765,94,36,0.8905704307334109,0.9550561797752809,1.0724094881398252,0.9216867469879518
2,18,irregular,1,251,252,1,182,69,70,0.7250996015936255,0.7222222222222222,0.996031746031746,0.723658051689861
2,18,regular,2,1035,1044,9,1031,4,13,0.996135265700483,0.9875478927203065,0.9913793103448276,0.9918229918229918
2,18,semiregular,2,805,801,4,747,58,54,0.9279503105590062,0.9325842696629213,1.0049937578027466,0.9302615193026152
2,18,irregular,2,263,252,11,199,64,53,0.7566539923954373,0.7896825396825397,1.0436507936507937,0.7728155339805826
2,18,regular,3,1042,1044,2,1039,3,5,0.9971209213051824,0.9952107279693486,0.9980842911877394,0.9961649089165867
2,18,semiregular,3,816,801,15,757,59,44,0.9276960784313726,0.9450686641697877,1.0187265917602997,0.9363017934446506
2,18,irregular,3,250,252,2,202,48,50,0.808,0.8015873015873016,0.9920634920634921,0.804780876494024
2,19,regular,1,1076,1076,0,1059,17,17,0.9842007434944238,0.9842007434944238,1.0,0.9842007434944238
2,19,semiregular,1,759,753,6,684,75,69,0.9011857707509882,0.9083665338645418,1.0079681274900398,0.9047619047619048
2,19,irregular,1,277,245,32,176,101,69,0.6353790613718412,0.7183673469387755,1.1306122448979592,0.6743295019157088
2,19,regular,2,1064,1076,12,1058,6,18,0.9943609022556391,0.983271375464684,0.9888475836431226,0.988785046728972
2,19,semiregular,2,735,753,18,675,60,78,0.9183673469387755,0.896414342629482,0.9760956175298805,0.9072580645161291
2,19,irregular,2,254,245,9,187,67,58,0.7362204724409449,0.763265306122449,1.036734693877551,0.7494989979959921
2,19,regular,3,1076,1076,0,1071,5,5,0.9953531598513011,0.9953531598513011,1.0,0.9953531598513011
2,19,semiregular,3,743,753,10,685,58,68,0.9219380888290714,0.9096945551128818,0.9867197875166003,0.9157754010695188
2,19,irregular,3,241,245,4,186,55,59,0.7717842323651453,0.7591836734693878,0.9836734693877551,0.7654320987654321
2,20,regular,1,1219,1251,32,1214,5,37,0.9958982772764561,0.9704236610711431,0.9744204636290967,0.982995951417004
2,20,semiregular,1,889,841,48,776,113,65,0.8728908886389202,0.9227110582639715,1.0570749108204518,0.8971098265895954
2,20,irregular,1,291,252,39,177,114,75,0.6082474226804123,0.7023809523809523,1.1547619047619047,0.6519337016574586
2,20,regular,2,1271,1251,20,1236,35,15,0.9724626278520849,0.988009592326139,1.0159872102318146,0.9801744647105471
2,20,semiregular,2,811,841,30,725,86,116,0.8939580764488286,0.8620689655172413,0.9643281807372176,0.8777239709443099
2,20,irregular,2,262,252,10,197,65,55,0.7519083969465649,0.7817460317460317,1.0396825396825398,0.7665369649805447
2,20,regular,3,1237,1251,14,1235,2,16,0.9983831851253031,0.9872102318145484,0.9888089528377298,0.9927652733118971
2,20,semiregular,3,843,841,2,750,93,91,0.8896797153024911,0.89179548156956,1.0023781212841856,0.8907363420427553
2,20,irregular,3,257,252,5,198,59,54,0.7704280155642024,0.7857142857142857,1.0198412698412698,0.7779960707269156
2,21,regular,1,931,920,11,916,15,4,0.9838882921589689,0.9956521739130435,1.0119565217391304,0.9897352782279849
2,21,semiregular,1,578,549,29,472,106,77,0.8166089965397924,0.8597449908925319,1.052823315118397,0.8376220053238687
2,21,irregular,1,238,204,34,175,63,29,0.7352941176470589,0.8578431372549019,1.1666666666666667,0.7918552036199095
2,21,regular,2,936,920,16,917,19,3,0.9797008547008547,0.9967391304347826,1.017391304347826,0.9881465517241379
2,21,semiregular,2,573,549,24,480,93,69,0.837696335078534,0.8743169398907104,1.0437158469945356,0.855614973262032
2,21,irregular,2,221,204,17,173,48,31,0.7828054298642534,0.8480392156862745,1.0833333333333333,0.8141176470588235
2,21,regular,3,907,920,13,904,3,16,0.9966923925027563,0.9826086956521739,0.9858695652173913,0.9896004378762999
2,21,semiregular,3,581,549,32,491,90,58,0.8450946643717728,0.8943533697632058,1.058287795992714,0.8690265486725662
2,21,irregular,3,203,204,1,164,39,40,0.8078817733990148,0.803921568627451,0.9950980392156863,0.8058968058968059
2,22,regular,1,1010,946,64,941,69,5,0.9316831683168317,0.9947145877378436,1.0676532769556026,0.9621676891615542
2,22,semiregular,1,737,703,34,641,96,62,0.8697421981004071,0.9118065433854907,1.0483641536273116,0.8902777777777777
2,22,irregular,1,246,247,1,170,76,77,0.6910569105691057,0.6882591093117408,0.9959514170040485,0.689655172413793
2,22,regular,2,946,946,0,921,25,25,0.9735729386892178,0.9735729386892178,1.0,0.9735729386892178
2,22,semiregular,2,712,703,9,634,78,69,0.8904494382022472,0.9018492176386913,1.0128022759601707,0.8961130742049469
2,22,irregular,2,230,247,17,177,53,70,0.7695652173913043,0.7165991902834008,0.9311740890688259,0.7421383647798742
2,22,regular,3,928,946,18,924,4,22,0.9956896551724138,0.9767441860465116,0.9809725158562368,0.9861259338313768
2,22,semiregular,3,710,703,7,633,77,70,0.8915492957746479,0.9004267425320057,1.0099573257467995,0.8959660297239915
2,22,irregular,3,241,247,6,184,57,63,0.7634854771784232,0.7449392712550608,0.9757085020242915,0.7540983606557378
2,23,regular,1,986,999,13,980,6,19,0.9939148073022313,0.980980980980981,0.986986986986987,0.9874055415617129
2,23,semiregular,1,842,835,7,725,117,110,0.8610451306413301,0.8682634730538922,1.0083832335329341,0.86463923673226
2,23,irregular,1,236,266,30,155,81,111,0.6567796610169492,0.5827067669172933,0.8872180451127819,0.6175298804780877
2,23,regular,2,1014,999,15,993,21,6,0.9792899408284024,0.993993993993994,1.015015015015015,0.9865871833084949
2,23,semiregular,2,817,835,18,734,83,101,0.8984088127294981,0.8790419161676647,0.9784431137724551,0.8886198547215496
2,23,irregular,2,260,266,6,191,69,75,0.7346153846153847,0.7180451127819549,0.9774436090225563,0.7262357414448669
2,23,regular,3,996,999,3,986,10,13,0.9899598393574297,0.986986986986987,0.996996996996997,0.9884711779448621
2,23,semiregular,3,854,835,19,766,88,69,0.8969555035128806,0.9173652694610779,1.022754491017964,0.9070455891059799
2,23,irregular,3,262,266,4,197,65,69,0.7519083969465649,0.7406015037593985,0.9849624060150376,0.7462121212121212
2,24,regular,1,1098,1079,19,1078,20,1,0.9817850637522769,0.9990732159406858,1.0176088971269694,0.9903536977491962
2,24,semiregular,1,653,680,27,590,63,90,0.9035222052067381,0.8676470588235294,0.9602941176470589,0.8852213053263317
2,24,irregular,1,222,247,25,171,51,76,0.7702702702702703,0.6923076923076923,0.8987854251012146,0.7292110874200426
2,24,regular,2,1066,1079,13,1047,19,32,0.9821763602251408,0.9703429101019463,0.9879518072289156,0.9762237762237763
2,24,semiregular,2,666,680,14,620,46,60,0.9309309309309309,0.9117647058823529,0.9794117647058823,0.9212481426448736
2,24,irregular,2,232,247,15,198,34,49,0.853448275862069,0.8016194331983806,0.9392712550607287,0.8267223382045928
2,24,regular,3,1073,1079,6,1069,4,10,0.9962721342031687,0.9907321594068582,0.9944392956441149,0.9934944237918216
2,24,semiregular,3,689,680,9,643,46,37,0.9332365747460087,0.9455882352941176,1.013235294117647,0.9393718042366691
2,24,irregular,3,234,247,13,197,37,50,0.8418803418803419,0.7975708502024291,0.9473684210526315,0.8191268191268192
2,25,regular,1,934,946,12,928,6,18,0.9935760171306209,0.9809725158562368,0.9873150105708245,0.9872340425531915
2,25,semiregular,1,693,718,25,617,76,101,0.8903318903318903,0.8593314763231198,0.9651810584958217,0.8745570517363571
2,25,irregular,1,250,207,43,154,96,53,0.616,0.7439613526570048,1.2077294685990339,0.6739606126914661
2,25,regular,2,937,946,9,928,9,18,0.9903948772678762,0.9809725158562368,0.9904862579281184,0.985661178969729
2,25,semiregular,2,721,718,3,649,72,69,0.9001386962552012,0.903899721448468,1.0041782729805013,0.9020152883947185
2,25,irregular,2,215,207,8,144,71,63,0.6697674418604651,0.6956521739130435,1.038647342995169,0.6824644549763033
2,25,regular,3,927,946,19,926,1,20,0.9989212513484358,0.9788583509513742,0.9799154334038055,0.9887880405766151
2,25,semiregular,3,706,718,12,641,65,77,0.9079320113314447,0.8927576601671309,0.9832869080779945,0.9002808988764045
2,25,irregular,3,208,207,1,141,67,66,0.6778846153846154,0.6811594202898551,1.0048309178743962,0.6795180722891567
2,26,regular,1,1000,985,15,979,21,6,0.979,0.9939086294416244,1.015228426395939,0.9863979848866499
2,26,semiregular,1,783,720,63,682,101,38,0.8710089399744572,0.9472222222222222,1.0875,0.9075182967398535
2,26,irregular,1,306,214,92,186,120,28,0.6078431372549019,0.8691588785046729,1.4299065420560748,0.7153846153846154
2,26,regular,2,1027,985,42,981,46,4,0.9552093476144109,0.9959390862944163,1.0426395939086295,0.9751491053677932
2,26,semiregular,2,725,720,5,653,72,67,0.9006896551724138,0.9069444444444444,1.0069444444444444,0.9038062283737025
2,26,irregular,2,235,214,21,158,77,56,0.6723404255319149,0.7383177570093458,1.0981308411214954,0.7037861915367484
2,26,regular,3,996,985,11,980,16,5,0.9839357429718876,0.9949238578680203,1.0111675126903554,0.989399293286219
2,26,semiregular,3,727,720,7,657,70,63,0.9037138927097662,0.9125,1.0097222222222222,0.9080856945404284
2,26,irregular,3,239,214,25,179,60,35,0.7489539748953975,0.8364485981308412,1.1168224299065421,0.7902869757174393
2,27,regular,1,1129,1166,37,1124,5,42,0.995571302037201,0.9639794168096055,0.9682675814751286,0.9795206971677559
2,27,semiregular,1,695,728,33,597,98,131,0.8589928057553957,0.820054945054945,0.9546703296703297,0.8390723822909347
2,27,irregular,1,224,270,46,172,52,98,0.7678571428571429,0.6370370370370371,0.8296296296296296,0.6963562753036437
2,27,regular,2,1174,1166,8,1152,22,14,0.9812606473594548,0.9879931389365352,1.006861063464837,0.9846153846153847
2,27,semiregular,2,726,728,2,654,72,74,0.9008264462809917,0.8983516483516484,0.9972527472527473,0.8995873452544705
2,27,irregular,2,272,270,2,221,51,49,0.8125,0.8185185185185185,1.0074074074074073,0.8154981549815499
2,27,regular,3,1160,1166,6,1157,3,9,0.9974137931034482,0.9922813036020584,0.9948542024013722,0.9948409286328461
2,27,semiregular,3,729,728,1,663,66,65,0.9094650205761317,0.9107142857142857,1.0013736263736264,0.9100892244337679
2,27,irregular,3,252,270,18,206,46,64,0.8174603174603174,0.762962962962963,0.9333333333333333,0.789272030651341
2,28,regular,1,1093,1098,5,1085,8,13,0.9926806953339433,0.98816029143898,0.9954462659380692,0.9904153354632588
2,28,semiregular,1,887,859,28,797,90,62,0.8985343855693348,0.9278230500582072,1.0325960419091968,0.9129438717067584
2,28,irregular,1,332,293,39,198,134,95,0.5963855421686747,0.6757679180887372,1.1331058020477816,0.6335999999999999
2,28,regular,2,1110,1098,12,1089,21,9,0.981081081081081,0.9918032786885246,1.010928961748634,0.9864130434782609
2,28,semiregular,2,826,859,33,765,61,94,0.9261501210653753,0.8905704307334109,0.9615832363213038,0.9080118694362017
2,28,irregular,2,288,293,5,198,90,95,0.6875,0.6757679180887372,0.9829351535836177,0.6815834767641996
2,28,regular,3,1091,1098,7,1088,3,10,0.997250229147571,0.9908925318761385,0.9936247723132969,0.9940612151667428
2,28,semiregular,3,859,859,0,798,61,61,0.9289871944121071,0.9289871944121071,1.0,0.9289871944121071
2,28,irregular,3,269,293,24,198,71,95,0.7360594795539034,0.6757679180887372,0.9180887372013652,0.704626334519573
2,29,regular,1,1141,1140,1,1130,11,10,0.9903593339176161,0.9912280701754386,1.000877192982456,0.9907935116177115
2,29,semiregular,1,928,869,59,795,133,74,0.8566810344827587,0.9148446490218642,1.0678941311852703,0.8848080133555928
2,29,irregular,1,271,247,24,190,81,57,0.7011070110701108,0.7692307692307693,1.097165991902834,0.7335907335907336
2,29,regular,2,1154,1140,14,1129,25,11,0.9783362218370883,0.9903508771929824,1.012280701754386,0.9843068875326939
2,29,semiregular,2,924,869,55,804,120,65,0.8701298701298701,0.9252013808975834,1.0632911392405062,0.8968209704406024
2,29,irregular,2,270,247,23,199,71,48,0.737037037037037,0.805668016194332,1.0931174089068827,0.7698259187620891
2,29,regular,3,1135,1140,5,1128,7,12,0.9938325991189427,0.9894736842105263,0.9956140350877193,0.9916483516483516
2,29,semiregular,3,882,869,13,789,93,80,0.8945578231292517,0.9079401611047181,1.0149597238204833,0.9011993146773273
2,29,irregular,3,249,247,2,193,56,54,0.7751004016064257,0.7813765182186235,1.008097165991903,0.778225806451613
2,30,regular,1,991,997,6,983,8,14,0.9919273461150353,0.9859578736208626,0.9939819458375125,0.9889336016096579
2,30,semiregular,1,798,810,12,734,64,76,0.9197994987468672,0.9061728395061729,0.9851851851851852,0.9129353233830846
2,30,irregular,1,268,250,18,180,88,70,0.6716417910447762,0.72,1.072,0.6949806949806949
2,30,regular,2,1004,997,7,990,14,7,0.9860557768924303,0.9929789368104313,1.0070210631895686,0.9895052473763117
2,30,semiregular,2,818,810,8,752,66,58,0.9193154034229829,0.928395061728395,1.0098765432098766,0.9238329238329238
2,30,irregular,2,237,250,13,180,57,70,0.759493670886076,0.72,0.948,0.7392197125256674
2,30,regular,3,983,997,14,982,1,15,0.9989827060020345,0.9849548645937813,0.9859578736208626,0.9919191919191918
2,30,semiregular,3,816,810,6,754,62,56,0.9240196078431373,0.9308641975308642,1.0074074074074073,0.927429274292743
2,30,irregular,3,256,250,6,188,68,62,0.734375,0.752,1.024,0.7430830039525692
3,1,regular,1,946,937,9,934,12,3,0.9873150105708245,0.9967982924226254,1.0096051227321239,0.9920339883165162
3,1,semiregular,1,687,703,16,593,94,110,0.8631732168850073,0.8435277382645804,0.9772403982930299,0.8532374100719424
3,1,irregular,1,222,199,23,150,72,49,0.6756756756756757,0.7537688442211056,1.1155778894472361,0.7125890736342042
3,1,regular,2,910,937,27,896,14,41,0.9846153846153847,0.9562433297758804,0.9711846318036286,0.9702219815917703
3,1,semiregular,2,720,703,17,629,91,74,0.8736111111111111,0.8947368421052632,1.0241820768136558,0.8840477863668307
3,1,irregular,2,200,199,1,158,42,41,0.79,0.7939698492462312,1.0050251256281406,0.7919799498746867
3,1,regular,3,938,937,1,930,8,7,0.9914712153518124,0.9925293489861259,1.0010672358591248,0.9920000000000001
3,1,semiregular,3,733,703,30,633,100,70,0.8635743519781719,0.9004267425320057,1.042674253200569,0.8816155988857939
3,1,irregular,3,195,199,4,151,44,48,0.7743589743589744,0.7587939698492462,0.9798994974874372,0.766497461928934
3,2,regular,1,1182,1224,42,1176,6,48,0.9949238578680203,0.9607843137254902,0.9656862745098039,0.9775561097256857
3,2,semiregular,1,550,647,97,519,31,128,0.9436363636363636,0.8021638330757341,0.8500772797527048,0.8671679197994987
3,2,irregular,1,230,217,13,139,91,78,0.6043478260869565,0.6405529953917051,1.0599078341013826,0.621923937360179
3,2,regular,2,1164,1224,60,1151,13,73,0.988831615120275,0.940359477124183,0.9509803921568627,0.9639865996649916
3,2,semiregular,2,621,647,26,588,33,59,0.9468599033816425,0.9088098918083463,0.9598145285935085,0.9274447949526814
3,2,irregular,2,227,217,10,175,52,42,0.7709251101321586,0.8064516129032258,1.0460829493087558,0.7882882882882882
3,2,regular,3,1227,1224,3,1216,11,8,0.9910350448247759,0.9934640522875817,1.0024509803921569,0.9922480620155038
3,2,semiregular,3,682,647,35,625,57,22,0.9164222873900293,0.9659969088098919,1.054095826893354,0.9405568096313016
3,2,irregular,3,226,217,9,178,48,39,0.7876106194690266,0.8202764976958525,1.0414746543778801,0.8036117381489842
3,3,regular,1,1078,1053,25,1052,26,1,0.9758812615955473,0.9990503323836657,1.0237416904083572,0.987329892069451
3,3,semiregular,1,661,716,55,598,63,118,0.9046898638426626,0.835195530726257,0.9231843575418994,0.8685548293391431
3,3,irregular,1,236,224,12,165,71,59,0.6991525423728814,0.7366071428571429,1.0535714285714286,0.717391304347826
3,3,regular,2,1007,1053,46,994,13,59,0.9870903674280039,0.9439696106362773,0.956315289648623,0.9650485436893204
3,3,semiregular,2,718,716,2,649,69,67,0.903899721448468,0.9064245810055865,1.0027932960893855,0.905160390516039
3,3,irregular,2,220,224,4,169,51,55,0.7681818181818182,0.7544642857142857,0.9821428571428571,0.7612612612612614
3,3,regular,3,1052,1053,1,1045,7,8,0.9933460076045627,0.9924026590693258,0.9990503323836657,0.9928741092636579
3,3,semiregular,3,752,716,36,676,76,40,0.898936170212766,0.9441340782122905,1.0502793296089385,0.9209809264305177
3,3,irregular,3,225,224,1,174,51,50,0.7733333333333333,0.7767857142857143,1.0044642857142858,0.7750556792873051
3,4,regular,1,1113,1101,12,1083,30,18,0.9730458221024259,0.9836512261580381,1.0108991825613078,0.978319783197832
3,4,semiregular,1,586,614,28,501,85,113,0.8549488054607508,0.8159609120521173,0.9543973941368078,0.835
3,4,irregular,1,262,228,34,152,110,76,0.5801526717557252,0.6666666666666666,1.1491228070175439,0.6204081632653061
3,4,regular,2,1072,1101,29,1061,11,40,0.9897388059701493,0.963669391462307,0.9736603088101726,0.9765301426599172
3,4,semiregular,2,604,614,10,543,61,71,0.8990066225165563,0.8843648208469055,0.9837133550488599,0.8916256157635467
3,4,irregular,2,233,228,5,176,57,52,0.7553648068669528,0.7719298245614035,1.0219298245614035,0.7635574837310196
3,4,regular,3,1104,1101,3,1097,7,4,0.9936594202898551,0.9963669391462306,1.002724795640327,0.9950113378684808
3,4,semiregular,3,630,614,16,566,64,48,0.8984126984126984,0.9218241042345277,1.0260586319218241,0.909967845659164
3,4,irregular,3,229,228,1,178,51,50,0.777292576419214,0.7807017543859649,1.0043859649122806,0.7789934354485777
3,5,regular,1,1068,1044,24,1043,25,1,0.9765917602996255,0.9990421455938697,1.0229885057471264,0.987689393939394
3,5,semiregular,1,688,668,20,599,89,69,0.8706395348837209,0.8967065868263473,1.029940119760479,0.883480825958702
3,5,irregular,1,249,217,32,164,85,53,0.6586345381526104,0.7557603686635944,1.1474654377880185,0.7038626609442059
3,5,regular,2,1022,1044,22,1012,10,32,0.9902152641878669,0.9693486590038314,0.9789272030651341,0.9796708615682478
3,5,semiregular,2,694,668,26,609,85,59,0.877521613832853,0.9116766467065869,1.0389221556886228,0.894273127753304
3,5,irregular,2,220,217,3,169,51,48,0.7681818181818182,0.7788018433179723,1.0138248847926268,0.7734553775743707
3,5,regular,3,1045,1044,1,1042,3,2,0.9971291866028709,0.9980842911877394,1.0009578544061302,0.9976065102920058
3,5,semiregular,3,698,668,30,615,83,53,0.8810888252148997,0.9206586826347305,1.0449101796407185,0.9004392386530015
3,5,irregular,3,219,217,2,173,46,44,0.7899543378995434,0.7972350230414746,1.0092165898617511,0.7935779816513763
3,6,regular,1,886,915,29,879,7,36,0.9920993227990971,0.9606557377049181,0.9683060109289617,0.9761243753470294
3,6,semiregular,1,664,701,37,612,52,89,0.9216867469879518,0.8730385164051355,0.9472182596291013,0.8967032967032966
3,6,irregular,1,198,195,3,120,78,75,0.6060606060606061,0.6153846153846154,1.0153846153846153,0.6106870229007635
3,6,regular,2,924,915,9,902,22,13,0.9761904761904762,0.985792349726776,1.0098360655737706,0.9809679173463839
3,6,semiregular,2,698,701,3,638,60,63,0.9140401146131805,0.9101283880171184,0.9957203994293866,0.9120800571837026
3,6,irregular,2,183,195,12,132,51,63,0.7213114754098361,0.676923076923077,0.9384615384615385,0.6984126984126984
3,6,regular,3,912,915,3,909,3,6,0.9967105263157895,0.9934426229508196,0.9967213114754099,0.9950738916256158
3,6,semiregular,3,735,701,34,664,71,37,0.9034013605442177,0.9472182596291013,1.0485021398002854,0.9247910863509751
3,6,irregular,3,202,195,7,154,48,41,0.7623762376237624,0.7897435897435897,1.035897435897436,0.7758186397984886
3,7,regular,1,1226,1230,4,1209,17,21,0.9861337683523654,0.9829268292682927,0.9967479674796748,0.984527687296417
3,7,semiregular,1,750,761,11,653,97,108,0.8706666666666667,0.8580814717477004,0.985545335085414,0.8643282594308406
3,7,irregular,1,253,225,28,175,78,50,0.691699604743083,0.7777777777777778,1.1244444444444444,0.7322175732217574
3,7,regular,2,1216,1230,14,1197,19,33,0.984375,0.973170731707317,0.9886178861788618,0.9787408013082584
3,7,semiregular,2,731,761,30,651,80,110,0.8905608755129959,0.8554533508541393,0.9605781865965834,0.8726541554959786
3,7,irregular,2,214,225,11,170,44,55,0.794392523364486,0.7555555555555555,0.9511111111111111,0.7744874715261959
3,7,regular,3,1231,1230,1,1226,5,4,0.9959382615759546,0.9967479674796748,1.0008130081300812,0.996342950020317
3,7,semiregular,3,789,761,28,695,94,66,0.8808618504435995,0.9132720105124835,1.0367936925098555,0.896774193548387
3,7,irregular,3,224,225,1,177,47,48,0.7901785714285714,0.7866666666666666,0.9955555555555555,0.7884187082405345
3,8,regular,1,1030,1035,5,1010,20,25,0.9805825242718447,0.9758454106280193,0.9951690821256038,0.9782082324455206
3,8,semiregular,1,786,827,41,712,74,115,0.905852417302799,0.8609431680773881,0.9504232164449818,0.8828270303781773
3,8,irregular,1,286,243,43,163,123,80,0.5699300699300699,0.6707818930041153,1.176954732510288,0.6162570888468809
3,8,regular,2,1022,1035,13,1007,15,28,0.9853228962818004,0.9729468599033816,0.9874396135265701,0.9790957705396207
3,8,semiregular,2,828,827,1,764,64,63,0.9227053140096618,0.9238210399032648,1.0012091898428053,0.923262839879154
3,8,irregular,2,245,243,2,172,73,71,0.7020408163265306,0.7078189300411523,1.008230452674897,0.7049180327868853
3,8,regular,3,1035,1035,0,1029,6,6,0.9942028985507246,0.9942028985507246,1.0,0.9942028985507246
3,8,semiregular,3,864,827,37,775,89,52,0.8969907407407407,0.9371221281741233,1.044740024183797,0.9166173861620343
3,8,irregular,3,248,243,5,179,69,64,0.7217741935483871,0.7366255144032922,1.0205761316872428,0.7291242362525457
3,9,regular,1,1124,1107,17,1102,22,5,0.9804270462633452,0.995483288166215,1.015356820234869,0.9878978036754817
3,9,semiregular,1,634,701,67,600,34,101,0.9463722397476341,0.8559201141226819,0.9044222539229672,0.898876404494382
3,9,irregular,1,247,266,19,174,73,92,0.7044534412955465,0.6541353383458647,0.9285714285714286,0.6783625730994153
3,9,regular,2,1059,1107,48,1048,11,59,0.9896128423040604,0.9467028003613369,0.9566395663956639,0.9676823638042474
3,9,semiregular,2,644,701,57,604,40,97,0.937888198757764,0.8616262482168331,0.9186875891583453,0.8981412639405204
3,9,irregular,2,255,266,11,199,56,67,0.7803921568627451,0.7481203007518797,0.9586466165413534,0.763915547024952
3,9,regular,3,1099,1107,8,1096,3,11,0.997270245677889,0.990063233965673,0.992773261065944,0.9936536718041704
3,9,semiregular,3,726,701,25,676,50,25,0.931129476584022,0.9643366619115549,1.035663338088445,0.9474421864050455
3,9,irregular,3,260,266,6,211,49,55,0.8115384615384615,0.793233082706767,0.9774436090225563,0.8022813688212928
3,10,regular,1,1026,1014,12,1002,24,12,0.9766081871345029,0.9881656804733728,1.0118343195266273,0.9823529411764705
3,10,semiregular,1,628,656,28,571,57,85,0.9092356687898089,0.8704268292682927,0.9573170731707317,0.8894080996884736
3,10,irregular,1,258,247,11,197,61,50,0.7635658914728682,0.7975708502024291,1.0445344129554657,0.7801980198019801
3,10,regular,2,997,1014,17,981,16,33,0.9839518555667001,0.9674556213017751,0.9832347140039448,0.9756340129288911
3,10,semiregular,2,685,656,29,623,62,33,0.9094890510948905,0.9496951219512195,1.0442073170731707,0.9291573452647278
3,10,irregular,2,230,247,17,193,37,54,0.8391304347826087,0.7813765182186235,0.9311740890688259,0.8092243186582809
3,10,regular,3,1017,1014,3,1011,6,3,0.9941002949852508,0.9970414201183432,1.0029585798816567,0.9955686853766617
3,10,semiregular,3,671,656,15,610,61,46,0.9090909090909091,0.9298780487804879,1.0228658536585367,0.9193669932177845
3,10,irregular,3,244,247,3,201,43,46,0.8237704918032787,0.8137651821862348,0.9878542510121457,0.8187372708757638
3,11,regular,1,1084,1070,14,1062,22,8,0.9797047970479705,0.9925233644859813,1.0130841121495326,0.9860724233983288
3,11,semiregular,1,684,700,16,601,83,99,0.8786549707602339,0.8585714285714285,0.9771428571428571,0.8684971098265895
3,11,irregular,1,250,239,11,173,77,66,0.692,0.7238493723849372,1.0460251046025104,0.7075664621676891
3,11,regular,2,1061,1070,9,1050,11,20,0.9896324222431668,0.9813084112149533,0.991588785046729,0.985452839042703
3,11,semiregular,2,701,700,1,626,75,74,0.8930099857346647,0.8942857142857142,1.0014285714285713,0.8936473947180585
3,11,irregular,2,219,239,20,170,49,69,0.776255707762557,0.7112970711297071,0.9163179916317992,0.7423580786026202
3,11,regular,3,1065,1070,5,1062,3,8,0.9971830985915493,0.9925233644859813,0.9953271028037384,0.994847775175644
3,11,semiregular,3,720,700,20,644,76,56,0.8944444444444445,0.92,1.0285714285714285,0.9070422535211269
3,11,irregular,3,227,239,12,180,47,59,0.7929515418502202,0.7531380753138075,0.9497907949790795,0.7725321888412017
3,12,regular,1,1049,1007,42,1007,42,0,0.9599618684461392,1.0,1.041708043694141,0.9795719844357976
3,12,semiregular,1,674,641,33,572,102,69,0.8486646884272997,0.8923556942277691,1.0514820592823713,0.8699619771863119
3,12,irregular,1,286,204,82,185,101,19,0.6468531468531469,0.9068627450980392,1.4019607843137254,0.7551020408163266
3,12,regular,2,1017,1007,10,1003,14,4,0.9862340216322517,0.9960278053624627,1.009930486593843,0.991106719367589
3,12,semiregular,2,673,641,32,582,91,59,0.8647845468053492,0.9079563182527302,1.0499219968798752,0.8858447488584476
3,12,irregular,2,234,204,30,159,75,45,0.6794871794871795,0.7794117647058824,1.1470588235294117,0.7260273972602739
3,12,regular,3,1011,1007,4,1006,5,1,0.9950544015825915,0.9990069513406157,1.0039721946375373,0.9970267591674925
3,12,semiregular,3,666,641,25,579,87,62,0.8693693693693694,0.9032761310452418,1.0390015600624025,0.8859984697781178
3,12,irregular,3,219,204,15,161,58,43,0.7351598173515982,0.7892156862745098,1.0735294117647058,0.7612293144208038
3,13,regular,1,945,1000,55,941,4,59,0.9957671957671957,0.941,0.945,0.9676092544987147
3,13,semiregular,1,825,815,10,747,78,68,0.9054545454545454,0.9165644171779141,1.0122699386503067,0.9109756097560976
3,13,irregular,1,337,216,121,184,153,32,0.5459940652818991,0.8518518518518519,1.5601851851851851,0.6654611211573236
3,13,regular,2,959,1000,41,947,12,53,0.9874869655891554,0.947,0.959,0.9668198060234813
3,13,semiregular,2,822,815,7,764,58,51,0.9294403892944039,0.9374233128834356,1.0085889570552147,0.9334147831398901
3,13,irregular,2,250,216,34,171,79,45,0.684,0.7916666666666666,1.1574074074074074,0.7339055793991416
3,13,regular,3,1026,1000,26,998,28,2,0.9727095516569201,0.998,1.026,0.985192497532083
3,13,semiregular,3,849,815,34,778,71,37,0.9163722025912838,0.9546012269938651,1.041717791411043,0.9350961538461537
3,13,irregular,3,230,216,14,179,51,37,0.7782608695652173,0.8287037037037037,1.0648148148148149,0.8026905829596412
3,14,regular,1,1045,1052,7,1041,4,11,0.9961722488038277,0.9895437262357415,0.9933460076045627,0.9928469241773963
3,14,semiregular,1,802,913,111,755,47,158,0.9413965087281796,0.8269441401971522,0.8784227820372399,0.880466472303207
3,14,irregular,1,249,217,32,158,91,59,0.6345381526104418,0.728110599078341,1.1474654377880185,0.6781115879828326
3,14,regular,2,994,1052,58,982,12,70,0.9879275653923542,0.9334600760456274,0.9448669201520913,0.9599217986314761
3,14,semiregular,2,880,913,33,825,55,88,0.9375,0.9036144578313253,0.963855421686747,0.920245398773006
3,14,irregular,2,232,217,15,169,63,48,0.728448275862069,0.7788018433179723,1.0691244239631337,0.752783964365256
3,14,regular,3,1053,1052,1,1048,5,4,0.9952516619183286,0.9961977186311787,1.0009505703422052,0.9957244655581947
3,14,semiregular,3,935,913,22,858,77,55,0.9176470588235294,0.9397590361445783,1.0240963855421688,0.9285714285714286
3,14,irregular,3,211,217,6,164,47,53,0.7772511848341233,0.7557603686635944,0.9723502304147466,0.7663551401869159
3,15,regular,1,1045,964,81,964,81,0,0.9224880382775119,1.0,1.08402489626556,0.9596814335490294
3,15,semiregular,1,770,774,4,714,56,60,0.9272727272727272,0.9224806201550387,0.9948320413436692,0.9248704663212436
3,15,irregular,1,218,218,0,167,51,51,0.7660550458715596,0.7660550458715596,1.0,0.7660550458715596
3,15,regular,2,944,964,20,931,13,33,0.986228813559322,0.9657676348547718,0.979253112033195,0.9758909853249477
3,15,semiregular,2,753,774,21,701,52,73,0.9309428950863213,0.9056847545219638,0.9728682170542635,0.9181401440733464
3,15,irregular,2,199,218,19,158,41,60,0.7939698492462312,0.7247706422018348,0.9128440366972477,0.7577937649880095
3,15,regular,3,977,964,13,962,15,2,0.984646878198567,0.9979253112033195,1.0134854771784232,0.9912416280267903
3,15,semiregular,3,766,774,8,711,55,63,0.9281984334203656,0.9186046511627907,0.9896640826873385,0.9233766233766233
3,15,irregular,3,219,218,1,178,41,40,0.8127853881278538,0.8165137614678899,1.0045871559633028,0.8146453089244851
3,16,regular,1,707,1109,402,704,3,405,0.9957567185289957,0.6348061316501352,0.6375112714156899,0.7753303964757708
3,16,semiregular,1,567,681,114,503,64,178,0.8871252204585538,0.7386196769456681,0.8325991189427313,0.8060897435897436
3,16,irregular,1,219,272,53,88,131,184,0.4018264840182648,0.3235294117647059,0.8051470588235294,0.3584521384928718
3,16,regular,2,1145,1109,36,1109,36,0,0.9685589519650655,1.0,1.0324616771866546,0.9840283939662822
3,16,semiregular,2,684,681,3,602,82,79,0.8801169590643275,0.8839941262848752,1.0044052863436124,0.8820512820512821
3,16,irregular,2,264,272,8,200,64,72,0.7575757575757576,0.7352941176470589,0.9705882352941176,0.746268656716418
3,16,regular,3,1095,1109,14,1091,4,18,0.9963470319634703,0.9837691614066727,0.9873760144274121,0.9900181488203267
3,16,semiregular,3,668,681,13,597,71,84,0.8937125748502994,0.8766519823788547,0.9809104258443465,0.8851000741289844
3,16,irregular,3,235,272,37,193,42,79,0.8212765957446808,0.7095588235294118,0.8639705882352942,0.7613412228796845
3,17,regular,1,960,1029,69,955,5,74,0.9947916666666666,0.9280855199222546,0.9329446064139941,0.9602815485168426
3,17,semiregular,1,707,837,130,648,59,189,0.9165487977369166,0.7741935483870968,0.8446833930704899,0.839378238341969
3,17,irregular,1,307,240,67,95,212,145,0.30944625407166126,0.3958333333333333,1.2791666666666666,0.34734917733089576
3,17,regular,2,1044,1029,15,1018,26,11,0.975095785440613,0.989310009718173,1.0145772594752187,0.9821514712976362
3,17,semiregular,2,870,837,33,785,85,52,0.9022988505747126,0.937873357228196,1.039426523297491,0.9197422378441711
3,17,irregular,2,286,240,46,193,93,47,0.6748251748251748,0.8041666666666667,1.1916666666666667,0.7338403041825095
3,17,regular,3,1059,1029,30,1027,32,2,0.9697828139754485,0.9980563654033042,1.0291545189504374,0.9837164750957854
3,17,semiregular,3,899,837,62,796,103,41,0.8854282536151279,0.951015531660693,1.0740740740740742,0.9170506912442397
3,17,irregular,3,245,240,5,180,65,60,0.7346938775510204,0.75,1.0208333333333333,0.7422680412371135
3,18,regular,1,922,1044,122,921,1,123,0.9989154013015185,0.882183908045977,0.8831417624521073,0.9369277721261444
3,18,semiregular,1,694,801,107,647,47,154,0.9322766570605188,0.8077403245942572,0.8664169787765293,0.8655518394648829
3,18,irregular,1,160,252,92,94,66,158,0.5875,0.373015873015873,0.6349206349206349,0.45631067961165045
3,18,regular,2,1109,1044,65,1044,65,0,0.9413886384129847,1.0,1.0622605363984674,0.9698095680445891
3,18,semiregular,2,836,801,35,766,70,35,0.916267942583732,0.9563046192259675,1.0436953807740326,0.9358582773365913
3,18,irregular,2,262,252,10,201,61,51,0.767175572519084,0.7976190476190477,1.0396825396825398,0.7821011673151752
3,18,regular,3,1081,1044,37,1041,40,3,0.9629972247918593,0.9971264367816092,1.03544061302682,0.979764705882353
3,18,semiregular,3,899,801,98,782,117,19,0.8698553948832035,0.9762796504369539,1.122347066167291,0.9200000000000002
3,18,irregular,3,254,252,2,198,56,54,0.7795275590551181,0.7857142857142857,1.007936507936508,0.782608695652174
3,19,regular,1,1069,1076,7,1042,27,34,0.9747427502338635,0.9684014869888475,0.9934944237918215,0.9715617715617715
3,19,semiregular,1,693,753,60,648,45,105,0.935064935064935,0.8605577689243028,0.9203187250996016,0.8962655601659751
3,19,irregular,1,310,245,65,191,119,54,0.6161290322580645,0.7795918367346939,1.2653061224489797,0.6882882882882883
3,19,regular,2,1069,1076,7,1061,8,15,0.9925163704396632,0.9860594795539034,0.9934944237918215,0.9892773892773893
3,19,semiregular,2,727,753,26,674,53,79,0.9270976616231087,0.8950863213811421,0.9654714475431607,0.9108108108108108
3,19,irregular,2,246,245,1,179,67,66,0.7276422764227642,0.7306122448979592,1.0040816326530613,0.7291242362525457
3,19,regular,3,1073,1076,3,1069,4,7,0.9962721342031687,0.9934944237918215,0.9972118959107806,0.9948813401582132
3,19,semiregular,3,753,753,0,691,62,62,0.9176626826029216,0.9176626826029216,1.0,0.9176626826029216
3,19,irregular,3,240,245,5,185,55,60,0.7708333333333334,0.7551020408163265,0.9795918367346939,0.7628865979381444
3,20,regular,1,1231,1251,20,1222,9,29,0.9926888708367181,0.9768185451638689,0.9840127897681854,0.984689766317486
3,20,semiregular,1,814,841,27,705,109,136,0.8660933660933661,0.8382877526753865,0.9678953626634959,0.851963746223565
3,20,irregular,1,313,252,61,192,121,60,0.6134185303514377,0.7619047619047619,1.242063492063492,0.679646017699115
3,20,regular,2,1197,1251,54,1181,16,70,0.9866332497911445,0.9440447641886491,0.9568345323741008,0.9648692810457516
3,20,semiregular,2,861,841,20,766,95,75,0.8896631823461092,0.9108204518430439,1.0237812128418549,0.900117508813161
3,20,irregular,2,264,252,12,198,66,54,0.75,0.7857142857142857,1.0476190476190477,0.7674418604651163
3,20,regular,3,1242,1251,9,1239,3,12,0.9975845410628019,0.9904076738609112,0.9928057553956835,0.993983152827918
3,20,semiregular,3,867,841,26,776,91,65,0.895040369088812,0.9227110582639715,1.0309155766944114,0.9086651053864169
3,20,irregular,3,252,252,0,195,57,57,0.7738095238095238,0.7738095238095238,1.0,0.7738095238095238
3,21,regular,1,957,920,37,916,41,4,0.9571577847439916,0.9956521739130435,1.0402173913043478,0.9760255727224294
3,21,semiregular,1,547,549,2,457,90,92,0.8354661791590493,0.8324225865209471,0.9963570127504554,0.8339416058394161
3,21,irregular,1,245,204,41,168,77,36,0.6857142857142857,0.8235294117647058,1.2009803921568627,0.7483296213808464
3,21,regular,2,918,920,2,905,13,15,0.985838779956427,0.9836956521739131,0.9978260869565218,0.984766050054407
3,21,semiregular,2,555,549,6,468,87,81,0.8432432432432433,0.8524590163934426,1.010928961748634,0.8478260869565218
3,21,irregular,2,222,204,18,168,54,36,0.7567567567567568,0.8235294117647058,1.088235294117647,0.7887323943661971
3,21,regular,3,916,920,4,913,3,7,0.9967248908296943,0.9923913043478261,0.9956521739130435,0.994553376906318
3,21,semiregular,3,607,549,58,510,97,39,0.8401976935749588,0.9289617486338798,1.1056466302367942,0.8823529411764706
3,21,irregular,3,203,204,1,162,41,42,0.7980295566502463,0.7941176470588235,0.9950980392156863,0.796068796068796
3,22,regular,1,1007,946,61,943,64,3,0.9364448857994042,0.9968287526427061,1.0644820295983086,0.9656938044034817
3,22,semiregular,1,685,703,18,610,75,93,0.8905109489051095,0.8677098150782361,0.9743954480796586,0.8789625360230547
3,22,irregular,1,238,247,9,170,68,77,0.7142857142857143,0.6882591093117408,0.9635627530364372,0.7010309278350515
3,22,regular,2,949,946,3,920,29,26,0.9694415173867229,0.9725158562367865,1.0031712473572938,0.9709762532981531
3,22,semiregular,2,699,703,4,637,62,66,0.9113018597997139,0.9061166429587483,0.9943100995732574,0.9087018544935807
3,22,irregular,2,229,247,18,174,55,73,0.759825327510917,0.7044534412955465,0.9271255060728745,0.7310924369747899
3,22,regular,3,939,946,7,935,4,11,0.9957401490947817,0.9883720930232558,0.992600422832981,0.9920424403183025
3,22,semiregular,3,724,703,21,647,77,56,0.893646408839779,0.9203413940256046,1.0298719772403984,0.9067974772249474
3,22,irregular,3,242,247,5,185,57,62,0.7644628099173554,0.7489878542510121,0.979757085020243,0.7566462167689161
3,23,regular,1,991,999,8,975,16,24,0.9838546922300706,0.975975975975976,0.991991991991992,0.9798994974874371
3,23,semiregular,1,832,835,3,738,94,97,0.8870192307692307,0.8838323353293414,0.9964071856287425,0.8854229154169166
3,23,irregular,1,308,266,42,195,113,71,0.6331168831168831,0.7330827067669173,1.1578947368421053,0.6794425087108014
3,23,regular,2,995,999,4,977,18,22,0.9819095477386934,0.977977977977978,0.995995995995996,0.9799398194583752
3,23,semiregular,2,819,835,16,741,78,94,0.9047619047619048,0.8874251497005988,0.9808383233532935,0.8960096735187425
3,23,irregular,2,260,266,6,188,72,78,0.7230769230769231,0.706766917293233,0.9774436090225563,0.714828897338403
3,23,regular,3,1008,999,9,996,12,3,0.9880952380952381,0.996996996996997,1.009009009009009,0.992526158445441
3,23,semiregular,3,882,835,47,781,101,54,0.8854875283446711,0.9353293413173652,1.0562874251497005,0.9097262667443214
3,23,irregular,3,271,266,5,192,79,74,0.7084870848708487,0.7218045112781954,1.018796992481203,0.7150837988826815
3,24,regular,1,1124,1079,45,1078,46,1,0.9590747330960854,0.9990732159406858,1.0417052826691382,0.9786654561960961
3,24,semiregular,1,634,680,46,588,46,92,0.9274447949526814,0.8647058823529412,0.9323529411764706,0.8949771689497718
3,24,irregular,1,230,247,17,164,66,83,0.7130434782608696,0.6639676113360324,0.9311740890688259,0.6876310272536688
3,24,regular,2,1073,1079,6,1056,17,23,0.9841565703634669,0.9786839666357738,0.9944392956441149,0.9814126394052045
3,24,semiregular,2,660,680,20,616,44,64,0.9333333333333333,0.9058823529411765,0.9705882352941176,0.9194029850746268
3,24,irregular,2,232,247,15,192,40,55,0.8275862068965517,0.7773279352226721,0.9392712550607287,0.801670146137787
3,24,regular,3,1080,1079,1,1074,6,5,0.9944444444444445,0.995366079703429,1.0009267840593141,0.9949050486336267
3,24,semiregular,3,707,680,27,654,53,26,0.925035360678925,0.961764705882353,1.0397058823529413,0.9430425378514781
3,24,irregular,3,243,247,4,208,35,39,0.8559670781893004,0.8421052631578947,0.9838056680161943,0.8489795918367347
3,25,regular,1,983,946,37,944,39,2,0.960325534079349,0.9978858350951374,1.0391120507399578,0.9787454639709693
3,25,semiregular,1,665,718,53,599,66,119,0.9007518796992481,0.8342618384401114,0.9261838440111421,0.866232827187274
3,25,irregular,1,248,207,41,145,103,62,0.5846774193548387,0.7004830917874396,1.1980676328502415,0.6373626373626374
3,25,regular,2,938,946,8,929,9,17,0.990405117270789,0.9820295983086681,0.9915433403805497,0.9861995753715499
3,25,semiregular,2,724,718,6,649,75,69,0.8964088397790055,0.903899721448468,1.0083565459610029,0.900138696255201
3,25,irregular,2,223,207,16,144,79,63,0.6457399103139013,0.6956521739130435,1.077294685990338,0.6697674418604651
3,25,regular,3,945,946,1,942,3,4,0.9968253968253968,0.9957716701902748,0.9989429175475687,0.9962982548915917
3,25,semiregular,3,734,718,16,655,79,63,0.8923705722070845,0.9122562674094707,1.0222841225626742,0.9022038567493114
3,25,irregular,3,232,207,25,146,86,61,0.6293103448275862,0.7053140096618358,1.1207729468599035,0.6651480637813212
3,26,regular,1,1015,985,30,983,32,2,0.9684729064039409,0.9979695431472081,1.0304568527918783,0.9830000000000001
3,26,semiregular,1,723,720,3,641,82,79,0.8865836791147994,0.8902777777777777,1.0041666666666667,0.8884268884268883
3,26,irregular,1,304,214,90,186,118,28,0.6118421052631579,0.8691588785046729,1.4205607476635513,0.7181467181467183
3,26,regular,2,935,985,50,929,6,56,0.9935828877005347,0.9431472081218274,0.949238578680203,0.9677083333333333
3,26,semiregular,2,730,720,10,651,79,69,0.8917808219178082,0.9041666666666667,1.0138888888888888,0.8979310344827587
3,26,irregular,2,212,214,2,147,65,67,0.6933962264150944,0.6869158878504673,0.9906542056074766,0.6901408450704225
3,26,regular,3,992,985,7,978,14,7,0.9858870967741935,0.9928934010152284,1.0071065989847716,0.9893778452200304
3,26,semiregular,3,754,720,34,669,85,51,0.8872679045092838,0.9291666666666667,1.0472222222222223,0.9077340569877883
3,26,irregular,3,247,214,33,178,69,36,0.7206477732793523,0.8317757009345794,1.1542056074766356,0.772234273318872
3,27,regular,1,1149,1166,17,1139,10,27,0.9912967798085291,0.9768439108061749,0.9854202401372213,0.9840172786177106
3,27,semiregular,1,676,728,52,607,69,121,0.8979289940828402,0.8337912087912088,0.9285714285714286,0.8646723646723647
3,27,irregular,1,258,270,12,192,66,78,0.7441860465116279,0.7111111111111111,0.9555555555555556,0.7272727272727273
3,27,regular,2,1098,1166,68,1084,14,82,0.9872495446265938,0.9296740994854202,0.9416809605488851,0.9575971731448762
3,27,semiregular,2,746,728,18,676,70,52,0.9061662198391421,0.9285714285714286,1.0247252747252746,0.9172320217096338
3,27,irregular,2,260,270,10,207,53,63,0.7961538461538461,0.7666666666666667,0.9629629629629629,0.7811320754716982
3,27,regular,3,1171,1166,5,1165,6,1,0.9948761742100769,0.9991423670668954,1.004288164665523,0.9970047068891743
3,27,semiregular,3,735,728,7,673,62,55,0.9156462585034013,0.9244505494505495,1.0096153846153846,0.9200273410799726
3,27,irregular,3,259,270,11,208,51,62,0.803088803088803,0.7703703703703704,0.9592592592592593,0.7863894139886578
3,28,regular,1,1119,1098,21,1092,27,6,0.9758713136729222,0.994535519125683,1.0191256830601092,0.9851150202976996
3,28,semiregular,1,832,859,27,757,75,102,0.9098557692307693,0.8812572759022119,0.9685681024447031,0.8953282081608517
3,28,irregular,1,322,293,29,194,128,99,0.6024844720496895,0.6621160409556314,1.098976109215017,0.6308943089430894
3,28,regular,2,1100,1098,2,1082,18,16,0.9836363636363636,0.9854280510018215,1.0018214936247722,0.9845313921747043
3,28,semiregular,2,851,859,8,783,68,76,0.9200940070505288,0.9115250291036089,0.9906868451688009,0.9157894736842105
3,28,irregular,2,294,293,1,198,96,95,0.673469387755102,0.6757679180887372,1.0034129692832765,0.6746166950596252
3,28,regular,3,1110,1098,12,1094,16,4,0.9855855855855856,0.9963570127504554,1.010928961748634,0.9909420289855073
3,28,semiregular,3,888,859,29,816,72,43,0.918918918918919,0.9499417927823051,1.0337601862630965,0.9341728677733259
3,28,irregular,3,288,293,5,204,84,89,0.7083333333333334,0.6962457337883959,0.9829351535836177,0.70223752151463
3,29,regular,1,1163,1140,23,1138,25,2,0.9785038693035254,0.9982456140350877,1.0201754385964912,0.9882761615284412
3,29,semiregular,1,865,869,4,763,102,106,0.8820809248554913,0.8780207134637514,0.9953970080552359,0.8800461361014994
3,29,irregular,1,266,247,19,185,81,62,0.6954887218045113,0.7489878542510121,1.0769230769230769,0.7212475633528265
3,29,regular,2,1117,1140,23,1107,10,33,0.991047448522829,0.9710526315789474,0.9798245614035088,0.9809481612760302
3,29,semiregular,2,919,869,50,811,108,58,0.8824809575625681,0.9332566168009206,1.0575373993095512,0.9071588366890381
3,29,irregular,2,264,247,17,192,72,55,0.7272727272727273,0.7773279352226721,1.0688259109311742,0.75146771037182
3,29,regular,3,1134,1140,6,1132,2,8,0.9982363315696648,0.9929824561403509,0.9947368421052631,0.9956024626209322
3,29,semiregular,3,915,869,46,797,118,72,0.8710382513661202,0.9171461449942463,1.052934407364787,0.8934977578475336
3,29,irregular,3,253,247,6,195,58,52,0.7707509881422925,0.7894736842105263,1.0242914979757085,0.78
3,30,regular,1,1002,997,5,990,12,7,0.9880239520958084,0.9929789368104313,1.0050150451354063,0.9904952476238118
3,30,semiregular,1,792,810,18,723,69,87,0.9128787878787878,0.8925925925925926,0.9777777777777777,0.9026217228464418
3,30,irregular,1,272,250,22,171,101,79,0.6286764705882353,0.684,1.088,0.6551724137931035
3,30,regular,2,962,997,35,954,8,43,0.9916839916839917,0.9568706118355065,0.9648946840521565,0.9739663093415007
3,30,semiregular,2,797,810,13,736,61,74,0.9234629861982434,0.908641975308642,0.9839506172839506,0.9159925326695706
3,30,irregular,2,244,250,6,180,64,70,0.7377049180327869,0.72,0.976,0.7287449392712552
3,30,regular,3,994,997,3,991,3,6,0.9969818913480886,0.9939819458375125,0.9969909729187563,0.995479658463084
3,30,semiregular,3,850,810,40,772,78,38,0.908235294117647,0.9530864197530864,1.0493827160493827,0.9301204819277108
3,30,irregular,3,263,250,13,185,78,65,0.7034220532319392,0.74,1.052,0.7212475633528265
4,1,regular,1,973,937,36,935,38,2,0.9609455292908531,0.9978655282817502,1.038420490928495,0.9790575916230366
4,1,semiregular,1,707,703,4,604,103,99,0.8543140028288543,0.8591749644381224,1.0056899004267426,0.8567375886524822
4,1,irregular,1,199,199,0,144,55,55,0.7236180904522613,0.7236180904522613,1.0,0.7236180904522612
4,1,regular,2,936,937,1,905,31,32,0.9668803418803419,0.9658484525080042,0.9989327641408752,0.9663641217298451
4,1,semiregular,2,695,703,8,604,91,99,0.8690647482014389,0.8591749644381224,0.9886201991465149,0.8640915593705294
4,1,irregular,2,190,199,9,151,39,48,0.7947368421052632,0.7587939698492462,0.9547738693467337,0.7763496143958869
4,1,regular,3,942,937,5,932,10,5,0.9893842887473461,0.9946638207043756,1.0053361792956244,0.9920170303352848
4,1,semiregular,3,725,703,22,634,91,69,0.8744827586206897,0.9018492176386913,1.031294452347084,0.8879551820728291
4,1,irregular,3,186,199,13,149,37,50,0.8010752688172043,0.7487437185929648,0.9346733668341709,0.774025974025974
4,2,regular,1,1185,1224,39,1179,6,45,0.9949367088607595,0.9632352941176471,0.9681372549019608,0.9788293897882938
4,2,semiregular,1,580,647,67,547,33,100,0.9431034482758621,0.8454404945904173,0.8964451313755796,0.8916055419722901
4,2,irregular,1,171,217,46,123,48,94,0.7192982456140351,0.5668202764976958,0.7880184331797235,0.6340206185567011
4,2,regular,2,1176,1224,48,1153,23,71,0.9804421768707483,0.9419934640522876,0.9607843137254902,0.9608333333333333
4,2,semiregular,2,628,647,19,596,32,51,0.9490445859872612,0.9211746522411128,0.9706336939721792,0.9349019607843138
4,2,irregular,2,220,217,3,173,47,44,0.7863636363636364,0.7972350230414746,1.0138248847926268,0.7917620137299771
4,2,regular,3,1231,1224,7,1215,16,9,0.9870024370430545,0.9926470588235294,1.005718954248366,0.989816700610998
4,2,semiregular,3,656,647,9,613,43,34,0.9344512195121951,0.9474497681607419,1.0139103554868625,0.940905602455871
4,2,irregular,3,212,217,5,169,43,48,0.7971698113207547,0.7788018433179723,0.9769585253456221,0.787878787878788
4,3,regular,1,1029,1053,24,1021,8,32,0.9922254616132167,0.9696106362773029,0.9772079772079773,0.9807877041306436
4,3,semiregular,1,702,716,14,634,68,82,0.9031339031339032,0.8854748603351955,0.9804469273743017,0.8942172073342737
4,3,irregular,1,198,224,26,149,49,75,0.7525252525252525,0.6651785714285714,0.8839285714285714,0.7061611374407584
4,3,regular,2,965,1053,88,952,13,101,0.9865284974093265,0.9040835707502374,0.9164292497625831,0.9435084241823588
4,3,semiregular,2,725,716,9,653,72,63,0.9006896551724138,0.9120111731843575,1.0125698324022345,0.9063150589868147
4,3,irregular,2,214,224,10,167,47,57,0.780373831775701,0.7455357142857143,0.9553571428571429,0.7625570776255709
4,3,regular,3,1050,1053,3,1044,6,9,0.9942857142857143,0.9914529914529915,0.9971509971509972,0.9928673323823112
4,3,semiregular,3,726,716,10,664,62,52,0.9146005509641874,0.9273743016759777,1.0139664804469273,0.9209431345353675
4,3,irregular,3,214,224,10,165,49,59,0.7710280373831776,0.7366071428571429,0.9553571428571429,0.7534246575342466
4,4,regular,1,1142,1101,41,1098,44,3,0.9614711033274956,0.997275204359673,1.0372388737511353,0.9790459206419974
4,4,semiregular,1,592,614,22,506,86,108,0.8547297297297297,0.8241042345276873,0.9641693811074918,0.8391376451077943
4,4,irregular,1,201,228,27,140,61,88,0.6965174129353234,0.6140350877192983,0.881578947368421,0.6526806526806528
4,4,regular,2,1080,1101,21,1073,7,28,0.9935185185185185,0.9745685740236149,0.9809264305177112,0.9839523154516278
4,4,semiregular,2,611,614,3,546,65,68,0.8936170212765957,0.8892508143322475,0.995114006514658,0.8914285714285713
4,4,irregular,2,230,228,2,178,52,50,0.7739130434782608,0.7807017543859649,1.0087719298245614,0.777292576419214
4,4,regular,3,1112,1101,11,1100,12,1,0.9892086330935251,0.9990917347865577,1.0099909173478656,0.9941256213285133
4,4,semiregular,3,626,614,12,552,74,62,0.8817891373801917,0.8990228013029316,1.019543973941368,0.8903225806451613
4,4,irregular,3,221,228,7,175,46,53,0.7918552036199095,0.7675438596491229,0.9692982456140351,0.779510022271715
4,5,regular,1,1078,1044,34,1042,36,2,0.9666048237476809,0.9980842911877394,1.0325670498084292,0.9820923656927428
4,5,semiregular,1,719,668,51,612,107,56,0.8511821974965229,0.9161676646706587,1.0763473053892216,0.8824801730353281
4,5,irregular,1,211,217,6,156,55,61,0.7393364928909952,0.7188940092165899,0.9723502304147466,0.7289719626168223
4,5,regular,2,1016,1044,28,1009,7,35,0.9931102362204725,0.9664750957854407,0.9731800766283525,0.979611650485437
4,5,semiregular,2,701,668,33,608,93,60,0.8673323823109843,0.9101796407185628,1.0494011976047903,0.8882395909422937
4,5,irregular,2,223,217,6,167,56,50,0.7488789237668162,0.7695852534562212,1.0276497695852536,0.7590909090909091
4,5,regular,3,1049,1044,5,1043,6,1,0.994280266920877,0.9990421455938697,1.0047892720306513,0.9966555183946488
4,5,semiregular,3,698,668,30,609,89,59,0.8724928366762178,0.9116766467065869,1.0449101796407185,0.8916544655929722
4,5,irregular,3,208,217,9,164,44,53,0.7884615384615384,0.7557603686635944,0.9585253456221198,0.7717647058823529
4,6,regular,1,973,915,58,914,59,1,0.9393627954779034,0.9989071038251366,1.0633879781420765,0.9682203389830508
4,6,semiregular,1,690,701,11,629,61,72,0.9115942028985508,0.8972895863052782,0.9843081312410842,0.9043853342918764
4,6,irregular,1,176,195,19,112,64,83,0.6363636363636364,0.5743589743589743,0.9025641025641026,0.6037735849056602
4,6,regular,2,961,915,46,913,48,2,0.9500520291363164,0.9978142076502732,1.0502732240437158,0.9733475479744136
4,6,semiregular,2,717,701,16,652,65,49,0.9093444909344491,0.9300998573466477,1.0228245363766049,0.9196050775740481
4,6,irregular,2,184,195,11,130,54,65,0.7065217391304348,0.6666666666666666,0.9435897435897436,0.6860158311345645
4,6,regular,3,928,915,13,912,16,3,0.9827586206896551,0.9967213114754099,1.014207650273224,0.9896907216494846
4,6,semiregular,3,727,701,26,662,65,39,0.9105914718019257,0.9443651925820257,1.037089871611983,0.9271708683473389
4,6,irregular,3,194,195,1,148,46,47,0.7628865979381443,0.7589743589743589,0.9948717948717949,0.7609254498714653
4,7,regular,1,1206,1230,24,1200,6,30,0.9950248756218906,0.975609756097561,0.9804878048780488,0.9852216748768473
4,7,semiregular,1,707,761,54,620,87,141,0.8769448373408769,0.8147174770039421,0.9290407358738502,0.8446866485013623
4,7,irregular,1,202,225,23,144,58,81,0.7128712871287128,0.64,0.8977777777777778,0.6744730679156908
4,7,regular,2,1140,1230,90,1123,17,107,0.9850877192982456,0.9130081300813008,0.926829268292683,0.9476793248945148
4,7,semiregular,2,738,761,23,649,89,112,0.8794037940379403,0.8528252299605782,0.9697766097240473,0.8659106070713809
4,7,irregular,2,212,225,13,170,42,55,0.8018867924528302,0.7555555555555555,0.9422222222222222,0.7780320366132724
4,7,regular,3,1239,1230,9,1224,15,6,0.9878934624697336,0.9951219512195122,1.0073170731707317,0.9914945321992709
4,7,semiregular,3,765,761,4,677,88,84,0.8849673202614379,0.8896189224704336,1.0052562417871223,0.8872870249017037
4,7,irregular,3,214,225,11,174,40,51,0.8130841121495327,0.7733333333333333,0.9511111111111111,0.7927107061503417
4,8,regular,1,1039,1035,4,1021,18,14,0.9826756496631376,0.9864734299516909,1.0038647342995168,0.9845708775313404
4,8,semiregular,1,813,827,14,740,73,87,0.9102091020910209,0.8948004836759371,0.9830713422007256,0.9024390243902438
4,8,irregular,1,224,243,19,148,76,95,0.6607142857142857,0.6090534979423868,0.9218106995884774,0.6338329764453962
4,8,regular,2,1024,1035,11,1012,12,23,0.98828125,0.9777777777777777,0.9893719806763285,0.9830014570179698
4,8,semiregular,2,821,827,6,760,61,67,0.925700365408039,0.9189842805320435,0.992744860943168,0.9223300970873786
4,8,irregular,2,228,243,15,167,61,76,0.7324561403508771,0.6872427983539094,0.9382716049382716,0.7091295116772823
4,8,regular,3,1044,1035,9,1031,13,4,0.9875478927203065,0.996135265700483,1.008695652173913,0.9918229918229918
4,8,semiregular,3,853,827,26,773,80,54,0.9062133645955451,0.9347037484885127,1.0314389359129383,0.9202380952380952
4,8,irregular,3,232,243,11,165,67,78,0.7112068965517241,0.6790123456790124,0.9547325102880658,0.6947368421052632
4,9,regular,1,1073,1107,34,1068,5,39,0.9953401677539608,0.964769647696477,0.969286359530262,0.9798165137614678
4,9,semiregular,1,659,701,42,617,42,84,0.936267071320182,0.8801711840228246,0.9400855920114123,0.9073529411764707
4,9,irregular,1,215,266,51,167,48,99,0.7767441860465116,0.6278195488721805,0.8082706766917294,0.6943866943866944
4,9,regular,2,1047,1107,60,1034,13,73,0.9875835721107927,0.934056007226739,0.94579945799458,0.9600742804085424
4,9,semiregular,2,647,701,54,605,42,96,0.9350850077279753,0.8630527817403709,0.9229671897289586,0.8976261127596439
4,9,irregular,2,257,266,9,208,49,58,0.8093385214007782,0.7819548872180451,0.9661654135338346,0.7954110898661567
4,9,regular,3,1105,1107,2,1099,6,8,0.9945701357466064,0.992773261065944,0.998193315266486,0.9936708860759493
4,9,semiregular,3,709,701,8,664,45,37,0.9365303244005642,0.9472182596291013,1.0114122681883024,0.9418439716312057
4,9,irregular,3,253,266,13,197,56,69,0.7786561264822134,0.7406015037593985,0.9511278195488722,0.7591522157996146
4,10,regular,1,1014,1014,0,969,45,45,0.9556213017751479,0.9556213017751479,1.0,0.9556213017751479
4,10,semiregular,1,644,656,12,593,51,63,0.9208074534161491,0.9039634146341463,0.9817073170731707,0.9123076923076923
4,10,irregular,1,208,247,39,174,34,73,0.8365384615384616,0.7044534412955465,0.8421052631578947,0.7648351648351649
4,10,regular,2,1044,1014,30,1002,42,12,0.9597701149425287,0.9881656804733728,1.029585798816568,0.9737609329446064
4,10,semiregular,2,659,656,3,601,58,55,0.9119878603945372,0.9161585365853658,1.0045731707317074,0.9140684410646388
4,10,irregular,2,236,247,11,200,36,47,0.847457627118644,0.8097165991902834,0.9554655870445344,0.8281573498964803
4,10,regular,3,1031,1014,17,1012,19,2,0.9815712900096993,0.9980276134122288,1.0167652859960552,0.9897310513447433
4,10,semiregular,3,669,656,13,608,61,48,0.9088191330343797,0.926829268292683,1.0198170731707317,0.9177358490566038
4,10,irregular,3,238,247,9,199,39,48,0.8361344537815126,0.805668016194332,0.9635627530364372,0.8206185567010309
4,11,regular,1,1098,1070,28,1061,37,9,0.9663023679417122,0.991588785046729,1.0261682242990655,0.9787822878228783
4,11,semiregular,1,712,700,12,626,86,74,0.8792134831460674,0.8942857142857142,1.0171428571428571,0.886685552407932
4,11,irregular,1,210,239,29,157,53,82,0.7476190476190476,0.6569037656903766,0.8786610878661087,0.6993318485523384
4,11,regular,2,1012,1070,58,1005,7,65,0.9930830039525692,0.9392523364485982,0.9457943925233645,0.9654178674351584
4,11,semiregular,2,708,700,8,635,73,65,0.8968926553672316,0.9071428571428571,1.0114285714285713,0.9019886363636362
4,11,irregular,2,211,239,28,171,40,68,0.8104265402843602,0.7154811715481172,0.8828451882845189,0.76
4,11,regular,3,1086,1070,16,1069,17,1,0.9843462246777164,0.9990654205607477,1.0149532710280373,0.9916512059369201
4,11,semiregular,3,716,700,16,641,75,59,0.8952513966480447,0.9157142857142857,1.022857142857143,0.905367231638418
4,11,irregular,3,219,239,20,175,44,64,0.7990867579908676,0.7322175732217573,0.9163179916317992,0.7641921397379912
4,12,regular,1,1048,1007,41,1007,41,0,0.9608778625954199,1.0,1.0407149950347567,0.9800486618004866
4,12,semiregular,1,690,641,49,590,100,51,0.855072463768116,0.9204368174726989,1.076443057722309,0.8865514650638618
4,12,irregular,1,220,204,16,155,65,49,0.7045454545454546,0.7598039215686274,1.0784313725490196,0.7311320754716981
4,12,regular,2,1044,1007,37,1007,37,0,0.9645593869731801,1.0,1.0367428003972194,0.9819600195026816
4,12,semiregular,2,665,641,24,580,85,61,0.8721804511278195,0.9048361934477379,1.0374414976599065,0.8882082695252679
4,12,irregular,2,243,204,39,166,77,38,0.6831275720164609,0.8137254901960784,1.1911764705882353,0.7427293064876956
4,12,regular,3,1017,1007,10,1007,10,0,0.9901671583087512,1.0,1.009930486593843,0.9950592885375494
4,12,semiregular,3,654,641,13,576,78,65,0.8807339449541285,0.8985959438377535,1.0202808112324493,0.8895752895752895
4,12,irregular,3,209,204,5,158,51,46,0.7559808612440191,0.7745098039215687,1.0245098039215685,0.7651331719128328
4,13,regular,1,1025,1000,25,998,27,2,0.9736585365853658,0.998,1.025,0.985679012345679
4,13,semiregular,1,853,815,38,772,81,43,0.9050410316529894,0.947239263803681,1.0466257668711656,0.9256594724220624
4,13,irregular,1,226,216,10,157,69,59,0.6946902654867256,0.7268518518518519,1.0462962962962963,0.7104072398190043
4,13,regular,2,1002,1000,2,992,10,8,0.9900199600798403,0.992,1.002,0.991008991008991
4,13,semiregular,2,821,815,6,762,59,53,0.928136419001218,0.9349693251533743,1.007361963190184,0.9315403422982885
4,13,irregular,2,243,216,27,178,65,38,0.7325102880658436,0.8240740740740741,1.125,0.775599128540305
4,13,regular,3,1008,1000,8,998,10,2,0.9900793650793651,0.998,1.008,0.9940239043824701
4,13,semiregular,3,831,815,16,767,64,48,0.9229843561973526,0.9411042944785276,1.019631901840491,0.9319562575941678
4,13,irregular,3,211,216,5,170,41,46,0.8056872037914692,0.7870370370370371,0.9768518518518519,0.7962529274004684
4,14,regular,1,1034,1052,18,1032,2,20,0.9980657640232108,0.9809885931558935,0.9828897338403042,0.9894534995206136
4,14,semiregular,1,845,913,68,794,51,119,0.9396449704142011,0.8696604600219058,0.9255202628696605,0.9032992036405005
4,14,irregular,1,195,217,22,145,50,72,0.7435897435897436,0.6682027649769585,0.8986175115207373,0.703883495145631
4,14,regular,2,1013,1052,39,999,14,53,0.9861796643632774,0.9496197718631179,0.9629277566539924,0.9675544794188862
4,14,semiregular,2,883,913,30,830,53,83,0.9399773499433749,0.9090909090909091,0.9671412924424972,0.9242761692650334
4,14,irregular,2,225,217,8,166,59,51,0.7377777777777778,0.7649769585253456,1.0368663594470047,0.751131221719457
4,14,regular,3,1062,1052,10,1049,13,3,0.987758945386064,0.997148288973384,1.0095057034220531,0.9924314096499527
4,14,semiregular,3,905,913,8,842,63,71,0.9303867403314917,0.9222343921139102,0.9912376779846659,0.9262926292629264
4,14,irregular,3,200,217,17,154,46,63,0.77,0.7096774193548387,0.9216589861751152,0.7386091127098322
4,15,regular,1,980,964,16,962,18,2,0.9816326530612245,0.9979253112033195,1.016597510373444,0.9897119341563787
4,15,semiregular,1,782,774,8,716,66,58,0.9156010230179028,0.9250645994832042,1.0103359173126616,0.9203084832904884
4,15,irregular,1,191,218,27,152,39,66,0.7958115183246073,0.6972477064220184,0.8761467889908257,0.7432762836185819
4,15,regular,2,929,964,35,920,9,44,0.9903121636167922,0.9543568464730291,0.9636929460580913,0.9720021130480719
4,15,semiregular,2,777,774,3,719,58,55,0.9253539253539254,0.9289405684754521,1.003875968992248,0.927143778207608
4,15,irregular,2,212,218,6,174,38,44,0.8207547169811321,0.7981651376146789,0.9724770642201835,0.8093023255813954
4,15,regular,3,972,964,8,962,10,2,0.9897119341563786,0.9979253112033195,1.008298755186722,0.993801652892562
4,15,semiregular,3,771,774,3,713,58,61,0.9247730220492867,0.9211886304909561,0.9961240310077519,0.9229773462783173
4,15,irregular,3,206,218,12,169,37,49,0.8203883495145631,0.7752293577981652,0.944954128440367,0.7971698113207547
4,16,regular,1,1148,1109,39,1107,41,2,0.9642857142857143,0.9981965734896303,1.0351668169522092,0.9809481612760301
4,16,semiregular,1,710,681,29,619,91,62,0.8718309859154929,0.908957415565345,1.0425844346549193,0.8900071890726096
4,16,irregular,1,221,272,51,164,57,108,0.7420814479638009,0.6029411764705882,0.8125,0.665314401622718
4,16,regular,2,1093,1109,16,1080,13,29,0.9881061299176578,0.9738503155996393,0.9855725879170424,0.9809264305177112
4,16,semiregular,2,680,681,1,606,74,75,0.8911764705882353,0.8898678414096917,0.9985315712187959,0.890521675238795
4,16,irregular,2,264,272,8,202,62,70,0.7651515151515151,0.7426470588235294,0.9705882352941176,0.753731343283582
4,16,regular,3,1122,1109,13,1106,16,3,0.9857397504456328,0.9972948602344455,1.011722272317403,0.9914836396234873
4,16,semiregular,3,684,681,3,607,77,74,0.8874269005847953,0.8913362701908958,1.0044052863436124,0.8893772893772894
4,16,irregular,3,242,272,30,195,47,77,0.8057851239669421,0.7169117647058824,0.8897058823529411,0.7587548638132295
4,17,regular,1,1094,1029,65,1029,65,0,0.9405850091407678,1.0,1.063168124392614,0.9693829486575601
4,17,semiregular,1,876,837,39,781,95,56,0.8915525114155252,0.9330943847072879,1.0465949820788532,0.9118505545826037
4,17,irregular,1,200,240,40,146,54,94,0.73,0.6083333333333333,0.8333333333333334,0.6636363636363636
4,17,regular,2,1051,1029,22,1026,25,3,0.9762131303520457,0.9970845481049563,1.021379980563654,0.9865384615384615
4,17,semiregular,2,851,837,14,779,72,58,0.9153936545240893,0.9307048984468339,1.016726403823178,0.9229857819905213
4,17,irregular,2,282,240,42,189,93,51,0.6702127659574468,0.7875,1.175,0.7241379310344828
4,17,regular,3,1043,1029,14,1029,14,0,0.9865771812080537,1.0,1.0136054421768708,0.9932432432432432
4,17,semiregular,3,854,837,17,782,72,55,0.9156908665105387,0.9342891278375149,1.020310633213859,0.9248965109402721
4,17,irregular,3,233,240,7,174,59,66,0.7467811158798283,0.725,0.9708333333333333,0.7357293868921775
4,18,regular,1,1086,1044,42,1042,44,2,0.9594843462246777,0.9980842911877394,1.0402298850574712,0.9784037558685446
4,18,semiregular,1,818,801,17,752,66,49,0.9193154034229829,0.9388264669163545,1.021223470661673,0.9289684990735022
4,18,irregular,1,225,252,27,174,51,78,0.7733333333333333,0.6904761904761905,0.8928571428571429,0.729559748427673
4,18,regular,2,1069,1044,25,1040,29,4,0.9728718428437793,0.9961685823754789,1.0239463601532568,0.9843823946994794
4,18,semiregular,2,804,801,3,749,55,52,0.931592039800995,0.9350811485642946,1.00374531835206,0.9333333333333333
4,18,irregular,2,265,252,13,207,58,45,0.7811320754716982,0.8214285714285714,1.0515873015873016,0.8007736943907157
4,18,regular,3,1058,1044,14,1042,16,2,0.9848771266540642,0.9980842911877394,1.0134099616858236,0.9914367269267363
4,18,semiregular,3,813,801,12,764,49,37,0.939729397293973,0.9538077403245943,1.0149812734082397,0.9467162329615861
4,18,irregular,3,242,252,10,196,46,56,0.8099173553719008,0.7777777777777778,0.9603174603174603,0.7935222672064778
4,19,regular,1,958,1076,118,952,6,124,0.9937369519832986,0.8847583643122676,0.8903345724907064,0.936086529006883
4,19,semiregular,1,728,753,25,669,59,84,0.9189560439560439,0.8884462151394422,0.9667994687915007,0.9034436191762323
4,19,irregular,1,276,245,31,185,91,60,0.6702898550724637,0.7551020408163265,1.126530612244898,0.7101727447216891
4,19,regular,2,1077,1076,1,1066,11,10,0.989786443825441,0.9907063197026023,1.0009293680297398,0.9902461681374825
4,19,semiregular,2,730,753,23,675,55,78,0.9246575342465754,0.896414342629482,0.9694555112881806,0.9103169251517195
4,19,irregular,2,261,245,16,192,69,53,0.735632183908046,0.7836734693877551,1.0653061224489795,0.758893280632411
4,19,regular,3,1069,1076,7,1065,4,11,0.9962581852198317,0.9897769516728625,0.9934944237918215,0.9930069930069929
4,19,semiregular,3,687,753,66,638,49,115,0.9286754002911208,0.8472775564409031,0.9123505976095617,0.8861111111111112
4,19,irregular,3,222,245,23,171,51,74,0.7702702702702703,0.6979591836734694,0.9061224489795918,0.7323340471092077
4,20,regular,1,1136,1251,115,1131,5,120,0.9955985915492958,0.9040767386091128,0.9080735411670664,0.9476330121491412
4,20,semiregular,1,892,841,51,755,137,86,0.8464125560538116,0.8977407847800237,1.0606420927467302,0.8713214079630698
4,20,irregular,1,243,252,9,138,105,114,0.5679012345679012,0.5476190476190477,0.9642857142857143,0.5575757575757575
4,20,regular,2,776,1251,475,770,6,481,0.9922680412371134,0.6155075939248601,0.6203037569944044,0.7597434632461767
4,20,semiregular,2,696,841,145,620,76,221,0.8908045977011494,0.737217598097503,0.8275862068965517,0.8067664281067013
4,20,irregular,2,234,252,18,173,61,79,0.7393162393162394,0.6865079365079365,0.9285714285714286,0.7119341563786008
4,20,regular,3,1168,1251,83,1164,4,87,0.9965753424657534,0.9304556354916067,0.9336530775379697,0.9623811492352211
4,20,semiregular,3,818,841,23,720,98,121,0.8801955990220048,0.8561236623067776,0.9726516052318668,0.8679927667269438
4,20,irregular,3,226,252,26,176,50,76,0.7787610619469026,0.6984126984126984,0.8968253968253969,0.7364016736401673
4,21,regular,1,964,920,44,916,48,4,0.950207468879668,0.9956521739130435,1.0478260869565217,0.9723991507430998
4,21,semiregular,1,572,549,23,462,110,87,0.8076923076923077,0.8415300546448088,1.041894353369763,0.824264049955397
4,21,irregular,1,210,204,6,152,58,52,0.7238095238095238,0.7450980392156863,1.0294117647058822,0.7342995169082125
4,21,regular,2,932,920,12,915,17,5,0.9817596566523605,0.9945652173913043,1.0130434782608695,0.9881209503239741
4,21,semiregular,2,567,549,18,478,89,71,0.8430335097001763,0.8706739526411658,1.0327868852459017,0.8566308243727598
4,21,irregular,2,217,204,13,164,53,40,0.7557603686635944,0.803921568627451,1.0637254901960784,0.7790973871733966
4,21,regular,3,934,920,14,920,14,0,0.9850107066381156,1.0,1.0152173913043478,0.9924487594390508
4,21,semiregular,3,609,549,60,503,106,46,0.825944170771757,0.9162112932604736,1.1092896174863387,0.8687392055267703
4,21,irregular,3,187,204,17,151,36,53,0.8074866310160428,0.7401960784313726,0.9166666666666666,0.7723785166240408
4,22,regular,1,1018,946,72,937,81,9,0.9204322200392927,0.9904862579281184,1.0761099365750528,0.9541751527494908
4,22,semiregular,1,654,703,49,582,72,121,0.8899082568807339,0.8278805120910384,0.930298719772404,0.857774502579219
4,22,irregular,1,177,247,70,132,45,115,0.7457627118644068,0.5344129554655871,0.7165991902834008,0.6226415094339623
4,22,regular,2,996,946,50,946,50,0,0.9497991967871486,1.0,1.0528541226215644,0.9742533470648815
4,22,semiregular,2,703,703,0,639,64,64,0.9089615931721194,0.9089615931721194,1.0,0.9089615931721194
4,22,irregular,2,219,247,28,174,45,73,0.7945205479452054,0.7044534412955465,0.8866396761133604,0.7467811158798283
4,22,regular,3,979,946,33,944,35,2,0.9642492339121552,0.9978858350951374,1.0348837209302326,0.9807792207792208
4,22,semiregular,3,723,703,20,645,78,58,0.8921161825726142,0.9174964438122333,1.0284495021337126,0.9046283309957923
4,22,irregular,3,222,247,25,175,47,72,0.7882882882882883,0.708502024291498,0.8987854251012146,0.746268656716418
4,23,regular,1,1069,999,70,993,76,6,0.9289055191768008,0.993993993993994,1.07007007007007,0.9603481624758221
4,23,semiregular,1,742,835,93,618,124,217,0.8328840970350404,0.7401197604790419,0.888622754491018,0.7837666455294863
4,23,irregular,1,232,266,34,120,112,146,0.5172413793103449,0.45112781954887216,0.8721804511278195,0.4819277108433735
4,23,regular,2,848,999,151,836,12,163,0.9858490566037735,0.8368368368368369,0.8488488488488488,0.9052517596101787
4,23,semiregular,2,72,835,763,46,26,789,0.6388888888888888,0.055089820359281436,0.08622754491017964,0.1014332965821389
4,23,irregular,2,0,266,266,0,0,266,-1,-1,0.0,-1
4,23,regular,3,1014,999,15,996,18,3,0.9822485207100592,0.996996996996997,1.015015015015015,0.9895678092399404
4,23,semiregular,3,919,835,84,796,123,39,0.8661588683351469,0.9532934131736527,1.1005988023952096,0.9076396807297605
4,23,irregular,3,248,266,18,179,69,87,0.7217741935483871,0.6729323308270677,0.9323308270676691,0.6964980544747083
4,24,regular,1,1068,1079,11,1054,14,25,0.9868913857677902,0.9768303985171455,0.989805375347544,0.9818351187703773
4,24,semiregular,1,663,680,17,599,64,81,0.9034690799396682,0.8808823529411764,0.975,0.8920327624720775
4,24,irregular,1,156,247,91,119,37,128,0.7628205128205128,0.4817813765182186,0.631578947368421,0.5905707196029776
4,24,regular,2,1044,1079,35,1023,21,56,0.9798850574712644,0.9481000926784059,0.9675625579240037,0.9637305699481866
4,24,semiregular,2,638,680,42,591,47,89,0.9263322884012539,0.8691176470588236,0.9382352941176471,0.8968133535660091
4,24,irregular,2,226,247,21,187,39,60,0.827433628318584,0.757085020242915,0.9149797570850202,0.7906976744186047
4,24,regular,3,1078,1079,1,1073,5,6,0.9953617810760668,0.9944392956441149,0.9990732159406858,0.9949003245248029
4,24,semiregular,3,689,680,9,635,54,45,0.9216255442670537,0.9338235294117647,1.013235294117647,0.9276844411979548
4,24,irregular,3,239,247,8,201,38,46,0.8410041841004184,0.8137651821862348,0.9676113360323887,0.8271604938271604
4,25,regular,1,949,946,3,939,10,7,0.9894625922023182,0.992600422832981,1.0031712473572938,0.9910290237467018
4,25,semiregular,1,693,718,25,621,72,97,0.8961038961038961,0.8649025069637883,0.9651810584958217,0.8802267895109851
4,25,irregular,1,189,207,18,125,64,82,0.6613756613756614,0.6038647342995169,0.9130434782608695,0.6313131313131314
4,25,regular,2,922,946,24,914,8,32,0.9913232104121475,0.9661733615221987,0.9746300211416491,0.9785867237687366
4,25,semiregular,2,712,718,6,643,69,75,0.9030898876404494,0.8955431754874652,0.9916434540389972,0.8993006993006993
4,25,irregular,2,216,207,9,145,71,62,0.6712962962962963,0.7004830917874396,1.0434782608695652,0.6855791962174941
4,25,regular,3,951,946,5,943,8,3,0.9915878023133544,0.9968287526427061,1.0052854122621564,0.9942013705851345
4,25,semiregular,3,712,718,6,640,72,78,0.898876404494382,0.8913649025069638,0.9916434540389972,0.8951048951048951
4,25,irregular,3,205,207,2,144,61,63,0.7024390243902439,0.6956521739130435,0.9903381642512077,0.6990291262135923
4,26,regular,1,1024,985,39,982,42,3,0.958984375,0.9969543147208122,1.0395939086294417,0.9776007964161274
4,26,semiregular,1,760,720,40,668,92,52,0.8789473684210526,0.9277777777777778,1.0555555555555556,0.9027027027027026
4,26,irregular,1,245,214,31,163,82,51,0.6653061224489796,0.7616822429906542,1.144859813084112,0.710239651416122
4,26,regular,2,994,985,9,972,22,13,0.9778672032193159,0.9868020304568528,1.0091370558375634,0.9823143001515916
4,26,semiregular,2,741,720,21,655,86,65,0.8839406207827261,0.9097222222222222,1.0291666666666666,0.8966461327857631
4,26,irregular,2,214,214,0,149,65,65,0.6962616822429907,0.6962616822429907,1.0,0.6962616822429907
4,26,regular,3,1013,985,28,982,31,3,0.9693978282329714,0.9969543147208122,1.0284263959390862,0.982982982982983
4,26,semiregular,3,733,720,13,661,72,59,0.9017735334242838,0.9180555555555555,1.0180555555555555,0.9098417068134892
4,26,irregular,3,228,214,14,162,66,52,0.7105263157894737,0.7570093457943925,1.0654205607476634,0.7330316742081447
4,27,regular,1,1131,1166,35,1128,3,38,0.9973474801061007,0.967409948542024,0.9699828473413379,0.9821506312581629
4,27,semiregular,1,671,728,57,604,67,124,0.9001490312965723,0.8296703296703297,0.9217032967032966,0.8634739099356683
4,27,irregular,1,224,270,46,181,43,89,0.8080357142857143,0.6703703703703704,0.8296296296296296,0.7327935222672065
4,27,regular,2,1110,1166,56,1094,16,72,0.9855855855855856,0.9382504288164666,0.9519725557461407,0.9613356766256591
4,27,semiregular,2,722,728,6,664,58,64,0.9196675900277008,0.9120879120879121,0.9917582417582418,0.9158620689655173
4,27,irregular,2,261,270,9,211,50,59,0.8084291187739464,0.7814814814814814,0.9666666666666667,0.7947269303201506
4,27,regular,3,1175,1166,9,1165,10,1,0.9914893617021276,0.9991423670668954,1.0077186963979416,0.995301153353268
4,27,semiregular,3,735,728,7,668,67,60,0.908843537414966,0.9175824175824175,1.0096153846153846,0.9131920710868079
4,27,irregular,3,255,270,15,205,50,65,0.803921568627451,0.7592592592592593,0.9444444444444444,0.780952380952381
4,28,regular,1,1073,1098,25,1066,7,32,0.9934762348555451,0.970856102003643,0.9772313296903461,0.9820359281437125
4,28,semiregular,1,873,859,14,794,79,65,0.9095074455899198,0.9243306169965075,1.0162980209545984,0.9168591224018476
4,28,irregular,1,251,293,42,162,89,131,0.6454183266932271,0.552901023890785,0.856655290102389,0.5955882352941176
4,28,regular,2,1075,1098,23,1058,17,40,0.9841860465116279,0.9635701275045537,0.9790528233151184,0.9737689829728486
4,28,semiregular,2,843,859,16,782,61,77,0.9276393831553974,0.910360884749709,0.9813736903376019,0.918918918918919
4,28,irregular,2,283,293,10,197,86,96,0.696113074204947,0.6723549488054608,0.9658703071672355,0.6840277777777777
4,28,regular,3,1105,1098,7,1095,10,3,0.9909502262443439,0.9972677595628415,1.006375227686703,0.9940989559691331
4,28,semiregular,3,874,859,15,814,60,45,0.931350114416476,0.9476135040745053,1.0174621653084983,0.9394114252740913
4,28,irregular,3,266,293,27,192,74,101,0.7218045112781954,0.6552901023890785,0.9078498293515358,0.6869409660107334
4,29,regular,1,1143,1140,3,1132,11,8,0.9903762029746281,0.9929824561403509,1.0026315789473683,0.9916776171703897
4,29,semiregular,1,889,869,20,787,102,82,0.8852643419572553,0.905638665132336,1.0230149597238205,0.8953356086461889
4,29,irregular,1,214,247,33,162,52,85,0.7570093457943925,0.6558704453441295,0.8663967611336032,0.702819956616052
4,29,regular,2,1112,1140,28,1102,10,38,0.9910071942446043,0.9666666666666667,0.9754385964912281,0.9786856127886323
4,29,semiregular,2,914,869,45,813,101,56,0.8894967177242888,0.9355581127733027,1.051783659378596,0.9119461581604038
4,29,irregular,2,269,247,22,192,77,55,0.7137546468401487,0.7773279352226721,1.0890688259109311,0.744186046511628
4,29,regular,3,1151,1140,11,1137,14,3,0.9878366637706343,0.9973684210526316,1.0096491228070175,0.99257965953732
4,29,semiregular,3,891,869,22,793,98,76,0.8900112233445566,0.9125431530494822,1.0253164556962024,0.9011363636363636
4,29,irregular,3,240,247,7,191,49,56,0.7958333333333333,0.7732793522267206,0.97165991902834,0.784394250513347
4,30,regular,1,1005,997,8,991,14,6,0.9860696517412936,0.9939819458375125,1.00802407221665,0.99000999000999
4,30,semiregular,1,820,810,10,740,80,70,0.9024390243902439,0.9135802469135802,1.0123456790123457,0.9079754601226994
4,30,irregular,1,226,250,24,159,67,91,0.7035398230088495,0.636,0.904,0.6680672268907563
4,30,regular,2,980,997,17,971,9,26,0.9908163265306122,0.9739217652958877,0.9829488465396189,0.9822964087000506
4,30,semiregular,2,815,810,5,754,61,56,0.9251533742331288,0.9308641975308642,1.0061728395061729,0.9279999999999999
4,30,irregular,2,231,250,19,177,54,73,0.7662337662337663,0.708,0.924,0.735966735966736
4,30,regular,3,1010,997,13,995,15,2,0.9851485148514851,0.9979939819458375,1.013039117352056,0.9915296462381663
4,30,semiregular,3,829,810,19,769,60,41,0.9276236429433052,0.9493827160493827,1.0234567901234568,0.9383770591824283
4,30,irregular,3,244,250,6,175,69,75,0.7172131147540983,0.7,0.976,0.708502024291498
5,1,regular,1,939,937,2,926,13,11,0.9861554845580405,0.9882604055496265,1.0021344717182497,0.9872068230277186
5,1,semiregular,1,688,703,15,602,86,101,0.875,0.8563300142247511,0.9786628733997155,0.8655643421998563
5,1,irregular,1,218,199,19,152,66,47,0.6972477064220184,0.7638190954773869,1.0954773869346734,0.7290167865707434
5,1,regular,2,954,937,17,921,33,16,0.9654088050314465,0.9829242262540021,1.0181430096051227,0.9740877842411422
5,1,semiregular,2,726,703,23,618,108,85,0.8512396694214877,0.8790896159317212,1.0327169274537695,0.8649405178446467
5,1,irregular,2,200,199,1,160,40,39,0.8,0.8040201005025126,1.0050251256281406,0.8020050125313284
5,1,regular,3,953,937,16,933,20,4,0.9790136411332634,0.9957310565635006,1.017075773745998,0.9873015873015873
5,1,semiregular,3,735,703,32,633,102,70,0.8612244897959184,0.9004267425320057,1.0455192034139402,0.8803894297635605
5,1,irregular,3,193,199,6,153,40,46,0.7927461139896373,0.7688442211055276,0.9698492462311558,0.7806122448979592
5,2,regular,1,1195,1224,29,1185,10,39,0.9916317991631799,0.9681372549019608,0.9763071895424836,0.9797436957420421
5,2,semiregular,1,574,647,73,541,33,106,0.9425087108013938,0.8361669242658424,0.8871715610510046,0.8861588861588863
5,2,irregular,1,224,217,7,139,85,78,0.6205357142857143,0.6405529953917051,1.032258064516129,0.6303854875283446
5,2,regular,2,1210,1224,14,1197,13,27,0.9892561983471074,0.9779411764705882,0.988562091503268,0.9835661462612982
5,2,semiregular,2,602,647,45,571,31,76,0.9485049833887044,0.8825347758887172,0.9304482225656878,0.9143314651721378
5,2,irregular,2,231,217,14,172,59,45,0.7445887445887446,0.7926267281105991,1.064516129032258,0.7678571428571429
5,2,regular,3,1242,1224,18,1216,26,8,0.9790660225442834,0.9934640522875817,1.0147058823529411,0.9862124898621251
5,2,semiregular,3,657,647,10,611,46,36,0.9299847792998478,0.9443585780525502,1.0154559505409582,0.9371165644171778
5,2,irregular,3,221,217,4,173,48,44,0.7828054298642534,0.7972350230414746,1.0184331797235022,0.7899543378995434
5,3,regular,1,1037,1053,16,1029,8,24,0.9922854387656702,0.9772079772079773,0.9848053181386515,0.9846889952153111
5,3,semiregular,1,685,716,31,616,69,100,0.8992700729927007,0.8603351955307262,0.9567039106145251,0.8793718772305495
5,3,irregular,1,230,224,6,161,69,63,0.7,0.71875,1.0267857142857142,0.7092511013215859
5,3,regular,2,1000,1053,53,988,12,65,0.988,0.9382716049382716,0.949667616334283,0.9624939113492449
5,3,semiregular,2,736,716,20,658,78,58,0.8940217391304348,0.9189944134078212,1.0279329608938548,0.90633608815427
5,3,irregular,2,230,224,6,178,52,46,0.7739130434782608,0.7946428571428571,1.0267857142857142,0.7841409691629956
5,3,regular,3,1060,1053,7,1049,11,4,0.9896226415094339,0.9962013295346629,1.00664767331434,0.9929010884997633
5,3,semiregular,3,731,716,15,667,64,49,0.9124487004103967,0.9315642458100558,1.020949720670391,0.9219073946095371
5,3,irregular,3,213,224,11,168,45,56,0.7887323943661971,0.75,0.9508928571428571,0.7688787185354692
5,4,regular,1,1121,1101,20,1098,23,3,0.9794826048171276,0.997275204359673,1.0181653042688465,0.9882988298829883
5,4,semiregular,1,592,614,22,518,74,96,0.875,0.8436482084690554,0.9641693811074918,0.8590381426202323
5,4,irregular,1,256,228,28,162,94,66,0.6328125,0.7105263157894737,1.1228070175438596,0.6694214876033058
5,4,regular,2,1109,1101,8,1095,14,6,0.9873760144274121,0.9945504087193461,1.0072661217075387,0.9909502262443439
5,4,semiregular,2,615,614,1,552,63,62,0.8975609756097561,0.8990228013029316,1.001628664495114,0.8982912937347437
5,4,irregular,2,243,228,15,179,64,49,0.7366255144032922,0.7850877192982456,1.0657894736842106,0.7600849256900212
5,4,regular,3,1118,1101,17,1100,18,1,0.9838998211091234,0.9990917347865577,1.0154405086285194,0.9914375844975213
5,4,semiregular,3,613,614,1,554,59,60,0.9037520391517129,0.9022801302931596,0.998371335504886,0.9030154849225754
5,4,irregular,3,227,228,1,175,52,53,0.7709251101321586,0.7675438596491229,0.9956140350877193,0.7692307692307692
5,5,regular,1,1044,1044,0,1038,6,6,0.9942528735632183,0.9942528735632183,1.0,0.9942528735632183
5,5,semiregular,1,708,668,40,621,87,47,0.8771186440677966,0.9296407185628742,1.0598802395209581,0.9026162790697675
5,5,irregular,1,251,217,34,166,85,51,0.6613545816733067,0.7649769585253456,1.1566820276497696,0.7094017094017094
5,5,regular,2,1053,1044,9,1041,12,3,0.9886039886039886,0.9971264367816092,1.0086206896551724,0.9928469241773963
5,5,semiregular,2,713,668,45,616,97,52,0.8639551192145862,0.9221556886227545,1.0673652694610778,0.8921071687183201
5,5,irregular,2,221,217,4,166,55,51,0.751131221719457,0.7649769585253456,1.0184331797235022,0.7579908675799087
5,5,regular,3,1057,1044,13,1043,14,1,0.9867549668874173,0.9990421455938697,1.0124521072796935,0.9928605425987626
5,5,semiregular,3,690,668,22,616,74,52,0.8927536231884058,0.9221556886227545,1.032934131736527,0.9072164948453609
5,5,irregular,3,211,217,6,162,49,55,0.7677725118483413,0.7465437788018433,0.9723502304147466,0.7570093457943925
5,6,regular,1,941,915,26,914,27,1,0.971307120085016,0.9989071038251366,1.028415300546448,0.9849137931034483
5,6,semiregular,1,693,701,8,634,59,67,0.9148629148629148,0.9044222539229672,0.9885877318116976,0.9096126255380201
5,6,irregular,1,188,195,7,119,69,76,0.6329787234042553,0.6102564102564103,0.9641025641025641,0.6214099216710184
5,6,regular,2,949,915,34,913,36,2,0.9620653319283456,0.9978142076502732,1.037158469945355,0.9796137339055794
5,6,semiregular,2,715,701,14,644,71,57,0.9006993006993007,0.9186875891583453,1.0199714693295292,0.9096045197740112
5,6,irregular,2,199,195,4,135,64,60,0.678391959798995,0.6923076923076923,1.0205128205128204,0.6852791878172588
5,6,regular,3,933,915,18,913,20,2,0.9785637727759914,0.9978142076502732,1.019672131147541,0.9880952380952381
5,6,semiregular,3,718,701,17,656,62,45,0.9136490250696379,0.9358059914407989,1.0242510699001426,0.9245947850599012
5,6,irregular,3,196,195,1,157,39,38,0.8010204081632653,0.8051282051282052,1.005128205128205,0.80306905370844
5,7,regular,1,1143,1230,87,1136,7,94,0.9938757655293088,0.9235772357723577,0.9292682926829269,0.9574378423935946
5,7,semiregular,1,786,761,25,682,104,79,0.8676844783715013,0.8961892247043364,1.0328515111695138,0.8817065287653523
5,7,irregular,1,266,225,41,160,106,65,0.6015037593984962,0.7111111111111111,1.1822222222222223,0.6517311608961303
5,7,regular,2,1239,1230,9,1211,28,19,0.9774011299435028,0.9845528455284552,1.0073170731707317,0.9809639530174158
5,7,semiregular,2,728,761,33,651,77,110,0.8942307692307693,0.8554533508541393,0.9566360052562418,0.8744123572867697
5,7,irregular,2,226,225,1,176,50,49,0.7787610619469026,0.7822222222222223,1.0044444444444445,0.7804878048780488
5,7,regular,3,1245,1230,15,1225,20,5,0.9839357429718876,0.9959349593495935,1.0121951219512195,0.98989898989899
5,7,semiregular,3,778,761,17,678,100,83,0.87146529562982,0.8909329829172142,1.0223390275952693,0.8810916179337231
5,7,irregular,3,214,225,11,170,44,55,0.794392523364486,0.7555555555555555,0.9511111111111111,0.7744874715261959
5,8,regular,1,1020,1035,15,1010,10,25,0.9901960784313726,0.9758454106280193,0.9855072463768116,0.9829683698296837
5,8,semiregular,1,808,827,19,732,76,95,0.905940594059406,0.8851269649334945,0.9770253929866989,0.8954128440366973
5,8,irregular,1,260,243,17,155,105,88,0.5961538461538461,0.6378600823045267,1.0699588477366255,0.6163021868787276
5,8,regular,2,1048,1035,13,1027,21,8,0.9799618320610687,0.9922705314009662,1.01256038647343,0.986077772443591
5,8,semiregular,2,819,827,8,747,72,80,0.9120879120879121,0.9032648125755743,0.9903264812575574,0.907654921020656
5,8,irregular,2,232,243,11,174,58,69,0.75,0.7160493827160493,0.9547325102880658,0.7326315789473683
5,8,regular,3,1049,1035,14,1030,19,5,0.9818875119161106,0.9951690821256038,1.0135265700483091,0.9884836852207294
5,8,semiregular,3,853,827,26,773,80,54,0.9062133645955451,0.9347037484885127,1.0314389359129383,0.9202380952380952
5,8,irregular,3,236,243,7,167,69,76,0.7076271186440678,0.6872427983539094,0.9711934156378601,0.697286012526096
5,9,regular,1,1099,1107,8,1090,9,17,0.991810737033667,0.9846431797651309,0.992773261065944,0.9882139619220307
5,9,semiregular,1,646,701,55,606,40,95,0.9380804953560371,0.8644793152639088,0.9215406562054208,0.8997772828507795
5,9,irregular,1,253,266,13,161,92,105,0.6363636363636364,0.6052631578947368,0.9511278195488722,0.6204238921001927
5,9,regular,2,1117,1107,10,1099,18,8,0.9838854073410922,0.992773261065944,1.00903342366757,0.9883093525179856
5,9,semiregular,2,605,701,96,570,35,131,0.9421487603305785,0.8131241084165478,0.8630527817403709,0.8728943338437978
5,9,irregular,2,263,266,3,206,57,60,0.7832699619771863,0.7744360902255639,0.9887218045112782,0.7788279773156901
5,9,regular,3,1106,1107,1,1100,6,7,0.9945750452079566,0.993676603432701,0.999096657633243,0.9941256213285133
5,9,semiregular,3,707,701,6,668,39,33,0.9448373408769448,0.9529243937232525,1.0085592011412268,0.9488636363636364
5,9,irregular,3,249,266,17,200,49,66,0.8032128514056225,0.7518796992481203,0.9360902255639098,0.7766990291262136
5,10,regular,1,1019,1014,5,1005,14,9,0.9862610402355251,0.9911242603550295,1.004930966469428,0.9886866699458927
5,10,semiregular,1,657,656,1,596,61,60,0.9071537290715372,0.9085365853658537,1.0015243902439024,0.9078446306169079
5,10,irregular,1,251,247,4,189,62,58,0.7529880478087649,0.7651821862348178,1.0161943319838056,0.7590361445783133
5,10,regular,2,1037,1014,23,1004,33,10,0.9681774349083896,0.9901380670611439,1.0226824457593688,0.9790346172598732
5,10,semiregular,2,682,656,26,599,83,57,0.8782991202346041,0.913109756097561,1.0396341463414633,0.8953662182361734
5,10,irregular,2,247,247,0,206,41,41,0.8340080971659919,0.8340080971659919,1.0,0.8340080971659919
5,10,regular,3,1034,1014,20,1012,22,2,0.9787234042553191,0.9980276134122288,1.0197238658777121,0.9882812499999999
5,10,semiregular,3,672,656,16,614,58,42,0.9136904761904762,0.9359756097560976,1.024390243902439,0.9246987951807228
5,10,irregular,3,233,247,14,192,41,55,0.8240343347639485,0.7773279352226721,0.9433198380566802,0.8
5,11,regular,1,1068,1070,2,1059,9,11,0.9915730337078652,0.9897196261682243,0.9981308411214953,0.990645463049579
5,11,semiregular,1,697,700,3,616,81,84,0.8837876614060258,0.88,0.9957142857142857,0.8818897637795275
5,11,irregular,1,242,239,3,162,80,77,0.6694214876033058,0.6778242677824268,1.0125523012552302,0.6735966735966735
5,11,regular,2,1086,1070,16,1069,17,1,0.9843462246777164,0.9990654205607477,1.0149532710280373,0.9916512059369201
5,11,semiregular,2,690,700,10,619,71,81,0.8971014492753623,0.8842857142857142,0.9857142857142858,0.8906474820143884
5,11,irregular,2,230,239,9,182,48,57,0.7913043478260869,0.7615062761506276,0.9623430962343096,0.7761194029850746
5,11,regular,3,1076,1070,6,1069,7,1,0.9934944237918215,0.9990654205607477,1.005607476635514,0.9962721342031687
5,11,semiregular,3,709,700,9,643,66,57,0.9069111424541608,0.9185714285714286,1.012857142857143,0.9127040454222852
5,11,irregular,3,220,239,19,175,45,64,0.7954545454545454,0.7322175732217573,0.9205020920502092,0.7625272331154683
5,12,regular,1,1009,1007,2,1005,4,2,0.9960356788899901,0.9980139026812314,1.0019860973187686,0.9970238095238095
5,12,semiregular,1,687,641,46,583,104,58,0.8486171761280932,0.9095163806552262,1.0717628705148206,0.8780120481927711
5,12,irregular,1,287,204,83,177,110,27,0.6167247386759582,0.8676470588235294,1.4068627450980393,0.7209775967413442
5,12,regular,2,1057,1007,50,1007,50,0,0.9526963103122044,1.0,1.0496524329692154,0.9757751937984496
5,12,semiregular,2,650,641,9,563,87,78,0.8661538461538462,0.8783151326053042,1.0140405616224648,0.8721920991479473
5,12,irregular,2,232,204,28,160,72,44,0.6896551724137931,0.7843137254901961,1.1372549019607843,0.7339449541284404
5,12,regular,3,1021,1007,14,1007,14,0,0.9862879529872673,1.0,1.0139026812313803,0.9930966469428009
5,12,semiregular,3,653,641,12,572,81,69,0.8759571209800919,0.8923556942277691,1.0187207488299532,0.884080370942813
5,12,irregular,3,215,204,11,160,55,44,0.7441860465116279,0.7843137254901961,1.053921568627451,0.7637231503579953
5,13,regular,1,978,1000,22,976,2,24,0.9979550102249489,0.976,0.978,0.98685540950455
5,13,semiregular,1,831,815,16,754,77,61,0.9073405535499398,0.9251533742331288,1.019631901840491,0.9161603888213853
5,13,irregular,1,272,216,56,165,107,51,0.6066176470588235,0.7638888888888888,1.2592592592592593,0.6762295081967213
5,13,regular,2,1027,1000,27,1000,27,0,0.9737098344693281,1.0,1.027,0.9866798223976319
5,13,semiregular,2,836,815,21,766,70,49,0.916267942583732,0.939877300613497,1.0257668711656442,0.9279224712295578
5,13,irregular,2,239,216,23,179,60,37,0.7489539748953975,0.8287037037037037,1.1064814814814814,0.7868131868131869
5,13,regular,3,1008,1000,8,997,11,3,0.9890873015873016,0.997,1.008,0.993027888446215
5,13,semiregular,3,833,815,18,770,63,45,0.9243697478991597,0.9447852760736196,1.0220858895705522,0.9344660194174756
5,13,irregular,3,215,216,1,176,39,40,0.8186046511627907,0.8148148148148148,0.9953703703703703,0.8167053364269142
5,14,regular,1,1047,1052,5,1045,2,7,0.9980897803247374,0.9933460076045627,0.9952471482889734,0.9957122439256788
5,14,semiregular,1,844,913,69,781,63,132,0.9253554502369669,0.8554216867469879,0.9244249726177437,0.8890153671030165
5,14,irregular,1,245,217,28,163,82,54,0.6653061224489796,0.7511520737327189,1.1290322580645162,0.7056277056277056
5,14,regular,2,1027,1052,25,1017,10,35,0.9902629016553067,0.9667300380228137,0.9762357414448669,0.9783549783549784
5,14,semiregular,2,874,913,39,813,61,100,0.9302059496567505,0.8904709748083242,0.9572836801752465,0.9099048684946838
5,14,irregular,2,235,217,18,174,61,43,0.7404255319148936,0.8018433179723502,1.0829493087557605,0.7699115044247788
5,14,regular,3,1070,1052,18,1048,22,4,0.9794392523364486,0.9961977186311787,1.0171102661596958,0.9877474081055607
5,14,semiregular,3,911,913,2,848,63,65,0.9308452250274424,0.9288061336254108,0.9978094194961665,0.9298245614035088
5,14,irregular,3,194,217,23,159,35,58,0.8195876288659794,0.7327188940092166,0.8940092165898618,0.7737226277372262
5,15,regular,1,976,964,12,963,13,1,0.9866803278688525,0.9989626556016598,1.012448132780083,0.9927835051546392
5,15,semiregular,1,765,774,9,702,63,72,0.9176470588235294,0.9069767441860465,0.9883720930232558,0.9122807017543859
5,15,irregular,1,234,218,16,181,53,37,0.7735042735042735,0.8302752293577982,1.073394495412844,0.8008849557522124
5,15,regular,2,965,964,1,954,11,10,0.9886010362694301,0.9896265560165975,1.0010373443983402,0.989113530326594
5,15,semiregular,2,766,774,8,706,60,68,0.9216710182767625,0.9121447028423773,0.9896640826873385,0.916883116883117
5,15,irregular,2,216,218,2,174,42,44,0.8055555555555556,0.7981651376146789,0.9908256880733946,0.8018433179723502
5,15,regular,3,971,964,7,962,9,2,0.9907312049433573,0.9979253112033195,1.0072614107883817,0.9943152454780362
5,15,semiregular,3,771,774,3,711,60,63,0.9221789883268483,0.9186046511627907,0.9961240310077519,0.920388349514563
5,15,irregular,3,210,218,8,174,36,44,0.8285714285714286,0.7981651376146789,0.963302752293578,0.8130841121495327
5,16,regular,1,1126,1109,17,1107,19,2,0.9831261101243339,0.9981965734896303,1.0153291253381425,0.9906040268456376
5,16,semiregular,1,646,681,35,569,77,112,0.8808049535603715,0.8355359765051396,0.9486049926578561,0.8575734740015072
5,16,irregular,1,257,272,15,166,91,106,0.6459143968871596,0.6102941176470589,0.9448529411764706,0.6275992438563328
5,16,regular,2,1143,1109,34,1109,34,0,0.9702537182852143,1.0,1.030658250676285,0.9849023090586145
5,16,semiregular,2,660,681,21,592,68,89,0.896969696969697,0.869309838472834,0.9691629955947136,0.8829231916480237
5,16,irregular,2,273,272,1,206,67,66,0.7545787545787546,0.7573529411764706,1.0036764705882353,0.7559633027522935
5,16,regular,3,1128,1109,19,1106,22,3,0.9804964539007093,0.9972948602344455,1.0171325518485121,0.9888243182834153
5,16,semiregular,3,686,681,5,616,70,65,0.8979591836734694,0.9045521292217328,1.0073421439060206,0.9012435991221653
5,16,irregular,3,242,272,30,199,43,73,0.8223140495867769,0.7316176470588235,0.8897058823529411,0.77431906614786
5,17,regular,1,1045,1029,16,1028,17,1,0.9837320574162679,0.9990281827016521,1.0155490767735667,0.9913211186113788
5,17,semiregular,1,835,837,2,746,89,91,0.8934131736526946,0.8912783751493429,0.997610513739546,0.8923444976076554
5,17,irregular,1,268,240,28,164,104,76,0.6119402985074627,0.6833333333333333,1.1166666666666667,0.6456692913385826
5,17,regular,2,1032,1029,3,1018,14,11,0.9864341085271318,0.989310009718173,1.0029154518950438,0.9878699660359048
5,17,semiregular,2,872,837,35,788,84,49,0.9036697247706422,0.9414575866188769,1.041816009557945,0.9221767115272088
5,17,irregular,2,283,240,43,186,97,54,0.657243816254417,0.775,1.1791666666666667,0.7112810707456978
5,17,regular,3,1048,1029,19,1027,21,2,0.9799618320610687,0.9980563654033042,1.0184645286686103,0.9889263360616274
5,17,semiregular,3,852,837,15,780,72,57,0.9154929577464789,0.931899641577061,1.017921146953405,0.9236234458259325
5,17,irregular,3,235,240,5,184,51,56,0.7829787234042553,0.7666666666666667,0.9791666666666666,0.7747368421052632
5,18,regular,1,1051,1044,7,1038,13,6,0.9876308277830638,0.9942528735632183,1.0067049808429118,0.9909307875894987
5,18,semiregular,1,794,801,7,735,59,66,0.9256926952141058,0.9176029962546817,0.9912609238451935,0.9216300940438872
5,18,irregular,1,286,252,34,199,87,53,0.6958041958041958,0.7896825396825397,1.1349206349206349,0.7397769516728625
5,18,regular,2,1057,1044,13,1039,18,5,0.9829706717123936,0.9952107279693486,1.0124521072796935,0.9890528319847691
5,18,semiregular,2,791,801,10,740,51,61,0.9355246523388117,0.9238451935081149,0.9875156054931336,0.9296482412060302
5,18,irregular,2,280,252,28,208,72,44,0.7428571428571429,0.8253968253968254,1.1111111111111112,0.7819548872180451
5,18,regular,3,1057,1044,13,1042,15,2,0.9858088930936613,0.9980842911877394,1.0124521072796935,0.9919086149452642
5,18,semiregular,3,826,801,25,767,59,34,0.9285714285714286,0.9575530586766542,1.0312109862671661,0.942839582052858
5,18,irregular,3,249,252,3,202,47,50,0.8112449799196787,0.8015873015873016,0.9880952380952381,0.8063872255489022
5,19,regular,1,1060,1076,16,1051,9,25,0.9915094339622641,0.9767657992565055,0.9851301115241635,0.9840823970037453
5,19,semiregular,1,721,753,32,667,54,86,0.9251040221914009,0.8857901726427623,0.9575033200531209,0.9050203527815468
5,19,irregular,1,282,245,37,183,99,62,0.648936170212766,0.746938775510204,1.1510204081632653,0.6944971537001897
5,19,regular,2,1122,1076,46,1072,50,4,0.9554367201426025,0.9962825278810409,1.0427509293680297,0.9754322111010009
5,19,semiregular,2,707,753,46,661,46,92,0.9349363507779349,0.8778220451527224,0.9389110225763613,0.9054794520547946
5,19,irregular,2,264,245,19,191,73,54,0.7234848484848485,0.7795918367346939,1.0775510204081633,0.75049115913556
5,19,regular,3,1081,1076,5,1071,10,5,0.9907493061979649,0.9953531598513011,1.004646840148699,0.9930458970792767
5,19,semiregular,3,746,753,7,692,54,61,0.9276139410187667,0.9189907038512616,0.9907038512616202,0.923282188125417
5,19,irregular,3,229,245,16,178,51,67,0.777292576419214,0.726530612244898,0.9346938775510204,0.7510548523206751
5,20,regular,1,1208,1251,43,1203,5,48,0.9958609271523179,0.9616306954436451,0.9656274980015987,0.9784465229768199
5,20,semiregular,1,856,841,15,757,99,84,0.8843457943925234,0.9001189060642093,1.0178359096313911,0.892162639952858
5,20,irregular,1,303,252,51,184,119,68,0.6072607260726073,0.7301587301587301,1.2023809523809523,0.6630630630630632
5,20,regular,2,1270,1251,19,1241,29,10,0.9771653543307086,0.9920063948840927,1.0151878497202238,0.9845299484331614
5,20,semiregular,2,812,841,29,721,91,120,0.8879310344827587,0.8573127229488704,0.9655172413793104,0.8723532970356928
5,20,irregular,2,254,252,2,198,56,54,0.7795275590551181,0.7857142857142857,1.007936507936508,0.782608695652174
5,20,regular,3,1243,1251,8,1238,5,13,0.99597747385358,0.9896083133493205,0.9936051159072742,0.9927826784282276
5,20,semiregular,3,856,841,15,756,100,85,0.883177570093458,0.8989298454221165,1.0178359096313911,0.8909840895698291
5,20,irregular,3,240,252,12,188,52,64,0.7833333333333333,0.746031746031746,0.9523809523809523,0.7642276422764228
5,21,regular,1,936,920,16,918,18,2,0.9807692307692307,0.9978260869565218,1.017391304347826,0.9892241379310345
5,21,semiregular,1,555,549,6,472,83,77,0.8504504504504504,0.8597449908925319,1.010928961748634,0.855072463768116
5,21,irregular,1,257,204,53,173,84,31,0.6731517509727627,0.8480392156862745,1.2598039215686274,0.7505422993492409
5,21,regular,2,935,920,15,911,24,9,0.9743315508021391,0.9902173913043478,1.016304347826087,0.9822102425876011
5,21,semiregular,2,594,549,45,490,104,59,0.8249158249158249,0.8925318761384335,1.0819672131147542,0.8573928258967628
5,21,irregular,2,214,204,10,166,48,38,0.7757009345794392,0.8137254901960784,1.0490196078431373,0.7942583732057417
5,21,regular,3,932,920,12,919,13,1,0.9860515021459227,0.9989130434782608,1.0130434782608695,0.9924406047516199
5,21,semiregular,3,583,549,34,494,89,55,0.8473413379073756,0.8998178506375227,1.0619307832422586,0.8727915194346291
5,21,irregular,3,194,204,10,160,34,44,0.8247422680412371,0.7843137254901961,0.9509803921568627,0.8040201005025125
5,22,regular,1,970,946,24,944,26,2,0.9731958762886598,0.9978858350951374,1.025369978858351,0.9853862212943634
5,22,semiregular,1,694,703,9,624,70,79,0.899135446685879,0.887624466571835,0.9871977240398293,0.8933428775948461
5,22,irregular,1,235,247,12,167,68,80,0.7106382978723405,0.6761133603238867,0.951417004048583,0.6929460580912863
5,22,regular,2,989,946,43,946,43,0,0.9565217391304348,1.0,1.0454545454545454,0.9777777777777777
5,22,semiregular,2,700,703,3,632,68,71,0.9028571428571428,0.89900426742532,0.9957325746799431,0.9009265858873842
5,22,irregular,2,236,247,11,181,55,66,0.7669491525423728,0.7327935222672065,0.9554655870445344,0.7494824016563147
5,22,regular,3,960,946,14,944,16,2,0.9833333333333333,0.9978858350951374,1.014799154334038,0.9905561385099685
5,22,semiregular,3,710,703,7,645,65,58,0.9084507042253521,0.9174964438122333,1.0099573257467995,0.9129511677282378
5,22,irregular,3,241,247,6,184,57,63,0.7634854771784232,0.7449392712550608,0.9757085020242915,0.7540983606557378
5,23,regular,1,972,999,27,960,12,39,0.9876543209876543,0.960960960960961,0.972972972972973,0.974124809741248
5,23,semiregular,1,850,835,15,754,96,81,0.8870588235294118,0.9029940119760479,1.0179640718562875,0.8949554896142433
5,23,irregular,1,258,266,8,167,91,99,0.6472868217054264,0.6278195488721805,0.9699248120300752,0.6374045801526718
5,23,regular,2,994,999,5,976,18,23,0.9818913480885312,0.9769769769769769,0.994994994994995,0.9794279979929754
5,23,semiregular,2,839,835,4,755,84,80,0.899880810488677,0.9041916167664671,1.0047904191616766,0.9020310633213858
5,23,irregular,2,271,266,5,197,74,69,0.7269372693726938,0.7406015037593985,1.018796992481203,0.733705772811918
5,23,regular,3,1019,999,20,996,23,3,0.9774288518155054,0.996996996996997,1.02002002002002,0.9871159563924677
5,23,semiregular,3,872,835,37,785,87,50,0.9002293577981652,0.9401197604790419,1.044311377245509,0.9197422378441712
5,23,irregular,3,258,266,8,190,68,76,0.7364341085271318,0.7142857142857143,0.9699248120300752,0.7251908396946564
5,24,regular,1,1079,1079,0,1065,14,14,0.9870250231696015,0.9870250231696015,1.0,0.9870250231696015
5,24,semiregular,1,660,680,20,606,54,74,0.9181818181818182,0.8911764705882353,0.9705882352941176,0.9044776119402985
5,24,irregular,1,228,247,19,166,62,81,0.7280701754385965,0.6720647773279352,0.9230769230769231,0.6989473684210527
5,24,regular,2,1086,1079,7,1071,15,8,0.9861878453038674,0.9925857275254866,1.0064874884151993,0.9893764434180138
5,24,semiregular,2,662,680,18,619,43,61,0.9350453172205438,0.9102941176470588,0.9735294117647059,0.9225037257824144
5,24,irregular,2,244,247,3,200,44,47,0.819672131147541,0.8097165991902834,0.9878542510121457,0.8146639511201629
5,24,regular,3,1096,1079,17,1078,18,1,0.9835766423357665,0.9990732159406858,1.015755329008341,0.991264367816092
5,24,semiregular,3,686,680,6,638,48,42,0.9300291545189504,0.9382352941176471,1.0088235294117647,0.9341142020497804
5,24,irregular,3,236,247,11,198,38,49,0.8389830508474576,0.8016194331983806,0.9554655870445344,0.8198757763975155
5,25,regular,1,957,946,11,943,14,3,0.9853709508881923,0.9968287526427061,1.0116279069767442,0.9910667367314766
5,25,semiregular,1,670,718,48,601,69,117,0.8970149253731343,0.8370473537604457,0.9331476323119777,0.8659942363112392
5,25,irregular,1,255,207,48,151,104,56,0.592156862745098,0.7294685990338164,1.2318840579710144,0.6536796536796536
5,25,regular,2,921,946,25,911,10,35,0.98914223669924,0.9630021141649049,0.9735729386892178,0.9758971612212104
5,25,semiregular,2,711,718,7,641,70,77,0.9015471167369902,0.8927576601671309,0.9902506963788301,0.8971308607417775
5,25,irregular,2,236,207,29,139,97,68,0.5889830508474576,0.6714975845410628,1.1400966183574879,0.6275395033860045
5,25,regular,3,820,946,126,818,2,128,0.9975609756097561,0.864693446088795,0.8668076109936576,0.9263873159682899
5,25,semiregular,3,642,718,76,585,57,133,0.9112149532710281,0.8147632311977716,0.8941504178272981,0.8602941176470589
5,25,irregular,3,199,207,8,128,71,79,0.6432160804020101,0.6183574879227053,0.961352657004831,0.6305418719211823
5,26,regular,1,925,985,60,904,21,81,0.9772972972972973,0.917766497461929,0.9390862944162437,0.9465968586387434
5,26,semiregular,1,737,720,17,645,92,75,0.8751696065128901,0.8958333333333334,1.023611111111111,0.8853809196980096
5,26,irregular,1,330,214,116,184,146,30,0.5575757575757576,0.8598130841121495,1.5420560747663552,0.676470588235294
5,26,regular,2,347,985,638,345,2,640,0.9942363112391931,0.350253807106599,0.3522842639593909,0.5180180180180181
5,26,semiregular,2,487,720,233,410,77,310,0.8418891170431212,0.5694444444444444,0.6763888888888889,0.6793703396851698
5,26,irregular,2,248,214,34,155,93,59,0.625,0.7242990654205608,1.158878504672897,0.670995670995671
5,26,regular,3,1084,985,99,983,101,2,0.9068265682656826,0.9979695431472081,1.100507614213198,0.9502174963750605
5,26,semiregular,3,789,720,69,679,110,41,0.8605830164765526,0.9430555555555555,1.0958333333333334,0.8999337309476473
5,26,irregular,3,257,214,43,170,87,44,0.6614785992217899,0.794392523364486,1.2009345794392523,0.721868365180467
5,27,regular,1,1134,1166,32,1115,19,51,0.9832451499118166,0.9562607204116638,0.9725557461406518,0.9695652173913043
5,27,semiregular,1,631,728,97,564,67,164,0.8938193343898574,0.7747252747252747,0.8667582417582418,0.8300220750551877
5,27,irregular,1,259,270,11,170,89,100,0.6563706563706564,0.6296296296296297,0.9592592592592593,0.6427221172022685
5,27,regular,2,1095,1166,71,1081,14,85,0.9872146118721461,0.9271012006861064,0.9391080617495712,0.9562140645731977
5,27,semiregular,2,710,728,18,645,65,83,0.9084507042253521,0.885989010989011,0.9752747252747253,0.8970792767732962
5,27,irregular,2,276,270,6,215,61,55,0.7789855072463768,0.7962962962962963,1.0222222222222221,0.7875457875457874
5,27,regular,3,1186,1166,20,1165,21,1,0.9822934232715008,0.9991423670668954,1.0171526586620927,0.9906462585034014
5,27,semiregular,3,718,728,10,656,62,72,0.9136490250696379,0.9010989010989011,0.9862637362637363,0.9073305670816045
5,27,irregular,3,252,270,18,206,46,64,0.8174603174603174,0.762962962962963,0.9333333333333333,0.789272030651341
5,28,regular,1,1080,1098,18,1063,17,35,0.9842592592592593,0.9681238615664846,0.9836065573770492,0.9761248852157943
5,28,semiregular,1,861,859,2,777,84,82,0.9024390243902439,0.9045401629802096,1.0023282887077998,0.9034883720930234
5,28,irregular,1,321,293,28,163,158,130,0.5077881619937694,0.5563139931740614,1.0955631399317407,0.530944625407166
5,28,regular,2,1150,1098,52,1098,52,0,0.9547826086956521,1.0,1.04735883424408,0.9768683274021353
5,28,semiregular,2,803,859,56,739,64,120,0.9202988792029888,0.860302677532014,0.9348079161816065,0.8892900120336943
5,28,irregular,2,297,293,4,197,100,96,0.6632996632996633,0.6723549488054608,1.0136518771331058,0.6677966101694915
5,28,regular,3,1102,1098,4,1090,12,8,0.9891107078039928,0.9927140255009107,1.0036429872495447,0.990909090909091
5,28,semiregular,3,824,859,35,771,53,88,0.9356796116504854,0.8975552968568102,0.959254947613504,0.9162210338680927
5,28,irregular,3,269,293,24,181,88,112,0.6728624535315985,0.6177474402730375,0.9180887372013652,0.6441281138790036
5,29,regular,1,1146,1140,6,1134,12,6,0.9895287958115183,0.9947368421052631,1.0052631578947369,0.9921259842519685
5,29,semiregular,1,894,869,25,787,107,82,0.8803131991051454,0.905638665132336,1.0287686996547756,0.8927963698241633
5,29,irregular,1,264,247,17,176,88,71,0.6666666666666666,0.7125506072874493,1.0688259109311742,0.6888454011741683
5,29,regular,2,1055,1140,85,1045,10,95,0.990521327014218,0.9166666666666666,0.9254385964912281,0.9521640091116174
5,29,semiregular,2,911,869,42,797,114,72,0.8748627881448957,0.9171461449942463,1.048331415420023,0.8955056179775281
5,29,irregular,2,284,247,37,190,94,57,0.6690140845070423,0.7692307692307693,1.1497975708502024,0.7156308851224106
5,29,regular,3,1095,1140,45,1092,3,48,0.9972602739726028,0.9578947368421052,0.9605263157894737,0.9771812080536914
5,29,semiregular,3,901,869,32,802,99,67,0.8901220865704772,0.9228998849252014,1.0368239355581128,0.9062146892655367
5,29,irregular,3,249,247,2,196,53,51,0.7871485943775101,0.7935222672064778,1.008097165991903,0.7903225806451614
5,30,regular,1,959,997,38,952,7,45,0.9927007299270073,0.954864593781344,0.9618856569709128,0.9734151329243355
5,30,semiregular,1,788,810,22,718,70,92,0.9111675126903553,0.8864197530864197,0.9728395061728395,0.8986232790988736
5,30,irregular,1,287,250,37,173,114,77,0.6027874564459931,0.692,1.148,0.644320297951583
5,30,regular,2,899,997,98,893,6,104,0.9933259176863182,0.8956870611835507,0.9017051153460381,0.9419831223628692
5,30,semiregular,2,810,810,0,744,66,66,0.9185185185185185,0.9185185185185185,1.0,0.9185185185185185
5,30,irregular,2,250,250,0,189,61,61,0.756,0.756,1.0,0.756
5,30,regular,3,1010,997,13,995,15,2,0.9851485148514851,0.9979939819458375,1.013039117352056,0.9915296462381663
5,30,semiregular,3,831,810,21,764,67,46,0.9193742478941035,0.9432098765432099,1.025925925925926,0.9311395490554539
5,30,irregular,3,247,250,3,182,65,68,0.7368421052631579,0.728,0.988,0.7323943661971831
