Test fold number,Subject,Gait,Sensor,Predicted,Actual,Difference,TP,FP,FN,PPV,Sensitivity,RCA,SDA
1,1,regular,1,945,937,8,928,17,9,0.982010582010582,0.9903948772678762,1.0085378868729988,0.9861849096705633
1,1,semiregular,1,721,703,18,610,111,93,0.8460471567267683,0.8677098150782361,1.0256045519203414,0.8567415730337078
1,1,irregular,1,232,199,33,145,87,54,0.625,0.7286432160804021,1.1658291457286432,0.6728538283062645
1,1,regular,2,1123,937,186,934,189,3,0.8317008014247551,0.9967982924226254,1.1985058697972253,0.9067961165048544
1,1,semiregular,2,818,703,115,661,157,42,0.8080684596577017,0.9402560455192034,1.1635846372688479,0.8691650230111768
1,1,irregular,2,216,199,17,161,55,38,0.7453703703703703,0.8090452261306532,1.085427135678392,0.7759036144578312
1,1,regular,3,940,937,3,932,8,5,0.9914893617021276,0.9946638207043756,1.0032017075773747,0.9930740543420351
1,1,semiregular,3,737,703,34,634,103,69,0.8602442333785617,0.9018492176386913,1.0483641536273116,0.8805555555555555
1,1,irregular,3,198,199,1,153,45,46,0.7727272727272727,0.7688442211055276,0.9949748743718593,0.7707808564231738
1,2,regular,1,1176,1224,48,1165,11,59,0.9906462585034014,0.951797385620915,0.9607843137254902,0.9708333333333333
1,2,semiregular,1,581,647,66,543,38,104,0.9345955249569707,0.839258114374034,0.8979907264296755,0.8843648208469056
1,2,irregular,1,199,217,18,103,96,114,0.5175879396984925,0.47465437788018433,0.9170506912442397,0.4951923076923077
1,2,regular,2,1118,1224,106,1109,9,115,0.9919499105545617,0.9060457516339869,0.9133986928104575,0.9470538001707941
1,2,semiregular,2,598,647,49,563,35,84,0.9414715719063546,0.8701700154559505,0.9242658423493045,0.9044176706827309
1,2,irregular,2,238,217,21,166,72,51,0.6974789915966386,0.7649769585253456,1.096774193548387,0.7296703296703297
1,2,regular,3,1226,1224,2,1211,15,13,0.9877650897226754,0.9893790849673203,1.0016339869281046,0.9885714285714285
1,2,semiregular,3,669,647,22,612,57,35,0.9147982062780269,0.9459041731066461,1.0340030911901081,0.9300911854103344
1,2,irregular,3,232,217,15,180,52,37,0.7758620689655172,0.8294930875576036,1.0691244239631337,0.8017817371937638
1,3,regular,1,1056,1053,3,1044,12,9,0.9886363636363636,0.9914529914529915,1.002849002849003,0.9900426742532006
1,3,semiregular,1,716,716,0,639,77,77,0.8924581005586593,0.8924581005586593,1.0,0.8924581005586593
1,3,irregular,1,246,224,22,156,90,68,0.6341463414634146,0.6964285714285714,1.0982142857142858,0.6638297872340426
1,3,regular,2,1041,1053,12,1025,16,28,0.9846301633045149,0.97340930674264,0.9886039886039886,0.9789875835721108
1,3,semiregular,2,709,716,7,640,69,76,0.9026798307475318,0.8938547486033519,0.9902234636871509,0.8982456140350878
1,3,irregular,2,222,224,2,166,56,58,0.7477477477477478,0.7410714285714286,0.9910714285714286,0.7443946188340808
1,3,regular,3,1046,1053,7,1044,2,9,0.9980879541108987,0.9914529914529915,0.99335232668566,0.9947594092424965
1,3,semiregular,3,712,716,4,638,74,78,0.8960674157303371,0.8910614525139665,0.994413407821229,0.8935574229691877
1,3,irregular,3,220,224,4,167,53,57,0.759090909090909,0.7455357142857143,0.9821428571428571,0.7522522522522523
1,4,regular,1,1154,1101,53,1101,53,0,0.9540727902946274,1.0,1.0481380563124432,0.9764966740576496
1,4,semiregular,1,633,614,19,531,102,83,0.8388625592417062,0.8648208469055375,1.0309446254071661,0.8516439454691259
1,4,irregular,1,225,228,3,132,93,96,0.5866666666666667,0.5789473684210527,0.9868421052631579,0.5827814569536424
1,4,regular,2,1038,1101,63,1031,7,70,0.9932562620423893,0.9364214350590372,0.9427792915531336,0.9640018700327255
1,4,semiregular,2,592,614,22,523,69,91,0.8834459459459459,0.8517915309446255,0.9641693811074918,0.867330016583748
1,4,irregular,2,247,228,19,172,75,56,0.6963562753036437,0.7543859649122807,1.0833333333333333,0.7242105263157895
1,4,regular,3,1102,1101,1,1096,6,5,0.9945553539019963,0.9954586739327884,1.0009082652134422,0.9950068088969588
1,4,semiregular,3,623,614,9,550,73,64,0.8828250401284109,0.8957654723127035,1.014657980456026,0.889248181083266
1,4,irregular,3,218,228,10,166,52,62,0.7614678899082569,0.7280701754385965,0.956140350877193,0.7443946188340809
1,5,regular,1,1060,1044,16,1042,18,2,0.9830188679245283,0.9980842911877394,1.0153256704980842,0.9904942965779467
1,5,semiregular,1,762,668,94,635,127,33,0.8333333333333334,0.9505988023952096,1.1407185628742516,0.8881118881118881
1,5,irregular,1,252,217,35,156,96,61,0.6190476190476191,0.7188940092165899,1.1612903225806452,0.6652452025586354
1,5,regular,2,1073,1044,29,1042,31,2,0.9711090400745573,0.9980842911877394,1.0277777777777777,0.9844119036372224
1,5,semiregular,2,731,668,63,624,107,44,0.853625170998632,0.9341317365269461,1.094311377245509,0.8920657612580415
1,5,irregular,2,238,217,21,172,66,45,0.7226890756302521,0.7926267281105991,1.096774193548387,0.756043956043956
1,5,regular,3,1055,1044,11,1042,13,2,0.9876777251184834,0.9980842911877394,1.010536398467433,0.9928537398761315
1,5,semiregular,3,707,668,39,612,95,56,0.8656294200848657,0.9161676646706587,1.0583832335329342,0.8901818181818182
1,5,irregular,3,225,217,8,172,53,45,0.7644444444444445,0.7926267281105991,1.0368663594470047,0.7782805429864252
1,6,regular,1,980,915,65,914,66,1,0.9326530612244898,0.9989071038251366,1.0710382513661203,0.9646437994722955
1,6,semiregular,1,707,701,6,636,71,65,0.8995756718528995,0.9072753209700428,1.0085592011412268,0.9034090909090908
1,6,irregular,1,237,195,42,125,112,70,0.5274261603375527,0.6410256410256411,1.2153846153846153,0.5787037037037037
1,6,regular,2,1013,915,98,914,99,1,0.9022704837117473,0.9989071038251366,1.107103825136612,0.9481327800829876
1,6,semiregular,2,730,701,29,653,77,48,0.8945205479452055,0.9315263908701854,1.0413694721825963,0.9126484975541579
1,6,irregular,2,229,195,34,138,91,57,0.6026200873362445,0.7076923076923077,1.1743589743589744,0.6509433962264151
1,6,regular,3,911,915,4,907,4,8,0.995609220636663,0.9912568306010929,0.9956284153005465,0.9934282584884996
1,6,semiregular,3,726,701,25,658,68,43,0.90633608815427,0.9386590584878745,1.035663338088445,0.9222144358794674
1,6,irregular,3,211,195,16,152,59,43,0.7203791469194313,0.7794871794871795,1.082051282051282,0.7487684729064039
1,7,regular,1,1212,1230,18,1199,13,31,0.9892739273927392,0.9747967479674797,0.9853658536585366,0.981981981981982
1,7,semiregular,1,774,761,13,671,103,90,0.8669250645994832,0.8817345597897503,1.0170827858081473,0.8742671009771986
1,7,irregular,1,250,225,25,143,107,82,0.572,0.6355555555555555,1.1111111111111112,0.6021052631578947
1,7,regular,2,1253,1230,23,1227,26,3,0.9792498004788508,0.9975609756097561,1.01869918699187,0.9883205799436167
1,7,semiregular,2,743,761,18,658,85,103,0.8855989232839838,0.8646517739816032,0.9763469119579501,0.8750000000000001
1,7,irregular,2,233,225,8,168,65,57,0.721030042918455,0.7466666666666667,1.0355555555555556,0.7336244541484717
1,7,regular,3,1233,1230,3,1224,9,6,0.9927007299270073,0.9951219512195122,1.002439024390244,0.9939098660170523
1,7,semiregular,3,763,761,2,666,97,95,0.872870249017038,0.8751642575558476,1.002628120893561,0.8740157480314962
1,7,irregular,3,218,225,7,172,46,53,0.7889908256880734,0.7644444444444445,0.9688888888888889,0.7765237020316027
1,8,regular,1,1066,1035,31,1026,40,9,0.9624765478424016,0.991304347826087,1.029951690821256,0.9766777724892909
1,8,semiregular,1,850,827,23,756,94,71,0.8894117647058823,0.9141475211608222,1.0278113663845223,0.9016100178890877
1,8,irregular,1,268,243,25,162,106,81,0.6044776119402985,0.6666666666666666,1.102880658436214,0.6340508806262231
1,8,regular,2,1078,1035,43,1022,56,13,0.948051948051948,0.9874396135265701,1.0415458937198068,0.9673450070989115
1,8,semiregular,2,816,827,11,747,69,80,0.9154411764705882,0.9032648125755743,0.9866989117291415,0.9093122337188071
1,8,irregular,2,252,243,9,177,75,66,0.7023809523809523,0.7283950617283951,1.037037037037037,0.7151515151515152
1,8,regular,3,1041,1035,6,1029,12,6,0.9884726224783862,0.9942028985507246,1.0057971014492753,0.9913294797687862
1,8,semiregular,3,846,827,19,765,81,62,0.9042553191489362,0.9250302297460702,1.022974607013301,0.9145248057381948
1,8,irregular,3,248,243,5,174,74,69,0.7016129032258065,0.7160493827160493,1.0205761316872428,0.7087576374745417
1,9,regular,1,1111,1107,4,1099,12,8,0.9891989198919892,0.992773261065944,1.003613369467028,0.9909828674481514
1,9,semiregular,1,667,701,34,624,43,77,0.9355322338830585,0.8901569186875892,0.9514978601997147,0.912280701754386
1,9,irregular,1,260,266,6,168,92,98,0.6461538461538462,0.631578947368421,0.9774436090225563,0.6387832699619771
1,9,regular,2,1090,1107,17,1077,13,30,0.9880733944954129,0.9728997289972899,0.9846431797651309,0.9804278561675012
1,9,semiregular,2,638,701,63,602,36,99,0.9435736677115988,0.8587731811697575,0.9101283880171184,0.8991784914115012
1,9,irregular,2,276,266,10,205,71,61,0.7427536231884058,0.7706766917293233,1.037593984962406,0.7564575645756458
1,9,regular,3,1100,1107,7,1096,4,11,0.9963636363636363,0.990063233965673,0.993676603432701,0.9932034435885817
1,9,semiregular,3,707,701,6,655,52,46,0.9264497878359265,0.9343794579172611,1.0085592011412268,0.9303977272727273
1,9,irregular,3,256,266,10,200,56,66,0.78125,0.7518796992481203,0.9624060150375939,0.7662835249042145
1,10,regular,1,1013,1014,1,995,18,19,0.9822309970384995,0.9812623274161736,0.9990138067061144,0.9817464232856438
1,10,semiregular,1,682,656,26,606,76,50,0.8885630498533724,0.9237804878048781,1.0396341463414633,0.9058295964125561
1,10,irregular,1,240,247,7,179,61,68,0.7458333333333333,0.7246963562753036,0.97165991902834,0.7351129363449693
1,10,regular,2,1018,1014,4,996,22,18,0.9783889980353635,0.9822485207100592,1.0039447731755424,0.9803149606299213
1,10,semiregular,2,664,656,8,602,62,54,0.9066265060240963,0.9176829268292683,1.0121951219512195,0.9121212121212121
1,10,irregular,2,234,247,13,182,52,65,0.7777777777777778,0.7368421052631579,0.9473684210526315,0.7567567567567567
1,10,regular,3,1026,1014,12,1010,16,4,0.9844054580896686,0.9960552268244576,1.0118343195266273,0.9901960784313726
1,10,semiregular,3,670,656,14,606,64,50,0.9044776119402985,0.9237804878048781,1.021341463414634,0.914027149321267
1,10,irregular,3,248,247,1,196,52,51,0.7903225806451613,0.7935222672064778,1.0040485829959513,0.7919191919191919
1,11,regular,1,1104,1070,34,1063,41,7,0.9628623188405797,0.9934579439252337,1.0317757009345794,0.9779208831646735
1,11,semiregular,1,745,700,45,648,97,52,0.8697986577181208,0.9257142857142857,1.0642857142857143,0.896885813148789
1,11,irregular,1,262,239,23,178,84,61,0.6793893129770993,0.7447698744769874,1.096234309623431,0.7105788423153693
1,11,regular,2,1121,1070,51,1069,52,1,0.9536128456735058,0.9990654205607477,1.047663551401869,0.9758101323596532
1,11,semiregular,2,701,700,1,622,79,78,0.8873038516405135,0.8885714285714286,1.0014285714285713,0.8879371877230549
1,11,irregular,2,223,239,16,166,57,73,0.7443946188340808,0.694560669456067,0.9330543933054394,0.7186147186147186
1,11,regular,3,1069,1070,1,1065,4,5,0.9962581852198317,0.9953271028037384,0.9990654205607477,0.9957924263674615
1,11,semiregular,3,704,700,4,623,81,77,0.8849431818181818,0.89,1.0057142857142858,0.8874643874643875
1,11,irregular,3,225,239,14,175,50,64,0.7777777777777778,0.7322175732217573,0.9414225941422594,0.7543103448275861
1,12,regular,1,1037,1007,30,1007,30,0,0.9710703953712633,1.0,1.0297914597815292,0.9853228962818004
1,12,semiregular,1,712,641,71,602,110,39,0.8455056179775281,0.9391575663026521,1.110764430577223,0.8898743532889875
1,12,irregular,1,282,204,78,173,109,31,0.6134751773049646,0.8480392156862745,1.3823529411764706,0.7119341563786009
1,12,regular,2,1054,1007,47,1007,47,0,0.9554079696394687,1.0,1.0466732869910627,0.9771955361475012
1,12,semiregular,2,663,641,22,574,89,67,0.8657616892911011,0.8954758190327613,1.034321372854914,0.8803680981595091
1,12,irregular,2,269,204,65,171,98,33,0.6356877323420075,0.8382352941176471,1.3186274509803921,0.7230443974630021
1,12,regular,3,1019,1007,12,1007,12,0,0.9882237487733072,1.0,1.0119165839126116,0.9940769990128332
1,12,semiregular,3,651,641,10,555,96,86,0.8525345622119815,0.8658346333853354,1.015600624024961,0.8591331269349844
1,12,irregular,3,222,204,18,163,59,41,0.7342342342342343,0.7990196078431373,1.088235294117647,0.7652582159624414
1,13,regular,1,1015,1000,15,993,22,7,0.9783251231527094,0.993,1.015,0.9856079404466501
1,13,semiregular,1,873,815,58,779,94,36,0.8923253150057274,0.9558282208588957,1.0711656441717792,0.9229857819905214
1,13,irregular,1,309,216,93,176,133,40,0.56957928802589,0.8148148148148148,1.4305555555555556,0.6704761904761904
1,13,regular,2,1005,1000,5,993,12,7,0.9880597014925373,0.993,1.005,0.9905236907730673
1,13,semiregular,2,820,815,5,758,62,57,0.9243902439024391,0.9300613496932515,1.0061349693251533,0.9272171253822631
1,13,irregular,2,281,216,65,185,96,31,0.6583629893238434,0.8564814814814815,1.3009259259259258,0.744466800804829
1,13,regular,3,1001,1000,1,996,5,4,0.995004995004995,0.996,1.001,0.9955022488755622
1,13,semiregular,3,818,815,3,761,57,54,0.9303178484107579,0.9337423312883436,1.003680981595092,0.9320269442743416
1,13,irregular,3,215,216,1,167,48,49,0.7767441860465116,0.7731481481481481,0.9953703703703703,0.7749419953596288
1,14,regular,1,1052,1052,0,1046,6,6,0.9942965779467681,0.9942965779467681,1.0,0.9942965779467681
1,14,semiregular,1,899,913,14,832,67,81,0.9254727474972191,0.9112814895947426,0.9846659364731654,0.9183222958057395
1,14,irregular,1,227,217,10,154,73,63,0.6784140969162996,0.7096774193548387,1.0460829493087558,0.6936936936936937
1,14,regular,2,1024,1052,28,1016,8,36,0.9921875,0.9657794676806084,0.973384030418251,0.9788053949903661
1,14,semiregular,2,892,913,21,828,64,85,0.9282511210762332,0.9069003285870756,0.976998904709748,0.9174515235457064
1,14,irregular,2,249,217,32,173,76,44,0.6947791164658634,0.7972350230414746,1.1474654377880185,0.742489270386266
1,14,regular,3,1055,1052,3,1049,6,3,0.9943127962085309,0.997148288973384,1.002851711026616,0.9957285239677266
1,14,semiregular,3,902,913,11,838,64,75,0.9290465631929047,0.9178532311062432,0.9879518072289156,0.9234159779614325
1,14,irregular,3,211,217,6,161,50,56,0.7630331753554502,0.7419354838709677,0.9723502304147466,0.7523364485981308
1,15,regular,1,1013,964,49,964,49,0,0.9516288252714709,1.0,1.0508298755186722,0.9752149721800708
1,15,semiregular,1,815,774,41,738,77,36,0.905521472392638,0.9534883720930233,1.0529715762273901,0.9288860918816866
1,15,irregular,1,223,218,5,174,49,44,0.7802690582959642,0.7981651376146789,1.0229357798165137,0.7891156462585035
1,15,regular,2,1008,964,44,962,46,2,0.9543650793650794,0.9979253112033195,1.045643153526971,0.9756592292089249
1,15,semiregular,2,760,774,14,700,60,74,0.9210526315789473,0.9043927648578811,0.9819121447028424,0.9126466753585397
1,15,irregular,2,233,218,15,186,47,32,0.7982832618025751,0.8532110091743119,1.0688073394495412,0.8248337028824833
1,15,regular,3,968,964,4,962,6,2,0.993801652892562,0.9979253112033195,1.004149377593361,0.9958592132505175
1,15,semiregular,3,754,774,20,694,60,80,0.9204244031830239,0.896640826873385,0.9741602067183462,0.9083769633507852
1,15,irregular,3,215,218,3,171,44,47,0.7953488372093023,0.7844036697247706,0.9862385321100917,0.7898383371824479
1,16,regular,1,1103,1109,6,1088,15,21,0.986400725294651,0.9810640216411182,0.9945897204688909,0.9837251356238699
1,16,semiregular,1,696,681,15,601,95,80,0.8635057471264368,0.882525697503671,1.0220264317180616,0.8729121278140887
1,16,irregular,1,319,272,47,180,139,92,0.5642633228840125,0.6617647058823529,1.1727941176470589,0.6091370558375634
1,16,regular,2,1140,1109,31,1109,31,0,0.9728070175438597,1.0,1.0279531109107305,0.9862160960426857
1,16,semiregular,2,669,681,12,598,71,83,0.8938714499252616,0.8781204111600588,0.9823788546255506,0.885925925925926
1,16,irregular,2,289,272,17,203,86,69,0.7024221453287197,0.7463235294117647,1.0625,0.7237076648841354
1,16,regular,3,1114,1109,5,1106,8,3,0.992818671454219,0.9972948602344455,1.0045085662759243,0.9950517318938371
1,16,semiregular,3,673,681,8,600,73,81,0.8915304606240714,0.8810572687224669,0.9882525697503671,0.8862629246676513
1,16,irregular,3,240,272,32,193,47,79,0.8041666666666667,0.7095588235294118,0.8823529411764706,0.7539062500000001
1,17,regular,1,1074,1029,45,1029,45,0,0.9581005586592178,1.0,1.043731778425656,0.9786019971469329
1,17,semiregular,1,849,837,12,765,84,72,0.901060070671378,0.9139784946236559,1.014336917562724,0.907473309608541
1,17,irregular,1,303,240,63,154,149,86,0.5082508250825083,0.6416666666666667,1.2625,0.567219152854512
1,17,regular,2,1083,1029,54,1028,55,1,0.9492151431209603,0.9990281827016521,1.0524781341107872,0.9734848484848485
1,17,semiregular,2,845,837,8,771,74,66,0.9124260355029585,0.921146953405018,1.009557945041816,0.9167657550535078
1,17,irregular,2,288,240,48,183,105,57,0.6354166666666666,0.7625,1.2,0.6931818181818181
1,17,regular,3,1038,1029,9,1027,11,2,0.9894026974951831,0.9980563654033042,1.0087463556851313,0.9937106918238995
1,17,semiregular,3,834,837,3,764,70,73,0.9160671462829736,0.9127837514934289,0.996415770609319,0.91442250149611
1,17,irregular,3,241,240,1,174,67,66,0.7219917012448133,0.725,1.0041666666666667,0.7234927234927235
1,18,regular,1,1086,1044,42,1041,45,3,0.9585635359116023,0.9971264367816092,1.0402298850574712,0.9774647887323945
1,18,semiregular,1,826,801,25,745,81,56,0.9019370460048426,0.9300873907615481,1.0312109862671661,0.9157959434542102
1,18,irregular,1,276,252,24,181,95,71,0.6557971014492754,0.7182539682539683,1.0952380952380953,0.6856060606060606
1,18,regular,2,1056,1044,12,1037,19,7,0.9820075757575758,0.9932950191570882,1.0114942528735633,0.9876190476190477
1,18,semiregular,2,784,801,17,727,57,74,0.9272959183673469,0.9076154806491885,0.978776529338327,0.9173501577287066
1,18,irregular,2,296,252,44,211,85,41,0.7128378378378378,0.8373015873015873,1.1746031746031746,0.7700729927007299
1,18,regular,3,1046,1044,2,1041,5,3,0.9952198852772467,0.9971264367816092,1.0019157088122606,0.9961722488038277
1,18,semiregular,3,806,801,5,749,57,52,0.9292803970223326,0.9350811485642946,1.0062421972534332,0.9321717485998756
1,18,irregular,3,248,252,4,194,54,58,0.782258064516129,0.7698412698412699,0.9841269841269841,0.7760000000000001
1,19,regular,1,1057,1076,19,1048,9,28,0.9914853358561968,0.9739776951672863,0.9823420074349443,0.982653539615565
1,19,semiregular,1,766,753,13,703,63,50,0.9177545691906005,0.9335989375830013,1.0172642762284196,0.9256089532587228
1,19,irregular,1,286,245,41,179,107,66,0.6258741258741258,0.7306122448979592,1.1673469387755102,0.6741996233521658
1,19,regular,2,1101,1076,25,1072,29,4,0.9736603088101726,0.9962825278810409,1.0232342007434945,0.9848415250344511
1,19,semiregular,2,738,753,15,677,61,76,0.9173441734417345,0.899070385126162,0.9800796812749004,0.9081153588195843
1,19,irregular,2,273,245,28,187,86,58,0.684981684981685,0.763265306122449,1.1142857142857143,0.722007722007722
1,19,regular,3,1082,1076,6,1073,9,3,0.9916820702402958,0.9972118959107806,1.0055762081784387,0.9944392956441148
1,19,semiregular,3,736,753,17,675,61,78,0.9171195652173914,0.896414342629482,0.9774236387782205,0.9066487575554064
1,19,irregular,3,242,245,3,185,57,60,0.7644628099173554,0.7551020408163265,0.9877551020408163,0.759753593429158
1,20,regular,1,1182,1251,69,1177,5,74,0.9957698815566836,0.9408473221422862,0.9448441247002398,0.9675297986025483
1,20,semiregular,1,902,841,61,775,127,66,0.8592017738359202,0.9215219976218787,1.0725326991676576,0.889271371199082
1,20,irregular,1,302,252,50,167,135,85,0.5529801324503312,0.6626984126984127,1.1984126984126984,0.6028880866425992
1,20,regular,2,1247,1251,4,1222,25,29,0.9799518845228549,0.9768185451638689,0.996802557953637,0.9783827061649321
1,20,semiregular,2,859,841,18,759,100,82,0.8835855646100116,0.9024970273483948,1.0214030915576695,0.8929411764705882
1,20,irregular,2,254,252,2,189,65,63,0.7440944881889764,0.75,1.007936507936508,0.7470355731225297
1,20,regular,3,1257,1251,6,1247,10,4,0.9920445505171042,0.996802557953637,1.0047961630695443,0.9944178628389154
1,20,semiregular,3,847,841,6,745,102,96,0.8795749704840614,0.8858501783590963,1.0071343638525565,0.8827014218009478
1,20,irregular,3,249,252,3,189,60,63,0.7590361445783133,0.75,0.9880952380952381,0.7544910179640718
1,21,regular,1,934,920,14,911,23,9,0.9753747323340471,0.9902173913043478,1.0152173913043478,0.982740021574973
1,21,semiregular,1,588,549,39,485,103,64,0.8248299319727891,0.8834244080145719,1.0710382513661203,0.853122251539138
1,21,irregular,1,244,204,40,164,80,40,0.6721311475409836,0.803921568627451,1.196078431372549,0.7321428571428572
1,21,regular,2,947,920,27,919,28,1,0.9704329461457233,0.9989130434782608,1.0293478260869566,0.9844670594536689
1,21,semiregular,2,552,549,3,464,88,85,0.8405797101449275,0.8451730418943534,1.005464480874317,0.8428701180744776
1,21,irregular,2,229,204,25,167,62,37,0.7292576419213974,0.8186274509803921,1.1225490196078431,0.7713625866050807
1,21,regular,3,924,920,4,919,5,1,0.9945887445887446,0.9989130434782608,1.0043478260869565,0.9967462039045553
1,21,semiregular,3,593,549,44,496,97,53,0.836424957841484,0.9034608378870674,1.0801457194899817,0.8686514886164624
1,21,irregular,3,203,204,1,159,44,45,0.7832512315270936,0.7794117647058824,0.9950980392156863,0.7813267813267813
1,22,regular,1,1007,946,61,942,65,4,0.9354518371400199,0.9957716701902748,1.0644820295983086,0.9646697388632872
1,22,semiregular,1,726,703,23,642,84,61,0.8842975206611571,0.9132290184921764,1.0327169274537695,0.8985304408677397
1,22,irregular,1,244,247,3,165,79,82,0.6762295081967213,0.6680161943319838,0.9878542510121457,0.6720977596741344
1,22,regular,2,986,946,40,944,42,2,0.9574036511156186,0.9978858350951374,1.0422832980972516,0.9772256728778467
1,22,semiregular,2,683,703,20,612,71,91,0.8960468521229868,0.8705547652916074,0.9715504978662873,0.8831168831168832
1,22,irregular,2,247,247,0,172,75,75,0.6963562753036437,0.6963562753036437,1.0,0.6963562753036437
1,22,regular,3,943,946,3,939,4,7,0.9957582184517497,0.992600422832981,0.9968287526427061,0.9941768131286395
1,22,semiregular,3,705,703,2,630,75,73,0.8936170212765957,0.8961593172119487,1.0028449502133712,0.8948863636363635
1,22,irregular,3,247,247,0,183,64,64,0.7408906882591093,0.7408906882591093,1.0,0.7408906882591093
1,23,regular,1,1030,999,31,993,37,6,0.9640776699029127,0.993993993993994,1.031031031031031,0.9788072942336126
1,23,semiregular,1,867,835,32,753,114,82,0.8685121107266436,0.9017964071856287,1.038323353293413,0.8848413631022327
1,23,irregular,1,289,266,23,174,115,92,0.6020761245674741,0.6541353383458647,1.086466165413534,0.6270270270270271
1,23,regular,2,1010,999,11,985,25,14,0.9752475247524752,0.985985985985986,1.011011011011011,0.980587356893977
1,23,semiregular,2,834,835,1,747,87,88,0.89568345323741,0.8946107784431138,0.9988023952095808,0.8951467944877171
1,23,irregular,2,273,266,7,191,82,75,0.6996336996336996,0.7180451127819549,1.0263157894736843,0.7087198515769945
1,23,regular,3,1005,999,6,994,11,5,0.9890547263681592,0.994994994994995,1.006006006006006,0.9920159680638722
1,23,semiregular,3,861,835,26,759,102,76,0.8815331010452961,0.9089820359281438,1.0311377245508981,0.8950471698113208
1,23,irregular,3,268,266,2,184,84,82,0.6865671641791045,0.6917293233082706,1.0075187969924813,0.6891385767790261
1,24,regular,1,1089,1079,10,1072,17,7,0.9843893480257117,0.9935125115848007,1.009267840593142,0.9889298892988929
1,24,semiregular,1,667,680,13,610,57,70,0.9145427286356822,0.8970588235294118,0.9808823529411764,0.9057164068299925
1,24,irregular,1,209,247,38,160,49,87,0.7655502392344498,0.6477732793522267,0.8461538461538461,0.7017543859649124
1,24,regular,2,1101,1079,22,1075,26,4,0.9763851044504995,0.9962928637627433,1.020389249304912,0.9862385321100917
1,24,semiregular,2,662,680,18,617,45,63,0.93202416918429,0.9073529411764706,0.9735294117647059,0.9195230998509687
1,24,irregular,2,233,247,14,185,48,62,0.7939914163090128,0.7489878542510121,0.9433198380566802,0.7708333333333333
1,24,regular,3,1087,1079,8,1075,12,4,0.9889604415823368,0.9962928637627433,1.0074142724745134,0.9926131117266852
1,24,semiregular,3,687,680,7,632,55,48,0.9199417758369723,0.9294117647058824,1.0102941176470588,0.9246525237746892
1,24,irregular,3,237,247,10,194,43,53,0.8185654008438819,0.7854251012145749,0.9595141700404858,0.8016528925619836
1,25,regular,1,980,946,34,945,35,1,0.9642857142857143,0.9989429175475687,1.0359408033826638,0.9813084112149534
1,25,semiregular,1,710,718,8,634,76,84,0.8929577464788733,0.883008356545961,0.9888579387186629,0.8879551820728291
1,25,irregular,1,222,207,15,140,82,67,0.6306306306306306,0.6763285024154589,1.0724637681159421,0.6526806526806526
1,25,regular,2,964,946,18,944,20,2,0.979253112033195,0.9978858350951374,1.0190274841437632,0.9884816753926702
1,25,semiregular,2,713,718,5,638,75,80,0.8948106591865358,0.8885793871866295,0.9930362116991643,0.8916841369671559
1,25,irregular,2,216,207,9,145,71,62,0.6712962962962963,0.7004830917874396,1.0434782608695652,0.6855791962174941
1,25,regular,3,950,946,4,943,7,3,0.9926315789473684,0.9968287526427061,1.0042283298097252,0.9947257383966244
1,25,semiregular,3,712,718,6,635,77,83,0.8918539325842697,0.8844011142061281,0.9916434540389972,0.8881118881118882
1,25,irregular,3,214,207,7,140,74,67,0.6542056074766355,0.6763285024154589,1.0338164251207729,0.665083135391924
1,26,regular,1,1031,985,46,984,47,1,0.9544131910766246,0.9989847715736041,1.0467005076142133,0.9761904761904762
1,26,semiregular,1,782,720,62,674,108,46,0.8618925831202046,0.9361111111111111,1.086111111111111,0.8974700399467377
1,26,irregular,1,299,214,85,179,120,35,0.5986622073578596,0.8364485981308412,1.397196261682243,0.6978557504873295
1,26,regular,2,1060,985,75,982,78,3,0.9264150943396227,0.9969543147208122,1.0761421319796953,0.9603911980440097
1,26,semiregular,2,728,720,8,655,73,65,0.8997252747252747,0.9097222222222222,1.011111111111111,0.9046961325966851
1,26,irregular,2,240,214,26,144,96,70,0.6,0.6728971962616822,1.1214953271028036,0.6343612334801761
1,26,regular,3,1003,985,18,981,22,4,0.9780658025922233,0.9959390862944163,1.0182741116751268,0.9869215291750503
1,26,semiregular,3,746,720,26,663,83,57,0.8887399463806971,0.9208333333333333,1.0361111111111112,0.9045020463847203
1,26,irregular,3,239,214,25,164,75,50,0.6861924686192469,0.7663551401869159,1.1168224299065421,0.7240618101545253
1,27,regular,1,1144,1166,22,1137,7,29,0.9938811188811189,0.9751286449399656,0.9811320754716981,0.9844155844155844
1,27,semiregular,1,695,728,33,625,70,103,0.8992805755395683,0.8585164835164835,0.9546703296703297,0.8784258608573436
1,27,irregular,1,246,270,24,188,58,82,0.7642276422764228,0.6962962962962963,0.9111111111111111,0.7286821705426357
1,27,regular,2,1161,1166,5,1141,20,25,0.9827734711455641,0.9785591766723842,0.9957118353344768,0.9806617963042545
1,27,semiregular,2,710,728,18,653,57,75,0.9197183098591549,0.896978021978022,0.9752747252747253,0.9082058414464534
1,27,irregular,2,275,270,5,208,67,62,0.7563636363636363,0.7703703703703704,1.0185185185185186,0.763302752293578
1,27,regular,3,1173,1166,7,1165,8,1,0.9931798806479113,0.9991423670668954,1.0060034305317325,0.9961522017956392
1,27,semiregular,3,725,728,3,662,63,66,0.9131034482758621,0.9093406593406593,0.9958791208791209,0.9112181693048864
1,27,irregular,3,262,270,8,209,53,61,0.7977099236641222,0.774074074074074,0.9703703703703703,0.7857142857142857
1,28,regular,1,1099,1098,1,1089,10,9,0.9909008189262967,0.9918032786885246,1.0009107468123861,0.9913518434228493
1,28,semiregular,1,892,859,33,797,95,62,0.8934977578475336,0.9278230500582072,1.038416763678696,0.9103369503141062
1,28,irregular,1,317,293,24,197,120,96,0.6214511041009464,0.6723549488054608,1.081911262798635,0.6459016393442623
1,28,regular,2,1115,1098,17,1093,22,5,0.9802690582959641,0.9954462659380692,1.0154826958105647,0.9877993673746046
1,28,semiregular,2,832,859,27,763,69,96,0.9170673076923077,0.8882421420256111,0.9685681024447031,0.9024246008279124
1,28,irregular,2,293,293,0,189,104,104,0.6450511945392492,0.6450511945392492,1.0,0.6450511945392492
1,28,regular,3,1105,1098,7,1094,11,4,0.9900452488687783,0.9963570127504554,1.006375227686703,0.9931911030413072
1,28,semiregular,3,872,859,13,802,70,57,0.9197247706422018,0.9336437718277066,1.0151338766006985,0.926632004621606
1,28,irregular,3,285,293,8,199,86,94,0.6982456140350877,0.6791808873720137,0.9726962457337884,0.6885813148788926
1,29,regular,1,1170,1140,30,1138,32,2,0.9726495726495726,0.9982456140350877,1.0263157894736843,0.9852813852813853
1,29,semiregular,1,950,869,81,816,134,53,0.8589473684210527,0.9390103567318757,1.093210586881473,0.897196261682243
1,29,irregular,1,266,247,19,176,90,71,0.6616541353383458,0.7125506072874493,1.0769230769230769,0.6861598440545807
1,29,regular,2,1154,1140,14,1134,20,6,0.9826689774696707,0.9947368421052631,1.012280701754386,0.9886660854402791
1,29,semiregular,2,903,869,34,796,107,73,0.8815060908084164,0.9159953970080552,1.0391254315304947,0.8984198645598193
1,29,irregular,2,304,247,57,202,102,45,0.6644736842105263,0.8178137651821862,1.2307692307692308,0.7332123411978222
1,29,regular,3,1137,1140,3,1133,4,7,0.9964819700967458,0.993859649122807,0.9973684210526316,0.9951690821256038
1,29,semiregular,3,892,869,23,789,103,80,0.8845291479820628,0.9079401611047181,1.0264672036823936,0.8960817717206133
1,29,irregular,3,252,247,5,187,65,60,0.7420634920634921,0.757085020242915,1.0202429149797572,0.7494989979959921
1,30,regular,1,1014,997,17,993,21,4,0.9792899408284024,0.995987963891675,1.0170511534603812,0.9875683739433118
1,30,semiregular,1,852,810,42,765,87,45,0.897887323943662,0.9444444444444444,1.0518518518518518,0.9205776173285198
1,30,irregular,1,280,250,30,177,103,73,0.6321428571428571,0.708,1.12,0.6679245283018868
1,30,regular,2,1008,997,11,979,29,18,0.9712301587301587,0.9819458375125376,1.0110330992978938,0.9765586034912719
1,30,semiregular,2,803,810,7,737,66,73,0.9178082191780822,0.9098765432098765,0.991358024691358,0.9138251704897706
1,30,irregular,2,251,250,1,176,75,74,0.701195219123506,0.704,1.004,0.7025948103792415
1,30,regular,3,1000,997,3,994,6,3,0.994,0.9969909729187563,1.0030090270812437,0.9954932398597897
1,30,semiregular,3,825,810,15,756,69,54,0.9163636363636364,0.9333333333333333,1.0185185185185186,0.9247706422018349
1,30,irregular,3,257,250,7,180,77,70,0.7003891050583657,0.72,1.028,0.7100591715976331
2,1,regular,1,932,937,5,918,14,19,0.9849785407725322,0.9797225186766275,0.9946638207043756,0.9823434991974318
2,1,semiregular,1,691,703,12,602,89,101,0.8712011577424024,0.8563300142247511,0.9829302987197724,0.8637015781922526
2,1,irregular,1,209,199,10,149,60,50,0.7129186602870813,0.7487437185929648,1.050251256281407,0.7303921568627452
2,1,regular,2,972,937,35,907,65,30,0.9331275720164609,0.967982924226254,1.0373532550693703,0.9502357255107385
2,1,semiregular,2,710,703,7,616,94,87,0.8676056338028169,0.8762446657183499,1.0099573257467995,0.8719037508846427
2,1,irregular,2,178,199,21,143,35,56,0.8033707865168539,0.7185929648241206,0.8944723618090452,0.7586206896551724
2,1,regular,3,955,937,18,933,22,4,0.9769633507853404,0.9957310565635006,1.0192102454642475,0.9862579281183932
2,1,semiregular,3,722,703,19,624,98,79,0.8642659279778393,0.887624466571835,1.027027027027027,0.8757894736842106
2,1,irregular,3,190,199,9,146,44,53,0.7684210526315789,0.7336683417085427,0.9547738693467337,0.7506426735218509
2,2,regular,1,1169,1224,55,1159,10,65,0.9914456800684346,0.9468954248366013,0.9550653594771242,0.9686585875470121
2,2,semiregular,1,569,647,78,536,33,111,0.9420035149384886,0.8284389489953632,0.8794435857805255,0.8815789473684209
2,2,irregular,1,198,217,19,135,63,82,0.6818181818181818,0.6221198156682027,0.9124423963133641,0.6506024096385541
2,2,regular,2,1174,1224,50,1159,15,65,0.9872231686541738,0.9468954248366013,0.9591503267973857,0.9666388657214345
2,2,semiregular,2,628,647,19,593,35,54,0.9442675159235668,0.9165378670788253,0.9706336939721792,0.9301960784313726
2,2,irregular,2,204,217,13,158,46,59,0.7745098039215687,0.728110599078341,0.9400921658986175,0.7505938242280283
2,2,regular,3,1237,1224,13,1219,18,5,0.9854486661277284,0.9959150326797386,1.0106209150326797,0.9906542056074767
2,2,semiregular,3,650,647,3,612,38,35,0.9415384615384615,0.9459041731066461,1.0046367851622875,0.943716268311488
2,2,irregular,3,225,217,8,169,56,48,0.7511111111111111,0.7788018433179723,1.0368663594470047,0.7647058823529411
2,3,regular,1,1035,1053,18,1023,12,30,0.9884057971014493,0.9715099715099715,0.9829059829059829,0.9798850574712644
2,3,semiregular,1,692,716,24,623,69,93,0.9002890173410405,0.8701117318435754,0.9664804469273743,0.8849431818181819
2,3,irregular,1,212,224,12,150,62,74,0.7075471698113207,0.6696428571428571,0.9464285714285714,0.6880733944954129
2,3,regular,2,1004,1053,49,989,15,64,0.9850597609561753,0.9392212725546059,0.9534662867996201,0.9615945551774429
2,3,semiregular,2,734,716,18,655,79,61,0.8923705722070845,0.914804469273743,1.0251396648044693,0.903448275862069
2,3,irregular,2,211,224,13,164,47,60,0.7772511848341233,0.7321428571428571,0.9419642857142857,0.7540229885057471
2,3,regular,3,1061,1053,8,1048,13,5,0.9877474081055608,0.9952516619183286,1.0075973409306742,0.9914853358561969
2,3,semiregular,3,722,716,6,651,71,65,0.9016620498614959,0.909217877094972,1.0083798882681565,0.9054242002781641
2,3,irregular,3,217,224,7,165,52,59,0.7603686635944701,0.7366071428571429,0.96875,0.7482993197278911
2,4,regular,1,1117,1101,16,1088,29,13,0.9740376007162042,0.9881925522252498,1.0145322434150772,0.9810640216411181
2,4,semiregular,1,621,614,7,532,89,82,0.856682769726248,0.8664495114006515,1.011400651465798,0.8615384615384616
2,4,irregular,1,226,228,2,156,70,72,0.6902654867256637,0.6842105263157895,0.9912280701754386,0.6872246696035241
2,4,regular,2,1109,1101,8,1094,15,7,0.9864743011722272,0.9936421435059037,1.0072661217075387,0.9900452488687782
2,4,semiregular,2,606,614,8,546,60,68,0.900990099009901,0.8892508143322475,0.9869706840390879,0.8950819672131148
2,4,irregular,2,224,228,4,170,54,58,0.7589285714285714,0.7456140350877193,0.9824561403508771,0.7522123893805309
2,4,regular,3,1114,1101,13,1096,18,5,0.9838420107719928,0.9954586739327884,1.0118074477747503,0.9896162528216705
2,4,semiregular,3,618,614,4,550,68,64,0.889967637540453,0.8957654723127035,1.006514657980456,0.8928571428571429
2,4,irregular,3,221,228,7,169,52,59,0.7647058823529411,0.7412280701754386,0.9692982456140351,0.7527839643652561
2,5,regular,1,1055,1044,11,1042,13,2,0.9876777251184834,0.9980842911877394,1.010536398467433,0.9928537398761315
2,5,semiregular,1,716,668,48,617,99,51,0.861731843575419,0.9236526946107785,1.0718562874251496,0.8916184971098265
2,5,irregular,1,221,217,4,153,68,64,0.6923076923076923,0.7050691244239631,1.0184331797235022,0.6986301369863013
2,5,regular,2,1055,1044,11,1041,14,3,0.9867298578199052,0.9971264367816092,1.010536398467433,0.991900905192949
2,5,semiregular,2,705,668,37,614,91,54,0.8709219858156029,0.9191616766467066,1.0553892215568863,0.8943918426802621
2,5,irregular,2,216,217,1,166,50,51,0.7685185185185185,0.7649769585253456,0.9953917050691244,0.766743648960739
2,5,regular,3,1061,1044,17,1042,19,2,0.9820923656927427,0.9980842911877394,1.0162835249042146,0.9900237529691212
2,5,semiregular,3,690,668,22,601,89,67,0.8710144927536232,0.8997005988023952,1.032934131736527,0.8851251840942562
2,5,irregular,3,213,217,4,162,51,55,0.7605633802816901,0.7465437788018433,0.9815668202764977,0.7534883720930232
2,6,regular,1,918,915,3,902,16,13,0.9825708061002179,0.985792349726776,1.0032786885245901,0.9841789416257501
2,6,semiregular,1,694,701,7,631,63,70,0.909221902017291,0.9001426533523538,0.9900142653352354,0.9046594982078852
2,6,irregular,1,198,195,3,127,71,68,0.6414141414141414,0.6512820512820513,1.0153846153846153,0.6463104325699746
2,6,regular,2,983,915,68,914,69,1,0.9298067141403866,0.9989071038251366,1.0743169398907104,0.9631190727081138
2,6,semiregular,2,708,701,7,647,61,54,0.9138418079096046,0.9229671897289586,1.0099857346647647,0.9183818310858766
2,6,irregular,2,181,195,14,131,50,64,0.7237569060773481,0.6717948717948717,0.9282051282051282,0.696808510638298
2,6,regular,3,927,915,12,913,14,2,0.9848975188781014,0.9978142076502732,1.0131147540983607,0.991313789359392
2,6,semiregular,3,723,701,22,663,60,38,0.91701244813278,0.9457917261055635,1.0313837375178316,0.9311797752808989
2,6,irregular,3,206,195,11,153,53,42,0.7427184466019418,0.7846153846153846,1.0564102564102564,0.7630922693266833
2,7,regular,1,383,1230,847,378,5,852,0.9869451697127938,0.3073170731707317,0.31138211382113823,0.4686918784872907
2,7,semiregular,1,527,761,234,481,46,280,0.9127134724857685,0.6320630749014454,0.6925098554533509,0.7468944099378881
2,7,irregular,1,150,225,75,70,80,155,0.4666666666666667,0.3111111111111111,0.6666666666666666,0.37333333333333335
2,7,regular,2,955,1230,275,940,15,290,0.9842931937172775,0.7642276422764228,0.7764227642276422,0.8604118993135013
2,7,semiregular,2,726,761,35,643,83,118,0.8856749311294766,0.8449408672798949,0.9540078843626807,0.8648285137861467
2,7,irregular,2,201,225,24,163,38,62,0.8109452736318408,0.7244444444444444,0.8933333333333333,0.7652582159624414
2,7,regular,3,1242,1230,12,1225,17,5,0.9863123993558777,0.9959349593495935,1.0097560975609756,0.9911003236245955
2,7,semiregular,3,743,761,18,661,82,100,0.8896366083445492,0.8685939553219448,0.9763469119579501,0.8789893617021276
2,7,irregular,3,218,225,7,175,43,50,0.8027522935779816,0.7777777777777778,0.9688888888888889,0.7900677200902934
2,8,regular,1,923,1035,112,912,11,123,0.9880823401950163,0.881159420289855,0.8917874396135266,0.9315628192032688
2,8,semiregular,1,788,827,39,704,84,123,0.8934010152284264,0.8512696493349455,0.9528415961305925,0.8718266253869968
2,8,irregular,1,243,243,0,137,106,106,0.5637860082304527,0.5637860082304527,1.0,0.5637860082304527
2,8,regular,2,1003,1035,32,985,18,50,0.9820538384845464,0.9516908212560387,0.9690821256038648,0.9666339548577035
2,8,semiregular,2,794,827,33,726,68,101,0.9143576826196473,0.8778718258766627,0.9600967351874244,0.8957433682911784
2,8,irregular,2,214,243,29,157,57,86,0.7336448598130841,0.6460905349794238,0.8806584362139918,0.6870897155361051
2,8,regular,3,1051,1035,16,1030,21,5,0.9800190294957184,0.9951690821256038,1.0154589371980676,0.987535953978907
2,8,semiregular,3,854,827,27,768,86,59,0.8992974238875878,0.9286577992744861,1.0326481257557436,0.9137418203450328
2,8,irregular,3,233,243,10,166,67,77,0.7124463519313304,0.6831275720164609,0.9588477366255144,0.6974789915966386
2,9,regular,1,999,1107,108,990,9,117,0.990990990990991,0.8943089430894309,0.9024390243902439,0.9401709401709402
2,9,semiregular,1,603,701,98,566,37,135,0.9386401326699834,0.8074179743223966,0.8601997146932953,0.8680981595092024
2,9,irregular,1,215,266,51,148,67,118,0.6883720930232559,0.556390977443609,0.8082706766917294,0.6153846153846154
2,9,regular,2,1047,1107,60,1033,14,74,0.9866284622731614,0.9331526648599819,0.94579945799458,0.959145775301764
2,9,semiregular,2,633,701,68,594,39,107,0.9383886255924171,0.8473609129814551,0.9029957203994294,0.8905547226386806
2,9,irregular,2,242,266,24,195,47,71,0.8057851239669421,0.7330827067669173,0.9097744360902256,0.7677165354330708
2,9,regular,3,1104,1107,3,1099,5,8,0.9954710144927537,0.992773261065944,0.997289972899729,0.9941203075531434
2,9,semiregular,3,705,701,4,655,50,46,0.9290780141843972,0.9343794579172611,1.005706134094151,0.9317211948790897
2,9,irregular,3,248,266,18,192,56,74,0.7741935483870968,0.7218045112781954,0.9323308270676691,0.7470817120622568
2,10,regular,1,997,1014,17,964,33,50,0.966900702106319,0.9506903353057199,0.9832347140039448,0.958727001491795
2,10,semiregular,1,656,656,0,599,57,57,0.913109756097561,0.913109756097561,1.0,0.913109756097561
2,10,irregular,1,222,247,25,172,50,75,0.7747747747747747,0.6963562753036437,0.8987854251012146,0.7334754797441365
2,10,regular,2,883,1014,131,841,42,173,0.9524348810872028,0.8293885601577909,0.8708086785009862,0.8866631523458092
2,10,semiregular,2,684,656,28,614,70,42,0.8976608187134503,0.9359756097560976,1.0426829268292683,0.9164179104477611
2,10,irregular,2,229,247,18,187,42,60,0.8165938864628821,0.757085020242915,0.9271255060728745,0.7857142857142857
2,10,regular,3,1069,1014,55,1012,57,2,0.9466791393826005,0.9980276134122288,1.054240631163708,0.971675468074892
2,10,semiregular,3,649,656,7,600,49,56,0.9244992295839753,0.9146341463414634,0.989329268292683,0.9195402298850576
2,10,irregular,3,230,247,17,190,40,57,0.8260869565217391,0.7692307692307693,0.9311740890688259,0.7966457023060797
2,11,regular,1,1062,1070,8,1051,11,19,0.9896421845574388,0.9822429906542056,0.9925233644859813,0.9859287054409006
2,11,semiregular,1,734,700,34,631,103,69,0.8596730245231607,0.9014285714285715,1.0485714285714285,0.8800557880055787
2,11,irregular,1,209,239,30,147,62,92,0.7033492822966507,0.6150627615062761,0.8744769874476988,0.65625
2,11,regular,2,1067,1070,3,1056,11,14,0.9896907216494846,0.9869158878504672,0.997196261682243,0.988301357042583
2,11,semiregular,2,704,700,4,625,79,75,0.8877840909090909,0.8928571428571429,1.0057142857142858,0.8903133903133903
2,11,irregular,2,203,239,36,166,37,73,0.8177339901477833,0.694560669456067,0.8493723849372385,0.751131221719457
2,11,regular,3,1061,1070,9,1058,3,12,0.9971724787935909,0.9887850467289719,0.991588785046729,0.992961051149695
2,11,semiregular,3,702,700,2,626,76,74,0.8917378917378918,0.8942857142857142,1.002857142857143,0.8930099857346646
2,11,irregular,3,217,239,22,169,48,70,0.7788018433179723,0.7071129707112971,0.9079497907949791,0.7412280701754385
2,12,regular,1,1071,1007,64,1007,64,0,0.9402427637721755,1.0,1.063555114200596,0.9692011549566891
2,12,semiregular,1,705,641,64,588,117,53,0.8340425531914893,0.9173166926677067,1.0998439937597504,0.8736998514115898
2,12,irregular,1,277,204,73,174,103,30,0.628158844765343,0.8529411764705882,1.357843137254902,0.7234927234927235
2,12,regular,2,1069,1007,62,1007,62,0,0.9420018709073901,1.0,1.0615690168818273,0.9701348747591522
2,12,semiregular,2,680,641,39,579,101,62,0.8514705882352941,0.9032761310452418,1.0608424336973479,0.8766086298258895
2,12,irregular,2,227,204,23,159,68,45,0.7004405286343612,0.7794117647058824,1.1127450980392157,0.7378190255220417
2,12,regular,3,1022,1007,15,1006,16,1,0.9843444227005871,0.9990069513406157,1.0148957298907646,0.99162148841794
2,12,semiregular,3,643,641,2,554,89,87,0.8615863141524106,0.8642745709828393,1.0031201248049921,0.8629283489096573
2,12,irregular,3,223,204,19,155,68,49,0.695067264573991,0.7598039215686274,1.0931372549019607,0.7259953161592506
2,13,regular,1,987,1000,13,981,6,19,0.993920972644377,0.981,0.987,0.9874182184197282
2,13,semiregular,1,823,815,8,752,71,63,0.913730255164034,0.9226993865030675,1.0098159509202453,0.9181929181929183
2,13,irregular,1,249,216,33,164,85,52,0.6586345381526104,0.7592592592592593,1.1527777777777777,0.7053763440860215
2,13,regular,2,1038,1000,38,996,42,4,0.9595375722543352,0.996,1.038,0.9774288518155054
2,13,semiregular,2,825,815,10,759,66,56,0.92,0.9312883435582822,1.0122699386503067,0.925609756097561
2,13,irregular,2,222,216,6,167,55,49,0.7522522522522522,0.7731481481481481,1.0277777777777777,0.7625570776255708
2,13,regular,3,1018,1000,18,997,21,3,0.9793713163064833,0.997,1.018,0.9881070366699704
2,13,semiregular,3,827,815,12,765,62,50,0.9250302297460702,0.9386503067484663,1.014723926380368,0.9317904993909867
2,13,irregular,3,216,216,0,175,41,41,0.8101851851851852,0.8101851851851852,1.0,0.8101851851851852
2,14,regular,1,1008,1052,44,1003,5,49,0.9950396825396826,0.9534220532319392,0.9581749049429658,0.9737864077669902
2,14,semiregular,1,866,913,47,808,58,105,0.9330254041570438,0.8849945235487404,0.9485213581599123,0.9083754918493535
2,14,irregular,1,212,217,5,157,55,60,0.7405660377358491,0.7235023041474654,0.9769585253456221,0.731934731934732
2,14,regular,2,1016,1052,36,1004,12,48,0.9881889763779528,0.9543726235741445,0.9657794676806084,0.9709864603481625
2,14,semiregular,2,903,913,10,843,60,70,0.9335548172757475,0.9233296823658269,0.9890470974808324,0.9284140969162995
2,14,irregular,2,223,217,6,169,54,48,0.757847533632287,0.7788018433179723,1.0276497695852536,0.7681818181818182
2,14,regular,3,1060,1052,8,1047,13,5,0.9877358490566037,0.9952471482889734,1.0076045627376427,0.9914772727272727
2,14,semiregular,3,909,913,4,848,61,65,0.9328932893289329,0.9288061336254108,0.9956188389923329,0.9308452250274423
2,14,irregular,3,203,217,14,163,40,54,0.8029556650246306,0.7511520737327189,0.9354838709677419,0.7761904761904762
2,15,regular,1,935,964,29,927,8,37,0.9914438502673797,0.9616182572614108,0.9699170124481328,0.9763033175355451
2,15,semiregular,1,787,774,13,715,72,59,0.9085133418043202,0.9237726098191215,1.016795865633075,0.9160794362588085
2,15,irregular,1,202,218,16,160,42,58,0.7920792079207921,0.7339449541284404,0.926605504587156,0.761904761904762
2,15,regular,2,954,964,10,943,11,21,0.9884696016771488,0.9782157676348547,0.9896265560165975,0.9833159541188737
2,15,semiregular,2,774,774,0,715,59,59,0.9237726098191215,0.9237726098191215,1.0,0.9237726098191215
2,15,irregular,2,201,218,17,163,38,55,0.8109452736318408,0.7477064220183486,0.9220183486238532,0.7780429594272076
2,15,regular,3,978,964,14,962,16,2,0.983640081799591,0.9979253112033195,1.0145228215767634,0.9907312049433573
2,15,semiregular,3,760,774,14,701,59,73,0.9223684210526316,0.9056847545219638,0.9819121447028424,0.9139504563233377
2,15,irregular,3,215,218,3,173,42,45,0.8046511627906977,0.7935779816513762,0.9862385321100917,0.7990762124711317
2,16,regular,1,1082,1109,27,1074,8,35,0.9926062846580407,0.9684400360685302,0.975653742110009,0.98037425832953
2,16,semiregular,1,695,681,14,605,90,76,0.8705035971223022,0.8883994126284875,1.0205580029368575,0.8793604651162791
2,16,irregular,1,259,272,13,166,93,106,0.640926640926641,0.6102941176470589,0.9522058823529411,0.6252354048964219
2,16,regular,2,1138,1109,29,1109,29,0,0.9745166959578208,1.0,1.0261496844003606,0.9870939029817535
2,16,semiregular,2,679,681,2,597,82,84,0.8792341678939617,0.8766519823788547,0.9970631424375918,0.8779411764705882
2,16,irregular,2,242,272,30,193,49,79,0.7975206611570248,0.7095588235294118,0.8897058823529411,0.7509727626459145
2,16,regular,3,1128,1109,19,1107,21,2,0.9813829787234043,0.9981965734896303,1.0171325518485121,0.989718372820742
2,16,semiregular,3,678,681,3,601,77,80,0.8864306784660767,0.882525697503671,0.9955947136563876,0.8844738778513612
2,16,irregular,3,231,272,41,190,41,82,0.8225108225108225,0.6985294117647058,0.8492647058823529,0.7554671968190855
2,17,regular,1,1017,1029,12,1006,11,23,0.9891838741396264,0.9776482021379981,0.9883381924198251,0.9833822091886609
2,17,semiregular,1,823,837,14,742,81,95,0.9015795868772782,0.8864994026284349,0.983273596176822,0.8939759036144579
2,17,irregular,1,251,240,11,161,90,79,0.6414342629482072,0.6708333333333333,1.0458333333333334,0.6558044806517311
2,17,regular,2,1062,1029,33,1028,34,1,0.967984934086629,0.9990281827016521,1.032069970845481,0.9832615973218556
2,17,semiregular,2,836,837,1,758,78,79,0.9066985645933014,0.9056152927120669,0.998805256869773,0.9061566049013747
2,17,irregular,2,249,240,9,172,77,68,0.6907630522088354,0.7166666666666667,1.0375,0.703476482617587
2,17,regular,3,1046,1029,17,1027,19,2,0.9818355640535373,0.9980563654033042,1.0165208940719144,0.9898795180722892
2,17,semiregular,3,851,837,14,779,72,58,0.9153936545240893,0.9307048984468339,1.016726403823178,0.9229857819905213
2,17,irregular,3,233,240,7,174,59,66,0.7467811158798283,0.725,0.9708333333333333,0.7357293868921775
2,18,regular,1,1007,1044,37,999,8,45,0.9920556107249255,0.9568965517241379,0.9645593869731801,0.9741589468551927
2,18,semiregular,1,770,801,31,714,56,87,0.9272727272727272,0.8913857677902621,0.9612983770287141,0.9089751750477402
2,18,irregular,1,271,252,19,188,83,64,0.6937269372693727,0.746031746031746,1.0753968253968254,0.7189292543021033
2,18,regular,2,1108,1044,64,1043,65,1,0.9413357400722022,0.9990421455938697,1.0613026819923372,0.9693308550185874
2,18,semiregular,2,808,801,7,755,53,46,0.9344059405940595,0.9425717852684145,1.0087390761548065,0.9384711000621505
2,18,irregular,2,247,252,5,196,51,56,0.7935222672064778,0.7777777777777778,0.9801587301587301,0.7855711422845691
2,18,regular,3,1062,1044,18,1040,22,4,0.9792843691148776,0.9961685823754789,1.0172413793103448,0.9876543209876543
2,18,semiregular,3,819,801,18,763,56,38,0.9316239316239316,0.9525593008739076,1.0224719101123596,0.9419753086419752
2,18,irregular,3,250,252,2,202,48,50,0.808,0.8015873015873016,0.9920634920634921,0.804780876494024
2,19,regular,1,1060,1076,16,1046,14,30,0.9867924528301887,0.9721189591078067,0.9851301115241635,0.9794007490636704
2,19,semiregular,1,740,753,13,683,57,70,0.922972972972973,0.9070385126162018,0.9827357237715804,0.9149363697253851
2,19,irregular,1,279,245,34,188,91,57,0.6738351254480287,0.7673469387755102,1.1387755102040817,0.7175572519083969
2,19,regular,2,1130,1076,54,1075,55,1,0.9513274336283186,0.9990706319702602,1.050185873605948,0.9746146872166819
2,19,semiregular,2,737,753,16,684,53,69,0.9280868385345997,0.9083665338645418,0.9787516600265604,0.9181208053691275
2,19,irregular,2,248,245,3,184,64,61,0.7419354838709677,0.7510204081632653,1.0122448979591836,0.746450304259635
2,19,regular,3,1096,1076,20,1074,22,2,0.9799270072992701,0.9981412639405205,1.0185873605947955,0.988950276243094
2,19,semiregular,3,737,753,16,686,51,67,0.9308005427408412,0.9110225763612217,0.9787516600265604,0.9208053691275166
2,19,irregular,3,237,245,8,182,55,63,0.7679324894514767,0.7428571428571429,0.9673469387755103,0.7551867219917012
2,20,regular,1,1224,1251,27,1214,10,37,0.9918300653594772,0.9704236610711431,0.9784172661870504,0.981010101010101
2,20,semiregular,1,859,841,18,747,112,94,0.869615832363213,0.8882282996432818,1.0214030915576695,0.8788235294117647
2,20,irregular,1,268,252,16,172,96,80,0.6417910447761194,0.6825396825396826,1.0634920634920635,0.6615384615384614
2,20,regular,2,1242,1251,9,1222,20,29,0.9838969404186796,0.9768185451638689,0.9928057553956835,0.9803449659045328
2,20,semiregular,2,835,841,6,739,96,102,0.8850299401197604,0.8787158145065398,0.9928656361474435,0.8818615751789977
2,20,irregular,2,237,252,15,182,55,70,0.7679324894514767,0.7222222222222222,0.9404761904761905,0.7443762781186094
2,20,regular,3,1261,1251,10,1247,14,4,0.9888977002379065,0.996802557953637,1.0079936051159073,0.9928343949044586
2,20,semiregular,3,843,841,2,747,96,94,0.8861209964412812,0.8882282996432818,1.0023781212841856,0.8871733966745842
2,20,irregular,3,247,252,5,187,60,65,0.757085020242915,0.7420634920634921,0.9801587301587301,0.7494989979959921
2,21,regular,1,916,920,4,909,7,11,0.99235807860262,0.9880434782608696,0.9956521739130435,0.9901960784313726
2,21,semiregular,1,551,549,2,449,102,100,0.8148820326678766,0.8178506375227687,1.0036429872495447,0.8163636363636364
2,21,irregular,1,217,204,13,160,57,44,0.7373271889400922,0.7843137254901961,1.0637254901960784,0.7600950118764845
2,21,regular,2,976,920,56,920,56,0,0.9426229508196722,1.0,1.0608695652173914,0.9704641350210971
2,21,semiregular,2,587,549,38,488,99,61,0.8313458262350937,0.8888888888888888,1.0692167577413478,0.8591549295774648
2,21,irregular,2,211,204,7,156,55,48,0.7393364928909952,0.7647058823529411,1.0343137254901962,0.7518072289156627
2,21,regular,3,934,920,14,918,16,2,0.9828693790149893,0.9978260869565218,1.0152173913043478,0.9902912621359223
2,21,semiregular,3,581,549,32,490,91,59,0.8433734939759037,0.8925318761384335,1.058287795992714,0.8672566371681416
2,21,irregular,3,204,204,0,160,44,44,0.7843137254901961,0.7843137254901961,1.0,0.7843137254901961
2,22,regular,1,999,946,53,943,56,3,0.943943943943944,0.9968287526427061,1.0560253699788584,0.9696658097686375
2,22,semiregular,1,706,703,3,627,79,76,0.8881019830028328,0.8918918918918919,1.004267425320057,0.8899929027679204
2,22,irregular,1,212,247,35,160,52,87,0.7547169811320755,0.6477732793522267,0.8582995951417004,0.6971677559912854
2,22,regular,2,1013,946,67,945,68,1,0.932872655478776,0.9989429175475687,1.0708245243128964,0.9647779479326187
2,22,semiregular,2,708,703,5,635,73,68,0.8968926553672316,0.903271692745377,1.0071123755334281,0.9000708717221828
2,22,irregular,2,227,247,20,168,59,79,0.7400881057268722,0.680161943319838,0.9190283400809717,0.7088607594936709
2,22,regular,3,962,946,16,942,20,4,0.9792099792099792,0.9957716701902748,1.0169133192389006,0.9874213836477986
2,22,semiregular,3,704,703,1,634,70,69,0.9005681818181818,0.9018492176386913,1.0014224751066856,0.9012082444918266
2,22,irregular,3,236,247,11,179,57,68,0.7584745762711864,0.7246963562753036,0.9554655870445344,0.7412008281573499
2,23,regular,1,1013,999,14,991,22,8,0.9782823297137216,0.991991991991992,1.014014014014014,0.985089463220676
2,23,semiregular,1,872,835,37,765,107,70,0.8772935779816514,0.9161676646706587,1.044311377245509,0.8963093145869948
2,23,irregular,1,253,266,13,158,95,108,0.6245059288537549,0.5939849624060151,0.9511278195488722,0.6088631984585741
2,23,regular,2,994,999,5,968,26,31,0.9738430583501007,0.968968968968969,0.994994994994995,0.9713998996487707
2,23,semiregular,2,821,835,14,738,83,97,0.8989037758830695,0.8838323353293414,0.9832335329341317,0.891304347826087
2,23,irregular,2,248,266,18,188,60,78,0.7580645161290323,0.706766917293233,0.9323308270676691,0.7315175097276264
2,23,regular,3,1015,999,16,995,20,4,0.9802955665024631,0.995995995995996,1.016016016016016,0.9880834160873883
2,23,semiregular,3,856,835,21,761,95,74,0.889018691588785,0.911377245508982,1.0251497005988024,0.9000591366055588
2,23,irregular,3,258,266,8,185,73,81,0.7170542635658915,0.6954887218045113,0.9699248120300752,0.7061068702290076
2,24,regular,1,1057,1079,22,1044,13,35,0.9877010406811731,0.9675625579240037,0.9796107506950881,0.9775280898876404
2,24,semiregular,1,669,680,11,609,60,71,0.9103139013452914,0.8955882352941177,0.9838235294117647,0.9028910303928835
2,24,irregular,1,185,247,62,150,35,97,0.8108108108108109,0.6072874493927125,0.7489878542510121,0.6944444444444444
2,24,regular,2,1045,1079,34,1028,17,51,0.9837320574162679,0.9527340129749768,0.9684893419833179,0.967984934086629
2,24,semiregular,2,664,680,16,618,46,62,0.9307228915662651,0.9088235294117647,0.9764705882352941,0.9196428571428572
2,24,irregular,2,233,247,14,192,41,55,0.8240343347639485,0.7773279352226721,0.9433198380566802,0.8
2,24,regular,3,1091,1079,12,1076,15,3,0.9862511457378552,0.9972196478220574,1.0111214087117701,0.991705069124424
2,24,semiregular,3,687,680,7,642,45,38,0.9344978165938864,0.9441176470588235,1.0102941176470588,0.9392831016825165
2,24,irregular,3,236,247,11,198,38,49,0.8389830508474576,0.8016194331983806,0.9554655870445344,0.8198757763975155
2,25,regular,1,946,946,0,938,8,8,0.9915433403805497,0.9915433403805497,1.0,0.9915433403805497
2,25,semiregular,1,684,718,34,609,75,109,0.8903508771929824,0.8481894150417827,0.9526462395543176,0.868758915834522
2,25,irregular,1,218,207,11,134,84,73,0.6146788990825688,0.6473429951690821,1.0531400966183575,0.6305882352941177
2,25,regular,2,921,946,25,913,8,33,0.991313789359392,0.9651162790697675,0.9735729386892178,0.9780396357793252
2,25,semiregular,2,715,718,3,645,70,73,0.9020979020979021,0.8983286908077994,0.9958217270194986,0.9002093510118633
2,25,irregular,2,203,207,4,140,63,67,0.6896551724137931,0.6763285024154589,0.9806763285024155,0.6829268292682927
2,25,regular,3,958,946,12,943,15,3,0.9843423799582464,0.9968287526427061,1.0126849894291754,0.990546218487395
2,25,semiregular,3,716,718,2,648,68,70,0.9050279329608939,0.9025069637883009,0.9972144846796658,0.903765690376569
2,25,irregular,3,204,207,3,135,69,72,0.6617647058823529,0.6521739130434783,0.9855072463768116,0.656934306569343
2,26,regular,1,998,985,13,977,21,8,0.9789579158316634,0.9918781725888325,1.0131979695431472,0.9853756933938478
2,26,semiregular,1,743,720,23,658,85,62,0.8855989232839838,0.9138888888888889,1.0319444444444446,0.8995215311004785
2,26,irregular,1,262,214,48,172,90,42,0.6564885496183206,0.8037383177570093,1.2242990654205608,0.7226890756302521
2,26,regular,2,975,985,10,956,19,29,0.9805128205128205,0.9705583756345177,0.9898477157360406,0.9755102040816327
2,26,semiregular,2,750,720,30,662,88,58,0.8826666666666667,0.9194444444444444,1.0416666666666667,0.9006802721088436
2,26,irregular,2,177,214,37,134,43,80,0.7570621468926554,0.6261682242990654,0.8271028037383178,0.6854219948849105
2,26,regular,3,1004,985,19,981,23,4,0.9770916334661355,0.9959390862944163,1.0192893401015228,0.986425339366516
2,26,semiregular,3,735,720,15,661,74,59,0.8993197278911564,0.9180555555555555,1.0208333333333333,0.9085910652920962
2,26,irregular,3,237,214,23,162,75,52,0.6835443037974683,0.7570093457943925,1.1074766355140186,0.7184035476718403
2,27,regular,1,1147,1166,19,1142,5,24,0.995640802092415,0.9794168096054888,0.983704974271012,0.9874621703415477
2,27,semiregular,1,703,728,25,630,73,98,0.8961593172119487,0.8653846153846154,0.9656593406593407,0.8805031446540881
2,27,irregular,1,243,270,27,179,64,91,0.7366255144032922,0.662962962962963,0.9,0.6978557504873295
2,27,regular,2,1134,1166,32,1121,13,45,0.9885361552028219,0.9614065180102916,0.9725557461406518,0.9747826086956521
2,27,semiregular,2,724,728,4,660,64,68,0.9116022099447514,0.9065934065934066,0.9945054945054945,0.9090909090909091
2,27,irregular,2,260,270,10,213,47,57,0.8192307692307692,0.7888888888888889,0.9629629629629629,0.8037735849056603
2,27,regular,3,1185,1166,19,1166,19,0,0.9839662447257383,1.0,1.016295025728988,0.9919183326244151
2,27,semiregular,3,719,728,9,662,57,66,0.9207232267037552,0.9093406593406593,0.9876373626373627,0.9149965445749827
2,27,irregular,3,250,270,20,201,49,69,0.804,0.7444444444444445,0.9259259259259259,0.7730769230769231
2,28,regular,1,1093,1098,5,1085,8,13,0.9926806953339433,0.98816029143898,0.9954462659380692,0.9904153354632588
2,28,semiregular,1,871,859,12,786,85,73,0.9024110218140069,0.9150174621653085,1.0139697322467986,0.908670520231214
2,28,irregular,1,311,293,18,190,121,103,0.6109324758842444,0.6484641638225256,1.0614334470989761,0.6291390728476821
2,28,regular,2,1068,1098,30,1052,16,46,0.9850187265917603,0.9581056466302368,0.9726775956284153,0.971375807940905
2,28,semiregular,2,840,859,19,770,70,89,0.9166666666666666,0.8963911525029103,0.9778812572759022,0.9064155385520895
2,28,irregular,2,269,293,24,179,90,114,0.6654275092936803,0.6109215017064846,0.9180887372013652,0.6370106761565837
2,28,regular,3,1109,1098,11,1094,15,4,0.9864743011722272,0.9963570127504554,1.0100182149362478,0.991391028545537
2,28,semiregular,3,868,859,9,807,61,52,0.9297235023041475,0.9394644935972061,1.010477299185099,0.9345686160972786
2,28,irregular,3,280,293,13,199,81,94,0.7107142857142857,0.6791808873720137,0.9556313993174061,0.6945898778359512
2,29,regular,1,1118,1140,22,1115,3,25,0.9973166368515206,0.9780701754385965,0.980701754385965,0.9875996457041629
2,29,semiregular,1,888,869,19,777,111,92,0.875,0.8941311852704258,1.0218642117376295,0.8844621513944223
2,29,irregular,1,237,247,10,166,71,81,0.70042194092827,0.6720647773279352,0.9595141700404858,0.6859504132231405
2,29,regular,2,1105,1140,35,1094,11,46,0.9900452488687783,0.9596491228070175,0.9692982456140351,0.9746102449888642
2,29,semiregular,2,949,869,80,820,129,49,0.8640674394099052,0.9436133486766398,1.092059838895282,0.9020902090209021
2,29,irregular,2,256,247,9,185,71,62,0.72265625,0.7489878542510121,1.0364372469635628,0.73558648111332
2,29,regular,3,1149,1140,9,1137,12,3,0.9895561357702349,0.9973684210526316,1.0078947368421052,0.9934469200524246
2,29,semiregular,3,883,869,14,790,93,79,0.8946772366930917,0.9090909090909091,1.0161104718066742,0.9018264840182649
2,29,irregular,3,250,247,3,191,59,56,0.764,0.7732793522267206,1.0121457489878543,0.7686116700201208
2,30,regular,1,980,997,17,973,7,24,0.9928571428571429,0.9759277833500501,0.9829488465396189,0.9843196762771876
2,30,semiregular,1,798,810,12,728,70,82,0.9122807017543859,0.8987654320987655,0.9851851851851852,0.9054726368159204
2,30,irregular,1,235,250,15,160,75,90,0.6808510638297872,0.64,0.94,0.6597938144329897
2,30,regular,2,976,997,21,969,7,28,0.992827868852459,0.9719157472417251,0.9789368104312939,0.9822605169792195
2,30,semiregular,2,819,810,9,755,64,55,0.9218559218559218,0.9320987654320988,1.011111111111111,0.9269490484960098
2,30,irregular,2,228,250,22,173,55,77,0.7587719298245614,0.692,0.912,0.7238493723849372
2,30,regular,3,1005,997,8,995,10,2,0.9900497512437811,0.9979939819458375,1.00802407221665,0.9940059940059941
2,30,semiregular,3,830,810,20,760,70,50,0.9156626506024096,0.9382716049382716,1.0246913580246915,0.9268292682926829
2,30,irregular,3,243,250,7,182,61,68,0.7489711934156379,0.728,0.972,0.7383367139959431
3,1,regular,1,915,937,22,904,11,33,0.9879781420765027,0.9647812166488794,0.9765208110992529,0.976241900647948
3,1,semiregular,1,691,703,12,593,98,110,0.8581765557163531,0.8435277382645804,0.9829302987197724,0.8507890961262554
3,1,irregular,1,182,199,17,131,51,68,0.7197802197802198,0.6582914572864321,0.914572864321608,0.6876640419947506
3,1,regular,2,965,937,28,901,64,36,0.933678756476684,0.9615795090715048,1.0298826040554963,0.9474237644584647
3,1,semiregular,2,683,703,20,587,96,116,0.8594436310395315,0.8349928876244666,0.9715504978662873,0.847041847041847
3,1,irregular,2,199,199,0,150,49,49,0.7537688442211056,0.7537688442211056,1.0,0.7537688442211056
3,1,regular,3,925,937,12,919,6,18,0.9935135135135135,0.9807897545357525,0.9871931696905016,0.9871106337271752
3,1,semiregular,3,726,703,23,627,99,76,0.8636363636363636,0.8918918918918919,1.0327169274537695,0.8775367389783065
3,1,irregular,3,198,199,1,150,48,49,0.7575757575757576,0.7537688442211056,0.9949748743718593,0.7556675062972292
3,2,regular,1,1146,1224,78,1140,6,84,0.9947643979057592,0.9313725490196079,0.9362745098039216,0.9620253164556962
3,2,semiregular,1,568,647,79,537,31,110,0.9454225352112676,0.8299845440494591,0.8778979907264297,0.8839506172839506
3,2,irregular,1,183,217,34,126,57,91,0.6885245901639344,0.5806451612903226,0.8433179723502304,0.63
3,2,regular,2,1170,1224,54,1151,19,73,0.9837606837606837,0.940359477124183,0.9558823529411765,0.9615705931495405
3,2,semiregular,2,622,647,25,587,35,60,0.9437299035369775,0.9072642967542504,0.9613601236476044,0.925137903861308
3,2,irregular,2,228,217,11,168,60,49,0.7368421052631579,0.7741935483870968,1.0506912442396312,0.755056179775281
3,2,regular,3,1218,1224,6,1212,6,12,0.9950738916256158,0.9901960784313726,0.9950980392156863,0.9926289926289927
3,2,semiregular,3,650,647,3,608,42,39,0.9353846153846154,0.9397217928902627,1.0046367851622875,0.9375481881264456
3,2,irregular,3,226,217,9,167,59,50,0.7389380530973452,0.7695852534562212,1.0414746543778801,0.7539503386004515
3,3,regular,1,1017,1053,36,1008,9,45,0.9911504424778761,0.9572649572649573,0.9658119658119658,0.9739130434782609
3,3,semiregular,1,684,716,32,615,69,101,0.8991228070175439,0.8589385474860335,0.9553072625698324,0.8785714285714287
3,3,irregular,1,216,224,8,155,61,69,0.7175925925925926,0.6919642857142857,0.9642857142857143,0.7045454545454546
3,3,regular,2,990,1053,63,976,14,77,0.9858585858585859,0.9268755935422602,0.9401709401709402,0.9554576603034753
3,3,semiregular,2,713,716,3,641,72,75,0.8990182328190743,0.8952513966480447,0.9958100558659218,0.8971308607417775
3,3,irregular,2,220,224,4,165,55,59,0.75,0.7366071428571429,0.9821428571428571,0.7432432432432433
3,3,regular,3,1042,1053,11,1039,3,14,0.9971209213051824,0.9867046533713201,0.9895536562203229,0.9918854415274464
3,3,semiregular,3,726,716,10,655,71,61,0.9022038567493113,0.914804469273743,1.0139664804469273,0.9084604715672677
3,3,irregular,3,211,224,13,165,46,59,0.7819905213270142,0.7366071428571429,0.9419642857142857,0.7586206896551725
3,4,regular,1,1068,1101,33,1058,10,43,0.9906367041198502,0.96094459582198,0.9700272479564033,0.9755647763946519
3,4,semiregular,1,583,614,31,498,85,116,0.8542024013722127,0.8110749185667753,0.9495114006514658,0.8320802005012532
3,4,irregular,1,217,228,11,144,73,84,0.663594470046083,0.631578947368421,0.9517543859649122,0.647191011235955
3,4,regular,2,1087,1101,14,1073,14,28,0.9871205151793928,0.9745685740236149,0.9872842870118075,0.9808043875685557
3,4,semiregular,2,598,614,16,535,63,79,0.8946488294314381,0.8713355048859935,0.9739413680781759,0.8828382838283829
3,4,irregular,2,238,228,10,182,56,46,0.7647058823529411,0.7982456140350878,1.043859649122807,0.7811158798283262
3,4,regular,3,1094,1101,7,1091,3,10,0.9972577696526508,0.9909173478655767,0.9936421435059037,0.9940774487471525
3,4,semiregular,3,614,614,0,545,69,69,0.8876221498371335,0.8876221498371335,1.0,0.8876221498371335
3,4,irregular,3,221,228,7,168,53,60,0.7601809954751131,0.7368421052631579,0.9692982456140351,0.7483296213808461
3,5,regular,1,1022,1044,22,1014,8,30,0.9921722113502935,0.9712643678160919,0.9789272030651341,0.9816069699903194
3,5,semiregular,1,706,668,38,609,97,59,0.8626062322946175,0.9116766467065869,1.0568862275449102,0.8864628820960699
3,5,irregular,1,221,217,4,157,64,60,0.7104072398190046,0.7235023041474654,1.0184331797235022,0.7168949771689499
3,5,regular,2,1050,1044,6,1038,12,6,0.9885714285714285,0.9942528735632183,1.0057471264367817,0.991404011461318
3,5,semiregular,2,703,668,35,605,98,63,0.8605974395448079,0.905688622754491,1.0523952095808384,0.8825674690007294
3,5,irregular,2,223,217,6,164,59,53,0.7354260089686099,0.7557603686635944,1.0276497695852536,0.7454545454545455
3,5,regular,3,1036,1044,8,1033,3,11,0.997104247104247,0.9894636015325671,0.9923371647509579,0.9932692307692307
3,5,semiregular,3,680,668,12,594,86,74,0.8735294117647059,0.8892215568862275,1.0179640718562875,0.881305637982196
3,5,irregular,3,219,217,2,161,58,56,0.7351598173515982,0.7419354838709677,1.0092165898617511,0.7385321100917431
3,6,regular,1,861,915,54,850,11,65,0.9872241579558653,0.9289617486338798,0.940983606557377,0.9572072072072072
3,6,semiregular,1,681,701,20,627,54,74,0.920704845814978,0.8944365192582026,0.9714693295292439,0.9073806078147612
3,6,irregular,1,190,195,5,119,71,76,0.6263157894736842,0.6102564102564103,0.9743589743589743,0.6181818181818182
3,6,regular,2,990,915,75,913,77,2,0.9222222222222223,0.9978142076502732,1.0819672131147542,0.9585301837270341
3,6,semiregular,2,722,701,21,645,77,56,0.8933518005540166,0.920114122681883,1.029957203994294,0.9065354884047787
3,6,irregular,2,187,195,8,135,52,60,0.7219251336898396,0.6923076923076923,0.958974358974359,0.7068062827225131
3,6,regular,3,910,915,5,907,3,8,0.9967032967032967,0.9912568306010929,0.994535519125683,0.9939726027397261
3,6,semiregular,3,719,701,18,657,62,44,0.913769123783032,0.9372325249643366,1.0256776034236805,0.9253521126760563
3,6,irregular,3,207,195,12,152,55,43,0.7342995169082126,0.7794871794871795,1.0615384615384615,0.7562189054726368
3,7,regular,1,1215,1230,15,1198,17,32,0.9860082304526749,0.9739837398373984,0.9878048780487805,0.9799591002044991
3,7,semiregular,1,779,761,18,666,113,95,0.8549422336328626,0.8751642575558476,1.02365308804205,0.8649350649350649
3,7,irregular,1,224,225,1,158,66,67,0.7053571428571429,0.7022222222222222,0.9955555555555555,0.7037861915367484
3,7,regular,2,1200,1230,30,1176,24,54,0.98,0.9560975609756097,0.975609756097561,0.9679012345679012
3,7,semiregular,2,717,761,44,631,86,130,0.8800557880055788,0.8291721419185283,0.9421813403416557,0.8538565629228688
3,7,irregular,2,219,225,6,178,41,47,0.8127853881278538,0.7911111111111111,0.9733333333333334,0.8018018018018018
3,7,regular,3,1217,1230,13,1214,3,16,0.9975349219391948,0.9869918699186991,0.989430894308943,0.9922353902738047
3,7,semiregular,3,755,761,6,657,98,104,0.8701986754966887,0.8633377135348226,0.9921156373193167,0.866754617414248
3,7,irregular,3,215,225,10,169,46,56,0.786046511627907,0.7511111111111111,0.9555555555555556,0.7681818181818182
3,8,regular,1,1007,1035,28,1002,5,33,0.9950347567030785,0.9681159420289855,0.9729468599033816,0.9813907933398629
3,8,semiregular,1,807,827,20,725,82,102,0.8983890954151177,0.8766626360338573,0.9758162031438936,0.887392900856793
3,8,irregular,1,244,243,1,145,99,98,0.5942622950819673,0.5967078189300411,1.0041152263374487,0.595482546201232
3,8,regular,2,1058,1035,23,1027,31,8,0.9706994328922496,0.9922705314009662,1.0222222222222221,0.9813664596273293
3,8,semiregular,2,821,827,6,752,69,75,0.9159561510353228,0.909310761789601,0.992744860943168,0.912621359223301
3,8,irregular,2,239,243,4,170,69,73,0.7112970711297071,0.6995884773662552,0.9835390946502057,0.7053941908713692
3,8,regular,3,1027,1035,8,1022,5,13,0.9951314508276533,0.9874396135265701,0.9922705314009662,0.991270611057226
3,8,semiregular,3,841,827,14,762,79,65,0.906064209274673,0.9214026602176542,1.0169286577992744,0.9136690647482013
3,8,irregular,3,246,243,3,174,72,69,0.7073170731707317,0.7160493827160493,1.0123456790123457,0.7116564417177914
3,9,regular,1,1073,1107,34,1068,5,39,0.9953401677539608,0.964769647696477,0.969286359530262,0.9798165137614678
3,9,semiregular,1,642,701,59,605,37,96,0.942367601246106,0.8630527817403709,0.9158345221112696,0.9009679821295606
3,9,irregular,1,206,266,60,160,46,106,0.7766990291262136,0.6015037593984962,0.7744360902255639,0.6779661016949152
3,9,regular,2,1053,1107,54,1043,10,64,0.9905033238366572,0.9421860885275519,0.9512195121951219,0.9657407407407408
3,9,semiregular,2,655,701,46,613,42,88,0.9358778625954198,0.8744650499286734,0.9343794579172611,0.9041297935103245
3,9,irregular,2,264,266,2,201,63,65,0.7613636363636364,0.7556390977443609,0.9924812030075187,0.7584905660377358
3,9,regular,3,1091,1107,16,1088,3,19,0.997250229147571,0.982836495031617,0.985546522131888,0.9899909008189263
3,9,semiregular,3,701,701,0,656,45,45,0.9358059914407989,0.9358059914407989,1.0,0.9358059914407989
3,9,irregular,3,256,266,10,198,58,68,0.7734375,0.7443609022556391,0.9624060150375939,0.7586206896551724
3,10,regular,1,974,1014,40,967,7,47,0.9928131416837782,0.9536489151873767,0.960552268244576,0.9728370221327968
3,10,semiregular,1,650,656,6,589,61,67,0.9061538461538462,0.8978658536585366,0.9908536585365854,0.9019908116385911
3,10,irregular,1,214,247,33,167,47,80,0.780373831775701,0.6761133603238867,0.8663967611336032,0.7245119305856833
3,10,regular,2,1071,1014,57,1012,59,2,0.9449112978524743,0.9980276134122288,1.0562130177514792,0.9707434052757794
3,10,semiregular,2,617,656,39,567,50,89,0.9189627228525121,0.864329268292683,0.9405487804878049,0.8908091123330716
3,10,irregular,2,252,247,5,200,52,47,0.7936507936507936,0.8097165991902834,1.0202429149797572,0.8016032064128257
3,10,regular,3,1013,1014,1,1008,5,6,0.9950641658440277,0.9940828402366864,0.9990138067061144,0.994573260976813
3,10,semiregular,3,668,656,12,610,58,46,0.9131736526946108,0.9298780487804879,1.0182926829268293,0.9214501510574018
3,10,irregular,3,238,247,9,186,52,61,0.7815126050420168,0.7530364372469636,0.9635627530364372,0.7670103092783505
3,11,regular,1,1051,1070,19,1049,2,21,0.9980970504281637,0.9803738317757009,0.9822429906542056,0.9891560584629892
3,11,semiregular,1,702,700,2,613,89,87,0.8732193732193733,0.8757142857142857,1.002857142857143,0.8744650499286735
3,11,irregular,1,230,239,9,165,65,74,0.717391304347826,0.6903765690376569,0.9623430962343096,0.7036247334754798
3,11,regular,2,1057,1070,13,1047,10,23,0.9905392620624409,0.9785046728971962,0.9878504672897196,0.9844851904090268
3,11,semiregular,2,698,700,2,618,80,82,0.8853868194842407,0.8828571428571429,0.9971428571428571,0.8841201716738198
3,11,irregular,2,224,239,15,174,50,65,0.7767857142857143,0.7280334728033473,0.9372384937238494,0.7516198704103673
3,11,regular,3,1057,1070,13,1054,3,16,0.9971617786187322,0.9850467289719627,0.9878504672897196,0.9910672308415609
3,11,semiregular,3,697,700,3,619,78,81,0.8880918220946915,0.8842857142857142,0.9957142857142857,0.886184681460272
3,11,irregular,3,222,239,17,173,49,66,0.7792792792792793,0.7238493723849372,0.9288702928870293,0.7505422993492407
3,12,regular,1,987,1007,20,983,4,24,0.9959473150962512,0.9761668321747765,0.9801390268123138,0.9859578736208625
3,12,semiregular,1,688,641,47,580,108,61,0.8430232558139535,0.9048361934477379,1.0733229329173166,0.8728367193378481
3,12,irregular,1,240,204,36,156,84,48,0.65,0.7647058823529411,1.1764705882352942,0.7027027027027027
3,12,regular,2,1056,1007,49,1007,49,0,0.9535984848484849,1.0,1.048659384309831,0.9762481822588464
3,12,semiregular,2,643,641,2,554,89,87,0.8615863141524106,0.8642745709828393,1.0031201248049921,0.8629283489096573
3,12,irregular,2,230,204,26,157,73,47,0.6826086956521739,0.7696078431372549,1.1274509803921569,0.7235023041474655
3,12,regular,3,1006,1007,1,1003,3,4,0.9970178926441352,0.9960278053624627,0.9990069513406157,0.9965226030799802
3,12,semiregular,3,644,641,3,570,74,71,0.8850931677018633,0.8892355694227769,1.0046801872074882,0.88715953307393
3,12,irregular,3,218,204,14,156,62,48,0.7155963302752294,0.7647058823529411,1.0686274509803921,0.7393364928909951
3,13,regular,1,950,1000,50,948,2,52,0.9978947368421053,0.948,0.95,0.9723076923076923
3,13,semiregular,1,866,815,51,780,86,35,0.9006928406466512,0.9570552147239264,1.0625766871165645,0.9280190362879239
3,13,irregular,1,235,216,19,146,89,70,0.6212765957446809,0.6759259259259259,1.087962962962963,0.647450110864745
3,13,regular,2,1017,1000,17,998,19,2,0.9813176007866273,0.998,1.017,0.9895884977689638
3,13,semiregular,2,843,815,28,768,75,47,0.9110320284697508,0.9423312883435583,1.034355828220859,0.9264173703256936
3,13,irregular,2,235,216,19,163,72,53,0.6936170212765957,0.7546296296296297,1.087962962962963,0.7228381374722838
3,13,regular,3,987,1000,13,985,2,15,0.9979736575481256,0.985,0.987,0.9914443885254153
3,13,semiregular,3,816,815,1,753,63,62,0.9227941176470589,0.9239263803680982,1.0012269938650307,0.9233599019006744
3,13,irregular,3,227,216,11,175,52,41,0.7709251101321586,0.8101851851851852,1.0509259259259258,0.7900677200902935
3,14,regular,1,975,1052,77,975,0,77,1.0,0.9268060836501901,0.9268060836501901,0.9620128268376912
3,14,semiregular,1,802,913,111,742,60,171,0.9251870324189526,0.8127053669222344,0.8784227820372399,0.8653061224489795
3,14,irregular,1,216,217,1,149,67,68,0.6898148148148148,0.6866359447004609,0.9953917050691244,0.6882217090069284
3,14,regular,2,1020,1052,32,1004,16,48,0.984313725490196,0.9543726235741445,0.9695817490494296,0.9691119691119691
3,14,semiregular,2,884,913,29,824,60,89,0.9321266968325792,0.9025191675794085,0.968236582694414,0.9170840289371174
3,14,irregular,2,251,217,34,181,70,36,0.7211155378486056,0.8341013824884793,1.1566820276497696,0.7735042735042735
3,14,regular,3,1044,1052,8,1043,1,9,0.9990421455938697,0.9914448669201521,0.9923954372623575,0.9952290076335879
3,14,semiregular,3,911,913,2,842,69,71,0.9242590559824369,0.9222343921139102,0.9978094194961665,0.9232456140350876
3,14,irregular,3,202,217,15,154,48,63,0.7623762376237624,0.7096774193548387,0.9308755760368663,0.7350835322195703
3,15,regular,1,975,964,11,964,11,0,0.9887179487179487,1.0,1.0114107883817427,0.9943269726663229
3,15,semiregular,1,763,774,11,702,61,72,0.9200524246395806,0.9069767441860465,0.9857881136950905,0.9134677944046845
3,15,irregular,1,199,218,19,157,42,61,0.7889447236180904,0.7201834862385321,0.9128440366972477,0.7529976019184653
3,15,regular,2,958,964,6,945,13,19,0.9864300626304802,0.9802904564315352,0.9937759336099585,0.983350676378772
3,15,semiregular,2,777,774,3,713,64,61,0.9176319176319176,0.9211886304909561,1.003875968992248,0.9194068343004513
3,15,irregular,2,202,218,16,158,44,60,0.7821782178217822,0.7247706422018348,0.926605504587156,0.7523809523809524
3,15,regular,3,958,964,6,955,3,9,0.9968684759916493,0.9906639004149378,0.9937759336099585,0.9937565036420396
3,15,semiregular,3,730,774,44,684,46,90,0.936986301369863,0.8837209302325582,0.9431524547803618,0.9095744680851063
3,15,irregular,3,227,218,9,178,49,40,0.7841409691629956,0.8165137614678899,1.0412844036697249,0.7999999999999999
3,16,regular,1,53,1109,1056,53,0,1056,1.0,0.047790802524797116,0.047790802524797116,0.09122203098106713
3,16,semiregular,1,433,681,248,370,63,311,0.8545034642032333,0.5433186490455213,0.6358296622613803,0.6642728904847397
3,16,irregular,1,126,272,146,55,71,217,0.4365079365079365,0.20220588235294118,0.4632352941176471,0.2763819095477387
3,16,regular,2,1136,1109,27,1108,28,1,0.9753521126760564,0.9990982867448152,1.024346257889991,0.9870824053452115
3,16,semiregular,2,668,681,13,597,71,84,0.8937125748502994,0.8766519823788547,0.9809104258443465,0.8851000741289844
3,16,irregular,2,264,272,8,198,66,74,0.75,0.7279411764705882,0.9705882352941176,0.7388059701492536
3,16,regular,3,1085,1109,24,1080,5,29,0.9953917050691244,0.9738503155996393,0.9783588818755635,0.9845031905195989
3,16,semiregular,3,645,681,36,582,63,99,0.9023255813953488,0.8546255506607929,0.947136563876652,0.8778280542986425
3,16,irregular,3,229,272,43,188,41,84,0.8209606986899564,0.6911764705882353,0.8419117647058824,0.7504990019960079
3,17,regular,1,321,1029,708,321,0,708,1.0,0.3119533527696793,0.3119533527696793,0.47555555555555556
3,17,semiregular,1,563,837,274,506,57,331,0.8987566607460036,0.6045400238948626,0.6726403823178017,0.7228571428571428
3,17,irregular,1,206,240,34,77,129,163,0.3737864077669903,0.32083333333333336,0.8583333333333333,0.34529147982062786
3,17,regular,2,1102,1029,73,1029,73,0,0.9337568058076225,1.0,1.0709426627793974,0.9657437822618489
3,17,semiregular,2,884,837,47,786,98,51,0.8891402714932126,0.9390681003584229,1.056152927120669,0.9134224288204532
3,17,irregular,2,304,240,64,196,108,44,0.6447368421052632,0.8166666666666667,1.2666666666666666,0.7205882352941178
3,17,regular,3,1050,1029,21,1027,23,2,0.9780952380952381,0.9980563654033042,1.0204081632653061,0.987974987974988
3,17,semiregular,3,851,837,14,780,71,57,0.9165687426556992,0.931899641577061,1.016726403823178,0.9241706161137441
3,17,irregular,3,254,240,14,188,66,52,0.7401574803149606,0.7833333333333333,1.0583333333333333,0.7611336032388665
3,18,regular,1,510,1044,534,509,1,535,0.9980392156862745,0.4875478927203065,0.4885057471264368,0.6550836550836551
3,18,semiregular,1,627,801,174,587,40,214,0.9362041467304625,0.7328339575530587,0.7827715355805244,0.8221288515406162
3,18,irregular,1,117,252,135,88,29,164,0.7521367521367521,0.3492063492063492,0.4642857142857143,0.47696476964769646
3,18,regular,2,1136,1044,92,1044,92,0,0.9190140845070423,1.0,1.0881226053639848,0.9577981651376147
3,18,semiregular,2,832,801,31,764,68,37,0.9182692307692307,0.9538077403245943,1.038701622971286,0.9357011635027557
3,18,irregular,2,270,252,18,194,76,58,0.7185185185185186,0.7698412698412699,1.0714285714285714,0.7432950191570882
3,18,regular,3,1061,1044,17,1042,19,2,0.9820923656927427,0.9980842911877394,1.0162835249042146,0.9900237529691212
3,18,semiregular,3,826,801,25,760,66,41,0.9200968523002422,0.9488139825218477,1.0312109862671661,0.9342347879532883
3,18,irregular,3,263,252,11,200,63,52,0.7604562737642585,0.7936507936507936,1.0436507936507937,0.7766990291262135
3,19,regular,1,1019,1076,57,1017,2,59,0.9980372914622179,0.9451672862453532,0.9470260223048327,0.9708830548926014
3,19,semiregular,1,732,753,21,673,59,80,0.9193989071038251,0.8937583001328021,0.9721115537848606,0.9063973063973063
3,19,irregular,1,264,245,19,173,91,72,0.6553030303030303,0.7061224489795919,1.0775510204081633,0.6797642436149313
3,19,regular,2,1112,1076,36,1073,39,3,0.9649280575539568,0.9972118959107806,1.033457249070632,0.9808043875685558
3,19,semiregular,2,737,753,16,681,56,72,0.9240162822252375,0.9043824701195219,0.9787516600265604,0.9140939597315436
3,19,irregular,2,258,245,13,191,67,54,0.7403100775193798,0.7795918367346939,1.0530612244897959,0.7594433399602385
3,19,regular,3,1071,1076,5,1069,2,7,0.9981325863678805,0.9934944237918215,0.9953531598513011,0.9958081043316255
3,19,semiregular,3,727,753,26,675,52,78,0.9284731774415406,0.896414342629482,0.9654714475431607,0.9121621621621622
3,19,irregular,3,238,245,7,179,59,66,0.7521008403361344,0.7306122448979592,0.9714285714285714,0.7412008281573499
3,20,regular,1,1133,1251,118,1131,2,120,0.9982347749338041,0.9040767386091128,0.9056754596322941,0.9488255033557047
3,20,semiregular,1,846,841,5,741,105,100,0.875886524822695,0.8810939357907254,1.0059453032104637,0.8784825133372852
3,20,irregular,1,251,252,1,160,91,92,0.6374501992031872,0.6349206349206349,0.996031746031746,0.6361829025844931
3,20,regular,2,1257,1251,6,1234,23,17,0.9817024661893397,0.9864108713029577,1.0047961630695443,0.9840510366826156
3,20,semiregular,2,815,841,26,719,96,122,0.8822085889570552,0.8549346016646849,0.9690844233055886,0.8683574879227053
3,20,irregular,2,265,252,13,196,69,56,0.7396226415094339,0.7777777777777778,1.0515873015873016,0.7582205029013539
3,20,regular,3,1221,1251,30,1218,3,33,0.9975429975429976,0.973621103117506,0.9760191846522782,0.9854368932038835
3,20,semiregular,3,842,841,1,744,98,97,0.8836104513064132,0.8846611177170036,1.0011890606420928,0.8841354723707665
3,20,irregular,3,251,252,1,186,65,66,0.7410358565737052,0.7380952380952381,0.996031746031746,0.7395626242544732
3,21,regular,1,909,920,11,903,6,17,0.9933993399339934,0.9815217391304348,0.9880434782608696,0.9874248223072718
3,21,semiregular,1,568,549,19,463,105,86,0.8151408450704225,0.843351548269581,1.034608378870674,0.829006266786034
3,21,irregular,1,198,204,6,146,52,58,0.7373737373737373,0.7156862745098039,0.9705882352941176,0.72636815920398
3,21,regular,2,976,920,56,920,56,0,0.9426229508196722,1.0,1.0608695652173914,0.9704641350210971
3,21,semiregular,2,565,549,16,474,91,75,0.8389380530973451,0.8633879781420765,1.029143897996357,0.850987432675045
3,21,irregular,2,217,204,13,160,57,44,0.7373271889400922,0.7843137254901961,1.0637254901960784,0.7600950118764845
3,21,regular,3,916,920,4,914,2,6,0.9978165938864629,0.9934782608695653,0.9956521739130435,0.9956427015250545
3,21,semiregular,3,571,549,22,483,88,66,0.8458844133099825,0.8797814207650273,1.0400728597449909,0.8625000000000002
3,21,irregular,3,210,204,6,162,48,42,0.7714285714285715,0.7941176470588235,1.0294117647058822,0.782608695652174
3,22,regular,1,948,946,2,940,8,6,0.9915611814345991,0.9936575052854123,1.0021141649048626,0.9926082365364309
3,22,semiregular,1,707,703,4,621,86,82,0.8783592644978784,0.883357041251778,1.0056899004267426,0.8808510638297872
3,22,irregular,1,208,247,39,155,53,92,0.7451923076923077,0.6275303643724697,0.8421052631578947,0.6813186813186813
3,22,regular,2,1009,946,63,946,63,0,0.9375619425173439,1.0,1.0665961945031712,0.9677749360613811
3,22,semiregular,2,673,703,30,609,64,94,0.9049034175334324,0.8662873399715505,0.957325746799431,0.8851744186046512
3,22,irregular,2,231,247,16,171,60,76,0.7402597402597403,0.6923076923076923,0.9352226720647774,0.7154811715481171
3,22,regular,3,939,946,7,936,3,10,0.9968051118210862,0.9894291754756871,0.992600422832981,0.993103448275862
3,22,semiregular,3,700,703,3,635,65,68,0.9071428571428571,0.903271692745377,0.9957325746799431,0.9052031361368496
3,22,irregular,3,243,247,4,181,62,66,0.7448559670781894,0.7327935222672065,0.9838056680161943,0.7387755102040816
3,23,regular,1,973,999,26,964,9,35,0.9907502569373073,0.964964964964965,0.973973973973974,0.9776876267748479
3,23,semiregular,1,875,835,40,750,125,85,0.8571428571428571,0.8982035928143712,1.0479041916167664,0.8771929824561404
3,23,irregular,1,264,266,2,164,100,102,0.6212121212121212,0.6165413533834586,0.9924812030075187,0.6188679245283019
3,23,regular,2,994,999,5,975,19,24,0.9808853118712274,0.975975975975976,0.994994994994995,0.9784244856999499
3,23,semiregular,2,841,835,6,746,95,89,0.8870392390011891,0.8934131736526946,1.007185628742515,0.8902147971360382
3,23,irregular,2,247,266,19,178,69,88,0.7206477732793523,0.6691729323308271,0.9285714285714286,0.6939571150097466
3,23,regular,3,1003,999,4,993,10,6,0.9900299102691924,0.993993993993994,1.004004004004004,0.9920079920079921
3,23,semiregular,3,854,835,19,763,91,72,0.8934426229508197,0.9137724550898204,1.022754491017964,0.9034931912374187
3,23,irregular,3,265,266,1,184,81,82,0.6943396226415094,0.6917293233082706,0.9962406015037594,0.6930320150659133
3,24,regular,1,1035,1079,44,1024,11,55,0.9893719806763285,0.9490268767377201,0.959221501390176,0.9687795648060549
3,24,semiregular,1,666,680,14,613,53,67,0.9204204204204204,0.9014705882352941,0.9794117647058823,0.9108469539375929
3,24,irregular,1,197,247,50,155,42,92,0.7868020304568528,0.6275303643724697,0.7975708502024291,0.6981981981981983
3,24,regular,2,1055,1079,24,1036,19,43,0.9819905213270143,0.9601482854494903,0.9777571825764597,0.9709465791940018
3,24,semiregular,2,658,680,22,610,48,70,0.9270516717325228,0.8970588235294118,0.9676470588235294,0.9118086696562032
3,24,irregular,2,240,247,7,195,45,52,0.8125,0.7894736842105263,0.97165991902834,0.8008213552361396
3,24,regular,3,1072,1079,7,1067,5,12,0.9953358208955224,0.9888785912882299,0.9935125115848007,0.99209669920967
3,24,semiregular,3,688,680,8,639,49,41,0.9287790697674418,0.9397058823529412,1.011764705882353,0.9342105263157895
3,24,irregular,3,232,247,15,194,38,53,0.8362068965517241,0.7854251012145749,0.9392712550607287,0.8100208768267223
3,25,regular,1,942,946,4,935,7,11,0.9925690021231423,0.9883720930232558,0.9957716701902748,0.9904661016949153
3,25,semiregular,1,682,718,36,613,69,105,0.8988269794721407,0.8537604456824512,0.9498607242339833,0.8757142857142856
3,25,irregular,1,201,207,6,128,73,79,0.6368159203980099,0.6183574879227053,0.9710144927536232,0.627450980392157
3,25,regular,2,940,946,6,932,8,14,0.9914893617021276,0.985200845665962,0.9936575052854123,0.9883351007423118
3,25,semiregular,2,712,718,6,641,71,77,0.9002808988764045,0.8927576601671309,0.9916434540389972,0.8965034965034965
3,25,irregular,2,239,207,32,140,99,67,0.5857740585774058,0.6763285024154589,1.1545893719806763,0.6278026905829597
3,25,regular,3,938,946,8,935,3,11,0.9968017057569296,0.9883720930232558,0.9915433403805497,0.9925690021231423
3,25,semiregular,3,723,718,5,650,73,68,0.8990318118948825,0.9052924791086351,1.0069637883008355,0.9021512838306732
3,25,irregular,3,212,207,5,135,77,72,0.6367924528301887,0.6521739130434783,1.0241545893719808,0.6443914081145585
3,26,regular,1,959,985,26,945,14,40,0.9854014598540146,0.9593908629441624,0.9736040609137055,0.9722222222222222
3,26,semiregular,1,729,720,9,638,91,82,0.8751714677640604,0.8861111111111111,1.0125,0.8806073153899241
3,26,irregular,1,242,214,28,159,83,55,0.6570247933884298,0.7429906542056075,1.1308411214953271,0.6973684210526316
3,26,regular,2,1000,985,15,975,25,10,0.975,0.9898477157360406,1.015228426395939,0.982367758186398
3,26,semiregular,2,688,720,32,628,60,92,0.9127906976744186,0.8722222222222222,0.9555555555555556,0.8920454545454546
3,26,irregular,2,252,214,38,172,80,42,0.6825396825396826,0.8037383177570093,1.1775700934579438,0.7381974248927038
3,26,regular,3,985,985,0,978,7,7,0.9928934010152284,0.9928934010152284,1.0,0.9928934010152284
3,26,semiregular,3,749,720,29,665,84,55,0.8878504672897196,0.9236111111111112,1.0402777777777779,0.9053778080326753
3,26,irregular,3,259,214,45,172,87,42,0.6640926640926641,0.8037383177570093,1.2102803738317758,0.7272727272727273
3,27,regular,1,1091,1166,75,1089,2,77,0.998166819431714,0.9339622641509434,0.9356775300171527,0.9649977846699158
3,27,semiregular,1,673,728,55,597,76,131,0.8870728083209509,0.820054945054945,0.9244505494505495,0.8522483940042827
3,27,irregular,1,235,270,35,175,60,95,0.7446808510638298,0.6481481481481481,0.8703703703703703,0.6930693069306931
3,27,regular,2,1126,1166,40,1111,15,55,0.9866785079928952,0.9528301886792453,0.9656946826758147,0.9694589877835952
3,27,semiregular,2,716,728,12,655,61,73,0.914804469273743,0.8997252747252747,0.9835164835164835,0.907202216066482
3,27,irregular,2,268,270,2,220,48,50,0.8208955223880597,0.8148148148148148,0.9925925925925926,0.8178438661710037
3,27,regular,3,1155,1166,11,1152,3,14,0.9974025974025974,0.9879931389365352,0.9905660377358491,0.992675570874623
3,27,semiregular,3,720,728,8,657,63,71,0.9125,0.9024725274725275,0.989010989010989,0.9074585635359117
3,27,irregular,3,256,270,14,206,50,64,0.8046875,0.762962962962963,0.9481481481481482,0.7832699619771862
3,28,regular,1,1058,1098,40,1051,7,47,0.9933837429111532,0.9571948998178507,0.9635701275045537,0.9749536178107606
3,28,semiregular,1,872,859,13,792,80,67,0.908256880733945,0.9220023282887078,1.0151338766006985,0.9150779896013864
3,28,irregular,1,295,293,2,177,118,116,0.6,0.6040955631399317,1.006825938566553,0.6020408163265306
3,28,regular,2,1089,1098,9,1070,19,28,0.9825528007346189,0.9744990892531876,0.9918032786885246,0.978509373571102
3,28,semiregular,2,844,859,15,766,78,93,0.9075829383886256,0.8917345750873108,0.9825378346915018,0.8995889606576629
3,28,irregular,2,302,293,9,198,104,95,0.6556291390728477,0.6757679180887372,1.030716723549488,0.6655462184873949
3,28,regular,3,1088,1098,10,1083,5,15,0.9954044117647058,0.9863387978142076,0.9908925318761385,0.990850869167429
3,28,semiregular,3,882,859,23,807,75,52,0.9149659863945578,0.9394644935972061,1.0267753201396974,0.9270534175761057
3,28,irregular,3,281,293,12,193,88,100,0.6868327402135231,0.658703071672355,0.9590443686006825,0.672473867595819
3,29,regular,1,1108,1140,32,1105,3,35,0.9972924187725631,0.9692982456140351,0.9719298245614035,0.9830960854092526
3,29,semiregular,1,879,869,10,775,104,94,0.8816837315130831,0.8918296892980437,1.0115074798619101,0.8867276887871854
3,29,irregular,1,227,247,20,163,64,84,0.7180616740088106,0.659919028340081,0.9190283400809717,0.6877637130801688
3,29,regular,2,1131,1140,9,1116,15,24,0.986737400530504,0.9789473684210527,0.9921052631578947,0.9828269484808454
3,29,semiregular,2,923,869,54,807,116,62,0.8743228602383532,0.9286536248561565,1.0621403912543153,0.9006696428571429
3,29,irregular,2,279,247,32,192,87,55,0.6881720430107527,0.7773279352226721,1.1295546558704452,0.7300380228136882
3,29,regular,3,1123,1140,17,1120,3,20,0.9973285841495992,0.9824561403508771,0.9850877192982456,0.9898365002209455
3,29,semiregular,3,878,869,9,784,94,85,0.8929384965831435,0.9021864211737629,1.0103567318757192,0.8975386376645678
3,29,irregular,3,246,247,1,187,59,60,0.7601626016260162,0.757085020242915,0.9959514170040485,0.7586206896551724
3,30,regular,1,968,997,29,963,5,34,0.9948347107438017,0.9658976930792377,0.970912738214644,0.9801526717557252
3,30,semiregular,1,801,810,9,728,73,82,0.9088639200998752,0.8987654320987655,0.9888888888888889,0.9037864680322781
3,30,irregular,1,252,250,2,162,90,88,0.6428571428571429,0.648,1.008,0.6454183266932271
3,30,regular,2,974,997,23,966,8,31,0.9917864476386037,0.9689067201604814,0.9769307923771314,0.980213089802131
3,30,semiregular,2,814,810,4,745,69,65,0.9152334152334153,0.9197530864197531,1.0049382716049382,0.9174876847290641
3,30,irregular,2,244,250,6,179,65,71,0.7336065573770492,0.716,0.976,0.7246963562753036
3,30,regular,3,987,997,10,984,3,13,0.9969604863221885,0.9869608826479438,0.9899699097291875,0.9919354838709677
3,30,semiregular,3,818,810,8,751,67,59,0.9180929095354523,0.9271604938271605,1.0098765432098766,0.9226044226044227
3,30,irregular,3,247,250,3,181,66,69,0.7327935222672065,0.724,0.988,0.7283702213279677
4,1,regular,1,921,937,16,910,11,27,0.988056460369164,0.9711846318036286,0.9829242262540021,0.9795479009687836
4,1,semiregular,1,745,703,42,631,114,72,0.8469798657718121,0.8975817923186344,1.0597439544807965,0.8715469613259668
4,1,irregular,1,207,199,8,142,65,57,0.6859903381642513,0.7135678391959799,1.0402010050251256,0.6995073891625616
4,1,regular,2,936,937,1,921,15,16,0.9839743589743589,0.9829242262540021,0.9989327641408752,0.9834490122797651
4,1,semiregular,2,734,703,31,622,112,81,0.8474114441416893,0.8847795163584637,1.0440967283072546,0.8656924147529576
4,1,irregular,2,185,199,14,144,41,55,0.7783783783783784,0.7236180904522613,0.9296482412060302,0.7500000000000001
4,1,regular,3,944,937,7,930,14,7,0.9851694915254238,0.9925293489861259,1.007470651013874,0.988835725677831
4,1,semiregular,3,708,703,5,628,80,75,0.8870056497175142,0.8933143669985776,1.0071123755334281,0.890148830616584
4,1,irregular,3,196,199,3,145,51,54,0.7397959183673469,0.7286432160804021,0.9849246231155779,0.7341772151898734
4,2,regular,1,1196,1224,28,1189,7,35,0.9941471571906354,0.9714052287581699,0.9771241830065359,0.9826446280991735
4,2,semiregular,1,604,647,43,563,41,84,0.9321192052980133,0.8701700154559505,0.9335394126738794,0.9000799360511591
4,2,irregular,1,185,217,32,101,84,116,0.5459459459459459,0.46543778801843316,0.8525345622119815,0.5024875621890548
4,2,regular,2,1209,1224,15,1198,11,26,0.9909015715467329,0.9787581699346405,0.9877450980392157,0.984792437320181
4,2,semiregular,2,636,647,11,594,42,53,0.9339622641509434,0.9180834621329211,0.9829984544049459,0.9259547934528449
4,2,irregular,2,212,217,5,162,50,55,0.7641509433962265,0.7465437788018433,0.9769585253456221,0.7552447552447552
4,2,regular,3,1159,1224,65,1154,5,70,0.9956859361518551,0.9428104575163399,0.9468954248366013,0.9685270667226186
4,2,semiregular,3,636,647,11,597,39,50,0.9386792452830188,0.9227202472952086,0.9829984544049459,0.9306313328137178
4,2,irregular,3,228,217,11,173,55,44,0.7587719298245614,0.7972350230414746,1.0506912442396312,0.7775280898876405
4,3,regular,1,1025,1053,28,1016,9,37,0.9912195121951219,0.9648622981956315,0.97340930674264,0.9778633301251204
4,3,semiregular,1,722,716,6,649,73,67,0.8988919667590027,0.9064245810055865,1.0083798882681565,0.9026425591098749
4,3,irregular,1,221,224,3,153,68,71,0.6923076923076923,0.6830357142857143,0.9866071428571429,0.6876404494382022
4,3,regular,2,1026,1053,27,1011,15,42,0.9853801169590644,0.9601139601139601,0.9743589743589743,0.9725829725829725
4,3,semiregular,2,732,716,16,653,79,63,0.8920765027322405,0.9120111731843575,1.0223463687150838,0.9019337016574587
4,3,irregular,2,215,224,9,159,56,65,0.7395348837209302,0.7098214285714286,0.9598214285714286,0.724373576309795
4,3,regular,3,987,1053,66,985,2,68,0.9979736575481256,0.9354226020892688,0.9373219373219374,0.9656862745098039
4,3,semiregular,3,714,716,2,643,71,73,0.9005602240896359,0.8980446927374302,0.9972067039106145,0.8993006993006994
4,3,irregular,3,216,224,8,163,53,61,0.7546296296296297,0.7276785714285714,0.9642857142857143,0.740909090909091
4,4,regular,1,1108,1101,7,1095,13,6,0.9882671480144405,0.9945504087193461,1.0063578564940963,0.9913988229968312
4,4,semiregular,1,615,614,1,529,86,85,0.8601626016260162,0.8615635179153095,1.001628664495114,0.8608624898291295
4,4,irregular,1,211,228,17,123,88,105,0.5829383886255924,0.5394736842105263,0.9254385964912281,0.560364464692483
4,4,regular,2,1112,1101,11,1095,17,6,0.9847122302158273,0.9945504087193461,1.0099909173478656,0.9896068685042928
4,4,semiregular,2,603,614,11,538,65,76,0.8922056384742952,0.8762214983713354,0.9820846905537459,0.8841413311421528
4,4,irregular,2,233,228,5,172,61,56,0.7381974248927039,0.7543859649122807,1.0219298245614035,0.7462039045553146
4,4,regular,3,1089,1101,12,1085,4,16,0.9963269054178145,0.9854677565849228,0.989100817438692,0.9908675799086758
4,4,semiregular,3,596,614,18,532,64,82,0.8926174496644296,0.8664495114006515,0.9706840390879479,0.8793388429752067
4,4,irregular,3,225,228,3,170,55,58,0.7555555555555555,0.7456140350877193,0.9868421052631579,0.750551876379691
4,5,regular,1,1035,1044,9,1031,4,13,0.996135265700483,0.9875478927203065,0.9913793103448276,0.9918229918229918
4,5,semiregular,1,757,668,89,635,122,33,0.8388375165125496,0.9505988023952096,1.1332335329341316,0.8912280701754386
4,5,irregular,1,231,217,14,151,80,66,0.6536796536796536,0.695852534562212,1.064516129032258,0.6741071428571429
4,5,regular,2,1049,1044,5,1035,14,9,0.9866539561487131,0.9913793103448276,1.0047892720306513,0.989010989010989
4,5,semiregular,2,711,668,43,611,100,57,0.8593530239099859,0.9146706586826348,1.06437125748503,0.8861493836113126
4,5,irregular,2,211,217,6,155,56,62,0.7345971563981043,0.7142857142857143,0.9723502304147466,0.7242990654205608
4,5,regular,3,1044,1044,0,1038,6,6,0.9942528735632183,0.9942528735632183,1.0,0.9942528735632183
4,5,semiregular,3,675,668,7,594,81,74,0.88,0.8892215568862275,1.0104790419161678,0.8845867460908414
4,5,irregular,3,222,217,5,164,58,53,0.7387387387387387,0.7557603686635944,1.023041474654378,0.7471526195899773
4,6,regular,1,927,915,12,911,16,4,0.982740021574973,0.9956284153005465,1.0131147540983607,0.98914223669924
4,6,semiregular,1,707,701,6,639,68,62,0.9038189533239038,0.9115549215406562,1.0085592011412268,0.9076704545454545
4,6,irregular,1,188,195,7,119,69,76,0.6329787234042553,0.6102564102564103,0.9641025641025641,0.6214099216710184
4,6,regular,2,935,915,20,913,22,2,0.9764705882352941,0.9978142076502732,1.0218579234972678,0.987027027027027
4,6,semiregular,2,712,701,11,647,65,54,0.9087078651685393,0.9229671897289586,1.0156918687589158,0.9157820240622788
4,6,irregular,2,180,195,15,129,51,66,0.7166666666666667,0.6615384615384615,0.9230769230769231,0.688
4,6,regular,3,949,915,34,911,38,4,0.9599578503688093,0.9956284153005465,1.037158469945355,0.9774678111587983
4,6,semiregular,3,703,701,2,643,60,58,0.914651493598862,0.9172610556348074,1.0028530670470757,0.915954415954416
4,6,irregular,3,211,195,16,155,56,40,0.7345971563981043,0.7948717948717948,1.082051282051282,0.7635467980295567
4,7,regular,1,1198,1230,32,1189,9,41,0.9924874791318865,0.9666666666666667,0.9739837398373984,0.9794069192751237
4,7,semiregular,1,795,761,34,679,116,82,0.8540880503144654,0.8922470433639947,1.0446780551905388,0.8727506426735219
4,7,irregular,1,234,225,9,164,70,61,0.7008547008547008,0.7288888888888889,1.04,0.7145969498910676
4,7,regular,2,1240,1230,10,1213,27,17,0.978225806451613,0.9861788617886179,1.008130081300813,0.9821862348178138
4,7,semiregular,2,752,761,9,662,90,99,0.8803191489361702,0.8699080157687253,0.988173455978975,0.8750826173165894
4,7,irregular,2,211,225,14,168,43,57,0.7962085308056872,0.7466666666666667,0.9377777777777778,0.7706422018348623
4,7,regular,3,1214,1230,16,1204,10,26,0.9917627677100495,0.9788617886178862,0.9869918699186991,0.9852700490998364
4,7,semiregular,3,751,761,10,664,87,97,0.8841544607190412,0.8725361366622865,0.9868593955321945,0.8783068783068783
4,7,irregular,3,219,225,6,168,51,57,0.7671232876712328,0.7466666666666667,0.9733333333333334,0.7567567567567568
4,8,regular,1,1007,1035,28,1002,5,33,0.9950347567030785,0.9681159420289855,0.9729468599033816,0.9813907933398629
4,8,semiregular,1,841,827,14,746,95,81,0.8870392390011891,0.9020556227327691,1.0169286577992744,0.8944844124700241
4,8,irregular,1,258,243,15,152,106,91,0.5891472868217055,0.6255144032921811,1.0617283950617284,0.6067864271457087
4,8,regular,2,1037,1035,2,1026,11,9,0.9893924783027965,0.991304347826087,1.0019323671497584,0.9903474903474904
4,8,semiregular,2,853,827,26,773,80,54,0.9062133645955451,0.9347037484885127,1.0314389359129383,0.9202380952380952
4,8,irregular,2,230,243,13,166,64,77,0.7217391304347827,0.6831275720164609,0.9465020576131687,0.7019027484143764
4,8,regular,3,1022,1035,13,1015,7,20,0.9931506849315068,0.9806763285024155,0.9874396135265701,0.9868740884783666
4,8,semiregular,3,829,827,2,759,70,68,0.9155609167671894,0.9177750906892382,1.0024183796856105,0.9166666666666667
4,8,irregular,3,247,243,4,169,78,74,0.6842105263157895,0.6954732510288066,1.0164609053497942,0.689795918367347
4,9,regular,1,1068,1107,39,1061,7,46,0.9934456928838952,0.9584462511291779,0.964769647696477,0.975632183908046
4,9,semiregular,1,664,701,37,624,40,77,0.9397590361445783,0.8901569186875892,0.9472182596291013,0.9142857142857143
4,9,irregular,1,215,266,51,149,66,117,0.6930232558139535,0.5601503759398496,0.8082706766917294,0.6195426195426196
4,9,regular,2,1090,1107,17,1077,13,30,0.9880733944954129,0.9728997289972899,0.9846431797651309,0.9804278561675012
4,9,semiregular,2,646,701,55,605,41,96,0.9365325077399381,0.8630527817403709,0.9215406562054208,0.8982925018559762
4,9,irregular,2,246,266,20,191,55,75,0.7764227642276422,0.7180451127819549,0.924812030075188,0.74609375
4,9,regular,3,1040,1107,67,1036,4,71,0.9961538461538462,0.935862691960253,0.9394760614272809,0.9650675360968795
4,9,semiregular,3,690,701,11,647,43,54,0.9376811594202898,0.9229671897289586,0.9843081312410842,0.9302659956865564
4,9,irregular,3,257,266,9,195,62,71,0.7587548638132295,0.7330827067669173,0.9661654135338346,0.7456978967495219
4,10,regular,1,1014,1014,0,1005,9,9,0.9911242603550295,0.9911242603550295,1.0,0.9911242603550295
4,10,semiregular,1,696,656,40,625,71,31,0.8979885057471264,0.9527439024390244,1.0609756097560976,0.9245562130177514
4,10,irregular,1,245,247,2,187,58,60,0.763265306122449,0.757085020242915,0.9919028340080972,0.7601626016260163
4,10,regular,2,1002,1014,12,991,11,23,0.9890219560878244,0.9773175542406312,0.9881656804733728,0.9831349206349207
4,10,semiregular,2,652,656,4,593,59,63,0.9095092024539877,0.9039634146341463,0.9939024390243902,0.9067278287461774
4,10,irregular,2,234,247,13,190,44,57,0.811965811965812,0.7692307692307693,0.9473684210526315,0.79002079002079
4,10,regular,3,1098,1014,84,1010,88,4,0.9198542805100182,0.9960552268244576,1.0828402366863905,0.9564393939393939
4,10,semiregular,3,657,656,1,600,57,56,0.91324200913242,0.9146341463414634,1.0015243902439024,0.9139375476009141
4,10,irregular,3,251,247,4,202,49,45,0.8047808764940239,0.8178137651821862,1.0161943319838056,0.8112449799196787
4,11,regular,1,1070,1070,0,1063,7,7,0.9934579439252337,0.9934579439252337,1.0,0.9934579439252337
4,11,semiregular,1,743,700,43,647,96,53,0.8707940780619112,0.9242857142857143,1.0614285714285714,0.8967428967428968
4,11,irregular,1,238,239,1,161,77,78,0.6764705882352942,0.6736401673640168,0.99581589958159,0.6750524109014675
4,11,regular,2,1078,1070,8,1062,16,8,0.9851576994434137,0.9925233644859813,1.0074766355140188,0.9888268156424581
4,11,semiregular,2,711,700,11,626,85,74,0.8804500703234881,0.8942857142857142,1.0157142857142858,0.8873139617292701
4,11,irregular,2,221,239,18,172,49,67,0.7782805429864253,0.7196652719665272,0.9246861924686193,0.7478260869565218
4,11,regular,3,1056,1070,14,1051,5,19,0.9952651515151515,0.9822429906542056,0.9869158878504672,0.988711194731891
4,11,semiregular,3,694,700,6,623,71,77,0.8976945244956772,0.89,0.9914285714285714,0.8938307030129125
4,11,irregular,3,228,239,11,174,54,65,0.7631578947368421,0.7280334728033473,0.9539748953974896,0.7451820128479656
4,12,regular,1,996,1007,11,993,3,14,0.9969879518072289,0.9860973187686196,0.9890764647467726,0.9915127309036446
4,12,semiregular,1,729,641,88,606,123,35,0.831275720164609,0.9453978159126365,1.1372854914196568,0.8846715328467154
4,12,irregular,1,259,204,55,176,83,28,0.6795366795366795,0.8627450980392157,1.2696078431372548,0.7602591792656588
4,12,regular,2,1040,1007,33,1007,33,0,0.9682692307692308,1.0,1.0327706057596822,0.9838788470933073
4,12,semiregular,2,671,641,30,567,104,74,0.8450074515648286,0.8845553822152886,1.046801872074883,0.864329268292683
4,12,irregular,2,222,204,18,152,70,52,0.6846846846846847,0.7450980392156863,1.088235294117647,0.7136150234741784
4,12,regular,3,1051,1007,44,1005,46,2,0.956232159847764,0.9980139026812314,1.0436941410129097,0.9766763848396501
4,12,semiregular,3,642,641,1,562,80,79,0.8753894080996885,0.8767550702028081,1.001560062402496,0.8760717069368666
4,12,irregular,3,229,204,25,168,61,36,0.7336244541484717,0.8235294117647058,1.1225490196078431,0.7759815242494226
4,13,regular,1,974,1000,26,971,3,29,0.9969199178644764,0.971,0.974,0.983789260385005
4,13,semiregular,1,869,815,54,780,89,35,0.8975834292289988,0.9570552147239264,1.0662576687116565,0.9263657957244655
4,13,irregular,1,316,216,100,181,135,35,0.5727848101265823,0.8379629629629629,1.462962962962963,0.680451127819549
4,13,regular,2,994,1000,6,985,9,15,0.9909456740442656,0.985,0.994,0.9879638916750251
4,13,semiregular,2,825,815,10,757,68,58,0.9175757575757576,0.9288343558282208,1.0122699386503067,0.9231707317073171
4,13,irregular,2,242,216,26,171,71,45,0.7066115702479339,0.7916666666666666,1.1203703703703705,0.7467248908296944
4,13,regular,3,1010,1000,10,997,13,3,0.9871287128712871,0.997,1.01,0.992039800995025
4,13,semiregular,3,813,815,2,754,59,61,0.9274292742927429,0.9251533742331288,0.9975460122699387,0.9262899262899263
4,13,irregular,3,232,216,16,171,61,45,0.7370689655172413,0.7916666666666666,1.0740740740740742,0.763392857142857
4,14,regular,1,1031,1052,21,1029,2,23,0.9980601357904947,0.9781368821292775,0.9800380228136882,0.9879980796927508
4,14,semiregular,1,889,913,24,827,62,86,0.9302587176602924,0.9058050383351588,0.9737130339539978,0.9178690344062153
4,14,irregular,1,242,217,25,144,98,73,0.5950413223140496,0.663594470046083,1.1152073732718895,0.6274509803921569
4,14,regular,2,1049,1052,3,1040,9,12,0.9914204003813155,0.9885931558935361,0.997148288973384,0.9900047596382676
4,14,semiregular,2,900,913,13,833,67,80,0.9255555555555556,0.9123767798466593,0.9857612267250822,0.918918918918919
4,14,irregular,2,210,217,7,162,48,55,0.7714285714285715,0.7465437788018433,0.967741935483871,0.7587822014051522
4,14,regular,3,1000,1052,52,999,1,53,0.999,0.9496197718631179,0.9505703422053232,0.9736842105263158
4,14,semiregular,3,890,913,23,825,65,88,0.9269662921348315,0.9036144578313253,0.9748083242059146,0.9151414309484193
4,14,irregular,3,219,217,2,164,55,53,0.7488584474885844,0.7557603686635944,1.0092165898617511,0.7522935779816513
4,15,regular,1,950,964,14,945,5,19,0.9947368421052631,0.9802904564315352,0.9854771784232366,0.987460815047022
4,15,semiregular,1,829,774,55,740,89,34,0.8926417370325693,0.9560723514211886,1.0710594315245479,0.9232688708671242
4,15,irregular,1,208,218,10,162,46,56,0.7788461538461539,0.7431192660550459,0.9541284403669725,0.76056338028169
4,15,regular,2,959,964,5,949,10,15,0.9895724713242962,0.9844398340248963,0.9948132780082988,0.9869994799791991
4,15,semiregular,2,774,774,0,712,62,62,0.9198966408268734,0.9198966408268734,1.0,0.9198966408268734
4,15,irregular,2,208,218,10,172,36,46,0.8269230769230769,0.7889908256880734,0.9541284403669725,0.807511737089202
4,15,regular,3,946,964,18,943,3,21,0.9968287526427061,0.9782157676348547,0.9813278008298755,0.9874345549738219
4,15,semiregular,3,747,774,27,693,54,81,0.927710843373494,0.8953488372093024,0.9651162790697675,0.9112426035502958
4,15,irregular,3,219,218,1,172,47,46,0.7853881278538812,0.7889908256880734,1.0045871559633028,0.7871853546910756
4,16,regular,1,1087,1109,22,1084,3,25,0.9972401103955841,0.9774571686203787,0.9801623083859333,0.9872495446265939
4,16,semiregular,1,700,681,19,604,96,77,0.8628571428571429,0.8869309838472834,1.0279001468428781,0.8747284576393918
4,16,irregular,1,270,272,2,160,110,112,0.5925925925925926,0.5882352941176471,0.9926470588235294,0.5904059040590406
4,16,regular,2,1152,1109,43,1109,43,0,0.9626736111111112,1.0,1.0387736699729486,0.9809818664307829
4,16,semiregular,2,689,681,8,604,85,77,0.8766328011611031,0.8869309838472834,1.011747430249633,0.8817518248175182
4,16,irregular,2,257,272,15,196,61,76,0.7626459143968871,0.7205882352941176,0.9448529411764706,0.7410207939508505
4,16,regular,3,1087,1109,22,1080,7,29,0.9935602575896965,0.9738503155996393,0.9801623083859333,0.9836065573770493
4,16,semiregular,3,665,681,16,594,71,87,0.8932330827067669,0.8722466960352423,0.9765051395007343,0.8826151560178306
4,16,irregular,3,252,272,20,190,62,82,0.753968253968254,0.6985294117647058,0.9264705882352942,0.7251908396946564
4,17,regular,1,1021,1029,8,1017,4,12,0.9960822722820764,0.9883381924198251,0.9922254616132167,0.9921951219512195
4,17,semiregular,1,870,837,33,781,89,56,0.8977011494252873,0.9330943847072879,1.039426523297491,0.9150556531927357
4,17,irregular,1,245,240,5,166,79,74,0.6775510204081633,0.6916666666666667,1.0208333333333333,0.6845360824742268
4,17,regular,2,1043,1029,14,1025,18,4,0.9827420901246404,0.9961127308066083,1.0136054421768708,0.9893822393822393
4,17,semiregular,2,862,837,25,782,80,55,0.9071925754060325,0.9342891278375149,1.0298685782556751,0.9205414949970571
4,17,irregular,2,257,240,17,182,75,58,0.708171206225681,0.7583333333333333,1.0708333333333333,0.732394366197183
4,17,regular,3,1054,1029,25,1025,29,4,0.9724857685009488,0.9961127308066083,1.0242954324586977,0.9841574651944311
4,17,semiregular,3,826,837,11,754,72,83,0.9128329297820823,0.9008363201911589,0.986857825567503,0.9067949488875526
4,17,irregular,3,245,240,5,183,62,57,0.746938775510204,0.7625,1.0208333333333333,0.7546391752577319
4,18,regular,1,1032,1044,12,1027,5,17,0.9951550387596899,0.9837164750957854,0.9885057471264368,0.9894026974951831
4,18,semiregular,1,803,801,2,743,60,58,0.925280199252802,0.9275905118601748,1.0024968789013733,0.9264339152119702
4,18,irregular,1,302,252,50,198,104,54,0.6556291390728477,0.7857142857142857,1.1984126984126984,0.7148014440433214
4,18,regular,2,1044,1044,0,1039,5,5,0.9952107279693486,0.9952107279693486,1.0,0.9952107279693486
4,18,semiregular,2,830,801,29,763,67,38,0.9192771084337349,0.9525593008739076,1.0362047440699127,0.9356223175965664
4,18,irregular,2,253,252,1,195,58,57,0.7707509881422925,0.7738095238095238,1.003968253968254,0.7722772277227723
4,18,regular,3,1099,1044,55,1043,56,1,0.9490445859872612,0.9990421455938697,1.0526819923371646,0.9734017732151191
4,18,semiregular,3,793,801,8,736,57,65,0.9281210592686002,0.9188514357053683,0.9900124843945068,0.9234629861982434
4,18,irregular,3,254,252,2,198,56,54,0.7795275590551181,0.7857142857142857,1.007936507936508,0.782608695652174
4,19,regular,1,1100,1076,24,1067,33,9,0.97,0.991635687732342,1.0223048327137547,0.9806985294117647
4,19,semiregular,1,749,753,4,680,69,73,0.9078771695594126,0.9030544488711819,0.9946879150066401,0.9054593874833555
4,19,irregular,1,287,245,42,185,102,60,0.6445993031358885,0.7551020408163265,1.1714285714285715,0.6954887218045113
4,19,regular,2,1091,1076,15,1073,18,3,0.9835013748854262,0.9972118959107806,1.0139405204460967,0.9903091832025841
4,19,semiregular,2,718,753,35,666,52,87,0.9275766016713092,0.8844621513944223,0.953519256308101,0.9055064581917063
4,19,irregular,2,256,245,11,186,70,59,0.7265625,0.7591836734693878,1.0448979591836736,0.7425149700598802
4,19,regular,3,1097,1076,21,1073,24,3,0.9781221513217867,0.9972118959107806,1.0195167286245352,0.9875747814081914
4,19,semiregular,3,689,753,64,642,47,111,0.9317851959361393,0.852589641434263,0.9150066401062417,0.8904299583911235
4,19,irregular,3,241,245,4,179,62,66,0.7427385892116183,0.7306122448979592,0.9836734693877551,0.7366255144032923
4,20,regular,1,1163,1251,88,1155,8,96,0.9931212381771282,0.9232613908872902,0.929656274980016,0.9569179784589893
4,20,semiregular,1,887,841,46,753,134,88,0.8489289740698985,0.8953626634958383,1.0546967895362664,0.8715277777777779
4,20,irregular,1,301,252,49,182,119,70,0.6046511627906976,0.7222222222222222,1.1944444444444444,0.6582278481012659
4,20,regular,2,718,1251,533,713,5,538,0.9930362116991643,0.5699440447641887,0.5739408473221422,0.7242254951752158
4,20,semiregular,2,774,841,67,682,92,159,0.8811369509043928,0.8109393579072532,0.920332936979786,0.8445820433436533
4,20,irregular,2,213,252,39,161,52,91,0.755868544600939,0.6388888888888888,0.8452380952380952,0.6924731182795698
4,20,regular,3,1128,1251,123,1126,2,125,0.99822695035461,0.9000799360511591,0.9016786570743405,0.94661622530475
4,20,semiregular,3,817,841,24,720,97,121,0.8812729498164015,0.8561236623067776,0.9714625445897741,0.8685162846803377
4,20,irregular,3,243,252,9,176,67,76,0.7242798353909465,0.6984126984126984,0.9642857142857143,0.711111111111111
4,21,regular,1,942,920,22,916,26,4,0.9723991507430998,0.9956521739130435,1.0239130434782608,0.9838882921589688
4,21,semiregular,1,603,549,54,481,122,68,0.7976782752902156,0.8761384335154827,1.098360655737705,0.8350694444444444
4,21,irregular,1,219,204,15,148,71,56,0.6757990867579908,0.7254901960784313,1.0735294117647058,0.6997635933806147
4,21,regular,2,986,920,66,920,66,0,0.9330628803245437,1.0,1.0717391304347825,0.9653725078698846
4,21,semiregular,2,582,549,33,482,100,67,0.8281786941580757,0.8779599271402551,1.0601092896174864,0.8523430592396111
4,21,irregular,2,178,204,26,131,47,73,0.7359550561797753,0.6421568627450981,0.8725490196078431,0.6858638743455497
4,21,regular,3,963,920,43,918,45,2,0.9532710280373832,0.9978260869565218,1.0467391304347826,0.9750398300584174
4,21,semiregular,3,591,549,42,494,97,55,0.8358714043993232,0.8998178506375227,1.0765027322404372,0.8666666666666667
4,21,irregular,3,207,204,3,161,46,43,0.7777777777777778,0.7892156862745098,1.0147058823529411,0.7834549878345499
4,22,regular,1,996,946,50,944,52,2,0.9477911646586346,0.9978858350951374,1.0528541226215644,0.972193614830072
4,22,semiregular,1,717,703,14,626,91,77,0.8730822873082287,0.8904694167852063,1.0199146514935988,0.8816901408450704
4,22,irregular,1,213,247,34,148,65,99,0.6948356807511737,0.5991902834008097,0.8623481781376519,0.6434782608695652
4,22,regular,2,963,946,17,929,34,17,0.9646936656282451,0.9820295983086681,1.017970401691332,0.9732844421162913
4,22,semiregular,2,698,703,5,630,68,73,0.9025787965616046,0.8961593172119487,0.9928876244665719,0.899357601713062
4,22,irregular,2,209,247,38,161,48,86,0.7703349282296651,0.6518218623481782,0.8461538461538461,0.706140350877193
4,22,regular,3,1038,946,92,943,95,3,0.9084778420038536,0.9968287526427061,1.0972515856236786,0.9506048387096775
4,22,semiregular,3,701,703,2,628,73,75,0.8958630527817404,0.8933143669985776,0.9971550497866287,0.8945868945868946
4,22,irregular,3,250,247,3,185,65,62,0.74,0.7489878542510121,1.0121457489878543,0.744466800804829
4,23,regular,1,1063,999,64,997,66,2,0.9379115710253998,0.997997997997998,1.0640640640640642,0.9670223084384093
4,23,semiregular,1,806,835,29,683,123,152,0.847394540942928,0.8179640718562874,0.9652694610778443,0.8324192565508836
4,23,irregular,1,266,266,0,155,111,111,0.5827067669172933,0.5827067669172933,1.0,0.5827067669172933
4,23,regular,2,965,999,34,946,19,53,0.9803108808290155,0.9469469469469469,0.965965965965966,0.9633401221995926
4,23,semiregular,2,809,835,26,718,91,117,0.8875154511742892,0.859880239520958,0.9688622754491018,0.8734793187347932
4,23,irregular,2,219,266,47,166,53,100,0.7579908675799086,0.6240601503759399,0.8233082706766918,0.6845360824742268
4,23,regular,3,987,999,12,977,10,22,0.9898682877406282,0.977977977977978,0.987987987987988,0.9838872104733133
4,23,semiregular,3,849,835,14,756,93,79,0.8904593639575972,0.9053892215568863,1.0167664670658683,0.8978622327790975
4,23,irregular,3,282,266,16,189,93,77,0.6702127659574468,0.7105263157894737,1.0601503759398496,0.6897810218978102
4,24,regular,1,1076,1079,3,1058,18,21,0.983271375464684,0.9805375347544022,0.9972196478220574,0.9819025522041764
4,24,semiregular,1,677,680,3,613,64,67,0.9054652880354506,0.9014705882352941,0.9955882352941177,0.9034635224760502
4,24,irregular,1,170,247,77,116,54,131,0.6823529411764706,0.46963562753036436,0.6882591093117408,0.5563549160671463
4,24,regular,2,1074,1079,5,1058,16,21,0.9851024208566108,0.9805375347544022,0.995366079703429,0.9828146771946122
4,24,semiregular,2,650,680,30,598,52,82,0.92,0.8794117647058823,0.9558823529411765,0.899248120300752
4,24,irregular,2,222,247,25,182,40,65,0.8198198198198198,0.7368421052631579,0.8987854251012146,0.7761194029850745
4,24,regular,3,1017,1079,62,1013,4,66,0.9960668633235005,0.9388322520852641,0.9425393883225208,0.9666030534351144
4,24,semiregular,3,677,680,3,623,54,57,0.9202363367799113,0.9161764705882353,0.9955882352941177,0.9182019159911569
4,24,irregular,3,230,247,17,191,39,56,0.8304347826086956,0.7732793522267206,0.9311740890688259,0.80083857442348
4,25,regular,1,942,946,4,937,5,9,0.994692144373673,0.9904862579281184,0.9957716701902748,0.9925847457627119
4,25,semiregular,1,723,718,5,638,85,80,0.8824343015214384,0.8885793871866295,1.0069637883008355,0.8854961832061069
4,25,irregular,1,218,207,11,134,84,73,0.6146788990825688,0.6473429951690821,1.0531400966183575,0.6305882352941177
4,25,regular,2,940,946,6,931,9,15,0.9904255319148936,0.9841437632135307,0.9936575052854123,0.9872746553552493
4,25,semiregular,2,741,718,23,658,83,60,0.8879892037786775,0.9164345403899722,1.032033426183844,0.901987662782728
4,25,irregular,2,202,207,5,135,67,72,0.6683168316831684,0.6521739130434783,0.9758454106280193,0.6601466992665038
4,25,regular,3,884,946,62,882,2,64,0.997737556561086,0.9323467230443975,0.9344608879492601,0.9639344262295082
4,25,semiregular,3,702,718,16,628,74,90,0.8945868945868946,0.8746518105849582,0.9777158774373259,0.8845070422535211
4,25,irregular,3,222,207,15,139,83,68,0.6261261261261262,0.6714975845410628,1.0724637681159421,0.6480186480186481
4,26,regular,1,995,985,10,973,22,12,0.9778894472361809,0.9878172588832488,1.0101522842639594,0.9828282828282829
4,26,semiregular,1,775,720,55,668,107,52,0.8619354838709677,0.9277777777777778,1.0763888888888888,0.8936454849498326
4,26,irregular,1,307,214,93,184,123,30,0.5993485342019544,0.8598130841121495,1.4345794392523366,0.7063339731285989
4,26,regular,2,962,985,23,958,4,27,0.9958419958419958,0.9725888324873097,0.9766497461928934,0.9840780688238315
4,26,semiregular,2,754,720,34,666,88,54,0.883289124668435,0.925,1.0472222222222223,0.9036635006784262
4,26,irregular,2,220,214,6,150,70,64,0.6818181818181818,0.7009345794392523,1.02803738317757,0.6912442396313364
4,26,regular,3,992,985,7,967,25,18,0.9747983870967742,0.9817258883248731,1.0071065989847716,0.9782498735457764
4,26,semiregular,3,714,720,6,646,68,74,0.9047619047619048,0.8972222222222223,0.9916666666666667,0.900976290097629
4,26,irregular,3,249,214,35,170,79,44,0.6827309236947792,0.794392523364486,1.1635514018691588,0.734341252699784
4,27,regular,1,1145,1166,21,1142,3,24,0.9973799126637555,0.9794168096054888,0.9819897084048027,0.9883167459974038
4,27,semiregular,1,685,728,43,620,65,108,0.9051094890510949,0.8516483516483516,0.9409340659340659,0.8775654635527248
4,27,irregular,1,203,270,67,156,47,114,0.7684729064039408,0.5777777777777777,0.7518518518518519,0.6596194503171247
4,27,regular,2,1186,1166,20,1162,24,4,0.9797639123102867,0.9965694682675815,1.0171526586620927,0.9880952380952381
4,27,semiregular,2,731,728,3,655,76,73,0.896032831737346,0.8997252747252747,1.004120879120879,0.89787525702536
4,27,irregular,2,262,270,8,204,58,66,0.7786259541984732,0.7555555555555555,0.9703703703703703,0.7669172932330827
4,27,regular,3,1115,1166,51,1114,1,52,0.9991031390134529,0.9554030874785592,0.9562607204116638,0.9767645769399387
4,27,semiregular,3,709,728,19,645,64,83,0.9097320169252469,0.885989010989011,0.9739010989010989,0.8977035490605427
4,27,irregular,3,261,270,9,204,57,66,0.7816091954022989,0.7555555555555555,0.9666666666666667,0.768361581920904
4,28,regular,1,1064,1098,34,1054,10,44,0.9906015037593985,0.9599271402550091,0.9690346083788707,0.9750231267345051
4,28,semiregular,1,908,859,49,809,99,50,0.8909691629955947,0.9417927823050058,1.0570430733410943,0.9156762874929258
4,28,irregular,1,303,293,10,179,124,114,0.5907590759075908,0.6109215017064846,1.0341296928327646,0.6006711409395974
4,28,regular,2,1110,1098,12,1091,19,7,0.9828828828828828,0.9936247723132969,1.010928961748634,0.9882246376811594
4,28,semiregular,2,831,859,28,757,74,102,0.910950661853189,0.8812572759022119,0.9674039580908033,0.8958579881656806
4,28,irregular,2,273,293,20,187,86,106,0.684981684981685,0.6382252559726962,0.931740614334471,0.6607773851590106
4,28,regular,3,1043,1098,55,1040,3,58,0.99712368168744,0.9471766848816029,0.9499089253187614,0.9715086408220458
4,28,semiregular,3,843,859,16,779,64,80,0.9240806642941874,0.9068684516880093,0.9813736903376019,0.9153936545240894
4,28,irregular,3,287,293,6,189,98,104,0.6585365853658537,0.6450511945392492,0.9795221843003413,0.6517241379310345
4,29,regular,1,1136,1140,4,1131,5,9,0.9955985915492958,0.9921052631578947,0.9964912280701754,0.9938488576449912
4,29,semiregular,1,947,869,78,818,129,51,0.8637803590285111,0.9413118527042578,1.0897583429228999,0.9008810572687226
4,29,irregular,1,245,247,2,170,75,77,0.6938775510204082,0.6882591093117408,0.9919028340080972,0.6910569105691057
4,29,regular,2,1135,1140,5,1126,9,14,0.9920704845814978,0.987719298245614,0.9956140350877193,0.98989010989011
4,29,semiregular,2,940,869,71,816,124,53,0.8680851063829788,0.9390103567318757,1.0817031070195626,0.9021558872305142
4,29,irregular,2,259,247,12,186,73,61,0.7181467181467182,0.7530364372469636,1.048582995951417,0.7351778656126482
4,29,regular,3,1109,1140,31,1103,6,37,0.9945897204688909,0.9675438596491228,0.9728070175438597,0.9808803912850156
4,29,semiregular,3,863,869,6,766,97,103,0.8876013904982619,0.8814729574223246,0.9930955120828538,0.884526558891455
4,29,irregular,3,251,247,4,189,62,58,0.7529880478087649,0.7651821862348178,1.0161943319838056,0.7590361445783133
4,30,regular,1,977,997,20,968,9,29,0.9907881269191402,0.970912738214644,0.9799398194583752,0.9807497467071935
4,30,semiregular,1,846,810,36,760,86,50,0.8983451536643026,0.9382716049382716,1.0444444444444445,0.9178743961352657
4,30,irregular,1,243,250,7,172,71,78,0.7078189300411523,0.688,0.972,0.6977687626774847
4,30,regular,2,981,997,16,976,5,21,0.9949031600407747,0.9789368104312939,0.9839518555667001,0.9868554095045501
4,30,semiregular,2,805,810,5,742,63,68,0.9217391304347826,0.9160493827160494,0.9938271604938271,0.9188854489164087
4,30,irregular,2,228,250,22,172,56,78,0.7543859649122807,0.688,0.912,0.7196652719665272
4,30,regular,3,992,997,5,987,5,10,0.9949596774193549,0.9899699097291875,0.9949849548645938,0.9924585218702866
4,30,semiregular,3,804,810,6,743,61,67,0.9241293532338308,0.917283950617284,0.9925925925925926,0.9206939281288724
4,30,irregular,3,264,250,14,181,83,69,0.6856060606060606,0.724,1.056,0.7042801556420233
5,1,regular,1,938,937,1,928,10,9,0.9893390191897654,0.9903948772678762,1.0010672358591248,0.9898666666666667
5,1,semiregular,1,689,703,14,587,102,116,0.8519593613933236,0.8349928876244666,0.9800853485064012,0.8433908045977012
5,1,irregular,1,212,199,13,151,61,48,0.7122641509433962,0.7587939698492462,1.065326633165829,0.7347931873479319
5,1,regular,2,976,937,39,922,54,15,0.944672131147541,0.983991462113127,1.0416221985058698,0.9639309984317826
5,1,semiregular,2,719,703,16,628,91,75,0.8734353268428373,0.8933143669985776,1.0227596017069702,0.8832630098452884
5,1,irregular,2,193,199,6,154,39,45,0.7979274611398963,0.7738693467336684,0.9698492462311558,0.7857142857142857
5,1,regular,3,939,937,2,932,7,5,0.9925452609158679,0.9946638207043756,1.0021344717182497,0.9936034115138592
5,1,semiregular,3,728,703,25,635,93,68,0.8722527472527473,0.903271692745377,1.035561877667141,0.8874912648497555
5,1,irregular,3,184,199,15,146,38,53,0.7934782608695652,0.7336683417085427,0.9246231155778895,0.7624020887728458
5,2,regular,1,1200,1224,24,1191,9,33,0.9925,0.9730392156862745,0.9803921568627451,0.9826732673267328
5,2,semiregular,1,569,647,78,535,34,112,0.9402460456942003,0.8268933539412674,0.8794435857805255,0.8799342105263159
5,2,irregular,1,222,217,5,131,91,86,0.5900900900900901,0.6036866359447005,1.023041474654378,0.5968109339407744
5,2,regular,2,1182,1224,42,1169,13,55,0.9890016920473773,0.9550653594771242,0.9656862745098039,0.971737323358271
5,2,semiregular,2,633,647,14,595,38,52,0.9399684044233807,0.919629057187017,0.9783616692426584,0.9296874999999999
5,2,irregular,2,225,217,8,168,57,49,0.7466666666666667,0.7741935483870968,1.0368663594470047,0.7601809954751131
5,2,regular,3,1237,1224,13,1214,23,10,0.9814066289409863,0.9918300653594772,1.0106209150326797,0.9865908167411622
5,2,semiregular,3,643,647,4,602,41,45,0.9362363919129082,0.9304482225656878,0.9938176197836167,0.9333333333333333
5,2,irregular,3,220,217,3,172,48,45,0.7818181818181819,0.7926267281105991,1.0138248847926268,0.7871853546910755
5,3,regular,1,1036,1053,17,1026,10,27,0.9903474903474904,0.9743589743589743,0.9838556505223172,0.9822881761608424
5,3,semiregular,1,685,716,31,618,67,98,0.9021897810218978,0.8631284916201117,0.9567039106145251,0.8822269807280514
5,3,irregular,1,255,224,31,172,83,52,0.6745098039215687,0.7678571428571429,1.1383928571428572,0.7181628392484342
5,3,regular,2,1027,1053,26,1013,14,40,0.9863680623174295,0.9620132953466287,0.9753086419753086,0.9740384615384615
5,3,semiregular,2,715,716,1,643,72,73,0.8993006993006993,0.8980446927374302,0.9986033519553073,0.8986722571628232
5,3,irregular,2,221,224,3,161,60,63,0.7285067873303167,0.71875,0.9866071428571429,0.7235955056179775
5,3,regular,3,1055,1053,2,1048,7,5,0.9933649289099526,0.9952516619183286,1.0018993352326686,0.9943074003795066
5,3,semiregular,3,716,716,0,646,70,70,0.9022346368715084,0.9022346368715084,1.0,0.9022346368715085
5,3,irregular,3,202,224,22,159,43,65,0.7871287128712872,0.7098214285714286,0.9017857142857143,0.7464788732394367
5,4,regular,1,1131,1101,30,1097,34,4,0.9699381078691424,0.9963669391462306,1.0272479564032697,0.9829749103942651
5,4,semiregular,1,588,614,26,510,78,104,0.8673469387755102,0.8306188925081434,0.9576547231270358,0.8485856905158071
5,4,irregular,1,258,228,30,153,105,75,0.5930232558139535,0.6710526315789473,1.131578947368421,0.6296296296296297
5,4,regular,2,1115,1101,14,1100,15,1,0.9865470852017937,0.9990917347865577,1.0127157129881925,0.9927797833935018
5,4,semiregular,2,610,614,4,543,67,71,0.8901639344262295,0.8843648208469055,0.993485342019544,0.8872549019607844
5,4,irregular,2,241,228,13,173,68,55,0.7178423236514523,0.7587719298245614,1.0570175438596492,0.7377398720682303
5,4,regular,3,1111,1101,10,1099,12,2,0.9891989198919892,0.9981834695731153,1.0090826521344232,0.9936708860759493
5,4,semiregular,3,606,614,8,541,65,73,0.8927392739273927,0.8811074918566775,0.9869706840390879,0.8868852459016393
5,4,irregular,3,210,228,18,163,47,65,0.7761904761904762,0.7149122807017544,0.9210526315789473,0.7442922374429224
5,5,regular,1,1053,1044,9,1042,11,2,0.9895536562203229,0.9980842911877394,1.0086206896551724,0.9938006676204101
5,5,semiregular,1,707,668,39,612,95,56,0.8656294200848657,0.9161676646706587,1.0583832335329342,0.8901818181818182
5,5,irregular,1,248,217,31,163,85,54,0.657258064516129,0.7511520737327189,1.1428571428571428,0.7010752688172043
5,5,regular,2,1033,1044,11,1022,11,22,0.989351403678606,0.9789272030651341,0.9894636015325671,0.9841116995666828
5,5,semiregular,2,685,668,17,600,85,68,0.8759124087591241,0.8982035928143712,1.0254491017964071,0.8869179600886917
5,5,irregular,2,215,217,2,164,51,53,0.7627906976744186,0.7557603686635944,0.9907834101382489,0.7592592592592593
5,5,regular,3,1043,1044,1,1039,4,5,0.9961649089165868,0.9952107279693486,0.9990421455938697,0.9956875898418783
5,5,semiregular,3,680,668,12,599,81,69,0.8808823529411764,0.8967065868263473,1.0179640718562875,0.8887240356083086
5,5,irregular,3,203,217,14,159,44,58,0.7832512315270936,0.7327188940092166,0.9354838709677419,0.7571428571428572
5,6,regular,1,948,915,33,911,37,4,0.9609704641350211,0.9956284153005465,1.0360655737704918,0.9779924852388621
5,6,semiregular,1,676,701,25,618,58,83,0.9142011834319527,0.8815977175463623,0.9643366619115549,0.8976034858387799
5,6,irregular,1,223,195,28,129,94,66,0.57847533632287,0.6615384615384615,1.1435897435897435,0.6172248803827751
5,6,regular,2,911,915,4,886,25,29,0.9725576289791438,0.9683060109289617,0.9956284153005465,0.9704271631982475
5,6,semiregular,2,721,701,20,651,70,50,0.9029126213592233,0.9286733238231099,1.028530670470756,0.9156118143459916
5,6,irregular,2,195,195,0,137,58,58,0.7025641025641025,0.7025641025641025,1.0,0.7025641025641025
5,6,regular,3,918,915,3,909,9,6,0.9901960784313726,0.9934426229508196,1.0032786885245901,0.9918166939443536
5,6,semiregular,3,713,701,12,651,62,50,0.9130434782608695,0.9286733238231099,1.0171184022824535,0.9207920792079208
5,6,irregular,3,186,195,9,151,35,44,0.8118279569892473,0.7743589743589744,0.9538461538461539,0.7926509186351705
5,7,regular,1,1226,1230,4,1215,11,15,0.9910277324632952,0.9878048780487805,0.9967479674796748,0.989413680781759
5,7,semiregular,1,689,761,72,615,74,146,0.8925979680696662,0.8081471747700394,0.9053876478318003,0.8482758620689655
5,7,irregular,1,246,225,21,170,76,55,0.6910569105691057,0.7555555555555555,1.0933333333333333,0.7218683651804672
5,7,regular,2,1247,1230,17,1220,27,10,0.9783480352846833,0.991869918699187,1.0138211382113822,0.985062575696407
5,7,semiregular,2,737,761,24,651,86,110,0.8833107191316146,0.8554533508541393,0.9684625492772667,0.8691588785046729
5,7,irregular,2,225,225,0,166,59,59,0.7377777777777778,0.7377777777777778,1.0,0.7377777777777778
5,7,regular,3,1243,1230,13,1222,21,8,0.9831053901850362,0.9934959349593496,1.0105691056910568,0.9882733522038011
5,7,semiregular,3,767,761,6,675,92,86,0.8800521512385919,0.8869908015768725,1.0078843626806833,0.8835078534031414
5,7,irregular,3,230,225,5,177,53,48,0.7695652173913043,0.7866666666666666,1.0222222222222221,0.778021978021978
5,8,regular,1,1031,1035,4,1019,12,16,0.988360814742968,0.9845410628019323,0.996135265700483,0.9864472410454985
5,8,semiregular,1,798,827,29,720,78,107,0.9022556390977443,0.8706166868198307,0.9649334945586457,0.8861538461538461
5,8,irregular,1,266,243,23,154,112,89,0.5789473684210527,0.6337448559670782,1.0946502057613168,0.6051080550098231
5,8,regular,2,1017,1035,18,1003,14,32,0.9862340216322517,0.9690821256038648,0.9826086956521739,0.9775828460038987
5,8,semiregular,2,828,827,1,758,70,69,0.9154589371980676,0.9165659008464329,1.0012091898428053,0.916012084592145
5,8,irregular,2,221,243,22,168,53,75,0.7601809954751131,0.691358024691358,0.9094650205761317,0.7241379310344828
5,8,regular,3,1047,1035,12,1030,17,5,0.9837631327602674,0.9951690821256038,1.0115942028985507,0.989433237271854
5,8,semiregular,3,838,827,11,774,64,53,0.9236276849642004,0.9359129383313181,1.0133010882708586,0.9297297297297297
5,8,irregular,3,210,243,33,159,51,84,0.7571428571428571,0.654320987654321,0.8641975308641975,0.7019867549668874
5,9,regular,1,1095,1107,12,1089,6,18,0.9945205479452055,0.983739837398374,0.989159891598916,0.9891008174386922
5,9,semiregular,1,631,701,70,594,37,107,0.9413629160063391,0.8473609129814551,0.9001426533523538,0.8918918918918919
5,9,irregular,1,271,266,5,173,98,93,0.6383763837638377,0.650375939849624,1.018796992481203,0.6443202979515829
5,9,regular,2,1024,1107,83,1012,12,95,0.98828125,0.9141824751580849,0.9250225835591689,0.9497888315344909
5,9,semiregular,2,655,701,46,611,44,90,0.932824427480916,0.8716119828815977,0.9343794579172611,0.9011799410029498
5,9,irregular,2,257,266,9,198,59,68,0.7704280155642024,0.7443609022556391,0.9661654135338346,0.7571701720841301
5,9,regular,3,1105,1107,2,1100,5,7,0.995475113122172,0.993676603432701,0.998193315266486,0.9945750452079567
5,9,semiregular,3,702,701,1,653,49,48,0.9301994301994302,0.9315263908701854,1.0014265335235377,0.9308624376336422
5,9,irregular,3,239,266,27,187,52,79,0.7824267782426778,0.7030075187969925,0.8984962406015038,0.7405940594059406
5,10,regular,1,1020,1014,6,1004,16,10,0.984313725490196,0.9901380670611439,1.0059171597633136,0.9872173058013767
5,10,semiregular,1,646,656,10,588,58,68,0.9102167182662538,0.8963414634146342,0.9847560975609756,0.9032258064516129
5,10,irregular,1,249,247,2,188,61,59,0.7550200803212851,0.7611336032388664,1.008097165991903,0.7580645161290323
5,10,regular,2,978,1014,36,964,14,50,0.9856850715746421,0.9506903353057199,0.9644970414201184,0.9678714859437751
5,10,semiregular,2,677,656,21,615,62,41,0.9084194977843427,0.9375,1.0320121951219512,0.9227306826706677
5,10,irregular,2,252,247,5,204,48,43,0.8095238095238095,0.8259109311740891,1.0202429149797572,0.8176352705410821
5,10,regular,3,1031,1014,17,1011,20,3,0.9806013579049466,0.9970414201183432,1.0167652859960552,0.9887530562347189
5,10,semiregular,3,671,656,15,610,61,46,0.9090909090909091,0.9298780487804879,1.0228658536585367,0.9193669932177845
5,10,irregular,3,207,247,40,176,31,71,0.8502415458937198,0.7125506072874493,0.8380566801619433,0.7753303964757708
5,11,regular,1,1087,1070,17,1063,24,7,0.9779208831646734,0.9934579439252337,1.0158878504672897,0.985628187297172
5,11,semiregular,1,698,700,2,617,81,83,0.8839541547277937,0.8814285714285715,0.9971428571428571,0.882689556509299
5,11,irregular,1,255,239,16,172,83,67,0.6745098039215687,0.7196652719665272,1.0669456066945606,0.6963562753036437
5,11,regular,2,1080,1070,10,1067,13,3,0.9879629629629629,0.997196261682243,1.0093457943925233,0.9925581395348837
5,11,semiregular,2,713,700,13,633,80,67,0.8877980364656382,0.9042857142857142,1.0185714285714285,0.8959660297239914
5,11,irregular,2,225,239,14,175,50,64,0.7777777777777778,0.7322175732217573,0.9414225941422594,0.7543103448275861
5,11,regular,3,1064,1070,6,1061,3,9,0.9971804511278195,0.991588785046729,0.994392523364486,0.9943767572633553
5,11,semiregular,3,699,700,1,627,72,73,0.8969957081545065,0.8957142857142857,0.9985714285714286,0.8963545389563974
5,11,irregular,3,216,239,23,167,49,72,0.7731481481481481,0.698744769874477,0.9037656903765691,0.7340659340659341
5,12,regular,1,1016,1007,9,1006,10,1,0.9901574803149606,0.9990069513406157,1.008937437934459,0.9945625308947109
5,12,semiregular,1,695,641,54,580,115,61,0.8345323741007195,0.9048361934477379,1.0842433697347893,0.8682634730538923
5,12,irregular,1,295,204,91,183,112,21,0.6203389830508474,0.8970588235294118,1.446078431372549,0.7334669338677354
5,12,regular,2,1034,1007,27,1007,27,0,0.9738878143133463,1.0,1.0268123138033765,0.9867711905928467
5,12,semiregular,2,650,641,9,565,85,76,0.8692307692307693,0.8814352574102964,1.0140405616224648,0.8752904725019365
5,12,irregular,2,236,204,32,157,79,47,0.6652542372881356,0.7696078431372549,1.1568627450980393,0.7136363636363636
5,12,regular,3,1024,1007,17,1006,18,1,0.982421875,0.9990069513406157,1.0168818272095332,0.9906450024618414
5,12,semiregular,3,646,641,5,562,84,79,0.8699690402476781,0.8767550702028081,1.0078003120124805,0.8733488733488735
5,12,irregular,3,246,204,42,165,81,39,0.6707317073170732,0.8088235294117647,1.2058823529411764,0.7333333333333335
5,13,regular,1,990,1000,10,987,3,13,0.996969696969697,0.987,0.99,0.9919597989949748
5,13,semiregular,1,838,815,23,757,81,58,0.9033412887828163,0.9288343558282208,1.0282208588957056,0.9159104658197217
5,13,irregular,1,317,216,101,176,141,40,0.555205047318612,0.8148148148148148,1.4675925925925926,0.6604127579737336
5,13,regular,2,1000,1000,0,989,11,11,0.989,0.989,1.0,0.989
5,13,semiregular,2,829,815,14,770,59,45,0.9288299155609168,0.9447852760736196,1.0171779141104293,0.9367396593673967
5,13,irregular,2,234,216,18,173,61,43,0.7393162393162394,0.8009259259259259,1.0833333333333333,0.7688888888888888
5,13,regular,3,1000,1000,0,996,4,4,0.996,0.996,1.0,0.996
5,13,semiregular,3,822,815,7,762,60,53,0.927007299270073,0.9349693251533743,1.0085889570552147,0.9309712889431887
5,13,irregular,3,210,216,6,171,39,45,0.8142857142857143,0.7916666666666666,0.9722222222222222,0.8028169014084506
5,14,regular,1,1046,1052,6,1044,2,8,0.9980879541108987,0.9923954372623575,0.9942965779467681,0.9952335557673975
5,14,semiregular,1,845,913,68,787,58,126,0.9313609467455621,0.8619934282584885,0.9255202628696605,0.8953356086461889
5,14,irregular,1,276,217,59,164,112,53,0.5942028985507246,0.7557603686635944,1.271889400921659,0.665314401622718
5,14,regular,2,999,1052,53,987,12,65,0.987987987987988,0.938212927756654,0.9496197718631179,0.962457337883959
5,14,semiregular,2,896,913,17,831,65,82,0.9274553571428571,0.9101861993428259,0.9813800657174151,0.9187396351575455
5,14,irregular,2,225,217,8,168,57,49,0.7466666666666667,0.7741935483870968,1.0368663594470047,0.7601809954751131
5,14,regular,3,1070,1052,18,1048,22,4,0.9794392523364486,0.9961977186311787,1.0171102661596958,0.9877474081055607
5,14,semiregular,3,901,913,12,836,65,77,0.9278579356270811,0.9156626506024096,0.9868565169769989,0.9217199558985667
5,14,irregular,3,189,217,28,148,41,69,0.783068783068783,0.6820276497695853,0.8709677419354839,0.7290640394088671
5,15,regular,1,955,964,9,947,8,17,0.9916230366492147,0.9823651452282157,0.9906639004149378,0.9869723814486713
5,15,semiregular,1,786,774,12,715,71,59,0.9096692111959288,0.9237726098191215,1.0155038759689923,0.9166666666666666
5,15,irregular,1,218,218,0,167,51,51,0.7660550458715596,0.7660550458715596,1.0,0.7660550458715596
5,15,regular,2,952,964,12,941,11,23,0.9884453781512605,0.9761410788381742,0.9875518672199171,0.9822546972860124
5,15,semiregular,2,766,774,8,706,60,68,0.9216710182767625,0.9121447028423773,0.9896640826873385,0.916883116883117
5,15,irregular,2,208,218,10,171,37,47,0.8221153846153846,0.7844036697247706,0.9541284403669725,0.8028169014084507
5,15,regular,3,967,964,3,961,6,3,0.9937952430196484,0.9968879668049793,1.0031120331950207,0.9953392024857587
5,15,semiregular,3,760,774,14,701,59,73,0.9223684210526316,0.9056847545219638,0.9819121447028424,0.9139504563233377
5,15,irregular,3,202,218,16,165,37,53,0.8168316831683168,0.7568807339449541,0.926605504587156,0.7857142857142856
5,16,regular,1,1078,1109,31,1071,7,38,0.9935064935064936,0.9657348963029756,0.9720468890892696,0.9794238683127572
5,16,semiregular,1,700,681,19,598,102,83,0.8542857142857143,0.8781204111600588,1.0279001468428781,0.8660391020999277
5,16,irregular,1,278,272,6,184,94,88,0.6618705035971223,0.6764705882352942,1.0220588235294117,0.6690909090909091
5,16,regular,2,1138,1109,29,1109,29,0,0.9745166959578208,1.0,1.0261496844003606,0.9870939029817535
5,16,semiregular,2,661,681,20,591,70,90,0.8940998487140696,0.8678414096916299,0.9706314243759178,0.8807749627421759
5,16,irregular,2,262,272,10,203,59,69,0.7748091603053435,0.7463235294117647,0.9632352941176471,0.7602996254681648
5,16,regular,3,1129,1109,20,1107,22,2,0.9805137289636847,0.9981965734896303,1.018034265103697,0.9892761394101877
5,16,semiregular,3,683,681,2,605,78,76,0.8857979502196194,0.8883994126284875,1.0029368575624082,0.8870967741935484
5,16,irregular,3,210,272,62,178,32,94,0.8476190476190476,0.6544117647058824,0.7720588235294118,0.7385892116182573
5,17,regular,1,1039,1029,10,1028,11,1,0.9894128970163619,0.9990281827016521,1.0097181729834792,0.9941972920696326
5,17,semiregular,1,853,837,16,764,89,73,0.895662368112544,0.9127837514934289,1.0191158900836321,0.9041420118343195
5,17,irregular,1,281,240,41,178,103,62,0.6334519572953736,0.7416666666666667,1.1708333333333334,0.6833013435700576
5,17,regular,2,983,1029,46,972,11,57,0.9888097660223805,0.9446064139941691,0.9552964042759962,0.9662027833001989
5,17,semiregular,2,860,837,23,776,84,61,0.9023255813953488,0.927120669056153,1.027479091995221,0.9145550972304066
5,17,irregular,2,259,240,19,181,78,59,0.6988416988416989,0.7541666666666667,1.0791666666666666,0.7254509018036073
5,17,regular,3,1049,1029,20,1028,21,1,0.9799809342230696,0.9990281827016521,1.0194363459669582,0.9894128970163619
5,17,semiregular,3,844,837,7,769,75,68,0.9111374407582938,0.918757467144564,1.008363201911589,0.9149315883402737
5,17,irregular,3,219,240,21,175,44,65,0.7990867579908676,0.7291666666666666,0.9125,0.7625272331154683
5,18,regular,1,1060,1044,16,1041,19,3,0.9820754716981132,0.9971264367816092,1.0153256704980842,0.9895437262357414
5,18,semiregular,1,825,801,24,749,76,52,0.9078787878787878,0.9350811485642946,1.0299625468164795,0.9212792127921279
5,18,irregular,1,304,252,52,193,111,59,0.6348684210526315,0.7658730158730159,1.2063492063492063,0.6942446043165468
5,18,regular,2,1000,1044,44,992,8,52,0.992,0.9501915708812261,0.9578544061302682,0.9706457925636008
5,18,semiregular,2,798,801,3,746,52,55,0.9348370927318296,0.9313358302122348,0.9962546816479401,0.9330831769856159
5,18,irregular,2,255,252,3,192,63,60,0.7529411764705882,0.7619047619047619,1.0119047619047619,0.757396449704142
5,18,regular,3,1051,1044,7,1041,10,3,0.9904852521408183,0.9971264367816092,1.0067049808429118,0.9937947494033413
5,18,semiregular,3,807,801,6,752,55,49,0.9318463444857497,0.9388264669163545,1.0074906367041199,0.9353233830845771
5,18,irregular,3,243,252,9,199,44,53,0.8189300411522634,0.7896825396825397,0.9642857142857143,0.804040404040404
5,19,regular,1,1090,1076,14,1065,25,11,0.9770642201834863,0.9897769516728625,1.013011152416357,0.9833795013850416
5,19,semiregular,1,705,753,48,652,53,101,0.924822695035461,0.8658698539176627,0.9362549800796812,0.8943758573388202
5,19,irregular,1,305,245,60,195,110,50,0.639344262295082,0.7959183673469388,1.2448979591836735,0.7090909090909091
5,19,regular,2,1081,1076,5,1070,11,6,0.9898242368177613,0.9944237918215614,1.004646840148699,0.9921186833565137
5,19,semiregular,2,744,753,9,682,62,71,0.9166666666666666,0.9057104913678619,0.9880478087649402,0.9111556446225785
5,19,irregular,2,261,245,16,183,78,62,0.7011494252873564,0.746938775510204,1.0653061224489795,0.7233201581027668
5,19,regular,3,1085,1076,9,1070,15,6,0.9861751152073732,0.9944237918215614,1.008364312267658,0.9902822767237389
5,19,semiregular,3,739,753,14,684,55,69,0.925575101488498,0.9083665338645418,0.9814077025232404,0.9168900804289544
5,19,irregular,3,212,245,33,171,41,74,0.8066037735849056,0.6979591836734694,0.8653061224489796,0.7483588621444202
5,20,regular,1,1220,1251,31,1212,8,39,0.9934426229508196,0.9688249400479616,0.9752198241406874,0.98097936058276
5,20,semiregular,1,849,841,8,746,103,95,0.8786808009422851,0.8870392390011891,1.009512485136742,0.8828402366863906
5,20,irregular,1,298,252,46,183,115,69,0.6140939597315436,0.7261904761904762,1.1825396825396826,0.6654545454545454
5,20,regular,2,1328,1251,77,1248,80,3,0.9397590361445783,0.9976019184652278,1.061550759392486,0.9678169833268708
5,20,semiregular,2,827,841,14,723,104,118,0.8742442563482467,0.8596908442330559,0.9833531510107015,0.8669064748201438
5,20,irregular,2,245,252,7,187,58,65,0.763265306122449,0.7420634920634921,0.9722222222222222,0.7525150905432596
5,20,regular,3,1213,1251,38,1209,4,42,0.9967023907666942,0.9664268585131894,0.9696243005595524,0.9813311688311688
5,20,semiregular,3,837,841,4,743,94,98,0.8876941457586619,0.8834720570749108,0.995243757431629,0.8855780691299167
5,20,irregular,3,202,252,50,159,43,93,0.7871287128712872,0.6309523809523809,0.8015873015873016,0.7004405286343612
5,21,regular,1,949,920,29,917,32,3,0.9662802950474183,0.9967391304347826,1.0315217391304348,0.9812734082397003
5,21,semiregular,1,568,549,19,464,104,85,0.8169014084507042,0.8451730418943534,1.034608378870674,0.8307967770814682
5,21,irregular,1,248,204,44,167,81,37,0.6733870967741935,0.8186274509803921,1.2156862745098038,0.7389380530973451
5,21,regular,2,856,920,64,843,13,77,0.9848130841121495,0.9163043478260869,0.9304347826086956,0.9493243243243242
5,21,semiregular,2,559,549,10,469,90,80,0.8389982110912343,0.8542805100182149,1.018214936247723,0.8465703971119133
5,21,irregular,2,219,204,15,164,55,40,0.7488584474885844,0.803921568627451,1.0735294117647058,0.7754137115839244
5,21,regular,3,924,920,4,918,6,2,0.9935064935064936,0.9978260869565218,1.0043478260869565,0.9956616052060738
5,21,semiregular,3,574,549,25,484,90,65,0.8432055749128919,0.8816029143897997,1.0455373406193078,0.8619768477292966
5,21,irregular,3,203,204,1,160,43,44,0.7881773399014779,0.7843137254901961,0.9950980392156863,0.7862407862407863
5,22,regular,1,978,946,32,943,35,3,0.9642126789366053,0.9968287526427061,1.0338266384778012,0.9802494802494802
5,22,semiregular,1,688,703,15,614,74,89,0.8924418604651163,0.8733997155049786,0.9786628733997155,0.8828181164629764
5,22,irregular,1,237,247,10,162,75,85,0.6835443037974683,0.6558704453441295,0.9595141700404858,0.6694214876033058
5,22,regular,2,963,946,17,931,32,15,0.9667705088265836,0.9841437632135307,1.017970401691332,0.9753797799895233
5,22,semiregular,2,688,703,15,620,68,83,0.9011627906976745,0.8819345661450925,0.9786628733997155,0.8914450035945363
5,22,irregular,2,245,247,2,176,69,71,0.7183673469387755,0.7125506072874493,0.9919028340080972,0.7154471544715447
5,22,regular,3,956,946,10,942,14,4,0.9853556485355649,0.9957716701902748,1.0105708245243128,0.9905362776025236
5,22,semiregular,3,701,703,2,635,66,68,0.905848787446505,0.903271692745377,0.9971550497866287,0.9045584045584046
5,22,irregular,3,233,247,14,176,57,71,0.7553648068669528,0.7125506072874493,0.9433198380566802,0.7333333333333334
5,23,regular,1,1030,999,31,994,36,5,0.9650485436893204,0.994994994994995,1.031031031031031,0.9797930014785609
5,23,semiregular,1,766,835,69,679,87,156,0.8864229765013055,0.8131736526946107,0.9173652694610779,0.8482198625858838
5,23,irregular,1,273,266,7,178,95,88,0.652014652014652,0.6691729323308271,1.0263157894736843,0.660482374768089
5,23,regular,2,947,999,52,935,12,64,0.9873284054910243,0.9359359359359359,0.9479479479479479,0.9609455292908531
5,23,semiregular,2,825,835,10,718,107,117,0.8703030303030304,0.859880239520958,0.9880239520958084,0.8650602409638555
5,23,irregular,2,265,266,1,191,74,75,0.720754716981132,0.7180451127819549,0.9962406015037594,0.71939736346516
5,23,regular,3,1009,999,10,994,15,5,0.9851337958374629,0.994994994994995,1.01001001001001,0.9900398406374502
5,23,semiregular,3,852,835,17,762,90,73,0.8943661971830986,0.9125748502994012,1.0203592814371258,0.9033787788974511
5,23,irregular,3,223,266,43,177,46,89,0.7937219730941704,0.6654135338345865,0.8383458646616542,0.7239263803680982
5,24,regular,1,1083,1079,4,1068,15,11,0.9861495844875346,0.989805375347544,1.0037071362372567,0.9879740980573541
5,24,semiregular,1,630,680,50,583,47,97,0.9253968253968254,0.8573529411764705,0.9264705882352942,0.8900763358778626
5,24,irregular,1,217,247,30,163,54,84,0.7511520737327189,0.659919028340081,0.8785425101214575,0.7025862068965518
5,24,regular,2,1047,1079,32,1032,15,47,0.9856733524355301,0.9564411492122336,0.9703429101019463,0.9708372530573848
5,24,semiregular,2,667,680,13,614,53,66,0.9205397301349325,0.9029411764705882,0.9808823529411764,0.9116555308092056
5,24,irregular,2,233,247,14,191,42,56,0.8197424892703863,0.7732793522267206,0.9433198380566802,0.7958333333333334
5,24,regular,3,1087,1079,8,1077,10,2,0.9908003679852806,0.9981464318813716,1.0074142724745134,0.9944598337950138
5,24,semiregular,3,686,680,6,636,50,44,0.9271137026239067,0.9352941176470588,1.0088235294117647,0.931185944363104
5,24,irregular,3,215,247,32,183,32,64,0.8511627906976744,0.7408906882591093,0.8704453441295547,0.7922077922077922
5,25,regular,1,959,946,13,944,15,2,0.9843587069864442,0.9978858350951374,1.0137420718816068,0.9910761154855644
5,25,semiregular,1,680,718,38,609,71,109,0.8955882352941177,0.8481894150417827,0.947075208913649,0.8712446351931331
5,25,irregular,1,270,207,63,153,117,54,0.5666666666666667,0.7391304347826086,1.3043478260869565,0.6415094339622641
5,25,regular,2,840,946,106,833,7,113,0.9916666666666667,0.8805496828752643,0.8879492600422833,0.9328107502799552
5,25,semiregular,2,716,718,2,647,69,71,0.9036312849162011,0.9011142061281338,0.9972144846796658,0.902370990237099
5,25,irregular,2,149,207,58,94,55,113,0.6308724832214765,0.45410628019323673,0.7198067632850241,0.5280898876404494
5,25,regular,3,749,946,197,747,2,199,0.9973297730307076,0.7896405919661733,0.7917547568710359,0.8814159292035397
5,25,semiregular,3,619,718,99,561,58,157,0.9063004846526656,0.7813370473537604,0.862116991643454,0.8391922213911742
5,25,irregular,3,183,207,24,97,86,110,0.5300546448087432,0.46859903381642515,0.8840579710144928,0.4974358974358975
5,26,regular,1,1018,985,33,983,35,2,0.9656188605108055,0.9979695431472081,1.033502538071066,0.981527708437344
5,26,semiregular,1,756,720,36,655,101,65,0.8664021164021164,0.9097222222222222,1.05,0.8875338753387534
5,26,irregular,1,395,214,181,200,195,14,0.5063291139240507,0.9345794392523364,1.8457943925233644,0.6568144499178982
5,26,regular,2,231,985,754,230,1,755,0.9956709956709957,0.233502538071066,0.23451776649746192,0.37828947368421056
5,26,semiregular,2,656,720,64,586,70,134,0.8932926829268293,0.8138888888888889,0.9111111111111111,0.8517441860465116
5,26,irregular,2,186,214,28,119,67,95,0.6397849462365591,0.5560747663551402,0.8691588785046729,0.595
5,26,regular,3,1101,985,116,982,119,3,0.8919164396003633,0.9969543147208122,1.117766497461929,0.9415148609779481
5,26,semiregular,3,754,720,34,660,94,60,0.8753315649867374,0.9166666666666666,1.0472222222222223,0.8955223880597014
5,26,irregular,3,228,214,14,151,77,63,0.6622807017543859,0.705607476635514,1.0654205607476634,0.6832579185520361
5,27,regular,1,1132,1166,34,1117,15,49,0.9867491166077739,0.9579759862778731,0.9708404802744426,0.9721496953872932
5,27,semiregular,1,572,728,156,518,54,210,0.9055944055944056,0.7115384615384616,0.7857142857142857,0.7969230769230771
5,27,irregular,1,216,270,54,155,61,115,0.7175925925925926,0.5740740740740741,0.8,0.6378600823045267
5,27,regular,2,1096,1166,70,1081,15,85,0.9863138686131386,0.9271012006861064,0.9399656946826758,0.9557913351016798
5,27,semiregular,2,714,728,14,648,66,80,0.907563025210084,0.8901098901098901,0.9807692307692307,0.8987517337031901
5,27,irregular,2,269,270,1,213,56,57,0.79182156133829,0.7888888888888889,0.9962962962962963,0.7903525046382189
5,27,regular,3,1188,1166,22,1164,24,2,0.9797979797979798,0.9982847341337907,1.0188679245283019,0.9889549702633814
5,27,semiregular,3,738,728,10,672,66,56,0.9105691056910569,0.9230769230769231,1.0137362637362637,0.916780354706685
5,27,irregular,3,254,270,16,201,53,69,0.7913385826771654,0.7444444444444445,0.9407407407407408,0.7671755725190841
5,28,regular,1,1067,1098,31,1054,13,44,0.9878163074039362,0.9599271402550091,0.9717668488160291,0.9736720554272517
5,28,semiregular,1,852,859,7,768,84,91,0.9014084507042254,0.8940628637951106,0.9918509895227008,0.8977206312098189
5,28,irregular,1,306,293,13,160,146,133,0.5228758169934641,0.5460750853242321,1.0443686006825939,0.5342237061769617
5,28,regular,2,1061,1098,37,1040,21,58,0.9802073515551367,0.9471766848816029,0.9663023679417122,0.9634089856415008
5,28,semiregular,2,864,859,5,784,80,75,0.9074074074074074,0.9126891734575088,1.0058207217694994,0.9100406268136971
5,28,irregular,2,270,293,23,192,78,101,0.7111111111111111,0.6552901023890785,0.9215017064846417,0.6820603907637655
5,28,regular,3,1088,1098,10,1079,9,19,0.9917279411764706,0.982695810564663,0.9908925318761385,0.9871912168344007
5,28,semiregular,3,786,859,73,727,59,132,0.9249363867684478,0.8463329452852154,0.9150174621653085,0.8838905775075987
5,28,irregular,3,231,293,62,160,71,133,0.6926406926406926,0.5460750853242321,0.78839590443686,0.6106870229007634
5,29,regular,1,1143,1140,3,1137,6,3,0.994750656167979,0.9973684210526316,1.0026315789473683,0.9960578186596584
5,29,semiregular,1,892,869,23,787,105,82,0.8822869955156951,0.905638665132336,1.0264672036823936,0.8938103350369109
5,29,irregular,1,258,247,11,166,92,81,0.6434108527131783,0.6720647773279352,1.0445344129554657,0.6574257425742573
5,29,regular,2,1001,1140,139,991,10,149,0.99000999000999,0.8692982456140351,0.8780701754385964,0.9257356375525456
5,29,semiregular,2,957,869,88,822,135,47,0.8589341692789969,0.9459148446490219,1.1012658227848102,0.9003285870755751
5,29,irregular,2,270,247,23,197,73,50,0.7296296296296296,0.7975708502024291,1.0931174089068827,0.7620889748549324
5,29,regular,3,1110,1140,30,1106,4,34,0.9963963963963964,0.9701754385964912,0.9736842105263158,0.983111111111111
5,29,semiregular,3,897,869,28,783,114,86,0.8729096989966555,0.9010356731875719,1.0322209436133487,0.8867497168742922
5,29,irregular,3,218,247,29,180,38,67,0.8256880733944955,0.728744939271255,0.8825910931174089,0.7741935483870966
5,30,regular,1,992,997,5,983,9,14,0.9909274193548387,0.9859578736208626,0.9949849548645938,0.9884364002011062
5,30,semiregular,1,801,810,9,730,71,80,0.9113607990012484,0.9012345679012346,0.9888888888888889,0.9062693978895097
5,30,irregular,1,272,250,22,173,99,77,0.6360294117647058,0.692,1.088,0.6628352490421455
5,30,regular,2,946,997,51,941,5,56,0.9947145877378436,0.9438314944834504,0.9488465396188566,0.9686052496139991
5,30,semiregular,2,833,810,23,755,78,55,0.9063625450180072,0.9320987654320988,1.028395061728395,0.9190505173463177
5,30,irregular,2,241,250,9,178,63,72,0.7385892116182573,0.712,0.964,0.725050916496945
5,30,regular,3,1017,997,20,994,23,3,0.9773844641101278,0.9969909729187563,1.020060180541625,0.9870903674280039
5,30,semiregular,3,826,810,16,748,78,62,0.9055690072639225,0.9234567901234568,1.019753086419753,0.9144254278728606
5,30,irregular,3,220,250,30,166,54,84,0.7545454545454545,0.664,0.88,0.7063829787234043
