Test fold number,Subject,Gait,Sensor,Predicted,Actual,Difference,TP,FP,FN,PPV,Sensitivity,RCA,SDA
1,1,regular,1,955,937,18,936,19,1,0.9801047120418848,0.9989327641408752,1.0192102454642475,0.9894291754756872
1,1,semiregular,1,1016,703,313,688,328,15,0.6771653543307087,0.9786628733997155,1.4452347083926032,0.8004653868528214
1,1,irregular,1,241,199,42,148,93,51,0.6141078838174274,0.7437185929648241,1.2110552763819096,0.6727272727272727
1,1,regular,2,1036,937,99,937,99,0,0.9044401544401545,1.0,1.1056563500533618,0.9498226051697921
1,1,semiregular,2,1198,703,495,701,497,2,0.5851419031719532,0.9971550497866287,1.7041251778093884,0.7375065754865859
1,1,irregular,2,1073,199,874,199,874,0,0.18546132339235788,1.0,5.391959798994975,0.3128930817610063
1,1,regular,3,807,937,130,753,54,184,0.9330855018587361,0.8036286019210246,0.8612593383137673,0.8635321100917432
1,1,semiregular,3,775,703,72,606,169,97,0.7819354838709678,0.8620199146514936,1.1024182076813656,0.8200270635994589
1,1,irregular,3,881,199,682,180,701,19,0.2043132803632236,0.9045226130653267,4.42713567839196,0.33333333333333337
1,2,regular,1,1143,1224,81,1128,15,96,0.9868766404199475,0.9215686274509803,0.9338235294117647,0.953105196451204
1,2,semiregular,1,728,647,81,611,117,36,0.8392857142857143,0.9443585780525502,1.1251931993817619,0.8887272727272727
1,2,irregular,1,765,217,548,166,599,51,0.2169934640522876,0.7649769585253456,3.525345622119816,0.3380855397148676
1,2,regular,2,1180,1224,44,1154,26,70,0.9779661016949153,0.9428104575163399,0.9640522875816994,0.9600665557404325
1,2,semiregular,2,787,647,140,645,142,2,0.8195679796696315,0.9969088098918083,1.2163833075734158,0.899581589958159
1,2,irregular,2,1345,217,1128,217,1128,0,0.1613382899628253,1.0,6.1981566820276495,0.2778489116517286
1,2,regular,3,1012,1224,212,1003,9,221,0.991106719367589,0.8194444444444444,0.826797385620915,0.8971377459749552
1,2,semiregular,3,396,647,251,382,14,265,0.9646464646464646,0.5904173106646059,0.6120556414219475,0.7325023969319272
1,2,irregular,3,1009,217,792,158,851,59,0.1565906838453915,0.728110599078341,4.649769585253456,0.2577487765089723
1,3,regular,1,1035,1053,18,1027,8,26,0.9922705314009662,0.9753086419753086,0.9829059829059829,0.9837164750957855
1,3,semiregular,1,882,716,166,685,197,31,0.7766439909297053,0.9567039106145251,1.2318435754189945,0.8573216520650814
1,3,irregular,1,683,224,459,170,513,54,0.24890190336749635,0.7589285714285714,3.049107142857143,0.37486218302094815
1,3,regular,2,988,1053,65,975,13,78,0.9868421052631579,0.9259259259259259,0.9382716049382716,0.9554140127388535
1,3,semiregular,2,853,716,137,654,199,62,0.7667057444314185,0.9134078212290503,1.191340782122905,0.8336520076481836
1,3,irregular,2,418,224,194,142,276,82,0.3397129186602871,0.6339285714285714,1.8660714285714286,0.4423676012461059
1,3,regular,3,915,1053,138,912,3,141,0.9967213114754099,0.8660968660968661,0.8689458689458689,0.9268292682926831
1,3,semiregular,3,453,716,263,429,24,287,0.9470198675496688,0.5991620111731844,0.63268156424581,0.7339606501283148
1,3,irregular,3,126,224,98,113,13,111,0.8968253968253969,0.5044642857142857,0.5625,0.6457142857142857
1,4,regular,1,1094,1101,7,1081,13,20,0.9881170018281535,0.9818346957311535,0.9936421435059037,0.9849658314350798
1,4,semiregular,1,740,614,126,537,203,77,0.7256756756756757,0.8745928338762216,1.205211726384365,0.793205317577548
1,4,irregular,1,416,228,188,187,229,41,0.4495192307692308,0.8201754385964912,1.8245614035087718,0.5807453416149069
1,4,regular,2,1120,1101,19,1098,22,3,0.9803571428571428,0.997275204359673,1.017257039055404,0.9887438090950021
1,4,semiregular,2,915,614,301,613,302,1,0.6699453551912569,0.998371335504886,1.490228013029316,0.801831262262917
1,4,irregular,2,1393,228,1165,228,1165,0,0.16367552045944006,1.0,6.109649122807017,0.28130783466995685
1,4,regular,3,530,1101,571,527,3,574,0.9943396226415094,0.4786557674841054,0.48138056312443234,0.6462293071735132
1,4,semiregular,3,154,614,460,145,9,469,0.9415584415584416,0.23615635179153094,0.250814332247557,0.37760416666666663
1,4,irregular,3,379,228,151,53,326,175,0.13984168865435356,0.2324561403508772,1.662280701754386,0.1746293245469522
1,5,regular,1,1021,1044,23,1014,7,30,0.9931439764936337,0.9712643678160919,0.9779693486590039,0.9820823244552057
1,5,semiregular,1,1000,668,332,661,339,7,0.661,0.9895209580838323,1.4970059880239521,0.7925659472422062
1,5,irregular,1,871,217,654,186,685,31,0.21354764638346727,0.8571428571428571,4.013824884792626,0.34191176470588236
1,5,regular,2,996,1044,48,983,13,61,0.9869477911646586,0.9415708812260536,0.9540229885057471,0.9637254901960784
1,5,semiregular,2,979,668,311,647,332,21,0.6608784473953013,0.968562874251497,1.465568862275449,0.7856709168184577
1,5,irregular,2,601,217,384,144,457,73,0.23960066555740434,0.663594470046083,2.769585253456221,0.35207823960880197
1,5,regular,3,848,1044,196,845,3,199,0.9964622641509434,0.8093869731800766,0.8122605363984674,0.8932346723044398
1,5,semiregular,3,497,668,171,439,58,229,0.8832997987927566,0.657185628742515,0.7440119760479041,0.7536480686695278
1,5,irregular,3,1243,217,1026,192,1051,25,0.15446500402252614,0.8847926267281107,5.728110599078341,0.263013698630137
1,6,regular,1,918,915,3,885,33,30,0.9640522875816994,0.9672131147540983,1.0032786885245901,0.9656301145662848
1,6,semiregular,1,779,701,78,638,141,63,0.8189987163029525,0.9101283880171184,1.1112696148359487,0.8621621621621621
1,6,irregular,1,390,195,195,108,282,87,0.27692307692307694,0.5538461538461539,2.0,0.36923076923076925
1,6,regular,2,957,915,42,909,48,6,0.9498432601880877,0.9934426229508196,1.0459016393442624,0.9711538461538461
1,6,semiregular,2,892,701,191,681,211,20,0.7634529147982063,0.9714693295292439,1.2724679029957204,0.8549905838041431
1,6,irregular,2,851,195,656,185,666,10,0.21739130434782608,0.9487179487179487,4.364102564102564,0.3537284894837476
1,6,regular,3,675,915,240,669,6,246,0.9911111111111112,0.7311475409836066,0.7377049180327869,0.8415094339622642
1,6,semiregular,3,320,701,381,303,17,398,0.946875,0.4322396576319544,0.456490727532097,0.5935357492654261
1,6,irregular,3,125,195,70,92,33,103,0.736,0.4717948717948718,0.6410256410256411,0.575
1,7,regular,1,1185,1230,45,1180,5,50,0.9957805907172996,0.959349593495935,0.9634146341463414,0.9772256728778469
1,7,semiregular,1,968,761,207,713,255,48,0.7365702479338843,0.9369250985545335,1.2720105124835743,0.8247541931752458
1,7,irregular,1,449,225,224,77,372,148,0.1714922048997773,0.3422222222222222,1.9955555555555555,0.22848664688427298
1,7,regular,2,1206,1230,24,1182,24,48,0.9800995024875622,0.9609756097560975,0.9804878048780488,0.9704433497536945
1,7,semiregular,2,1017,761,256,710,307,51,0.6981317600786627,0.9329829172141918,1.3363994743758212,0.7986501687289089
1,7,irregular,2,1793,225,1568,224,1569,1,0.1249302844394869,0.9955555555555555,7.9688888888888885,0.222001982160555
1,7,regular,3,1038,1230,192,1027,11,203,0.9894026974951831,0.8349593495934959,0.8439024390243902,0.9056437389770723
1,7,semiregular,3,497,761,264,433,64,328,0.8712273641851107,0.568988173455979,0.6530880420499343,0.6883942766295708
1,7,irregular,3,699,225,474,133,566,92,0.19027181688125894,0.5911111111111111,3.1066666666666665,0.2878787878787879
1,8,regular,1,1030,1035,5,1018,12,17,0.9883495145631068,0.9835748792270531,0.9951690821256038,0.985956416464891
1,8,semiregular,1,867,827,40,715,152,112,0.8246828143021915,0.8645707376058042,1.0483675937122128,0.8441558441558441
1,8,irregular,1,626,243,383,141,485,102,0.22523961661341854,0.5802469135802469,2.5761316872427984,0.32451093210586884
1,8,regular,2,827,1035,208,815,12,220,0.9854897218863361,0.7874396135265701,0.7990338164251207,0.8754027926960258
1,8,semiregular,2,879,827,52,707,172,120,0.8043230944254836,0.8548972188633616,1.0628778718258767,0.8288393903868699
1,8,irregular,2,820,243,577,143,677,100,0.174390243902439,0.588477366255144,3.374485596707819,0.2690498588899341
1,8,regular,3,893,1035,142,889,4,146,0.9955207166853304,0.8589371980676328,0.8628019323671497,0.9221991701244813
1,8,semiregular,3,523,827,304,487,36,340,0.9311663479923518,0.5888754534461911,0.6324062877871826,0.7214814814814815
1,8,irregular,3,1317,243,1074,184,1133,59,0.13971146545178437,0.757201646090535,5.419753086419753,0.2358974358974359
1,9,regular,1,1101,1107,6,1096,5,11,0.9954586739327884,0.990063233965673,0.994579945799458,0.9927536231884059
1,9,semiregular,1,660,701,41,586,74,115,0.8878787878787879,0.8359486447931527,0.9415121255349501,0.861131520940485
1,9,irregular,1,480,266,214,139,341,127,0.28958333333333336,0.5225563909774437,1.8045112781954886,0.3726541554959785
1,9,regular,2,1063,1107,44,1052,11,55,0.9896519285042333,0.950316169828365,0.960252935862692,0.9695852534562212
1,9,semiregular,2,790,701,89,664,126,37,0.8405063291139241,0.9472182596291013,1.1269614835948645,0.8906773977196514
1,9,irregular,2,1762,266,1496,266,1496,0,0.15096481271282633,1.0,6.62406015037594,0.26232741617357
1,9,regular,3,888,1107,219,878,10,229,0.9887387387387387,0.7931345980126467,0.8021680216802168,0.8802005012531329
1,9,semiregular,3,481,701,220,450,31,251,0.9355509355509356,0.6419400855920114,0.6861626248216833,0.7614213197969543
1,9,irregular,3,1245,266,979,196,1049,70,0.157429718875502,0.7368421052631579,4.680451127819549,0.25943084050297816
1,10,regular,1,1024,1014,10,1005,19,9,0.9814453125,0.9911242603550295,1.009861932938856,0.986261040235525
1,10,semiregular,1,806,656,150,622,184,34,0.771712158808933,0.948170731707317,1.228658536585366,0.8508891928864569
1,10,irregular,1,748,247,501,237,511,10,0.31684491978609625,0.9595141700404858,3.02834008097166,0.4763819095477387
1,10,regular,2,1022,1014,8,986,36,28,0.9647749510763209,0.9723865877712031,1.0078895463510849,0.9685658153241651
1,10,semiregular,2,863,656,207,642,221,14,0.7439165701042874,0.9786585365853658,1.3155487804878048,0.8452929558920342
1,10,irregular,2,1292,247,1045,247,1045,0,0.19117647058823528,1.0,5.230769230769231,0.32098765432098764
1,10,regular,3,927,1014,87,911,16,103,0.982740021574973,0.8984220907297831,0.9142011834319527,0.9386913961875323
1,10,semiregular,3,613,656,43,524,89,132,0.8548123980424144,0.7987804878048781,0.9344512195121951,0.8258471237194641
1,10,irregular,3,1080,247,833,206,874,41,0.19074074074074074,0.8340080971659919,4.372469635627531,0.3104747550866616
1,11,regular,1,1060,1070,10,1055,5,15,0.9952830188679245,0.985981308411215,0.9906542056074766,0.9906103286384976
1,11,semiregular,1,837,700,137,660,177,40,0.7885304659498208,0.9428571428571428,1.1957142857142857,0.8588158750813273
1,11,irregular,1,629,239,390,159,470,80,0.2527821939586645,0.6652719665271967,2.6317991631799162,0.3663594470046083
1,11,regular,2,221,1070,849,215,6,855,0.9728506787330317,0.20093457943925233,0.20654205607476636,0.3330751355538342
1,11,semiregular,2,396,700,304,317,79,383,0.8005050505050505,0.45285714285714285,0.5657142857142857,0.5784671532846715
1,11,irregular,2,539,239,300,96,443,143,0.17810760667903525,0.401673640167364,2.2552301255230125,0.24678663239074555
1,11,regular,3,849,1070,221,845,4,225,0.9952885747938751,0.7897196261682243,0.7934579439252336,0.8806670140698281
1,11,semiregular,3,513,700,187,458,55,242,0.8927875243664717,0.6542857142857142,0.7328571428571429,0.7551525144270403
1,11,irregular,3,452,239,213,154,298,85,0.3407079646017699,0.6443514644351465,1.891213389121339,0.44573082489146165
1,12,regular,1,1016,1007,9,1006,10,1,0.9901574803149606,0.9990069513406157,1.008937437934459,0.9945625308947109
1,12,semiregular,1,853,641,212,615,238,26,0.7209847596717468,0.9594383775351014,1.3307332293291732,0.823293172690763
1,12,irregular,1,753,204,549,183,570,21,0.24302788844621515,0.8970588235294118,3.6911764705882355,0.38244514106583066
1,12,regular,2,1035,1007,28,1007,28,0,0.9729468599033816,1.0,1.0278053624627608,0.9862879529872673
1,12,semiregular,2,943,641,302,632,311,9,0.6702014846235419,0.9859594383775351,1.4711388455538221,0.7979797979797979
1,12,irregular,2,1447,204,1243,204,1243,0,0.1409813407049067,1.0,7.0931372549019605,0.2471229557843731
1,12,regular,3,679,1007,328,679,0,328,1.0,0.6742800397219464,0.6742800397219464,0.8054567022538552
1,12,semiregular,3,310,641,331,265,45,376,0.8548387096774194,0.41341653666146644,0.4836193447737909,0.5573080967402734
1,12,irregular,3,592,204,388,127,465,77,0.21452702702702703,0.6225490196078431,2.9019607843137254,0.3190954773869347
1,13,regular,1,990,1000,10,985,5,15,0.9949494949494949,0.985,0.99,0.9899497487437187
1,13,semiregular,1,890,815,75,759,131,56,0.852808988764045,0.9312883435582822,1.0920245398773005,0.8903225806451613
1,13,irregular,1,922,216,706,107,815,109,0.11605206073752712,0.49537037037037035,4.268518518518518,0.18804920913884007
1,13,regular,2,997,1000,3,986,11,14,0.9889669007021064,0.986,0.997,0.9874812218327491
1,13,semiregular,2,1004,815,189,804,200,11,0.8007968127490039,0.9865030674846625,1.2319018404907975,0.8840021990104453
1,13,irregular,2,2137,216,1921,216,1921,0,0.10107627515208235,1.0,9.893518518518519,0.18359541011474712
1,13,regular,3,773,1000,227,762,11,238,0.9857697283311773,0.762,0.773,0.8595600676818951
1,13,semiregular,3,641,815,174,555,86,260,0.8658346333853354,0.6809815950920245,0.7865030674846626,0.7623626373626373
1,13,irregular,3,1526,216,1310,173,1353,43,0.11336828309305373,0.8009259259259259,7.064814814814815,0.19862227324913892
1,14,regular,1,1027,1052,25,1022,5,30,0.9951314508276533,0.9714828897338403,0.9762357414448669,0.9831649831649832
1,14,semiregular,1,1101,913,188,879,222,34,0.7983651226158038,0.9627601314348302,1.2059145673603504,0.8728897715988083
1,14,irregular,1,787,217,570,185,602,32,0.23506988564167725,0.8525345622119815,3.6267281105990783,0.3685258964143426
1,14,regular,2,998,1052,54,990,8,62,0.9919839679358717,0.94106463878327,0.9486692015209125,0.9658536585365853
1,14,semiregular,2,1256,913,343,908,348,5,0.7229299363057324,0.9945235487404163,1.375684556407448,0.8372521899492854
1,14,irregular,2,1397,217,1180,205,1192,12,0.1467430207587688,0.9447004608294931,6.43778801843318,0.2540272614622057
1,14,regular,3,709,1052,343,709,0,343,1.0,0.6739543726235742,0.6739543726235742,0.8052243043725156
1,14,semiregular,3,327,913,586,319,8,594,0.9755351681957186,0.3493975903614458,0.35815991237677985,0.5145161290322581
1,14,irregular,3,354,217,137,58,296,159,0.1638418079096045,0.2672811059907834,1.631336405529954,0.2031523642732049
1,15,regular,1,998,964,34,964,34,0,0.9659318637274549,1.0,1.0352697095435686,0.9826707441386341
1,15,semiregular,1,933,774,159,747,186,27,0.8006430868167203,0.9651162790697675,1.2054263565891472,0.8752196836555359
1,15,irregular,1,738,218,520,174,564,44,0.23577235772357724,0.7981651376146789,3.385321100917431,0.3640167364016737
1,15,regular,2,556,964,408,546,10,418,0.9820143884892086,0.5663900414937759,0.5767634854771784,0.718421052631579
1,15,semiregular,2,812,774,38,647,165,127,0.7967980295566502,0.8359173126614987,1.049095607235142,0.815889029003783
1,15,irregular,2,1192,218,974,193,999,25,0.16191275167785235,0.8853211009174312,5.467889908256881,0.27375886524822696
1,15,regular,3,769,964,195,760,9,204,0.988296488946684,0.7883817427385892,0.7977178423236515,0.8770917484131563
1,15,semiregular,3,589,774,185,531,58,243,0.9015280135823429,0.686046511627907,0.7609819121447028,0.7791636096845194
1,15,irregular,3,1090,218,872,166,924,52,0.15229357798165138,0.7614678899082569,5.0,0.253822629969419
1,16,regular,1,1090,1109,19,1085,5,24,0.9954128440366973,0.9783588818755635,0.9828674481514879,0.98681218735789
1,16,semiregular,1,761,681,80,613,148,68,0.8055190538764783,0.9001468428781204,1.117474302496329,0.8502080443828015
1,16,irregular,1,491,272,219,142,349,130,0.2892057026476578,0.5220588235294118,1.8051470588235294,0.3722149410222805
1,16,regular,2,1087,1109,22,1073,14,36,0.9871205151793928,0.9675383228133454,0.9801623083859333,0.9772313296903461
1,16,semiregular,2,838,681,157,644,194,37,0.7684964200477327,0.9456681350954479,1.2305433186490455,0.847926267281106
1,16,irregular,2,1164,272,892,272,892,0,0.23367697594501718,1.0,4.279411764705882,0.3788300835654596
1,16,regular,3,934,1109,175,920,14,189,0.9850107066381156,0.8295761947700632,0.842200180342651,0.9006363191385218
1,16,semiregular,3,718,681,37,594,124,87,0.8272980501392758,0.8722466960352423,1.054331864904552,0.8491779842744818
1,16,irregular,3,1168,272,896,243,925,29,0.20804794520547945,0.8933823529411765,4.294117647058823,0.3375
1,17,regular,1,1017,1029,12,1015,2,14,0.9980334316617503,0.9863945578231292,0.9883381924198251,0.9921798631476051
1,17,semiregular,1,862,837,25,731,131,106,0.8480278422273781,0.8733572281959379,1.0298685782556751,0.8605061801059446
1,17,irregular,1,509,240,269,83,426,157,0.16306483300589392,0.3458333333333333,2.120833333333333,0.22162883845126835
1,17,regular,2,1063,1029,34,1029,34,0,0.9680150517403575,1.0,1.033041788143829,0.9837476099426385
1,17,semiregular,2,1063,837,226,814,249,23,0.7657572906867357,0.972520908004779,1.2700119474313023,0.856842105263158
1,17,irregular,2,1190,240,950,238,952,2,0.2,0.9916666666666667,4.958333333333333,0.33286713286713293
1,17,regular,3,915,1029,114,909,6,120,0.9934426229508196,0.8833819241982507,0.8892128279883382,0.9351851851851851
1,17,semiregular,3,673,837,164,620,53,217,0.9212481426448736,0.7407407407407407,0.8040621266427718,0.8211920529801323
1,17,irregular,3,472,240,232,160,312,80,0.3389830508474576,0.6666666666666666,1.9666666666666666,0.44943820224719105
1,18,regular,1,1049,1044,5,1038,11,6,0.9895138226882746,0.9942528735632183,1.0047892720306513,0.9918776875298614
1,18,semiregular,1,914,801,113,760,154,41,0.8315098468271335,0.9488139825218477,1.1410736579275904,0.8862973760932945
1,18,irregular,1,486,252,234,166,320,86,0.34156378600823045,0.6587301587301587,1.9285714285714286,0.44986449864498645
1,18,regular,2,1070,1044,26,1044,26,0,0.9757009345794393,1.0,1.024904214559387,0.9877010406811731
1,18,semiregular,2,1044,801,243,788,256,13,0.7547892720306514,0.9837702871410736,1.303370786516854,0.8542005420054202
1,18,irregular,2,1399,252,1147,251,1148,1,0.17941386704789136,0.996031746031746,5.551587301587301,0.30405814657783165
1,18,regular,3,801,1044,243,794,7,250,0.9912609238451935,0.7605363984674329,0.7672413793103449,0.8607046070460704
1,18,semiregular,3,659,801,142,598,61,203,0.9074355083459787,0.7465667915106118,0.8227215980024969,0.819178082191781
1,18,irregular,3,1084,252,832,217,867,35,0.20018450184501846,0.8611111111111112,4.301587301587301,0.3248502994011976
1,19,regular,1,1058,1076,18,1052,6,24,0.994328922495274,0.9776951672862454,0.983271375464684,0.9859418931583881
1,19,semiregular,1,835,753,82,694,141,59,0.8311377245508982,0.9216467463479415,1.1088977423638777,0.8740554156171285
1,19,irregular,1,495,245,250,178,317,67,0.3595959595959596,0.726530612244898,2.020408163265306,0.4810810810810811
1,19,regular,2,1084,1076,8,1068,16,8,0.985239852398524,0.9925650557620818,1.0074349442379182,0.9888888888888889
1,19,semiregular,2,943,753,190,743,200,10,0.7879109225874867,0.9867197875166003,1.252324037184595,0.8761792452830189
1,19,irregular,2,1200,245,955,243,957,2,0.2025,0.9918367346938776,4.8979591836734695,0.33633217993079584
1,19,regular,3,873,1076,203,869,4,207,0.995418098510882,0.8076208178438662,0.8113382899628253,0.8917393535146229
1,19,semiregular,3,630,753,123,559,71,194,0.8873015873015873,0.7423638778220452,0.8366533864541833,0.8083875632682574
1,19,irregular,3,544,245,299,145,399,100,0.2665441176470588,0.5918367346938775,2.220408163265306,0.36755386565272496
1,20,regular,1,1186,1251,65,1184,2,67,0.9983136593591906,0.9464428457234213,0.9480415667466027,0.9716864997948298
1,20,semiregular,1,909,841,68,754,155,87,0.8294829482948295,0.896551724137931,1.0808561236623069,0.8617142857142858
1,20,irregular,1,729,252,477,135,594,117,0.18518518518518517,0.5357142857142857,2.892857142857143,0.2752293577981651
1,20,regular,2,1184,1251,67,1164,20,87,0.9831081081081081,0.9304556354916067,0.9464428457234213,0.9560574948665298
1,20,semiregular,2,1131,841,290,833,298,8,0.7365163572060124,0.990487514863258,1.3448275862068966,0.8448275862068966
1,20,irregular,2,1348,252,1096,246,1102,6,0.1824925816023739,0.9761904761904762,5.349206349206349,0.3075
1,20,regular,3,938,1251,313,934,4,317,0.9957356076759062,0.7466027178257394,0.7498001598721024,0.8533576975788031
1,20,semiregular,3,539,841,302,481,58,360,0.8923933209647495,0.5719381688466112,0.6409036860879905,0.6971014492753622
1,20,irregular,3,489,252,237,144,345,108,0.294478527607362,0.5714285714285714,1.9404761904761905,0.38866396761133604
1,21,regular,1,937,920,17,919,18,1,0.9807897545357525,0.9989130434782608,1.0184782608695653,0.9897684437264406
1,21,semiregular,1,864,549,315,505,359,44,0.5844907407407407,0.9198542805100182,1.5737704918032787,0.7147912243453646
1,21,irregular,1,484,204,280,153,331,51,0.31611570247933884,0.75,2.372549019607843,0.44476744186046513
1,21,regular,2,914,920,6,900,14,20,0.9846827133479212,0.9782608695652174,0.9934782608695653,0.9814612868047982
1,21,semiregular,2,954,549,405,544,410,5,0.570230607966457,0.9908925318761385,1.7377049180327868,0.7238855622089154
1,21,irregular,2,1191,204,987,202,989,2,0.16960537363560033,0.9901960784313726,5.838235294117647,0.28960573476702506
1,21,regular,3,678,920,242,678,0,242,1.0,0.7369565217391304,0.7369565217391304,0.8485607008760951
1,21,semiregular,3,323,549,226,258,65,291,0.7987616099071208,0.46994535519125685,0.5883424408014571,0.591743119266055
1,21,irregular,3,208,204,4,114,94,90,0.5480769230769231,0.5588235294117647,1.0196078431372548,0.5533980582524272
1,22,regular,1,974,946,28,943,31,3,0.9681724845995893,0.9968287526427061,1.029598308668076,0.9822916666666666
1,22,semiregular,1,803,703,100,639,164,64,0.7957658779576587,0.9089615931721194,1.1422475106685632,0.848605577689243
1,22,irregular,1,722,247,475,199,523,48,0.2756232686980609,0.805668016194332,2.923076923076923,0.4107327141382868
1,22,regular,2,966,946,20,935,31,11,0.9679089026915114,0.9883720930232558,1.0211416490486258,0.9780334728033474
1,22,semiregular,2,1008,703,305,694,314,9,0.6884920634920635,0.9871977240398293,1.433854907539118,0.8112215078901228
1,22,irregular,2,1441,247,1194,247,1194,0,0.1714087439278279,1.0,5.834008097165992,0.292654028436019
1,22,regular,3,833,946,113,831,2,115,0.9975990396158463,0.8784355179704016,0.8805496828752643,0.9342327150084316
1,22,semiregular,3,654,703,49,571,83,132,0.8730886850152905,0.8122332859174964,0.930298719772404,0.8415622697126014
1,22,irregular,3,141,247,106,110,31,137,0.7801418439716312,0.44534412955465585,0.5708502024291497,0.5670103092783505
1,23,regular,1,977,999,22,970,7,29,0.9928352098259979,0.970970970970971,0.977977977977978,0.9817813765182186
1,23,semiregular,1,857,835,22,712,145,123,0.8308051341890315,0.8526946107784431,1.0263473053892216,0.8416075650118202
1,23,irregular,1,379,266,113,36,343,230,0.09498680738786279,0.13533834586466165,1.4248120300751879,0.11162790697674417
1,23,regular,2,988,999,11,938,50,61,0.9493927125506073,0.938938938938939,0.988988988988989,0.9441368897835933
1,23,semiregular,2,994,835,159,776,218,59,0.7806841046277666,0.9293413173652695,1.1904191616766466,0.8485511208310552
1,23,irregular,2,1962,266,1696,249,1713,17,0.12691131498470948,0.9360902255639098,7.37593984962406,0.22351885098743265
1,23,regular,3,816,999,183,813,3,186,0.9963235294117647,0.8138138138138138,0.8168168168168168,0.8958677685950414
1,23,semiregular,3,493,835,342,439,54,396,0.8904665314401623,0.525748502994012,0.5904191616766467,0.661144578313253
1,23,irregular,3,350,266,84,141,209,125,0.40285714285714286,0.5300751879699248,1.3157894736842106,0.4577922077922078
1,24,regular,1,1078,1079,1,1063,15,16,0.9860853432282004,0.9851714550509731,0.9990732159406858,0.9856281872971719
1,24,semiregular,1,738,680,58,641,97,39,0.8685636856368564,0.9426470588235294,1.0852941176470587,0.9040902679830748
1,24,irregular,1,982,247,735,150,832,97,0.15274949083503056,0.6072874493927125,3.9757085020242915,0.24410089503661514
1,24,regular,2,1057,1079,22,1035,22,44,0.97918637653737,0.959221501390176,0.9796107506950881,0.9691011235955056
1,24,semiregular,2,811,680,131,666,145,14,0.8212083847102343,0.9794117647058823,1.1926470588235294,0.8933601609657947
1,24,irregular,2,1850,247,1603,247,1603,0,0.1335135135135135,1.0,7.489878542510121,0.23557463042441584
1,24,regular,3,858,1079,221,857,1,222,0.9988344988344988,0.794253938832252,0.7951807228915663,0.8848735157459989
1,24,semiregular,3,570,680,110,533,37,147,0.9350877192982456,0.7838235294117647,0.8382352941176471,0.8528
1,24,irregular,3,188,247,59,155,33,92,0.824468085106383,0.6275303643724697,0.7611336032388664,0.7126436781609196
1,25,regular,1,957,946,11,944,13,2,0.9864158829676071,0.9978858350951374,1.0116279069767442,0.9921177088807146
1,25,semiregular,1,873,718,155,674,199,44,0.7720504009163803,0.9387186629526463,1.2158774373259054,0.8472658705216846
1,25,irregular,1,1369,207,1162,171,1198,36,0.12490869247626005,0.8260869565217391,6.613526570048309,0.217005076142132
1,25,regular,2,952,946,6,937,15,9,0.9842436974789915,0.9904862579281184,1.0063424947145878,0.9873551106427819
1,25,semiregular,2,964,718,246,683,281,35,0.7085062240663901,0.9512534818941504,1.3426183844011141,0.812128418549346
1,25,irregular,2,1024,207,817,108,916,99,0.10546875,0.5217391304347826,4.946859903381642,0.17546709991876525
1,25,regular,3,515,946,431,513,2,433,0.996116504854369,0.5422832980972516,0.5443974630021141,0.702258726899384
1,25,semiregular,3,311,718,407,280,31,438,0.9003215434083601,0.38997214484679665,0.4331476323119777,0.5442176870748299
1,25,irregular,3,806,207,599,75,731,132,0.09305210918114144,0.36231884057971014,3.893719806763285,0.1480750246791708
1,26,regular,1,987,985,2,968,19,17,0.9807497467071935,0.9827411167512691,1.0020304568527918,0.9817444219066938
1,26,semiregular,1,852,720,132,670,182,50,0.7863849765258216,0.9305555555555556,1.1833333333333333,0.8524173027989822
1,26,irregular,1,1086,214,872,194,892,20,0.17863720073664824,0.9065420560747663,5.074766355140187,0.29846153846153844
1,26,regular,2,941,985,44,913,28,72,0.9702444208289054,0.9269035532994924,0.9553299492385787,0.9480789200415367
1,26,semiregular,2,521,720,199,437,84,283,0.8387715930902111,0.6069444444444444,0.7236111111111111,0.7042707493956487
1,26,irregular,2,1115,214,901,159,956,55,0.14260089686098654,0.7429906542056075,5.210280373831775,0.23927765237020315
1,26,regular,3,551,985,434,548,3,437,0.9945553539019963,0.5563451776649746,0.5593908629441624,0.7135416666666667
1,26,semiregular,3,257,720,463,241,16,479,0.9377431906614786,0.3347222222222222,0.35694444444444445,0.4933469805527124
1,26,irregular,3,1000,214,786,122,878,92,0.122,0.5700934579439252,4.672897196261682,0.20098846787479405
1,27,regular,1,1112,1166,54,1109,3,57,0.9973021582733813,0.951114922813036,0.9536878216123499,0.9736611062335382
1,27,semiregular,1,894,728,166,668,226,60,0.7472035794183445,0.9175824175824175,1.228021978021978,0.8236744759556103
1,27,irregular,1,1775,270,1505,221,1554,49,0.12450704225352113,0.8185185185185185,6.574074074074074,0.21613691931540344
1,27,regular,2,1128,1166,38,1111,17,55,0.9849290780141844,0.9528301886792453,0.967409948542024,0.9686137750653879
1,27,semiregular,2,998,728,270,720,278,8,0.7214428857715431,0.989010989010989,1.370879120879121,0.8342989571263035
1,27,irregular,2,2253,270,1983,270,1983,0,0.11984021304926765,1.0,8.344444444444445,0.2140309155766944
1,27,regular,3,1018,1166,148,1010,8,156,0.9921414538310412,0.8662092624356775,0.8730703259005146,0.9249084249084248
1,27,semiregular,3,681,728,47,598,83,130,0.8781204111600588,0.8214285714285714,0.9354395604395604,0.8488289567068844
1,27,irregular,3,1171,270,901,217,954,53,0.18531169940222034,0.8037037037037037,4.337037037037037,0.3011797362942401
1,28,regular,1,1079,1098,19,1069,10,29,0.9907321594068582,0.9735883424408015,0.982695810564663,0.9820854386770786
1,28,semiregular,1,940,859,81,791,149,68,0.8414893617021276,0.9208381839348079,1.0942956926658907,0.8793774319066148
1,28,irregular,1,2012,293,1719,230,1782,63,0.1143141153081511,0.7849829351535836,6.8668941979522184,0.1995661605206074
1,28,regular,2,1105,1098,7,1082,23,16,0.9791855203619909,0.9854280510018215,1.006375227686703,0.982296867907399
1,28,semiregular,2,1109,859,250,855,254,4,0.7709648331830478,0.9953434225844005,1.291036088474971,0.8689024390243903
1,28,irregular,2,2080,293,1787,286,1794,7,0.1375,0.9761092150170648,7.098976109215017,0.24104509060261273
1,28,regular,3,617,1098,481,608,9,490,0.9854132901134521,0.5537340619307832,0.5619307832422586,0.7090379008746355
1,28,semiregular,3,413,859,446,393,20,466,0.9515738498789347,0.4575087310826543,0.4807916181606519,0.6179245283018868
1,28,irregular,3,1135,293,842,107,1028,186,0.09427312775330396,0.3651877133105802,3.8737201365187715,0.149859943977591
1,29,regular,1,1126,1140,14,1121,5,19,0.9955595026642984,0.9833333333333333,0.987719298245614,0.9894086496028243
1,29,semiregular,1,1191,869,322,853,338,16,0.7162048698572628,0.9815880322209436,1.3705408515535098,0.8281553398058252
1,29,irregular,1,1140,247,893,181,959,66,0.1587719298245614,0.7327935222672065,4.615384615384615,0.2609949531362653
1,29,regular,2,1117,1140,23,1104,13,36,0.9883616830796778,0.968421052631579,0.9798245614035088,0.9782897651750111
1,29,semiregular,2,1335,869,466,863,472,6,0.6464419475655431,0.9930955120828538,1.5362485615650172,0.7831215970961888
1,29,irregular,2,1739,247,1492,247,1492,0,0.14203565267395055,1.0,7.040485829959514,0.24874118831822759
1,29,regular,3,805,1140,335,802,3,338,0.9962732919254659,0.7035087719298245,0.706140350877193,0.8246786632390747
1,29,semiregular,3,642,869,227,588,54,281,0.9158878504672897,0.6766398158803222,0.7387802071346375,0.7782925215089346
1,29,irregular,3,117,247,130,112,5,135,0.9572649572649573,0.4534412955465587,0.47368421052631576,0.6153846153846154
1,30,regular,1,979,997,18,975,4,22,0.9959141981613892,0.9779338014042126,0.9819458375125376,0.9868421052631579
1,30,semiregular,1,891,810,81,753,138,57,0.8451178451178452,0.9296296296296296,1.1,0.8853615520282188
1,30,irregular,1,1965,250,1715,216,1749,34,0.1099236641221374,0.864,7.86,0.19503386004514672
1,30,regular,2,948,997,49,941,7,56,0.9926160337552743,0.9438314944834504,0.950852557673019,0.9676092544987148
1,30,semiregular,2,989,810,179,798,191,12,0.8068756319514662,0.9851851851851852,1.2209876543209877,0.88715953307393
1,30,irregular,2,1691,250,1441,239,1452,11,0.1413364872856298,0.956,6.764,0.24626481195260178
1,30,regular,3,839,997,158,834,5,163,0.9940405244338498,0.8365095285857572,0.8415245737211635,0.9084967320261438
1,30,semiregular,3,686,810,124,631,55,179,0.9198250728862973,0.7790123456790123,0.8469135802469135,0.8435828877005347
1,30,irregular,3,801,250,551,130,671,120,0.16229712858926343,0.52,3.204,0.24738344433872506
2,1,regular,1,950,937,13,936,14,1,0.9852631578947368,0.9989327641408752,1.0138740661686232,0.9920508744038156
2,1,semiregular,1,966,703,263,673,293,30,0.6966873706004141,0.957325746799431,1.3741109530583215,0.8064709406830438
2,1,irregular,1,206,199,7,137,69,62,0.6650485436893204,0.6884422110552764,1.035175879396985,0.6765432098765432
2,1,regular,2,1126,937,189,937,189,0,0.8321492007104796,1.0,1.2017075773745998,0.9083858458555502
2,1,semiregular,2,1253,703,550,702,551,1,0.5602553870710295,0.9985775248933144,1.7823613086770982,0.7177914110429449
2,1,irregular,2,1125,199,926,199,926,0,0.1768888888888889,1.0,5.653266331658291,0.3006042296072508
2,1,regular,3,856,937,81,821,35,116,0.9591121495327103,0.8762006403415155,0.9135538954108858,0.9157836029001674
2,1,semiregular,3,1035,703,332,688,347,15,0.6647342995169082,0.9786628733997155,1.4722617354196301,0.7917146144994246
2,1,irregular,3,699,199,500,189,510,10,0.2703862660944206,0.949748743718593,3.512562814070352,0.4209354120267261
2,2,regular,1,1181,1224,43,1174,7,50,0.9940728196443692,0.9591503267973857,0.9648692810457516,0.9762993762993764
2,2,semiregular,1,741,647,94,620,121,27,0.8367071524966262,0.9582689335394127,1.1452859350850078,0.8933717579250721
2,2,irregular,1,716,217,499,108,608,109,0.15083798882681565,0.4976958525345622,3.2995391705069124,0.23151125401929257
2,2,regular,2,1258,1224,34,1219,39,5,0.9689984101748808,0.9959150326797386,1.0277777777777777,0.9822723609991941
2,2,semiregular,2,888,647,241,646,242,1,0.7274774774774775,0.9984544049459042,1.3724884080370943,0.8416938110749187
2,2,irregular,2,1407,217,1190,217,1190,0,0.15422885572139303,1.0,6.483870967741935,0.2672413793103448
2,2,regular,3,547,1224,677,541,6,683,0.9890310786106032,0.44199346405228757,0.44689542483660133,0.6109542631281761
2,2,semiregular,3,109,647,538,101,8,546,0.926605504587156,0.1561051004636785,0.16846986089644514,0.2671957671957672
2,2,irregular,3,988,217,771,111,877,106,0.11234817813765183,0.511520737327189,4.552995391705069,0.1842323651452282
2,3,regular,1,1032,1053,21,1024,8,29,0.9922480620155039,0.9724596391263058,0.98005698005698,0.9822541966426859
2,3,semiregular,1,860,716,144,675,185,41,0.7848837209302325,0.9427374301675978,1.2011173184357542,0.8565989847715736
2,3,irregular,1,740,224,516,143,597,81,0.19324324324324324,0.6383928571428571,3.3035714285714284,0.2966804979253112
2,3,regular,2,971,1053,82,959,12,94,0.9876416065911432,0.9107312440645774,0.9221272554605888,0.9476284584980237
2,3,semiregular,2,355,716,361,318,37,398,0.895774647887324,0.4441340782122905,0.4958100558659218,0.5938375350140056
2,3,irregular,2,242,224,18,25,217,199,0.10330578512396695,0.11160714285714286,1.0803571428571428,0.1072961373390558
2,3,regular,3,905,1053,148,903,2,150,0.9977900552486187,0.8575498575498576,0.8594491927825261,0.9223697650663943
2,3,semiregular,3,635,716,81,579,56,137,0.9118110236220472,0.8086592178770949,0.8868715083798883,0.8571428571428572
2,3,irregular,3,186,224,38,155,31,69,0.8333333333333334,0.6919642857142857,0.8303571428571429,0.7560975609756098
2,4,regular,1,1134,1101,33,1091,43,10,0.9620811287477954,0.9909173478655767,1.0299727520435968,0.9762863534675614
2,4,semiregular,1,726,614,112,524,202,90,0.721763085399449,0.8534201954397395,1.1824104234527688,0.782089552238806
2,4,irregular,1,194,228,34,126,68,102,0.6494845360824743,0.5526315789473685,0.8508771929824561,0.5971563981042655
2,4,regular,2,1177,1101,76,1101,76,0,0.935429056924384,1.0,1.0690281562216166,0.9666374012291484
2,4,semiregular,2,977,614,363,612,365,2,0.6264073694984647,0.996742671009772,1.5912052117263844,0.7693274670018856
2,4,irregular,2,1435,228,1207,228,1207,0,0.1588850174216028,1.0,6.293859649122807,0.2742032471437162
2,4,regular,3,10,1101,1091,10,0,1091,1.0,0.009082652134423252,0.009082652134423252,0.018001800180018006
2,4,semiregular,3,7,614,607,2,5,612,0.2857142857142857,0.003257328990228013,0.011400651465798045,0.006441223832528181
2,4,irregular,3,421,228,193,2,419,226,0.004750593824228029,0.008771929824561403,1.8464912280701755,0.0061633281972265025
2,5,regular,1,1063,1044,19,1042,21,2,0.980244590780809,0.9980842911877394,1.0181992337164751,0.9890840056953013
2,5,semiregular,1,1007,668,339,658,349,10,0.6534260178748759,0.9850299401197605,1.5074850299401197,0.7856716417910447
2,5,irregular,1,818,217,601,143,675,74,0.17481662591687042,0.6589861751152074,3.769585253456221,0.2763285024154589
2,5,regular,2,1032,1044,12,1021,11,23,0.9893410852713178,0.9779693486590039,0.9885057471264368,0.9836223506743736
2,5,semiregular,2,579,668,89,444,135,224,0.7668393782383419,0.6646706586826348,0.8667664670658682,0.7121090617481957
2,5,irregular,2,119,217,98,3,116,214,0.025210084033613446,0.013824884792626729,0.5483870967741935,0.017857142857142856
2,5,regular,3,851,1044,193,840,11,204,0.9870740305522914,0.8045977011494253,0.8151340996168582,0.8865435356200528
2,5,semiregular,3,834,668,166,579,255,89,0.6942446043165468,0.8667664670658682,1.248502994011976,0.7709720372836217
2,5,irregular,3,1153,217,936,205,948,12,0.17779705117085862,0.9447004608294931,5.313364055299539,0.2992700729927007
2,6,regular,1,944,915,29,907,37,8,0.9608050847457628,0.9912568306010929,1.0316939890710382,0.9757934373318989
2,6,semiregular,1,680,701,21,578,102,123,0.85,0.8245363766048502,0.9700427960057061,0.837074583635047
2,6,irregular,1,324,195,129,47,277,148,0.14506172839506173,0.24102564102564103,1.6615384615384616,0.18111753371868977
2,6,regular,2,1019,915,104,915,104,0,0.8979391560353287,1.0,1.1136612021857923,0.9462254395036194
2,6,semiregular,2,950,701,249,684,266,17,0.72,0.9757489300998573,1.355206847360913,0.8285887341005451
2,6,irregular,2,1402,195,1207,188,1214,7,0.1340941512125535,0.9641025641025641,7.18974358974359,0.23544145272385725
2,6,regular,3,468,915,447,464,4,451,0.9914529914529915,0.507103825136612,0.5114754098360655,0.6710050614605929
2,6,semiregular,3,196,701,505,172,24,529,0.8775510204081632,0.24536376604850213,0.2796005706134094,0.3835005574136009
2,6,irregular,3,838,195,643,116,722,79,0.13842482100238662,0.5948717948717949,4.297435897435897,0.22458857696030976
2,7,regular,1,3,1230,1227,1,2,1229,0.3333333333333333,0.0008130081300813008,0.0024390243902439024,0.0016220600162206004
2,7,semiregular,1,20,761,741,17,3,744,0.85,0.022339027595269383,0.026281208935611037,0.04353393085787452
2,7,irregular,1,61,225,164,3,58,222,0.04918032786885246,0.013333333333333334,0.27111111111111114,0.02097902097902098
2,7,regular,2,792,1230,438,778,14,452,0.9823232323232324,0.6325203252032521,0.6439024390243903,0.7695351137487636
2,7,semiregular,2,596,761,165,477,119,284,0.8003355704697986,0.6268068331143233,0.783180026281209,0.7030213706705968
2,7,irregular,2,1740,225,1515,216,1524,9,0.12413793103448276,0.96,7.733333333333333,0.2198473282442748
2,7,regular,3,534,1230,696,527,7,703,0.9868913857677902,0.42845528455284554,0.43414634146341463,0.5975056689342403
2,7,semiregular,3,186,761,575,159,27,602,0.8548387096774194,0.20893561103810776,0.24441524310118265,0.3357972544878564
2,7,irregular,3,686,225,461,67,619,158,0.09766763848396501,0.29777777777777775,3.048888888888889,0.14709110867178923
2,8,regular,1,967,1035,68,960,7,75,0.9927611168562565,0.927536231884058,0.9342995169082126,0.959040959040959
2,8,semiregular,1,797,827,30,660,137,167,0.8281053952321205,0.7980652962515115,0.9637243047158404,0.812807881773399
2,8,irregular,1,436,243,193,87,349,156,0.19954128440366972,0.35802469135802467,1.794238683127572,0.25625920471281294
2,8,regular,2,52,1035,983,52,0,983,1.0,0.050241545893719805,0.050241545893719805,0.09567617295308188
2,8,semiregular,2,155,827,672,139,16,688,0.896774193548387,0.16807738814993953,0.18742442563482467,0.28309572301425656
2,8,irregular,2,81,243,162,0,81,243,-1,-1,0.3333333333333333,-1
2,8,regular,3,929,1035,106,916,13,119,0.9860064585575888,0.885024154589372,0.8975845410628019,0.9327902240325865
2,8,semiregular,3,541,827,286,457,84,370,0.844731977818854,0.5525997581620314,0.6541717049576784,0.6681286549707602
2,8,irregular,3,1999,243,1756,186,1813,57,0.09304652326163082,0.7654320987654321,8.22633744855967,0.16592328278322926
2,9,regular,1,1035,1107,72,1026,9,81,0.991304347826087,0.926829268292683,0.9349593495934959,0.9579831932773111
2,9,semiregular,1,560,701,141,502,58,199,0.8964285714285715,0.7161198288159771,0.7988587731811697,0.7961934972244251
2,9,irregular,1,602,266,336,106,496,160,0.1760797342192691,0.39849624060150374,2.263157894736842,0.24423963133640553
2,9,regular,2,1087,1107,20,1075,12,32,0.9889604415823368,0.971093044263776,0.98193315266486,0.9799453053783045
2,9,semiregular,2,837,701,136,680,157,21,0.8124253285543608,0.9700427960057061,1.1940085592011411,0.8842652795838751
2,9,irregular,2,1808,266,1542,264,1544,2,0.14601769911504425,0.9924812030075187,6.796992481203008,0.2545805207328833
2,9,regular,3,495,1107,612,483,12,624,0.9757575757575757,0.4363143631436314,0.44715447154471544,0.602996254681648
2,9,semiregular,3,239,701,462,211,28,490,0.8828451882845189,0.30099857346647646,0.340941512125535,0.4489361702127659
2,9,irregular,3,1307,266,1041,145,1162,121,0.11094108645753634,0.5451127819548872,4.913533834586466,0.18436109345200252
2,10,regular,1,995,1014,19,976,19,38,0.9809045226130654,0.9625246548323472,0.9812623274161736,0.971627675460428
2,10,semiregular,1,777,656,121,611,166,45,0.7863577863577863,0.9314024390243902,1.1844512195121952,0.8527564549895323
2,10,irregular,1,840,247,593,217,623,30,0.25833333333333336,0.8785425101214575,3.4008097165991904,0.3992640294388225
2,10,regular,2,1155,1014,141,1013,142,1,0.8770562770562771,0.9990138067061144,1.1390532544378698,0.934071000461042
2,10,semiregular,2,933,656,277,633,300,23,0.6784565916398714,0.9649390243902439,1.4222560975609757,0.7967275015733165
2,10,irregular,2,1281,247,1034,237,1044,10,0.18501170960187355,0.9595141700404858,5.186234817813765,0.31020942408376967
2,10,regular,3,790,1014,224,763,27,251,0.9658227848101266,0.752465483234714,0.7790927021696252,0.8458980044345897
2,10,semiregular,3,682,656,26,555,127,101,0.8137829912023461,0.8460365853658537,1.0396341463414633,0.8295964125560539
2,10,irregular,3,954,247,707,234,720,13,0.24528301886792453,0.9473684210526315,3.8623481781376516,0.3896752706078268
2,11,regular,1,1067,1070,3,1059,8,11,0.9925023430178069,0.9897196261682243,0.997196261682243,0.9911090313523632
2,11,semiregular,1,821,700,121,642,179,58,0.781973203410475,0.9171428571428571,1.1728571428571428,0.8441814595660749
2,11,irregular,1,707,239,468,135,572,104,0.19094766619519093,0.5648535564853556,2.9581589958158996,0.28541226215644816
2,11,regular,2,0,1070,1070,0,0,1070,-1,-1,0.0,-1
2,11,semiregular,2,20,700,680,17,3,683,0.85,0.024285714285714285,0.02857142857142857,0.04722222222222223
2,11,irregular,2,73,239,166,5,68,234,0.0684931506849315,0.02092050209205021,0.3054393305439331,0.032051282051282055
2,11,regular,3,576,1070,494,574,2,496,0.9965277777777778,0.5364485981308411,0.5383177570093458,0.6974483596597812
2,11,semiregular,3,380,700,320,332,48,368,0.8736842105263158,0.4742857142857143,0.5428571428571428,0.6148148148148149
2,11,irregular,3,531,239,292,112,419,127,0.21092278719397364,0.4686192468619247,2.221757322175732,0.2909090909090909
2,12,regular,1,1043,1007,36,1007,36,0,0.965484180249281,1.0,1.0357497517378351,0.982439024390244
2,12,semiregular,1,828,641,187,585,243,56,0.7065217391304348,0.9126365054602185,1.2917316692667706,0.7964601769911506
2,12,irregular,1,706,204,502,142,564,62,0.20113314447592068,0.696078431372549,3.4607843137254903,0.3120879120879121
2,12,regular,2,1109,1007,102,1007,102,0,0.9080252479711451,1.0,1.1012909632571997,0.9517958412098297
2,12,semiregular,2,992,641,351,632,360,9,0.6370967741935484,0.9859594383775351,1.547581903276131,0.7740355174525414
2,12,irregular,2,1148,204,944,204,944,0,0.17770034843205576,1.0,5.627450980392157,0.30177514792899407
2,12,regular,3,283,1007,724,283,0,724,1.0,0.2810327706057597,0.2810327706057597,0.4387596899224806
2,12,semiregular,3,140,641,501,114,26,527,0.8142857142857143,0.17784711388455537,0.21840873634945399,0.29193341869398204
2,12,irregular,3,943,204,739,74,869,130,0.0784729586426299,0.3627450980392157,4.622549019607843,0.12903225806451613
2,13,regular,1,1012,1000,12,996,16,4,0.9841897233201581,0.996,1.012,0.9900596421471173
2,13,semiregular,1,893,815,78,754,139,61,0.8443449048152296,0.9251533742331288,1.0957055214723925,0.882903981264637
2,13,irregular,1,794,216,578,43,751,173,0.05415617128463476,0.19907407407407407,3.675925925925926,0.08514851485148514
2,13,regular,2,1071,1000,71,1000,71,0,0.9337068160597572,1.0,1.071,0.9657170449058426
2,13,semiregular,2,925,815,110,746,179,69,0.8064864864864865,0.9153374233128835,1.1349693251533743,0.8574712643678161
2,13,irregular,2,1979,216,1763,210,1769,6,0.10611419909044972,0.9722222222222222,9.162037037037036,0.19134396355353075
2,13,regular,3,930,1000,70,919,11,81,0.9881720430107527,0.919,0.93,0.9523316062176165
2,13,semiregular,3,494,815,321,393,101,422,0.7955465587044535,0.4822085889570552,0.6061349693251534,0.6004583651642474
2,13,irregular,3,1709,216,1493,137,1572,79,0.08016383850204799,0.6342592592592593,7.912037037037037,0.14233766233766235
2,14,regular,1,1071,1052,19,1047,24,5,0.9775910364145658,0.9952471482889734,1.018060836501901,0.9863400847856807
2,14,semiregular,1,1138,913,225,873,265,40,0.7671353251318102,0.9561883899233297,1.2464403066812706,0.8512920526572404
2,14,irregular,1,516,217,299,124,392,93,0.24031007751937986,0.5714285714285714,2.377880184331797,0.33833560709413374
2,14,regular,2,1070,1052,18,1050,20,2,0.9813084112149533,0.9980988593155894,1.0171102661596958,0.9896324222431669
2,14,semiregular,2,1273,913,360,900,373,13,0.7069913589945012,0.9857612267250822,1.3943044906900328,0.8234217749313815
2,14,irregular,2,742,217,525,112,630,105,0.1509433962264151,0.5161290322580645,3.4193548387096775,0.23357664233576644
2,14,regular,3,16,1052,1036,16,0,1036,1.0,0.015209125475285171,0.015209125475285171,0.029962546816479405
2,14,semiregular,3,76,913,837,64,12,849,0.8421052631578947,0.0700985761226725,0.0832420591456736,0.12942366026289182
2,14,irregular,3,273,217,56,11,262,206,0.040293040293040296,0.05069124423963134,1.2580645161290323,0.04489795918367348
2,15,regular,1,973,964,9,963,10,1,0.9897225077081192,0.9989626556016598,1.0093360995850622,0.9943211151264842
2,15,semiregular,1,871,774,97,728,143,46,0.835820895522388,0.9405684754521964,1.1253229974160206,0.8851063829787233
2,15,irregular,1,519,218,301,128,391,90,0.2466281310211946,0.5871559633027523,2.3807339449541285,0.3473541383989145
2,15,regular,2,70,964,894,69,1,895,0.9857142857142858,0.07157676348547717,0.07261410788381743,0.13346228239845262
2,15,semiregular,2,103,774,671,73,30,701,0.7087378640776699,0.09431524547803617,0.1330749354005168,0.16647662485746864
2,15,irregular,2,68,218,150,7,61,211,0.10294117647058823,0.03211009174311927,0.3119266055045872,0.04895104895104895
2,15,regular,3,643,964,321,629,14,335,0.9782270606531882,0.6524896265560166,0.66701244813278,0.7828251400124455
2,15,semiregular,3,764,774,10,606,158,168,0.7931937172774869,0.7829457364341085,0.9870801033591732,0.788036410923277
2,15,irregular,3,1534,218,1316,177,1357,41,0.11538461538461539,0.8119266055045872,7.036697247706422,0.20205479452054795
2,16,regular,1,1101,1109,8,1092,9,17,0.9918256130790191,0.9846708746618575,0.9927862939585211,0.988235294117647
2,16,semiregular,1,705,681,24,573,132,108,0.8127659574468085,0.8414096916299559,1.0352422907488987,0.8268398268398268
2,16,irregular,1,379,272,107,68,311,204,0.17941952506596306,0.25,1.3933823529411764,0.2089093701996928
2,16,regular,2,847,1109,262,844,3,265,0.9964580873671782,0.7610459873760145,0.763751127141569,0.8629856850715747
2,16,semiregular,2,422,681,259,340,82,341,0.8056872037914692,0.49926578560939794,0.6196769456681351,0.6165004533091568
2,16,irregular,2,766,272,494,239,527,33,0.31201044386422977,0.8786764705882353,2.8161764705882355,0.4605009633911368
2,16,regular,3,1102,1109,7,1077,25,32,0.9773139745916516,0.9711451758340848,0.9936880072137061,0.9742198100407056
2,16,semiregular,3,881,681,200,661,220,20,0.7502837684449489,0.9706314243759178,1.2936857562408224,0.8463508322663252
2,16,irregular,3,1143,272,871,268,875,4,0.23447069116360456,0.9852941176470589,4.202205882352941,0.3787985865724382
2,17,regular,1,1033,1029,4,1026,7,3,0.9932236205227493,0.9970845481049563,1.0038872691933916,0.9951503394762367
2,17,semiregular,1,814,837,23,687,127,150,0.8439803439803439,0.8207885304659498,0.972520908004779,0.8322228952150212
2,17,irregular,1,162,240,78,58,104,182,0.35802469135802467,0.24166666666666667,0.675,0.2885572139303482
2,17,regular,2,1074,1029,45,1024,50,5,0.9534450651769087,0.9951409135082604,1.043731778425656,0.9738468854018069
2,17,semiregular,2,1035,837,198,796,239,41,0.7690821256038647,0.951015531660693,1.2365591397849462,0.8504273504273504
2,17,irregular,2,642,240,402,217,425,23,0.338006230529595,0.9041666666666667,2.675,0.49206349206349204
2,17,regular,3,984,1029,45,979,5,50,0.9949186991869918,0.9514091350826045,0.956268221574344,0.9726775956284154
2,17,semiregular,3,720,837,117,642,78,195,0.8916666666666667,0.7670250896057348,0.8602150537634409,0.8246628131021194
2,17,irregular,3,503,240,263,142,361,98,0.2823061630218688,0.5916666666666667,2.095833333333333,0.3822341857335128
2,18,regular,1,1037,1044,7,1032,5,12,0.9951783992285439,0.9885057471264368,0.9932950191570882,0.9918308505526189
2,18,semiregular,1,882,801,81,745,137,56,0.844671201814059,0.9300873907615481,1.101123595505618,0.8853238265002971
2,18,irregular,1,768,252,516,123,645,129,0.16015625,0.4880952380952381,3.0476190476190474,0.2411764705882353
2,18,regular,2,1131,1044,87,1042,89,2,0.9213085764809903,0.9980842911877394,1.0833333333333333,0.95816091954023
2,18,semiregular,2,967,801,166,727,240,74,0.7518097207859359,0.9076154806491885,1.2072409488139826,0.822398190045249
2,18,irregular,2,1303,252,1051,241,1062,11,0.1849577897160399,0.9563492063492064,5.170634920634921,0.30996784565916397
2,18,regular,3,821,1044,223,815,6,229,0.9926918392204629,0.7806513409961686,0.7863984674329502,0.8739946380697051
2,18,semiregular,3,872,801,71,712,160,89,0.8165137614678899,0.8888888888888888,1.0886392009987516,0.8511655708308428
2,18,irregular,3,925,252,673,232,693,20,0.2508108108108108,0.9206349206349206,3.6706349206349205,0.39422259983007646
2,19,regular,1,1076,1076,0,1059,17,17,0.9842007434944238,0.9842007434944238,1.0,0.9842007434944238
2,19,semiregular,1,785,753,32,662,123,91,0.8433121019108281,0.8791500664010624,1.0424966799468791,0.8608582574772432
2,19,irregular,1,344,245,99,123,221,122,0.35755813953488375,0.5020408163265306,1.4040816326530612,0.4176570458404075
2,19,regular,2,1135,1076,59,1075,60,1,0.947136563876652,0.9990706319702602,1.054832713754647,0.9724106739032113
2,19,semiregular,2,954,753,201,737,217,16,0.7725366876310272,0.9787516600265604,1.2669322709163346,0.8635032220269478
2,19,irregular,2,1206,245,961,243,963,2,0.20149253731343283,0.9918367346938776,4.922448979591837,0.3349414197105445
2,19,regular,3,1025,1076,51,1015,10,61,0.9902439024390244,0.9433085501858736,0.9526022304832714,0.9662065683008092
2,19,semiregular,3,814,753,61,703,111,50,0.8636363636363636,0.9335989375830013,1.0810092961487383,0.8972559029993618
2,19,irregular,3,330,245,85,155,175,90,0.4696969696969697,0.6326530612244898,1.346938775510204,0.5391304347826087
2,20,regular,1,1219,1251,32,1214,5,37,0.9958982772764561,0.9704236610711431,0.9744204636290967,0.982995951417004
2,20,semiregular,1,879,841,38,726,153,115,0.825938566552901,0.8632580261593341,1.0451843043995244,0.8441860465116278
2,20,irregular,1,701,252,449,85,616,167,0.12125534950071326,0.3373015873015873,2.7817460317460316,0.1783840503672613
2,20,regular,2,1300,1251,49,1246,54,5,0.9584615384615385,0.9960031974420464,1.0391686650679457,0.9768718149745198
2,20,semiregular,2,1072,841,231,805,267,36,0.7509328358208955,0.9571938168846611,1.2746730083234246,0.8416100365917407
2,20,irregular,2,1103,252,851,243,860,9,0.22030825022665457,0.9642857142857143,4.376984126984127,0.35867158671586713
2,20,regular,3,713,1251,538,692,21,559,0.97054698457223,0.5531574740207834,0.5699440447641887,0.7046843177189409
2,20,semiregular,3,601,841,240,469,132,372,0.7803660565723793,0.5576694411414982,0.7146254458977408,0.6504854368932038
2,20,irregular,3,1395,252,1143,184,1211,68,0.13189964157706094,0.7301587301587301,5.535714285714286,0.2234365513054038
2,21,regular,1,931,920,11,916,15,4,0.9838882921589689,0.9956521739130435,1.0119565217391304,0.9897352782279849
2,21,semiregular,1,867,549,318,515,352,34,0.5940023068050749,0.9380692167577414,1.5792349726775956,0.7274011299435027
2,21,irregular,1,309,204,105,105,204,99,0.33980582524271846,0.5147058823529411,1.5147058823529411,0.4093567251461988
2,21,regular,2,1033,920,113,920,113,0,0.8906098741529526,1.0,1.1228260869565216,0.9421402969790066
2,21,semiregular,2,972,549,423,536,436,13,0.551440329218107,0.97632058287796,1.7704918032786885,0.7047994740302435
2,21,irregular,2,940,204,736,194,746,10,0.20638297872340425,0.9509803921568627,4.607843137254902,0.33916083916083917
2,21,regular,3,256,920,664,256,0,664,1.0,0.2782608695652174,0.2782608695652174,0.435374149659864
2,21,semiregular,3,163,549,386,115,48,434,0.7055214723926381,0.20947176684881602,0.29690346083788705,0.32303370786516855
2,21,irregular,3,326,204,122,56,270,148,0.17177914110429449,0.27450980392156865,1.5980392156862746,0.21132075471698114
2,22,regular,1,1010,946,64,941,69,5,0.9316831683168317,0.9947145877378436,1.0676532769556026,0.9621676891615542
2,22,semiregular,1,856,703,153,645,211,58,0.7535046728971962,0.9174964438122333,1.2176386913229018,0.8274534958306606
2,22,irregular,1,787,247,540,176,611,71,0.22363405336721728,0.7125506072874493,3.1862348178137654,0.34042553191489355
2,22,regular,2,1058,946,112,946,112,0,0.8941398865784499,1.0,1.1183932346723044,0.9441117764471059
2,22,semiregular,2,1083,703,380,694,389,9,0.6408125577100646,0.9871977240398293,1.5405405405405406,0.7771556550951848
2,22,irregular,2,1496,247,1249,247,1249,0,0.16510695187165775,1.0,6.05668016194332,0.2834193918531268
2,22,regular,3,561,946,385,559,2,387,0.9964349376114082,0.5909090909090909,0.5930232558139535,0.7418712674187127
2,22,semiregular,3,411,703,292,358,53,345,0.8710462287104623,0.5092460881934566,0.5846372688477952,0.6427289048473968
2,22,irregular,3,220,247,27,41,179,206,0.18636363636363637,0.1659919028340081,0.8906882591093117,0.17558886509635974
2,23,regular,1,986,999,13,980,6,19,0.9939148073022313,0.980980980980981,0.986986986986987,0.9874055415617129
2,23,semiregular,1,619,835,216,549,70,286,0.8869143780290791,0.6574850299401198,0.7413173652694611,0.7551581843191196
2,23,irregular,1,27,266,239,12,15,254,0.4444444444444444,0.045112781954887216,0.10150375939849623,0.08191126279863481
2,23,regular,2,739,999,260,713,26,286,0.9648173207036536,0.7137137137137137,0.7397397397397397,0.8204833141542003
2,23,semiregular,2,823,835,12,629,194,206,0.764277035236938,0.7532934131736527,0.98562874251497,0.7587454764776839
2,23,irregular,2,1995,266,1729,231,1764,35,0.11578947368421053,0.868421052631579,7.5,0.2043343653250774
2,23,regular,3,760,999,239,744,16,255,0.9789473684210527,0.7447447447447447,0.7607607607607607,0.8459351904491188
2,23,semiregular,3,600,835,235,491,109,344,0.8183333333333334,0.5880239520958084,0.718562874251497,0.6843205574912892
2,23,irregular,3,1297,266,1031,181,1116,85,0.1395528141865844,0.6804511278195489,4.87593984962406,0.23160588611644273
2,24,regular,1,1098,1079,19,1078,20,1,0.9817850637522769,0.9990732159406858,1.0176088971269694,0.9903536977491962
2,24,semiregular,1,771,680,91,651,120,29,0.8443579766536965,0.9573529411764706,1.1338235294117647,0.8973121984838043
2,24,irregular,1,989,247,742,98,891,149,0.09908998988877654,0.3967611336032389,4.004048582995951,0.15857605177993528
2,24,regular,2,1059,1079,20,1037,22,42,0.9792256846081209,0.9610750695088045,0.9814643188137164,0.9700654817586529
2,24,semiregular,2,820,680,140,669,151,11,0.8158536585365853,0.9838235294117647,1.2058823529411764,0.8919999999999999
2,24,irregular,2,1940,247,1693,247,1693,0,0.12731958762886597,1.0,7.854251012145749,0.22588020118884314
2,24,regular,3,494,1079,585,494,0,585,1.0,0.4578313253012048,0.4578313253012048,0.628099173553719
2,24,semiregular,3,292,680,388,273,19,407,0.934931506849315,0.40147058823529413,0.4294117647058823,0.5617283950617284
2,24,irregular,3,80,247,167,63,17,184,0.7875,0.2550607287449393,0.32388663967611336,0.3853211009174312
2,25,regular,1,934,946,12,928,6,18,0.9935760171306209,0.9809725158562368,0.9873150105708245,0.9872340425531915
2,25,semiregular,1,847,718,129,653,194,65,0.7709563164108618,0.9094707520891365,1.1796657381615598,0.8345047923322683
2,25,irregular,1,1116,207,909,120,996,87,0.10752688172043011,0.5797101449275363,5.391304347826087,0.18140589569160998
2,25,regular,2,956,946,10,940,16,6,0.9832635983263598,0.9936575052854123,1.0105708245243128,0.9884332281808623
2,25,semiregular,2,645,718,73,462,183,256,0.7162790697674418,0.6434540389972145,0.8983286908077994,0.677916360968452
2,25,irregular,2,64,207,143,0,64,207,-1,-1,0.30917874396135264,-1
2,25,regular,3,268,946,678,257,11,689,0.9589552238805971,0.27167019027484146,0.2832980972515856,0.42339373970345967
2,25,semiregular,3,165,718,553,130,35,588,0.7878787878787878,0.181058495821727,0.2298050139275766,0.2944507361268403
2,25,irregular,3,483,207,276,16,467,191,0.033126293995859216,0.07729468599033816,2.3333333333333335,0.0463768115942029
2,26,regular,1,1000,985,15,979,21,6,0.979,0.9939086294416244,1.015228426395939,0.9863979848866499
2,26,semiregular,1,828,720,108,647,181,73,0.7814009661835749,0.8986111111111111,1.15,0.8359173126614987
2,26,irregular,1,985,214,771,158,827,56,0.16040609137055836,0.7383177570093458,4.602803738317757,0.2635529608006672
2,26,regular,2,1114,985,129,971,143,14,0.8716337522441652,0.9857868020304569,1.1309644670050762,0.9252024773701764
2,26,semiregular,2,87,720,633,62,25,658,0.7126436781609196,0.08611111111111111,0.12083333333333333,0.1536555142503098
2,26,irregular,2,601,214,387,38,563,176,0.0632279534109817,0.17757009345794392,2.808411214953271,0.09325153374233129
2,26,regular,3,1,985,984,0,1,985,-1,-1,0.0010152284263959391,-1
2,26,semiregular,3,42,720,678,31,11,689,0.7380952380952381,0.043055555555555555,0.058333333333333334,0.08136482939632547
2,26,irregular,3,628,214,414,41,587,173,0.06528662420382166,0.19158878504672897,2.9345794392523366,0.09738717339667459
2,27,regular,1,1129,1166,37,1124,5,42,0.995571302037201,0.9639794168096055,0.9682675814751286,0.9795206971677559
2,27,semiregular,1,824,728,96,637,187,91,0.7730582524271845,0.875,1.1318681318681318,0.8208762886597938
2,27,irregular,1,1619,270,1349,188,1431,82,0.11612106238418778,0.6962962962962963,5.996296296296296,0.19904711487559557
2,27,regular,2,1208,1166,42,1166,42,0,0.9652317880794702,1.0,1.0360205831903946,0.9823083403538332
2,27,semiregular,2,1029,728,301,717,312,11,0.6967930029154519,0.9848901098901099,1.4134615384615385,0.8161639157655093
2,27,irregular,2,1914,270,1644,239,1675,31,0.12486938349007315,0.8851851851851852,7.088888888888889,0.2188644688644689
2,27,regular,3,1097,1166,69,1078,19,88,0.9826800364630811,0.9245283018867925,0.9408233276157805,0.9527176314626602
2,27,semiregular,3,899,728,171,660,239,68,0.7341490545050056,0.9065934065934066,1.23489010989011,0.8113091579594345
2,27,irregular,3,1877,270,1607,251,1626,19,0.13372402770378264,0.9296296296296296,6.951851851851852,0.2338146250582208
2,28,regular,1,1093,1098,5,1085,8,13,0.9926806953339433,0.98816029143898,0.9954462659380692,0.9904153354632588
2,28,semiregular,1,979,859,120,802,177,57,0.8192032686414709,0.9336437718277066,1.139697322467986,0.8726877040261154
2,28,irregular,1,1849,293,1556,209,1640,84,0.11303407247160627,0.7133105802047781,6.310580204778157,0.19514472455648924
2,28,regular,2,1109,1098,11,1082,27,16,0.975653742110009,0.9854280510018215,1.0100182149362478,0.9805165382872677
2,28,semiregular,2,1050,859,191,816,234,43,0.7771428571428571,0.9499417927823051,1.2223515715948778,0.85489785227868
2,28,irregular,2,1371,293,1078,254,1117,39,0.18526622902990517,0.8668941979522184,4.679180887372014,0.3052884615384615
2,28,regular,3,78,1098,1020,73,5,1025,0.9358974358974359,0.06648451730418943,0.07103825136612021,0.12414965986394556
2,28,semiregular,3,111,859,748,82,29,777,0.7387387387387387,0.09545983701979045,0.12922002328288706,0.16907216494845362
2,28,irregular,3,1338,293,1045,96,1242,197,0.07174887892376682,0.32764505119453924,4.566552901023891,0.11771919068056408
2,29,regular,1,1141,1140,1,1130,11,10,0.9903593339176161,0.9912280701754386,1.000877192982456,0.9907935116177115
2,29,semiregular,1,1202,869,333,841,361,28,0.699667221297837,0.9677790563866513,1.3831990794016111,0.8121680347658136
2,29,irregular,1,1141,247,894,171,970,76,0.14986853637160386,0.6923076923076923,4.619433198380567,0.24639769452449564
2,29,regular,2,1166,1140,26,1135,31,5,0.9734133790737565,0.9956140350877193,1.0228070175438597,0.9843885516045099
2,29,semiregular,2,1300,869,431,840,460,29,0.6461538461538462,0.9666283084004603,1.4959723820483315,0.7745504840940526
2,29,irregular,2,1651,247,1404,244,1407,3,0.14778921865536038,0.9878542510121457,6.684210526315789,0.25711275026343516
2,29,regular,3,190,1140,950,189,1,951,0.9947368421052631,0.16578947368421051,0.16666666666666666,0.28421052631578947
2,29,semiregular,3,325,869,544,294,31,575,0.9046153846153846,0.3383199079401611,0.3739930955120829,0.4924623115577889
2,29,irregular,3,77,247,170,43,34,204,0.5584415584415584,0.17408906882591094,0.3117408906882591,0.2654320987654321
2,30,regular,1,991,997,6,983,8,14,0.9919273461150353,0.9859578736208626,0.9939819458375125,0.9889336016096579
2,30,semiregular,1,858,810,48,723,135,87,0.8426573426573427,0.8925925925925926,1.0592592592592593,0.8669064748201439
2,30,irregular,1,2361,250,2111,187,2174,63,0.07920372723422278,0.748,9.444,0.14324013787820758
2,30,regular,2,1066,997,69,997,69,0,0.9352720450281425,1.0,1.0692076228686058,0.9665535627726612
2,30,semiregular,2,1086,810,276,806,280,4,0.7421731123388582,0.9950617283950617,1.3407407407407408,0.8502109704641351
2,30,irregular,2,591,250,341,231,360,19,0.39086294416243655,0.924,2.364,0.5493460166468489
2,30,regular,3,680,997,317,674,6,323,0.9911764705882353,0.6760280842527583,0.6820461384152458,0.8038163387000596
2,30,semiregular,3,601,810,209,554,47,256,0.9217970049916805,0.6839506172839506,0.7419753086419754,0.7852586817859675
2,30,irregular,3,1014,250,764,70,944,180,0.06903353057199212,0.28,4.056,0.11075949367088608
3,1,regular,1,946,937,9,934,12,3,0.9873150105708245,0.9967982924226254,1.0096051227321239,0.9920339883165162
3,1,semiregular,1,1008,703,305,681,327,22,0.6755952380952381,0.968705547652916,1.433854907539118,0.7960257159555816
3,1,irregular,1,230,199,31,131,99,68,0.5695652173913044,0.6582914572864321,1.1557788944723617,0.6107226107226108
3,1,regular,2,1082,937,145,937,145,0,0.865988909426987,1.0,1.1547491995731056,0.9281822684497276
3,1,semiregular,2,1176,703,473,698,478,5,0.5935374149659864,0.9928876244665719,1.6728307254623045,0.7429483767961682
3,1,irregular,2,1097,199,898,199,898,0,0.1814038286235187,1.0,5.5125628140703515,0.3070987654320988
3,1,regular,3,886,937,51,862,24,75,0.9729119638826185,0.919957310565635,0.9455709711846318,0.945693911135491
3,1,semiregular,3,909,703,206,673,236,30,0.7403740374037404,0.957325746799431,1.2930298719772404,0.8349875930521092
3,1,irregular,3,535,199,336,179,356,20,0.33457943925233646,0.8994974874371859,2.6884422110552766,0.48773841961852865
3,2,regular,1,1182,1224,42,1176,6,48,0.9949238578680203,0.9607843137254902,0.9656862745098039,0.9775561097256857
3,2,semiregular,1,731,647,84,609,122,38,0.8331053351573188,0.9412673879443586,1.1298299845440494,0.88388969521045
3,2,irregular,1,594,217,377,126,468,91,0.21212121212121213,0.5806451612903226,2.737327188940092,0.31072749691738594
3,2,regular,2,1257,1224,33,1220,37,4,0.9705648369132857,0.9967320261437909,1.0269607843137254,0.9834744054816605
3,2,semiregular,2,861,647,214,647,214,0,0.7514518002322881,1.0,1.330757341576507,0.8580901856763926
3,2,irregular,2,1433,217,1216,217,1216,0,0.15143056524773202,1.0,6.6036866359447,0.263030303030303
3,2,regular,3,832,1224,392,828,4,396,0.9951923076923077,0.6764705882352942,0.6797385620915033,0.8054474708171206
3,2,semiregular,3,295,647,352,279,16,368,0.9457627118644067,0.4312210200927357,0.4559505409582689,0.5923566878980892
3,2,irregular,3,817,217,600,141,676,76,0.17258261933904528,0.6497695852534562,3.7649769585253456,0.2727272727272727
3,3,regular,1,1078,1053,25,1052,26,1,0.9758812615955473,0.9990503323836657,1.0237416904083572,0.987329892069451
3,3,semiregular,1,905,716,189,690,215,26,0.7624309392265194,0.9636871508379888,1.2639664804469273,0.851326341764343
3,3,irregular,1,598,224,374,149,449,75,0.2491638795986622,0.6651785714285714,2.669642857142857,0.36253041362530414
3,3,regular,2,977,1053,76,964,13,89,0.9866939611054247,0.9154795821462488,0.9278252611585945,0.9497536945812808
3,3,semiregular,2,608,716,108,522,86,194,0.8585526315789473,0.729050279329609,0.8491620111731844,0.7885196374622357
3,3,irregular,2,218,224,6,72,146,152,0.3302752293577982,0.32142857142857145,0.9732142857142857,0.32579185520362
3,3,regular,3,997,1053,56,992,5,61,0.9949849548645938,0.9420702754036088,0.9468186134852802,0.9678048780487805
3,3,semiregular,3,524,716,192,471,53,245,0.898854961832061,0.6578212290502793,0.7318435754189944,0.7596774193548386
3,3,irregular,3,206,224,18,149,57,75,0.7233009708737864,0.6651785714285714,0.9196428571428571,0.6930232558139534
3,4,regular,1,1113,1101,12,1083,30,18,0.9730458221024259,0.9836512261580381,1.0108991825613078,0.978319783197832
3,4,semiregular,1,749,614,135,545,204,69,0.7276368491321762,0.8876221498371335,1.219869706840391,0.7997065297138664
3,4,irregular,1,221,228,7,110,111,118,0.497737556561086,0.4824561403508772,0.9692982456140351,0.48997772828507796
3,4,regular,2,1116,1101,15,1098,18,3,0.9838709677419355,0.997275204359673,1.013623978201635,0.9905277401894452
3,4,semiregular,2,909,614,295,609,300,5,0.66996699669967,0.99185667752443,1.480456026058632,0.7997373604727511
3,4,irregular,2,1335,228,1107,228,1107,0,0.1707865168539326,1.0,5.855263157894737,0.29174664107485604
3,4,regular,3,194,1101,907,187,7,914,0.9639175257731959,0.16984559491371481,0.17620345140781107,0.2888030888030888
3,4,semiregular,3,70,614,544,43,27,571,0.6142857142857143,0.07003257328990228,0.11400651465798045,0.12573099415204678
3,4,irregular,3,481,228,253,24,457,204,0.0498960498960499,0.10526315789473684,2.1096491228070176,0.06770098730606489
3,5,regular,1,1068,1044,24,1043,25,1,0.9765917602996255,0.9990421455938697,1.0229885057471264,0.987689393939394
3,5,semiregular,1,1026,668,358,660,366,8,0.6432748538011696,0.9880239520958084,1.535928143712575,0.7792207792207791
3,5,irregular,1,717,217,500,140,577,77,0.19525801952580196,0.6451612903225806,3.304147465437788,0.29978586723768735
3,5,regular,2,984,1044,60,974,10,70,0.9898373983739838,0.9329501915708812,0.9425287356321839,0.960552268244576
3,5,semiregular,2,705,668,37,518,187,150,0.7347517730496453,0.7754491017964071,1.0553892215568863,0.7545520757465404
3,5,irregular,2,337,217,120,51,286,166,0.1513353115727003,0.2350230414746544,1.5529953917050692,0.184115523465704
3,5,regular,3,859,1044,185,854,5,190,0.9941792782305006,0.8180076628352491,0.8227969348659003,0.8975302154492906
3,5,semiregular,3,627,668,41,483,144,185,0.7703349282296651,0.7230538922155688,0.938622754491018,0.745945945945946
3,5,irregular,3,825,217,608,198,627,19,0.24,0.9124423963133641,3.80184331797235,0.3800383877159309
3,6,regular,1,886,915,29,879,7,36,0.9920993227990971,0.9606557377049181,0.9683060109289617,0.9761243753470294
3,6,semiregular,1,632,701,69,529,103,172,0.8370253164556962,0.7546362339514978,0.9015691868758916,0.7936984246061516
3,6,irregular,1,222,195,27,59,163,136,0.26576576576576577,0.30256410256410254,1.1384615384615384,0.2829736211031175
3,6,regular,2,945,915,30,903,42,12,0.9555555555555556,0.9868852459016394,1.0327868852459017,0.970967741935484
3,6,semiregular,2,857,701,156,672,185,29,0.7841306884480747,0.9586305278174037,1.2225392296718973,0.8626444159178435
3,6,irregular,2,182,195,13,112,70,83,0.6153846153846154,0.5743589743589743,0.9333333333333333,0.5941644562334217
3,6,regular,3,536,915,379,528,8,387,0.9850746268656716,0.5770491803278689,0.585792349726776,0.7277739490006893
3,6,semiregular,3,272,701,429,234,38,467,0.8602941176470589,0.3338088445078459,0.3880171184022825,0.4809866392600205
3,6,irregular,3,679,195,484,111,568,84,0.1634756995581738,0.5692307692307692,3.482051282051282,0.2540045766590389
3,7,regular,1,1226,1230,4,1209,17,21,0.9861337683523654,0.9829268292682927,0.9967479674796748,0.984527687296417
3,7,semiregular,1,811,761,50,606,205,155,0.7472256473489519,0.7963206307490145,1.0657030223390276,0.7709923664122138
3,7,irregular,1,354,225,129,62,292,163,0.1751412429378531,0.27555555555555555,1.5733333333333333,0.21416234887737476
3,7,regular,2,706,1230,524,695,11,535,0.9844192634560907,0.5650406504065041,0.5739837398373984,0.7179752066115703
3,7,semiregular,2,635,761,126,504,131,257,0.7937007874015748,0.6622864651773982,0.8344283837056504,0.7220630372492837
3,7,irregular,2,1491,225,1266,216,1275,9,0.1448692152917505,0.96,6.626666666666667,0.2517482517482517
3,7,regular,3,659,1230,571,652,7,578,0.9893778452200304,0.5300813008130081,0.5357723577235772,0.6903123345685548
3,7,semiregular,3,211,761,550,187,24,574,0.8862559241706162,0.2457293035479632,0.27726675427069647,0.38477366255144035
3,7,irregular,3,683,225,458,70,613,155,0.10248901903367497,0.3111111111111111,3.0355555555555553,0.15418502202643172
3,8,regular,1,1030,1035,5,1010,20,25,0.9805825242718447,0.9758454106280193,0.9951690821256038,0.9782082324455206
3,8,semiregular,1,914,827,87,739,175,88,0.8085339168490153,0.8935912938331319,1.1051995163240629,0.8489373923032739
3,8,irregular,1,605,243,362,124,481,119,0.2049586776859504,0.5102880658436214,2.4897119341563787,0.29245283018867924
3,8,regular,2,257,1035,778,253,4,782,0.9844357976653697,0.24444444444444444,0.24830917874396136,0.391640866873065
3,8,semiregular,2,477,827,350,413,64,414,0.8658280922431866,0.49939540507859737,0.5767835550181378,0.6334355828220859
3,8,irregular,2,796,243,553,62,734,181,0.07788944723618091,0.2551440329218107,3.2757201646090537,0.11934552454282965
3,8,regular,3,965,1035,70,962,3,73,0.9968911917098445,0.9294685990338164,0.9323671497584541,0.962
3,8,semiregular,3,459,827,368,408,51,419,0.8888888888888888,0.49334945586457074,0.5550181378476421,0.6345256609642301
3,8,irregular,3,778,243,535,165,613,78,0.2120822622107969,0.6790123456790124,3.2016460905349793,0.3232125367286974
3,9,regular,1,1124,1107,17,1102,22,5,0.9804270462633452,0.995483288166215,1.015356820234869,0.9878978036754817
3,9,semiregular,1,661,701,40,592,69,109,0.8956127080181543,0.8445078459343794,0.9429386590584878,0.869309838472834
3,9,irregular,1,422,266,156,127,295,139,0.3009478672985782,0.4774436090225564,1.586466165413534,0.3691860465116279
3,9,regular,2,1123,1107,16,1104,19,3,0.9830810329474622,0.997289972899729,1.014453477868112,0.9901345291479821
3,9,semiregular,2,823,701,122,678,145,23,0.8238153098420413,0.9671897289586305,1.174037089871612,0.8897637795275591
3,9,irregular,2,1862,266,1596,266,1596,0,0.14285714285714285,1.0,7.0,0.25
3,9,regular,3,777,1107,330,767,10,340,0.9871299871299871,0.6928635953026197,0.7018970189701897,0.8142250530785563
3,9,semiregular,3,316,701,385,285,31,416,0.9018987341772152,0.4065620542082739,0.4507845934379458,0.56047197640118
3,9,irregular,3,1027,266,761,158,869,108,0.15384615384615385,0.5939849624060151,3.8609022556390977,0.24439288476411447
3,10,regular,1,1026,1014,12,1002,24,12,0.9766081871345029,0.9881656804733728,1.0118343195266273,0.9823529411764705
3,10,semiregular,1,819,656,163,631,188,25,0.7704517704517705,0.961890243902439,1.2484756097560976,0.8555932203389832
3,10,irregular,1,519,247,272,198,321,49,0.3815028901734104,0.8016194331983806,2.1012145748987856,0.5169712793733682
3,10,regular,2,1135,1014,121,1014,121,0,0.8933920704845815,1.0,1.1193293885601578,0.9436947417403443
3,10,semiregular,2,970,656,314,652,318,4,0.6721649484536083,0.9939024390243902,1.478658536585366,0.8019680196801968
3,10,irregular,2,1510,247,1263,247,1263,0,0.16357615894039734,1.0,6.113360323886639,0.2811610700056915
3,10,regular,3,825,1014,189,808,17,206,0.9793939393939394,0.796844181459566,0.8136094674556213,0.8787384448069603
3,10,semiregular,3,716,656,60,581,135,75,0.8114525139664804,0.885670731707317,1.0914634146341464,0.846938775510204
3,10,irregular,3,1337,247,1090,246,1091,1,0.18399401645474944,0.9959514170040485,5.412955465587045,0.3106060606060606
3,11,regular,1,1084,1070,14,1062,22,8,0.9797047970479705,0.9925233644859813,1.0130841121495326,0.9860724233983288
3,11,semiregular,1,835,700,135,658,177,42,0.7880239520958083,0.94,1.1928571428571428,0.857328990228013
3,11,irregular,1,537,239,298,136,401,103,0.2532588454376164,0.5690376569037657,2.2468619246861925,0.3505154639175258
3,11,regular,2,31,1070,1039,27,4,1043,0.8709677419354839,0.025233644859813085,0.02897196261682243,0.04904632152588556
3,11,semiregular,2,51,700,649,36,15,664,0.7058823529411765,0.05142857142857143,0.07285714285714286,0.09587217043941412
3,11,irregular,2,73,239,166,16,57,223,0.2191780821917808,0.06694560669456066,0.3054393305439331,0.10256410256410255
3,11,regular,3,578,1070,492,573,5,497,0.9913494809688581,0.5355140186915888,0.5401869158878505,0.6953883495145631
3,11,semiregular,3,356,700,344,307,49,393,0.8623595505617978,0.43857142857142856,0.5085714285714286,0.5814393939393939
3,11,irregular,3,495,239,256,136,359,103,0.27474747474747474,0.5690376569037657,2.071129707112971,0.37057220708446864
3,12,regular,1,1049,1007,42,1007,42,0,0.9599618684461392,1.0,1.041708043694141,0.9795719844357976
3,12,semiregular,1,851,641,210,601,250,40,0.7062279670975323,0.9375975039001561,1.327613104524181,0.8056300268096515
3,12,irregular,1,585,204,381,145,440,59,0.24786324786324787,0.7107843137254902,2.8676470588235294,0.36755386565272496
3,12,regular,2,1035,1007,28,1007,28,0,0.9729468599033816,1.0,1.0278053624627608,0.9862879529872673
3,12,semiregular,2,928,641,287,623,305,18,0.6713362068965517,0.9719188767550702,1.4477379095163807,0.7941363926067558
3,12,irregular,2,987,204,783,200,787,4,0.20263424518743667,0.9803921568627451,4.838235294117647,0.33585222502099077
3,12,regular,3,474,1007,533,470,4,537,0.9915611814345991,0.4667328699106256,0.47070506454816285,0.6347062795408508
3,12,semiregular,3,219,641,422,175,44,466,0.7990867579908676,0.27301092043681746,0.3416536661466459,0.4069767441860465
3,12,irregular,3,798,204,594,95,703,109,0.11904761904761904,0.46568627450980393,3.911764705882353,0.18962075848303392
3,13,regular,1,945,1000,55,941,4,59,0.9957671957671957,0.941,0.945,0.9676092544987147
3,13,semiregular,1,902,815,87,764,138,51,0.8470066518847007,0.9374233128834356,1.1067484662576688,0.8899242865463017
3,13,irregular,1,468,216,252,66,402,150,0.14102564102564102,0.3055555555555556,2.1666666666666665,0.19298245614035087
3,13,regular,2,938,1000,62,928,10,72,0.9893390191897654,0.928,0.938,0.957688338493292
3,13,semiregular,2,912,815,97,757,155,58,0.8300438596491229,0.9288343558282208,1.1190184049079754,0.876664736537348
3,13,irregular,2,2012,216,1796,214,1798,2,0.10636182902584493,0.9907407407407407,9.314814814814815,0.1921005385996409
3,13,regular,3,1042,1000,42,1000,42,0,0.9596928982725528,1.0,1.042,0.9794319294809011
3,13,semiregular,3,518,815,297,434,84,381,0.8378378378378378,0.5325153374233129,0.6355828220858896,0.6511627906976746
3,13,irregular,3,1064,216,848,126,938,90,0.11842105263157894,0.5833333333333334,4.925925925925926,0.196875
3,14,regular,1,1045,1052,7,1041,4,11,0.9961722488038277,0.9895437262357415,0.9933460076045627,0.9928469241773963
3,14,semiregular,1,1117,913,204,857,260,56,0.7672336615935542,0.9386637458926615,1.2234392113910186,0.8443349753694582
3,14,irregular,1,375,217,158,98,277,119,0.2613333333333333,0.45161290322580644,1.728110599078341,0.3310810810810811
3,14,regular,2,1060,1052,8,1049,11,3,0.9896226415094339,0.997148288973384,1.0076045627376427,0.9933712121212122
3,14,semiregular,2,1284,913,371,903,381,10,0.7032710280373832,0.9890470974808324,1.4063526834611173,0.8220300409649522
3,14,irregular,2,1035,217,818,170,865,47,0.1642512077294686,0.783410138248848,4.7695852534562215,0.27156549520766776
3,14,regular,3,398,1052,654,397,1,655,0.9974874371859297,0.3773764258555133,0.37832699619771865,0.5475862068965518
3,14,semiregular,3,263,913,650,244,19,669,0.9277566539923955,0.2672508214676889,0.28806133625410735,0.4149659863945578
3,14,irregular,3,45,217,172,28,17,189,0.6222222222222222,0.12903225806451613,0.2073732718894009,0.21374045801526717
3,15,regular,1,1045,964,81,964,81,0,0.9224880382775119,1.0,1.08402489626556,0.9596814335490294
3,15,semiregular,1,936,774,162,759,177,15,0.8108974358974359,0.9806201550387597,1.2093023255813953,0.887719298245614
3,15,irregular,1,454,218,236,138,316,80,0.3039647577092511,0.6330275229357798,2.0825688073394497,0.41071428571428575
3,15,regular,2,231,964,733,226,5,738,0.9783549783549783,0.23443983402489627,0.23962655601659752,0.37824267782426774
3,15,semiregular,2,467,774,307,398,69,376,0.8522483940042827,0.5142118863049095,0.603359173126615,0.6414182111200644
3,15,irregular,2,587,218,369,111,476,107,0.1890971039182283,0.5091743119266054,2.6926605504587156,0.27577639751552796
3,15,regular,3,711,964,253,703,8,261,0.9887482419127989,0.729253112033195,0.7375518672199171,0.8394029850746267
3,15,semiregular,3,643,774,131,555,88,219,0.8631415241057543,0.7170542635658915,0.8307493540051679,0.7833450952717007
3,15,irregular,3,648,218,430,153,495,65,0.2361111111111111,0.7018348623853211,2.9724770642201834,0.3533487297921478
3,16,regular,1,707,1109,402,704,3,405,0.9957567185289957,0.6348061316501352,0.6375112714156899,0.7753303964757708
3,16,semiregular,1,226,681,455,183,43,498,0.8097345132743363,0.2687224669603524,0.33186490455212925,0.40352811466372657
3,16,irregular,1,68,272,204,39,29,233,0.5735294117647058,0.14338235294117646,0.25,0.22941176470588237
3,16,regular,2,945,1109,164,936,9,173,0.9904761904761905,0.8440036068530208,0.8521190261496844,0.9113924050632912
3,16,semiregular,2,622,681,59,517,105,164,0.8311897106109325,0.7591776798825257,0.9133627019089574,0.7935533384497315
3,16,irregular,2,920,272,648,260,660,12,0.2826086956521739,0.9558823529411765,3.3823529411764706,0.43624161073825496
3,16,regular,3,1069,1109,40,1051,18,58,0.9831618334892422,0.9477006311992786,0.9639314697926059,0.9651056014692379
3,16,semiregular,3,775,681,94,618,157,63,0.7974193548387096,0.9074889867841409,1.1380323054331865,0.8489010989010989
3,16,irregular,3,892,272,620,262,630,10,0.2937219730941704,0.9632352941176471,3.2794117647058822,0.45017182130584193
3,17,regular,1,960,1029,69,955,5,74,0.9947916666666666,0.9280855199222546,0.9329446064139941,0.9602815485168426
3,17,semiregular,1,888,837,51,736,152,101,0.8288288288288288,0.8793309438470729,1.060931899641577,0.8533333333333334
3,17,irregular,1,156,240,84,76,80,164,0.48717948717948717,0.31666666666666665,0.65,0.38383838383838376
3,17,regular,2,1077,1029,48,1027,50,2,0.9535747446610956,0.9980563654033042,1.0466472303206997,0.9753086419753086
3,17,semiregular,2,1081,837,244,808,273,29,0.7474560592044404,0.965352449223417,1.2915173237753883,0.8425443169968717
3,17,irregular,2,1251,240,1011,237,1014,3,0.18944844124700239,0.9875,5.2125,0.317907444668008
3,17,regular,3,955,1029,74,951,4,78,0.9958115183246073,0.924198250728863,0.9280855199222546,0.9586693548387096
3,17,semiregular,3,619,837,218,572,47,265,0.9240710823909531,0.6833930704898447,0.7395459976105138,0.7857142857142857
3,17,irregular,3,199,240,41,133,66,107,0.6683417085427136,0.5541666666666667,0.8291666666666667,0.6059225512528473
3,18,regular,1,922,1044,122,921,1,123,0.9989154013015185,0.882183908045977,0.8831417624521073,0.9369277721261444
3,18,semiregular,1,807,801,6,703,104,98,0.8711276332094176,0.8776529338327091,1.0074906367041199,0.8743781094527363
3,18,irregular,1,116,252,136,75,41,177,0.646551724137931,0.2976190476190476,0.4603174603174603,0.4076086956521739
3,18,regular,2,1045,1044,1,1031,14,13,0.9866028708133971,0.9875478927203065,1.0009578544061302,0.9870751555768311
3,18,semiregular,2,1016,801,215,763,253,38,0.7509842519685039,0.9525593008739076,1.268414481897628,0.8398458998348926
3,18,irregular,2,1417,252,1165,250,1167,2,0.17642907551164433,0.9920634920634921,5.623015873015873,0.2995805871779509
3,18,regular,3,770,1044,274,764,6,280,0.9922077922077922,0.7318007662835249,0.7375478927203065,0.8423373759647188
3,18,semiregular,3,720,801,81,640,80,161,0.8888888888888888,0.7990012484394506,0.898876404494382,0.8415516107823799
3,18,irregular,3,747,252,495,217,530,35,0.29049531459170014,0.8611111111111112,2.9642857142857144,0.4344344344344344
3,19,regular,1,1069,1076,7,1042,27,34,0.9747427502338635,0.9684014869888475,0.9934944237918215,0.9715617715617715
3,19,semiregular,1,800,753,47,667,133,86,0.83375,0.8857901726427623,1.0624169986719787,0.8589826142949132
3,19,irregular,1,307,245,62,130,177,115,0.4234527687296417,0.5306122448979592,1.2530612244897958,0.47101449275362317
3,19,regular,2,1035,1076,41,1024,11,52,0.9893719806763285,0.9516728624535316,0.9618959107806692,0.9701563240170535
3,19,semiregular,2,881,753,128,714,167,39,0.8104426787741204,0.9482071713147411,1.1699867197875167,0.8739290085679314
3,19,irregular,2,1024,245,779,242,782,3,0.236328125,0.9877551020408163,4.179591836734694,0.38140267927501975
3,19,regular,3,823,1076,253,818,5,258,0.9939246658566221,0.7602230483271375,0.7648698884758365,0.861506055818852
3,19,semiregular,3,704,753,49,632,72,121,0.8977272727272727,0.8393094289508632,0.9349269588313412,0.8675360329444064
3,19,irregular,3,227,245,18,140,87,105,0.6167400881057269,0.5714285714285714,0.926530612244898,0.5932203389830508
3,20,regular,1,1231,1251,20,1222,9,29,0.9926888708367181,0.9768185451638689,0.9840127897681854,0.984689766317486
3,20,semiregular,1,926,841,85,760,166,81,0.8207343412526998,0.9036860879904876,1.1010701545778834,0.8602150537634409
3,20,irregular,1,576,252,324,104,472,148,0.18055555555555555,0.4126984126984127,2.2857142857142856,0.25120772946859904
3,20,regular,2,1227,1251,24,1207,20,44,0.9837000814995925,0.964828137490008,0.9808153477218226,0.9741727199354318
3,20,semiregular,2,1151,841,310,827,324,14,0.7185056472632494,0.9833531510107015,1.3686087990487514,0.8303212851405622
3,20,irregular,2,1065,252,813,241,824,11,0.22629107981220659,0.9563492063492064,4.226190476190476,0.36598329536826124
3,20,regular,3,904,1251,347,894,10,357,0.9889380530973452,0.7146282973621103,0.7226219024780176,0.8296983758700696
3,20,semiregular,3,593,841,248,504,89,337,0.8499156829679595,0.5992865636147443,0.7051129607609988,0.702928870292887
3,20,irregular,3,700,252,448,165,535,87,0.2357142857142857,0.6547619047619048,2.7777777777777777,0.34663865546218486
3,21,regular,1,957,920,37,916,41,4,0.9571577847439916,0.9956521739130435,1.0402173913043478,0.9760255727224294
3,21,semiregular,1,904,549,355,522,382,27,0.577433628318584,0.9508196721311475,1.6466302367941712,0.718513420509291
3,21,irregular,1,348,204,144,130,218,74,0.3735632183908046,0.6372549019607843,1.7058823529411764,0.4710144927536231
3,21,regular,2,914,920,6,899,15,21,0.9835886214442013,0.9771739130434782,0.9934782608695653,0.9803707742639041
3,21,semiregular,2,910,549,361,534,376,15,0.5868131868131868,0.9726775956284153,1.657559198542805,0.7320082248115148
3,21,irregular,2,608,204,404,185,423,19,0.3042763157894737,0.9068627450980392,2.980392156862745,0.45566502463054187
3,21,regular,3,438,920,482,435,3,485,0.9931506849315068,0.47282608695652173,0.47608695652173916,0.6406480117820323
3,21,semiregular,3,246,549,303,178,68,371,0.7235772357723578,0.3242258652094718,0.44808743169398907,0.4477987421383648
3,21,irregular,3,478,204,274,80,398,124,0.16736401673640167,0.39215686274509803,2.343137254901961,0.23460410557184752
3,22,regular,1,1007,946,61,943,64,3,0.9364448857994042,0.9968287526427061,1.0644820295983086,0.9656938044034817
3,22,semiregular,1,839,703,136,643,196,60,0.766388557806913,0.914651493598862,1.193456614509246,0.8339818417639429
3,22,irregular,1,576,247,329,177,399,70,0.3072916666666667,0.7165991902834008,2.331983805668016,0.4301336573511543
3,22,regular,2,939,946,7,906,33,40,0.9648562300319489,0.9577167019027484,0.992600422832981,0.9612732095490716
3,22,semiregular,2,1038,703,335,697,341,6,0.6714836223506744,0.9914651493598862,1.476529160739687,0.800689259046525
3,22,irregular,2,1414,247,1167,247,1167,0,0.1746817538896747,1.0,5.724696356275303,0.29741119807344973
3,22,regular,3,555,946,391,552,3,394,0.9945945945945946,0.5835095137420718,0.5866807610993657,0.7355096602265156
3,22,semiregular,3,395,703,308,334,61,369,0.8455696202531645,0.4751066856330014,0.561877667140825,0.6083788706739526
3,22,irregular,3,407,247,160,92,315,155,0.22604422604422605,0.3724696356275304,1.6477732793522266,0.28134556574923547
3,23,regular,1,991,999,8,975,16,24,0.9838546922300706,0.975975975975976,0.991991991991992,0.9798994974874371
3,23,semiregular,1,771,835,64,655,116,180,0.8495460440985733,0.7844311377245509,0.9233532934131736,0.8156911581569115
3,23,irregular,1,281,266,15,51,230,215,0.18149466192170818,0.19172932330827067,1.056390977443609,0.18647166361974404
3,23,regular,2,755,999,244,732,23,267,0.9695364238410596,0.7327327327327328,0.7557557557557557,0.8346636259977195
3,23,semiregular,2,187,835,648,133,54,702,0.7112299465240641,0.1592814371257485,0.22395209580838324,0.2602739726027397
3,23,irregular,2,0,266,266,0,0,266,-1,-1,0.0,-1
3,23,regular,3,856,999,143,849,7,150,0.991822429906542,0.8498498498498499,0.8568568568568569,0.9153638814016173
3,23,semiregular,3,554,835,281,482,72,353,0.8700361010830325,0.577245508982036,0.6634730538922156,0.6940244780417566
3,23,irregular,3,910,266,644,182,728,84,0.2,0.6842105263157895,3.4210526315789473,0.30952380952380953
3,24,regular,1,1124,1079,45,1078,46,1,0.9590747330960854,0.9990732159406858,1.0417052826691382,0.9786654561960961
3,24,semiregular,1,745,680,65,642,103,38,0.8617449664429531,0.9441176470588235,1.0955882352941178,0.9010526315789474
3,24,irregular,1,624,247,377,132,492,115,0.21153846153846154,0.5344129554655871,2.526315789473684,0.3030998851894374
3,24,regular,2,1095,1079,16,1072,23,7,0.9789954337899544,0.9935125115848007,1.0148285449490269,0.9862005519779208
3,24,semiregular,2,833,680,153,674,159,6,0.8091236494597839,0.9911764705882353,1.225,0.8909451421017845
3,24,irregular,2,1987,247,1740,247,1740,0,0.12430800201308505,1.0,8.044534412955466,0.2211280214861235
3,24,regular,3,697,1079,382,696,1,383,0.9985652797704447,0.6450417052826691,0.6459684893419834,0.7837837837837838
3,24,semiregular,3,371,680,309,343,28,337,0.9245283018867925,0.5044117647058823,0.5455882352941176,0.6527117031398667
3,24,irregular,3,95,247,152,82,13,165,0.8631578947368421,0.3319838056680162,0.38461538461538464,0.47953216374269003
3,25,regular,1,983,946,37,944,39,2,0.960325534079349,0.9978858350951374,1.0391120507399578,0.9787454639709693
3,25,semiregular,1,858,718,140,663,195,55,0.7727272727272727,0.9233983286908078,1.1949860724233983,0.8413705583756345
3,25,irregular,1,1147,207,940,129,1018,78,0.11246730601569312,0.6231884057971014,5.541062801932367,0.19054652880354506
3,25,regular,2,976,946,30,946,30,0,0.9692622950819673,1.0,1.0317124735729386,0.9843912591050988
3,25,semiregular,2,795,718,77,569,226,149,0.7157232704402515,0.7924791086350975,1.107242339832869,0.7521480502313284
3,25,irregular,2,1663,207,1456,97,1566,110,0.05832832230907998,0.46859903381642515,8.033816425120772,0.10374331550802139
3,25,regular,3,494,946,452,486,8,460,0.9838056680161943,0.5137420718816068,0.5221987315010571,0.6749999999999999
3,25,semiregular,3,244,718,474,208,36,510,0.8524590163934426,0.28969359331476324,0.3398328690807799,0.43243243243243246
3,25,irregular,3,471,207,264,25,446,182,0.05307855626326964,0.12077294685990338,2.2753623188405796,0.07374631268436578
3,26,regular,1,1015,985,30,983,32,2,0.9684729064039409,0.9979695431472081,1.0304568527918783,0.9830000000000001
3,26,semiregular,1,871,720,151,666,205,54,0.764638346727899,0.925,1.2097222222222221,0.8372093023255814
3,26,irregular,1,821,214,607,177,644,37,0.21559074299634592,0.8271028037383178,3.836448598130841,0.3420289855072464
3,26,regular,2,1006,985,21,911,95,74,0.9055666003976143,0.9248730964467005,1.0213197969543146,0.9151180311401306
3,26,semiregular,2,394,720,326,333,61,387,0.8451776649746193,0.4625,0.5472222222222223,0.5978456014362658
3,26,irregular,2,579,214,365,119,460,95,0.20552677029360966,0.5560747663551402,2.705607476635514,0.3001261034047919
3,26,regular,3,87,985,898,87,0,898,1.0,0.0883248730964467,0.0883248730964467,0.16231343283582086
3,26,semiregular,3,8,720,712,7,1,713,0.875,0.009722222222222222,0.011111111111111112,0.019230769230769235
3,26,irregular,3,417,214,203,26,391,188,0.06235011990407674,0.12149532710280374,1.9485981308411215,0.08240887480190173
3,27,regular,1,1149,1166,17,1139,10,27,0.9912967798085291,0.9768439108061749,0.9854202401372213,0.9840172786177106
3,27,semiregular,1,1044,728,316,661,383,67,0.6331417624521073,0.907967032967033,1.434065934065934,0.7460496613995485
3,27,irregular,1,1676,270,1406,200,1476,70,0.11933174224343675,0.7407407407407407,6.207407407407407,0.2055498458376156
3,27,regular,2,1186,1166,20,1164,22,2,0.9814502529510961,0.9982847341337907,1.0171526586620927,0.9897959183673469
3,27,semiregular,2,998,728,270,711,287,17,0.7124248496993988,0.9766483516483516,1.370879120879121,0.8238702201622247
3,27,irregular,2,2154,270,1884,259,1895,11,0.1202414113277623,0.9592592592592593,7.977777777777778,0.21369636963696367
3,27,regular,3,1082,1166,84,1072,10,94,0.9907578558225508,0.9193825042881647,0.9279588336192109,0.9537366548042704
3,27,semiregular,3,782,728,54,636,146,92,0.8132992327365729,0.8736263736263736,1.0741758241758241,0.8423841059602649
3,27,irregular,3,1433,270,1163,243,1190,27,0.16957431960921143,0.9,5.307407407407408,0.2853787433940106
3,28,regular,1,1119,1098,21,1092,27,6,0.9758713136729222,0.994535519125683,1.0191256830601092,0.9851150202976996
3,28,semiregular,1,969,859,110,807,162,52,0.8328173374613003,0.9394644935972061,1.1280558789289872,0.8829321663019694
3,28,irregular,1,2722,293,2429,221,2501,72,0.08119030124908155,0.7542662116040956,9.290102389078498,0.14660033167495853
3,28,regular,2,1152,1098,54,1098,54,0,0.953125,1.0,1.0491803278688525,0.976
3,28,semiregular,2,1098,859,239,834,264,25,0.7595628415300546,0.9708963911525029,1.2782305005820722,0.8523249872253449
3,28,irregular,2,1469,293,1176,264,1205,29,0.179714091218516,0.9010238907849829,5.013651877133106,0.29965947786606123
3,28,regular,3,355,1098,743,355,0,743,1.0,0.3233151183970856,0.3233151183970856,0.48864418444597385
3,28,semiregular,3,275,859,584,225,50,634,0.8181818181818182,0.2619324796274738,0.320139697322468,0.39682539682539686
3,28,irregular,3,1268,293,975,114,1154,179,0.08990536277602523,0.3890784982935154,4.32764505119454,0.14606021780909673
3,29,regular,1,1163,1140,23,1138,25,2,0.9785038693035254,0.9982456140350877,1.0201754385964912,0.9882761615284412
3,29,semiregular,1,1217,869,348,851,366,18,0.6992604765817584,0.9792865362485615,1.4004602991944763,0.8159156279961649
3,29,irregular,1,946,247,699,166,780,81,0.17547568710359407,0.6720647773279352,3.8299595141700404,0.278290025146689
3,29,regular,2,1164,1140,24,1140,24,0,0.979381443298969,1.0,1.0210526315789474,0.9895833333333333
3,29,semiregular,2,1290,869,421,843,447,26,0.6534883720930232,0.9700805523590333,1.4844649021864211,0.7809170912459471
3,29,irregular,2,1763,247,1516,247,1516,0,0.14010209869540555,1.0,7.137651821862348,0.24577114427860694
3,29,regular,3,424,1140,716,424,0,716,1.0,0.3719298245614035,0.3719298245614035,0.5421994884910486
3,29,semiregular,3,381,869,488,326,55,543,0.8556430446194225,0.3751438434982739,0.43843498273878023,0.5216
3,29,irregular,3,257,247,10,60,197,187,0.23346303501945526,0.242914979757085,1.040485829959514,0.23809523809523805
3,30,regular,1,1002,997,5,990,12,7,0.9880239520958084,0.9929789368104313,1.0050150451354063,0.9904952476238118
3,30,semiregular,1,896,810,86,753,143,57,0.8404017857142857,0.9296296296296296,1.1061728395061727,0.8827667057444314
3,30,irregular,1,1580,250,1330,170,1410,80,0.10759493670886076,0.68,6.32,0.18579234972677597
3,30,regular,2,982,997,15,974,8,23,0.9918533604887984,0.9769307923771314,0.9849548645937813,0.9843355229914098
3,30,semiregular,2,1048,810,238,801,247,9,0.7643129770992366,0.9888888888888889,1.2938271604938272,0.8622174381054898
3,30,irregular,2,656,250,406,230,426,20,0.35060975609756095,0.92,2.624,0.5077262693156733
3,30,regular,3,759,997,238,752,7,245,0.9907773386034255,0.7542627883650953,0.7612838515546639,0.8564920273348519
3,30,semiregular,3,510,810,300,458,52,352,0.8980392156862745,0.5654320987654321,0.6296296296296297,0.693939393939394
3,30,irregular,3,98,250,152,54,44,196,0.5510204081632653,0.216,0.392,0.3103448275862069
4,1,regular,1,973,937,36,935,38,2,0.9609455292908531,0.9978655282817502,1.038420490928495,0.9790575916230366
4,1,semiregular,1,935,703,232,672,263,31,0.718716577540107,0.9559032716927454,1.330014224751067,0.8205128205128206
4,1,irregular,1,126,199,73,100,26,99,0.7936507936507936,0.5025125628140703,0.6331658291457286,0.6153846153846154
4,1,regular,2,1050,937,113,937,113,0,0.8923809523809524,1.0,1.1205976520811098,0.9431303472571716
4,1,semiregular,2,1082,703,379,689,393,14,0.6367837338262476,0.9800853485064012,1.539118065433855,0.7719887955182073
4,1,irregular,2,1038,199,839,199,839,0,0.19171483622350674,1.0,5.21608040201005,0.32174616006467255
4,1,regular,3,878,937,59,838,40,99,0.9544419134396356,0.8943436499466382,0.9370330843116329,0.9234159779614325
4,1,semiregular,3,804,703,101,612,192,91,0.7611940298507462,0.8705547652916074,1.143669985775249,0.8122096881220968
4,1,irregular,3,639,199,440,180,459,19,0.28169014084507044,0.9045226130653267,3.2110552763819094,0.4295942720763724
4,2,regular,1,1185,1224,39,1179,6,45,0.9949367088607595,0.9632352941176471,0.9681372549019608,0.9788293897882938
4,2,semiregular,1,720,647,73,606,114,41,0.8416666666666667,0.9366306027820711,1.1128284389489953,0.8866130212143379
4,2,irregular,1,347,217,130,96,251,121,0.276657060518732,0.4423963133640553,1.599078341013825,0.34042553191489366
4,2,regular,2,1208,1224,16,1181,27,43,0.9776490066225165,0.9648692810457516,0.9869281045751634,0.971217105263158
4,2,semiregular,2,854,647,207,646,208,1,0.7564402810304449,0.9984544049459042,1.3199381761978362,0.8607594936708859
4,2,irregular,2,1381,217,1164,217,1164,0,0.15713251267197684,1.0,6.364055299539171,0.2715894868585732
4,2,regular,3,964,1224,260,954,10,270,0.9896265560165975,0.7794117647058824,0.7875816993464052,0.8720292504570385
4,2,semiregular,3,534,647,113,502,32,145,0.9400749063670412,0.7758887171561051,0.8253477588871716,0.8501270110076206
4,2,irregular,3,862,217,645,175,687,42,0.20301624129930396,0.8064516129032258,3.9723502304147464,0.324374420759963
4,3,regular,1,1029,1053,24,1021,8,32,0.9922254616132167,0.9696106362773029,0.9772079772079773,0.9807877041306436
4,3,semiregular,1,888,716,172,686,202,30,0.7725225225225225,0.9581005586592178,1.2402234636871508,0.855361596009975
4,3,irregular,1,288,224,64,106,182,118,0.3680555555555556,0.4732142857142857,1.2857142857142858,0.4140625
4,3,regular,2,1032,1053,21,1019,13,34,0.9874031007751938,0.9677113010446344,0.98005698005698,0.9774580335731415
4,3,semiregular,2,945,716,229,702,243,14,0.7428571428571429,0.9804469273743017,1.3198324022346368,0.8452739313666466
4,3,irregular,2,424,224,200,196,228,28,0.46226415094339623,0.875,1.8928571428571428,0.6049382716049383
4,3,regular,3,992,1053,61,986,6,67,0.9939516129032258,0.936372269705603,0.9420702754036088,0.9643031784841076
4,3,semiregular,3,594,716,122,519,75,197,0.8737373737373737,0.7248603351955307,0.8296089385474861,0.7923664122137405
4,3,irregular,3,537,224,313,155,382,69,0.2886405959031657,0.6919642857142857,2.3973214285714284,0.4073587385019711
4,4,regular,1,1142,1101,41,1098,44,3,0.9614711033274956,0.997275204359673,1.0372388737511353,0.9790459206419974
4,4,semiregular,1,825,614,211,576,249,38,0.6981818181818182,0.9381107491856677,1.3436482084690553,0.8005559416261292
4,4,irregular,1,188,228,40,104,84,124,0.5531914893617021,0.45614035087719296,0.8245614035087719,0.5
4,4,regular,2,1147,1101,46,1101,46,0,0.959895379250218,1.0,1.041780199818347,0.9795373665480428
4,4,semiregular,2,978,614,364,614,364,0,0.6278118609406953,1.0,1.5928338762214984,0.7713567839195979
4,4,irregular,2,1451,228,1223,228,1223,0,0.1571330117160579,1.0,6.364035087719298,0.2715902322811197
4,4,regular,3,600,1101,501,588,12,513,0.98,0.5340599455040872,0.5449591280653951,0.691358024691358
4,4,semiregular,3,458,614,156,378,80,236,0.8253275109170306,0.6156351791530945,0.745928338762215,0.7052238805970149
4,4,irregular,3,708,228,480,139,569,89,0.1963276836158192,0.6096491228070176,3.1052631578947367,0.297008547008547
4,5,regular,1,1078,1044,34,1042,36,2,0.9666048237476809,0.9980842911877394,1.0325670498084292,0.9820923656927428
4,5,semiregular,1,1018,668,350,655,363,13,0.6434184675834971,0.9805389221556886,1.5239520958083832,0.7769869513641755
4,5,irregular,1,384,217,167,78,306,139,0.203125,0.35944700460829493,1.7695852534562213,0.25956738768718807
4,5,regular,2,1080,1044,36,1044,36,0,0.9666666666666667,1.0,1.0344827586206897,0.983050847457627
4,5,semiregular,2,1072,668,404,666,406,2,0.621268656716418,0.9970059880239521,1.6047904191616766,0.7655172413793104
4,5,irregular,2,880,217,663,207,673,10,0.23522727272727273,0.9539170506912442,4.055299539170507,0.37739288969917956
4,5,regular,3,909,1044,135,904,5,140,0.9944994499449945,0.8659003831417624,0.8706896551724138,0.9257552483358934
4,5,semiregular,3,736,668,68,600,136,68,0.8152173913043478,0.8982035928143712,1.1017964071856288,0.8547008547008547
4,5,irregular,3,980,217,763,201,779,16,0.20510204081632652,0.9262672811059908,4.516129032258065,0.3358395989974937
4,6,regular,1,973,915,58,914,59,1,0.9393627954779034,0.9989071038251366,1.0633879781420765,0.9682203389830508
4,6,semiregular,1,753,701,52,602,151,99,0.799468791500664,0.8587731811697575,1.0741797432239657,0.828060522696011
4,6,irregular,1,98,195,97,36,62,159,0.3673469387755102,0.18461538461538463,0.5025641025641026,0.24573378839590446
4,6,regular,2,1013,915,98,915,98,0,0.9032576505429417,1.0,1.107103825136612,0.9491701244813278
4,6,semiregular,2,950,701,249,689,261,12,0.7252631578947368,0.9828815977175464,1.355206847360913,0.8346456692913385
4,6,irregular,2,1178,195,983,194,984,1,0.16468590831918506,0.9948717948717949,6.041025641025641,0.2825928623452294
4,6,regular,3,778,915,137,758,20,157,0.974293059125964,0.8284153005464481,0.8502732240437159,0.8954518606024807
4,6,semiregular,3,592,701,109,520,72,181,0.8783783783783784,0.7417974322396577,0.8445078459343794,0.8043310131477186
4,6,irregular,3,551,195,356,147,404,48,0.26678765880217786,0.7538461538461538,2.825641025641026,0.39410187667560326
4,7,regular,1,1206,1230,24,1200,6,30,0.9950248756218906,0.975609756097561,0.9804878048780488,0.9852216748768473
4,7,semiregular,1,1043,761,282,697,346,64,0.6682646212847555,0.9159001314060446,1.3705650459921157,0.7727272727272727
4,7,irregular,1,829,225,604,58,771,167,0.06996381182147166,0.2577777777777778,3.6844444444444444,0.11005692599620494
4,7,regular,2,1289,1230,59,1230,59,0,0.9542280837858805,1.0,1.0479674796747966,0.9765780071456928
4,7,semiregular,2,1149,761,388,756,393,5,0.6579634464751958,0.9934296977660972,1.5098554533508541,0.7916230366492146
4,7,irregular,2,1884,225,1659,223,1661,2,0.1183651804670913,0.9911111111111112,8.373333333333333,0.21147463252726412
4,7,regular,3,1113,1230,117,1103,10,127,0.9910152740341419,0.8967479674796748,0.9048780487804878,0.9415279556124626
4,7,semiregular,3,755,761,6,653,102,108,0.8649006622516556,0.8580814717477004,0.9921156373193167,0.8614775725593667
4,7,irregular,3,977,225,752,189,788,36,0.19344933469805528,0.84,4.342222222222222,0.3144758735440932
4,8,regular,1,1039,1035,4,1021,18,14,0.9826756496631376,0.9864734299516909,1.0038647342995168,0.9845708775313404
4,8,semiregular,1,844,827,17,696,148,131,0.8246445497630331,0.841596130592503,1.0205562273276905,0.8330341113105925
4,8,irregular,1,333,243,90,74,259,169,0.2222222222222222,0.3045267489711934,1.3703703703703705,0.2569444444444444
4,8,regular,2,867,1035,168,859,8,176,0.9907727797001153,0.8299516908212561,0.8376811594202899,0.9032597266035752
4,8,semiregular,2,873,827,46,700,173,127,0.8018327605956472,0.8464328899637243,1.0556227327690448,0.8235294117647058
4,8,irregular,2,1095,243,852,177,918,66,0.16164383561643836,0.7283950617283951,4.506172839506172,0.2645739910313902
4,8,regular,3,933,1035,102,928,5,107,0.9946409431939979,0.8966183574879227,0.9014492753623189,0.943089430894309
4,8,semiregular,3,659,827,168,591,68,236,0.8968133535660091,0.7146311970979444,0.7968561064087062,0.7954239569313594
4,8,irregular,3,605,243,362,167,438,76,0.27603305785123966,0.6872427983539094,2.4897119341563787,0.3938679245283019
4,9,regular,1,1073,1107,34,1068,5,39,0.9953401677539608,0.964769647696477,0.969286359530262,0.9798165137614678
4,9,semiregular,1,589,701,112,525,64,176,0.8913412563667232,0.7489300998573466,0.8402282453637661,0.813953488372093
4,9,irregular,1,319,266,53,94,225,172,0.2946708463949843,0.3533834586466165,1.199248120300752,0.3213675213675214
4,9,regular,2,1073,1107,34,1060,13,47,0.9878844361602982,0.957542908762421,0.969286359530262,0.9724770642201834
4,9,semiregular,2,818,701,117,673,145,28,0.8227383863080685,0.9600570613409415,1.1669044222539229,0.8861092824226465
4,9,irregular,2,1753,266,1487,265,1488,1,0.15116942384483742,0.9962406015037594,6.590225563909774,0.26250619118375434
4,9,regular,3,984,1107,123,973,11,134,0.9888211382113821,0.8789521228545619,0.8888888888888888,0.9306551889048301
4,9,semiregular,3,523,701,178,475,48,226,0.9082217973231358,0.6776034236804565,0.746077032810271,0.7761437908496732
4,9,irregular,3,1077,266,811,216,861,50,0.20055710306406685,0.8120300751879699,4.048872180451128,0.32166790766939685
4,10,regular,1,1014,1014,0,969,45,45,0.9556213017751479,0.9556213017751479,1.0,0.9556213017751479
4,10,semiregular,1,795,656,139,622,173,34,0.7823899371069183,0.948170731707317,1.211890243902439,0.8573397656788423
4,10,irregular,1,231,247,16,133,98,114,0.5757575757575758,0.5384615384615384,0.9352226720647774,0.5564853556485355
4,10,regular,2,1121,1014,107,1014,107,0,0.9045495093666369,1.0,1.1055226824457594,0.9498829039812646
4,10,semiregular,2,932,656,276,650,282,6,0.6974248927038627,0.9908536585365854,1.420731707317073,0.8186397984886651
4,10,irregular,2,1359,247,1112,247,1112,0,0.1817512877115526,1.0,5.502024291497976,0.30759651307596514
4,10,regular,3,620,1014,394,600,20,414,0.967741935483871,0.591715976331361,0.611439842209073,0.7343941248470013
4,10,semiregular,3,627,656,29,521,106,135,0.8309409888357256,0.7942073170731707,0.9557926829268293,0.8121590023382697
4,10,irregular,3,1223,247,976,214,1009,33,0.1749795584627964,0.8663967611336032,4.951417004048583,0.29115646258503397
4,11,regular,1,1098,1070,28,1061,37,9,0.9663023679417122,0.991588785046729,1.0261682242990655,0.9787822878228783
4,11,semiregular,1,824,700,124,649,175,51,0.787621359223301,0.9271428571428572,1.177142857142857,0.8517060367454069
4,11,irregular,1,276,239,37,109,167,130,0.39492753623188404,0.4560669456066946,1.1548117154811715,0.42330097087378643
4,11,regular,2,982,1070,88,974,8,96,0.9918533604887984,0.9102803738317757,0.9177570093457944,0.9493177387914229
4,11,semiregular,2,894,700,194,681,213,19,0.761744966442953,0.9728571428571429,1.2771428571428571,0.8544542032622334
4,11,irregular,2,1167,239,928,213,954,26,0.18251928020565553,0.891213389121339,4.882845188284519,0.3029871977240398
4,11,regular,3,946,1070,124,938,8,132,0.9915433403805497,0.8766355140186916,0.8841121495327103,0.9305555555555556
4,11,semiregular,3,684,700,16,586,98,114,0.8567251461988304,0.8371428571428572,0.9771428571428571,0.846820809248555
4,11,irregular,3,649,239,410,191,458,48,0.2942989214175655,0.799163179916318,2.715481171548117,0.43018018018018017
4,12,regular,1,1048,1007,41,1007,41,0,0.9608778625954199,1.0,1.0407149950347567,0.9800486618004866
4,12,semiregular,1,812,641,171,588,224,53,0.7241379310344828,0.9173166926677067,1.2667706708268331,0.8093599449415004
4,12,irregular,1,284,204,80,105,179,99,0.36971830985915494,0.5147058823529411,1.392156862745098,0.430327868852459
4,12,regular,2,1096,1007,89,1007,89,0,0.9187956204379562,1.0,1.0883813306852035,0.9576795054683784
4,12,semiregular,2,1001,641,360,629,372,12,0.6283716283716284,0.9812792511700468,1.561622464898596,0.7661388550548112
4,12,irregular,2,1566,204,1362,204,1362,0,0.13026819923371646,1.0,7.676470588235294,0.23050847457627116
4,12,regular,3,919,1007,88,913,6,94,0.9934711643090316,0.9066534260178749,0.9126117179741807,0.9480789200415369
4,12,semiregular,3,610,641,31,508,102,133,0.8327868852459016,0.7925117004680188,0.9516380655226209,0.8121502797761792
4,12,irregular,3,842,204,638,173,669,31,0.20546318289786222,0.8480392156862745,4.127450980392157,0.3307839388145315
4,13,regular,1,1025,1000,25,998,27,2,0.9736585365853658,0.998,1.025,0.985679012345679
4,13,semiregular,1,914,815,99,758,156,57,0.8293216630196937,0.9300613496932515,1.1214723926380368,0.8768074031231926
4,13,irregular,1,342,216,126,74,268,142,0.21637426900584794,0.3425925925925926,1.5833333333333333,0.26523297491039427
4,13,regular,2,1068,1000,68,1000,68,0,0.9363295880149812,1.0,1.068,0.9671179883945841
4,13,semiregular,2,1067,815,252,813,254,2,0.7619493908153702,0.9975460122699387,1.30920245398773,0.8639744952178532
4,13,irregular,2,2178,216,1962,216,1962,0,0.09917355371900827,1.0,10.083333333333334,0.18045112781954886
4,13,regular,3,617,1000,383,607,10,393,0.9837925445705025,0.607,0.617,0.7507730364873222
4,13,semiregular,3,668,815,147,578,90,237,0.8652694610778443,0.7092024539877301,0.8196319018404908,0.7795010114632501
4,13,irregular,3,1203,216,987,151,1052,65,0.1255195344970906,0.6990740740740741,5.569444444444445,0.21282593375616632
4,14,regular,1,1034,1052,18,1032,2,20,0.9980657640232108,0.9809885931558935,0.9828897338403042,0.9894534995206136
4,14,semiregular,1,1082,913,169,840,242,73,0.7763401109057301,0.9200438116100766,1.185104052573932,0.8421052631578947
4,14,irregular,1,162,217,55,57,105,160,0.35185185185185186,0.2626728110599078,0.7465437788018433,0.30079155672823216
4,14,regular,2,1036,1052,16,1026,10,26,0.9903474903474904,0.9752851711026616,0.9847908745247148,0.9827586206896551
4,14,semiregular,2,1274,913,361,912,362,1,0.7158555729984302,0.9989047097480832,1.3953997809419496,0.8340192043895748
4,14,irregular,2,1365,217,1148,206,1159,11,0.1509157509157509,0.9493087557603687,6.290322580645161,0.2604298356510746
4,14,regular,3,943,1052,109,939,4,113,0.9957582184517497,0.8925855513307985,0.8963878326996197,0.9413533834586466
4,14,semiregular,3,727,913,186,669,58,244,0.9202200825309491,0.732749178532311,0.7962760131434831,0.8158536585365854
4,14,irregular,3,137,217,80,102,35,115,0.7445255474452555,0.4700460829493088,0.631336405529954,0.576271186440678
4,15,regular,1,980,964,16,962,18,2,0.9816326530612245,0.9979253112033195,1.016597510373444,0.9897119341563787
4,15,semiregular,1,908,774,134,742,166,32,0.8171806167400881,0.958656330749354,1.17312661498708,0.8822829964328182
4,15,irregular,1,266,218,48,97,169,121,0.36466165413533835,0.44495412844036697,1.2201834862385321,0.40082644628099173
4,15,regular,2,878,964,86,865,13,99,0.9851936218678815,0.8973029045643154,0.9107883817427386,0.9391965255157437
4,15,semiregular,2,956,774,182,724,232,50,0.7573221757322176,0.9354005167958657,1.2351421188630491,0.8369942196531793
4,15,irregular,2,1564,218,1346,218,1346,0,0.13938618925831203,1.0,7.174311926605505,0.244668911335578
4,15,regular,3,725,964,239,718,7,246,0.9903448275862069,0.7448132780082988,0.7520746887966805,0.8502072232089993
4,15,semiregular,3,654,774,120,573,81,201,0.8761467889908257,0.7403100775193798,0.8449612403100775,0.8025210084033614
4,15,irregular,3,521,218,303,158,363,60,0.30326295585412666,0.7247706422018348,2.389908256880734,0.4276048714479026
4,16,regular,1,1148,1109,39,1107,41,2,0.9642857142857143,0.9981965734896303,1.0351668169522092,0.9809481612760301
4,16,semiregular,1,685,681,4,543,142,138,0.7927007299270074,0.7973568281938326,1.0058737151248165,0.79502196193265
4,16,irregular,1,466,272,194,148,318,124,0.31759656652360513,0.5441176470588235,1.713235294117647,0.40108401084010836
4,16,regular,2,1163,1109,54,1109,54,0,0.9535683576956148,1.0,1.048692515779982,0.9762323943661972
4,16,semiregular,2,939,681,258,674,265,7,0.7177848775292864,0.9897209985315712,1.3788546255506609,0.8320987654320987
4,16,irregular,2,1416,272,1144,272,1144,0,0.192090395480226,1.0,5.205882352941177,0.3222748815165877
4,16,regular,3,1030,1109,79,1016,14,93,0.9864077669902913,0.9161406672678089,0.9287646528403968,0.9499766245909305
4,16,semiregular,3,767,681,86,627,140,54,0.817470664928292,0.920704845814978,1.1262848751835537,0.866022099447514
4,16,irregular,3,946,272,674,247,699,25,0.26109936575052856,0.9080882352941176,3.4779411764705883,0.40558292282430214
4,17,regular,1,1094,1029,65,1029,65,0,0.9405850091407678,1.0,1.063168124392614,0.9693829486575601
4,17,semiregular,1,881,837,44,699,182,138,0.793416572077185,0.8351254480286738,1.052568697729988,0.8137369033760187
4,17,irregular,1,574,240,334,108,466,132,0.18815331010452963,0.45,2.3916666666666666,0.2653562653562654
4,17,regular,2,1058,1029,29,1024,34,5,0.9678638941398866,0.9951409135082604,1.0281827016520895,0.981312889314806
4,17,semiregular,2,1028,837,191,807,221,30,0.7850194552529183,0.96415770609319,1.2281959378733571,0.8654155495978553
4,17,irregular,2,913,240,673,233,680,7,0.2552026286966046,0.9708333333333333,3.8041666666666667,0.404163052905464
4,17,regular,3,1011,1029,18,1006,5,23,0.9950544015825915,0.9776482021379981,0.9825072886297376,0.9862745098039216
4,17,semiregular,3,779,837,58,697,82,140,0.8947368421052632,0.8327359617682198,0.9307048984468339,0.8626237623762376
4,17,irregular,3,778,240,538,197,581,43,0.2532133676092545,0.8208333333333333,3.2416666666666667,0.38703339882121807
4,18,regular,1,1086,1044,42,1042,44,2,0.9594843462246777,0.9980842911877394,1.0402298850574712,0.9784037558685446
4,18,semiregular,1,926,801,125,742,184,59,0.8012958963282938,0.9263420724094882,1.1560549313358301,0.8592935726693689
4,18,irregular,1,447,252,195,180,267,72,0.40268456375838924,0.7142857142857143,1.7738095238095237,0.5150214592274679
4,18,regular,2,1123,1044,79,1044,79,0,0.9296527159394479,1.0,1.0756704980842913,0.9635440701430549
4,18,semiregular,2,1074,801,273,792,282,9,0.7374301675977654,0.9887640449438202,1.3408239700374531,0.8447999999999999
4,18,irregular,2,1406,252,1154,251,1155,1,0.17852062588904694,0.996031746031746,5.579365079365079,0.3027744270205066
4,18,regular,3,966,1044,78,958,8,86,0.9917184265010351,0.9176245210727969,0.9252873563218391,0.9532338308457711
4,18,semiregular,3,753,801,48,674,79,127,0.8950863213811421,0.8414481897627965,0.9400749063670412,0.8674388674388674
4,18,irregular,3,895,252,643,226,669,26,0.25251396648044694,0.8968253968253969,3.5515873015873014,0.39407149084568444
4,19,regular,1,958,1076,118,952,6,124,0.9937369519832986,0.8847583643122676,0.8903345724907064,0.936086529006883
4,19,semiregular,1,684,753,69,597,87,156,0.8728070175438597,0.7928286852589641,0.9083665338645418,0.8308977035490606
4,19,irregular,1,123,245,122,63,60,182,0.5121951219512195,0.2571428571428571,0.5020408163265306,0.34239130434782605
4,19,regular,2,1161,1076,85,1075,86,1,0.9259259259259259,0.9990706319702602,1.078996282527881,0.9611086276262851
4,19,semiregular,2,976,753,223,741,235,12,0.7592213114754098,0.9840637450199203,1.296148738379814,0.8571428571428572
4,19,irregular,2,1263,245,1018,244,1019,1,0.19319081551860648,0.9959183673469387,5.155102040816327,0.3236074270557029
4,19,regular,3,932,1076,144,925,7,151,0.9924892703862661,0.8596654275092936,0.8661710037174721,0.9213147410358565
4,19,semiregular,3,716,753,37,639,77,114,0.8924581005586593,0.848605577689243,0.950863213811421,0.8699795779441798
4,19,irregular,3,620,245,375,195,425,50,0.31451612903225806,0.7959183673469388,2.5306122448979593,0.4508670520231214
4,20,regular,1,1136,1251,115,1131,5,120,0.9955985915492958,0.9040767386091128,0.9080735411670664,0.9476330121491412
4,20,semiregular,1,885,841,44,726,159,115,0.8203389830508474,0.8632580261593341,1.0523186682520809,0.8412514484356893
4,20,irregular,1,396,252,144,91,305,161,0.2297979797979798,0.3611111111111111,1.5714285714285714,0.2808641975308642
4,20,regular,2,1148,1251,103,1130,18,121,0.9843205574912892,0.903277378097522,0.9176658673061551,0.9420591913297206
4,20,semiregular,2,975,841,134,777,198,64,0.796923076923077,0.9239001189060642,1.159334126040428,0.8557268722466961
4,20,irregular,2,680,252,428,194,486,58,0.2852941176470588,0.7698412698412699,2.6984126984126986,0.41630901287553645
4,20,regular,3,934,1251,317,924,10,327,0.9892933618843683,0.7386091127098321,0.7466027178257394,0.845766590389016
4,20,semiregular,3,708,841,133,615,93,226,0.8686440677966102,0.7312722948870393,0.8418549346016647,0.7940606843124597
4,20,irregular,3,440,252,188,147,293,105,0.3340909090909091,0.5833333333333334,1.746031746031746,0.4248554913294798
4,21,regular,1,964,920,44,916,48,4,0.950207468879668,0.9956521739130435,1.0478260869565217,0.9723991507430998
4,21,semiregular,1,900,549,351,521,379,28,0.5788888888888889,0.9489981785063752,1.639344262295082,0.7191166321601105
4,21,irregular,1,231,204,27,107,124,97,0.46320346320346323,0.5245098039215687,1.1323529411764706,0.49195402298850577
4,21,regular,2,995,920,75,920,75,0,0.9246231155778895,1.0,1.0815217391304348,0.9608355091383812
4,21,semiregular,2,1017,549,468,546,471,3,0.5368731563421829,0.994535519125683,1.8524590163934427,0.6973180076628352
4,21,irregular,2,1406,204,1202,204,1202,0,0.14509246088193456,1.0,6.892156862745098,0.25341614906832294
4,21,regular,3,803,920,117,797,6,123,0.9925280199252802,0.866304347826087,0.8728260869565218,0.9251305861868834
4,21,semiregular,3,629,549,80,480,149,69,0.7631160572337043,0.8743169398907104,1.145719489981785,0.8149405772495757
4,21,irregular,3,638,204,434,173,465,31,0.2711598746081505,0.8480392156862745,3.127450980392157,0.4109263657957245
4,22,regular,1,1018,946,72,937,81,9,0.9204322200392927,0.9904862579281184,1.0761099365750528,0.9541751527494908
4,22,semiregular,1,849,703,146,635,214,68,0.7479387514723204,0.903271692745377,1.2076813655761025,0.8182989690721649
4,22,irregular,1,292,247,45,130,162,117,0.4452054794520548,0.5263157894736842,1.1821862348178138,0.4823747680890538
4,22,regular,2,1037,946,91,946,91,0,0.9122468659594986,1.0,1.0961945031712474,0.9541099344427636
4,22,semiregular,2,1086,703,383,698,388,5,0.6427255985267035,0.9928876244665719,1.5448079658605975,0.7803242034656233
4,22,irregular,2,1515,247,1268,247,1268,0,0.16303630363036303,1.0,6.133603238866397,0.28036322360953464
4,22,regular,3,731,946,215,718,13,228,0.9822161422708618,0.758985200845666,0.7727272727272727,0.8562909958258796
4,22,semiregular,3,786,703,83,653,133,50,0.8307888040712468,0.9288762446657184,1.1180654338549076,0.8770987239758227
4,22,irregular,3,540,247,293,197,343,50,0.3648148148148148,0.7975708502024291,2.1862348178137654,0.5006353240152478
4,23,regular,1,1069,999,70,993,76,6,0.9289055191768008,0.993993993993994,1.07007007007007,0.9603481624758221
4,23,semiregular,1,952,835,117,715,237,120,0.7510504201680672,0.8562874251497006,1.1401197604790418,0.8002238388360381
4,23,irregular,1,809,266,543,46,763,220,0.05686032138442522,0.17293233082706766,3.0413533834586466,0.08558139534883721
4,23,regular,2,1006,999,7,957,49,42,0.9512922465208747,0.9579579579579579,1.007007007007007,0.9546134663341646
4,23,semiregular,2,1073,835,238,808,265,27,0.7530288909599254,0.9676646706586827,1.2850299401197605,0.8469601677148847
4,23,irregular,2,2209,266,1943,262,1947,4,0.11860570393843368,0.9849624060150376,8.30451127819549,0.21171717171717172
4,23,regular,3,846,999,153,838,8,161,0.9905437352245863,0.8388388388388388,0.8468468468468469,0.9084010840108401
4,23,semiregular,3,711,835,124,590,121,245,0.829817158931083,0.7065868263473054,0.8514970059880239,0.7632600258732213
4,23,irregular,3,535,266,269,172,363,94,0.32149532710280376,0.6466165413533834,2.011278195488722,0.4294631710362048
4,24,regular,1,1068,1079,11,1054,14,25,0.9868913857677902,0.9768303985171455,0.989805375347544,0.9818351187703773
4,24,semiregular,1,696,680,16,598,98,82,0.8591954022988506,0.8794117647058823,1.0235294117647058,0.8691860465116279
4,24,irregular,1,410,247,163,99,311,148,0.24146341463414633,0.4008097165991903,1.6599190283400809,0.3013698630136986
4,24,regular,2,1077,1079,2,1056,21,23,0.9805013927576601,0.9786839666357738,0.9981464318813716,0.9795918367346939
4,24,semiregular,2,843,680,163,675,168,5,0.800711743772242,0.9926470588235294,1.2397058823529412,0.8864084044648719
4,24,irregular,2,1873,247,1626,247,1626,0,0.13187399893219434,1.0,7.582995951417004,0.23301886792452828
4,24,regular,3,842,1079,237,834,8,245,0.9904988123515439,0.772937905468026,0.7803521779425394,0.868297761582509
4,24,semiregular,3,529,680,151,466,63,214,0.8809073724007561,0.6852941176470588,0.7779411764705882,0.7708850289495451
4,24,irregular,3,345,247,98,177,168,70,0.5130434782608696,0.7165991902834008,1.3967611336032388,0.597972972972973
4,25,regular,1,949,946,3,939,10,7,0.9894625922023182,0.992600422832981,1.0031712473572938,0.9910290237467018
4,25,semiregular,1,887,718,169,670,217,48,0.7553551296505073,0.9331476323119777,1.2353760445682451,0.8348909657320872
4,25,irregular,1,781,207,574,94,687,113,0.1203585147247119,0.45410628019323673,3.7729468599033815,0.1902834008097166
4,25,regular,2,949,946,3,935,14,11,0.9852476290832455,0.9883720930232558,1.0031712473572938,0.9868073878627968
4,25,semiregular,2,921,718,203,664,257,54,0.7209554831704669,0.924791086350975,1.2827298050139275,0.8102501525320317
4,25,irregular,2,1472,207,1265,98,1374,109,0.06657608695652174,0.47342995169082125,7.111111111111111,0.11673615247170936
4,25,regular,3,432,946,514,427,5,519,0.9884259259259259,0.4513742071881607,0.45665961945031713,0.6197387518142236
4,25,semiregular,3,579,718,139,498,81,220,0.8601036269430051,0.6935933147632312,0.8064066852367688,0.7679259830377795
4,25,irregular,3,1158,207,951,143,1015,64,0.1234887737478411,0.6908212560386473,5.594202898550725,0.20952380952380953
4,26,regular,1,1024,985,39,982,42,3,0.958984375,0.9969543147208122,1.0395939086294417,0.9776007964161274
4,26,semiregular,1,915,720,195,687,228,33,0.7508196721311475,0.9541666666666667,1.2708333333333333,0.8403669724770643
4,26,irregular,1,589,214,375,136,453,78,0.23089983022071306,0.6355140186915887,2.7523364485981308,0.3387297633872976
4,26,regular,2,1120,985,135,985,135,0,0.8794642857142857,1.0,1.1370558375634519,0.9358669833729216
4,26,semiregular,2,619,720,101,515,104,205,0.8319870759289176,0.7152777777777778,0.8597222222222223,0.7692307692307693
4,26,irregular,2,1184,214,970,182,1002,32,0.15371621621621623,0.8504672897196262,5.5327102803738315,0.26037195994277545
4,26,regular,3,849,985,136,838,11,147,0.9870435806831567,0.8507614213197969,0.8619289340101522,0.9138495092693566
4,26,semiregular,3,579,720,141,509,70,211,0.8791018998272885,0.7069444444444445,0.8041666666666667,0.7836797536566591
4,26,irregular,3,937,214,723,176,761,38,0.18783351120597652,0.822429906542056,4.378504672897196,0.3058210251954822
4,27,regular,1,1131,1166,35,1128,3,38,0.9973474801061007,0.967409948542024,0.9699828473413379,0.9821506312581629
4,27,semiregular,1,756,728,28,597,159,131,0.7896825396825397,0.820054945054945,1.0384615384615385,0.8045822102425875
4,27,irregular,1,1268,270,998,113,1155,157,0.08911671924290221,0.4185185185185185,4.696296296296296,0.1469440832249675
4,27,regular,2,1162,1166,4,1143,19,23,0.9836488812392427,0.9802744425385935,0.9965694682675815,0.981958762886598
4,27,semiregular,2,1042,728,314,722,320,6,0.6928982725527831,0.9917582417582418,1.4313186813186813,0.8158192090395481
4,27,irregular,2,2285,270,2015,270,2015,0,0.11816192560175055,1.0,8.462962962962964,0.21135029354207438
4,27,regular,3,1131,1166,35,1124,7,42,0.9938107869142352,0.9639794168096055,0.9699828473413379,0.9786678276012191
4,27,semiregular,3,757,728,29,643,114,85,0.8494055482166446,0.8832417582417582,1.039835164835165,0.865993265993266
4,27,irregular,3,1192,270,922,237,955,33,0.1988255033557047,0.8777777777777778,4.4148148148148145,0.32421340629274964
4,28,regular,1,1073,1098,25,1066,7,32,0.9934762348555451,0.970856102003643,0.9772313296903461,0.9820359281437125
4,28,semiregular,1,948,859,89,790,158,69,0.8333333333333334,0.919674039580908,1.1036088474970895,0.874377421140011
4,28,irregular,1,1666,293,1373,150,1516,143,0.09003601440576231,0.5119453924914675,5.686006825938566,0.1531393568147014
4,28,regular,2,1105,1098,7,1083,22,15,0.9800904977375565,0.9863387978142076,1.006375227686703,0.9832047208352246
4,28,semiregular,2,1117,859,258,858,259,1,0.7681289167412713,0.9988358556461001,1.3003492433061699,0.8684210526315789
4,28,irregular,2,1947,293,1654,281,1666,12,0.1443246019517206,0.9590443686006825,6.645051194539249,0.25089285714285714
4,28,regular,3,625,1098,473,617,8,481,0.9872,0.5619307832422586,0.569216757741348,0.7161926871735346
4,28,semiregular,3,618,859,241,543,75,316,0.8786407766990292,0.6321303841676368,0.719441210710128,0.7352742044685173
4,28,irregular,3,1349,293,1056,188,1161,105,0.13936249073387694,0.6416382252559727,4.604095563139932,0.22898903775883067
4,29,regular,1,1143,1140,3,1132,11,8,0.9903762029746281,0.9929824561403509,1.0026315789473683,0.9916776171703897
4,29,semiregular,1,1231,869,362,849,382,20,0.6896831844029244,0.9769850402761795,1.4165707710011508,0.8085714285714286
4,29,irregular,1,690,247,443,131,559,116,0.18985507246376812,0.5303643724696356,2.7935222672064777,0.27961579509071505
4,29,regular,2,1138,1140,2,1124,14,16,0.9876977152899824,0.9859649122807017,0.9982456140350877,0.986830553116769
4,29,semiregular,2,1345,869,476,868,477,1,0.6453531598513012,0.998849252013809,1.5477560414269276,0.7841011743450768
4,29,irregular,2,1735,247,1488,247,1488,0,0.14236311239193083,1.0,7.0242914979757085,0.24924318869828455
4,29,regular,3,881,1140,259,878,3,262,0.996594778660613,0.7701754385964912,0.7728070175438596,0.8688767936665017
4,29,semiregular,3,854,869,15,742,112,127,0.8688524590163934,0.85385500575374,0.9827387802071347,0.8612884503772491
4,29,irregular,3,489,247,242,176,313,71,0.35991820040899797,0.7125506072874493,1.9797570850202428,0.4782608695652174
4,30,regular,1,1005,997,8,991,14,6,0.9860696517412936,0.9939819458375125,1.00802407221665,0.99000999000999
4,30,semiregular,1,918,810,108,753,165,57,0.8202614379084967,0.9296296296296296,1.1333333333333333,0.8715277777777778
4,30,irregular,1,1264,250,1014,188,1076,62,0.14873417721518986,0.752,5.056,0.2483487450462351
4,30,regular,2,1014,997,17,995,19,2,0.9812623274161736,0.9979939819458375,1.0170511534603812,0.9895574341123821
4,30,semiregular,2,1056,810,246,804,252,6,0.7613636363636364,0.9925925925925926,1.3037037037037038,0.8617363344051446
4,30,irregular,2,2901,250,2651,250,2651,0,0.08617718028266115,1.0,11.604,0.15867978419549347
4,30,regular,3,949,997,48,940,9,57,0.9905163329820864,0.9428284854563691,0.9518555667001003,0.9660842754367933
4,30,semiregular,3,774,810,36,694,80,116,0.896640826873385,0.8567901234567902,0.9555555555555556,0.8762626262626262
4,30,irregular,3,167,250,83,137,30,113,0.8203592814371258,0.548,0.668,0.657074340527578
5,1,regular,1,939,937,2,926,13,11,0.9861554845580405,0.9882604055496265,1.0021344717182497,0.9872068230277186
5,1,semiregular,1,1006,703,303,687,319,16,0.6829025844930418,0.9772403982930299,1.4310099573257469,0.8039789350497367
5,1,irregular,1,453,199,254,156,297,43,0.3443708609271523,0.7839195979899497,2.2763819095477387,0.47852760736196326
5,1,regular,2,1034,937,97,937,97,0,0.9061895551257253,1.0,1.103521878335112,0.9507864028411973
5,1,semiregular,2,1211,703,508,700,511,3,0.5780346820809249,0.9957325746799431,1.7226173541963015,0.7314524555903867
5,1,irregular,2,1067,199,868,199,868,0,0.18650421743205248,1.0,5.36180904522613,0.3143759873617693
5,1,regular,3,856,937,81,801,55,136,0.9357476635514018,0.8548559231590181,0.9135538954108858,0.8934746235359732
5,1,semiregular,3,814,703,111,553,261,150,0.6793611793611793,0.786628733997155,1.1578947368421053,0.7290705339485828
5,1,irregular,3,905,199,706,183,722,16,0.2022099447513812,0.9195979899497487,4.547738693467337,0.3315217391304348
5,2,regular,1,1195,1224,29,1185,10,39,0.9916317991631799,0.9681372549019608,0.9763071895424836,0.9797436957420421
5,2,semiregular,1,750,647,103,627,123,20,0.836,0.9690880989180835,1.1591962905718702,0.8976377952755904
5,2,irregular,1,845,217,628,162,683,55,0.19171597633136095,0.7465437788018433,3.8940092165898617,0.3050847457627119
5,2,regular,2,1193,1224,31,1170,23,54,0.980720871751886,0.9558823529411765,0.9746732026143791,0.9681423251965247
5,2,semiregular,2,831,647,184,647,184,0,0.7785800240673887,1.0,1.2843894899536321,0.8755074424898511
5,2,irregular,2,1375,217,1158,217,1158,0,0.15781818181818183,1.0,6.336405529953917,0.27261306532663315
5,2,regular,3,883,1224,341,868,15,356,0.9830124575311439,0.7091503267973857,0.7214052287581699,0.823920265780731
5,2,semiregular,3,457,647,190,416,41,231,0.9102844638949672,0.642967542503864,0.7063369397217929,0.7536231884057971
5,2,irregular,3,1198,217,981,181,1017,36,0.15108514190317196,0.8341013824884793,5.52073732718894,0.2558303886925795
5,3,regular,1,1037,1053,16,1029,8,24,0.9922854387656702,0.9772079772079773,0.9848053181386515,0.9846889952153111
5,3,semiregular,1,893,716,177,695,198,21,0.7782754759238522,0.9706703910614525,1.2472067039106145,0.8638906152889994
5,3,irregular,1,912,224,688,192,720,32,0.21052631578947367,0.8571428571428571,4.071428571428571,0.33802816901408456
5,3,regular,2,1006,1053,47,993,13,60,0.9870775347912525,0.9430199430199431,0.9553656220322887,0.9645458960660516
5,3,semiregular,2,703,716,13,570,133,146,0.8108108108108109,0.7960893854748603,0.9818435754189944,0.80338266384778
5,3,irregular,2,88,224,136,59,29,165,0.6704545454545454,0.26339285714285715,0.39285714285714285,0.3782051282051282
5,3,regular,3,970,1053,83,960,10,93,0.9896907216494846,0.9116809116809117,0.9211775878442545,0.949085516559565
5,3,semiregular,3,537,716,179,464,73,252,0.8640595903165735,0.6480446927374302,0.75,0.7406225059856345
5,3,irregular,3,771,224,547,174,597,50,0.22568093385214008,0.7767857142857143,3.4419642857142856,0.349748743718593
5,4,regular,1,1121,1101,20,1098,23,3,0.9794826048171276,0.997275204359673,1.0181653042688465,0.9882988298829883
5,4,semiregular,1,809,614,195,580,229,34,0.7169344870210136,0.9446254071661238,1.3175895765472312,0.8151791988756149
5,4,irregular,1,444,228,216,156,288,72,0.35135135135135137,0.6842105263157895,1.9473684210526316,0.4642857142857143
5,4,regular,2,1147,1101,46,1101,46,0,0.959895379250218,1.0,1.041780199818347,0.9795373665480428
5,4,semiregular,2,943,614,329,608,335,6,0.6447507953340403,0.990228013029316,1.5358306188925082,0.7809890815671162
5,4,irregular,2,1445,228,1217,227,1218,1,0.15709342560553632,0.9956140350877193,6.337719298245614,0.27136879856545126
5,4,regular,3,126,1101,975,117,9,984,0.9285714285714286,0.10626702997275204,0.11444141689373297,0.19070904645476774
5,4,semiregular,3,359,614,255,262,97,352,0.7298050139275766,0.42671009771986973,0.5846905537459284,0.538540596094553
5,4,irregular,3,1026,228,798,109,917,119,0.10623781676413255,0.4780701754385965,4.5,0.17384370015948963
5,5,regular,1,1044,1044,0,1038,6,6,0.9942528735632183,0.9942528735632183,1.0,0.9942528735632183
5,5,semiregular,1,997,668,329,660,337,8,0.6619859578736209,0.9880239520958084,1.4925149700598803,0.7927927927927928
5,5,irregular,1,1074,217,857,189,885,28,0.17597765363128492,0.8709677419354839,4.949308755760368,0.29279628195197527
5,5,regular,2,1040,1044,4,1026,14,18,0.9865384615384616,0.9827586206896551,0.9961685823754789,0.9846449136276392
5,5,semiregular,2,903,668,235,612,291,56,0.6777408637873754,0.9161676646706587,1.3517964071856288,0.7791215786123488
5,5,irregular,2,215,217,2,33,182,184,0.15348837209302327,0.15207373271889402,0.9907834101382489,0.1527777777777778
5,5,regular,3,940,1044,104,933,7,111,0.9925531914893617,0.8936781609195402,0.9003831417624522,0.940524193548387
5,5,semiregular,3,847,668,179,597,250,71,0.704840613931523,0.8937125748502994,1.2679640718562875,0.788118811881188
5,5,irregular,3,1395,217,1178,211,1184,6,0.15125448028673835,0.9723502304147466,6.428571428571429,0.26178660049627794
5,6,regular,1,941,915,26,914,27,1,0.971307120085016,0.9989071038251366,1.028415300546448,0.9849137931034483
5,6,semiregular,1,749,701,48,602,147,99,0.8037383177570093,0.8587731811697575,1.0684736091298146,0.830344827586207
5,6,irregular,1,781,195,586,124,657,71,0.1587708066581306,0.6358974358974359,4.005128205128205,0.2540983606557377
5,6,regular,2,969,915,54,911,58,4,0.9401444788441693,0.9956284153005465,1.0590163934426229,0.9670912951167729
5,6,semiregular,2,872,701,171,673,199,28,0.7717889908256881,0.9600570613409415,1.2439372325249642,0.8556897647806737
5,6,irregular,2,593,195,398,177,416,18,0.2984822934232715,0.9076923076923077,3.041025641025641,0.449238578680203
5,6,regular,3,729,915,186,695,34,220,0.953360768175583,0.7595628415300546,0.7967213114754098,0.8454987834549879
5,6,semiregular,3,525,701,176,442,83,259,0.8419047619047619,0.630527817403709,0.7489300998573466,0.7210440456769984
5,6,irregular,3,1171,195,976,145,1026,50,0.12382578992314261,0.7435897435897436,6.005128205128205,0.212298682284041
5,7,regular,1,1143,1230,87,1136,7,94,0.9938757655293088,0.9235772357723577,0.9292682926829269,0.9574378423935946
5,7,semiregular,1,215,761,546,184,31,577,0.8558139534883721,0.24178712220762155,0.28252299605781866,0.3770491803278689
5,7,irregular,1,842,225,617,54,788,171,0.06413301662707839,0.24,3.7422222222222223,0.10121836925960638
5,7,regular,2,1256,1230,26,1217,39,13,0.9689490445859873,0.989430894308943,1.021138211382114,0.9790828640386162
5,7,semiregular,2,954,761,193,659,295,102,0.6907756813417191,0.8659658344283837,1.2536136662286466,0.7685131195335277
5,7,irregular,2,1821,225,1596,223,1598,2,0.12246018671059858,0.9911111111111112,8.093333333333334,0.2179863147605083
5,7,regular,3,1110,1230,120,1092,18,138,0.9837837837837838,0.8878048780487805,0.9024390243902439,0.9333333333333333
5,7,semiregular,3,754,761,7,615,139,146,0.8156498673740054,0.8081471747700394,0.9908015768725361,0.8118811881188117
5,7,irregular,3,1350,225,1125,182,1168,43,0.1348148148148148,0.8088888888888889,6.0,0.2311111111111111
5,8,regular,1,1020,1035,15,1010,10,25,0.9901960784313726,0.9758454106280193,0.9855072463768116,0.9829683698296837
5,8,semiregular,1,884,827,57,708,176,119,0.8009049773755657,0.8561064087061668,1.0689238210399032,0.8275862068965516
5,8,irregular,1,1056,243,813,169,887,74,0.16003787878787878,0.6954732510288066,4.345679012345679,0.2602001539645881
5,8,regular,2,148,1035,887,146,2,889,0.9864864864864865,0.14106280193236714,0.14299516908212562,0.24683009298393915
5,8,semiregular,2,366,827,461,303,63,524,0.8278688524590164,0.36638452237001207,0.44256348246674726,0.5079631181894384
5,8,irregular,2,239,243,4,4,235,239,0.016736401673640166,0.01646090534979424,0.9835390946502057,0.016597510373443983
5,8,regular,3,956,1035,79,947,9,88,0.9905857740585774,0.914975845410628,0.923671497584541,0.9512807634354596
5,8,semiregular,3,690,827,137,592,98,235,0.8579710144927536,0.7158403869407497,0.8343409915356711,0.7804878048780488
5,8,irregular,3,1126,243,883,170,956,73,0.15097690941385436,0.6995884773662552,4.633744855967078,0.24835646457268082
5,9,regular,1,1099,1107,8,1090,9,17,0.991810737033667,0.9846431797651309,0.992773261065944,0.9882139619220307
5,9,semiregular,1,689,701,12,611,78,90,0.8867924528301887,0.8716119828815977,0.9828815977175464,0.8791366906474821
5,9,irregular,1,832,266,566,173,659,93,0.20793269230769232,0.650375939849624,3.1278195488721803,0.31511839708561024
5,9,regular,2,1055,1107,52,1042,13,65,0.9876777251184834,0.941282746160795,0.953026196928636,0.963922294172063
5,9,semiregular,2,797,701,96,665,132,36,0.8343789209535759,0.948644793152639,1.1369472182596292,0.8878504672897196
5,9,irregular,2,1728,266,1462,262,1466,4,0.15162037037037038,0.9849624060150376,6.496240601503759,0.2627883650952859
5,9,regular,3,889,1107,218,873,16,234,0.9820022497187851,0.7886178861788617,0.8030713640469738,0.8747494989979958
5,9,semiregular,3,483,701,218,424,59,277,0.8778467908902692,0.6048502139800286,0.6890156918687589,0.7162162162162162
5,9,irregular,3,1514,266,1248,189,1325,77,0.12483487450462351,0.7105263157894737,5.69172932330827,0.21235955056179776
5,10,regular,1,1019,1014,5,1005,14,9,0.9862610402355251,0.9911242603550295,1.004930966469428,0.9886866699458927
5,10,semiregular,1,810,656,154,631,179,25,0.7790123456790123,0.961890243902439,1.2347560975609757,0.8608458390177354
5,10,irregular,1,989,247,742,225,764,22,0.2275025278058645,0.9109311740890689,4.004048582995951,0.3640776699029126
5,10,regular,2,1054,1014,40,1000,54,14,0.9487666034155597,0.9861932938856016,1.039447731755424,0.9671179883945842
5,10,semiregular,2,936,656,280,649,287,7,0.6933760683760684,0.989329268292683,1.4268292682926829,0.8153266331658291
5,10,irregular,2,1486,247,1239,247,1239,0,0.16621803499327054,1.0,6.016194331983805,0.28505481823427586
5,10,regular,3,785,1014,229,764,21,250,0.9732484076433121,0.7534516765285996,0.7741617357001972,0.8493607559755418
5,10,semiregular,3,429,656,227,387,42,269,0.9020979020979021,0.5899390243902439,0.6539634146341463,0.7133640552995393
5,10,irregular,3,891,247,644,210,681,37,0.2356902356902357,0.8502024291497976,3.6072874493927127,0.3690685413005273
5,11,regular,1,1068,1070,2,1059,9,11,0.9915730337078652,0.9897196261682243,0.9981308411214953,0.990645463049579
5,11,semiregular,1,836,700,136,660,176,40,0.7894736842105263,0.9428571428571428,1.1942857142857144,0.859375
5,11,irregular,1,880,239,641,169,711,70,0.19204545454545455,0.7071129707112971,3.6820083682008367,0.30205540661304736
5,11,regular,2,98,1070,972,93,5,977,0.9489795918367347,0.08691588785046729,0.09158878504672897,0.15924657534246575
5,11,semiregular,2,215,700,485,171,44,529,0.7953488372093023,0.24428571428571427,0.30714285714285716,0.37377049180327865
5,11,irregular,2,323,239,84,30,293,209,0.09287925696594428,0.12552301255230125,1.3514644351464435,0.10676156583629892
5,11,regular,3,910,1070,160,903,7,167,0.9923076923076923,0.8439252336448598,0.8504672897196262,0.912121212121212
5,11,semiregular,3,674,700,26,539,135,161,0.7997032640949555,0.77,0.9628571428571429,0.784570596797671
5,11,irregular,3,838,239,599,186,652,53,0.22195704057279236,0.7782426778242678,3.506276150627615,0.34540389972144847
5,12,regular,1,1009,1007,2,1005,4,2,0.9960356788899901,0.9980139026812314,1.0019860973187686,0.9970238095238095
5,12,semiregular,1,854,641,213,611,243,30,0.7154566744730679,0.953198127925117,1.3322932917316692,0.8173913043478261
5,12,irregular,1,948,204,744,181,767,23,0.1909282700421941,0.8872549019607843,4.647058823529412,0.3142361111111111
5,12,regular,2,1091,1007,84,1007,84,0,0.923006416131989,1.0,1.083416087388282,0.9599618684461392
5,12,semiregular,2,948,641,307,622,326,19,0.6561181434599156,0.9703588143525741,1.4789391575663027,0.7828823159219634
5,12,irregular,2,1417,204,1213,201,1216,3,0.14184897671136204,0.9852941176470589,6.946078431372549,0.24799506477483035
5,12,regular,3,781,1007,226,771,10,236,0.9871959026888605,0.7656405163853028,0.7755710029791459,0.8624161073825504
5,12,semiregular,3,530,641,111,413,117,228,0.779245283018868,0.6443057722308893,0.8268330733229329,0.7053800170794193
5,12,irregular,3,1268,204,1064,162,1106,42,0.1277602523659306,0.7941176470588235,6.215686274509804,0.22010869565217395
5,13,regular,1,978,1000,22,976,2,24,0.9979550102249489,0.976,0.978,0.98685540950455
5,13,semiregular,1,918,815,103,769,149,46,0.8376906318082789,0.943558282208589,1.1263803680981594,0.8874783612233121
5,13,irregular,1,1106,216,890,100,1006,116,0.09041591320072333,0.46296296296296297,5.12037037037037,0.15128593040847202
5,13,regular,2,1056,1000,56,1000,56,0,0.946969696969697,1.0,1.056,0.9727626459143969
5,13,semiregular,2,967,815,152,774,193,41,0.8004136504653567,0.9496932515337423,1.1865030674846626,0.8686868686868686
5,13,irregular,2,2104,216,1888,211,1893,5,0.1002851711026616,0.9768518518518519,9.74074074074074,0.18189655172413793
5,13,regular,3,953,1000,47,945,8,55,0.9916054564533053,0.945,0.953,0.9677419354838709
5,13,semiregular,3,640,815,175,548,92,267,0.85625,0.6723926380368098,0.7852760736196319,0.7532646048109967
5,13,irregular,3,550,216,334,122,428,94,0.22181818181818183,0.5648148148148148,2.5462962962962963,0.3185378590078329
5,14,regular,1,1047,1052,5,1045,2,7,0.9980897803247374,0.9933460076045627,0.9952471482889734,0.9957122439256788
5,14,semiregular,1,1138,913,225,880,258,33,0.773286467486819,0.963855421686747,1.2464403066812706,0.8581179912237933
5,14,irregular,1,846,217,629,159,687,58,0.1879432624113475,0.7327188940092166,3.8986175115207375,0.2991533396048918
5,14,regular,2,1012,1052,40,1004,8,48,0.9920948616600791,0.9543726235741445,0.9619771863117871,0.9728682170542636
5,14,semiregular,2,1234,913,321,910,324,3,0.7374392220421394,0.9967141292442497,1.3515881708652793,0.847694457382394
5,14,irregular,2,895,217,678,120,775,97,0.1340782122905028,0.5529953917050692,4.124423963133641,0.2158273381294964
5,14,regular,3,634,1052,418,630,4,422,0.9936908517350158,0.5988593155893536,0.6026615969581749,0.7473309608540926
5,14,semiregular,3,626,913,287,544,82,369,0.8690095846645367,0.5958378970427163,0.6856516976998904,0.7069525666016895
5,14,irregular,3,846,217,629,44,802,173,0.05200945626477541,0.20276497695852536,3.8986175115207375,0.08278457196613358
5,15,regular,1,976,964,12,963,13,1,0.9866803278688525,0.9989626556016598,1.012448132780083,0.9927835051546392
5,15,semiregular,1,930,774,156,750,180,24,0.8064516129032258,0.9689922480620154,1.2015503875968991,0.8802816901408451
5,15,irregular,1,1014,218,796,173,841,45,0.17061143984220908,0.7935779816513762,4.651376146788991,0.2808441558441559
5,15,regular,2,266,964,698,258,8,706,0.9699248120300752,0.2676348547717842,0.27593360995850624,0.4195121951219512
5,15,semiregular,2,621,774,153,510,111,264,0.821256038647343,0.6589147286821705,0.8023255813953488,0.7311827956989247
5,15,irregular,2,1005,218,787,127,878,91,0.1263681592039801,0.5825688073394495,4.610091743119266,0.20768601798855277
5,15,regular,3,718,964,246,711,7,253,0.9902506963788301,0.7375518672199171,0.7448132780082988,0.8454221165279429
5,15,semiregular,3,766,774,8,641,125,133,0.8368146214099217,0.8281653746770026,0.9896640826873385,0.8324675324675325
5,15,irregular,3,674,218,456,170,504,48,0.2522255192878338,0.7798165137614679,3.091743119266055,0.38116591928251126
5,16,regular,1,1126,1109,17,1107,19,2,0.9831261101243339,0.9981965734896303,1.0153291253381425,0.9906040268456376
5,16,semiregular,1,796,681,115,626,170,55,0.7864321608040201,0.9192364170337739,1.1688693098384728,0.8476641841570751
5,16,irregular,1,504,272,232,179,325,93,0.3551587301587302,0.6580882352941176,1.8529411764705883,0.46134020618556704
5,16,regular,2,1119,1109,10,1105,14,4,0.9874888293118856,0.9963931469792606,1.0090171325518484,0.9919210053859964
5,16,semiregular,2,658,681,23,524,134,157,0.7963525835866262,0.7694566813509545,0.9662261380323054,0.7826736370425691
5,16,irregular,2,1076,272,804,261,815,11,0.2425650557620818,0.9595588235294118,3.9558823529411766,0.38724035608308605
5,16,regular,3,974,1109,135,963,11,146,0.9887063655030801,0.8683498647430117,0.8782687105500451,0.9246279404704753
5,16,semiregular,3,775,681,94,616,159,65,0.7948387096774193,0.9045521292217328,1.1380323054331865,0.8461538461538461
5,16,irregular,3,352,272,80,202,150,70,0.5738636363636364,0.7426470588235294,1.2941176470588236,0.6474358974358976
5,17,regular,1,1045,1029,16,1028,17,1,0.9837320574162679,0.9990281827016521,1.0155490767735667,0.9913211186113788
5,17,semiregular,1,916,837,79,758,158,79,0.8275109170305677,0.9056152927120669,1.0943847072879331,0.8648031945236736
5,17,irregular,1,822,240,582,113,709,127,0.13746958637469586,0.4708333333333333,3.425,0.21280602636534843
5,17,regular,2,1052,1029,23,1027,25,2,0.9762357414448669,0.9980563654033042,1.022351797862002,0.9870254685247477
5,17,semiregular,2,972,837,135,789,183,48,0.8117283950617284,0.942652329749104,1.1612903225806452,0.8723051409618573
5,17,irregular,2,675,240,435,208,467,32,0.30814814814814817,0.8666666666666667,2.8125,0.4546448087431695
5,17,regular,3,978,1029,51,968,10,61,0.9897750511247444,0.9407191448007775,0.9504373177842566,0.9646238166417538
5,17,semiregular,3,800,837,37,674,126,163,0.8425,0.8052568697729988,0.955794504181601,0.8234575442883324
5,17,irregular,3,1405,240,1165,202,1203,38,0.14377224199288255,0.8416666666666667,5.854166666666667,0.24559270516717324
5,18,regular,1,1051,1044,7,1038,13,6,0.9876308277830638,0.9942528735632183,1.0067049808429118,0.9909307875894987
5,18,semiregular,1,907,801,106,759,148,42,0.836824696802646,0.947565543071161,1.1323345817727841,0.8887587822014051
5,18,irregular,1,385,252,133,158,227,94,0.4103896103896104,0.626984126984127,1.5277777777777777,0.49607535321821045
5,18,regular,2,1045,1044,1,1030,15,14,0.9856459330143541,0.9865900383141762,1.0009578544061302,0.9861177596936332
5,18,semiregular,2,968,801,167,762,206,39,0.7871900826446281,0.951310861423221,1.2084893882646692,0.861503674392312
5,18,irregular,2,1338,252,1086,247,1091,5,0.18460388639760836,0.9801587301587301,5.309523809523809,0.31069182389937106
5,18,regular,3,855,1044,189,844,11,200,0.9871345029239766,0.8084291187739464,0.8189655172413793,0.888888888888889
5,18,semiregular,3,796,801,5,703,93,98,0.8831658291457286,0.8776529338327091,0.9937578027465668,0.8804007514088917
5,18,irregular,3,1237,252,985,237,1000,15,0.1915925626515764,0.9404761904761905,4.908730158730159,0.3183344526527871
5,19,regular,1,1060,1076,16,1051,9,25,0.9915094339622641,0.9767657992565055,0.9851301115241635,0.9840823970037453
5,19,semiregular,1,830,753,77,684,146,69,0.8240963855421687,0.9083665338645418,1.1022576361221779,0.8641819330385344
5,19,irregular,1,618,245,373,169,449,76,0.27346278317152106,0.689795918367347,2.522448979591837,0.391657010428737
5,19,regular,2,1135,1076,59,1074,61,2,0.9462555066079296,0.9981412639405205,1.054832713754647,0.971506105834464
5,19,semiregular,2,951,753,198,734,217,19,0.7718191377497371,0.9747675962815405,1.2629482071713147,0.8615023474178403
5,19,irregular,2,1243,245,998,242,1001,3,0.19469026548672566,0.9877551020408163,5.073469387755102,0.32526881720430106
5,19,regular,3,925,1076,151,917,8,159,0.9913513513513513,0.8522304832713755,0.8596654275092936,0.9165417291354323
5,19,semiregular,3,766,753,13,648,118,105,0.8459530026109661,0.8605577689243028,1.0172642762284196,0.8531928900592496
5,19,irregular,3,937,245,692,207,730,38,0.2209178228388474,0.8448979591836735,3.8244897959183675,0.350253807106599
5,20,regular,1,1208,1251,43,1203,5,48,0.9958609271523179,0.9616306954436451,0.9656274980015987,0.9784465229768199
5,20,semiregular,1,930,841,89,759,171,82,0.8161290322580645,0.9024970273483948,1.1058263971462545,0.8571428571428572
5,20,irregular,1,785,252,533,148,637,104,0.18853503184713377,0.5873015873015873,3.115079365079365,0.2854387656702025
5,20,regular,2,1207,1251,44,1186,21,65,0.9826014913007457,0.9480415667466027,0.964828137490008,0.9650122050447518
5,20,semiregular,2,974,841,133,757,217,84,0.7772073921971252,0.9001189060642093,1.1581450653983354,0.834159779614325
5,20,irregular,2,1103,252,851,218,885,34,0.19764279238440616,0.8650793650793651,4.376984126984127,0.3217712177121771
5,20,regular,3,890,1251,361,874,16,377,0.9820224719101124,0.6986410871302957,0.7114308553157475,0.8164409154600654
5,20,semiregular,3,751,841,90,619,132,222,0.8242343541944075,0.7360285374554102,0.8929845422116528,0.7776381909547738
5,20,irregular,3,1030,252,778,189,841,63,0.18349514563106797,0.75,4.087301587301587,0.29485179407176293
5,21,regular,1,936,920,16,918,18,2,0.9807692307692307,0.9978260869565218,1.017391304347826,0.9892241379310345
5,21,semiregular,1,902,549,353,524,378,25,0.5809312638580931,0.9544626593806922,1.6429872495446265,0.7222605099931082
5,21,irregular,1,642,204,438,166,476,38,0.2585669781931464,0.8137254901960784,3.1470588235294117,0.39243498817966904
5,21,regular,2,992,920,72,920,72,0,0.9274193548387096,1.0,1.0782608695652174,0.9623430962343097
5,21,semiregular,2,963,549,414,539,424,10,0.5597092419522326,0.9817850637522769,1.7540983606557377,0.7129629629629631
5,21,irregular,2,1134,204,930,198,936,6,0.1746031746031746,0.9705882352941176,5.5588235294117645,0.2959641255605381
5,21,regular,3,568,920,352,561,7,359,0.9876760563380281,0.6097826086956522,0.6173913043478261,0.7540322580645161
5,21,semiregular,3,570,549,21,398,172,151,0.6982456140350877,0.7249544626593807,1.0382513661202186,0.7113494191242181
5,21,irregular,3,940,204,736,147,793,57,0.15638297872340426,0.7205882352941176,4.607843137254902,0.25699300699300703
5,22,regular,1,970,946,24,944,26,2,0.9731958762886598,0.9978858350951374,1.025369978858351,0.9853862212943634
5,22,semiregular,1,792,703,89,630,162,73,0.7954545454545454,0.8961593172119487,1.1266002844950214,0.842809364548495
5,22,irregular,1,971,247,724,216,755,31,0.22245108135942326,0.8744939271255061,3.931174089068826,0.354679802955665
5,22,regular,2,1026,946,80,946,80,0,0.9220272904483431,1.0,1.0845665961945032,0.9594320486815416
5,22,semiregular,2,1077,703,374,696,381,7,0.6462395543175488,0.9900426742532006,1.5320056899004268,0.7820224719101123
5,22,irregular,2,1518,247,1271,247,1271,0,0.1627140974967062,1.0,6.145748987854251,0.2798866855524079
5,22,regular,3,869,946,77,849,20,97,0.9769850402761795,0.8974630021141649,0.9186046511627907,0.9355371900826446
5,22,semiregular,3,787,703,84,617,170,86,0.783989834815756,0.8776671408250356,1.1194879089615932,0.8281879194630872
5,22,irregular,3,877,247,630,186,691,61,0.2120866590649943,0.7530364372469636,3.5506072874493926,0.3309608540925267
5,23,regular,1,972,999,27,960,12,39,0.9876543209876543,0.960960960960961,0.972972972972973,0.974124809741248
5,23,semiregular,1,767,835,68,671,96,164,0.8748370273794003,0.8035928143712575,0.918562874251497,0.8377028714107366
5,23,irregular,1,575,266,309,102,473,164,0.17739130434782607,0.38345864661654133,2.161654135338346,0.24256837098692033
5,23,regular,2,1517,999,518,937,580,62,0.6176664469347396,0.9379379379379379,1.5185185185185186,0.7448330683624801
5,23,semiregular,2,4133,835,3298,835,3298,0,0.20203242196951368,1.0,4.949700598802395,0.3361513687600644
5,23,irregular,2,10937,266,10671,266,10671,0,0.024321111822254732,1.0,41.11654135338346,0.047487280192805494
5,23,regular,3,772,999,227,759,13,240,0.9831606217616581,0.7597597597597597,0.7727727727727728,0.8571428571428571
5,23,semiregular,3,703,835,132,595,108,240,0.8463726884779517,0.7125748502994012,0.8419161676646707,0.7737321196358907
5,23,irregular,3,1775,266,1509,209,1566,57,0.11774647887323944,0.7857142857142857,6.672932330827067,0.2048015678588927
5,24,regular,1,1079,1079,0,1065,14,14,0.9870250231696015,0.9870250231696015,1.0,0.9870250231696015
5,24,semiregular,1,757,680,77,648,109,32,0.8560105680317041,0.9529411764705882,1.113235294117647,0.9018789144050104
5,24,irregular,1,1228,247,981,167,1061,80,0.13599348534201955,0.6761133603238867,4.97165991902834,0.22644067796610173
5,24,regular,2,1043,1079,36,1023,20,56,0.9808245445829339,0.9481000926784059,0.9666357738646896,0.9641847313854854
5,24,semiregular,2,812,680,132,666,146,14,0.8201970443349754,0.9794117647058823,1.1941176470588235,0.8927613941018766
5,24,irregular,2,1864,247,1617,247,1617,0,0.13251072961373392,1.0,7.5465587044534415,0.23401231643770726
5,24,regular,3,852,1079,227,845,7,234,0.9917840375586855,0.7831325301204819,0.7896200185356812,0.8751941998964268
5,24,semiregular,3,541,680,139,472,69,208,0.8724584103512015,0.6941176470588235,0.7955882352941176,0.773136773136773
5,24,irregular,3,158,247,89,131,27,116,0.8291139240506329,0.5303643724696356,0.6396761133603239,0.6469135802469136
5,25,regular,1,957,946,11,943,14,3,0.9853709508881923,0.9968287526427061,1.0116279069767442,0.9910667367314766
5,25,semiregular,1,881,718,163,675,206,43,0.7661748013620885,0.9401114206128134,1.2270194986072422,0.8442776735459662
5,25,irregular,1,1586,207,1379,165,1421,42,0.10403530895334175,0.7971014492753623,7.661835748792271,0.18404907975460122
5,25,regular,2,933,946,13,919,14,27,0.984994640943194,0.9714587737843552,0.9862579281183932,0.978179882916445
5,25,semiregular,2,649,718,69,471,178,247,0.7257318952234206,0.6559888579387186,0.903899721448468,0.6891002194586685
5,25,irregular,2,1056,207,849,17,1039,190,0.016098484848484848,0.0821256038647343,5.101449275362318,0.026920031670625493
5,25,regular,3,305,946,641,297,8,649,0.9737704918032787,0.313953488372093,0.3224101479915433,0.4748201438848921
5,25,semiregular,3,482,718,236,374,108,344,0.7759336099585062,0.520891364902507,0.6713091922005571,0.6233333333333334
5,25,irregular,3,1729,207,1522,141,1588,66,0.08155002891844997,0.6811594202898551,8.352657004830919,0.14566115702479338
5,26,regular,1,925,985,60,904,21,81,0.9772972972972973,0.917766497461929,0.9390862944162437,0.9465968586387434
5,26,semiregular,1,857,720,137,672,185,48,0.7841306884480747,0.9333333333333333,1.1902777777777778,0.8522511097019658
5,26,irregular,1,1199,214,985,200,999,14,0.16680567139282734,0.9345794392523364,5.602803738317757,0.2830856334041047
5,26,regular,2,1061,985,76,985,76,0,0.9283694627709708,1.0,1.0771573604060913,0.9628543499511241
5,26,semiregular,2,964,720,244,694,270,26,0.7199170124481328,0.9638888888888889,1.3388888888888888,0.8242280285035629
5,26,irregular,2,1602,214,1388,209,1393,5,0.13046192259675407,0.9766355140186916,7.485981308411215,0.23017621145374448
5,26,regular,3,247,985,738,239,8,746,0.9676113360323887,0.24263959390862944,0.25076142131979695,0.38798701298701294
5,26,semiregular,3,280,720,440,222,58,498,0.7928571428571428,0.30833333333333335,0.3888888888888889,0.44399999999999995
5,26,irregular,3,1313,214,1099,121,1192,93,0.09215536938309216,0.5654205607476636,6.135514018691588,0.1584806810740013
5,27,regular,1,1134,1166,32,1115,19,51,0.9832451499118166,0.9562607204116638,0.9725557461406518,0.9695652173913043
5,27,semiregular,1,900,728,172,642,258,86,0.7133333333333334,0.8818681318681318,1.2362637362637363,0.7886977886977888
5,27,irregular,1,1809,270,1539,237,1572,33,0.1310116086235489,0.8777777777777778,6.7,0.22799422799422797
5,27,regular,2,1149,1166,17,1132,17,34,0.9852045256744996,0.9708404802744426,0.9854202401372213,0.9779697624190065
5,27,semiregular,2,1011,728,283,720,291,8,0.712166172106825,0.989010989010989,1.3887362637362637,0.8280621046578494
5,27,irregular,2,2105,270,1835,259,1846,11,0.12304038004750593,0.9592592592592593,7.796296296296297,0.21810526315789475
5,27,regular,3,1065,1166,101,1057,8,109,0.9924882629107982,0.9065180102915952,0.9133790737564322,0.9475571492604213
5,27,semiregular,3,756,728,28,639,117,89,0.8452380952380952,0.8777472527472527,1.0384615384615385,0.8611859838274932
5,27,irregular,3,1721,270,1451,236,1485,34,0.13712957582800697,0.8740740740740741,6.374074074074074,0.23706680060271218
5,28,regular,1,1080,1098,18,1063,17,35,0.9842592592592593,0.9681238615664846,0.9836065573770492,0.9761248852157943
5,28,semiregular,1,950,859,91,795,155,64,0.8368421052631579,0.9254947613504074,1.1059371362048893,0.8789386401326701
5,28,irregular,1,1890,293,1597,226,1664,67,0.11957671957671957,0.7713310580204779,6.450511945392491,0.20705451213925788
5,28,regular,2,1085,1098,13,1061,24,37,0.9778801843317972,0.9663023679417122,0.98816029143898,0.9720568025652772
5,28,semiregular,2,1052,859,193,830,222,29,0.7889733840304183,0.9662398137369034,1.2246798603026776,0.8686551543694402
5,28,irregular,2,2872,293,2579,275,2597,18,0.09575208913649025,0.9385665529010239,9.802047781569966,0.17377567140600317
5,28,regular,3,314,1098,784,309,5,789,0.9840764331210191,0.2814207650273224,0.2859744990892532,0.4376770538243625
5,28,semiregular,3,602,859,257,505,97,354,0.8388704318936877,0.5878928987194412,0.7008149010477299,0.6913073237508556
5,28,irregular,3,1870,293,1577,195,1675,98,0.10427807486631016,0.6655290102389079,6.382252559726963,0.18030513176144247
5,29,regular,1,1146,1140,6,1134,12,6,0.9895287958115183,0.9947368421052631,1.0052631578947369,0.9921259842519685
5,29,semiregular,1,1227,869,358,855,372,14,0.6968215158924206,0.9838895281933256,1.4119677790563867,0.8158396946564886
5,29,irregular,1,1151,247,904,198,953,49,0.17202432667245873,0.8016194331983806,4.659919028340081,0.2832618025751073
5,29,regular,2,1100,1140,40,1091,9,49,0.9918181818181818,0.9570175438596491,0.9649122807017544,0.9741071428571428
5,29,semiregular,2,1206,869,337,830,376,39,0.6882255389718076,0.9551208285385501,1.3878020713463752,0.8
5,29,irregular,2,1672,247,1425,240,1432,7,0.14354066985645933,0.97165991902834,6.769230769230769,0.2501302761855133
5,29,regular,3,679,1140,461,678,1,462,0.9985272459499264,0.5947368421052631,0.5956140350877193,0.7454645409565696
5,29,semiregular,3,795,869,74,662,133,207,0.8327044025157233,0.761795166858458,0.9148446490218642,0.7956730769230769
5,29,irregular,3,783,247,536,142,641,105,0.18135376756066413,0.5748987854251012,3.1700404858299596,0.2757281553398058
5,30,regular,1,959,997,38,952,7,45,0.9927007299270073,0.954864593781344,0.9618856569709128,0.9734151329243355
5,30,semiregular,1,905,810,95,754,151,56,0.8331491712707182,0.9308641975308642,1.117283950617284,0.8793002915451895
5,30,irregular,1,2290,250,2040,205,2085,45,0.08951965065502183,0.82,9.16,0.16141732283464566
5,30,regular,2,998,997,1,987,11,10,0.9889779559118237,0.9899699097291875,1.0010030090270812,0.9894736842105264
5,30,semiregular,2,1040,810,230,801,239,9,0.7701923076923077,0.9888888888888889,1.2839506172839505,0.8659459459459459
5,30,irregular,2,1534,250,1284,237,1297,13,0.1544980443285528,0.948,6.136,0.265695067264574
5,30,regular,3,855,997,142,845,10,152,0.9883040935672515,0.847542627883651,0.8575727181544633,0.9125269978401728
5,30,semiregular,3,750,810,60,663,87,147,0.884,0.8185185185185185,0.9259259259259259,0.8500000000000001
5,30,irregular,3,891,250,641,123,768,127,0.13804713804713806,0.492,3.564,0.21560035056967572
