Test fold number,Subject,Gait,Sensor,Predicted,Actual,Difference,TP,FP,FN,PPV,Sensitivity,RCA,SDA
1,1,regular,1,942,937,5,925,17,12,0.9819532908704883,0.9871931696905016,1.0053361792956244,0.9845662586482171
1,1,semiregular,1,1060,703,357,697,363,6,0.6575471698113208,0.9914651493598862,1.507823613086771,0.7906976744186047
1,1,irregular,1,800,199,601,183,617,16,0.22875,0.9195979899497487,4.0201005025125625,0.36636636636636644
1,1,regular,2,1163,937,226,937,226,0,0.8056749785038693,1.0,1.24119530416222,0.8923809523809524
1,1,semiregular,2,1241,703,538,701,540,2,0.564867042707494,0.9971550497866287,1.7652916073968705,0.7211934156378601
1,1,irregular,2,1125,199,926,199,926,0,0.1768888888888889,1.0,5.653266331658291,0.3006042296072508
1,1,regular,3,937,937,0,893,44,44,0.9530416221985059,0.9530416221985059,1.0,0.9530416221985057
1,1,semiregular,3,926,703,223,676,250,27,0.7300215982721382,0.9615931721194879,1.3172119487908962,0.8299570288520565
1,1,irregular,3,749,199,550,192,557,7,0.25634178905206945,0.964824120603015,3.763819095477387,0.40506329113924056
1,2,regular,1,1102,1224,122,1088,14,136,0.9872958257713249,0.8888888888888888,0.9003267973856209,0.9355116079105761
1,2,semiregular,1,743,647,96,625,118,22,0.8411843876177658,0.9659969088098919,1.1483771251931993,0.8992805755395684
1,2,irregular,1,1166,217,949,209,957,8,0.1792452830188679,0.9631336405529954,5.373271889400922,0.3022415039768619
1,2,regular,2,1339,1224,115,1224,115,0,0.9141150112023898,1.0,1.0939542483660132,0.9551307062036675
1,2,semiregular,2,889,647,242,646,243,1,0.7266591676040495,0.9984544049459042,1.3740340030911902,0.8411458333333334
1,2,irregular,2,1510,217,1293,217,1293,0,0.14370860927152318,1.0,6.95852534562212,0.25130283729009845
1,2,regular,3,1166,1224,58,1150,16,74,0.9862778730703259,0.9395424836601307,0.9526143790849673,0.9623430962343097
1,2,semiregular,3,733,647,86,628,105,19,0.8567530695770805,0.9706336939721792,1.1329211746522412,0.9101449275362319
1,2,irregular,3,1051,217,834,213,838,4,0.20266412940057088,0.9815668202764977,4.84331797235023,0.3359621451104101
1,3,regular,1,1031,1053,22,1024,7,29,0.9932104752667313,0.9724596391263058,0.9791073124406457,0.9827255278310941
1,3,semiregular,1,900,716,184,699,201,17,0.7766666666666666,0.9762569832402235,1.2569832402234637,0.8650990099009901
1,3,irregular,1,1153,224,929,219,934,5,0.1899392888117953,0.9776785714285714,5.147321428571429,0.31808278867102396
1,3,regular,2,1019,1053,34,1010,9,43,0.9911678115799804,0.9591642924976258,0.9677113010446344,0.974903474903475
1,3,semiregular,2,883,716,167,692,191,24,0.7836919592298981,0.9664804469273743,1.2332402234636872,0.8655409631019387
1,3,irregular,2,1040,224,816,219,821,5,0.21057692307692308,0.9776785714285714,4.642857142857143,0.34651898734177217
1,3,regular,3,972,1053,81,965,7,88,0.992798353909465,0.9164292497625831,0.9230769230769231,0.9530864197530864
1,3,semiregular,3,741,716,25,632,109,84,0.8529014844804319,0.88268156424581,1.0349162011173185,0.8675360329444064
1,3,irregular,3,1034,224,810,208,826,16,0.2011605415860735,0.9285714285714286,4.616071428571429,0.33068362480127184
1,4,regular,1,1162,1101,61,1098,64,3,0.9449225473321858,0.997275204359673,1.0554041780199819,0.97039328325232
1,4,semiregular,1,878,614,264,599,279,15,0.6822323462414579,0.9755700325732899,1.4299674267100977,0.8029490616621984
1,4,irregular,1,959,228,731,191,768,37,0.1991657977059437,0.8377192982456141,4.206140350877193,0.3218197135636057
1,4,regular,2,1235,1101,134,1101,134,0,0.891497975708502,1.0,1.1217075386012716,0.9426369863013698
1,4,semiregular,2,1020,614,406,614,406,0,0.6019607843137255,1.0,1.6612377850162867,0.7515299877600978
1,4,irregular,2,1477,228,1249,228,1249,0,0.15436696005416384,1.0,6.478070175438597,0.26744868035190617
1,4,regular,3,1039,1101,62,1024,15,77,0.9855630413859481,0.9300635785649409,0.9436875567665758,0.9570093457943926
1,4,semiregular,3,837,614,223,600,237,14,0.7168458781362007,0.9771986970684039,1.3631921824104234,0.8270158511371468
1,4,irregular,3,1109,228,881,227,882,1,0.20468890892696123,0.9956140350877193,4.864035087719298,0.3395661929693344
1,5,regular,1,1014,1044,30,1007,7,37,0.9930966469428008,0.9645593869731801,0.9712643678160919,0.978620019436346
1,5,semiregular,1,1005,668,337,664,341,4,0.6606965174129353,0.9940119760479041,1.5044910179640718,0.793783622235505
1,5,irregular,1,1342,217,1125,213,1129,4,0.1587183308494784,0.9815668202764977,6.184331797235023,0.27325208466966
1,5,regular,2,1026,1044,18,1015,11,29,0.9892787524366472,0.9722222222222222,0.9827586206896551,0.9806763285024154
1,5,semiregular,2,987,668,319,657,330,11,0.6656534954407295,0.9835329341317365,1.4775449101796407,0.7939577039274924
1,5,irregular,2,1310,217,1093,217,1093,0,0.16564885496183207,1.0,6.0368663594470044,0.2842174197773412
1,5,regular,3,948,1044,96,941,7,103,0.9926160337552743,0.9013409961685823,0.9080459770114943,0.9447791164658634
1,5,semiregular,3,825,668,157,597,228,71,0.7236363636363636,0.8937125748502994,1.2350299401197604,0.7997320830542531
1,5,irregular,3,1171,217,954,217,954,0,0.18531169940222034,1.0,5.3963133640553,0.3126801152737752
1,6,regular,1,989,915,74,914,75,1,0.9241658240647118,0.9989071038251366,1.0808743169398907,0.9600840336134454
1,6,semiregular,1,887,701,186,678,209,23,0.7643742953776775,0.9671897289586305,1.2653352353780314,0.853904282115869
1,6,irregular,1,1361,195,1166,190,1171,5,0.13960323291697282,0.9743589743589743,6.97948717948718,0.24421593830334193
1,6,regular,2,998,915,83,914,84,1,0.9158316633266533,0.9989071038251366,1.0907103825136613,0.9555671719811814
1,6,semiregular,2,932,701,231,687,245,14,0.7371244635193133,0.9800285306704708,1.3295292439372326,0.8413962033067972
1,6,irregular,2,1242,195,1047,195,1047,0,0.1570048309178744,1.0,6.369230769230769,0.27139874739039666
1,6,regular,3,855,915,60,824,31,91,0.9637426900584796,0.9005464480874317,0.9344262295081968,0.9310734463276836
1,6,semiregular,3,718,701,17,583,135,118,0.8119777158774373,0.8316690442225392,1.0242510699001426,0.821705426356589
1,6,irregular,3,1304,195,1109,189,1115,6,0.14493865030674846,0.9692307692307692,6.687179487179487,0.25216811207471646
1,7,regular,1,1264,1230,34,1225,39,5,0.9691455696202531,0.9959349593495935,1.0276422764227642,0.9823576583801122
1,7,semiregular,1,1104,761,343,739,365,22,0.6693840579710145,0.9710906701708278,1.4507227332457293,0.7924932975871314
1,7,irregular,1,539,225,314,115,424,110,0.21335807050092764,0.5111111111111111,2.3955555555555557,0.3010471204188481
1,7,regular,2,1166,1230,64,1148,18,82,0.9845626072041166,0.9333333333333333,0.9479674796747968,0.9582637729549249
1,7,semiregular,2,1041,761,280,739,302,22,0.7098943323727186,0.9710906701708278,1.3679369250985545,0.8201997780244173
1,7,irregular,2,1955,225,1730,225,1730,0,0.11508951406649616,1.0,8.688888888888888,0.20642201834862384
1,7,regular,3,1105,1230,125,1093,12,137,0.9891402714932127,0.8886178861788618,0.8983739837398373,0.9361884368308351
1,7,semiregular,3,840,761,79,672,168,89,0.8,0.8830486202365309,1.1038107752956636,0.83947532792005
1,7,irregular,3,1474,225,1249,209,1265,16,0.1417910447761194,0.9288888888888889,6.551111111111111,0.24602707474985283
1,8,regular,1,1031,1035,4,1017,14,18,0.9864209505334627,0.9826086956521739,0.996135265700483,0.984511132623427
1,8,semiregular,1,963,827,136,770,193,57,0.7995846313603323,0.9310761789600968,1.1644498186215235,0.8603351955307262
1,8,irregular,1,1617,243,1374,210,1407,33,0.12987012987012986,0.8641975308641975,6.654320987654321,0.22580645161290322
1,8,regular,2,994,1035,41,980,14,55,0.9859154929577465,0.9468599033816425,0.9603864734299516,0.9659931000492853
1,8,semiregular,2,1054,827,227,810,244,17,0.7685009487666035,0.9794437726723095,1.2744860943168077,0.861244019138756
1,8,irregular,2,1983,243,1740,233,1750,10,0.11749873928391326,0.9588477366255144,8.160493827160494,0.20934411500449235
1,8,regular,3,945,1035,90,936,9,99,0.9904761904761905,0.9043478260869565,0.9130434782608695,0.9454545454545453
1,8,semiregular,3,840,827,13,709,131,118,0.844047619047619,0.8573155985489722,1.0157194679564692,0.850629874025195
1,8,irregular,3,1682,243,1439,214,1468,29,0.1272294887039239,0.8806584362139918,6.921810699588478,0.22233766233766233
1,9,regular,1,1109,1107,2,1100,9,7,0.9918845807033363,0.993676603432701,1.001806684733514,0.9927797833935019
1,9,semiregular,1,765,701,64,658,107,43,0.8601307189542484,0.9386590584878745,1.0912981455064195,0.897680763983629
1,9,irregular,1,1157,266,891,232,925,34,0.20051858254105445,0.8721804511278195,4.349624060150376,0.3260716795502459
1,9,regular,2,1158,1107,51,1107,51,0,0.9559585492227979,1.0,1.046070460704607,0.9774834437086093
1,9,semiregular,2,844,701,143,682,162,19,0.8080568720379147,0.9728958630527818,1.2039942938659058,0.8828478964401294
1,9,irregular,2,1909,266,1643,265,1644,1,0.13881613410162388,0.9962406015037594,7.176691729323308,0.2436781609195402
1,9,regular,3,984,1107,123,974,10,133,0.9898373983739838,0.8798554652213189,0.8888888888888888,0.9316116690578671
1,9,semiregular,3,622,701,79,560,62,141,0.9003215434083601,0.7988587731811697,0.8873038516405135,0.8465608465608466
1,9,irregular,3,1305,266,1039,236,1069,30,0.18084291187739462,0.8872180451127819,4.906015037593985,0.3004455760661999
1,10,regular,1,1029,1014,15,1009,20,5,0.9805636540330418,0.995069033530572,1.014792899408284,0.9877630934899658
1,10,semiregular,1,844,656,188,640,204,16,0.7582938388625592,0.975609756097561,1.2865853658536586,0.8533333333333334
1,10,irregular,1,1409,247,1162,247,1162,0,0.17530163236337828,1.0,5.704453441295547,0.29830917874396135
1,10,regular,2,1199,1014,185,1014,185,0,0.8457047539616347,1.0,1.1824457593688362,0.9164030727519205
1,10,semiregular,2,981,656,325,653,328,3,0.6656472986748216,0.9954268292682927,1.4954268292682926,0.7978008552229688
1,10,irregular,2,1293,247,1046,247,1046,0,0.19102861562258314,1.0,5.234817813765182,0.3207792207792208
1,10,regular,3,1047,1014,33,1005,42,9,0.9598853868194842,0.9911242603550295,1.032544378698225,0.975254730713246
1,10,semiregular,3,810,656,154,637,173,19,0.7864197530864198,0.9710365853658537,1.2347560975609757,0.869031377899045
1,10,irregular,3,843,247,596,247,596,0,0.2930011862396204,1.0,3.4129554655870447,0.4532110091743119
1,11,regular,1,1057,1070,13,1053,4,17,0.9962157048249763,0.9841121495327103,0.9878504672897196,0.9901269393511989
1,11,semiregular,1,875,700,175,682,193,18,0.7794285714285715,0.9742857142857143,1.25,0.866031746031746
1,11,irregular,1,1288,239,1049,224,1064,15,0.17391304347826086,0.9372384937238494,5.389121338912134,0.29338572364112636
1,11,regular,2,954,1070,116,947,7,123,0.9926624737945493,0.8850467289719626,0.891588785046729,0.9357707509881423
1,11,semiregular,2,847,700,147,663,184,37,0.7827626918536009,0.9471428571428572,1.21,0.8571428571428572
1,11,irregular,2,1238,239,999,227,1011,12,0.18336025848142165,0.9497907949790795,5.179916317991632,0.3073798239675017
1,11,regular,3,926,1070,144,919,7,151,0.9924406047516199,0.8588785046728972,0.8654205607476636,0.9208416833667334
1,11,semiregular,3,741,700,41,612,129,88,0.8259109311740891,0.8742857142857143,1.0585714285714285,0.8494101318528801
1,11,irregular,3,1243,239,1004,216,1027,23,0.1737731295253419,0.9037656903765691,5.200836820083682,0.29149797570850206
1,12,regular,1,1022,1007,15,1007,15,0,0.9853228962818004,1.0,1.0148957298907646,0.9926071956628881
1,12,semiregular,1,894,641,253,625,269,16,0.6991051454138703,0.9750390015600624,1.3946957878315132,0.8143322475570033
1,12,irregular,1,1387,204,1183,200,1187,4,0.14419610670511895,0.9803921568627451,6.799019607843137,0.25141420490257693
1,12,regular,2,1182,1007,175,1007,175,0,0.8519458544839256,1.0,1.1737835153922542,0.920054819552307
1,12,semiregular,2,1054,641,413,634,420,7,0.6015180265654649,0.9890795631825273,1.6443057722308891,0.7480825958702065
1,12,irregular,2,1544,204,1340,204,1340,0,0.13212435233160622,1.0,7.568627450980392,0.2334096109839817
1,12,regular,3,896,1007,111,887,9,120,0.9899553571428571,0.8808341608738828,0.8897715988083416,0.9322122963741459
1,12,semiregular,3,747,641,106,567,180,74,0.7590361445783133,0.8845553822152886,1.1653666146645867,0.8170028818443804
1,12,irregular,3,1191,204,987,194,997,10,0.16288832913518053,0.9509803921568627,5.838235294117647,0.2781362007168459
1,13,regular,1,996,1000,4,988,8,12,0.9919678714859438,0.988,0.996,0.9899799599198397
1,13,semiregular,1,963,815,148,797,166,18,0.8276220145379024,0.9779141104294479,1.18159509202454,0.8965129358830146
1,13,irregular,1,1784,216,1568,189,1595,27,0.10594170403587444,0.875,8.25925925925926,0.189
1,13,regular,2,1099,1000,99,1000,99,0,0.9099181073703366,1.0,1.099,0.9528346831824678
1,13,semiregular,2,1022,815,207,809,213,6,0.7915851272015656,0.992638036809816,1.2539877300613498,0.8807838867719107
1,13,irregular,2,2100,216,1884,216,1884,0,0.10285714285714286,1.0,9.722222222222221,0.18652849740932645
1,13,regular,3,1001,1000,1,990,11,10,0.989010989010989,0.99,1.001,0.989505247376312
1,13,semiregular,3,848,815,33,737,111,78,0.8691037735849056,0.9042944785276074,1.0404907975460123,0.8863499699338545
1,13,irregular,3,1589,216,1373,198,1391,18,0.12460667086217747,0.9166666666666666,7.356481481481482,0.21939058171745152
1,14,regular,1,1051,1052,1,1042,9,10,0.9914367269267365,0.9904942965779467,0.9990494296577946,0.9909652876842605
1,14,semiregular,1,1197,913,284,903,294,10,0.7543859649122807,0.9890470974808324,1.3110624315443593,0.8559241706161137
1,14,irregular,1,1340,217,1123,199,1141,18,0.14850746268656717,0.9170506912442397,6.175115207373272,0.25561978163134236
1,14,regular,2,1136,1052,84,1052,84,0,0.926056338028169,1.0,1.079847908745247,0.9616087751371115
1,14,semiregular,2,1292,913,379,911,381,2,0.705108359133127,0.9978094194961665,1.4151150054764512,0.8263038548752835
1,14,irregular,2,1464,217,1247,217,1247,0,0.148224043715847,1.0,6.746543778801843,0.25817965496728135
1,14,regular,3,927,1052,125,921,6,131,0.9935275080906149,0.8754752851711026,0.8811787072243346,0.9307731177362304
1,14,semiregular,3,1051,913,138,846,205,67,0.8049476688867745,0.9266155531215772,1.1511500547645126,0.8615071283095722
1,14,irregular,3,1354,217,1137,205,1149,12,0.15140324963072377,0.9447004608294931,6.23963133640553,0.26098026734563967
1,15,regular,1,1002,964,38,964,38,0,0.9620758483033932,1.0,1.0394190871369295,0.9806714140386571
1,15,semiregular,1,986,774,212,759,227,15,0.7697768762677485,0.9806201550387597,1.2739018087855296,0.8625
1,15,irregular,1,1414,218,1196,216,1198,2,0.15275813295615276,0.9908256880733946,6.486238532110092,0.2647058823529412
1,15,regular,2,875,964,89,867,8,97,0.9908571428571429,0.8993775933609959,0.9076763485477178,0.9429037520391517
1,15,semiregular,2,914,774,140,732,182,42,0.8008752735229759,0.9457364341085271,1.1808785529715762,0.8672985781990522
1,15,irregular,2,1390,218,1172,218,1172,0,0.15683453237410072,1.0,6.376146788990826,0.27114427860696516
1,15,regular,3,813,964,151,806,7,158,0.991389913899139,0.8360995850622407,0.8433609958506224,0.907146876758582
1,15,semiregular,3,795,774,21,679,116,95,0.8540880503144654,0.8772609819121447,1.0271317829457365,0.865519439133206
1,15,irregular,3,1158,218,940,198,960,20,0.17098445595854922,0.908256880733945,5.3119266055045875,0.28779069767441856
1,16,regular,1,1086,1109,23,1078,8,31,0.992633517495396,0.9720468890892696,0.9792605951307484,0.9822323462414578
1,16,semiregular,1,787,681,106,632,155,49,0.8030495552731893,0.9280469897209985,1.155653450807636,0.8610354223433241
1,16,irregular,1,641,272,369,160,481,112,0.24960998439937598,0.5882352941176471,2.3566176470588234,0.35049288061336253
1,16,regular,2,1082,1109,27,1067,15,42,0.9861367837338263,0.9621280432822362,0.975653742110009,0.9739844819717025
1,16,semiregular,2,900,681,219,675,225,6,0.75,0.9911894273127754,1.3215859030837005,0.8538899430740039
1,16,irregular,2,1349,272,1077,272,1077,0,0.2016308376575241,1.0,4.959558823529412,0.33559531153608885
1,16,regular,3,1080,1109,29,1069,11,40,0.9898148148148148,0.9639314697926059,0.9738503155996393,0.9767016902695295
1,16,semiregular,3,796,681,115,652,144,29,0.8190954773869347,0.9574155653450808,1.1688693098384728,0.8828706838185512
1,16,irregular,3,1038,272,766,269,769,3,0.2591522157996146,0.9889705882352942,3.8161764705882355,0.4106870229007633
1,17,regular,1,1038,1029,9,1025,13,4,0.98747591522158,0.9961127308066083,1.0087463556851313,0.9917755200774068
1,17,semiregular,1,911,837,74,758,153,79,0.8320526893523601,0.9056152927120669,1.088410991636798,0.8672768878718535
1,17,irregular,1,475,240,235,109,366,131,0.2294736842105263,0.45416666666666666,1.9791666666666667,0.30489510489510485
1,17,regular,2,1048,1029,19,1024,24,5,0.9770992366412213,0.9951409135082604,1.0184645286686103,0.9860375541646605
1,17,semiregular,2,1076,837,239,825,251,12,0.766728624535316,0.985663082437276,1.2855436081242533,0.8625196027182437
1,17,irregular,2,1712,240,1472,240,1472,0,0.14018691588785046,1.0,7.133333333333334,0.2459016393442623
1,17,regular,3,1004,1029,25,997,7,32,0.9930278884462151,0.9689018464528668,0.9757045675413022,0.9808165272995573
1,17,semiregular,3,883,837,46,761,122,76,0.8618346545866364,0.9091995221027479,1.054958183990442,0.8848837209302326
1,17,irregular,3,1355,240,1115,233,1122,7,0.17195571955719557,0.9708333333333333,5.645833333333333,0.2921630094043887
1,18,regular,1,1025,1044,19,1019,6,25,0.9941463414634146,0.9760536398467433,0.9818007662835249,0.9850169163847269
1,18,semiregular,1,930,801,129,767,163,34,0.8247311827956989,0.9575530586766542,1.1610486891385767,0.8861929520508377
1,18,irregular,1,740,252,488,179,561,73,0.2418918918918919,0.7103174603174603,2.9365079365079363,0.36088709677419356
1,18,regular,2,1038,1044,6,1027,11,17,0.9894026974951831,0.9837164750957854,0.9942528735632183,0.9865513928914506
1,18,semiregular,2,1024,801,223,790,234,11,0.771484375,0.9862671660424469,1.2784019975031211,0.8657534246575342
1,18,irregular,2,1433,252,1181,251,1182,1,0.17515701325889743,0.996031746031746,5.686507936507937,0.29792284866468843
1,18,regular,3,960,1044,84,953,7,91,0.9927083333333333,0.9128352490421456,0.9195402298850575,0.9510978043912176
1,18,semiregular,3,874,801,73,753,121,48,0.8615560640732265,0.9400749063670412,1.0911360799001248,0.8991044776119402
1,18,irregular,3,1070,252,818,244,826,8,0.22803738317757008,0.9682539682539683,4.246031746031746,0.3691376701966717
1,19,regular,1,1076,1076,0,1063,13,13,0.9879182156133829,0.9879182156133829,1.0,0.9879182156133829
1,19,semiregular,1,905,753,152,729,176,24,0.8055248618784531,0.9681274900398407,1.201859229747676,0.879372738238842
1,19,irregular,1,1075,245,830,228,847,17,0.21209302325581394,0.9306122448979591,4.387755102040816,0.3454545454545454
1,19,regular,2,1138,1076,62,1074,64,2,0.9437609841827768,0.9981412639405205,1.0576208178438662,0.9701897018970189
1,19,semiregular,2,1017,753,264,746,271,7,0.7335299901671584,0.9907038512616202,1.350597609561753,0.8429378531073446
1,19,irregular,2,1328,245,1083,245,1083,0,0.1844879518072289,1.0,5.420408163265306,0.31150667514303876
1,19,regular,3,1004,1076,72,996,8,80,0.9920318725099602,0.9256505576208178,0.9330855018587361,0.9576923076923077
1,19,semiregular,3,824,753,71,704,120,49,0.8543689320388349,0.9349269588313412,1.094289508632138,0.8928344958782497
1,19,irregular,3,969,245,724,233,736,12,0.24045407636738905,0.9510204081632653,3.9551020408163264,0.38385502471169686
1,20,regular,1,1226,1251,25,1214,12,37,0.9902120717781403,0.9704236610711431,0.9800159872102319,0.9802180056519985
1,20,semiregular,1,1009,841,168,802,207,39,0.7948463825569871,0.9536266349583828,1.1997621878715814,0.867027027027027
1,20,irregular,1,897,252,645,184,713,68,0.20512820512820512,0.7301587301587301,3.5595238095238093,0.32027850304612704
1,20,regular,2,1199,1251,52,1183,16,68,0.9866555462885738,0.9456434852118305,0.9584332533972821,0.9657142857142857
1,20,semiregular,2,1223,841,382,840,383,1,0.6868356500408831,0.9988109393579072,1.4542211652794292,0.8139534883720929
1,20,irregular,2,1543,252,1291,251,1292,1,0.16267012313674659,0.996031746031746,6.123015873015873,0.2796657381615599
1,20,regular,3,1030,1251,221,1020,10,231,0.9902912621359223,0.815347721822542,0.8233413269384492,0.8943445857080228
1,20,semiregular,3,911,841,70,736,175,105,0.8079034028540066,0.8751486325802615,1.0832342449464922,0.8401826484018264
1,20,irregular,3,1115,252,863,220,895,32,0.19730941704035873,0.873015873015873,4.424603174603175,0.3218727139722019
1,21,regular,1,946,920,26,918,28,2,0.9704016913319239,0.9978260869565218,1.0282608695652173,0.9839228295819936
1,21,semiregular,1,917,549,368,532,385,17,0.5801526717557252,0.9690346083788707,1.6703096539162112,0.7257844474761255
1,21,irregular,1,1174,204,970,201,973,3,0.17120954003407154,0.9852941176470589,5.754901960784314,0.29172714078374457
1,21,regular,2,989,920,69,920,69,0,0.9302325581395349,1.0,1.075,0.963855421686747
1,21,semiregular,2,1007,549,458,546,461,3,0.5422045680238332,0.994535519125683,1.8342440801457194,0.7017994858611825
1,21,irregular,2,1315,204,1111,203,1112,1,0.1543726235741445,0.9950980392156863,6.446078431372549,0.2672811059907834
1,21,regular,3,839,920,81,831,8,89,0.9904648390941597,0.9032608695652173,0.9119565217391304,0.9448550312677657
1,21,semiregular,3,716,549,167,473,243,76,0.6606145251396648,0.8615664845173042,1.3041894353369763,0.7478260869565216
1,21,irregular,3,1151,204,947,180,971,24,0.15638575152041703,0.8823529411764706,5.642156862745098,0.2656826568265683
1,22,regular,1,984,946,38,944,40,2,0.959349593495935,0.9978858350951374,1.040169133192389,0.978238341968912
1,22,semiregular,1,873,703,170,660,213,43,0.7560137457044673,0.9388335704125178,1.2418207681365576,0.8375634517766497
1,22,irregular,1,1261,247,1014,241,1020,6,0.19111816019032513,0.9757085020242915,5.105263157894737,0.31962864721485407
1,22,regular,2,1076,946,130,946,130,0,0.879182156133829,1.0,1.1374207188160677,0.9357072205736894
1,22,semiregular,2,1160,703,457,698,462,5,0.6017241379310345,0.9928876244665719,1.6500711237553343,0.7493290391841118
1,22,irregular,2,1614,247,1367,247,1367,0,0.15303593556381662,1.0,6.534412955465587,0.26544868350349277
1,22,regular,3,833,946,113,813,20,133,0.9759903961584634,0.8594080338266384,0.8805496828752643,0.9139966273187184
1,22,semiregular,3,783,703,80,602,181,101,0.768837803320562,0.8563300142247511,1.1137980085348507,0.810228802153432
1,22,irregular,3,1311,247,1064,240,1071,7,0.18306636155606407,0.97165991902834,5.3076923076923075,0.3080872913992298
1,23,regular,1,1025,999,26,996,29,3,0.9717073170731707,0.996996996996997,1.026026026026026,0.9841897233201581
1,23,semiregular,1,1057,835,222,800,257,35,0.7568590350047304,0.9580838323353293,1.2658682634730538,0.8456659619450317
1,23,irregular,1,1052,266,786,137,915,129,0.13022813688212928,0.5150375939849624,3.954887218045113,0.2078907435508346
1,23,regular,2,1039,999,40,954,85,45,0.9181905678537055,0.954954954954955,1.04004004004004,0.9362119725220805
1,23,semiregular,2,1411,835,576,833,578,2,0.5903614457831325,0.9976047904191617,1.6898203592814371,0.7417631344612644
1,23,irregular,2,3160,266,2894,266,2894,0,0.08417721518987342,1.0,11.8796992481203,0.15528312901342675
1,23,regular,3,985,999,14,942,43,57,0.9563451776649746,0.9429429429429429,0.985985985985986,0.9495967741935484
1,23,semiregular,3,950,835,115,755,195,80,0.7947368421052632,0.9041916167664671,1.1377245508982037,0.84593837535014
1,23,irregular,3,2202,266,1936,256,1946,10,0.11625794732061762,0.9624060150375939,8.278195488721805,0.2074554294975689
1,24,regular,1,1091,1079,12,1071,20,8,0.9816681943171403,0.9925857275254866,1.0111214087117701,0.9870967741935485
1,24,semiregular,1,782,680,102,659,123,21,0.8427109974424553,0.9691176470588235,1.15,0.9015047879616963
1,24,irregular,1,1619,247,1372,219,1400,28,0.1352686843730698,0.8866396761133604,6.554655870445344,0.23472668810289393
1,24,regular,2,1072,1079,7,1053,19,26,0.9822761194029851,0.9759036144578314,0.9935125115848007,0.9790794979079498
1,24,semiregular,2,820,680,140,672,148,8,0.8195121951219512,0.9882352941176471,1.2058823529411764,0.896
1,24,irregular,2,2087,247,1840,247,1840,0,0.11835170100622903,1.0,8.449392712550607,0.21165381319622967
1,24,regular,3,935,1079,144,925,10,154,0.9893048128342246,0.8572752548656163,0.8665430954587581,0.9185700099304867
1,24,semiregular,3,641,680,39,563,78,117,0.8783151326053042,0.8279411764705882,0.9426470588235294,0.8523845571536715
1,24,irregular,3,1570,247,1323,220,1350,27,0.14012738853503184,0.8906882591093117,6.3562753036437245,0.24215740231150248
1,25,regular,1,956,946,10,944,12,2,0.9874476987447699,0.9978858350951374,1.0105708245243128,0.9926393270241851
1,25,semiregular,1,927,718,209,701,226,17,0.756202804746494,0.9763231197771588,1.2910863509749304,0.8522796352583587
1,25,irregular,1,2008,207,1801,205,1803,2,0.10209163346613546,0.9903381642512077,9.70048309178744,0.18510158013544017
1,25,regular,2,959,946,13,946,13,0,0.986444212721585,1.0,1.0137420718816068,0.9931758530183727
1,25,semiregular,2,1030,718,312,714,316,4,0.6932038834951456,0.9944289693593314,1.434540389972145,0.816933638443936
1,25,irregular,2,2038,207,1831,207,1831,0,0.10157016683022571,1.0,9.845410628019323,0.18440979955456568
1,25,regular,3,958,946,12,945,13,1,0.9864300626304802,0.9989429175475687,1.0126849894291754,0.9926470588235294
1,25,semiregular,3,908,718,190,697,211,21,0.7676211453744494,0.9707520891364902,1.2646239554317549,0.8573185731857318
1,25,irregular,3,1886,207,1679,198,1688,9,0.10498409331919406,0.9565217391304348,9.11111111111111,0.18920210224558048
1,26,regular,1,1007,985,22,981,26,4,0.974180734856008,0.9959390862944163,1.0223350253807106,0.9849397590361446
1,26,semiregular,1,949,720,229,698,251,22,0.7355110642781876,0.9694444444444444,1.3180555555555555,0.8364289994008388
1,26,irregular,1,1497,214,1283,214,1283,0,0.14295257181028725,1.0,6.9953271028037385,0.25014611338398596
1,26,regular,2,1259,985,274,985,274,0,0.7823669579030977,1.0,1.2781725888324873,0.8778966131907308
1,26,semiregular,2,806,720,86,652,154,68,0.8089330024813896,0.9055555555555556,1.1194444444444445,0.8545216251638269
1,26,irregular,2,1250,214,1036,212,1038,2,0.1696,0.9906542056074766,5.841121495327103,0.2896174863387978
1,26,regular,3,961,985,24,947,14,38,0.9854318418314256,0.9614213197969543,0.9756345177664975,0.97327852004111
1,26,semiregular,3,801,720,81,637,164,83,0.7952559300873908,0.8847222222222222,1.1125,0.8376068376068375
1,26,irregular,3,1241,214,1027,211,1030,3,0.17002417405318293,0.985981308411215,5.799065420560748,0.2900343642611684
1,27,regular,1,1130,1166,36,1119,11,47,0.9902654867256637,0.9596912521440824,0.9691252144082333,0.9747386759581881
1,27,semiregular,1,921,728,193,691,230,37,0.750271444082519,0.9491758241758241,1.26510989010989,0.8380836870830806
1,27,irregular,1,1972,270,1702,259,1713,11,0.13133874239350912,0.9592592592592593,7.303703703703704,0.2310437109723461
1,27,regular,2,1262,1166,96,1166,96,0,0.9239302694136292,1.0,1.0823327615780447,0.9604612850082374
1,27,semiregular,2,1050,728,322,719,331,9,0.6847619047619048,0.9876373626373627,1.4423076923076923,0.8087739032620923
1,27,irregular,2,2334,270,2064,270,2064,0,0.11568123393316196,1.0,8.644444444444444,0.20737327188940094
1,27,regular,3,1068,1166,98,1059,9,107,0.9915730337078652,0.9082332761578045,0.9159519725557461,0.9480752014324083
1,27,semiregular,3,798,728,70,660,138,68,0.8270676691729323,0.9065934065934066,1.0961538461538463,0.8650065530799476
1,27,irregular,3,1773,270,1503,257,1516,13,0.1449520586576424,0.9518518518518518,6.566666666666666,0.25159079784630445
1,28,regular,1,1108,1098,10,1090,18,8,0.983754512635379,0.9927140255009107,1.0091074681238617,0.9882139619220307
1,28,semiregular,1,1023,859,164,838,185,21,0.8191593352883676,0.9755529685681025,1.1909196740395809,0.8905419766206164
1,28,irregular,1,1977,293,1684,260,1717,33,0.13151239251390998,0.8873720136518771,6.747440273037543,0.22907488986784144
1,28,regular,2,1120,1098,22,1096,24,2,0.9785714285714285,0.9981785063752276,1.0200364298724955,0.9882777276825969
1,28,semiregular,2,1126,859,267,858,268,1,0.7619893428063943,0.9988358556461001,1.3108265424912688,0.8644836272040302
1,28,irregular,2,2440,293,2147,293,2147,0,0.12008196721311476,1.0,8.327645051194539,0.21441639224295644
1,28,regular,3,1051,1098,47,1032,19,66,0.9819219790675547,0.9398907103825137,0.9571948998178507,0.9604467194043742
1,28,semiregular,3,1012,859,153,828,184,31,0.8181818181818182,0.9639115250291036,1.1781140861466821,0.8850881881346874
1,28,irregular,3,2182,293,1889,287,1895,6,0.13153070577451878,0.9795221843003413,7.447098976109215,0.2319191919191919
1,29,regular,1,1099,1140,41,1092,7,48,0.9936305732484076,0.9578947368421052,0.9640350877192982,0.9754354622599374
1,29,semiregular,1,1234,869,365,865,369,4,0.7009724473257699,0.9953970080552359,1.4200230149597237,0.8226343319067998
1,29,irregular,1,1404,247,1157,231,1173,16,0.16452991452991453,0.9352226720647774,5.684210526315789,0.2798304058146578
1,29,regular,2,1178,1140,38,1140,38,0,0.967741935483871,1.0,1.0333333333333334,0.9836065573770492
1,29,semiregular,2,1327,869,458,864,463,5,0.6510926902788244,0.9942462600690449,1.527042577675489,0.7868852459016393
1,29,irregular,2,1778,247,1531,247,1531,0,0.1389201349831271,1.0,7.198380566801619,0.24395061728395062
1,29,regular,3,922,1140,218,914,8,226,0.9913232104121475,0.8017543859649123,0.8087719298245614,0.8865179437439379
1,29,semiregular,3,968,869,99,747,221,122,0.7716942148760331,0.859608745684695,1.1139240506329113,0.8132825258573761
1,29,irregular,3,1538,247,1291,218,1320,29,0.14174252275682706,0.8825910931174089,6.22672064777328,0.2442577030812325
1,30,regular,1,978,997,19,974,4,23,0.9959100204498977,0.9769307923771314,0.9809428284854563,0.9863291139240506
1,30,semiregular,1,948,810,138,786,162,24,0.8291139240506329,0.9703703703703703,1.1703703703703703,0.89419795221843
1,30,irregular,1,2119,250,1869,233,1886,17,0.10995752713544124,0.932,8.476,0.19670747150696496
1,30,regular,2,1113,997,116,997,116,0,0.8957771787960467,1.0,1.1163490471414244,0.9450236966824644
1,30,semiregular,2,1134,810,324,807,327,3,0.7116402116402116,0.9962962962962963,1.4,0.8302469135802468
1,30,irregular,2,2578,250,2328,250,2328,0,0.0969743987587277,1.0,10.312,0.1768033946251768
1,30,regular,3,914,997,83,908,6,89,0.9934354485776805,0.9107321965897693,0.9167502507522568,0.9502878074306647
1,30,semiregular,3,805,810,5,710,95,100,0.8819875776397516,0.8765432098765432,0.9938271604938271,0.8792569659442725
1,30,irregular,3,2725,250,2475,233,2492,17,0.0855045871559633,0.932,10.9,0.15663865546218486
2,1,regular,1,950,937,13,935,15,2,0.9842105263157894,0.9978655282817502,1.0138740661686232,0.990990990990991
2,1,semiregular,1,973,703,270,683,290,20,0.7019527235354573,0.9715504978662873,1.3840682788051208,0.815035799522673
2,1,irregular,1,248,199,49,127,121,72,0.5120967741935484,0.6381909547738693,1.2462311557788945,0.5682326621923938
2,1,regular,2,947,937,10,879,68,58,0.928194297782471,0.9381003201707577,1.0106723585912487,0.9331210191082803
2,1,semiregular,2,1095,703,392,685,410,18,0.6255707762557078,0.9743954480796586,1.5576102418207682,0.7619577308120133
2,1,irregular,2,1057,199,858,199,858,0,0.18826868495742669,1.0,5.311557788944723,0.3168789808917198
2,1,regular,3,648,937,289,603,45,334,0.9305555555555556,0.6435432230522946,0.6915688367129136,0.7608832807570979
2,1,semiregular,3,799,703,96,617,182,86,0.772215269086358,0.8776671408250356,1.1365576102418207,0.8215712383488681
2,1,irregular,3,731,199,532,157,574,42,0.21477428180574556,0.7889447236180904,3.6733668341708543,0.33763440860215055
2,2,regular,1,1147,1224,77,1142,5,82,0.995640802092415,0.9330065359477124,0.9370915032679739,0.9633066216786167
2,2,semiregular,1,733,647,86,619,114,28,0.844474761255116,0.9567233384853169,1.1329211746522412,0.8971014492753623
2,2,irregular,1,709,217,492,147,562,70,0.2073342736248237,0.6774193548387096,3.2672811059907834,0.3174946004319654
2,2,regular,2,1250,1224,26,1218,32,6,0.9744,0.9950980392156863,1.0212418300653594,0.98464025869038
2,2,semiregular,2,896,647,249,647,249,0,0.7220982142857143,1.0,1.3848531684698608,0.8386260531432275
2,2,irregular,2,1413,217,1196,217,1196,0,0.15357395612172683,1.0,6.511520737327189,0.26625766871165646
2,2,regular,3,994,1224,230,988,6,236,0.993963782696177,0.8071895424836601,0.8120915032679739,0.8908926961226331
2,2,semiregular,3,352,647,295,322,30,325,0.9147727272727273,0.49768160741885625,0.5440494590417311,0.6446446446446447
2,2,irregular,3,848,217,631,145,703,72,0.17099056603773585,0.6682027649769585,3.9078341013824884,0.27230046948356806
2,3,regular,1,1004,1053,49,999,5,54,0.9950199203187251,0.9487179487179487,0.9534662867996201,0.971317452600875
2,3,semiregular,1,872,716,156,687,185,29,0.7878440366972477,0.9594972067039106,1.217877094972067,0.8652392947103273
2,3,irregular,1,636,224,412,155,481,69,0.24371069182389937,0.6919642857142857,2.8392857142857144,0.3604651162790698
2,3,regular,2,1005,1053,48,996,9,57,0.991044776119403,0.9458689458689459,0.9544159544159544,0.967930029154519
2,3,semiregular,2,916,716,200,691,225,25,0.7543668122270742,0.9650837988826816,1.2793296089385475,0.8468137254901961
2,3,irregular,2,251,224,27,164,87,60,0.6533864541832669,0.7321428571428571,1.1205357142857142,0.6905263157894737
2,3,regular,3,952,1053,101,945,7,108,0.9926470588235294,0.8974358974358975,0.9040835707502374,0.9426433915211971
2,3,semiregular,3,652,716,64,561,91,155,0.8604294478527608,0.7835195530726257,0.9106145251396648,0.8201754385964911
2,3,irregular,3,851,224,627,179,672,45,0.21034077555816685,0.7991071428571429,3.799107142857143,0.3330232558139534
2,4,regular,1,1122,1101,21,1089,33,12,0.9705882352941176,0.989100817438692,1.0190735694822888,0.979757085020243
2,4,semiregular,1,750,614,136,538,212,76,0.7173333333333334,0.8762214983713354,1.221498371335505,0.7888563049853372
2,4,irregular,1,305,228,77,140,165,88,0.45901639344262296,0.6140350877192983,1.337719298245614,0.525328330206379
2,4,regular,2,1192,1101,91,1101,91,0,0.9236577181208053,1.0,1.0826521344232516,0.9603139991277801
2,4,semiregular,2,975,614,361,614,361,0,0.6297435897435898,1.0,1.5879478827361564,0.7728130899937067
2,4,irregular,2,1432,228,1204,228,1204,0,0.15921787709497207,1.0,6.280701754385965,0.2746987951807229
2,4,regular,3,641,1101,460,631,10,470,0.984399375975039,0.5731153496821072,0.5821980018165305,0.7244546498277841
2,4,semiregular,3,354,614,260,272,82,342,0.768361581920904,0.44299674267100975,0.5765472312703583,0.5619834710743802
2,4,irregular,3,778,228,550,103,675,125,0.13239074550128535,0.4517543859649123,3.412280701754386,0.2047713717693837
2,5,regular,1,1034,1044,10,1030,4,14,0.9961315280464217,0.9865900383141762,0.9904214559386973,0.9913378248315687
2,5,semiregular,1,1018,668,350,661,357,7,0.6493123772102161,0.9895209580838323,1.5239520958083832,0.7841043890865953
2,5,irregular,1,765,217,548,167,598,50,0.21830065359477124,0.7695852534562212,3.525345622119816,0.340122199592668
2,5,regular,2,1055,1044,11,1042,13,2,0.9876777251184834,0.9980842911877394,1.010536398467433,0.9928537398761315
2,5,semiregular,2,1070,668,402,663,407,5,0.6196261682242991,0.9925149700598802,1.6017964071856288,0.762945914844649
2,5,irregular,2,515,217,298,174,341,43,0.3378640776699029,0.8018433179723502,2.3732718894009217,0.4754098360655737
2,5,regular,3,991,1044,53,971,20,73,0.9798183652875883,0.9300766283524904,0.9492337164750958,0.9542997542997543
2,5,semiregular,3,581,668,87,475,106,193,0.8175559380378657,0.7110778443113772,0.8697604790419161,0.7606084867894315
2,5,irregular,3,1138,217,921,183,955,34,0.1608084358523726,0.8433179723502304,5.244239631336406,0.270110701107011
2,6,regular,1,934,915,19,907,27,8,0.9710920770877944,0.9912568306010929,1.0207650273224043,0.9810708491076258
2,6,semiregular,1,703,701,2,567,136,134,0.8065433854907539,0.8088445078459344,1.0028530670470757,0.8076923076923077
2,6,irregular,1,542,195,347,88,454,107,0.16236162361623616,0.4512820512820513,2.7794871794871794,0.23880597014925375
2,6,regular,2,985,915,70,915,70,0,0.9289340101522843,1.0,1.0765027322404372,0.9631578947368421
2,6,semiregular,2,926,701,225,684,242,17,0.7386609071274298,0.9757489300998573,1.3209700427960056,0.8408113091579594
2,6,irregular,2,328,195,133,141,187,54,0.4298780487804878,0.7230769230769231,1.682051282051282,0.5391969407265775
2,6,regular,3,882,915,33,845,37,70,0.9580498866213152,0.9234972677595629,0.9639344262295082,0.9404563160823595
2,6,semiregular,3,563,701,138,488,75,213,0.866785079928952,0.6961483594864479,0.8031383737517832,0.7721518987341772
2,6,irregular,3,553,195,358,123,430,72,0.2224231464737794,0.6307692307692307,2.835897435897436,0.3288770053475936
2,7,regular,1,2,1230,1228,0,2,1230,-1,-1,0.0016260162601626016,-1
2,7,semiregular,1,12,761,749,11,1,750,0.9166666666666666,0.01445466491458607,0.01576872536136662,0.028460543337645538
2,7,irregular,1,90,225,135,24,66,201,0.26666666666666666,0.10666666666666667,0.4,0.1523809523809524
2,7,regular,2,1267,1230,37,1227,40,3,0.9684293606945541,0.9975609756097561,1.030081300813008,0.9827793352022427
2,7,semiregular,2,1060,761,299,699,361,62,0.659433962264151,0.9185282522996058,1.392904073587385,0.7677100494233937
2,7,irregular,2,1798,225,1573,225,1573,0,0.12513904338153503,1.0,7.9911111111111115,0.222441917943648
2,7,regular,3,1056,1230,174,1044,12,186,0.9886363636363636,0.848780487804878,0.8585365853658536,0.9133858267716535
2,7,semiregular,3,613,761,148,511,102,250,0.833605220228385,0.671484888304862,0.8055190538764783,0.7438136826783116
2,7,irregular,3,1109,225,884,150,959,75,0.13525698827772767,0.6666666666666666,4.928888888888889,0.22488755622188905
2,8,regular,1,975,1035,60,968,7,67,0.9928205128205129,0.9352657004830918,0.9420289855072463,0.96318407960199
2,8,semiregular,1,881,827,54,724,157,103,0.8217934165720772,0.875453446191052,1.0652962515114872,0.847775175644028
2,8,irregular,1,568,243,325,116,452,127,0.20422535211267606,0.4773662551440329,2.337448559670782,0.28606658446362515
2,8,regular,2,948,1035,87,941,7,94,0.9926160337552743,0.9091787439613527,0.9159420289855073,0.9490670700958145
2,8,semiregular,2,878,827,51,698,180,129,0.7949886104783599,0.8440145102781137,1.0616686819830714,0.8187683284457479
2,8,irregular,2,883,243,640,166,717,77,0.18799546998867497,0.6831275720164609,3.633744855967078,0.29484902309058614
2,8,regular,3,950,1035,85,942,8,93,0.991578947368421,0.9101449275362319,0.9178743961352657,0.9491183879093199
2,8,semiregular,3,618,827,209,553,65,274,0.8948220064724919,0.6686819830713422,0.747279322853688,0.7653979238754325
2,8,irregular,3,1086,243,843,188,898,55,0.1731123388581952,0.7736625514403292,4.469135802469136,0.28291948833709557
2,9,regular,1,1044,1107,63,1034,10,73,0.9904214559386973,0.934056007226739,0.943089430894309,0.9614132961413298
2,9,semiregular,1,665,701,36,591,74,110,0.8887218045112782,0.8430813124108416,0.948644793152639,0.8653001464128844
2,9,irregular,1,445,266,179,158,287,108,0.3550561797752809,0.5939849624060151,1.6729323308270676,0.4444444444444445
2,9,regular,2,1072,1107,35,1060,12,47,0.9888059701492538,0.957542908762421,0.9683830171635049,0.9729233593391464
2,9,semiregular,2,809,701,108,669,140,32,0.826946847960445,0.9543509272467903,1.1540656205420827,0.8860927152317882
2,9,irregular,2,1784,266,1518,265,1519,1,0.148542600896861,0.9962406015037594,6.706766917293233,0.25853658536585367
2,9,regular,3,1014,1107,93,1005,9,102,0.9911242603550295,0.907859078590786,0.9159891598915989,0.9476661951909476
2,9,semiregular,3,591,701,110,545,46,156,0.922165820642978,0.7774607703281027,0.8430813124108416,0.8436532507739937
2,9,irregular,3,1094,266,828,188,906,78,0.17184643510054845,0.706766917293233,4.112781954887218,0.27647058823529413
2,10,regular,1,1044,1014,30,999,45,15,0.9568965517241379,0.985207100591716,1.029585798816568,0.9708454810495627
2,10,semiregular,1,793,656,137,617,176,39,0.7780580075662042,0.9405487804878049,1.208841463414634,0.8516218081435474
2,10,irregular,1,704,247,457,210,494,37,0.29829545454545453,0.8502024291497976,2.8502024291497974,0.4416403785488959
2,10,regular,2,1146,1014,132,1013,133,1,0.8839441535776614,0.9990138067061144,1.1301775147928994,0.937962962962963
2,10,semiregular,2,972,656,316,651,321,5,0.6697530864197531,0.9923780487804879,1.4817073170731707,0.7997542997542998
2,10,irregular,2,1547,247,1300,247,1300,0,0.15966386554621848,1.0,6.2631578947368425,0.2753623188405797
2,10,regular,3,746,1014,268,731,15,283,0.9798927613941019,0.7209072978303748,0.7357001972386588,0.8306818181818182
2,10,semiregular,3,604,656,52,489,115,167,0.8096026490066225,0.7454268292682927,0.9207317073170732,0.7761904761904763
2,10,irregular,3,930,247,683,229,701,18,0.24623655913978496,0.9271255060728745,3.7651821862348176,0.38912489379779097
2,11,regular,1,1046,1070,24,1044,2,26,0.9980879541108987,0.9757009345794393,0.9775700934579439,0.9867674858223062
2,11,semiregular,1,813,700,113,647,166,53,0.7958179581795818,0.9242857142857143,1.1614285714285715,0.8552544613350959
2,11,irregular,1,775,239,536,157,618,82,0.20258064516129032,0.6569037656903766,3.2426778242677825,0.3096646942800789
2,11,regular,2,626,1070,444,621,5,449,0.9920127795527156,0.5803738317757009,0.5850467289719626,0.7323113207547168
2,11,semiregular,2,583,700,117,457,126,243,0.7838765008576329,0.6528571428571428,0.8328571428571429,0.7123928293063134
2,11,irregular,2,533,239,294,114,419,125,0.21388367729831145,0.4769874476987448,2.2301255230125525,0.29533678756476683
2,11,regular,3,950,1070,120,943,7,127,0.9926315789473684,0.8813084112149533,0.8878504672897196,0.9336633663366337
2,11,semiregular,3,577,700,123,479,98,221,0.830155979202773,0.6842857142857143,0.8242857142857143,0.750195771339076
2,11,irregular,3,766,239,527,167,599,72,0.21801566579634465,0.698744769874477,3.205020920502092,0.33233830845771145
2,12,regular,1,1058,1007,51,1007,51,0,0.9517958412098299,1.0,1.0506454816285997,0.9753026634382566
2,12,semiregular,1,858,641,217,610,248,31,0.710955710955711,0.9516380655226209,1.3385335413416537,0.8138759172781855
2,12,irregular,1,809,204,605,168,641,36,0.207663782447466,0.8235294117647058,3.965686274509804,0.33168805528134254
2,12,regular,2,1105,1007,98,1007,98,0,0.9113122171945701,1.0,1.0973187686196624,0.9535984848484849
2,12,semiregular,2,994,641,353,631,363,10,0.6348088531187123,0.984399375975039,1.5507020280811232,0.7718654434250765
2,12,irregular,2,1449,204,1245,204,1245,0,0.14078674948240166,1.0,7.102941176470588,0.2468239564428312
2,12,regular,3,801,1007,206,796,5,211,0.9937578027465668,0.7904667328699106,0.7954319761668321,0.8805309734513275
2,12,semiregular,3,492,641,149,401,91,240,0.8150406504065041,0.625585023400936,0.7675507020280812,0.707855251544572
2,12,irregular,3,843,204,639,139,704,65,0.16488730723606168,0.6813725490196079,4.132352941176471,0.26552053486150906
2,13,regular,1,999,1000,1,992,7,8,0.992992992992993,0.992,0.999,0.9924962481240621
2,13,semiregular,1,846,815,31,736,110,79,0.8699763593380615,0.9030674846625767,1.038036809815951,0.8862131246237206
2,13,irregular,1,798,216,582,103,695,113,0.12907268170426064,0.47685185185185186,3.6944444444444446,0.2031558185404339
2,13,regular,2,1078,1000,78,1000,78,0,0.9276437847866419,1.0,1.078,0.9624639076034649
2,13,semiregular,2,1060,815,245,811,249,4,0.7650943396226415,0.9950920245398773,1.3006134969325154,0.8650666666666668
2,13,irregular,2,2148,216,1932,216,1932,0,0.1005586592178771,1.0,9.944444444444445,0.18274111675126906
2,13,regular,3,733,1000,267,724,9,276,0.9877216916780355,0.724,0.733,0.8355452971725331
2,13,semiregular,3,514,815,301,462,52,353,0.8988326848249028,0.5668711656441717,0.6306748466257669,0.6952595936794581
2,13,irregular,3,951,216,735,128,823,88,0.13459516298633017,0.5925925925925926,4.402777777777778,0.21936589545844043
2,14,regular,1,1012,1052,40,1009,3,43,0.9970355731225297,0.9591254752851711,0.9619771863117871,0.9777131782945736
2,14,semiregular,1,1122,913,209,861,261,52,0.767379679144385,0.9430449069003286,1.2289156626506024,0.8461916461916462
2,14,irregular,1,597,217,380,133,464,84,0.22278056951423786,0.6129032258064516,2.751152073732719,0.3267813267813268
2,14,regular,2,1061,1052,9,1050,11,2,0.9896324222431668,0.9980988593155894,1.008555133079848,0.9938476100331283
2,14,semiregular,2,1277,913,364,912,365,1,0.7141738449490994,0.9989047097480832,1.3986856516977,0.832876712328767
2,14,irregular,2,1349,217,1132,205,1144,12,0.15196441808747221,0.9447004608294931,6.216589861751152,0.26181353767560667
2,14,regular,3,921,1052,131,915,6,137,0.993485342019544,0.8697718631178707,0.8754752851711026,0.927521540800811
2,14,semiregular,3,713,913,200,655,58,258,0.9186535764375876,0.7174151150054765,0.7809419496166484,0.8056580565805659
2,14,irregular,3,168,217,49,101,67,116,0.6011904761904762,0.46543778801843316,0.7741935483870968,0.5246753246753246
2,15,regular,1,959,964,5,951,8,13,0.9916579770594369,0.9865145228215768,0.9948132780082988,0.9890795631825273
2,15,semiregular,1,913,774,139,752,161,22,0.823658269441402,0.9715762273901809,1.1795865633074936,0.8915234143449912
2,15,irregular,1,560,218,342,145,415,73,0.25892857142857145,0.6651376146788991,2.5688073394495414,0.37275064267352187
2,15,regular,2,893,964,71,884,9,80,0.9899216125419933,0.91701244813278,0.9263485477178424,0.9520732364028002
2,15,semiregular,2,898,774,124,689,209,85,0.767260579064588,0.8901808785529716,1.1602067183462532,0.8241626794258373
2,15,irregular,2,1401,218,1183,207,1194,11,0.14775160599571735,0.9495412844036697,6.426605504587156,0.2557134033353922
2,15,regular,3,776,964,188,769,7,195,0.990979381443299,0.7977178423236515,0.8049792531120332,0.8839080459770116
2,15,semiregular,3,580,774,194,525,55,249,0.9051724137931034,0.6782945736434108,0.7493540051679587,0.7754800590841949
2,15,irregular,3,624,218,406,150,474,68,0.2403846153846154,0.6880733944954128,2.8623853211009176,0.3562945368171021
2,16,regular,1,1082,1109,27,1079,3,30,0.9972273567467652,0.9729486023444545,0.975653742110009,0.9849383842994067
2,16,semiregular,1,716,681,35,590,126,91,0.8240223463687151,0.8663729809104258,1.0513950073421439,0.8446671438797423
2,16,irregular,1,256,272,16,119,137,153,0.46484375,0.4375,0.9411764705882353,0.45075757575757575
2,16,regular,2,1152,1109,43,1109,43,0,0.9626736111111112,1.0,1.0387736699729486,0.9809818664307829
2,16,semiregular,2,889,681,208,654,235,27,0.735658042744657,0.960352422907489,1.3054331864904551,0.8331210191082803
2,16,irregular,2,1257,272,985,271,986,1,0.21559268098647574,0.9963235294117647,4.6213235294117645,0.354480052321779
2,16,regular,3,906,1109,203,900,6,209,0.9933774834437086,0.8115419296663661,0.8169522091974752,0.8933002481389578
2,16,semiregular,3,565,681,116,482,83,199,0.8530973451327434,0.7077826725403817,0.8296622613803231,0.7736757624398073
2,16,irregular,3,744,272,472,198,546,74,0.2661290322580645,0.7279411764705882,2.735294117647059,0.38976377952755903
2,17,regular,1,1041,1029,12,1029,12,0,0.9884726224783862,1.0,1.0116618075801749,0.9942028985507246
2,17,semiregular,1,945,837,108,773,172,64,0.817989417989418,0.9235364396654719,1.1290322580645162,0.867564534231201
2,17,irregular,1,211,240,29,94,117,146,0.44549763033175355,0.39166666666666666,0.8791666666666667,0.4168514412416851
2,17,regular,2,1065,1029,36,1028,37,1,0.9652582159624413,0.9990281827016521,1.0349854227405249,0.9818529130850049
2,17,semiregular,2,1045,837,208,811,234,26,0.7760765550239235,0.9689366786140979,1.2485065710872163,0.8618490967056323
2,17,irregular,2,974,240,734,236,738,4,0.24229979466119098,0.9833333333333333,4.058333333333334,0.38879736408566723
2,17,regular,3,1029,1029,0,997,32,32,0.9689018464528668,0.9689018464528668,1.0,0.9689018464528668
2,17,semiregular,3,778,837,59,702,76,135,0.9023136246786633,0.8387096774193549,0.929510155316607,0.8693498452012384
2,17,irregular,3,1225,240,985,202,1023,38,0.16489795918367348,0.8416666666666667,5.104166666666667,0.2757679180887372
2,18,regular,1,1047,1044,3,1038,9,6,0.9914040114613181,0.9942528735632183,1.0028735632183907,0.9928263988522238
2,18,semiregular,1,897,801,96,745,152,56,0.830546265328874,0.9300873907615481,1.1198501872659177,0.8775029446407538
2,18,irregular,1,260,252,8,149,111,103,0.573076923076923,0.5912698412698413,1.0317460317460319,0.58203125
2,18,regular,2,1076,1044,32,1041,35,3,0.9674721189591078,0.9971264367816092,1.0306513409961686,0.9820754716981132
2,18,semiregular,2,1040,801,239,789,251,12,0.7586538461538461,0.9850187265917603,1.2983770287141074,0.8571428571428571
2,18,irregular,2,1387,252,1135,251,1136,1,0.1809661139149243,0.996031746031746,5.503968253968254,0.3062843197071385
2,18,regular,3,940,1044,104,925,15,119,0.9840425531914894,0.8860153256704981,0.9003831417624522,0.9324596774193549
2,18,semiregular,3,843,801,42,725,118,76,0.8600237247924081,0.9051186017478152,1.0524344569288389,0.8819951338199513
2,18,irregular,3,981,252,729,220,761,32,0.22426095820591233,0.873015873015873,3.892857142857143,0.35685320356853206
2,19,regular,1,1068,1076,8,1048,20,28,0.9812734082397003,0.9739776951672863,0.9925650557620818,0.9776119402985075
2,19,semiregular,1,817,753,64,680,137,73,0.8323133414932681,0.9030544488711819,1.0849933598937582,0.8662420382165605
2,19,irregular,1,445,245,200,145,300,100,0.3258426966292135,0.5918367346938775,1.816326530612245,0.42028985507246375
2,19,regular,2,1147,1076,71,1075,72,1,0.937227550130776,0.9990706319702602,1.0659851301115242,0.967161493477283
2,19,semiregular,2,981,753,228,743,238,10,0.7573904179408767,0.9867197875166003,1.302788844621514,0.8569780853517878
2,19,irregular,2,1234,245,989,244,990,1,0.19773095623987033,0.9959183673469387,5.036734693877551,0.32995267072346174
2,19,regular,3,480,1076,596,475,5,601,0.9895833333333334,0.44144981412639406,0.44609665427509293,0.6105398457583548
2,19,semiregular,3,583,753,170,510,73,243,0.8747855917667239,0.6772908366533864,0.7742363877822045,0.7634730538922156
2,19,irregular,3,869,245,624,172,697,73,0.19792865362485615,0.7020408163265306,3.546938775510204,0.3087971274685817
2,20,regular,1,1185,1251,66,1175,10,76,0.9915611814345991,0.9392486011191047,0.947242206235012,0.964696223316913
2,20,semiregular,1,893,841,52,730,163,111,0.8174692049272116,0.8680142687277052,1.0618311533888227,0.8419838523644754
2,20,irregular,1,584,252,332,121,463,131,0.2071917808219178,0.4801587301587302,2.3174603174603177,0.2894736842105263
2,20,regular,2,1237,1251,14,1222,15,29,0.9878738884397736,0.9768185451638689,0.9888089528377298,0.9823151125401929
2,20,semiregular,2,1181,841,340,834,347,7,0.7061812023708721,0.9916765755053508,1.404280618311534,0.8249258160237388
2,20,irregular,2,1395,252,1143,245,1150,7,0.17562724014336917,0.9722222222222222,5.535714285714286,0.2975106253794778
2,20,regular,3,889,1251,362,883,6,368,0.9932508436445444,0.7058353317346123,0.7106314948041567,0.825233644859813
2,20,semiregular,3,610,841,231,522,88,319,0.8557377049180328,0.6206896551724138,0.7253269916765755,0.7195037904893178
2,20,irregular,3,648,252,396,175,473,77,0.2700617283950617,0.6944444444444444,2.5714285714285716,0.3888888888888889
2,21,regular,1,908,920,12,905,3,15,0.9966960352422908,0.9836956521739131,0.9869565217391304,0.9901531728665207
2,21,semiregular,1,860,549,311,525,335,24,0.6104651162790697,0.9562841530054644,1.5664845173041895,0.7452093683463449
2,21,irregular,1,459,204,255,151,308,53,0.3289760348583878,0.7401960784313726,2.25,0.45550527903469085
2,21,regular,2,997,920,77,920,77,0,0.9227683049147443,1.0,1.083695652173913,0.959833072509129
2,21,semiregular,2,1005,549,456,542,463,7,0.5393034825870647,0.9872495446265938,1.830601092896175,0.6975546975546976
2,21,irregular,2,1068,204,864,202,866,2,0.1891385767790262,0.9901960784313726,5.235294117647059,0.31761006289308175
2,21,regular,3,810,920,110,796,14,124,0.9827160493827161,0.8652173913043478,0.8804347826086957,0.9202312138728324
2,21,semiregular,3,545,549,4,383,162,166,0.7027522935779816,0.697632058287796,0.9927140255009107,0.7001828153564899
2,21,irregular,3,716,204,512,141,575,63,0.19692737430167598,0.6911764705882353,3.5098039215686274,0.30652173913043473
2,22,regular,1,993,946,47,942,51,4,0.9486404833836858,0.9957716701902748,1.0496828752642706,0.9716348633316142
2,22,semiregular,1,846,703,143,648,198,55,0.7659574468085106,0.9217638691322901,1.2034139402560455,0.8366688185926403
2,22,irregular,1,715,247,468,194,521,53,0.27132867132867133,0.7854251012145749,2.8947368421052633,0.4033264033264033
2,22,regular,2,1042,946,96,946,96,0,0.9078694817658349,1.0,1.1014799154334038,0.9517102615694164
2,22,semiregular,2,1103,703,400,695,408,8,0.6300997280145059,0.9886201991465149,1.5689900426742531,0.7696566998892579
2,22,irregular,2,1498,247,1251,247,1251,0,0.16488651535380508,1.0,6.064777327935222,0.2830945558739255
2,22,regular,3,814,946,132,797,17,149,0.9791154791154791,0.8424947145877378,0.8604651162790697,0.9056818181818181
2,22,semiregular,3,661,703,42,541,120,162,0.8184568835098336,0.7695590327169275,0.9402560455192034,0.7932551319648093
2,22,irregular,3,602,247,355,160,442,87,0.26578073089701,0.6477732793522267,2.437246963562753,0.37691401648998824
2,23,regular,1,988,999,11,979,9,20,0.9908906882591093,0.97997997997998,0.988988988988989,0.9854051333668847
2,23,semiregular,1,913,835,78,750,163,85,0.8214676889375685,0.8982035928143712,1.0934131736526946,0.8581235697940504
2,23,irregular,1,333,266,67,73,260,193,0.21921921921921922,0.2744360902255639,1.2518796992481203,0.24373956594323876
2,23,regular,2,965,999,34,940,25,59,0.9740932642487047,0.9409409409409409,0.965965965965966,0.9572301425661915
2,23,semiregular,2,474,835,361,409,65,426,0.8628691983122363,0.48982035928143713,0.5676646706586826,0.6249045072574484
2,23,irregular,2,1343,266,1077,230,1113,36,0.1712583767684289,0.8646616541353384,5.048872180451128,0.2858918582970789
2,23,regular,3,983,999,16,951,32,48,0.9674465920651069,0.9519519519519519,0.983983983983984,0.9596367305751767
2,23,semiregular,3,704,835,131,633,71,202,0.8991477272727273,0.7580838323353294,0.8431137724550898,0.8226120857699806
2,23,irregular,3,1195,266,929,213,982,53,0.17824267782426778,0.8007518796992481,4.492481203007519,0.2915811088295688
2,24,regular,1,1066,1079,13,1056,10,23,0.9906191369606003,0.9786839666357738,0.9879518072289156,0.9846153846153846
2,24,semiregular,1,725,680,45,625,100,55,0.8620689655172413,0.9191176470588235,1.0661764705882353,0.889679715302491
2,24,irregular,1,913,247,666,136,777,111,0.14895947426067907,0.5506072874493927,3.6963562753036436,0.23448275862068962
2,24,regular,2,1051,1079,28,1033,18,46,0.9828734538534729,0.9573679332715477,0.974050046339203,0.9699530516431925
2,24,semiregular,2,827,680,147,671,156,9,0.81136638452237,0.986764705882353,1.2161764705882352,0.8905109489051095
2,24,irregular,2,1937,247,1690,247,1690,0,0.12751677852348994,1.0,7.842105263157895,0.22619047619047622
2,24,regular,3,860,1079,219,852,8,227,0.9906976744186047,0.7896200185356812,0.7970342910101946,0.8788035069623517
2,24,semiregular,3,481,680,199,422,59,258,0.8773388773388774,0.6205882352941177,0.7073529411764706,0.726959517657192
2,24,irregular,3,996,247,749,181,815,66,0.1817269076305221,0.7327935222672065,4.032388663967612,0.2912308930008045
2,25,regular,1,911,946,35,906,5,40,0.9945115257958288,0.9577167019027484,0.9630021141649049,0.975767366720517
2,25,semiregular,1,824,718,106,651,173,67,0.7900485436893204,0.9066852367688022,1.1476323119777159,0.8443579766536966
2,25,irregular,1,990,207,783,120,870,87,0.12121212121212122,0.5797101449275363,4.782608695652174,0.20050125313283207
2,25,regular,2,935,946,11,924,11,22,0.9882352941176471,0.9767441860465116,0.9883720930232558,0.9824561403508771
2,25,semiregular,2,904,718,186,661,243,57,0.7311946902654868,0.9206128133704735,1.2590529247910864,0.815043156596794
2,25,irregular,2,296,207,89,47,249,160,0.15878378378378377,0.22705314009661837,1.429951690821256,0.18687872763419483
2,25,regular,3,872,946,74,868,4,78,0.9954128440366973,0.9175475687103594,0.9217758985200846,0.954895489548955
2,25,semiregular,3,445,718,273,376,69,342,0.8449438202247191,0.5236768802228412,0.6197771587743732,0.646603611349957
2,25,irregular,3,1550,207,1343,97,1453,110,0.06258064516129032,0.46859903381642515,7.48792270531401,0.11041548093340922
2,26,regular,1,1005,985,20,978,27,7,0.9731343283582089,0.9928934010152284,1.0203045685279188,0.9829145728643216
2,26,semiregular,1,857,720,137,668,189,52,0.779463243873979,0.9277777777777778,1.1902777777777778,0.8471781864299303
2,26,irregular,1,914,214,700,175,739,39,0.19146608315098468,0.8177570093457944,4.271028037383178,0.31028368794326244
2,26,regular,2,729,985,256,658,71,327,0.9026063100137174,0.6680203045685279,0.7401015228426396,0.7677946324387397
2,26,semiregular,2,245,720,475,194,51,526,0.7918367346938775,0.26944444444444443,0.3402777777777778,0.40207253886010363
2,26,irregular,2,607,214,393,80,527,134,0.13179571663920922,0.37383177570093457,2.836448598130841,0.19488428745432398
2,26,regular,3,490,985,495,481,9,504,0.9816326530612245,0.4883248730964467,0.49746192893401014,0.6522033898305084
2,26,semiregular,3,406,720,314,342,64,378,0.8423645320197044,0.475,0.5638888888888889,0.6074600355239786
2,26,irregular,3,1054,214,840,131,923,83,0.12428842504743833,0.6121495327102804,4.925233644859813,0.20662460567823343
2,27,regular,1,1120,1166,46,1116,4,50,0.9964285714285714,0.9571183533447685,0.9605488850771869,0.9763779527559056
2,27,semiregular,1,814,728,86,626,188,102,0.769041769041769,0.8598901098901099,1.1181318681318682,0.8119325551232166
2,27,irregular,1,1477,270,1207,214,1263,56,0.14488828706838186,0.7925925925925926,5.470370370370371,0.24499141385231826
2,27,regular,2,1190,1166,24,1165,25,1,0.9789915966386554,0.9991423670668954,1.020583190394511,0.9889643463497454
2,27,semiregular,2,1026,728,298,722,304,6,0.7037037037037037,0.9917582417582418,1.4093406593406594,0.8232611174458381
2,27,irregular,2,2257,270,1987,270,1987,0,0.11962782454585734,1.0,8.35925925925926,0.21369212504946578
2,27,regular,3,1028,1166,138,1024,4,142,0.9961089494163424,0.8782161234991424,0.8816466552315609,0.9334548769371012
2,27,semiregular,3,633,728,95,551,82,177,0.8704581358609794,0.7568681318681318,0.8695054945054945,0.8096987509184422
2,27,irregular,3,1265,270,995,220,1045,50,0.17391304347826086,0.8148148148148148,4.685185185185185,0.28664495114006516
2,28,regular,1,1080,1098,18,1070,10,28,0.9907407407407407,0.9744990892531876,0.9836065573770492,0.9825528007346189
2,28,semiregular,1,982,859,123,808,174,51,0.8228105906313645,0.940628637951106,1.1431897555296857,0.8777838131450298
2,28,irregular,1,1498,293,1205,220,1278,73,0.14686248331108145,0.7508532423208191,5.112627986348123,0.24567280848687886
2,28,regular,2,1087,1098,11,1066,21,32,0.9806807727690893,0.970856102003643,0.9899817850637522,0.9757437070938215
2,28,semiregular,2,1093,859,234,853,240,6,0.7804208600182982,0.9930151338766007,1.2724097788125728,0.8739754098360655
2,28,irregular,2,1387,293,1094,268,1119,25,0.1932227829848594,0.9146757679180887,4.733788395904437,0.319047619047619
2,28,regular,3,736,1098,362,729,7,369,0.9904891304347826,0.6639344262295082,0.6703096539162113,0.7949836423118866
2,28,semiregular,3,444,859,415,397,47,462,0.8941441441441441,0.46216530849825377,0.5168800931315483,0.6093630084420568
2,28,irregular,3,1404,293,1111,138,1266,155,0.09829059829059829,0.4709897610921502,4.791808873720137,0.16263995285798466
2,29,regular,1,1113,1140,27,1110,3,30,0.9973045822102425,0.9736842105263158,0.9763157894736842,0.9853528628495339
2,29,semiregular,1,1196,869,327,841,355,28,0.7031772575250836,0.9677790563866513,1.3762945914844649,0.8145278450363197
2,29,irregular,1,928,247,681,158,770,89,0.17025862068965517,0.6396761133603239,3.757085020242915,0.26893617021276595
2,29,regular,2,1139,1140,1,1126,13,14,0.9885864793678666,0.987719298245614,0.9991228070175439,0.9881526985519964
2,29,semiregular,2,1302,869,433,862,440,7,0.6620583717357911,0.9919447640966629,1.4982738780207134,0.7941040994933211
2,29,irregular,2,1705,247,1458,247,1458,0,0.14486803519061583,1.0,6.902834008097166,0.2530737704918033
2,29,regular,3,833,1140,307,829,4,311,0.9951980792316927,0.7271929824561404,0.730701754385965,0.8403446528129752
2,29,semiregular,3,722,869,147,607,115,262,0.8407202216066482,0.6985040276179517,0.8308400460299195,0.7630421118793211
2,29,irregular,3,640,247,393,135,505,112,0.2109375,0.5465587044534413,2.591093117408907,0.3043968432919955
2,30,regular,1,974,997,23,969,5,28,0.9948665297741273,0.9719157472417251,0.9769307923771314,0.9832572298325722
2,30,semiregular,1,866,810,56,735,131,75,0.848729792147806,0.9074074074074074,1.0691358024691358,0.8770883054892601
2,30,irregular,1,1232,250,982,187,1045,63,0.15178571428571427,0.748,4.928,0.252361673414305
2,30,regular,2,1048,997,51,997,51,0,0.9513358778625954,1.0,1.0511534603811434,0.9750611246943766
2,30,semiregular,2,1077,810,267,802,275,8,0.744661095636026,0.9901234567901235,1.3296296296296297,0.8500264970853206
2,30,irregular,2,1969,250,1719,247,1722,3,0.12544438801422042,0.988,7.876,0.22262280306444346
2,30,regular,3,950,997,47,943,7,54,0.9926315789473684,0.9458375125376128,0.9528585757271816,0.9686697483307652
2,30,semiregular,3,713,810,97,625,88,185,0.876577840112202,0.7716049382716049,0.8802469135802469,0.8207485226526592
2,30,irregular,3,577,250,327,133,444,117,0.23050259965337955,0.532,2.308,0.3216444981862152
3,1,regular,1,931,937,6,921,10,16,0.9892588614393125,0.9829242262540021,0.9935965848452508,0.9860813704496787
3,1,semiregular,1,970,703,267,676,294,27,0.6969072164948453,0.9615931721194879,1.379800853485064,0.8081291093843395
3,1,irregular,1,202,199,3,127,75,72,0.6287128712871287,0.6381909547738693,1.015075376884422,0.6334164588528679
3,1,regular,2,1007,937,70,937,70,0,0.9304865938430983,1.0,1.0747065101387407,0.963991769547325
3,1,semiregular,2,1140,703,437,697,443,6,0.6114035087719298,0.9914651493598862,1.6216216216216217,0.7563754747693977
3,1,irregular,2,1087,199,888,199,888,0,0.18307267709291627,1.0,5.4623115577889445,0.30948678071539654
3,1,regular,3,710,937,227,709,1,228,0.9985915492957746,0.7566702241195304,0.7577374599786553,0.8609593199757134
3,1,semiregular,3,310,703,393,275,35,428,0.8870967741935484,0.3911806543385491,0.44096728307254623,0.5429417571569596
3,1,irregular,3,90,199,109,79,11,120,0.8777777777777778,0.3969849246231156,0.45226130653266333,0.546712802768166
3,2,regular,1,1194,1224,30,1186,8,38,0.9932998324958124,0.9689542483660131,0.9754901960784313,0.9809760132340778
3,2,semiregular,1,729,647,82,612,117,35,0.8395061728395061,0.9459041731066461,1.1267387944358578,0.8895348837209301
3,2,irregular,1,617,217,400,133,484,84,0.21555915721231766,0.6129032258064516,2.8433179723502304,0.31894484412470026
3,2,regular,2,1262,1224,38,1220,42,4,0.9667194928684627,0.9967320261437909,1.0310457516339868,0.9814963797264682
3,2,semiregular,2,869,647,222,647,222,0,0.7445339470655926,1.0,1.3431221020092736,0.8535620052770447
3,2,irregular,2,1429,217,1212,217,1212,0,0.15185444366689993,1.0,6.585253456221198,0.2636695018226003
3,2,regular,3,1001,1224,223,1001,0,223,1.0,0.8178104575163399,0.8178104575163399,0.8997752808988764
3,2,semiregular,3,259,647,388,257,2,390,0.9922779922779923,0.3972179289026275,0.40030911901081917,0.5673289183222958
3,2,irregular,3,119,217,98,111,8,106,0.9327731092436975,0.511520737327189,0.5483870967741935,0.6607142857142857
3,3,regular,1,1053,1053,0,1043,10,10,0.9905033238366572,0.9905033238366572,1.0,0.9905033238366572
3,3,semiregular,1,876,716,160,693,183,23,0.791095890410959,0.9678770949720671,1.223463687150838,0.870603015075377
3,3,irregular,1,534,224,310,131,403,93,0.24531835205992508,0.5848214285714286,2.3839285714285716,0.34564643799472294
3,3,regular,2,1050,1053,3,1037,13,16,0.9876190476190476,0.9848053181386515,0.9971509971509972,0.9862101759391346
3,3,semiregular,2,862,716,146,664,198,52,0.7703016241299304,0.9273743016759777,1.2039106145251397,0.841571609632446
3,3,irregular,2,183,224,41,127,56,97,0.6939890710382514,0.5669642857142857,0.8169642857142857,0.624078624078624
3,3,regular,3,878,1053,175,878,0,175,1.0,0.8338081671415005,0.8338081671415005,0.9093733816675298
3,3,semiregular,3,355,716,361,344,11,372,0.9690140845070423,0.48044692737430167,0.4958100558659218,0.642390289449113
3,3,irregular,3,123,224,101,113,10,111,0.9186991869918699,0.5044642857142857,0.5491071428571429,0.6512968299711814
3,4,regular,1,1119,1101,18,1095,24,6,0.9785522788203753,0.9945504087193461,1.0163487738419619,0.9864864864864865
3,4,semiregular,1,736,614,122,542,194,72,0.7364130434782609,0.8827361563517915,1.1986970684039089,0.802962962962963
3,4,irregular,1,203,228,25,122,81,106,0.6009852216748769,0.5350877192982456,0.8903508771929824,0.5661252900232019
3,4,regular,2,1185,1101,84,1101,84,0,0.9291139240506329,1.0,1.0762942779291553,0.9632545931758529
3,4,semiregular,2,860,614,246,584,276,30,0.6790697674418604,0.9511400651465798,1.4006514657980456,0.7924016282225237
3,4,irregular,2,980,228,752,228,752,0,0.23265306122448978,1.0,4.298245614035087,0.37748344370860926
3,4,regular,3,378,1101,723,375,3,726,0.9920634920634921,0.3405994550408719,0.34332425068119893,0.5070993914807302
3,4,semiregular,3,88,614,526,87,1,527,0.9886363636363636,0.14169381107491857,0.14332247557003258,0.2478632478632479
3,4,irregular,3,11,228,217,10,1,218,0.9090909090909091,0.043859649122807015,0.04824561403508772,0.08368200836820083
3,5,regular,1,1045,1044,1,1039,6,5,0.9942583732057416,0.9952107279693486,1.0009578544061302,0.9947343226424126
3,5,semiregular,1,989,668,321,655,334,13,0.6622851365015167,0.9805389221556886,1.4805389221556886,0.7905853952926976
3,5,irregular,1,820,217,603,142,678,75,0.17317073170731706,0.6543778801843319,3.7788018433179724,0.2738669238187078
3,5,regular,2,1062,1044,18,1039,23,5,0.9783427495291902,0.9952107279693486,1.0172413793103448,0.98670465337132
3,5,semiregular,2,904,668,236,603,301,65,0.6670353982300885,0.9026946107784432,1.3532934131736527,0.767175572519084
3,5,irregular,2,455,217,238,153,302,64,0.3362637362637363,0.7050691244239631,2.096774193548387,0.4553571428571428
3,5,regular,3,842,1044,202,841,1,203,0.998812351543943,0.8055555555555556,0.8065134099616859,0.8918345705196181
3,5,semiregular,3,267,668,401,250,17,418,0.9363295880149812,0.37425149700598803,0.3997005988023952,0.53475935828877
3,5,irregular,3,101,217,116,92,9,125,0.9108910891089109,0.423963133640553,0.46543778801843316,0.5786163522012578
3,6,regular,1,907,915,8,891,16,24,0.9823594266813671,0.9737704918032787,0.9912568306010929,0.978046103183315
3,6,semiregular,1,711,701,10,593,118,108,0.8340365682137834,0.8459343794579173,1.014265335235378,0.839943342776204
3,6,irregular,1,328,195,133,47,281,148,0.14329268292682926,0.24102564102564103,1.682051282051282,0.1797323135755258
3,6,regular,2,990,915,75,914,76,1,0.9232323232323232,0.9989071038251366,1.0819672131147542,0.9595800524934383
3,6,semiregular,2,876,701,175,674,202,27,0.769406392694064,0.9614835948644793,1.2496433666191156,0.8547875713379836
3,6,irregular,2,214,195,19,126,88,69,0.5887850467289719,0.6461538461538462,1.0974358974358975,0.6161369193154035
3,6,regular,3,652,915,263,652,0,263,1.0,0.7125683060109289,0.7125683060109289,0.8321633694958519
3,6,semiregular,3,223,701,478,218,5,483,0.9775784753363229,0.31098430813124106,0.3181169757489301,0.47186147186147187
3,6,irregular,3,75,195,120,67,8,128,0.8933333333333333,0.3435897435897436,0.38461538461538464,0.49629629629629635
3,7,regular,1,1199,1230,31,1187,12,43,0.9899916597164303,0.9650406504065041,0.9747967479674797,0.9773569370111156
3,7,semiregular,1,834,761,73,657,177,104,0.7877697841726619,0.8633377135348226,1.0959264126149804,0.8238244514106583
3,7,irregular,1,591,225,366,96,495,129,0.16243654822335024,0.4266666666666667,2.6266666666666665,0.23529411764705882
3,7,regular,2,910,1230,320,899,11,331,0.987912087912088,0.7308943089430894,0.7398373983739838,0.8401869158878504
3,7,semiregular,2,873,761,112,650,223,111,0.7445589919816724,0.8541392904073587,1.147174770039422,0.795593635250918
3,7,irregular,2,1649,225,1424,223,1426,2,0.13523347483323225,0.9911111111111112,7.328888888888889,0.23799359658484526
3,7,regular,3,585,1230,645,585,0,645,1.0,0.47560975609756095,0.47560975609756095,0.6446280991735537
3,7,semiregular,3,67,761,694,65,2,696,0.9701492537313433,0.08541392904073587,0.08804204993429698,0.15700483091787437
3,7,irregular,3,18,225,207,16,2,209,0.8888888888888888,0.07111111111111111,0.08,0.13168724279835392
3,8,regular,1,1031,1035,4,1021,10,14,0.9903006789524733,0.9864734299516909,0.996135265700483,0.9883833494675702
3,8,semiregular,1,855,827,28,710,145,117,0.8304093567251462,0.8585247883917775,1.0338573155985489,0.8442330558858502
3,8,irregular,1,457,243,214,103,354,140,0.22538293216630198,0.42386831275720166,1.8806584362139918,0.2942857142857143
3,8,regular,2,932,1035,103,926,6,109,0.9935622317596566,0.8946859903381642,0.9004830917874396,0.9415353329944077
3,8,semiregular,2,910,827,83,730,180,97,0.8021978021978022,0.8827085852478839,1.1003627569528416,0.8405296488198043
3,8,irregular,2,1026,243,783,165,861,78,0.1608187134502924,0.6790123456790124,4.222222222222222,0.26004728132387706
3,8,regular,3,924,1035,111,923,1,112,0.9989177489177489,0.8917874396135266,0.8927536231884058,0.942317508933129
3,8,semiregular,3,353,827,474,344,9,483,0.9745042492917847,0.4159613059250302,0.4268440145102781,0.583050847457627
3,8,irregular,3,134,243,109,119,15,124,0.8880597014925373,0.4897119341563786,0.551440329218107,0.6312997347480107
3,9,regular,1,1098,1107,9,1094,4,13,0.9963570127504554,0.988256549232159,0.991869918699187,0.9922902494331066
3,9,semiregular,1,680,701,21,601,79,100,0.8838235294117647,0.8573466476462197,0.9700427960057061,0.8703837798696596
3,9,irregular,1,349,266,83,122,227,144,0.3495702005730659,0.45864661654135336,1.3120300751879699,0.3967479674796748
3,9,regular,2,1129,1107,22,1107,22,0,0.9805137289636847,1.0,1.019873532068654,0.9901610017889088
3,9,semiregular,2,823,701,122,675,148,26,0.8201701093560145,0.9629101283880172,1.174037089871612,0.8858267716535433
3,9,irregular,2,1840,266,1574,265,1575,1,0.14402173913043478,0.9962406015037594,6.917293233082707,0.25166191832858503
3,9,regular,3,834,1107,273,834,0,273,1.0,0.7533875338753387,0.7533875338753387,0.8593508500772798
3,9,semiregular,3,295,701,406,290,5,411,0.9830508474576272,0.4136947218259629,0.42082738944365194,0.5823293172690762
3,9,irregular,3,111,266,155,103,8,163,0.9279279279279279,0.38721804511278196,0.41729323308270677,0.5464190981432361
3,10,regular,1,995,1014,19,984,11,30,0.9889447236180905,0.9704142011834319,0.9812623274161736,0.9795918367346939
3,10,semiregular,1,788,656,132,625,163,31,0.7931472081218274,0.9527439024390244,1.201219512195122,0.8656509695290858
3,10,irregular,1,634,247,387,192,442,55,0.3028391167192429,0.7773279352226721,2.5668016194331984,0.43586833144154363
3,10,regular,2,1103,1014,89,1014,89,0,0.9193109700815957,1.0,1.0877712031558184,0.9579593764761455
3,10,semiregular,2,985,656,329,651,334,5,0.6609137055837564,0.9923780487804879,1.5015243902439024,0.793418647166362
3,10,irregular,2,1659,247,1412,247,1412,0,0.14888487040385776,1.0,6.716599190283401,0.2591815320041973
3,10,regular,3,847,1014,167,847,0,167,1.0,0.8353057199211046,0.8353057199211046,0.9102632993014509
3,10,semiregular,3,421,656,235,404,17,252,0.9596199524940617,0.6158536585365854,0.6417682926829268,0.7502321262766946
3,10,irregular,3,124,247,123,118,6,129,0.9516129032258065,0.4777327935222672,0.5020242914979757,0.6361185983827493
3,11,regular,1,1080,1070,10,1064,16,6,0.9851851851851852,0.994392523364486,1.0093457943925233,0.9897674418604652
3,11,semiregular,1,815,700,115,643,172,57,0.7889570552147239,0.9185714285714286,1.1642857142857144,0.8488448844884489
3,11,irregular,1,671,239,432,149,522,90,0.22205663189269748,0.6234309623430963,2.807531380753138,0.3274725274725275
3,11,regular,2,526,1070,544,522,4,548,0.9923954372623575,0.48785046728971965,0.491588785046729,0.6541353383458648
3,11,semiregular,2,408,700,292,326,82,374,0.7990196078431373,0.4657142857142857,0.5828571428571429,0.5884476534296028
3,11,irregular,2,441,239,202,88,353,151,0.19954648526077098,0.3682008368200837,1.8451882845188285,0.25882352941176473
3,11,regular,3,496,1070,574,496,0,574,1.0,0.4635514018691589,0.4635514018691589,0.6334610472541508
3,11,semiregular,3,168,700,532,163,5,537,0.9702380952380952,0.23285714285714285,0.24,0.3755760368663595
3,11,irregular,3,85,239,154,81,4,158,0.9529411764705882,0.3389121338912134,0.35564853556485354,0.5
3,12,regular,1,1010,1007,3,1004,6,3,0.994059405940594,0.997020854021847,1.002979145978153,0.9955379276152702
3,12,semiregular,1,834,641,193,603,231,38,0.7230215827338129,0.9407176287051482,1.3010920436817472,0.8176271186440678
3,12,irregular,1,660,204,456,139,521,65,0.2106060606060606,0.6813725490196079,3.235294117647059,0.32175925925925924
3,12,regular,2,1140,1007,133,1007,133,0,0.8833333333333333,1.0,1.1320754716981132,0.9380530973451328
3,12,semiregular,2,908,641,267,611,297,30,0.6729074889867841,0.953198127925117,1.4165366614664587,0.788896061975468
3,12,irregular,2,1175,204,971,202,973,2,0.17191489361702128,0.9901960784313726,5.759803921568627,0.29296591733139954
3,12,regular,3,600,1007,407,600,0,407,1.0,0.5958291956305859,0.5958291956305859,0.7467330429371499
3,12,semiregular,3,131,641,510,126,5,515,0.9618320610687023,0.19656786271450857,0.20436817472698907,0.32642487046632124
3,12,irregular,3,64,204,140,61,3,143,0.953125,0.29901960784313725,0.3137254901960784,0.45522388059701485
3,13,regular,1,972,1000,28,969,3,31,0.9969135802469136,0.969,0.972,0.982758620689655
3,13,semiregular,1,862,815,47,743,119,72,0.8619489559164734,0.9116564417177914,1.0576687116564416,0.8861061419200954
3,13,irregular,1,816,216,600,71,745,145,0.08700980392156862,0.3287037037037037,3.7777777777777777,0.1375968992248062
3,13,regular,2,1068,1000,68,1000,68,0,0.9363295880149812,1.0,1.068,0.9671179883945841
3,13,semiregular,2,979,815,164,777,202,38,0.7936670071501533,0.9533742331288344,1.2012269938650306,0.8662207357859533
3,13,irregular,2,2229,216,2013,216,2013,0,0.09690444145356662,1.0,10.319444444444445,0.17668711656441716
3,13,regular,3,794,1000,206,794,0,206,1.0,0.794,0.794,0.8851727982162765
3,13,semiregular,3,320,815,495,319,1,496,0.996875,0.3914110429447853,0.39263803680981596,0.5621145374449339
3,13,irregular,3,149,216,67,83,66,133,0.5570469798657718,0.38425925925925924,0.6898148148148148,0.45479452054794517
3,14,regular,1,1004,1052,48,1004,0,48,1.0,0.9543726235741445,0.9543726235741445,0.9766536964980546
3,14,semiregular,1,1115,913,202,869,246,44,0.7793721973094171,0.9518072289156626,1.221248630887185,0.8570019723865877
3,14,irregular,1,464,217,247,114,350,103,0.24568965517241378,0.5253456221198156,2.1382488479262673,0.3348017621145374
3,14,regular,2,1077,1052,25,1052,25,0,0.9767873723305478,1.0,1.023764258555133,0.9882573978393612
3,14,semiregular,2,1280,913,367,912,368,1,0.7125,0.9989047097480832,1.4019715224534501,0.8317373461012312
3,14,irregular,2,1453,217,1236,208,1245,9,0.14315209910529939,0.9585253456221198,6.695852534562212,0.24910179640718563
3,14,regular,3,669,1052,383,668,1,384,0.9985052316890882,0.6349809885931559,0.6359315589353612,0.7762928529924462
3,14,semiregular,3,233,913,680,229,4,684,0.9828326180257511,0.2508214676889376,0.2552026286966046,0.39965095986038396
3,14,irregular,3,64,217,153,38,26,179,0.59375,0.17511520737327188,0.29493087557603687,0.2704626334519573
3,15,regular,1,971,964,7,961,10,3,0.9897013388259527,0.9968879668049793,1.0072614107883817,0.99328165374677
3,15,semiregular,1,902,774,128,746,156,28,0.8270509977827051,0.9638242894056848,1.165374677002584,0.8902147971360382
3,15,irregular,1,512,218,294,128,384,90,0.25,0.5871559633027523,2.3486238532110093,0.3506849315068493
3,15,regular,2,706,964,258,699,7,265,0.990084985835694,0.725103734439834,0.7323651452282157,0.837125748502994
3,15,semiregular,2,792,774,18,630,162,144,0.7954545454545454,0.813953488372093,1.0232558139534884,0.8045977011494252
3,15,irregular,2,1279,218,1061,201,1078,17,0.15715402658326819,0.9220183486238532,5.86697247706422,0.2685370741482966
3,15,regular,3,794,964,170,794,0,170,1.0,0.8236514522821576,0.8236514522821576,0.9032992036405005
3,15,semiregular,3,355,774,419,347,8,427,0.9774647887323944,0.4483204134366925,0.458656330749354,0.6147032772364924
3,15,irregular,3,130,218,88,96,34,122,0.7384615384615385,0.44036697247706424,0.5963302752293578,0.5517241379310345
3,16,regular,1,116,1109,993,116,0,993,1.0,0.10459873760144274,0.10459873760144274,0.1893877551020408
3,16,semiregular,1,40,681,641,32,8,649,0.8,0.04698972099853157,0.05873715124816446,0.08876560332871011
3,16,irregular,1,43,272,229,13,30,259,0.3023255813953488,0.04779411764705882,0.15808823529411764,0.08253968253968254
3,16,regular,2,1191,1109,82,1108,83,1,0.9303106633081444,0.9990982867448152,1.0739404869251579,0.9634782608695652
3,16,semiregular,2,837,681,156,632,205,49,0.7550776583034647,0.9280469897209985,1.2290748898678414,0.8326745718050066
3,16,irregular,2,1207,272,935,271,936,1,0.22452361226180614,0.9963235294117647,4.4375,0.3664638269100744
3,16,regular,3,563,1109,546,563,0,546,1.0,0.5076645626690712,0.5076645626690712,0.6734449760765551
3,16,semiregular,3,201,681,480,190,11,491,0.945273631840796,0.2790014684287812,0.29515418502202645,0.4308390022675737
3,16,irregular,3,134,272,138,77,57,195,0.5746268656716418,0.28308823529411764,0.49264705882352944,0.3793103448275862
3,17,regular,1,545,1029,484,544,1,485,0.998165137614679,0.5286686103012633,0.5296404275996113,0.6912325285895806
3,17,semiregular,1,434,837,403,392,42,445,0.9032258064516129,0.46833930704898447,0.5185185185185185,0.6168371361132966
3,17,irregular,1,220,240,20,78,142,162,0.35454545454545455,0.325,0.9166666666666666,0.3391304347826087
3,17,regular,2,1049,1029,20,1026,23,3,0.9780743565300286,0.9970845481049563,1.0194363459669582,0.9874879692011549
3,17,semiregular,2,1047,837,210,811,236,26,0.7745940783190067,0.9689366786140979,1.2508960573476702,0.8609341825902336
3,17,irregular,2,1233,240,993,238,995,2,0.19302514193025141,0.9916666666666667,5.1375,0.32315003394433134
3,17,regular,3,825,1029,204,824,1,205,0.9987878787878788,0.8007774538386784,0.8017492711370262,0.888888888888889
3,17,semiregular,3,496,837,341,466,30,371,0.9395161290322581,0.5567502986857825,0.5925925925925926,0.6991747936984246
3,17,irregular,3,102,240,138,97,5,143,0.9509803921568627,0.4041666666666667,0.425,0.5672514619883041
3,18,regular,1,807,1044,237,807,0,237,1.0,0.7729885057471264,0.7729885057471264,0.8719611021069692
3,18,semiregular,1,552,801,249,511,41,290,0.9257246376811594,0.6379525593008739,0.6891385767790262,0.7553584626755359
3,18,irregular,1,58,252,194,48,10,204,0.8275862068965517,0.19047619047619047,0.23015873015873015,0.30967741935483867
3,18,regular,2,1028,1044,16,1018,10,26,0.9902723735408561,0.975095785440613,0.9846743295019157,0.9826254826254827
3,18,semiregular,2,1023,801,222,790,233,11,0.772238514173998,0.9862671660424469,1.2771535580524345,0.8662280701754386
3,18,irregular,2,1459,252,1207,252,1207,0,0.17272104180945852,1.0,5.7896825396825395,0.2945645821157218
3,18,regular,3,822,1044,222,822,0,222,1.0,0.7873563218390804,0.7873563218390804,0.8810289389067524
3,18,semiregular,3,488,801,313,475,13,326,0.9733606557377049,0.5930087390761548,0.6092384519350812,0.7370054305663305
3,18,irregular,3,132,252,120,126,6,126,0.9545454545454546,0.5,0.5238095238095238,0.65625
3,19,regular,1,1056,1076,20,1049,7,27,0.9933712121212122,0.974907063197026,0.9814126394052045,0.9840525328330206
3,19,semiregular,1,820,753,67,681,139,72,0.8304878048780487,0.9043824701195219,1.0889774236387781,0.8658614113159567
3,19,irregular,1,327,245,82,121,206,124,0.37003058103975534,0.49387755102040815,1.3346938775510204,0.423076923076923
3,19,regular,2,1136,1076,60,1074,62,2,0.9454225352112676,0.9981412639405205,1.0557620817843867,0.9710669077757685
3,19,semiregular,2,887,753,134,704,183,49,0.7936865839909808,0.9349269588313412,1.1779548472775565,0.8585365853658538
3,19,irregular,2,1002,245,757,235,767,10,0.2345309381237525,0.9591836734693877,4.089795918367347,0.37690457097032876
3,19,regular,3,655,1076,421,654,1,422,0.9984732824427481,0.6078066914498141,0.6087360594795539,0.755632582322357
3,19,semiregular,3,321,753,432,313,8,440,0.9750778816199377,0.4156706507304117,0.4262948207171315,0.5828677839851024
3,19,irregular,3,93,245,152,90,3,155,0.967741935483871,0.3673469387755102,0.3795918367346939,0.5325443786982249
3,20,regular,1,1208,1251,43,1205,3,46,0.9975165562913907,0.9632294164668266,0.9656274980015987,0.9800732004880033
3,20,semiregular,1,917,841,76,750,167,91,0.8178844056706652,0.89179548156956,1.0903686087990487,0.8532423208191127
3,20,irregular,1,555,252,303,99,456,153,0.1783783783783784,0.39285714285714285,2.2023809523809526,0.2453531598513011
3,20,regular,2,1162,1251,89,1147,15,104,0.9870912220309811,0.9168665067945644,0.9288569144684252,0.9506837961044343
3,20,semiregular,2,1175,841,334,835,340,6,0.7106382978723405,0.9928656361474435,1.3971462544589774,0.8283730158730158
3,20,irregular,2,1375,252,1123,248,1127,4,0.18036363636363636,0.9841269841269841,5.4563492063492065,0.3048555623847572
3,20,regular,3,936,1251,315,936,0,315,1.0,0.7482014388489209,0.7482014388489209,0.8559670781893004
3,20,semiregular,3,409,841,432,385,24,456,0.941320293398533,0.4577883472057075,0.4863258026159334,0.616
3,20,irregular,3,130,252,122,117,13,135,0.9,0.4642857142857143,0.5158730158730159,0.612565445026178
3,21,regular,1,941,920,21,918,23,2,0.975557917109458,0.9978260869565218,1.0228260869565218,0.9865663621708759
3,21,semiregular,1,875,549,326,515,360,34,0.5885714285714285,0.9380692167577414,1.5938069216757742,0.7233146067415731
3,21,irregular,1,334,204,130,120,214,84,0.3592814371257485,0.5882352941176471,1.6372549019607843,0.44609665427509293
3,21,regular,2,976,920,56,920,56,0,0.9426229508196722,1.0,1.0608695652173914,0.9704641350210971
3,21,semiregular,2,944,549,395,531,413,18,0.5625,0.9672131147540983,1.7194899817850637,0.7113194909578031
3,21,irregular,2,808,204,604,195,613,9,0.24133663366336633,0.9558823529411765,3.9607843137254903,0.38537549407114624
3,21,regular,3,631,920,289,631,0,289,1.0,0.6858695652173913,0.6858695652173913,0.8136686009026434
3,21,semiregular,3,111,549,438,107,4,442,0.963963963963964,0.19489981785063754,0.20218579234972678,0.3242424242424243
3,21,irregular,3,46,204,158,43,3,161,0.9347826086956522,0.2107843137254902,0.22549019607843138,0.344
3,22,regular,1,964,946,18,941,23,5,0.9761410788381742,0.9947145877378436,1.0190274841437632,0.9853403141361258
3,22,semiregular,1,795,703,92,634,161,69,0.7974842767295598,0.9018492176386913,1.1308677098150783,0.8464619492656877
3,22,irregular,1,646,247,399,175,471,72,0.2708978328173375,0.708502024291498,2.6153846153846154,0.3919372900335947
3,22,regular,2,1044,946,98,946,98,0,0.9061302681992337,1.0,1.1035940803382664,0.9507537688442211
3,22,semiregular,2,1056,703,353,691,365,12,0.6543560606060606,0.9829302987197724,1.5021337126600285,0.7856736782262649
3,22,irregular,2,1246,247,999,247,999,0,0.19823434991974317,1.0,5.044534412955466,0.33087742799732084
3,22,regular,3,419,946,527,419,0,527,1.0,0.4429175475687104,0.4429175475687104,0.613919413919414
3,22,semiregular,3,100,703,603,100,0,603,1.0,0.1422475106685633,0.1422475106685633,0.24906600249066005
3,22,irregular,3,36,247,211,33,3,214,0.9166666666666666,0.13360323886639677,0.145748987854251,0.23321554770318023
3,23,regular,1,945,999,54,936,9,63,0.9904761904761905,0.9369369369369369,0.9459459459459459,0.962962962962963
3,23,semiregular,1,908,835,73,749,159,86,0.8248898678414097,0.8970059880239521,1.087425149700599,0.8594377510040161
3,23,irregular,1,660,266,394,93,567,173,0.1409090909090909,0.34962406015037595,2.481203007518797,0.20086393088552917
3,23,regular,2,1012,999,13,963,49,36,0.9515810276679841,0.963963963963964,1.013013013013013,0.9577324714072599
3,23,semiregular,2,1119,835,284,808,311,27,0.7220732797140303,0.9676646706586827,1.340119760479042,0.8270214943705221
3,23,irregular,2,2302,266,2036,257,2045,9,0.11164205039096438,0.9661654135338346,8.654135338345865,0.20015576323987538
3,23,regular,3,857,999,142,855,2,144,0.9976662777129521,0.8558558558558559,0.8578578578578578,0.9213362068965518
3,23,semiregular,3,486,835,349,427,59,408,0.8786008230452675,0.511377245508982,0.5820359281437125,0.6464799394398183
3,23,irregular,3,121,266,145,114,7,152,0.9421487603305785,0.42857142857142855,0.4548872180451128,0.5891472868217054
3,24,regular,1,1091,1079,12,1076,15,3,0.9862511457378552,0.9972196478220574,1.0111214087117701,0.991705069124424
3,24,semiregular,1,724,680,44,624,100,56,0.861878453038674,0.9176470588235294,1.0647058823529412,0.888888888888889
3,24,irregular,1,866,247,619,117,749,130,0.1351039260969977,0.47368421052631576,3.506072874493927,0.21024258760107817
3,24,regular,2,1103,1079,24,1079,24,0,0.9782411604714415,1.0,1.0222428174235403,0.9890009165902841
3,24,semiregular,2,846,680,166,672,174,8,0.7943262411347518,0.9882352941176471,1.2441176470588236,0.8807339449541285
3,24,irregular,2,1953,247,1706,247,1706,0,0.1264720942140297,1.0,7.906882591093117,0.22454545454545455
3,24,regular,3,529,1079,550,529,0,550,1.0,0.4902687673772011,0.4902687673772011,0.6579601990049752
3,24,semiregular,3,176,680,504,172,4,508,0.9772727272727273,0.2529411764705882,0.25882352941176473,0.40186915887850466
3,24,irregular,3,55,247,192,53,2,194,0.9636363636363636,0.2145748987854251,0.22267206477732793,0.3509933774834437
3,25,regular,1,961,946,15,944,17,2,0.9823100936524454,0.9978858350951374,1.0158562367864694,0.9900367068694285
3,25,semiregular,1,852,718,134,669,183,49,0.7852112676056338,0.9317548746518106,1.1866295264623956,0.8522292993630574
3,25,irregular,1,1030,207,823,111,919,96,0.10776699029126213,0.5362318840579711,4.975845410628019,0.17946645109135004
3,25,regular,2,970,946,24,946,24,0,0.9752577319587629,1.0,1.025369978858351,0.987473903966597
3,25,semiregular,2,977,718,259,694,283,24,0.7103377686796315,0.9665738161559888,1.360724233983287,0.8188790560471976
3,25,irregular,2,1812,207,1605,127,1685,80,0.07008830022075055,0.6135265700483091,8.753623188405797,0.1258048538880634
3,25,regular,3,712,946,234,712,0,234,1.0,0.7526427061310782,0.7526427061310782,0.858866103739445
3,25,semiregular,3,130,718,588,124,6,594,0.9538461538461539,0.17270194986072424,0.181058495821727,0.2924528301886793
3,25,irregular,3,9,207,198,9,0,198,1.0,0.043478260869565216,0.043478260869565216,0.08333333333333333
3,26,regular,1,1000,985,15,981,19,4,0.981,0.9959390862944163,1.015228426395939,0.9884130982367759
3,26,semiregular,1,854,720,134,669,185,51,0.7833723653395784,0.9291666666666667,1.1861111111111111,0.8500635324015247
3,26,irregular,1,896,214,682,168,728,46,0.1875,0.7850467289719626,4.186915887850467,0.30270270270270266
3,26,regular,2,996,985,11,968,28,17,0.9718875502008032,0.9827411167512691,1.0111675126903554,0.9772841998990409
3,26,semiregular,2,1065,720,345,693,372,27,0.6507042253521127,0.9625,1.4791666666666667,0.7764705882352941
3,26,irregular,2,1617,214,1403,209,1408,5,0.1292517006802721,0.9766355140186916,7.55607476635514,0.22829055161114145
3,26,regular,3,147,985,838,146,1,839,0.9931972789115646,0.14822335025380712,0.14923857868020304,0.25795053003533575
3,26,semiregular,3,28,720,692,28,0,692,1.0,0.03888888888888889,0.03888888888888889,0.0748663101604278
3,26,irregular,3,9,214,205,9,0,205,1.0,0.04205607476635514,0.04205607476635514,0.08071748878923767
3,27,regular,1,1147,1166,19,1138,9,28,0.992153443766347,0.9759862778730704,0.983704974271012,0.9840034587116299
3,27,semiregular,1,884,728,156,649,235,79,0.7341628959276018,0.8914835164835165,1.2142857142857142,0.8052109181141439
3,27,irregular,1,1681,270,1411,197,1484,73,0.11719214753123142,0.7296296296296296,6.225925925925926,0.20194771911840084
3,27,regular,2,1199,1166,33,1166,33,0,0.9724770642201835,1.0,1.028301886792453,0.986046511627907
3,27,semiregular,2,1021,728,293,716,305,12,0.7012732615083251,0.9835164835164835,1.4024725274725274,0.8187535734705546
3,27,irregular,2,2364,270,2094,267,2097,3,0.11294416243654823,0.9888888888888889,8.755555555555556,0.2027334851936219
3,27,regular,3,987,1166,179,985,2,181,0.9979736575481256,0.8447684391080618,0.8464837049742711,0.9150023223409197
3,27,semiregular,3,307,728,421,295,12,433,0.9609120521172638,0.4052197802197802,0.4217032967032967,0.570048309178744
3,27,irregular,3,128,270,142,118,10,152,0.921875,0.43703703703703706,0.4740740740740741,0.5929648241206029
3,28,regular,1,1095,1098,3,1087,8,11,0.9926940639269406,0.9899817850637522,0.9972677595628415,0.9913360693114455
3,28,semiregular,1,954,859,95,804,150,55,0.8427672955974843,0.9359720605355064,1.1105937136204889,0.8869277440706012
3,28,irregular,1,1934,293,1641,205,1729,88,0.10599793174767322,0.6996587030716723,6.600682593856655,0.18410417602155366
3,28,regular,2,1145,1098,47,1098,47,0,0.9589519650655022,1.0,1.0428051001821494,0.9790459206419974
3,28,semiregular,2,1131,859,272,857,274,2,0.757736516357206,0.9976717112922002,1.3166472642607683,0.8613065326633166
3,28,irregular,2,2620,293,2327,291,2329,2,0.11106870229007633,0.9931740614334471,8.941979522184301,0.19979402677651903
3,28,regular,3,604,1098,494,604,0,494,1.0,0.5500910746812386,0.5500910746812386,0.7097532314923619
3,28,semiregular,3,322,859,537,317,5,542,0.984472049689441,0.3690337601862631,0.37485448195576254,0.5368331922099916
3,28,irregular,3,95,293,198,74,21,219,0.7789473684210526,0.2525597269624573,0.3242320819112628,0.38144329896907214
3,29,regular,1,1145,1140,5,1138,7,2,0.993886462882096,0.9982456140350877,1.0043859649122806,0.9960612691466083
3,29,semiregular,1,1202,869,333,850,352,19,0.7071547420965059,0.9781357882623706,1.3831990794016111,0.8208594881699661
3,29,irregular,1,1018,247,771,164,854,83,0.16110019646365423,0.6639676113360324,4.1214574898785425,0.2592885375494071
3,29,regular,2,1158,1140,18,1135,23,5,0.9801381692573402,0.9956140350877193,1.0157894736842106,0.9878154917319407
3,29,semiregular,2,1266,869,397,856,410,13,0.6761453396524486,0.9850402761795167,1.4568469505178365,0.8018735362997659
3,29,irregular,2,1789,247,1542,246,1543,1,0.13750698714365567,0.9959514170040485,7.242914979757085,0.2416502946954813
3,29,regular,3,328,1140,812,328,0,812,1.0,0.28771929824561404,0.28771929824561404,0.44686648501362397
3,29,semiregular,3,78,869,791,76,2,793,0.9743589743589743,0.08745684695051784,0.08975834292289989,0.16050686378035903
3,29,irregular,3,23,247,224,22,1,225,0.9565217391304348,0.08906882591093117,0.0931174089068826,0.16296296296296295
3,30,regular,1,993,997,4,988,5,9,0.9949647532729103,0.9909729187562688,0.995987963891675,0.9929648241206029
3,30,semiregular,1,881,810,71,744,137,66,0.8444948921679909,0.9185185185185185,1.0876543209876544,0.8799526907155528
3,30,irregular,1,1339,250,1089,200,1139,50,0.14936519790888722,0.8,5.356,0.2517306482064191
3,30,regular,2,1033,997,36,995,38,2,0.9632139399806389,0.9979939819458375,1.0361083249749248,0.9802955665024631
3,30,semiregular,2,1030,810,220,797,233,13,0.7737864077669903,0.9839506172839506,1.271604938271605,0.8663043478260869
3,30,irregular,2,1638,250,1388,242,1396,8,0.14774114774114774,0.968,6.552,0.2563559322033898
3,30,regular,3,800,997,197,800,0,197,1.0,0.802407221664995,0.802407221664995,0.8903728436282694
3,30,semiregular,3,289,810,521,282,7,528,0.9757785467128027,0.34814814814814815,0.3567901234567901,0.5131938125568698
3,30,irregular,3,95,250,155,87,8,163,0.9157894736842105,0.348,0.38,0.5043478260869565
4,1,regular,1,958,937,21,935,23,2,0.975991649269311,0.9978655282817502,1.0224119530416222,0.9868073878627969
4,1,semiregular,1,1017,703,314,689,328,14,0.6774827925270404,0.9800853485064012,1.4466571834992887,0.8011627906976745
4,1,irregular,1,192,199,7,113,79,86,0.5885416666666666,0.5678391959798995,0.964824120603015,0.578005115089514
4,1,regular,2,1034,937,97,937,97,0,0.9061895551257253,1.0,1.103521878335112,0.9507864028411973
4,1,semiregular,2,1052,703,349,669,383,34,0.6359315589353612,0.9516358463726885,1.496443812233286,0.7623931623931625
4,1,irregular,2,1138,199,939,199,939,0,0.17486818980667837,1.0,5.71859296482412,0.2976813762154076
4,1,regular,3,788,937,149,744,44,193,0.9441624365482234,0.7940234791889007,0.8409818569903948,0.862608695652174
4,1,semiregular,3,819,703,116,619,200,84,0.7557997557997558,0.8805120910384068,1.1650071123755334,0.8134034165571616
4,1,irregular,3,779,199,580,182,597,17,0.2336328626444159,0.914572864321608,3.9145728643216082,0.37218813905930465
4,2,regular,1,1201,1224,23,1191,10,33,0.9916736053288926,0.9730392156862745,0.9812091503267973,0.9822680412371134
4,2,semiregular,1,749,647,102,615,134,32,0.8210947930574098,0.9505409582689336,1.1576506955177743,0.8810888252148997
4,2,irregular,1,565,217,348,154,411,63,0.27256637168141595,0.7096774193548387,2.6036866359447006,0.39386189258312027
4,2,regular,2,1245,1224,21,1218,27,6,0.9783132530120482,0.9950980392156863,1.017156862745098,0.9866342648845686
4,2,semiregular,2,857,647,210,647,210,0,0.7549591598599766,1.0,1.3245749613601236,0.8603723404255318
4,2,irregular,2,1437,217,1220,217,1220,0,0.15100904662491302,1.0,6.622119815668203,0.26239419588875457
4,2,regular,3,1090,1224,134,1079,11,145,0.9899082568807339,0.8815359477124183,0.8905228758169934,0.9325842696629213
4,2,semiregular,3,611,647,36,561,50,86,0.9181669394435352,0.8670788253477589,0.9443585780525502,0.891891891891892
4,2,irregular,3,996,217,779,192,804,25,0.1927710843373494,0.8847926267281107,4.589861751152074,0.3165704863973619
4,3,regular,1,1060,1053,7,1048,12,5,0.9886792452830189,0.9952516619183286,1.00664767331434,0.9919545669663985
4,3,semiregular,1,908,716,192,700,208,16,0.7709251101321586,0.9776536312849162,1.2681564245810055,0.8620689655172414
4,3,irregular,1,495,224,271,157,338,67,0.31717171717171716,0.7008928571428571,2.2098214285714284,0.43671766342141866
4,3,regular,2,957,1053,96,948,9,105,0.9905956112852664,0.9002849002849003,0.9088319088319088,0.9432835820895521
4,3,semiregular,2,498,716,218,418,80,298,0.8393574297188755,0.5837988826815642,0.6955307262569832,0.6886326194398681
4,3,irregular,2,14,224,210,14,0,210,1.0,0.0625,0.0625,0.11764705882352941
4,3,regular,3,911,1053,142,905,6,148,0.9934138309549945,0.8594491927825261,0.8651471984805318,0.9215885947046842
4,3,semiregular,3,674,716,42,579,95,137,0.8590504451038575,0.8086592178770949,0.9413407821229051,0.8330935251798561
4,3,irregular,3,944,224,720,197,747,27,0.2086864406779661,0.8794642857142857,4.214285714285714,0.33732876712328763
4,4,regular,1,1141,1101,40,1098,43,3,0.9623137598597721,0.997275204359673,1.036330608537693,0.9794826048171275
4,4,semiregular,1,789,614,175,562,227,52,0.7122940430925222,0.9153094462540716,1.285016286644951,0.8011404133998575
4,4,irregular,1,273,228,45,129,144,99,0.4725274725274725,0.5657894736842105,1.1973684210526316,0.5149700598802395
4,4,regular,2,1162,1101,61,1101,61,0,0.9475043029259896,1.0,1.0554041780199819,0.9730446310207689
4,4,semiregular,2,932,614,318,600,332,14,0.6437768240343348,0.9771986970684039,1.517915309446254,0.7761966364812419
4,4,irregular,2,1454,228,1226,219,1235,9,0.15061898211829436,0.9605263157894737,6.37719298245614,0.26040428061831156
4,4,regular,3,197,1101,904,184,13,917,0.934010152284264,0.16712079927338783,0.17892824704813806,0.2835130970724191
4,4,semiregular,3,484,614,130,345,139,269,0.7128099173553719,0.5618892508143323,0.7882736156351792,0.6284153005464481
4,4,irregular,3,901,228,673,121,780,107,0.13429522752497225,0.5307017543859649,3.9517543859649122,0.21434898139946854
4,5,regular,1,1063,1044,19,1044,19,0,0.9821260583254939,1.0,1.0181992337164751,0.9909824394874229
4,5,semiregular,1,1025,668,357,660,365,8,0.6439024390243903,0.9880239520958084,1.534431137724551,0.7796810395747195
4,5,irregular,1,648,217,431,131,517,86,0.2021604938271605,0.6036866359447005,2.986175115207373,0.30289017341040464
4,5,regular,2,963,1044,81,954,9,90,0.9906542056074766,0.9137931034482759,0.9224137931034483,0.9506726457399103
4,5,semiregular,2,325,668,343,238,87,430,0.7323076923076923,0.3562874251497006,0.4865269461077844,0.4793554884189325
4,5,irregular,2,92,217,125,1,91,216,0.010869565217391304,0.004608294930875576,0.423963133640553,0.006472491909385113
4,5,regular,3,861,1044,183,855,6,189,0.9930313588850174,0.8189655172413793,0.8247126436781609,0.8976377952755905
4,5,semiregular,3,783,668,115,578,205,90,0.7381864623243933,0.8652694610778443,1.1721556886227544,0.7966919365954515
4,5,irregular,3,1172,217,955,202,970,15,0.17235494880546076,0.9308755760368663,5.400921658986175,0.2908567314614831
4,6,regular,1,940,915,25,909,31,6,0.9670212765957447,0.9934426229508196,1.0273224043715847,0.9800539083557951
4,6,semiregular,1,727,701,26,588,139,113,0.8088033012379643,0.8388017118402282,1.037089871611983,0.8235294117647058
4,6,irregular,1,193,195,2,56,137,139,0.29015544041450775,0.28717948717948716,0.9897435897435898,0.28865979381443296
4,6,regular,2,1001,915,86,914,87,1,0.913086913086913,0.9989071038251366,1.0939890710382514,0.954070981210856
4,6,semiregular,2,870,701,169,662,208,39,0.7609195402298851,0.9443651925820257,1.2410841654778888,0.8427753023551878
4,6,irregular,2,782,195,587,142,640,53,0.1815856777493606,0.7282051282051282,4.01025641025641,0.2906857727737973
4,6,regular,3,389,915,526,360,29,555,0.9254498714652957,0.39344262295081966,0.42513661202185793,0.5521472392638036
4,6,semiregular,3,479,701,222,381,98,320,0.7954070981210856,0.543509272467903,0.6833095577746077,0.6457627118644068
4,6,irregular,3,1024,195,829,131,893,64,0.1279296875,0.6717948717948717,5.251282051282051,0.21493027071369977
4,7,regular,1,1213,1230,17,1201,12,29,0.9901071723000825,0.9764227642276423,0.9861788617886179,0.9832173557101924
4,7,semiregular,1,1140,761,379,754,386,7,0.6614035087719298,0.9908015768725361,1.4980289093298291,0.7932667017359284
4,7,irregular,1,919,225,694,153,766,72,0.16648531011969533,0.68,4.084444444444444,0.2674825174825175
4,7,regular,2,394,1230,836,386,8,844,0.9796954314720813,0.31382113821138213,0.3203252032520325,0.4753694581280789
4,7,semiregular,2,149,761,612,94,55,667,0.6308724832214765,0.12352168199737187,0.19579500657030224,0.20659340659340658
4,7,irregular,2,1485,225,1260,173,1312,52,0.1164983164983165,0.7688888888888888,6.6,0.2023391812865497
4,7,regular,3,745,1230,485,733,12,497,0.9838926174496644,0.5959349593495935,0.6056910569105691,0.7422784810126583
4,7,semiregular,3,839,761,78,658,181,103,0.7842669845053635,0.8646517739816032,1.1024967148488831,0.8225
4,7,irregular,3,1298,225,1073,183,1115,42,0.14098613251155623,0.8133333333333334,5.768888888888889,0.24031516743269862
4,8,regular,1,1050,1035,15,1028,22,7,0.979047619047619,0.9932367149758454,1.0144927536231885,0.9860911270983213
4,8,semiregular,1,899,827,72,715,184,112,0.7953281423804227,0.8645707376058042,1.0870616686819832,0.828505214368482
4,8,irregular,1,565,243,322,122,443,121,0.215929203539823,0.5020576131687243,2.325102880658436,0.30198019801980197
4,8,regular,2,1057,1035,22,1028,29,7,0.9725638599810785,0.9932367149758454,1.021256038647343,0.9827915869980879
4,8,semiregular,2,1001,827,174,760,241,67,0.7592407592407593,0.9189842805320435,1.2103990326481258,0.8315098468271336
4,8,irregular,2,1050,243,807,116,934,127,0.11047619047619048,0.4773662551440329,4.320987654320987,0.1794276875483372
4,8,regular,3,939,1035,96,933,6,102,0.9936102236421726,0.9014492753623189,0.9072463768115943,0.9452887537993923
4,8,semiregular,3,689,827,138,583,106,244,0.8461538461538461,0.7049576783555018,0.8331318016928658,0.7691292875989445
4,8,irregular,3,1285,243,1042,182,1103,61,0.14163424124513618,0.7489711934156379,5.288065843621399,0.23821989528795812
4,9,regular,1,1113,1107,6,1100,13,7,0.9883198562443846,0.993676603432701,1.005420054200542,0.9909909909909911
4,9,semiregular,1,649,701,52,567,82,134,0.8736517719568567,0.8088445078459344,0.9258202567760342,0.8400000000000001
4,9,irregular,1,432,266,166,117,315,149,0.2708333333333333,0.4398496240601504,1.6240601503759398,0.335243553008596
4,9,regular,2,1126,1107,19,1107,19,0,0.9831261101243339,1.0,1.017163504968383,0.9914912673533363
4,9,semiregular,2,820,701,119,673,147,28,0.8207317073170731,0.9600570613409415,1.1697574893009985,0.8849441157133464
4,9,irregular,2,1825,266,1559,264,1561,2,0.14465753424657535,0.9924812030075187,6.860902255639098,0.25251076040172166
4,9,regular,3,502,1107,605,493,9,614,0.9820717131474104,0.44534778681120146,0.45347786811201446,0.612802983219391
4,9,semiregular,3,313,701,388,269,44,432,0.8594249201277955,0.38373751783166904,0.44650499286733236,0.5305719921104536
4,9,irregular,3,1192,266,926,166,1026,100,0.13926174496644295,0.6240601503759399,4.481203007518797,0.22770919067215364
4,10,regular,1,1034,1014,20,1007,27,7,0.9738878143133463,0.9930966469428008,1.0197238658777121,0.9833984374999999
4,10,semiregular,1,819,656,163,638,181,18,0.778998778998779,0.9725609756097561,1.2484756097560976,0.8650847457627119
4,10,irregular,1,459,247,212,172,287,75,0.3747276688453159,0.6963562753036437,1.8582995951417005,0.48725212464589235
4,10,regular,2,1090,1014,76,1014,76,0,0.9302752293577982,1.0,1.0749506903353057,0.9638783269961978
4,10,semiregular,2,946,656,290,650,296,6,0.6871035940803383,0.9908536585365854,1.4420731707317074,0.8114856429463172
4,10,irregular,2,1570,247,1323,247,1323,0,0.1573248407643312,1.0,6.3562753036437245,0.2718767198679141
4,10,regular,3,878,1014,136,861,17,153,0.9806378132118451,0.849112426035503,0.8658777120315582,0.9101479915433405
4,10,semiregular,3,597,656,59,524,73,132,0.8777219430485762,0.7987804878048781,0.9100609756097561,0.8363926576217079
4,10,irregular,3,741,247,494,208,533,39,0.2807017543859649,0.8421052631578947,3.0,0.42105263157894735
4,11,regular,1,1100,1070,30,1068,32,2,0.9709090909090909,0.9981308411214953,1.02803738317757,0.9843317972350231
4,11,semiregular,1,856,700,156,667,189,33,0.7792056074766355,0.9528571428571428,1.2228571428571429,0.8573264781491002
4,11,irregular,1,488,239,249,139,349,100,0.2848360655737705,0.5815899581589958,2.0418410041841004,0.38239339752407153
4,11,regular,2,0,1070,1070,0,0,1070,-1,-1,0.0,-1
4,11,semiregular,2,2,700,698,1,1,699,0.5,0.0014285714285714286,0.002857142857142857,0.0028490028490028487
4,11,irregular,2,3,239,236,0,3,239,-1,-1,0.012552301255230125,-1
4,11,regular,3,442,1070,628,437,5,633,0.9886877828054299,0.40841121495327104,0.4130841121495327,0.578042328042328
4,11,semiregular,3,631,700,69,504,127,196,0.7987321711568938,0.72,0.9014285714285715,0.7573253193087903
4,11,irregular,3,983,239,744,152,831,87,0.15462868769074262,0.6359832635983264,4.112970711297071,0.24877250409165302
4,12,regular,1,1052,1007,45,1007,45,0,0.9572243346007605,1.0,1.044687189672294,0.9781447304516756
4,12,semiregular,1,891,641,250,610,281,31,0.6846240179573513,0.9516380655226209,1.390015600624025,0.7963446475195822
4,12,irregular,1,538,204,334,152,386,52,0.2825278810408922,0.7450980392156863,2.6372549019607843,0.40970350404312667
4,12,regular,2,1105,1007,98,1007,98,0,0.9113122171945701,1.0,1.0973187686196624,0.9535984848484849
4,12,semiregular,2,903,641,262,606,297,35,0.6710963455149501,0.9453978159126365,1.4087363494539782,0.7849740932642486
4,12,irregular,2,970,204,766,182,788,22,0.18762886597938144,0.8921568627450981,4.754901960784314,0.31005110732538327
4,12,regular,3,330,1007,677,324,6,683,0.9818181818181818,0.3217477656405164,0.32770605759682225,0.4846671652954376
4,12,semiregular,3,564,641,77,406,158,235,0.7198581560283688,0.6333853354134166,0.8798751950078003,0.6738589211618257
4,12,irregular,3,1016,204,812,96,920,108,0.09448818897637795,0.47058823529411764,4.980392156862745,0.15737704918032788
4,13,regular,1,1012,1000,12,997,15,3,0.9851778656126482,0.997,1.012,0.9910536779324055
4,13,semiregular,1,911,815,96,768,143,47,0.8430296377607025,0.9423312883435583,1.1177914110429448,0.8899188876013906
4,13,irregular,1,569,216,353,80,489,136,0.140597539543058,0.37037037037037035,2.634259259259259,0.20382165605095545
4,13,regular,2,1048,1000,48,1000,48,0,0.9541984732824428,1.0,1.048,0.9765625
4,13,semiregular,2,781,815,34,656,125,159,0.8399487836107554,0.8049079754601227,0.9582822085889571,0.8220551378446116
4,13,irregular,2,1878,216,1662,164,1714,52,0.08732694355697551,0.7592592592592593,8.694444444444445,0.15663801337153774
4,13,regular,3,832,1000,168,827,5,173,0.9939903846153846,0.827,0.832,0.9028384279475983
4,13,semiregular,3,637,815,178,534,103,281,0.8383045525902669,0.6552147239263804,0.7815950920245399,0.7355371900826446
4,13,irregular,3,1494,216,1278,129,1365,87,0.08634538152610442,0.5972222222222222,6.916666666666667,0.15087719298245617
4,14,regular,1,1049,1052,3,1047,2,5,0.998093422306959,0.9952471482889734,0.997148288973384,0.9966682532127558
4,14,semiregular,1,1148,913,235,865,283,48,0.7534843205574913,0.9474260679079957,1.257393209200438,0.8393983503153809
4,14,irregular,1,349,217,132,101,248,116,0.28939828080229224,0.46543778801843316,1.608294930875576,0.3568904593639576
4,14,regular,2,1050,1052,2,1044,6,8,0.9942857142857143,0.9923954372623575,0.9980988593155894,0.9933396764985728
4,14,semiregular,2,1274,913,361,897,377,16,0.7040816326530612,0.9824753559693319,1.3953997809419496,0.8203017832647462
4,14,irregular,2,1440,217,1223,191,1249,26,0.1326388888888889,0.880184331797235,6.635944700460829,0.23053711526855766
4,14,regular,3,57,1052,995,52,5,1000,0.9122807017543859,0.049429657794676805,0.05418250950570342,0.09377817853922452
4,14,semiregular,3,563,913,350,463,100,450,0.822380106571936,0.5071193866374589,0.6166484118291348,0.6273712737127372
4,14,irregular,3,725,217,508,52,673,165,0.07172413793103448,0.23963133640552994,3.3410138248847927,0.11040339702760084
4,15,regular,1,1014,964,50,964,50,0,0.9506903353057199,1.0,1.0518672199170125,0.974721941354904
4,15,semiregular,1,962,774,188,756,206,18,0.7858627858627859,0.9767441860465116,1.2428940568475453,0.870967741935484
4,15,irregular,1,421,218,203,146,275,72,0.34679334916864607,0.6697247706422018,1.9311926605504588,0.45696400625978084
4,15,regular,2,223,964,741,222,1,742,0.9955156950672646,0.23029045643153526,0.23132780082987553,0.3740522325189553
4,15,semiregular,2,255,774,519,205,50,569,0.803921568627451,0.2648578811369509,0.32945736434108525,0.39844509232264336
4,15,irregular,2,95,218,123,38,57,180,0.4,0.1743119266055046,0.43577981651376146,0.2428115015974441
4,15,regular,3,743,964,221,736,7,228,0.990578734858681,0.7634854771784232,0.770746887966805,0.862331575864089
4,15,semiregular,3,687,774,87,575,112,199,0.8369723435225619,0.7428940568475452,0.8875968992248062,0.7871321013004792
4,15,irregular,3,1083,218,865,167,916,51,0.15420129270544783,0.7660550458715596,4.967889908256881,0.25672559569561876
4,16,regular,1,1125,1109,16,1106,19,3,0.9831111111111112,0.9972948602344455,1.0144274120829577,0.990152193375112
4,16,semiregular,1,826,681,145,640,186,41,0.774818401937046,0.9397944199706314,1.2129221732745963,0.8493696084936961
4,16,irregular,1,603,272,331,139,464,133,0.23051409618573798,0.5110294117647058,2.2169117647058822,0.3177142857142857
4,16,regular,2,976,1109,133,971,5,138,0.9948770491803278,0.8755635707844905,0.8800721370604148,0.9314148681055155
4,16,semiregular,2,534,681,147,413,121,268,0.7734082397003745,0.6064610866372981,0.7841409691629956,0.679835390946502
4,16,irregular,2,653,272,381,227,426,45,0.34762633996937214,0.8345588235294118,2.400735294117647,0.49081081081081085
4,16,regular,3,863,1109,246,854,9,255,0.9895712630359212,0.7700631199278629,0.7781785392245266,0.8661257606490872
4,16,semiregular,3,720,681,39,597,123,84,0.8291666666666667,0.8766519823788547,1.0572687224669604,0.8522483940042827
4,16,irregular,3,1040,272,768,243,797,29,0.23365384615384616,0.8933823529411765,3.823529411764706,0.37042682926829273
4,17,regular,1,1046,1029,17,1028,18,1,0.982791586998088,0.9990281827016521,1.0165208940719144,0.9908433734939759
4,17,semiregular,1,930,837,93,761,169,76,0.8182795698924731,0.9091995221027479,1.1111111111111112,0.8613469156762875
4,17,irregular,1,679,240,439,142,537,98,0.20913107511045656,0.5916666666666667,2.8291666666666666,0.309031556039173
4,17,regular,2,1098,1029,69,1029,69,0,0.9371584699453552,1.0,1.0670553935860059,0.9675599435825106
4,17,semiregular,2,1066,837,229,814,252,23,0.7636022514071295,0.972520908004779,1.2735961768219832,0.8554913294797688
4,17,irregular,2,1948,240,1708,239,1709,1,0.12268993839835729,0.9958333333333333,8.116666666666667,0.21846435100548448
4,17,regular,3,846,1029,183,839,7,190,0.991725768321513,0.815354713313897,0.8221574344023324,0.8949333333333334
4,17,semiregular,3,803,837,34,696,107,141,0.8667496886674969,0.8315412186379928,0.959378733572282,0.848780487804878
4,17,irregular,3,1316,240,1076,201,1115,39,0.15273556231003038,0.8375,5.483333333333333,0.25835475578406164
4,18,regular,1,1053,1044,9,1039,14,5,0.9867046533713201,0.9952107279693486,1.0086206896551724,0.9909394372913686
4,18,semiregular,1,914,801,113,750,164,51,0.8205689277899344,0.9363295880149812,1.1410736579275904,0.8746355685131195
4,18,irregular,1,792,252,540,149,643,103,0.18813131313131312,0.5912698412698413,3.142857142857143,0.2854406130268199
4,18,regular,2,1136,1044,92,1044,92,0,0.9190140845070423,1.0,1.0881226053639848,0.9577981651376147
4,18,semiregular,2,1040,801,239,772,268,29,0.7423076923076923,0.9637952559300874,1.2983770287141074,0.8386746333514394
4,18,irregular,2,1451,252,1199,251,1200,1,0.1729841488628532,0.996031746031746,5.757936507936508,0.2947739283617147
4,18,regular,3,883,1044,161,876,7,168,0.9920724801812004,0.8390804597701149,0.8457854406130269,0.9091852620653866
4,18,semiregular,3,770,801,31,685,85,116,0.8896103896103896,0.8551810237203495,0.9612983770287141,0.8720560152768937
4,18,irregular,3,1022,252,770,230,792,22,0.22504892367906065,0.9126984126984127,4.055555555555555,0.3610675039246468
4,19,regular,1,961,1076,115,921,40,155,0.9583766909469302,0.8559479553903345,0.8931226765799256,0.9042709867452136
4,19,semiregular,1,737,753,16,616,121,137,0.835820895522388,0.8180610889774237,0.9787516600265604,0.8268456375838927
4,19,irregular,1,255,245,10,114,141,131,0.4470588235294118,0.46530612244897956,1.0408163265306123,0.45599999999999996
4,19,regular,2,1109,1076,33,1073,36,3,0.9675383228133454,0.9972118959107806,1.0306691449814127,0.9821510297482838
4,19,semiregular,2,866,753,113,714,152,39,0.8244803695150116,0.9482071713147411,1.150066401062417,0.8820259419394688
4,19,irregular,2,1200,245,955,227,973,18,0.18916666666666668,0.926530612244898,4.8979591836734695,0.31418685121107265
4,19,regular,3,898,1076,178,892,6,184,0.9933184855233853,0.828996282527881,0.8345724907063197,0.9037487335359676
4,19,semiregular,3,739,753,14,644,95,109,0.871447902571042,0.8552456839309429,0.9814077025232404,0.8632707774798928
4,19,irregular,3,933,245,688,211,722,34,0.22615219721329047,0.8612244897959184,3.8081632653061224,0.3582342954159593
4,20,regular,1,1148,1251,103,1144,4,107,0.9965156794425087,0.9144684252597922,0.9176658673061551,0.9537307211338057
4,20,semiregular,1,889,841,48,730,159,111,0.8211473565804275,0.8680142687277052,1.0570749108204518,0.8439306358381503
4,20,irregular,1,584,252,332,126,458,126,0.21575342465753425,0.5,2.3174603174603177,0.3014354066985646
4,20,regular,2,482,1251,769,478,4,773,0.991701244813278,0.3820943245403677,0.3852917665867306,0.5516445470282747
4,20,semiregular,2,973,841,132,774,199,67,0.7954779033915724,0.920332936979786,1.1569560047562426,0.8533627342888643
4,20,irregular,2,390,252,138,159,231,93,0.4076923076923077,0.6309523809523809,1.5476190476190477,0.4953271028037383
4,20,regular,3,939,1251,312,930,9,321,0.9904153354632588,0.7434052757793765,0.750599520383693,0.8493150684931506
4,20,semiregular,3,789,841,52,645,144,196,0.8174904942965779,0.7669441141498217,0.9381688466111772,0.7914110429447854
4,20,irregular,3,903,252,651,192,711,60,0.21262458471760798,0.7619047619047619,3.5833333333333335,0.33246753246753247
4,21,regular,1,956,920,36,918,38,2,0.9602510460251046,0.9978260869565218,1.0391304347826087,0.9786780383795308
4,21,semiregular,1,906,549,357,522,384,27,0.5761589403973509,0.9508196721311475,1.650273224043716,0.7175257731958763
4,21,irregular,1,321,204,117,134,187,70,0.4174454828660436,0.6568627450980392,1.5735294117647058,0.5104761904761905
4,21,regular,2,984,920,64,920,64,0,0.9349593495934959,1.0,1.0695652173913044,0.9663865546218486
4,21,semiregular,2,886,549,337,495,391,54,0.5586907449209932,0.9016393442622951,1.6138433515482695,0.6898954703832754
4,21,irregular,2,697,204,493,143,554,61,0.20516499282639886,0.7009803921568627,3.4166666666666665,0.3174250832408435
4,21,regular,3,208,920,712,203,5,717,0.9759615384615384,0.22065217391304348,0.22608695652173913,0.3599290780141844
4,21,semiregular,3,592,549,43,377,215,172,0.6368243243243243,0.6867030965391621,1.0783242258652095,0.6608238387379491
4,21,irregular,3,882,204,678,92,790,112,0.10430839002267574,0.45098039215686275,4.323529411764706,0.1694290976058932
4,22,regular,1,1002,946,56,939,63,7,0.937125748502994,0.992600422832981,1.0591966173361522,0.9640657084188912
4,22,semiregular,1,889,703,186,658,231,45,0.7401574803149606,0.9359886201991465,1.2645803698435278,0.8266331658291458
4,22,irregular,1,497,247,250,170,327,77,0.3420523138832998,0.6882591093117408,2.0121457489878543,0.45698924731182805
4,22,regular,2,1030,946,84,946,84,0,0.9184466019417475,1.0,1.0887949260042282,0.9574898785425101
4,22,semiregular,2,1033,703,330,684,349,19,0.6621490803484995,0.972972972972973,1.469416785206259,0.7880184331797235
4,22,irregular,2,1519,247,1272,243,1276,4,0.15997366688610928,0.9838056680161943,6.149797570850202,0.27519818799547
4,22,regular,3,614,946,332,597,17,349,0.9723127035830619,0.63107822410148,0.6490486257928119,0.7653846153846154
4,22,semiregular,3,820,703,117,640,180,63,0.7804878048780488,0.9103840682788051,1.166429587482219,0.8404464871963231
4,22,irregular,3,967,247,720,168,799,79,0.1737331954498449,0.680161943319838,3.91497975708502,0.2767710049423394
4,23,regular,1,987,999,12,961,26,38,0.9736575481256332,0.9619619619619619,0.987987987987988,0.9677744209466262
4,23,semiregular,1,1198,835,363,829,369,6,0.6919866444073456,0.9928143712574851,1.4347305389221556,0.8155435317265126
4,23,irregular,1,1871,266,1605,219,1652,47,0.11704970603955105,0.8233082706766918,7.033834586466165,0.2049602246139448
4,23,regular,2,1005,999,6,951,54,48,0.9462686567164179,0.9519519519519519,1.006006006006006,0.9491017964071857
4,23,semiregular,2,1178,835,343,826,352,9,0.7011884550084889,0.9892215568862276,1.4107784431137724,0.8206656731246895
4,23,irregular,2,2351,266,2085,266,2085,0,0.113143343258188,1.0,8.838345864661655,0.20328620557890714
4,23,regular,3,914,999,85,880,34,119,0.962800875273523,0.8808808808808809,0.914914914914915,0.9200209095661265
4,23,semiregular,3,757,835,78,609,148,226,0.8044914134742405,0.7293413173652694,0.9065868263473054,0.7650753768844222
4,23,irregular,3,1595,266,1329,216,1379,50,0.135423197492163,0.8120300751879699,5.996240601503759,0.2321332616872649
4,24,regular,1,1087,1079,8,1072,15,7,0.9862005519779209,0.9935125115848007,1.0074142724745134,0.989843028624192
4,24,semiregular,1,714,680,34,610,104,70,0.8543417366946778,0.8970588235294118,1.05,0.8751793400286945
4,24,irregular,1,598,247,351,135,463,112,0.225752508361204,0.5465587044534413,2.4210526315789473,0.31952662721893493
4,24,regular,2,1091,1079,12,1072,19,7,0.9825847846012832,0.9935125115848007,1.0111214087117701,0.9880184331797235
4,24,semiregular,2,831,680,151,670,161,10,0.8062575210589651,0.9852941176470589,1.2220588235294119,0.886829913964262
4,24,irregular,2,1944,247,1697,247,1697,0,0.12705761316872427,1.0,7.870445344129554,0.22546782291191236
4,24,regular,3,708,1079,371,699,9,380,0.9872881355932204,0.6478220574606117,0.6561631139944393,0.7823167319529939
4,24,semiregular,3,550,680,130,478,72,202,0.8690909090909091,0.7029411764705882,0.8088235294117647,0.7772357723577236
4,24,irregular,3,1231,247,984,155,1076,92,0.12591389114541024,0.6275303643724697,4.983805668016195,0.20974289580514205
4,25,regular,1,983,946,37,944,39,2,0.960325534079349,0.9978858350951374,1.0391120507399578,0.9787454639709693
4,25,semiregular,1,887,718,169,674,213,44,0.7598647125140925,0.9387186629526463,1.2353760445682451,0.8398753894080997
4,25,irregular,1,978,207,771,142,836,65,0.14519427402862986,0.6859903381642513,4.72463768115942,0.23966244725738398
4,25,regular,2,987,946,41,946,41,0,0.9584599797365755,1.0,1.0433403805496828,0.9787894464562856
4,25,semiregular,2,1004,718,286,680,324,38,0.6772908366533864,0.947075208913649,1.3983286908077994,0.7897793263646922
4,25,irregular,2,1763,207,1556,138,1625,69,0.07827566647759501,0.6666666666666666,8.516908212560386,0.1401015228426396
4,25,regular,3,606,946,340,599,7,347,0.9884488448844885,0.6331923890063424,0.6405919661733616,0.7719072164948453
4,25,semiregular,3,720,718,2,596,124,122,0.8277777777777777,0.83008356545961,1.0027855153203342,0.8289290681502086
4,25,irregular,3,1705,207,1498,170,1535,37,0.09970674486803519,0.821256038647343,8.23671497584541,0.17782426778242674
4,26,regular,1,1015,985,30,984,31,1,0.9694581280788177,0.9989847715736041,1.0304568527918783,0.984
4,26,semiregular,1,887,720,167,674,213,46,0.7598647125140925,0.9361111111111111,1.2319444444444445,0.8388301182327318
4,26,irregular,1,731,214,517,173,558,41,0.23666210670314639,0.8084112149532711,3.4158878504672896,0.36613756613756615
4,26,regular,2,1005,985,20,969,36,16,0.9641791044776119,0.983756345177665,1.0203045685279188,0.9738693467336684
4,26,semiregular,2,809,720,89,621,188,99,0.7676143386897404,0.8625,1.1236111111111111,0.8122956180510137
4,26,irregular,2,1446,214,1232,184,1262,30,0.1272475795297372,0.8598130841121495,6.757009345794392,0.2216867469879518
4,26,regular,3,61,985,924,51,10,934,0.8360655737704918,0.05177664974619289,0.06192893401015229,0.09751434034416827
4,26,semiregular,3,404,720,316,291,113,429,0.7202970297029703,0.4041666666666667,0.5611111111111111,0.5177935943060498
4,26,irregular,3,1100,214,886,100,1000,114,0.09090909090909091,0.4672897196261682,5.140186915887851,0.15220700152207
4,27,regular,1,1156,1166,10,1148,8,18,0.9930795847750865,0.9845626072041166,0.9914236706689536,0.9888027562446168
4,27,semiregular,1,837,728,109,650,187,78,0.7765830346475507,0.8928571428571429,1.1497252747252746,0.8306709265175719
4,27,irregular,1,1429,270,1159,182,1247,88,0.12736179146256124,0.674074074074074,5.292592592592593,0.2142436727486757
4,27,regular,2,1176,1166,10,1159,17,7,0.9855442176870748,0.9939965694682675,1.0085763293310464,0.9897523484201537
4,27,semiregular,2,978,728,250,693,285,35,0.7085889570552147,0.9519230769230769,1.3434065934065933,0.8124267291910904
4,27,irregular,2,2200,270,1930,251,1949,19,0.11409090909090909,0.9296296296296296,8.148148148148149,0.20323886639676114
4,27,regular,3,1027,1166,139,1019,8,147,0.9922103213242454,0.8739279588336192,0.8807890222984562,0.9293205654354765
4,27,semiregular,3,766,728,38,640,126,88,0.835509138381201,0.8791208791208791,1.0521978021978022,0.8567603748326639
4,27,irregular,3,1639,270,1369,236,1403,34,0.14399023794996949,0.8740740740740741,6.07037037037037,0.2472498690413829
4,28,regular,1,1112,1098,14,1094,18,4,0.9838129496402878,0.9963570127504554,1.0127504553734061,0.9900452488687783
4,28,semiregular,1,1017,859,158,820,197,39,0.8062930186823992,0.9545983701979045,1.1839348079161816,0.8742004264392323
4,28,irregular,1,1973,293,1680,224,1749,69,0.11353269133299544,0.764505119453925,6.733788395904437,0.19770520741394526
4,28,regular,2,1144,1098,46,1098,46,0,0.9597902097902098,1.0,1.041894353369763,0.9794826048171276
4,28,semiregular,2,1109,859,250,846,263,13,0.7628494138863842,0.9848661233993015,1.291036088474971,0.8597560975609756
4,28,irregular,2,1424,293,1131,259,1165,34,0.1818820224719101,0.8839590443686007,4.860068259385666,0.3016889924286546
4,28,regular,3,942,1098,156,930,12,168,0.9872611464968153,0.8469945355191257,0.8579234972677595,0.9117647058823529
4,28,semiregular,3,787,859,72,687,100,172,0.8729351969504447,0.79976717112922,0.9161816065192084,0.8347509113001216
4,28,irregular,3,1918,293,1625,259,1659,34,0.13503649635036497,0.8839590443686007,6.546075085324232,0.23428312980551785
4,29,regular,1,1158,1140,18,1139,19,1,0.9835924006908463,0.9991228070175439,1.0157894736842106,0.991296779808529
4,29,semiregular,1,1246,869,377,849,397,20,0.6813804173354735,0.9769850402761795,1.433831990794016,0.802836879432624
4,29,irregular,1,854,247,607,166,688,81,0.19437939110070257,0.6720647773279352,3.45748987854251,0.30154405086285196
4,29,regular,2,1163,1140,23,1133,30,7,0.9742046431642304,0.993859649122807,1.0201754385964912,0.9839339991315675
4,29,semiregular,2,1259,869,390,838,421,31,0.6656076250992852,0.9643268124280783,1.4487917146144995,0.7875939849624061
4,29,irregular,2,1688,247,1441,237,1451,10,0.14040284360189573,0.9595141700404858,6.834008097165992,0.24496124031007754
4,29,regular,3,331,1140,809,326,5,814,0.9848942598187311,0.28596491228070176,0.29035087719298247,0.44323589394969404
4,29,semiregular,3,987,869,118,777,210,92,0.7872340425531915,0.8941311852704258,1.1357882623705409,0.8372844827586207
4,29,irregular,3,1109,247,862,162,947,85,0.1460775473399459,0.6558704453441295,4.489878542510121,0.23893805309734512
4,30,regular,1,1011,997,14,993,18,4,0.9821958456973294,0.995987963891675,1.0140421263791375,0.9890438247011953
4,30,semiregular,1,920,810,110,764,156,46,0.8304347826086956,0.9432098765432099,1.1358024691358024,0.8832369942196532
4,30,irregular,1,1341,250,1091,196,1145,54,0.14615958240119314,0.784,5.364,0.24638592080452545
4,30,regular,2,1017,997,20,997,20,0,0.9803343166175025,1.0,1.020060180541625,0.9900695134061569
4,30,semiregular,2,1022,810,212,798,224,12,0.7808219178082192,0.9851851851851852,1.2617283950617284,0.8711790393013101
4,30,irregular,2,430,250,180,203,227,47,0.4720930232558139,0.812,1.72,0.5970588235294116
4,30,regular,3,560,997,437,554,6,443,0.9892857142857143,0.555667001003009,0.5616850551654965,0.7116249197174053
4,30,semiregular,3,664,810,146,579,85,231,0.8719879518072289,0.7148148148148148,0.8197530864197531,0.7856173677069198
4,30,irregular,3,1757,250,1507,166,1591,84,0.09447922595332954,0.664,7.028,0.16542102640757347
5,1,regular,1,921,937,16,913,8,24,0.991313789359392,0.9743863393810032,0.9829242262540021,0.9827771797631862
5,1,semiregular,1,1048,703,345,692,356,11,0.6603053435114504,0.984352773826458,1.4907539118065434,0.7904054825813821
5,1,irregular,1,387,199,188,167,220,32,0.4315245478036176,0.8391959798994975,1.9447236180904524,0.5699658703071673
5,1,regular,2,1006,937,69,937,69,0,0.9314115308151093,1.0,1.0736392742796157,0.9644879053010808
5,1,semiregular,2,1133,703,430,697,436,6,0.6151809355692851,0.9914651493598862,1.6116642958748222,0.7592592592592593
5,1,irregular,2,1029,199,830,198,831,1,0.1924198250728863,0.9949748743718593,5.1708542713567835,0.32247557003257327
5,1,regular,3,870,937,67,818,52,119,0.9402298850574713,0.8729989327641409,0.928495197438634,0.9053680132816823
5,1,semiregular,3,832,703,129,622,210,81,0.7475961538461539,0.8847795163584637,1.1834992887624467,0.8104234527687296
5,1,irregular,3,885,199,686,186,699,13,0.21016949152542372,0.9346733668341709,4.447236180904523,0.3431734317343173
5,2,regular,1,1204,1224,20,1196,8,28,0.9933554817275747,0.9771241830065359,0.9836601307189542,0.985172981878089
5,2,semiregular,1,766,647,119,623,143,24,0.8133159268929504,0.9629057187017002,1.1839258114374034,0.8818117480537861
5,2,irregular,1,742,217,525,171,571,46,0.23045822102425875,0.7880184331797235,3.4193548387096775,0.35662148070907196
5,2,regular,2,1184,1224,40,1163,21,61,0.9822635135135135,0.9501633986928104,0.9673202614379085,0.9659468438538206
5,2,semiregular,2,817,647,170,646,171,1,0.7906976744186046,0.9984544049459042,1.2627511591962906,0.8825136612021858
5,2,irregular,2,1382,217,1165,217,1165,0,0.15701881331403764,1.0,6.368663594470046,0.2714196372732958
5,2,regular,3,1007,1224,217,1001,6,223,0.9940417080436942,0.8178104575163399,0.8227124183006536,0.8973554459883459
5,2,semiregular,3,231,647,416,223,8,424,0.9653679653679653,0.3446676970633694,0.357032457496136,0.5079726651480638
5,2,irregular,3,819,217,602,134,685,83,0.16361416361416362,0.6175115207373272,3.774193548387097,0.2586872586872587
5,3,regular,1,1030,1053,23,1025,5,28,0.9951456310679612,0.97340930674264,0.9781576448243114,0.984157465194431
5,3,semiregular,1,891,716,175,688,203,28,0.7721661054994389,0.9608938547486033,1.244413407821229,0.8562538892345987
5,3,irregular,1,776,224,552,186,590,38,0.23969072164948454,0.8303571428571429,3.4642857142857144,0.37200000000000005
5,3,regular,2,1001,1053,52,992,9,61,0.991008991008991,0.9420702754036088,0.9506172839506173,0.9659201557935736
5,3,semiregular,2,881,716,165,679,202,37,0.7707150964812712,0.9483240223463687,1.2304469273743017,0.8503443957420163
5,3,irregular,2,279,224,55,159,120,65,0.5698924731182796,0.7098214285714286,1.2455357142857142,0.6322067594433399
5,3,regular,3,992,1053,61,989,3,64,0.9969758064516129,0.9392212725546059,0.9420702754036088,0.9672371638141808
5,3,semiregular,3,461,716,255,423,38,293,0.9175704989154013,0.590782122905028,0.6438547486033519,0.7187765505522514
5,3,irregular,3,292,224,68,143,149,81,0.4897260273972603,0.6383928571428571,1.3035714285714286,0.5542635658914729
5,4,regular,1,1090,1101,11,1080,10,21,0.9908256880733946,0.9809264305177112,0.9900090826521344,0.985851209493382
5,4,semiregular,1,768,614,154,556,212,58,0.7239583333333334,0.9055374592833876,1.250814332247557,0.804630969609262
5,4,irregular,1,429,228,201,162,267,66,0.3776223776223776,0.7105263157894737,1.881578947368421,0.4931506849315068
5,4,regular,2,1110,1101,9,1091,19,10,0.9828828828828828,0.9909173478655767,1.008174386920981,0.9868837630031658
5,4,semiregular,2,920,614,306,614,306,0,0.6673913043478261,1.0,1.498371335504886,0.8005215123859192
5,4,irregular,2,1421,228,1193,228,1193,0,0.16045038705137227,1.0,6.232456140350878,0.2765312310491207
5,4,regular,3,337,1101,764,332,5,769,0.9851632047477745,0.30154405086285196,0.3060853769300636,0.4617524339360222
5,4,semiregular,3,59,614,555,49,10,565,0.8305084745762712,0.07980456026058631,0.09609120521172639,0.14561664190193163
5,4,irregular,3,346,228,118,23,323,205,0.06647398843930635,0.10087719298245613,1.5175438596491229,0.08013937282229966
5,5,regular,1,1045,1044,1,1037,8,7,0.9923444976076555,0.9932950191570882,1.0009578544061302,0.9928195308760172
5,5,semiregular,1,1051,668,383,663,388,5,0.6308277830637488,0.9925149700598802,1.5733532934131738,0.7713787085514834
5,5,irregular,1,770,217,553,189,581,28,0.24545454545454545,0.8709677419354839,3.5483870967741935,0.3829787234042553
5,5,regular,2,1045,1044,1,1032,13,12,0.9875598086124402,0.9885057471264368,1.0009578544061302,0.9880325514600288
5,5,semiregular,2,1000,668,332,654,346,14,0.654,0.9790419161676647,1.4970059880239521,0.7841726618705036
5,5,irregular,2,537,217,320,172,365,45,0.3202979515828678,0.7926267281105991,2.474654377880184,0.45623342175066317
5,5,regular,3,980,1044,64,973,7,71,0.9928571428571429,0.9319923371647509,0.9386973180076629,0.9614624505928854
5,5,semiregular,3,502,668,166,444,58,224,0.8844621513944223,0.6646706586826348,0.7514970059880239,0.7589743589743589
5,5,irregular,3,1305,217,1088,199,1106,18,0.1524904214559387,0.9170506912442397,6.013824884792626,0.2614980289093298
5,6,regular,1,926,915,11,907,19,8,0.9794816414686826,0.9912568306010929,1.0120218579234972,0.9853340575774036
5,6,semiregular,1,758,701,57,604,154,97,0.7968337730870713,0.8616262482168331,1.0813124108416547,0.8279643591501028
5,6,irregular,1,610,195,415,104,506,91,0.17049180327868851,0.5333333333333333,3.128205128205128,0.25838509316770186
5,6,regular,2,995,915,80,915,80,0,0.9195979899497487,1.0,1.0874316939890711,0.9581151832460733
5,6,semiregular,2,910,701,209,684,226,17,0.7516483516483516,0.9757489300998573,1.298145506419401,0.8491620111731842
5,6,irregular,2,1316,195,1121,194,1122,1,0.1474164133738602,0.9948717948717949,6.748717948717949,0.256783587028458
5,6,regular,3,795,915,120,784,11,131,0.9861635220125786,0.8568306010928962,0.8688524590163934,0.9169590643274854
5,6,semiregular,3,347,701,354,325,22,376,0.9365994236311239,0.463623395149786,0.4950071326676177,0.6202290076335878
5,6,irregular,3,125,195,70,79,46,116,0.632,0.40512820512820513,0.6410256410256411,0.49375
5,7,regular,1,1207,1230,23,1195,12,35,0.9900579950289975,0.9715447154471545,0.9813008130081301,0.9807139926138695
5,7,semiregular,1,593,761,168,492,101,269,0.8296795952782462,0.6465177398160316,0.7792378449408672,0.7267355982274741
5,7,irregular,1,606,225,381,81,525,144,0.13366336633663367,0.36,2.6933333333333334,0.19494584837545126
5,7,regular,2,1227,1230,3,1207,20,23,0.9837000814995925,0.9813008130081301,0.9975609756097561,0.9824989824989826
5,7,semiregular,2,1077,761,316,726,351,35,0.6740947075208914,0.9540078843626807,1.4152431011826545,0.7899891186071818
5,7,irregular,2,1883,225,1658,225,1658,0,0.11949017525225704,1.0,8.36888888888889,0.21347248576850095
5,7,regular,3,969,1230,261,958,11,272,0.9886480908152735,0.7788617886178861,0.7878048780487805,0.8713051386994088
5,7,semiregular,3,510,761,251,436,74,325,0.8549019607843137,0.5729303547963206,0.6701708278580815,0.6860739575137687
5,7,irregular,3,675,225,450,113,562,112,0.1674074074074074,0.5022222222222222,3.0,0.2511111111111111
5,8,regular,1,1029,1035,6,1019,10,16,0.9902818270165209,0.9845410628019323,0.9942028985507246,0.9874031007751938
5,8,semiregular,1,918,827,91,731,187,96,0.7962962962962963,0.8839177750906893,1.1100362756952842,0.8378223495702005
5,8,irregular,1,967,243,724,168,799,75,0.1737331954498449,0.691358024691358,3.9794238683127574,0.27768595041322314
5,8,regular,2,885,1035,150,880,5,155,0.9943502824858758,0.8502415458937198,0.855072463768116,0.9166666666666667
5,8,semiregular,2,851,827,24,687,164,140,0.8072855464159812,0.8307134220072552,1.0290205562273278,0.8188319427890345
5,8,irregular,2,844,243,601,140,704,103,0.16587677725118483,0.5761316872427984,3.4732510288065845,0.2575896964121435
5,8,regular,3,995,1035,40,988,7,47,0.992964824120603,0.9545893719806763,0.961352657004831,0.973399014778325
5,8,semiregular,3,491,827,336,451,40,376,0.9185336048879837,0.5453446191051995,0.5937122128174124,0.684370257966616
5,8,irregular,3,783,243,540,146,637,97,0.18646232439335889,0.6008230452674898,3.2222222222222223,0.2846003898635478
5,9,regular,1,1083,1107,24,1078,5,29,0.9953831948291783,0.973803071364047,0.978319783197832,0.9844748858447488
5,9,semiregular,1,704,701,3,614,90,87,0.8721590909090909,0.8758915834522111,1.0042796005706134,0.8740213523131672
5,9,irregular,1,777,266,511,184,593,82,0.23680823680823682,0.6917293233082706,2.9210526315789473,0.35282837967401726
5,9,regular,2,1060,1107,47,1050,10,57,0.9905660377358491,0.948509485094851,0.957542908762421,0.9690816797415783
5,9,semiregular,2,774,701,73,654,120,47,0.8449612403100775,0.9329529243937232,1.1041369472182596,0.886779661016949
5,9,irregular,2,1720,266,1454,264,1456,2,0.15348837209302327,0.9924812030075187,6.466165413533835,0.26586102719033233
5,9,regular,3,989,1107,118,983,6,124,0.993933265925177,0.8879855465221319,0.8934056007226739,0.9379770992366413
5,9,semiregular,3,416,701,285,386,30,315,0.9278846153846154,0.550641940085592,0.5934379457917262,0.6911369740376007
5,9,irregular,3,930,266,664,156,774,110,0.16774193548387098,0.5864661654135338,3.4962406015037595,0.2608695652173913
5,10,regular,1,1045,1014,31,1002,43,12,0.9588516746411483,0.9881656804733728,1.0305719921104537,0.9732880038853812
5,10,semiregular,1,822,656,166,629,193,27,0.7652068126520681,0.9588414634146342,1.2530487804878048,0.8511502029769961
5,10,irregular,1,777,247,530,218,559,29,0.2805662805662806,0.8825910931174089,3.145748987854251,0.42578125
5,10,regular,2,1013,1014,1,981,32,33,0.9684106614017769,0.9674556213017751,0.9990138067061144,0.9679329057720769
5,10,semiregular,2,885,656,229,644,241,12,0.727683615819209,0.9817073170731707,1.3490853658536586,0.835820895522388
5,10,irregular,2,1489,247,1242,247,1242,0,0.16588314304902618,1.0,6.02834008097166,0.2845622119815668
5,10,regular,3,846,1014,168,829,17,185,0.9799054373522459,0.8175542406311637,0.834319526627219,0.8913978494623656
5,10,semiregular,3,602,656,54,513,89,143,0.8521594684385382,0.7820121951219512,0.9176829268292683,0.8155802861685214
5,10,irregular,3,1274,247,1027,216,1058,31,0.1695447409733124,0.8744939271255061,5.157894736842105,0.28402366863905326
5,11,regular,1,1065,1070,5,1059,6,11,0.9943661971830986,0.9897196261682243,0.9953271028037384,0.9920374707259952
5,11,semiregular,1,837,700,137,658,179,42,0.7861409796893668,0.94,1.1957142857142857,0.856213402732596
5,11,irregular,1,674,239,435,171,503,68,0.25370919881305637,0.7154811715481172,2.8200836820083683,0.37458926615553123
5,11,regular,2,747,1070,323,742,5,328,0.9933065595716198,0.6934579439252336,0.6981308411214954,0.8167308750687947
5,11,semiregular,2,705,700,5,554,151,146,0.7858156028368795,0.7914285714285715,1.0071428571428571,0.7886120996441282
5,11,irregular,2,876,239,637,149,727,90,0.17009132420091325,0.6234309623430963,3.6652719665271967,0.2672645739910314
5,11,regular,3,777,1070,293,774,3,296,0.9961389961389961,0.7233644859813084,0.7261682242990655,0.8381158635625339
5,11,semiregular,3,511,700,189,443,68,257,0.8669275929549902,0.6328571428571429,0.73,0.7316267547481421
5,11,irregular,3,368,239,129,131,237,108,0.35597826086956524,0.5481171548117155,1.5397489539748954,0.4316309719934102
5,12,regular,1,1006,1007,1,1001,5,6,0.9950298210735586,0.9940417080436942,0.9990069513406157,0.9945355191256832
5,12,semiregular,1,864,641,223,604,260,37,0.6990740740740741,0.9422776911076443,1.3478939157566303,0.8026578073089702
5,12,irregular,1,757,204,553,179,578,25,0.23645970937912814,0.8774509803921569,3.7107843137254903,0.372528616024974
5,12,regular,2,1093,1007,86,1007,86,0,0.9213174748398902,1.0,1.0854021847070507,0.959047619047619
5,12,semiregular,2,967,641,326,632,335,9,0.6535677352637022,0.9859594383775351,1.5085803432137286,0.7860696517412935
5,12,irregular,2,1522,204,1318,204,1318,0,0.1340341655716163,1.0,7.46078431372549,0.23638470451911936
5,12,regular,3,751,1007,256,750,1,257,0.9986684420772304,0.7447864945382324,0.7457795431976166,0.8532423208191127
5,12,semiregular,3,314,641,327,260,54,381,0.8280254777070064,0.40561622464898595,0.48985959438377535,0.544502617801047
5,12,irregular,3,483,204,279,102,381,102,0.2111801242236025,0.5,2.3676470588235294,0.29694323144104806
5,13,regular,1,982,1000,18,980,2,20,0.9979633401221996,0.98,0.982,0.9889001009081735
5,13,semiregular,1,918,815,103,766,152,49,0.8344226579520697,0.939877300613497,1.1263803680981594,0.8840161569532603
5,13,irregular,1,684,216,468,96,588,120,0.14035087719298245,0.4444444444444444,3.1666666666666665,0.21333333333333335
5,13,regular,2,1000,1000,0,986,14,14,0.986,0.986,1.0,0.986
5,13,semiregular,2,990,815,175,800,190,15,0.8080808080808081,0.9815950920245399,1.2147239263803682,0.8864265927977839
5,13,irregular,2,2196,216,1980,216,1980,0,0.09836065573770492,1.0,10.166666666666666,0.1791044776119403
5,13,regular,3,880,1000,120,871,9,129,0.9897727272727272,0.871,0.88,0.926595744680851
5,13,semiregular,3,451,815,364,389,62,426,0.8625277161862528,0.47730061349693254,0.5533742331288344,0.6145339652448657
5,13,irregular,3,1458,216,1242,118,1340,98,0.08093278463648834,0.5462962962962963,6.75,0.14097968936678615
5,14,regular,1,1030,1052,22,1029,1,23,0.9990291262135922,0.9781368821292775,0.9790874524714829,0.9884726224783861
5,14,semiregular,1,1161,913,248,880,281,33,0.7579672695951766,0.963855421686747,1.271631982475356,0.8486017357762776
5,14,irregular,1,593,217,376,155,438,62,0.26138279932546377,0.7142857142857143,2.7327188940092166,0.38271604938271614
5,14,regular,2,999,1052,53,993,6,59,0.993993993993994,0.9439163498098859,0.9496197718631179,0.9683081423695757
5,14,semiregular,2,1244,913,331,909,335,4,0.7307073954983923,0.9956188389923329,1.362541073384447,0.842837273991655
5,14,irregular,2,1391,217,1174,203,1188,14,0.14593817397555714,0.9354838709677419,6.410138248847926,0.2524875621890547
5,14,regular,3,865,1052,187,865,0,187,1.0,0.8222433460076045,0.8222433460076045,0.90245174752217
5,14,semiregular,3,310,913,603,297,13,616,0.9580645161290322,0.3253012048192771,0.33953997809419495,0.4856909239574816
5,14,irregular,3,7,217,210,7,0,210,1.0,0.03225806451612903,0.03225806451612903,0.0625
5,15,regular,1,960,964,4,954,6,10,0.99375,0.9896265560165975,0.995850622406639,0.9916839916839917
5,15,semiregular,1,945,774,171,757,188,17,0.801058201058201,0.9780361757105943,1.2209302325581395,0.8807446189645142
5,15,irregular,1,760,218,542,178,582,40,0.23421052631578948,0.8165137614678899,3.4862385321100917,0.36400817995910023
5,15,regular,2,765,964,199,755,10,209,0.9869281045751634,0.783195020746888,0.7935684647302904,0.8733371891266629
5,15,semiregular,2,830,774,56,649,181,125,0.7819277108433735,0.838501291989664,1.0723514211886305,0.8092269326683292
5,15,irregular,2,1451,218,1233,207,1244,11,0.14266023432115782,0.9495412844036697,6.655963302752293,0.2480527261833433
5,15,regular,3,810,964,154,805,5,159,0.9938271604938271,0.8350622406639004,0.8402489626556017,0.907553551296505
5,15,semiregular,3,533,774,241,484,49,290,0.9080675422138836,0.6253229974160207,0.6886304909560723,0.740627390971691
5,15,irregular,3,699,218,481,128,571,90,0.18311874105865522,0.5871559633027523,3.206422018348624,0.2791712104689204
5,16,regular,1,1110,1109,1,1100,10,9,0.990990990990991,0.9918845807033363,1.000901713255185,0.9914375844975213
5,16,semiregular,1,764,681,83,613,151,68,0.8023560209424084,0.9001468428781204,1.1218795888399413,0.8484429065743946
5,16,irregular,1,652,272,380,156,496,116,0.2392638036809816,0.5735294117647058,2.3970588235294117,0.33766233766233766
5,16,regular,2,1115,1109,6,1101,14,8,0.9874439461883409,0.9927862939585211,1.005410279531109,0.9901079136690647
5,16,semiregular,2,864,681,183,654,210,27,0.7569444444444444,0.960352422907489,1.2687224669603525,0.8466019417475728
5,16,irregular,2,1330,272,1058,272,1058,0,0.20451127819548873,1.0,4.889705882352941,0.33957553058676654
5,16,regular,3,886,1109,223,875,11,234,0.9875846501128668,0.7889990982867449,0.7989179440937781,0.8771929824561403
5,16,semiregular,3,674,681,7,558,116,123,0.827893175074184,0.8193832599118943,0.9897209985315712,0.8236162361623616
5,16,irregular,3,1126,272,854,228,898,44,0.2024866785079929,0.8382352941176471,4.139705882352941,0.3261802575107296
5,17,regular,1,1046,1029,17,1029,17,0,0.9837476099426387,1.0,1.0165208940719144,0.9918072289156626
5,17,semiregular,1,918,837,81,757,161,80,0.8246187363834423,0.9044205495818399,1.096774193548387,0.8626780626780627
5,17,irregular,1,487,240,247,137,350,103,0.2813141683778234,0.5708333333333333,2.029166666666667,0.3768913342503439
5,17,regular,2,1025,1029,4,1006,19,23,0.9814634146341463,0.9776482021379981,0.9961127308066083,0.979552093476144
5,17,semiregular,2,974,837,137,790,184,47,0.811088295687885,0.9438470728793309,1.1636798088410991,0.8724461623412478
5,17,irregular,2,998,240,758,235,763,5,0.23547094188376755,0.9791666666666666,4.158333333333333,0.37964458804523427
5,17,regular,3,1008,1029,21,1002,6,27,0.9940476190476191,0.9737609329446064,0.9795918367346939,0.98379970544919
5,17,semiregular,3,712,837,125,642,70,195,0.901685393258427,0.7670250896057348,0.8506571087216248,0.8289218850871529
5,17,irregular,3,777,240,537,182,595,58,0.23423423423423423,0.7583333333333333,3.2375,0.3579154375614553
5,18,regular,1,1041,1044,3,1033,8,11,0.9923150816522575,0.9894636015325671,0.9971264367816092,0.9908872901678658
5,18,semiregular,1,919,801,118,759,160,42,0.8258977149075082,0.947565543071161,1.1473158551810236,0.8825581395348838
5,18,irregular,1,720,252,468,170,550,82,0.2361111111111111,0.6746031746031746,2.857142857142857,0.34979423868312753
5,18,regular,2,992,1044,52,985,7,59,0.9929435483870968,0.9434865900383141,0.9501915708812261,0.9675834970530451
5,18,semiregular,2,994,801,193,783,211,18,0.7877263581488934,0.9775280898876404,1.2409488139825218,0.8724233983286908
5,18,irregular,2,1381,252,1129,251,1130,1,0.18175235336712528,0.996031746031746,5.48015873015873,0.3074096754439682
5,18,regular,3,921,1044,123,914,7,130,0.992399565689468,0.8754789272030651,0.882183908045977,0.9302798982188294
5,18,semiregular,3,681,801,120,624,57,177,0.9162995594713657,0.7790262172284644,0.850187265917603,0.8421052631578947
5,18,irregular,3,997,252,745,221,776,31,0.22166499498495487,0.876984126984127,3.9563492063492065,0.3538831064851881
5,19,regular,1,1084,1076,8,1065,19,11,0.9824723247232472,0.9897769516728625,1.0074349442379182,0.9861111111111112
5,19,semiregular,1,857,753,104,694,163,59,0.809801633605601,0.9216467463479415,1.1381142098273573,0.8621118012422361
5,19,irregular,1,564,245,319,179,385,66,0.3173758865248227,0.7306122448979592,2.3020408163265307,0.44252163164400493
5,19,regular,2,1097,1076,21,1072,25,4,0.9772105742935278,0.9962825278810409,1.0195167286245352,0.9866543948458352
5,19,semiregular,2,930,753,177,737,193,16,0.7924731182795699,0.9787516600265604,1.2350597609561753,0.8758169934640523
5,19,irregular,2,1227,245,982,244,983,1,0.19885900570497148,0.9959183673469387,5.0081632653061225,0.33152173913043476
5,19,regular,3,909,1076,167,906,3,170,0.9966996699669967,0.8420074349442379,0.8447955390334573,0.9128463476070529
5,19,semiregular,3,648,753,105,588,60,165,0.9074074074074074,0.7808764940239044,0.8605577689243028,0.8394004282655246
5,19,irregular,3,586,245,341,153,433,92,0.26109215017064846,0.6244897959183674,2.3918367346938774,0.36823104693140796
5,20,regular,1,1189,1251,62,1186,3,65,0.9974768713204374,0.9480415667466027,0.950439648281375,0.9721311475409835
5,20,semiregular,1,941,841,100,762,179,79,0.8097768331562167,0.906064209274673,1.1189060642092747,0.8552188552188553
5,20,irregular,1,800,252,548,150,650,102,0.1875,0.5952380952380952,3.1746031746031744,0.28517110266159695
5,20,regular,2,1170,1251,81,1155,15,96,0.9871794871794872,0.9232613908872902,0.935251798561151,0.9541511771995045
5,20,semiregular,2,1247,841,406,832,415,9,0.6672012830793905,0.9892984542211652,1.4827586206896552,0.796934865900383
5,20,irregular,2,1728,252,1476,252,1476,0,0.14583333333333334,1.0,6.857142857142857,0.2545454545454546
5,20,regular,3,961,1251,290,957,4,294,0.9958376690946931,0.7649880095923262,0.768185451638689,0.8652802893309223
5,20,semiregular,3,522,841,319,458,64,383,0.8773946360153256,0.544589774078478,0.6206896551724138,0.6720469552457814
5,20,irregular,3,318,252,66,138,180,114,0.4339622641509434,0.5476190476190477,1.2619047619047619,0.48421052631578954
5,21,regular,1,944,920,24,916,28,4,0.9703389830508474,0.9956521739130435,1.0260869565217392,0.9828326180257511
5,21,semiregular,1,898,549,349,515,383,34,0.5734966592427617,0.9380692167577414,1.6357012750455373,0.7118175535590877
5,21,irregular,1,549,204,345,161,388,43,0.29326047358834245,0.7892156862745098,2.6911764705882355,0.4276228419654714
5,21,regular,2,960,920,40,920,40,0,0.9583333333333334,1.0,1.0434782608695652,0.9787234042553191
5,21,semiregular,2,970,549,421,544,426,5,0.5608247422680412,0.9908925318761385,1.7668488160291438,0.7162606978275181
5,21,irregular,2,1327,204,1123,203,1124,1,0.15297663903541825,0.9950980392156863,6.504901960784314,0.2651861528412803
5,21,regular,3,767,920,153,766,1,154,0.9986962190352021,0.8326086956521739,0.8336956521739131,0.9081209247184351
5,21,semiregular,3,343,549,206,261,82,288,0.760932944606414,0.47540983606557374,0.6247723132969034,0.585201793721973
5,21,irregular,3,216,204,12,84,132,120,0.3888888888888889,0.4117647058823529,1.0588235294117647,0.39999999999999997
5,22,regular,1,965,946,19,942,23,4,0.9761658031088083,0.9957716701902748,1.0200845665961944,0.9858712715855573
5,22,semiregular,1,809,703,106,635,174,68,0.7849196538936959,0.903271692745377,1.1507823613086772,0.83994708994709
5,22,irregular,1,845,247,598,209,636,38,0.24733727810650888,0.8461538461538461,3.4210526315789473,0.38278388278388276
5,22,regular,2,1007,946,61,946,61,0,0.9394240317775571,1.0,1.0644820295983086,0.9687660010240655
5,22,semiregular,2,1058,703,355,695,363,8,0.6568998109640832,0.9886201991465149,1.5049786628733997,0.7893242475865986
5,22,irregular,2,1504,247,1257,247,1257,0,0.16422872340425532,1.0,6.089068825910931,0.28212450028555114
5,22,regular,3,770,946,176,764,6,182,0.9922077922077922,0.8076109936575053,0.813953488372093,0.8904428904428905
5,22,semiregular,3,593,703,110,508,85,195,0.8566610455311973,0.7226173541963016,0.8435277382645804,0.7839506172839507
5,22,irregular,3,122,247,125,86,36,161,0.7049180327868853,0.3481781376518219,0.4939271255060729,0.46612466124661245
5,23,regular,1,1012,999,13,992,20,7,0.9802371541501976,0.992992992992993,1.013013013013013,0.9865738438587769
5,23,semiregular,1,939,835,104,775,164,60,0.825346112886049,0.9281437125748503,1.1245508982035928,0.8737316798196166
5,23,irregular,1,667,266,401,125,542,141,0.1874062968515742,0.4699248120300752,2.507518796992481,0.2679528403001072
5,23,regular,2,1023,999,24,934,89,65,0.9130009775171065,0.934934934934935,1.024024024024024,0.923837784371909
5,23,semiregular,2,1391,835,556,804,587,31,0.578001437814522,0.962874251497006,1.665868263473054,0.7223719676549866
5,23,irregular,2,3399,266,3133,266,3133,0,0.07825831126802,1.0,12.778195488721805,0.1451568894952251
5,23,regular,3,1008,999,9,980,28,19,0.9722222222222222,0.980980980980981,1.009009009009009,0.9765819631290483
5,23,semiregular,3,551,835,284,497,54,338,0.9019963702359347,0.5952095808383233,0.6598802395209581,0.7171717171717171
5,23,irregular,3,259,266,7,141,118,125,0.5444015444015444,0.5300751879699248,0.9736842105263158,0.5371428571428571
5,24,regular,1,1060,1079,19,1048,12,31,0.9886792452830189,0.9712696941612604,0.9823911028730306,0.9798971482000935
5,24,semiregular,1,746,680,66,643,103,37,0.8619302949061662,0.9455882352941176,1.0970588235294119,0.9018232819074334
5,24,irregular,1,942,247,695,170,772,77,0.18046709129511676,0.6882591093117408,3.8137651821862346,0.28595458368376786
5,24,regular,2,1052,1079,27,1035,17,44,0.9838403041825095,0.959221501390176,0.9749768303985171,0.9713749413420928
5,24,semiregular,2,819,680,139,670,149,10,0.818070818070818,0.9852941176470589,1.2044117647058823,0.8939292861907939
5,24,irregular,2,1855,247,1608,247,1608,0,0.13315363881401618,1.0,7.510121457489879,0.23501427212178877
5,24,regular,3,815,1079,264,813,2,266,0.9975460122699387,0.7534754402224282,0.7553290083410565,0.8585005279831045
5,24,semiregular,3,439,680,241,402,37,278,0.9157175398633257,0.5911764705882353,0.6455882352941177,0.7184986595174263
5,24,irregular,3,131,247,116,109,22,138,0.8320610687022901,0.44129554655870445,0.5303643724696356,0.5767195767195767
5,25,regular,1,946,946,0,940,6,6,0.9936575052854123,0.9936575052854123,1.0,0.9936575052854123
5,25,semiregular,1,885,718,167,674,211,44,0.7615819209039548,0.9387186629526463,1.232590529247911,0.8409232688708671
5,25,irregular,1,1383,207,1176,165,1218,42,0.1193058568329718,0.7971014492753623,6.681159420289855,0.20754716981132076
5,25,regular,2,929,946,17,920,9,26,0.9903121636167922,0.9725158562367865,0.9820295983086681,0.9813333333333333
5,25,semiregular,2,930,718,212,657,273,61,0.7064516129032258,0.915041782729805,1.2952646239554317,0.7973300970873786
5,25,irregular,2,554,207,347,24,530,183,0.04332129963898917,0.11594202898550725,2.676328502415459,0.06307490144546649
5,25,regular,3,791,946,155,781,10,165,0.9873577749683944,0.8255813953488372,0.8361522198731501,0.899251583189407
5,25,semiregular,3,62,718,656,54,8,664,0.8709677419354839,0.07520891364902507,0.08635097493036212,0.13846153846153847
5,25,irregular,3,807,207,600,25,782,182,0.030978934324659233,0.12077294685990338,3.898550724637681,0.049309664694280074
5,26,regular,1,1016,985,31,980,36,5,0.9645669291338582,0.9949238578680203,1.031472081218274,0.9795102448775612
5,26,semiregular,1,903,720,183,688,215,32,0.7619047619047619,0.9555555555555556,1.2541666666666667,0.8478126925446703
5,26,irregular,1,1026,214,812,193,833,21,0.1881091617933723,0.9018691588785047,4.794392523364486,0.3112903225806452
5,26,regular,2,823,985,162,811,12,174,0.9854191980558931,0.8233502538071066,0.8355329949238579,0.8971238938053097
5,26,semiregular,2,371,720,349,296,75,424,0.7978436657681941,0.4111111111111111,0.5152777777777777,0.5426214482126489
5,26,irregular,2,1058,214,844,114,944,100,0.10775047258979206,0.5327102803738317,4.94392523364486,0.1792452830188679
5,26,regular,3,107,985,878,106,1,879,0.9906542056074766,0.10761421319796954,0.10862944162436548,0.19413919413919417
5,26,semiregular,3,89,720,631,64,25,656,0.7191011235955056,0.08888888888888889,0.12361111111111112,0.15822002472187885
5,26,irregular,3,903,214,689,56,847,158,0.06201550387596899,0.2616822429906542,4.219626168224299,0.10026857654431513
5,27,regular,1,1105,1166,61,1103,2,63,0.9981900452488688,0.9459691252144082,0.9476843910806175,0.9713782474680758
5,27,semiregular,1,801,728,73,602,199,126,0.7515605493133583,0.8269230769230769,1.1002747252747254,0.7874427730542839
5,27,irregular,1,1518,270,1248,237,1281,33,0.15612648221343872,0.8777777777777778,5.622222222222222,0.26510067114093955
5,27,regular,2,1122,1166,44,1109,13,57,0.9884135472370766,0.951114922813036,0.9622641509433962,0.9694055944055943
5,27,semiregular,2,989,728,261,715,274,13,0.7229524772497472,0.9821428571428571,1.3585164835164836,0.8328479906814211
5,27,irregular,2,2293,270,2023,269,2024,1,0.11731356301788051,0.9962962962962963,8.492592592592592,0.20991026141240737
5,27,regular,3,1065,1166,101,1059,6,107,0.9943661971830986,0.9082332761578045,0.9133790737564322,0.949350067234424
5,27,semiregular,3,673,728,55,589,84,139,0.87518573551263,0.8090659340659341,0.9244505494505495,0.8408279800142756
5,27,irregular,3,994,270,724,212,782,58,0.21327967806841047,0.7851851851851852,3.6814814814814816,0.3354430379746835
5,28,regular,1,1051,1098,47,1041,10,57,0.9904852521408183,0.9480874316939891,0.9571948998178507,0.968822708236389
5,28,semiregular,1,974,859,115,806,168,53,0.8275154004106776,0.9383003492433062,1.1338766006984866,0.8794326241134752
5,28,irregular,1,1584,293,1291,237,1347,56,0.14962121212121213,0.8088737201365188,5.406143344709897,0.25253063399041026
5,28,regular,2,1075,1098,23,1057,18,41,0.9832558139534884,0.9626593806921676,0.9790528233151184,0.9728485964104925
5,28,semiregular,2,1043,859,184,841,202,18,0.8063279002876318,0.9790454016298021,1.2142025611175786,0.8843322818086224
5,28,irregular,2,1296,293,1003,251,1045,42,0.19367283950617284,0.856655290102389,4.42320819112628,0.31592196349905605
5,28,regular,3,489,1098,609,487,2,611,0.9959100204498977,0.4435336976320583,0.4453551912568306,0.6137366099558916
5,28,semiregular,3,237,859,622,222,15,637,0.9367088607594937,0.25844004656577413,0.2759022118742724,0.40510948905109484
5,28,irregular,3,1070,293,777,79,991,214,0.07383177570093458,0.2696245733788396,3.651877133105802,0.11592076302274394
5,29,regular,1,1134,1140,6,1131,3,9,0.9973544973544973,0.9921052631578947,0.9947368421052631,0.9947229551451188
5,29,semiregular,1,1241,869,372,850,391,19,0.684931506849315,0.9781357882623706,1.428078250863061,0.8056872037914692
5,29,irregular,1,996,247,749,195,801,52,0.19578313253012047,0.7894736842105263,4.032388663967612,0.3137570394207562
5,29,regular,2,1098,1140,42,1090,8,50,0.9927140255009107,0.956140350877193,0.9631578947368421,0.9740840035746201
5,29,semiregular,2,1277,869,408,855,422,14,0.6695379796397808,0.9838895281933256,1.4695051783659379,0.7968313140726935
5,29,irregular,2,1719,247,1472,246,1473,1,0.1431064572425829,0.9959514170040485,6.959514170040486,0.25025432349949134
5,29,regular,3,618,1140,522,617,1,523,0.9983818770226537,0.5412280701754386,0.5421052631578948,0.7019340159271898
5,29,semiregular,3,513,869,356,449,64,420,0.8752436647173489,0.5166858457997698,0.5903337169159953,0.6497829232995658
5,29,irregular,3,80,247,167,74,6,173,0.925,0.29959514170040485,0.32388663967611336,0.45259938837920494
5,30,regular,1,969,997,28,963,6,34,0.9938080495356038,0.9658976930792377,0.9719157472417251,0.9796541200406917
5,30,semiregular,1,892,810,82,747,145,63,0.8374439461883408,0.9222222222222223,1.1012345679012345,0.8777908343125735
5,30,irregular,1,2196,250,1946,186,2010,64,0.08469945355191257,0.744,8.784,0.15208503679476695
5,30,regular,2,982,997,15,973,9,24,0.9908350305498982,0.9759277833500501,0.9849548645937813,0.9833249115715007
5,30,semiregular,2,1007,810,197,798,209,12,0.7924528301886793,0.9851851851851852,1.2432098765432098,0.8783709411117225
5,30,irregular,2,2527,250,2277,248,2279,2,0.09814008705975465,0.992,10.108,0.17861001080302483
5,30,regular,3,908,997,89,904,4,93,0.9955947136563876,0.9067201604814443,0.9107321965897693,0.9490813648293963
5,30,semiregular,3,583,810,227,542,41,268,0.9296740994854202,0.6691358024691358,0.7197530864197531,0.7781765972720747
5,30,irregular,3,74,250,176,68,6,182,0.918918918918919,0.272,0.296,0.4197530864197531
