Test fold number,Subject,Gait,Sensor,Predicted,Actual,Difference,TP,FP,FN,PPV,Sensitivity,RCA,SDA
1,1,regular,1,932,937,5,920,12,17,0.9871244635193133,0.9818569903948773,0.9946638207043756,0.9844836811128945
1,1,semiregular,1,1011,703,308,691,320,12,0.6834817012858556,0.9829302987197724,1.438122332859175,0.8063010501750292
1,1,irregular,1,423,199,224,159,264,40,0.375886524822695,0.7989949748743719,2.1256281407035176,0.5112540192926045
1,1,regular,2,1062,937,125,937,125,0,0.8822975517890772,1.0,1.1334044823906084,0.9374687343671836
1,1,semiregular,2,1219,703,516,700,519,3,0.5742411812961444,0.9957325746799431,1.7339971550497866,0.72840790842872
1,1,irregular,2,1085,199,886,199,886,0,0.18341013824884791,1.0,5.452261306532663,0.3099688473520249
1,1,regular,3,761,937,176,723,38,214,0.9500657030223391,0.7716115261472786,0.8121664887940235,0.8515901060070672
1,1,semiregular,3,707,703,4,567,140,136,0.801980198019802,0.8065433854907539,1.0056899004267426,0.8042553191489362
1,1,irregular,3,674,199,475,163,511,36,0.24183976261127596,0.8190954773869347,3.386934673366834,0.3734249713631157
1,2,regular,1,1126,1224,98,1114,12,110,0.9893428063943162,0.9101307189542484,0.9199346405228758,0.9480851063829786
1,2,semiregular,1,728,647,81,621,107,26,0.853021978021978,0.9598145285935085,1.1251931993817619,0.9032727272727273
1,2,irregular,1,923,217,706,168,755,49,0.1820151679306609,0.7741935483870968,4.253456221198157,0.2947368421052632
1,2,regular,2,1224,1224,0,1205,19,19,0.9844771241830066,0.9844771241830066,1.0,0.9844771241830066
1,2,semiregular,2,856,647,209,647,209,0,0.7558411214953271,1.0,1.3230293663060277,0.8609447771124418
1,2,irregular,2,1388,217,1171,217,1171,0,0.1563400576368876,1.0,6.3963133640553,0.270404984423676
1,2,regular,3,1061,1224,163,1054,7,170,0.9934024505183789,0.8611111111111112,0.8668300653594772,0.9225382932166302
1,2,semiregular,3,596,647,51,551,45,96,0.924496644295302,0.8516228748068007,0.9211746522411128,0.8865647626709574
1,2,irregular,3,931,217,714,191,740,26,0.20515574650912996,0.880184331797235,4.290322580645161,0.3327526132404181
1,3,regular,1,1036,1053,17,1032,4,21,0.9961389961389961,0.98005698005698,0.9838556505223172,0.9880325514600287
1,3,semiregular,1,886,716,170,693,193,23,0.7821670428893905,0.9678770949720671,1.2374301675977655,0.8651685393258426
1,3,irregular,1,782,224,558,177,605,47,0.22634271099744246,0.7901785714285714,3.4910714285714284,0.35188866799204765
1,3,regular,2,1001,1053,52,996,5,57,0.995004995004995,0.9458689458689459,0.9506172839506173,0.9698149951314508
1,3,semiregular,2,918,716,202,696,222,20,0.7581699346405228,0.9720670391061452,1.282122905027933,0.8518971848225214
1,3,irregular,2,958,224,734,199,759,25,0.20772442588726514,0.8883928571428571,4.276785714285714,0.3367174280879865
1,3,regular,3,934,1053,119,930,4,123,0.9957173447537473,0.8831908831908832,0.8869895536562203,0.9360845495722194
1,3,semiregular,3,621,716,95,537,84,179,0.8647342995169082,0.75,0.86731843575419,0.8032909498878086
1,3,irregular,3,851,224,627,189,662,35,0.22209165687426558,0.84375,3.799107142857143,0.35162790697674423
1,4,regular,1,1136,1101,35,1099,37,2,0.9674295774647887,0.9981834695731153,1.0317892824704813,0.9825659365221279
1,4,semiregular,1,823,614,209,575,248,39,0.6986634264884569,0.9364820846905537,1.3403908794788273,0.8002783576896312
1,4,irregular,1,539,228,311,184,355,44,0.34137291280148424,0.8070175438596491,2.3640350877192984,0.4797913950456323
1,4,regular,2,1152,1101,51,1101,51,0,0.9557291666666666,1.0,1.0463215258855585,0.9773635153129161
1,4,semiregular,2,973,614,359,611,362,3,0.6279547790339157,0.995114006514658,1.5846905537459284,0.7700063011972275
1,4,irregular,2,1436,228,1208,226,1210,2,0.1573816155988858,0.9912280701754386,6.298245614035087,0.2716346153846154
1,4,regular,3,884,1101,217,874,10,227,0.9886877828054299,0.7938237965485921,0.8029064486830154,0.8806045340050378
1,4,semiregular,3,632,614,18,513,119,101,0.8117088607594937,0.8355048859934854,1.0293159609120521,0.8234349919743178
1,4,irregular,3,926,228,698,198,728,30,0.21382289416846653,0.868421052631579,4.06140350877193,0.3431542461005199
1,5,regular,1,1019,1044,25,1014,5,30,0.9950932286555446,0.9712643678160919,0.9760536398467433,0.9830344158991761
1,5,semiregular,1,985,668,317,661,324,7,0.6710659898477157,0.9895209580838323,1.4745508982035929,0.7997580157289775
1,5,irregular,1,1082,217,865,176,906,41,0.16266173752310537,0.8110599078341014,4.986175115207374,0.270977675134719
1,5,regular,2,1025,1044,19,1019,6,25,0.9941463414634146,0.9760536398467433,0.9818007662835249,0.9850169163847269
1,5,semiregular,2,1061,668,393,657,404,11,0.6192271442035815,0.9835329341317365,1.5883233532934131,0.7599768652400231
1,5,irregular,2,1315,217,1098,211,1104,6,0.16045627376425856,0.9723502304147466,6.059907834101383,0.2754569190600522
1,5,regular,3,888,1044,156,886,2,158,0.9977477477477478,0.8486590038314177,0.8505747126436781,0.917184265010352
1,5,semiregular,3,790,668,122,614,176,54,0.7772151898734178,0.9191616766467066,1.1826347305389222,0.8422496570644719
1,5,irregular,3,1066,217,849,194,872,23,0.18198874296435272,0.8940092165898618,4.912442396313364,0.30241621200311775
1,6,regular,1,956,915,41,915,41,0,0.9571129707112971,1.0,1.0448087431693989,0.9780865847140566
1,6,semiregular,1,803,701,102,650,153,51,0.8094645080946451,0.927246790299572,1.145506419400856,0.8643617021276596
1,6,irregular,1,732,195,537,112,620,83,0.15300546448087432,0.5743589743589743,3.753846153846154,0.2416396979503776
1,6,regular,2,974,915,59,915,59,0,0.9394250513347022,1.0,1.0644808743169398,0.9687665431445209
1,6,semiregular,2,925,701,224,677,248,24,0.7318918918918919,0.9657631954350927,1.3195435092724679,0.8327183271832719
1,6,irregular,2,1374,195,1179,195,1179,0,0.14192139737991266,1.0,7.046153846153846,0.24856596558317398
1,6,regular,3,862,915,53,839,23,76,0.9733178654292344,0.9169398907103825,0.9420765027322404,0.9442881260551491
1,6,semiregular,3,715,701,14,612,103,89,0.855944055944056,0.8730385164051355,1.0199714693295292,0.864406779661017
1,6,irregular,3,930,195,735,181,749,14,0.19462365591397848,0.9282051282051282,4.769230769230769,0.3217777777777778
1,7,regular,1,1217,1230,13,1204,13,26,0.9893179950698439,0.9788617886178862,0.989430894308943,0.9840621168778095
1,7,semiregular,1,1079,761,318,734,345,27,0.680259499536608,0.9645203679369251,1.4178712220762155,0.7978260869565217
1,7,irregular,1,886,225,661,137,749,88,0.154627539503386,0.6088888888888889,3.937777777777778,0.24662466246624662
1,7,regular,2,1244,1230,14,1220,24,10,0.9807073954983923,0.991869918699187,1.0113821138211383,0.9862570735650767
1,7,semiregular,2,1133,761,372,756,377,5,0.6672550750220653,0.9934296977660972,1.4888304862023654,0.7983104540654699
1,7,irregular,2,1862,225,1637,223,1639,2,0.11976369495166488,0.9911111111111112,8.275555555555556,0.21370388116914232
1,7,regular,3,1087,1230,143,1082,5,148,0.9954001839926403,0.8796747967479674,0.883739837398374,0.9339663357790247
1,7,semiregular,3,836,761,75,696,140,65,0.8325358851674641,0.9145860709592641,1.0985545335085414,0.8716343143393863
1,7,irregular,3,1234,225,1009,209,1025,16,0.1693679092382496,0.9288888888888889,5.484444444444445,0.2864976010966415
1,8,regular,1,1023,1035,12,1015,8,20,0.9921798631476051,0.9806763285024155,0.9884057971014493,0.9863945578231293
1,8,semiregular,1,953,827,126,765,188,62,0.8027282266526757,0.9250302297460702,1.1523579201934704,0.8595505617977528
1,8,irregular,1,904,243,661,172,732,71,0.1902654867256637,0.7078189300411523,3.720164609053498,0.29991281604184833
1,8,regular,2,952,1035,83,945,7,90,0.9926470588235294,0.9130434782608695,0.9198067632850242,0.9511826874685455
1,8,semiregular,2,981,827,154,776,205,51,0.7910295616717635,0.9383313180169287,1.1862152357920193,0.8584070796460176
1,8,irregular,2,1844,243,1601,223,1621,20,0.12093275488069415,0.9176954732510288,7.588477366255144,0.21370388116914232
1,8,regular,3,935,1035,100,930,5,105,0.9946524064171123,0.8985507246376812,0.9033816425120773,0.9441624365482233
1,8,semiregular,3,794,827,33,696,98,131,0.8765743073047859,0.841596130592503,0.9600967351874244,0.8587291795188157
1,8,irregular,3,1372,243,1129,219,1153,24,0.15962099125364432,0.9012345679012346,5.6460905349794235,0.2712074303405573
1,9,regular,1,1090,1107,17,1086,4,21,0.9963302752293578,0.981029810298103,0.9846431797651309,0.9886208466090123
1,9,semiregular,1,697,701,4,620,77,81,0.8895265423242468,0.884450784593438,0.9942938659058488,0.8869814020028612
1,9,irregular,1,715,266,449,180,535,86,0.2517482517482518,0.6766917293233082,2.68796992481203,0.3669724770642202
1,9,regular,2,1077,1107,30,1068,9,39,0.9916434540389972,0.964769647696477,0.9728997289972899,0.978021978021978
1,9,semiregular,2,804,701,103,665,139,36,0.8271144278606966,0.948644793152639,1.1469329529243937,0.8837209302325583
1,9,irregular,2,1780,266,1514,266,1514,0,0.149438202247191,1.0,6.69172932330827,0.260019550342131
1,9,regular,3,969,1107,138,963,6,144,0.9938080495356038,0.8699186991869918,0.8753387533875339,0.9277456647398843
1,9,semiregular,3,634,701,67,583,51,118,0.919558359621451,0.8316690442225392,0.9044222539229672,0.8734082397003744
1,9,irregular,3,1177,266,911,228,949,38,0.1937128292268479,0.8571428571428571,4.424812030075188,0.31600831600831597
1,10,regular,1,1011,1014,3,1000,11,14,0.9891196834817013,0.9861932938856016,0.9970414201183432,0.9876543209876544
1,10,semiregular,1,815,656,159,633,182,23,0.7766871165644171,0.9649390243902439,1.2423780487804879,0.8606390210740993
1,10,irregular,1,1009,247,762,235,774,12,0.23290386521308226,0.951417004048583,4.08502024291498,0.37420382165605093
1,10,regular,2,1106,1014,92,1014,92,0,0.9168173598553345,1.0,1.0907297830374754,0.9566037735849057
1,10,semiregular,2,945,656,289,648,297,8,0.6857142857142857,0.9878048780487805,1.4405487804878048,0.8094940662086196
1,10,irregular,2,1560,247,1313,247,1313,0,0.15833333333333333,1.0,6.315789473684211,0.2733812949640288
1,10,regular,3,821,1014,193,804,17,210,0.9792935444579781,0.7928994082840237,0.8096646942800789,0.8762942779291555
1,10,semiregular,3,511,656,145,454,57,202,0.8884540117416829,0.6920731707317073,0.7789634146341463,0.7780634104541558
1,10,irregular,3,575,247,328,171,404,76,0.29739130434782607,0.6923076923076923,2.327935222672065,0.416058394160584
1,11,regular,1,1061,1070,9,1059,2,11,0.998114985862394,0.9897196261682243,0.991588785046729,0.993899577663069
1,11,semiregular,1,855,700,155,663,192,37,0.775438596491228,0.9471428571428572,1.2214285714285715,0.8527331189710611
1,11,irregular,1,1000,239,761,201,799,38,0.201,0.8410041841004184,4.184100418410042,0.32445520581113807
1,11,regular,2,1042,1070,28,1036,6,34,0.9942418426103646,0.9682242990654205,0.9738317757009346,0.981060606060606
1,11,semiregular,2,940,700,240,688,252,12,0.7319148936170212,0.9828571428571429,1.3428571428571427,0.8390243902439025
1,11,irregular,2,1325,239,1086,217,1108,22,0.16377358490566038,0.9079497907949791,5.543933054393306,0.2774936061381074
1,11,regular,3,939,1070,131,935,4,135,0.9957401490947817,0.8738317757009346,0.8775700934579439,0.9308113489298158
1,11,semiregular,3,717,700,17,606,111,94,0.8451882845188284,0.8657142857142858,1.0242857142857142,0.8553281580804517
1,11,irregular,3,946,239,707,213,733,26,0.2251585623678647,0.891213389121339,3.9581589958158996,0.3594936708860759
1,12,regular,1,1012,1007,5,1006,6,1,0.9940711462450593,0.9990069513406157,1.0049652432969216,0.9965329370975731
1,12,semiregular,1,863,641,222,617,246,24,0.7149478563151797,0.9625585023400937,1.3463338533541342,0.8204787234042554
1,12,irregular,1,1019,204,815,168,851,36,0.1648675171736997,0.8235294117647058,4.995098039215686,0.2747342600163532
1,12,regular,2,1067,1007,60,1007,60,0,0.943767572633552,1.0,1.0595829195630586,0.9710703953712634
1,12,semiregular,2,996,641,355,628,368,13,0.6305220883534136,0.9797191887675507,1.5538221528861154,0.7672571777642029
1,12,irregular,2,1534,204,1330,204,1330,0,0.13298565840938723,1.0,7.519607843137255,0.23475258918296896
1,12,regular,3,929,1007,78,925,4,82,0.9956942949407965,0.9185700099304865,0.9225422045680238,0.9555785123966941
1,12,semiregular,3,724,641,83,580,144,61,0.8011049723756906,0.9048361934477379,1.1294851794071763,0.8498168498168498
1,12,irregular,3,1026,204,822,195,831,9,0.19005847953216373,0.9558823529411765,5.029411764705882,0.3170731707317073
1,13,regular,1,1002,1000,2,996,6,4,0.9940119760479041,0.996,1.002,0.995004995004995
1,13,semiregular,1,952,815,137,791,161,24,0.8308823529411765,0.9705521472392638,1.1680981595092024,0.8953027730616866
1,13,irregular,1,1331,216,1115,138,1193,78,0.10368144252441773,0.6388888888888888,6.162037037037037,0.17840982546864903
1,13,regular,2,1014,1000,14,997,17,3,0.9832347140039448,0.997,1.014,0.990069513406157
1,13,semiregular,2,1029,815,214,797,232,18,0.7745383867832848,0.9779141104294479,1.2625766871165645,0.8644251626898048
1,13,irregular,2,2130,216,1914,216,1914,0,0.10140845070422536,1.0,9.86111111111111,0.18414322250639387
1,13,regular,3,670,1000,330,667,3,333,0.9955223880597015,0.667,0.67,0.7988023952095809
1,13,semiregular,3,792,815,23,697,95,118,0.8800505050505051,0.8552147239263803,0.9717791411042945,0.8674548848786559
1,13,irregular,3,1392,216,1176,199,1193,17,0.14295977011494254,0.9212962962962963,6.444444444444445,0.2475124378109453
1,14,regular,1,1040,1052,12,1038,2,14,0.9980769230769231,0.9866920152091255,0.9885931558935361,0.9923518164435946
1,14,semiregular,1,1148,913,235,894,254,19,0.7787456445993032,0.9791894852135816,1.257393209200438,0.8675400291120816
1,14,irregular,1,958,217,741,177,781,40,0.1847599164926931,0.815668202764977,4.414746543778802,0.30127659574468085
1,14,regular,2,1040,1052,12,1034,6,18,0.9942307692307693,0.9828897338403042,0.9885931558935361,0.988527724665392
1,14,semiregular,2,1279,913,366,912,367,1,0.7130570758405004,0.9989047097480832,1.4008762322015333,0.8321167883211679
1,14,irregular,2,1471,217,1254,214,1257,3,0.14547926580557444,0.9861751152073732,6.778801843317972,0.2535545023696683
1,14,regular,3,930,1052,122,927,3,125,0.9967741935483871,0.8811787072243346,0.8840304182509505,0.9354187689202824
1,14,semiregular,3,894,913,19,794,100,119,0.8881431767337807,0.8696604600219058,0.9791894852135816,0.8788046485888213
1,14,irregular,3,728,217,511,161,567,56,0.22115384615384615,0.7419354838709677,3.3548387096774195,0.34074074074074073
1,15,regular,1,974,964,10,964,10,0,0.9897330595482546,1.0,1.0103734439834025,0.9948400412796699
1,15,semiregular,1,939,774,165,755,184,19,0.8040468583599574,0.975452196382429,1.2131782945736433,0.8814944541739638
1,15,irregular,1,889,218,671,175,714,43,0.1968503937007874,0.8027522935779816,4.077981651376147,0.31616982836495033
1,15,regular,2,887,964,77,881,6,83,0.9932356257046223,0.9139004149377593,0.9201244813278008,0.9519178822258239
1,15,semiregular,2,950,774,176,733,217,41,0.771578947368421,0.9470284237726099,1.227390180878553,0.8503480278422274
1,15,irregular,2,1523,218,1305,217,1306,1,0.14248194353250165,0.9954128440366973,6.986238532110092,0.24928202182653647
1,15,regular,3,810,964,154,806,4,158,0.9950617283950617,0.8360995850622407,0.8402489626556017,0.9086809470124013
1,15,semiregular,3,766,774,8,675,91,99,0.881201044386423,0.872093023255814,0.9896640826873385,0.8766233766233765
1,15,irregular,3,993,218,775,199,794,19,0.20040281973816718,0.9128440366972477,4.555045871559633,0.328654004954583
1,16,regular,1,1105,1109,4,1099,6,10,0.9945701357466064,0.9909828674481514,0.9963931469792606,0.992773261065944
1,16,semiregular,1,797,681,116,634,163,47,0.795483061480552,0.9309838472834068,1.170337738619677,0.857916102841678
1,16,irregular,1,682,272,410,192,490,80,0.28152492668621704,0.7058823529411765,2.5073529411764706,0.4025157232704403
1,16,regular,2,1110,1109,1,1098,12,11,0.9891891891891892,0.9900811541929666,1.000901713255185,0.9896349707075259
1,16,semiregular,2,909,681,228,649,260,32,0.713971397139714,0.9530102790014684,1.3348017621145374,0.8163522012578617
1,16,irregular,2,1424,272,1152,272,1152,0,0.19101123595505617,1.0,5.235294117647059,0.32075471698113206
1,16,regular,3,1007,1109,102,1000,7,109,0.9930486593843099,0.9017132551848512,0.9080252479711451,0.9451795841209829
1,16,semiregular,3,762,681,81,637,125,44,0.8359580052493438,0.9353891336270191,1.118942731277533,0.882882882882883
1,16,irregular,3,975,272,703,257,718,15,0.2635897435897436,0.9448529411764706,3.5845588235294117,0.4121892542101042
1,17,regular,1,1041,1029,12,1027,14,2,0.9865513928914506,0.9980563654033042,1.0116618075801749,0.9922705314009662
1,17,semiregular,1,918,837,81,766,152,71,0.8344226579520697,0.9151732377538829,1.096774193548387,0.8729344729344729
1,17,irregular,1,774,240,534,153,621,87,0.19767441860465115,0.6375,3.225,0.30177514792899407
1,17,regular,2,1053,1029,24,1028,25,1,0.976258309591643,0.9990281827016521,1.0233236151603498,0.9875120076849183
1,17,semiregular,2,1061,837,224,808,253,29,0.7615457115928369,0.965352449223417,1.2676224611708482,0.851422550052687
1,17,irregular,2,1622,240,1382,240,1382,0,0.14796547472256474,1.0,6.758333333333334,0.2577873254564984
1,17,regular,3,886,1029,143,882,4,147,0.9954853273137697,0.8571428571428571,0.8610301263362488,0.9211488250652742
1,17,semiregular,3,771,837,66,691,80,146,0.8962386511024644,0.8255675029868578,0.921146953405018,0.8594527363184079
1,17,irregular,3,1181,240,941,218,963,22,0.18458933107535985,0.9083333333333333,4.920833333333333,0.306826178747361
1,18,regular,1,1047,1044,3,1037,10,7,0.9904489016236867,0.9932950191570882,1.0028735632183907,0.9918699186991871
1,18,semiregular,1,935,801,134,768,167,33,0.8213903743315508,0.9588014981273408,1.16729088639201,0.8847926267281105
1,18,irregular,1,688,252,436,194,494,58,0.2819767441860465,0.7698412698412699,2.7301587301587302,0.41276595744680855
1,18,regular,2,1089,1044,45,1044,45,0,0.9586776859504132,1.0,1.043103448275862,0.9789029535864979
1,18,semiregular,2,1040,801,239,787,253,14,0.7567307692307692,0.982521847690387,1.2983770287141074,0.8549701249321021
1,18,irregular,2,1400,252,1148,251,1149,1,0.1792857142857143,0.996031746031746,5.555555555555555,0.30387409200968524
1,18,regular,3,751,1044,293,747,4,297,0.9946737683089214,0.7155172413793104,0.7193486590038314,0.8323119777158774
1,18,semiregular,3,708,801,93,637,71,164,0.8997175141242938,0.7952559300873908,0.8838951310861424,0.8442677269715043
1,18,irregular,3,946,252,694,219,727,33,0.23150105708245244,0.8690476190476191,3.753968253968254,0.36560934891485813
1,19,regular,1,1061,1076,15,1056,5,20,0.9952874646559849,0.9814126394052045,0.9860594795539034,0.988301357042583
1,19,semiregular,1,857,753,104,710,147,43,0.8284714119019837,0.9428950863213812,1.1381142098273573,0.8819875776397517
1,19,irregular,1,663,245,418,191,472,54,0.28808446455505277,0.7795918367346939,2.706122448979592,0.420704845814978
1,19,regular,2,1104,1076,28,1075,29,1,0.9737318840579711,0.9990706319702602,1.0260223048327137,0.9862385321100917
1,19,semiregular,2,979,753,226,742,237,11,0.7579162410623085,0.9853917662682603,1.300132802124834,0.8568129330254042
1,19,irregular,2,1231,245,986,243,988,2,0.19740048740861088,0.9918367346938776,5.024489795918368,0.3292682926829268
1,19,regular,3,792,1076,284,788,4,288,0.9949494949494949,0.7323420074349443,0.7360594795539034,0.8436830835117773
1,19,semiregular,3,685,753,68,595,90,158,0.8686131386861314,0.7901726427622842,0.9096945551128818,0.827538247566064
1,19,irregular,3,833,245,588,203,630,42,0.24369747899159663,0.8285714285714286,3.4,0.3766233766233767
1,20,regular,1,1195,1251,56,1192,3,59,0.9974895397489539,0.9528377298161471,0.9552358113509193,0.9746524938675388
1,20,semiregular,1,983,841,142,785,198,56,0.7985757884028484,0.9334126040428062,1.16884661117717,0.8607456140350878
1,20,irregular,1,839,252,587,185,654,67,0.2205005959475566,0.7341269841269841,3.3293650793650795,0.33913840513290555
1,20,regular,2,1199,1251,52,1187,12,64,0.9899916597164303,0.9488409272581935,0.9584332533972821,0.9689795918367347
1,20,semiregular,2,1162,841,321,831,331,10,0.7151462994836488,0.9881093935790726,1.3816884661117717,0.8297553669495755
1,20,irregular,2,1439,252,1187,245,1194,7,0.1702571230020848,0.9722222222222222,5.7103174603174605,0.2897693672383206
1,20,regular,3,976,1251,275,970,6,281,0.9938524590163934,0.7753796962430056,0.78017585931255,0.8711270767849125
1,20,semiregular,3,822,841,19,694,128,147,0.8442822384428224,0.8252080856123662,0.9774078478002378,0.8346361996392062
1,20,irregular,3,878,252,626,201,677,51,0.22892938496583143,0.7976190476190477,3.484126984126984,0.35575221238938054
1,21,regular,1,913,920,7,909,4,11,0.9956188389923329,0.9880434782608696,0.9923913043478261,0.9918166939443535
1,21,semiregular,1,868,549,319,518,350,31,0.5967741935483871,0.9435336976320583,1.5810564663023678,0.7311220889202541
1,21,irregular,1,663,204,459,150,513,54,0.22624434389140272,0.7352941176470589,3.25,0.3460207612456747
1,21,regular,2,952,920,32,920,32,0,0.9663865546218487,1.0,1.0347826086956522,0.9829059829059829
1,21,semiregular,2,1002,549,453,543,459,6,0.5419161676646707,0.9890710382513661,1.825136612021858,0.700193423597679
1,21,irregular,2,1391,204,1187,202,1189,2,0.14521926671459381,0.9901960784313726,6.818627450980392,0.25329153605015675
1,21,regular,3,849,920,71,845,4,75,0.9952885747938751,0.9184782608695652,0.9228260869565217,0.9553420011305822
1,21,semiregular,3,716,549,167,517,199,32,0.7220670391061452,0.941712204007286,1.3041894353369763,0.8173913043478261
1,21,irregular,3,904,204,700,193,711,11,0.21349557522123894,0.946078431372549,4.431372549019608,0.3483754512635379
1,22,regular,1,987,946,41,945,42,1,0.9574468085106383,0.9989429175475687,1.0433403805496828,0.9777547853078117
1,22,semiregular,1,893,703,190,670,223,33,0.7502799552071668,0.9530583214793741,1.2702702702702702,0.8395989974937343
1,22,irregular,1,952,247,705,220,732,27,0.23109243697478993,0.8906882591093117,3.854251012145749,0.3669724770642202
1,22,regular,2,1001,946,55,946,55,0,0.945054945054945,1.0,1.058139534883721,0.9717514124293786
1,22,semiregular,2,1078,703,375,694,384,9,0.6437847866419295,0.9871977240398293,1.5334281650071124,0.7793374508702976
1,22,irregular,2,1495,247,1248,247,1248,0,0.16521739130434782,1.0,6.052631578947368,0.2835820895522388
1,22,regular,3,849,946,97,835,14,111,0.983510011778563,0.8826638477801269,0.8974630021141649,0.9303621169916434
1,22,semiregular,3,806,703,103,660,146,43,0.8188585607940446,0.9388335704125178,1.1465149359886202,0.8747514910536778
1,22,irregular,3,924,247,677,232,692,15,0.2510822510822511,0.9392712550607287,3.7408906882591095,0.3962425277540564
1,23,regular,1,986,999,13,975,11,24,0.9888438133874239,0.975975975975976,0.986986986986987,0.982367758186398
1,23,semiregular,1,920,835,85,747,173,88,0.8119565217391305,0.8946107784431138,1.1017964071856288,0.8512820512820514
1,23,irregular,1,942,266,676,126,816,140,0.1337579617834395,0.47368421052631576,3.5413533834586466,0.2086092715231788
1,23,regular,2,962,999,37,924,38,75,0.9604989604989606,0.924924924924925,0.9629629629629629,0.9423763386027537
1,23,semiregular,2,972,835,137,753,219,82,0.7746913580246914,0.9017964071856287,1.164071856287425,0.8334255672385168
1,23,irregular,2,1765,266,1499,201,1564,65,0.11388101983002832,0.7556390977443609,6.635338345864661,0.19793205317577547
1,23,regular,3,889,999,110,861,28,138,0.968503937007874,0.8618618618618619,0.8898898898898899,0.9120762711864407
1,23,semiregular,3,872,835,37,719,153,116,0.8245412844036697,0.8610778443113772,1.044311377245509,0.8424135910954892
1,23,irregular,3,1501,266,1235,242,1259,24,0.16122584943371085,0.9097744360902256,5.642857142857143,0.2739105829088851
1,24,regular,1,1090,1079,11,1077,13,2,0.9880733944954129,0.9981464318813716,1.010194624652456,0.9930843706777317
1,24,semiregular,1,749,680,69,640,109,40,0.8544726301735648,0.9411764705882353,1.1014705882352942,0.8957312806158153
1,24,irregular,1,1308,247,1061,186,1122,61,0.14220183486238533,0.7530364372469636,5.295546558704453,0.23922829581993568
1,24,regular,2,1058,1079,21,1044,14,35,0.9867674858223062,0.9675625579240037,0.9805375347544022,0.9770706598034629
1,24,semiregular,2,815,680,135,669,146,11,0.8208588957055215,0.9838235294117647,1.1985294117647058,0.8949832775919733
1,24,irregular,2,1895,247,1648,247,1648,0,0.13034300791556727,1.0,7.672064777327935,0.23062558356676005
1,24,regular,3,907,1079,172,901,6,178,0.9933847850055126,0.835032437442076,0.8405931417979611,0.9073514602215509
1,24,semiregular,3,612,680,68,553,59,127,0.9035947712418301,0.8132352941176471,0.9,0.8560371517027863
1,24,irregular,3,1116,247,869,216,900,31,0.1935483870967742,0.8744939271255061,4.518218623481781,0.3169479090242113
1,25,regular,1,953,946,7,944,9,2,0.9905561385099685,0.9978858350951374,1.007399577167019,0.9942074776198
1,25,semiregular,1,899,718,181,687,212,31,0.764182424916574,0.9568245125348189,1.2520891364902507,0.8497217068645639
1,25,irregular,1,1507,207,1300,167,1340,40,0.1108161911081619,0.8067632850241546,7.280193236714976,0.19486581096849473
1,25,regular,2,936,946,10,929,7,17,0.9925213675213675,0.9820295983086681,0.9894291754756871,0.9872476089266737
1,25,semiregular,2,1001,718,283,705,296,13,0.7042957042957043,0.9818941504178273,1.394150417827298,0.8202443280977313
1,25,irregular,2,2015,207,1808,184,1831,23,0.0913151364764268,0.8888888888888888,9.734299516908212,0.16561656165616562
1,25,regular,3,721,946,225,718,3,228,0.9958391123439667,0.758985200845666,0.7621564482029598,0.8614277144571086
1,25,semiregular,3,651,718,67,547,104,171,0.8402457757296466,0.7618384401114207,0.9066852367688022,0.7991234477720964
1,25,irregular,3,1552,207,1345,161,1391,46,0.10373711340206186,0.7777777777777778,7.497584541062802,0.183058555997726
1,26,regular,1,1001,985,16,980,21,5,0.9790209790209791,0.9949238578680203,1.016243654822335,0.986908358509567
1,26,semiregular,1,904,720,184,682,222,38,0.754424778761062,0.9472222222222222,1.2555555555555555,0.8399014778325123
1,26,irregular,1,1178,214,964,182,996,32,0.15449915110356535,0.8504672897196262,5.5046728971962615,0.2614942528735632
1,26,regular,2,1076,985,91,984,92,1,0.9144981412639405,0.9989847715736041,1.0923857868020304,0.9548762736535662
1,26,semiregular,2,705,720,15,559,146,161,0.7929078014184398,0.7763888888888889,0.9791666666666666,0.7845614035087719
1,26,irregular,2,1568,214,1354,201,1367,13,0.12818877551020408,0.9392523364485982,7.327102803738318,0.2255892255892256
1,26,regular,3,792,985,193,784,8,201,0.98989898989899,0.7959390862944162,0.8040609137055837,0.8823860438942036
1,26,semiregular,3,633,720,87,546,87,174,0.8625592417061612,0.7583333333333333,0.8791666666666667,0.8070953436807096
1,26,irregular,3,1105,214,891,185,920,29,0.167420814479638,0.8644859813084113,5.163551401869159,0.2805155420773313
1,27,regular,1,1146,1166,20,1144,2,22,0.9982547993019197,0.9811320754716981,0.9828473413379074,0.9896193771626297
1,27,semiregular,1,886,728,158,672,214,56,0.7584650112866818,0.9230769230769231,1.217032967032967,0.8327137546468402
1,27,irregular,1,1828,270,1558,227,1601,43,0.12417943107221006,0.8407407407407408,6.770370370370371,0.2163965681601525
1,27,regular,2,1158,1166,8,1147,11,19,0.9905008635578584,0.983704974271012,0.9931389365351629,0.9870912220309811
1,27,semiregular,2,1020,728,292,720,300,8,0.7058823529411765,0.989010989010989,1.401098901098901,0.8237986270022883
1,27,irregular,2,2270,270,2000,270,2000,0,0.11894273127753303,1.0,8.407407407407407,0.21259842519685038
1,27,regular,3,1071,1166,95,1066,5,100,0.9953314659197012,0.9142367066895368,0.91852487135506,0.9530621367903441
1,27,semiregular,3,765,728,37,660,105,68,0.8627450980392157,0.9065934065934066,1.0508241758241759,0.884125920964501
1,27,irregular,3,1476,270,1206,259,1217,11,0.17547425474254744,0.9592592592592593,5.466666666666667,0.29667812142038946
1,28,regular,1,1091,1098,7,1083,8,15,0.9926672777268561,0.9863387978142076,0.9936247723132969,0.9894929191411604
1,28,semiregular,1,991,859,132,819,172,40,0.8264379414732593,0.9534342258440046,1.1536670547147847,0.8854054054054055
1,28,irregular,1,2225,293,1932,245,1980,48,0.1101123595505618,0.8361774744027304,7.593856655290103,0.19459888800635425
1,28,regular,2,1101,1098,3,1079,22,19,0.9800181653042689,0.982695810564663,1.0027322404371584,0.9813551614370168
1,28,semiregular,2,1112,859,253,850,262,9,0.7643884892086331,0.989522700814901,1.2945285215366706,0.8625063419583967
1,28,irregular,2,2408,293,2115,288,2120,5,0.11960132890365449,0.9829351535836177,8.218430034129693,0.21325435024065165
1,28,regular,3,857,1098,241,848,9,250,0.9894982497082847,0.7723132969034608,0.7805100182149363,0.8675191815856778
1,28,semiregular,3,754,859,105,669,85,190,0.8872679045092838,0.7788125727590222,0.8777648428405123,0.8295102293862369
1,28,irregular,3,1709,293,1416,239,1470,54,0.1398478642480983,0.8156996587030717,5.832764505119454,0.23876123876123875
1,29,regular,1,1132,1140,8,1129,3,11,0.9973498233215548,0.9903508771929824,0.9929824561403509,0.9938380281690139
1,29,semiregular,1,1226,869,357,851,375,18,0.6941272430668842,0.9792865362485615,1.4108170310701957,0.8124105011933175
1,29,irregular,1,1270,247,1023,198,1072,49,0.15590551181102363,0.8016194331983806,5.1417004048583,0.26104152933421226
1,29,regular,2,1131,1140,9,1123,8,17,0.9929266136162688,0.9850877192982456,0.9921052631578947,0.9889916336415676
1,29,semiregular,2,1344,869,475,861,483,8,0.640625,0.9907940161104718,1.5466052934407364,0.7781292363307728
1,29,irregular,2,1735,247,1488,245,1490,2,0.14121037463976946,0.9919028340080972,7.0242914979757085,0.24722502522704343
1,29,regular,3,958,1140,182,955,3,185,0.9968684759916493,0.8377192982456141,0.8403508771929824,0.9103908484270735
1,29,semiregular,3,934,869,65,772,162,97,0.8265524625267666,0.8883774453394706,1.0747986191024166,0.8563505268996118
1,29,irregular,3,1029,247,782,215,814,32,0.20894071914480078,0.8704453441295547,4.165991902834008,0.33699059561128525
1,30,regular,1,990,997,7,987,3,10,0.996969696969697,0.9899699097291875,0.9929789368104313,0.9934574735782586
1,30,semiregular,1,924,810,114,776,148,34,0.8398268398268398,0.9580246913580247,1.1407407407407408,0.8950403690888119
1,30,irregular,1,1630,250,1380,220,1410,30,0.13496932515337423,0.88,6.52,0.23404255319148937
1,30,regular,2,1017,997,20,997,20,0,0.9803343166175025,1.0,1.020060180541625,0.9900695134061569
1,30,semiregular,2,1045,810,235,798,247,12,0.7636363636363637,0.9851851851851852,1.2901234567901234,0.8603773584905661
1,30,irregular,2,2857,250,2607,247,2610,3,0.0864543227161358,0.988,11.428,0.1589958158995816
1,30,regular,3,906,997,91,902,4,95,0.9955849889624724,0.9047141424272819,0.9087261785356068,0.9479768786127168
1,30,semiregular,3,801,810,9,722,79,88,0.9013732833957553,0.891358024691358,0.9888888888888889,0.8963376784605834
1,30,irregular,3,1467,250,1217,208,1259,42,0.141785957736878,0.832,5.868,0.24228305183459525
2,1,regular,1,924,937,13,912,12,25,0.987012987012987,0.9733191035218783,0.9861259338313767,0.9801182160128963
2,1,semiregular,1,1020,703,317,691,329,12,0.6774509803921569,0.9829302987197724,1.4509246088193457,0.8020893789901336
2,1,irregular,1,607,199,408,184,423,15,0.3031301482701812,0.9246231155778895,3.050251256281407,0.456575682382134
2,1,regular,2,1030,937,93,937,93,0,0.9097087378640777,1.0,1.0992529348986126,0.9527198779867819
2,1,semiregular,2,1150,703,447,697,453,6,0.6060869565217392,0.9914651493598862,1.635846372688478,0.7522935779816513
2,1,irregular,2,1084,199,885,199,885,0,0.18357933579335795,1.0,5.447236180904523,0.3102104442712393
2,1,regular,3,827,937,110,788,39,149,0.9528415961305925,0.8409818569903948,0.8826040554962646,0.8934240362811791
2,1,semiregular,3,825,703,122,638,187,65,0.7733333333333333,0.9075391180654339,1.1735419630156472,0.8350785340314136
2,1,irregular,3,725,199,526,186,539,13,0.25655172413793104,0.9346733668341709,3.64321608040201,0.40259740259740256
2,2,regular,1,1176,1224,48,1165,11,59,0.9906462585034014,0.951797385620915,0.9607843137254902,0.9708333333333333
2,2,semiregular,1,752,647,105,627,125,20,0.8337765957446809,0.9690880989180835,1.1622874806800618,0.8963545389563975
2,2,irregular,1,993,217,776,193,800,24,0.19436052366565962,0.8894009216589862,4.576036866359447,0.31900826446280994
2,2,regular,2,1198,1224,26,1180,18,44,0.9849749582637729,0.9640522875816994,0.9787581699346405,0.9744013212221304
2,2,semiregular,2,831,647,184,647,184,0,0.7785800240673887,1.0,1.2843894899536321,0.8755074424898511
2,2,irregular,2,1355,217,1138,217,1138,0,0.16014760147601476,1.0,6.244239631336406,0.27608142493638677
2,2,regular,3,1059,1224,165,1052,7,172,0.9933899905571294,0.8594771241830066,0.8651960784313726,0.9215943933420938
2,2,semiregular,3,626,647,21,581,45,66,0.9281150159744409,0.8979907264296755,0.9675425038639877,0.9128043990573449
2,2,irregular,3,927,217,710,195,732,22,0.21035598705501618,0.8986175115207373,4.271889400921659,0.34090909090909094
2,3,regular,1,1032,1053,21,1028,4,25,0.9961240310077519,0.976258309591643,0.98005698005698,0.9860911270983213
2,3,semiregular,1,887,716,171,700,187,16,0.7891770011273957,0.9776536312849162,1.238826815642458,0.8733624454148471
2,3,irregular,1,1020,224,796,213,807,11,0.2088235294117647,0.9508928571428571,4.553571428571429,0.34244372990353694
2,3,regular,2,1005,1053,48,1000,5,53,0.9950248756218906,0.949667616334283,0.9544159544159544,0.9718172983479106
2,3,semiregular,2,932,716,216,704,228,12,0.7553648068669528,0.9832402234636871,1.3016759776536313,0.8543689320388349
2,3,irregular,2,1053,224,829,220,833,4,0.20892687559354226,0.9821428571428571,4.700892857142857,0.3445575567736883
2,3,regular,3,929,1053,124,926,3,127,0.9967707212055974,0.879392212725546,0.8822412155745489,0.9344096871846619
2,3,semiregular,3,685,716,31,592,93,124,0.8642335766423358,0.8268156424581006,0.9567039106145251,0.8451106352605282
2,3,irregular,3,814,224,590,198,616,26,0.24324324324324326,0.8839285714285714,3.6339285714285716,0.38150289017341044
2,4,regular,1,1115,1101,14,1096,19,5,0.9829596412556054,0.9954586739327884,1.0127157129881925,0.9891696750902528
2,4,semiregular,1,804,614,190,572,232,42,0.7114427860696517,0.9315960912052117,1.3094462540716612,0.8067700987306065
2,4,irregular,1,820,228,592,204,616,24,0.24878048780487805,0.8947368421052632,3.5964912280701755,0.3893129770992367
2,4,regular,2,1116,1101,15,1099,17,2,0.9847670250896058,0.9981834695731153,1.013623978201635,0.9914298601714028
2,4,semiregular,2,943,614,329,614,329,0,0.6511134676564156,1.0,1.5358306188925082,0.7886962106615285
2,4,irregular,2,1401,228,1173,228,1173,0,0.16274089935760172,1.0,6.144736842105263,0.279926335174954
2,4,regular,3,902,1101,199,887,15,214,0.983370288248337,0.8056312443233424,0.8192552225249773,0.8856714927608588
2,4,semiregular,3,660,614,46,527,133,87,0.7984848484848485,0.8583061889250815,1.0749185667752443,0.827315541601256
2,4,irregular,3,897,228,669,193,704,35,0.21516164994425863,0.8464912280701754,3.9342105263157894,0.3431111111111111
2,5,regular,1,1032,1044,12,1029,3,15,0.997093023255814,0.985632183908046,0.9885057471264368,0.991329479768786
2,5,semiregular,1,1015,668,347,663,352,5,0.6532019704433497,0.9925149700598802,1.5194610778443114,0.7878787878787878
2,5,irregular,1,1212,217,995,196,1016,21,0.1617161716171617,0.9032258064516129,5.585253456221198,0.2743177046885934
2,5,regular,2,1012,1044,32,1006,6,38,0.9940711462450593,0.9636015325670498,0.9693486590038314,0.9785992217898832
2,5,semiregular,2,1058,668,390,667,391,1,0.6304347826086957,0.9985029940119761,1.5838323353293413,0.7728852838933952
2,5,irregular,2,1402,217,1185,216,1186,1,0.15406562054208273,0.9953917050691244,6.460829493087558,0.2668313773934527
2,5,regular,3,905,1044,139,903,2,141,0.9977900552486187,0.8649425287356322,0.8668582375478927,0.926629040533607
2,5,semiregular,3,753,668,85,600,153,68,0.796812749003984,0.8982035928143712,1.127245508982036,0.844475721323012
2,5,irregular,3,1104,217,887,207,897,10,0.1875,0.9539170506912442,5.087557603686636,0.3133989401968206
2,6,regular,1,947,915,32,913,34,2,0.9640971488912354,0.9978142076502732,1.0349726775956285,0.9806659505907627
2,6,semiregular,1,790,701,89,627,163,74,0.7936708860759494,0.8944365192582026,1.1269614835948645,0.8410462776659959
2,6,irregular,1,906,195,711,142,764,53,0.15673289183222958,0.7282051282051282,4.6461538461538465,0.2579473206176203
2,6,regular,2,962,915,47,911,51,4,0.946985446985447,0.9956284153005465,1.0513661202185793,0.9706979222163026
2,6,semiregular,2,908,701,207,683,225,18,0.7522026431718062,0.9743223965763196,1.2952924393723253,0.8489745183343692
2,6,irregular,2,1417,195,1222,195,1222,0,0.13761467889908258,1.0,7.266666666666667,0.24193548387096775
2,6,regular,3,809,915,106,787,22,128,0.9728059332509271,0.8601092896174863,0.8841530054644808,0.9129930394431556
2,6,semiregular,3,661,701,40,572,89,129,0.8653555219364599,0.8159771754636234,0.9429386590584878,0.8399412628487518
2,6,irregular,3,756,195,561,171,585,24,0.2261904761904762,0.8769230769230769,3.876923076923077,0.3596214511041009
2,7,regular,1,0,1230,1230,0,0,1230,-1,-1,0.0,-1
2,7,semiregular,1,329,761,432,272,57,489,0.8267477203647416,0.35742444152431013,0.4323258869908016,0.4990825688073395
2,7,irregular,1,305,225,80,77,228,148,0.25245901639344265,0.3422222222222222,1.3555555555555556,0.2905660377358491
2,7,regular,2,1216,1230,14,1198,18,32,0.9851973684210527,0.9739837398373984,0.9886178861788618,0.9795584627964022
2,7,semiregular,2,1111,761,350,753,358,8,0.6777677767776777,0.9894875164257556,1.459921156373193,0.8044871794871794
2,7,irregular,2,1848,225,1623,224,1624,1,0.12121212121212122,0.9955555555555555,8.213333333333333,0.21611191509889047
2,7,regular,3,1079,1230,151,1071,8,159,0.9925857275254866,0.8707317073170732,0.8772357723577235,0.927674317886531
2,7,semiregular,3,833,761,72,690,143,71,0.8283313325330132,0.9067017082785808,1.0946123521681996,0.8657465495608531
2,7,irregular,3,1168,225,943,199,969,26,0.1703767123287671,0.8844444444444445,5.191111111111111,0.28571428571428575
2,8,regular,1,1027,1035,8,1017,10,18,0.9902629016553067,0.9826086956521739,0.9922705314009662,0.9864209505334626
2,8,semiregular,1,976,827,149,769,207,58,0.7879098360655737,0.9298669891172914,1.1801692865779927,0.853022739877981
2,8,irregular,1,1516,243,1273,191,1325,52,0.12598944591029024,0.7860082304526749,6.238683127572016,0.21716884593519042
2,8,regular,2,979,1035,56,970,9,65,0.9908069458631257,0.9371980676328503,0.9458937198067633,0.9632571996027806
2,8,semiregular,2,993,827,166,779,214,48,0.7844914400805639,0.9419588875453446,1.2007255139056832,0.8560439560439561
2,8,irregular,2,1854,243,1611,234,1620,9,0.1262135922330097,0.9629629629629629,7.62962962962963,0.22317596566523604
2,8,regular,3,935,1035,100,929,6,106,0.9935828877005347,0.8975845410628019,0.9033816425120773,0.9431472081218274
2,8,semiregular,3,771,827,56,672,99,155,0.8715953307392996,0.8125755743651754,0.932285368802902,0.8410513141426784
2,8,irregular,3,1270,243,1027,210,1060,33,0.16535433070866143,0.8641975308641975,5.226337448559671,0.2775941837409121
2,9,regular,1,1086,1107,21,1076,10,31,0.990791896869245,0.971996386630533,0.981029810298103,0.9813041495668035
2,9,semiregular,1,702,701,1,619,83,82,0.8817663817663818,0.8830242510699001,1.0014265335235377,0.8823948681397006
2,9,irregular,1,1149,266,883,226,923,40,0.19669277632724108,0.849624060150376,4.319548872180451,0.31943462897526503
2,9,regular,2,1072,1107,35,1062,10,45,0.9906716417910447,0.959349593495935,0.9683830171635049,0.9747590637907297
2,9,semiregular,2,802,701,101,669,133,32,0.8341645885286783,0.9543509272467903,1.144079885877318,0.8902195608782435
2,9,irregular,2,1756,266,1490,266,1490,0,0.15148063781321183,1.0,6.601503759398496,0.2631058358061325
2,9,regular,3,964,1107,143,958,6,149,0.9937759336099585,0.8654019873532068,0.8708220415537489,0.9251569290197972
2,9,semiregular,3,620,701,81,571,49,130,0.9209677419354839,0.8145506419400856,0.884450784593438,0.8644965934897806
2,9,irregular,3,1147,266,881,226,921,40,0.1970357454228422,0.849624060150376,4.31203007518797,0.3198867657466383
2,10,regular,1,1030,1014,16,1000,30,14,0.970873786407767,0.9861932938856016,1.0157790927021697,0.9784735812133072
2,10,semiregular,1,834,656,178,645,189,11,0.7733812949640287,0.9832317073170732,1.271341463414634,0.8657718120805369
2,10,irregular,1,1081,247,834,238,843,9,0.22016651248843663,0.9635627530364372,4.376518218623482,0.358433734939759
2,10,regular,2,1065,1014,51,1011,54,3,0.9492957746478873,0.9970414201183432,1.0502958579881656,0.9725829725829725
2,10,semiregular,2,913,656,257,649,264,7,0.7108433734939759,0.989329268292683,1.391768292682927,0.8272785213511791
2,10,irregular,2,1474,247,1227,247,1227,0,0.16757123473541383,1.0,5.967611336032388,0.2870424171993027
2,10,regular,3,884,1014,130,867,17,147,0.9807692307692307,0.8550295857988166,0.8717948717948718,0.9135932560590094
2,10,semiregular,3,629,656,27,558,71,98,0.8871224165341812,0.850609756097561,0.9588414634146342,0.8684824902723736
2,10,irregular,3,992,247,745,228,764,19,0.22983870967741934,0.9230769230769231,4.016194331983805,0.36803874092009686
2,11,regular,1,1065,1070,5,1060,5,10,0.9953051643192489,0.9906542056074766,0.9953271028037384,0.9929742388758782
2,11,semiregular,1,887,700,187,680,207,20,0.7666290868094702,0.9714285714285714,1.2671428571428571,0.8569628229363578
2,11,irregular,1,1069,239,830,212,857,27,0.19831618334892423,0.8870292887029289,4.472803347280335,0.3241590214067278
2,11,regular,2,1018,1070,52,1013,5,57,0.9950884086444007,0.9467289719626168,0.9514018691588785,0.9703065134099617
2,11,semiregular,2,925,700,225,690,235,10,0.745945945945946,0.9857142857142858,1.3214285714285714,0.8492307692307693
2,11,irregular,2,1350,239,1111,235,1115,4,0.17407407407407408,0.9832635983263598,5.648535564853557,0.2957835116425425
2,11,regular,3,893,1070,177,889,4,181,0.9955207166853304,0.8308411214953271,0.8345794392523365,0.9057564951604687
2,11,semiregular,3,721,700,21,608,113,92,0.8432732316227461,0.8685714285714285,1.03,0.8557353976073189
2,11,irregular,3,846,239,607,209,637,30,0.2470449172576832,0.8744769874476988,3.5397489539748954,0.38525345622119817
2,12,regular,1,1021,1007,14,1007,14,0,0.9862879529872673,1.0,1.0139026812313803,0.9930966469428009
2,12,semiregular,1,891,641,250,619,272,22,0.6947250280583613,0.9656786271450858,1.390015600624025,0.8080939947780679
2,12,irregular,1,1088,204,884,197,891,7,0.18106617647058823,0.9656862745098039,5.333333333333333,0.30495356037151705
2,12,regular,2,1068,1007,61,1007,61,0,0.9428838951310862,1.0,1.060575968222443,0.9706024096385542
2,12,semiregular,2,982,641,341,633,349,8,0.6446028513238289,0.9875195007800313,1.53198127925117,0.7800369685767098
2,12,irregular,2,1508,204,1304,204,1304,0,0.13527851458885942,1.0,7.392156862745098,0.2383177570093458
2,12,regular,3,874,1007,133,870,4,137,0.9954233409610984,0.8639523336643495,0.8679245283018868,0.9250398724082934
2,12,semiregular,3,684,641,43,547,137,94,0.7997076023391813,0.8533541341653667,1.0670826833073324,0.8256603773584905
2,12,irregular,3,945,204,741,187,758,17,0.19788359788359788,0.9166666666666666,4.632352941176471,0.32550043516100957
2,13,regular,1,977,1000,23,974,3,26,0.9969293756397134,0.974,0.977,0.9853313100657561
2,13,semiregular,1,930,815,115,774,156,41,0.832258064516129,0.9496932515337423,1.1411042944785277,0.887106017191977
2,13,irregular,1,1377,216,1161,158,1219,58,0.11474219317356572,0.7314814814814815,6.375,0.19836785938480855
2,13,regular,2,1007,1000,7,993,14,7,0.9860973187686196,0.993,1.007,0.9895366218236172
2,13,semiregular,2,1035,815,220,813,222,2,0.7855072463768116,0.9975460122699387,1.2699386503067485,0.8789189189189189
2,13,irregular,2,2147,216,1931,216,1931,0,0.10060549604098742,1.0,9.939814814814815,0.18281845112145578
2,13,regular,3,861,1000,139,857,4,143,0.9953542392566783,0.857,0.861,0.9210102095647501
2,13,semiregular,3,770,815,45,688,82,127,0.8935064935064935,0.8441717791411043,0.9447852760736196,0.8681388012618297
2,13,irregular,3,1236,216,1020,182,1054,34,0.14724919093851133,0.8425925925925926,5.722222222222222,0.25068870523415976
2,14,regular,1,1046,1052,6,1045,1,7,0.9990439770554493,0.9933460076045627,0.9942965779467681,0.996186844613918
2,14,semiregular,1,1181,913,268,889,292,24,0.7527519051651143,0.9737130339539978,1.293537787513691,0.8490926456542501
2,14,irregular,1,881,217,664,185,696,32,0.20998864926220204,0.8525345622119815,4.059907834101383,0.3369763205828779
2,14,regular,2,1021,1052,31,1015,6,37,0.9941234084231146,0.964828897338403,0.970532319391635,0.9792571152918476
2,14,semiregular,2,1264,913,351,912,352,1,0.7215189873417721,0.9989047097480832,1.3844468784227821,0.8378502526412492
2,14,irregular,2,1478,217,1261,217,1261,0,0.14682002706359945,1.0,6.811059907834101,0.25604719764011796
2,14,regular,3,929,1052,123,927,2,125,0.9978471474703983,0.8811787072243346,0.8830798479087453,0.9358909641595154
2,14,semiregular,3,895,913,18,789,106,124,0.8815642458100559,0.864184008762322,0.9802847754654983,0.8727876106194691
2,14,irregular,3,724,217,507,174,550,43,0.24033149171270718,0.8018433179723502,3.3364055299539173,0.3698193411264612
2,15,regular,1,979,964,15,964,15,0,0.9846782431052093,1.0,1.0155601659751037,0.9922799794132784
2,15,semiregular,1,938,774,164,759,179,15,0.8091684434968017,0.9806201550387597,1.2118863049095607,0.8866822429906542
2,15,irregular,1,1091,218,873,198,893,20,0.18148487626031165,0.908256880733945,5.004587155963303,0.3025210084033613
2,15,regular,2,896,964,68,890,6,74,0.9933035714285714,0.9232365145228216,0.9294605809128631,0.956989247311828
2,15,semiregular,2,953,774,179,741,212,33,0.7775445960125918,0.9573643410852714,1.231266149870801,0.8581354950781703
2,15,irregular,2,1545,218,1327,218,1327,0,0.14110032362459546,1.0,7.087155963302752,0.24730572887124222
2,15,regular,3,799,964,165,797,2,167,0.9974968710888611,0.8267634854771784,0.828838174273859,0.9041406693136698
2,15,semiregular,3,722,774,52,636,86,138,0.8808864265927978,0.8217054263565892,0.9328165374677002,0.8502673796791443
2,15,irregular,3,838,218,620,186,652,32,0.22195704057279236,0.8532110091743119,3.8440366972477062,0.3522727272727273
2,16,regular,1,1105,1109,4,1098,7,11,0.9936651583710407,0.9900811541929666,0.9963931469792606,0.9918699186991871
2,16,semiregular,1,831,681,150,646,185,35,0.7773766546329723,0.9486049926578561,1.2202643171806167,0.8544973544973545
2,16,irregular,1,549,272,277,177,372,95,0.3224043715846995,0.6507352941176471,2.0183823529411766,0.43118148599269185
2,16,regular,2,1127,1109,18,1108,19,1,0.9831410825199645,0.9990982867448152,1.0162308385933274,0.9910554561717352
2,16,semiregular,2,930,681,249,675,255,6,0.7258064516129032,0.9911894273127754,1.3656387665198237,0.8379888268156424
2,16,irregular,2,1426,272,1154,272,1154,0,0.19074333800841514,1.0,5.242647058823529,0.32037691401649
2,16,regular,3,980,1109,129,973,7,136,0.9928571428571429,0.8773669972948602,0.8836789900811542,0.9315461943513642
2,16,semiregular,3,712,681,31,603,109,78,0.8469101123595506,0.8854625550660793,1.0455212922173274,0.8657573582196697
2,16,irregular,3,902,272,630,243,659,29,0.26940133037694014,0.8933823529411765,3.3161764705882355,0.41396933560477
2,17,regular,1,1028,1029,1,1023,5,6,0.995136186770428,0.9941690962099126,0.9990281827016521,0.9946524064171124
2,17,semiregular,1,977,837,140,793,184,44,0.8116683725690891,0.9474313022700119,1.1672640382317803,0.8743109151047409
2,17,irregular,1,484,240,244,127,357,113,0.26239669421487605,0.5291666666666667,2.0166666666666666,0.35082872928176795
2,17,regular,2,1054,1029,25,1028,26,1,0.9753320683111955,0.9990281827016521,1.0242954324586977,0.987037926068171
2,17,semiregular,2,1050,837,213,816,234,21,0.7771428571428571,0.974910394265233,1.2544802867383513,0.8648648648648649
2,17,irregular,2,1435,240,1195,240,1195,0,0.1672473867595819,1.0,5.979166666666667,0.2865671641791045
2,17,regular,3,939,1029,90,935,4,94,0.9957401490947817,0.9086491739552964,0.9125364431486881,0.9502032520325203
2,17,semiregular,3,841,837,4,745,96,92,0.8858501783590963,0.8900836320191159,1.004778972520908,0.8879618593563765
2,17,irregular,3,1153,240,913,215,938,25,0.18647007805724197,0.8958333333333334,4.804166666666666,0.30868628858578606
2,18,regular,1,1053,1044,9,1039,14,5,0.9867046533713201,0.9952107279693486,1.0086206896551724,0.9909394372913686
2,18,semiregular,1,950,801,149,771,179,30,0.8115789473684211,0.9625468164794008,1.1860174781523096,0.8806396344945745
2,18,irregular,1,485,252,233,183,302,69,0.37731958762886597,0.7261904761904762,1.9246031746031746,0.496607869742198
2,18,regular,2,1056,1044,12,1040,16,4,0.9848484848484849,0.9961685823754789,1.0114942528735633,0.9904761904761905
2,18,semiregular,2,1045,801,244,791,254,10,0.7569377990430622,0.9875156054931336,1.3046192259675407,0.8569880823401952
2,18,irregular,2,1403,252,1151,251,1152,1,0.17890235210263722,0.996031746031746,5.567460317460317,0.3033232628398792
2,18,regular,3,864,1044,180,860,4,184,0.9953703703703703,0.8237547892720306,0.8275862068965517,0.9014675052410901
2,18,semiregular,3,783,801,18,699,84,102,0.89272030651341,0.8726591760299626,0.9775280898876404,0.8825757575757575
2,18,irregular,3,981,252,729,233,748,19,0.23751274209989806,0.9246031746031746,3.892857142857143,0.3779399837793998
2,19,regular,1,1092,1076,16,1070,22,6,0.9798534798534798,0.9944237918215614,1.0148698884758365,0.9870848708487086
2,19,semiregular,1,881,753,128,714,167,39,0.8104426787741204,0.9482071713147411,1.1699867197875167,0.8739290085679314
2,19,irregular,1,753,245,508,198,555,47,0.26294820717131473,0.8081632653061225,3.073469387755102,0.39679358717434865
2,19,regular,2,1081,1076,5,1069,12,7,0.9888991674375578,0.9934944237918215,1.004646840148699,0.9911914696337505
2,19,semiregular,2,954,753,201,741,213,12,0.7767295597484277,0.9840637450199203,1.2669322709163346,0.8681898066783832
2,19,irregular,2,1207,245,962,244,963,1,0.20215410107705054,0.9959183673469387,4.926530612244898,0.33608815426997246
2,19,regular,3,900,1076,176,897,3,179,0.9966666666666667,0.8336431226765799,0.8364312267657993,0.9078947368421053
2,19,semiregular,3,731,753,22,649,82,104,0.8878248974008208,0.8618857901726428,0.9707835325365206,0.8746630727762804
2,19,irregular,3,836,245,591,211,625,34,0.25239234449760767,0.8612244897959184,3.4122448979591837,0.3903792784458835
2,20,regular,1,1204,1251,47,1198,6,53,0.9950166112956811,0.9576338928856915,0.9624300559552358,0.9759674134419553
2,20,semiregular,1,978,841,137,794,184,47,0.8118609406952966,0.9441141498216409,1.1629013079667063,0.8730071467839473
2,20,irregular,1,1041,252,789,192,849,60,0.1844380403458213,0.7619047619047619,4.130952380952381,0.29698375870069604
2,20,regular,2,1220,1251,31,1207,13,44,0.989344262295082,0.964828137490008,0.9752198241406874,0.9769324160259004
2,20,semiregular,2,1127,841,286,829,298,12,0.735581188997338,0.985731272294887,1.3400713436385256,0.8424796747967479
2,20,irregular,2,1233,252,981,239,994,13,0.19383617193836172,0.9484126984126984,4.892857142857143,0.32188552188552194
2,20,regular,3,960,1251,291,954,6,297,0.99375,0.762589928057554,0.7673860911270983,0.8629579375848033
2,20,semiregular,3,819,841,22,685,134,156,0.8363858363858364,0.8145065398335315,0.9738406658739596,0.8253012048192772
2,20,irregular,3,776,252,524,196,580,56,0.25257731958762886,0.7777777777777778,3.0793650793650795,0.3813229571984436
2,21,regular,1,917,920,3,911,6,9,0.9934569247546347,0.9902173913043478,0.9967391304347826,0.9918345127925966
2,21,semiregular,1,903,549,354,528,375,21,0.584717607973422,0.9617486338797814,1.644808743169399,0.7272727272727273
2,21,irregular,1,844,204,640,190,654,14,0.22511848341232227,0.9313725490196079,4.137254901960785,0.36259541984732824
2,21,regular,2,953,920,33,920,33,0,0.9653725078698846,1.0,1.0358695652173913,0.9823812066203951
2,21,semiregular,2,988,549,439,545,443,4,0.5516194331983806,0.9927140255009107,1.7996357012750455,0.7091737150292778
2,21,irregular,2,1369,204,1165,204,1165,0,0.14901387874360847,1.0,6.71078431372549,0.2593769866497139
2,21,regular,3,820,920,100,816,4,104,0.9951219512195122,0.8869565217391304,0.8913043478260869,0.9379310344827586
2,21,semiregular,3,690,549,141,490,200,59,0.7101449275362319,0.8925318761384335,1.2568306010928962,0.7909604519774012
2,21,irregular,3,792,204,588,182,610,22,0.2297979797979798,0.8921568627450981,3.8823529411764706,0.3654618473895583
2,22,regular,1,994,946,48,945,49,1,0.9507042253521126,0.9989429175475687,1.0507399577167018,0.9742268041237113
2,22,semiregular,1,908,703,205,684,224,19,0.7533039647577092,0.972972972972973,1.2916073968705548,0.8491620111731842
2,22,irregular,1,1113,247,866,235,878,12,0.21114106019766396,0.951417004048583,4.506072874493927,0.3455882352941176
2,22,regular,2,994,946,48,946,48,0,0.9517102615694165,1.0,1.0507399577167018,0.9752577319587629
2,22,semiregular,2,1064,703,361,696,368,7,0.6541353383458647,0.9900426742532006,1.5135135135135136,0.7877758913412564
2,22,irregular,2,1462,247,1215,247,1215,0,0.1689466484268126,1.0,5.919028340080971,0.28905792861322416
2,22,regular,3,801,946,145,788,13,158,0.9837702871410736,0.8329809725158562,0.846723044397463,0.9021179164281626
2,22,semiregular,3,819,703,116,660,159,43,0.8058608058608059,0.9388335704125178,1.1650071123755334,0.8672798948751643
2,22,irregular,3,791,247,544,223,568,24,0.28192161820480405,0.902834008097166,3.2024291497975708,0.4296724470134874
2,23,regular,1,1031,999,32,997,34,2,0.9670223084384093,0.997997997997998,1.032032032032032,0.9822660098522168
2,23,semiregular,1,985,835,150,775,210,60,0.7868020304568528,0.9281437125748503,1.1796407185628743,0.8516483516483517
2,23,irregular,1,471,266,205,162,309,104,0.34394904458598724,0.6090225563909775,1.7706766917293233,0.43962008141112624
2,23,regular,2,1014,999,15,964,50,35,0.9506903353057199,0.964964964964965,1.015015015015015,0.9577744659711872
2,23,semiregular,2,1125,835,290,816,309,19,0.7253333333333334,0.9772455089820359,1.347305389221557,0.8326530612244898
2,23,irregular,2,2778,266,2512,265,2513,1,0.09539236861051116,0.9962406015037594,10.443609022556391,0.17411300919842312
2,23,regular,3,898,999,101,876,22,123,0.9755011135857461,0.8768768768768769,0.8988988988988988,0.9235635213494993
2,23,semiregular,3,791,835,44,692,99,143,0.8748419721871049,0.8287425149700599,0.9473053892215569,0.8511685116851169
2,23,irregular,3,1307,266,1041,239,1068,27,0.18286151491966335,0.8984962406015038,4.913533834586466,0.30387794024157666
2,24,regular,1,1077,1079,2,1066,11,13,0.989786443825441,0.9879518072289156,0.9981464318813716,0.9888682745825602
2,24,semiregular,1,776,680,96,660,116,20,0.8505154639175257,0.9705882352941176,1.1411764705882352,0.9065934065934066
2,24,irregular,1,1380,247,1133,200,1180,47,0.14492753623188406,0.8097165991902834,5.587044534412955,0.24585125998770743
2,24,regular,2,1051,1079,28,1037,14,42,0.9866793529971456,0.9610750695088045,0.974050046339203,0.9737089201877935
2,24,semiregular,2,815,680,135,670,145,10,0.8220858895705522,0.9852941176470589,1.1985294117647058,0.8963210702341138
2,24,irregular,2,1852,247,1605,247,1605,0,0.13336933045356372,1.0,7.497975708502024,0.23535016674606957
2,24,regular,3,890,1079,189,884,6,195,0.9932584269662922,0.8192771084337349,0.82483781278962,0.8979177247333672
2,24,semiregular,3,604,680,76,542,62,138,0.8973509933774835,0.7970588235294118,0.888235294117647,0.8442367601246107
2,24,irregular,3,930,247,683,206,724,41,0.221505376344086,0.8340080971659919,3.7651821862348176,0.35004248088360235
2,25,regular,1,948,946,2,942,6,4,0.9936708860759493,0.9957716701902748,1.0021141649048626,0.9947201689545934
2,25,semiregular,1,894,718,176,693,201,25,0.7751677852348994,0.9651810584958217,1.2451253481894151,0.859801488833747
2,25,irregular,1,1845,207,1638,180,1665,27,0.0975609756097561,0.8695652173913043,8.91304347826087,0.1754385964912281
2,25,regular,2,942,946,4,935,7,11,0.9925690021231423,0.9883720930232558,0.9957716701902748,0.9904661016949153
2,25,semiregular,2,986,718,268,701,285,17,0.7109533468559838,0.9763231197771588,1.373259052924791,0.8227699530516432
2,25,irregular,2,965,207,758,178,787,29,0.1844559585492228,0.8599033816425121,4.661835748792271,0.3037542662116041
2,25,regular,3,761,946,185,759,2,187,0.9973718791064389,0.8023255813953488,0.8044397463002114,0.8892794376098417
2,25,semiregular,3,693,718,25,578,115,140,0.834054834054834,0.8050139275766016,0.9651810584958217,0.8192771084337349
2,25,irregular,3,1548,207,1341,167,1381,40,0.1078811369509044,0.8067632850241546,7.478260869565218,0.1903133903133903
2,26,regular,1,1010,985,25,984,26,1,0.9742574257425742,0.9989847715736041,1.0253807106598984,0.9864661654135337
2,26,semiregular,1,903,720,183,690,213,30,0.7641196013289037,0.9583333333333334,1.2541666666666667,0.8502772643253235
2,26,irregular,1,1339,214,1125,205,1134,9,0.1530993278566094,0.9579439252336449,6.257009345794392,0.2640051513200257
2,26,regular,2,928,985,57,886,42,99,0.9547413793103449,0.899492385786802,0.9421319796954315,0.9262937794040774
2,26,semiregular,2,496,720,224,425,71,295,0.8568548387096774,0.5902777777777778,0.6888888888888889,0.6990131578947368
2,26,irregular,2,948,214,734,125,823,89,0.13185654008438819,0.5841121495327103,4.429906542056075,0.21514629948364888
2,26,regular,3,783,985,202,776,7,209,0.9910600255427842,0.7878172588832487,0.7949238578680203,0.8778280542986424
2,26,semiregular,3,637,720,83,531,106,189,0.8335949764521193,0.7375,0.8847222222222222,0.782608695652174
2,26,irregular,3,1140,214,926,191,949,23,0.1675438596491228,0.8925233644859814,5.327102803738318,0.2821270310192024
2,27,regular,1,1137,1166,29,1133,4,33,0.9964819700967458,0.9716981132075472,0.9751286449399656,0.9839339991315674
2,27,semiregular,1,928,728,200,674,254,54,0.7262931034482759,0.9258241758241759,1.2747252747252746,0.8140096618357487
2,27,irregular,1,2017,270,1747,259,1758,11,0.12840852751611304,0.9592592592592593,7.470370370370371,0.2264975951027547
2,27,regular,2,1140,1166,26,1129,11,37,0.9903508771929824,0.9682675814751286,0.9777015437392796,0.9791847354726799
2,27,semiregular,2,1008,728,280,719,289,9,0.7132936507936508,0.9876373626373627,1.3846153846153846,0.8283410138248849
2,27,irregular,2,2277,270,2007,270,2007,0,0.11857707509881422,1.0,8.433333333333334,0.21201413427561838
2,27,regular,3,1037,1166,129,1033,4,133,0.996142719382835,0.885934819897084,0.8893653516295026,0.93781207444394
2,27,semiregular,3,728,728,0,626,102,102,0.8598901098901099,0.8598901098901099,1.0,0.8598901098901099
2,27,irregular,3,1336,270,1066,246,1090,24,0.18413173652694612,0.9111111111111111,4.948148148148148,0.30635118306351183
2,28,regular,1,1085,1098,13,1073,12,25,0.9889400921658986,0.9772313296903461,0.98816029143898,0.9830508474576272
2,28,semiregular,1,1022,859,163,830,192,29,0.812133072407045,0.9662398137369034,1.189755529685681,0.882509303561935
2,28,irregular,1,2031,293,1738,267,1764,26,0.13146233382570163,0.9112627986348123,6.931740614334471,0.229776247848537
2,28,regular,2,1102,1098,4,1081,21,17,0.9809437386569873,0.9845173041894353,1.0036429872495447,0.9827272727272727
2,28,semiregular,2,1111,859,252,857,254,2,0.7713771377137714,0.9976717112922002,1.2933643771827708,0.8700507614213199
2,28,irregular,2,2492,293,2199,292,2200,1,0.11717495987158909,0.9965870307167235,8.505119453924914,0.20969479353680434
2,28,regular,3,833,1098,265,825,8,273,0.9903961584633854,0.7513661202185792,0.7586520947176685,0.8544795442775762
2,28,semiregular,3,792,859,67,691,101,168,0.8724747474747475,0.8044237485448196,0.9220023282887078,0.8370684433676558
2,28,irregular,3,1610,293,1317,250,1360,43,0.15527950310559005,0.8532423208191127,5.494880546075085,0.2627430373095113
2,29,regular,1,1133,1140,7,1129,4,11,0.9964695498676082,0.9903508771929824,0.993859649122807,0.9934007919049713
2,29,semiregular,1,1263,869,394,865,398,4,0.6848772763262074,0.9953970080552359,1.4533947065592636,0.8114446529080676
2,29,irregular,1,1392,247,1145,230,1162,17,0.16522988505747127,0.9311740890688259,5.635627530364372,0.2806589383770592
2,29,regular,2,1128,1140,12,1120,8,20,0.9929078014184397,0.9824561403508771,0.9894736842105263,0.9876543209876543
2,29,semiregular,2,1338,869,469,865,473,4,0.6464872944693573,0.9953970080552359,1.5397008055235903,0.7838695061169009
2,29,irregular,2,1731,247,1484,247,1484,0,0.14269208549971116,1.0,7.008097165991903,0.24974721941354905
2,29,regular,3,886,1140,254,883,3,257,0.9966139954853274,0.7745614035087719,0.7771929824561403,0.8716683119447186
2,29,semiregular,3,957,869,88,792,165,77,0.8275862068965517,0.9113924050632911,1.1012658227848102,0.8674698795180723
2,29,irregular,3,852,247,605,199,653,48,0.2335680751173709,0.805668016194332,3.4493927125506074,0.362147406733394
2,30,regular,1,982,997,15,979,3,18,0.9969450101832994,0.9819458375125376,0.9849548645937813,0.9893885800909551
2,30,semiregular,1,923,810,113,775,148,35,0.8396533044420368,0.9567901234567902,1.1395061728395062,0.894402769763416
2,30,irregular,1,2555,250,2305,242,2313,8,0.09471624266144814,0.968,10.22,0.17254901960784316
2,30,regular,2,992,997,5,987,5,10,0.9949596774193549,0.9899699097291875,0.9949849548645938,0.9924585218702866
2,30,semiregular,2,1019,810,209,801,218,9,0.7860647693817469,0.9888888888888889,1.2580246913580246,0.8758884636413341
2,30,irregular,2,2848,250,2598,250,2598,0,0.0877808988764045,1.0,11.392,0.16139444803098776
2,30,regular,3,895,997,102,893,2,104,0.9977653631284916,0.8956870611835507,0.8976930792377131,0.9439746300211417
2,30,semiregular,3,758,810,52,680,78,130,0.8970976253298153,0.8395061728395061,0.9358024691358025,0.8673469387755103
2,30,irregular,3,1347,250,1097,209,1138,41,0.15515961395694136,0.836,5.388,0.2617407639323732
3,1,regular,1,937,937,0,932,5,5,0.9946638207043756,0.9946638207043756,1.0,0.9946638207043756
3,1,semiregular,1,990,703,287,680,310,23,0.6868686868686869,0.9672830725462305,1.4082503556187767,0.8033077377436504
3,1,irregular,1,479,199,280,182,297,17,0.37995824634655534,0.914572864321608,2.407035175879397,0.5368731563421828
3,1,regular,2,1048,937,111,937,111,0,0.8940839694656488,1.0,1.1184631803628602,0.944080604534005
3,1,semiregular,2,1145,703,442,691,454,12,0.6034934497816594,0.9829302987197724,1.6287339971550499,0.7478354978354979
3,1,irregular,2,1078,199,879,199,879,0,0.18460111317254174,1.0,5.417085427135678,0.31166797180892714
3,1,regular,3,733,937,204,712,21,225,0.9713506139154161,0.759871931696905,0.7822838847385272,0.8526946107784431
3,1,semiregular,3,680,703,23,524,156,179,0.7705882352941177,0.7453769559032717,0.9672830725462305,0.7577729573391178
3,1,irregular,3,371,199,172,133,238,66,0.3584905660377358,0.6683417085427136,1.864321608040201,0.4666666666666666
3,2,regular,1,1192,1224,32,1185,7,39,0.9941275167785235,0.9681372549019608,0.9738562091503268,0.9809602649006623
3,2,semiregular,1,732,647,85,611,121,36,0.8346994535519126,0.9443585780525502,1.1313755795981453,0.8861493836113126
3,2,irregular,1,959,217,742,168,791,49,0.17518248175182483,0.7741935483870968,4.419354838709677,0.2857142857142857
3,2,regular,2,1185,1224,39,1166,19,58,0.9839662447257383,0.9526143790849673,0.9681372549019608,0.9680365296803654
3,2,semiregular,2,801,647,154,643,158,4,0.8027465667915106,0.9938176197836167,1.2380216383307574,0.888121546961326
3,2,irregular,2,1263,217,1046,213,1050,4,0.16864608076009502,0.9815668202764977,5.820276497695852,0.28783783783783784
3,2,regular,3,1112,1224,112,1106,6,118,0.9946043165467626,0.9035947712418301,0.9084967320261438,0.946917808219178
3,2,semiregular,3,648,647,1,585,63,62,0.9027777777777778,0.9041731066460588,1.001545595054096,0.9034749034749036
3,2,irregular,3,1030,217,813,198,832,19,0.19223300970873786,0.9124423963133641,4.746543778801843,0.31756214915797915
3,3,regular,1,1037,1053,16,1032,5,21,0.9951783992285439,0.98005698005698,0.9848053181386515,0.9875598086124402
3,3,semiregular,1,881,716,165,689,192,27,0.7820658342792282,0.9622905027932961,1.2304469273743017,0.862867877269881
3,3,irregular,1,936,224,712,202,734,22,0.21581196581196582,0.9017857142857143,4.178571428571429,0.3482758620689655
3,3,regular,2,537,1053,516,532,5,521,0.9906890130353817,0.5052231718898386,0.50997150997151,0.669182389937107
3,3,semiregular,2,177,716,539,163,14,553,0.9209039548022598,0.2276536312849162,0.24720670391061453,0.36506159014557676
3,3,irregular,2,6,224,218,6,0,218,1.0,0.026785714285714284,0.026785714285714284,0.052173913043478265
3,3,regular,3,897,1053,156,893,4,160,0.9955406911928651,0.8480531813865148,0.8518518518518519,0.915897435897436
3,3,semiregular,3,606,716,110,524,82,192,0.8646864686468647,0.7318435754189944,0.8463687150837989,0.7927382753403934
3,3,irregular,3,463,224,239,171,292,53,0.3693304535637149,0.7633928571428571,2.0669642857142856,0.4978165938864629
3,4,regular,1,1120,1101,19,1095,25,6,0.9776785714285714,0.9945504087193461,1.017257039055404,0.9860423232778028
3,4,semiregular,1,724,614,110,520,204,94,0.7182320441988951,0.8469055374592834,1.1791530944625408,0.7772795216741405
3,4,irregular,1,722,228,494,195,527,33,0.27008310249307477,0.8552631578947368,3.1666666666666665,0.41052631578947363
3,4,regular,2,1090,1101,11,1079,11,22,0.9899082568807339,0.9800181653042689,0.9900090826521344,0.9849383842994066
3,4,semiregular,2,483,614,131,383,100,231,0.7929606625258799,0.6237785016286646,0.7866449511400652,0.6982680036463083
3,4,irregular,2,156,228,72,105,51,123,0.6730769230769231,0.4605263157894737,0.6842105263157895,0.546875
3,4,regular,3,178,1101,923,172,6,929,0.9662921348314607,0.15622161671207993,0.16167120799273388,0.2689601250977326
3,4,semiregular,3,370,614,244,279,91,335,0.754054054054054,0.4543973941368078,0.6026058631921825,0.5670731707317073
3,4,irregular,3,874,228,646,53,821,175,0.06064073226544622,0.2324561403508772,3.8333333333333335,0.09618874773139745
3,5,regular,1,1032,1044,12,1029,3,15,0.997093023255814,0.985632183908046,0.9885057471264368,0.991329479768786
3,5,semiregular,1,972,668,304,650,322,18,0.668724279835391,0.9730538922155688,1.4550898203592815,0.7926829268292683
3,5,irregular,1,1109,217,892,193,916,24,0.1740306582506763,0.8894009216589862,5.110599078341014,0.2911010558069382
3,5,regular,2,602,1044,442,599,3,445,0.9950166112956811,0.5737547892720306,0.5766283524904214,0.7278250303766706
3,5,semiregular,2,47,668,621,25,22,643,0.5319148936170213,0.0374251497005988,0.07035928143712575,0.06993006993006992
3,5,irregular,2,34,217,183,0,34,217,-1,-1,0.15668202764976957,-1
3,5,regular,3,855,1044,189,852,3,192,0.9964912280701754,0.8160919540229885,0.8189655172413793,0.8973143759873619
3,5,semiregular,3,673,668,5,490,183,178,0.7280832095096582,0.7335329341317365,1.0074850299401197,0.7307979120059657
3,5,irregular,3,825,217,608,178,647,39,0.21575757575757576,0.8202764976958525,3.80184331797235,0.3416506717850288
3,6,regular,1,908,915,7,903,5,12,0.9944933920704846,0.9868852459016394,0.9923497267759562,0.9906747120131651
3,6,semiregular,1,672,701,29,559,113,142,0.8318452380952381,0.797432239657632,0.9586305278174037,0.8142753095411507
3,6,irregular,1,851,195,656,128,723,67,0.15041128084606345,0.6564102564102564,4.364102564102564,0.2447418738049713
3,6,regular,2,970,915,55,913,57,2,0.9412371134020618,0.9978142076502732,1.0601092896174864,0.9687002652519894
3,6,semiregular,2,660,701,41,537,123,164,0.8136363636363636,0.7660485021398002,0.9415121255349501,0.7891256429096252
3,6,irregular,2,90,195,105,62,28,133,0.6888888888888889,0.31794871794871793,0.46153846153846156,0.4350877192982456
3,6,regular,3,346,915,569,326,20,589,0.9421965317919075,0.35628415300546445,0.37814207650273224,0.5170499603489294
3,6,semiregular,3,325,701,376,247,78,454,0.76,0.35235378031383735,0.463623395149786,0.4814814814814815
3,6,irregular,3,1037,195,842,124,913,71,0.11957569913211186,0.6358974358974359,5.317948717948718,0.20129870129870128
3,7,regular,1,1237,1230,7,1222,15,8,0.9878738884397736,0.9934959349593496,1.005691056910569,0.9906769355492502
3,7,semiregular,1,764,761,3,523,241,238,0.6845549738219895,0.6872536136662286,1.0039421813403417,0.6859016393442622
3,7,irregular,1,318,225,93,80,238,145,0.25157232704402516,0.35555555555555557,1.4133333333333333,0.2946593001841621
3,7,regular,2,0,1230,1230,0,0,1230,-1,-1,0.0,-1
3,7,semiregular,2,6,761,755,0,6,761,-1,-1,0.00788436268068331,-1
3,7,irregular,2,116,225,109,18,98,207,0.15517241379310345,0.08,0.5155555555555555,0.1055718475073314
3,7,regular,3,49,1230,1181,46,3,1184,0.9387755102040817,0.03739837398373984,0.03983739837398374,0.07193119624706804
3,7,semiregular,3,87,761,674,53,34,708,0.6091954022988506,0.06964520367936924,0.11432325886990802,0.125
3,7,irregular,3,1162,225,937,36,1126,189,0.03098106712564544,0.16,5.164444444444444,0.05191059841384282
3,8,regular,1,1034,1035,1,1022,12,13,0.988394584139265,0.9874396135265701,0.9990338164251208,0.9879168680521991
3,8,semiregular,1,888,827,61,710,178,117,0.7995495495495496,0.8585247883917775,1.0737605804111245,0.8279883381924199
3,8,irregular,1,1306,243,1063,188,1118,55,0.1439509954058193,0.7736625514403292,5.374485596707819,0.24273724983860553
3,8,regular,2,825,1035,210,821,4,214,0.9951515151515151,0.7932367149758454,0.7971014492753623,0.8827956989247311
3,8,semiregular,2,797,827,30,646,151,181,0.8105395232120451,0.781136638452237,0.9637243047158404,0.7955665024630542
3,8,irregular,2,388,243,145,24,364,219,0.061855670103092786,0.09876543209876543,1.5967078189300412,0.07606973058637084
3,8,regular,3,945,1035,90,941,4,94,0.9957671957671957,0.9091787439613527,0.9130434782608695,0.9505050505050505
3,8,semiregular,3,564,827,263,502,62,325,0.8900709219858156,0.6070133010882709,0.6819830713422007,0.7217828900071891
3,8,irregular,3,983,243,740,168,815,75,0.17090539165818922,0.691358024691358,4.045267489711934,0.2740619902120718
3,9,regular,1,1087,1107,20,1082,5,25,0.9954001839926403,0.9774164408310749,0.98193315266486,0.9863263445761166
3,9,semiregular,1,673,701,28,589,84,112,0.87518573551263,0.8402282453637661,0.9600570613409415,0.8573508005822418
3,9,irregular,1,999,266,733,196,803,70,0.1961961961961962,0.7368421052631579,3.755639097744361,0.3098814229249012
3,9,regular,2,1066,1107,41,1057,9,50,0.9915572232645403,0.95483288166215,0.9629629629629629,0.9728485964104925
3,9,semiregular,2,776,701,75,659,117,42,0.8492268041237113,0.9400855920114123,1.1069900142653353,0.8923493568043331
3,9,irregular,2,1743,266,1477,261,1482,5,0.14974182444061962,0.981203007518797,6.552631578947368,0.25983076157292184
3,9,regular,3,297,1107,810,290,7,817,0.9764309764309764,0.26196928635953026,0.2682926829268293,0.4131054131054131
3,9,semiregular,3,166,701,535,126,40,575,0.7590361445783133,0.1797432239657632,0.23680456490727533,0.29065743944636685
3,9,irregular,3,1224,266,958,128,1096,138,0.10457516339869281,0.48120300751879697,4.601503759398496,0.17181208053691277
3,10,regular,1,1015,1014,1,1003,12,11,0.9881773399014778,0.9891518737672583,1.0009861932938855,0.9886643666830951
3,10,semiregular,1,807,656,151,635,172,21,0.7868649318463445,0.9679878048780488,1.2301829268292683,0.8680792891319207
3,10,irregular,1,960,247,713,223,737,24,0.23229166666666667,0.902834008097166,3.88663967611336,0.36951118475559236
3,10,regular,2,1090,1014,76,1014,76,0,0.9302752293577982,1.0,1.0749506903353057,0.9638783269961978
3,10,semiregular,2,917,656,261,649,268,7,0.707742639040349,0.989329268292683,1.3978658536585367,0.8251748251748252
3,10,irregular,2,1572,247,1325,247,1325,0,0.15712468193384224,1.0,6.364372469635628,0.27157778999450244
3,10,regular,3,921,1014,93,902,19,112,0.9793702497285559,0.8895463510848126,0.908284023668639,0.9322997416020673
3,10,semiregular,3,497,656,159,424,73,232,0.8531187122736419,0.6463414634146342,0.7576219512195121,0.735472679965308
3,10,irregular,3,1078,247,831,212,866,35,0.19666048237476808,0.8582995951417004,4.364372469635628,0.31999999999999995
3,11,regular,1,1063,1070,7,1059,4,11,0.9962370649106302,0.9897196261682243,0.9934579439252337,0.9929676511954993
3,11,semiregular,1,839,700,139,670,169,30,0.798569725864124,0.9571428571428572,1.1985714285714286,0.8706952566601689
3,11,irregular,1,1056,239,817,196,860,43,0.1856060606060606,0.8200836820083682,4.418410041841004,0.30270270270270266
3,11,regular,2,0,1070,1070,0,0,1070,-1,-1,0.0,-1
3,11,semiregular,2,0,700,700,0,0,700,-1,-1,0.0,-1
3,11,irregular,2,0,239,239,0,0,239,-1,-1,0.0,-1
3,11,regular,3,30,1070,1040,29,1,1041,0.9666666666666667,0.027102803738317756,0.028037383177570093,0.05272727272727273
3,11,semiregular,3,225,700,475,156,69,544,0.6933333333333334,0.22285714285714286,0.32142857142857145,0.3372972972972973
3,11,irregular,3,955,239,716,82,873,157,0.08586387434554973,0.34309623430962344,3.99581589958159,0.1373534338358459
3,12,regular,1,1009,1007,2,1003,6,4,0.9940535183349851,0.9960278053624627,1.0019860973187686,0.9950396825396824
3,12,semiregular,1,832,641,191,598,234,43,0.71875,0.9329173166926678,1.2979719188767551,0.811948404616429
3,12,irregular,1,1118,204,914,191,927,13,0.1708407871198569,0.9362745098039216,5.480392156862745,0.28895612708018154
3,12,regular,2,1054,1007,47,1007,47,0,0.9554079696394687,1.0,1.0466732869910627,0.9771955361475012
3,12,semiregular,2,524,641,117,391,133,250,0.7461832061068703,0.609984399375975,0.8174726989079563,0.671244635193133
3,12,irregular,2,235,204,31,92,143,112,0.39148936170212767,0.45098039215686275,1.1519607843137254,0.4191343963553531
3,12,regular,3,158,1007,849,154,4,853,0.9746835443037974,0.1529294935451837,0.15690168818272096,0.2643776824034335
3,12,semiregular,3,213,641,428,138,75,503,0.647887323943662,0.21528861154446177,0.33229329173166927,0.32318501170960184
3,12,irregular,3,1030,204,826,58,972,146,0.05631067961165048,0.28431372549019607,5.049019607843137,0.0940032414910859
3,13,regular,1,977,1000,23,974,3,26,0.9969293756397134,0.974,0.977,0.9853313100657561
3,13,semiregular,1,852,815,37,728,124,87,0.8544600938967136,0.8932515337423312,1.045398773006135,0.8734253149370126
3,13,irregular,1,1298,216,1082,123,1175,93,0.09476117103235747,0.5694444444444444,6.0092592592592595,0.16248348745046234
3,13,regular,2,925,1000,75,922,3,78,0.9967567567567568,0.922,0.925,0.957922077922078
3,13,semiregular,2,434,815,381,383,51,432,0.8824884792626728,0.4699386503067485,0.5325153374233129,0.6132906325060048
3,13,irregular,2,970,216,754,120,850,96,0.12371134020618557,0.5555555555555556,4.4907407407407405,0.20236087689713322
3,13,regular,3,829,1000,171,824,5,176,0.9939686369119421,0.824,0.829,0.9010388190267906
3,13,semiregular,3,561,815,254,465,96,350,0.8288770053475936,0.5705521472392638,0.6883435582822086,0.6758720930232558
3,13,irregular,3,1165,216,949,114,1051,102,0.09785407725321889,0.5277777777777778,5.393518518518518,0.16509775524981896
3,14,regular,1,1028,1052,24,1027,1,25,0.9990272373540856,0.9762357414448669,0.9771863117870723,0.9875
3,14,semiregular,1,1106,913,193,868,238,45,0.7848101265822784,0.9507119386637459,1.2113910186199344,0.8598315998018822
3,14,irregular,1,965,217,748,177,788,40,0.18341968911917098,0.815668202764977,4.447004608294931,0.29949238578680204
3,14,regular,2,1012,1052,40,1008,4,44,0.9960474308300395,0.9581749049429658,0.9619771863117871,0.9767441860465116
3,14,semiregular,2,1172,913,259,840,332,73,0.7167235494880546,0.9200438116100766,1.2836801752464404,0.8057553956834532
3,14,irregular,2,1319,217,1102,183,1136,34,0.13874147081122062,0.8433179723502304,6.078341013824885,0.23828125
3,14,regular,3,30,1052,1022,27,3,1025,0.9,0.025665399239543727,0.028517110266159697,0.049907578558225515
3,14,semiregular,3,324,913,589,265,59,648,0.8179012345679012,0.2902519167579409,0.3548740416210296,0.42845594179466456
3,14,irregular,3,772,217,555,43,729,174,0.05569948186528497,0.19815668202764977,3.557603686635945,0.08695652173913043
3,15,regular,1,997,964,33,964,33,0,0.966900702106319,1.0,1.0342323651452283,0.9831718510963794
3,15,semiregular,1,915,774,141,738,177,36,0.8065573770491803,0.9534883720930233,1.182170542635659,0.8738898756660746
3,15,irregular,1,1059,218,841,181,878,37,0.17091595845136923,0.8302752293577982,4.8577981651376145,0.283476898981989
3,15,regular,2,21,964,943,21,0,943,1.0,0.021784232365145227,0.021784232365145227,0.042639593908629446
3,15,semiregular,2,21,774,753,14,7,760,0.6666666666666666,0.01808785529715762,0.027131782945736434,0.03522012578616352
3,15,irregular,2,2,218,216,2,0,216,1.0,0.009174311926605505,0.009174311926605505,0.018181818181818184
3,15,regular,3,672,964,292,668,4,296,0.9940476190476191,0.6929460580912863,0.6970954356846473,0.8166259168704156
3,15,semiregular,3,683,774,91,588,95,186,0.8609077598828697,0.7596899224806202,0.8824289405684754,0.8071379547014415
3,15,irregular,3,627,218,409,161,466,57,0.2567783094098884,0.7385321100917431,2.876146788990826,0.3810650887573965
3,16,regular,1,0,1109,1109,0,0,1109,-1,-1,0.0,-1
3,16,semiregular,1,1,681,680,1,0,680,1.0,0.0014684287812041115,0.0014684287812041115,0.002932551319648094
3,16,irregular,1,22,272,250,2,20,270,0.09090909090909091,0.007352941176470588,0.08088235294117647,0.013605442176870748
3,16,regular,2,168,1109,941,166,2,943,0.9880952380952381,0.1496844003606853,0.151487826871055,0.25998433829287393
3,16,semiregular,2,211,681,470,168,43,513,0.7962085308056872,0.24669603524229075,0.30983847283406757,0.3766816143497758
3,16,irregular,2,393,272,121,148,245,124,0.37659033078880405,0.5441176470588235,1.4448529411764706,0.4451127819548872
3,16,regular,3,197,1109,912,192,5,917,0.9746192893401016,0.17312894499549145,0.1776375112714157,0.29402756508422667
3,16,semiregular,3,379,681,302,295,84,386,0.7783641160949868,0.4331864904552129,0.5565345080763583,0.5566037735849056
3,16,irregular,3,738,272,466,145,593,127,0.19647696476964768,0.5330882352941176,2.713235294117647,0.2871287128712871
3,17,regular,1,380,1029,649,379,1,650,0.9973684210526316,0.3683187560738581,0.369290573372206,0.5379701916252662
3,17,semiregular,1,252,837,585,224,28,613,0.8888888888888888,0.26762246117084826,0.3010752688172043,0.41138659320477505
3,17,irregular,1,224,240,16,18,206,222,0.08035714285714286,0.075,0.9333333333333333,0.07758620689655173
3,17,regular,2,1062,1029,33,1029,33,0,0.9689265536723164,1.0,1.032069970845481,0.9842180774748924
3,17,semiregular,2,1056,837,219,814,242,23,0.7708333333333334,0.972520908004779,1.2616487455197132,0.8600105652403593
3,17,irregular,2,1313,240,1073,236,1077,4,0.17974105102817975,0.9833333333333333,5.470833333333333,0.30392788151963945
3,17,regular,3,564,1029,465,562,2,467,0.9964539007092199,0.5461613216715258,0.5481049562682215,0.7055869428750784
3,17,semiregular,3,549,837,288,494,55,343,0.8998178506375227,0.5902031063321386,0.6559139784946236,0.7128427128427128
3,17,irregular,3,259,240,19,111,148,129,0.42857142857142855,0.4625,1.0791666666666666,0.44488977955911824
3,18,regular,1,770,1044,274,770,0,274,1.0,0.7375478927203065,0.7375478927203065,0.8489525909592062
3,18,semiregular,1,486,801,315,429,57,372,0.8827160493827161,0.5355805243445693,0.6067415730337079,0.6666666666666666
3,18,irregular,1,28,252,224,22,6,230,0.7857142857142857,0.0873015873015873,0.1111111111111111,0.1571428571428571
3,18,regular,2,1078,1044,34,1044,34,0,0.9684601113172542,1.0,1.0325670498084292,0.9839773798303487
3,18,semiregular,2,999,801,198,772,227,29,0.7727727727727728,0.9637952559300874,1.247191011235955,0.8577777777777779
3,18,irregular,2,1335,252,1083,246,1089,6,0.1842696629213483,0.9761904761904762,5.2976190476190474,0.3100189035916824
3,18,regular,3,819,1044,225,814,5,230,0.9938949938949939,0.7796934865900383,0.7844827586206896,0.8738593666129898
3,18,semiregular,3,735,801,66,663,72,138,0.9020408163265307,0.8277153558052435,0.9176029962546817,0.8632812499999999
3,18,irregular,3,910,252,658,218,692,34,0.23956043956043957,0.8650793650793651,3.611111111111111,0.37521514629948366
3,19,regular,1,1073,1076,3,1062,11,14,0.9897483690587139,0.9869888475836431,0.9972118959107806,0.9883666821777571
3,19,semiregular,1,836,753,83,688,148,65,0.8229665071770335,0.9136786188579017,1.1102257636122177,0.8659534298300817
3,19,irregular,1,748,245,503,179,569,66,0.2393048128342246,0.7306122448979592,3.053061224489796,0.3605236656596173
3,19,regular,2,535,1076,541,533,2,543,0.9962616822429906,0.49535315985130113,0.4972118959107807,0.6617008069522036
3,19,semiregular,2,48,753,705,47,1,706,0.9791666666666666,0.06241699867197875,0.06374501992031872,0.11735330836454431
3,19,irregular,2,85,245,160,39,46,206,0.4588235294117647,0.15918367346938775,0.3469387755102041,0.2363636363636364
3,19,regular,3,863,1076,213,862,1,214,0.9988412514484357,0.8011152416356877,0.8020446096654275,0.8891181021144919
3,19,semiregular,3,684,753,69,613,71,140,0.8961988304093568,0.8140770252324038,0.9083665338645418,0.8531663187195547
3,19,irregular,3,275,245,30,167,108,78,0.6072727272727273,0.6816326530612244,1.1224489795918366,0.6423076923076924
3,20,regular,1,1208,1251,43,1201,7,50,0.9942052980132451,0.9600319744204636,0.9656274980015987,0.9768198454656365
3,20,semiregular,1,900,841,59,742,158,99,0.8244444444444444,0.882282996432818,1.070154577883472,0.8523836875358989
3,20,irregular,1,973,252,721,193,780,59,0.19835560123329907,0.7658730158730159,3.861111111111111,0.3151020408163265
3,20,regular,2,1218,1251,33,1206,12,45,0.9901477832512315,0.9640287769784173,0.973621103117506,0.976913730255164
3,20,semiregular,2,1157,841,316,831,326,10,0.7182368193604148,0.9881093935790726,1.375743162901308,0.831831831831832
3,20,irregular,2,1541,252,1289,240,1301,12,0.15574302401038287,0.9523809523809523,6.115079365079365,0.267707752370329
3,20,regular,3,917,1251,334,910,7,341,0.9923664122137404,0.7274180655475619,0.7330135891286971,0.8394833948339484
3,20,semiregular,3,691,841,150,590,101,251,0.85383502170767,0.7015457788347206,0.821640903686088,0.7702349869451697
3,20,irregular,3,819,252,567,191,628,61,0.23321123321123322,0.7579365079365079,3.25,0.3566760037348272
3,21,regular,1,933,920,13,920,13,0,0.9860664523043944,1.0,1.0141304347826088,0.9929843497031839
3,21,semiregular,1,878,549,329,518,360,31,0.5899772209567198,0.9435336976320583,1.5992714025500911,0.7259985984583042
3,21,irregular,1,719,204,515,175,544,29,0.24339360222531292,0.8578431372549019,3.5245098039215685,0.3791982665222101
3,21,regular,2,954,920,34,920,34,0,0.9643605870020965,1.0,1.0369565217391303,0.9818569903948774
3,21,semiregular,2,529,549,20,339,190,210,0.6408317580340265,0.6174863387978142,0.9635701275045537,0.6289424860853432
3,21,irregular,2,187,204,17,43,144,161,0.22994652406417113,0.2107843137254902,0.9166666666666666,0.21994884910485935
3,21,regular,3,136,920,784,134,2,786,0.9852941176470589,0.14565217391304347,0.14782608695652175,0.2537878787878788
3,21,semiregular,3,223,549,326,101,122,448,0.452914798206278,0.18397085610200364,0.40619307832422585,0.2616580310880829
3,21,irregular,3,868,204,664,40,828,164,0.04608294930875576,0.19607843137254902,4.254901960784314,0.0746268656716418
3,22,regular,1,970,946,24,944,26,2,0.9731958762886598,0.9978858350951374,1.025369978858351,0.9853862212943634
3,22,semiregular,1,863,703,160,663,200,40,0.7682502896871379,0.9431009957325747,1.2275960170697013,0.8467432950191571
3,22,irregular,1,1050,247,803,220,830,27,0.20952380952380953,0.8906882591093117,4.251012145748988,0.33924441017733237
3,22,regular,2,992,946,46,946,46,0,0.9536290322580645,1.0,1.0486257928118394,0.9762641898864809
3,22,semiregular,2,784,703,81,561,223,142,0.7155612244897959,0.7980085348506402,1.1152204836415363,0.7545393409549428
3,22,irregular,2,326,247,79,157,169,90,0.4815950920245399,0.6356275303643725,1.319838056680162,0.5479930191972077
3,22,regular,3,9,946,937,2,7,944,0.2222222222222222,0.0021141649048625794,0.009513742071881607,0.004188481675392671
3,22,semiregular,3,180,703,523,97,83,606,0.5388888888888889,0.1379800853485064,0.25604551920341395,0.21970554926387315
3,22,irregular,3,906,247,659,85,821,162,0.09381898454746136,0.3441295546558704,3.668016194331984,0.1474414570685169
3,23,regular,1,1000,999,1,992,8,7,0.992,0.992992992992993,1.001001001001001,0.9924962481240621
3,23,semiregular,1,723,835,112,619,104,216,0.8561549100968188,0.7413173652694611,0.8658682634730539,0.7946084724005136
3,23,irregular,1,348,266,82,53,295,213,0.15229885057471265,0.19924812030075187,1.3082706766917294,0.1726384364820847
3,23,regular,2,968,999,31,929,39,70,0.9597107438016529,0.92992992992993,0.968968968968969,0.9445856634468734
3,23,semiregular,2,805,835,30,590,215,245,0.7329192546583851,0.7065868263473054,0.9640718562874252,0.7195121951219512
3,23,irregular,2,2350,266,2084,182,2168,84,0.0774468085106383,0.6842105263157895,8.834586466165414,0.13914373088685014
3,23,regular,3,871,999,128,867,4,132,0.9954075774971297,0.8678678678678678,0.8718718718718719,0.9272727272727274
3,23,semiregular,3,709,835,126,577,132,258,0.8138222849083215,0.6910179640718563,0.8491017964071856,0.7474093264248703
3,23,irregular,3,1517,266,1251,223,1294,43,0.14700065919578115,0.8383458646616542,5.703007518796992,0.2501402131239484
3,24,regular,1,1082,1079,3,1071,11,8,0.9898336414048059,0.9925857275254866,1.0027803521779426,0.991207774178621
3,24,semiregular,1,748,680,68,646,102,34,0.8636363636363636,0.95,1.1,0.9047619047619048
3,24,irregular,1,1373,247,1126,193,1180,54,0.14056809905316825,0.7813765182186235,5.558704453441296,0.23827160493827163
3,24,regular,2,1053,1079,26,1040,13,39,0.9876543209876543,0.963855421686747,0.9759036144578314,0.975609756097561
3,24,semiregular,2,777,680,97,645,132,35,0.8301158301158301,0.9485294117647058,1.1426470588235293,0.8853809196980095
3,24,irregular,2,1808,247,1561,237,1571,10,0.13108407079646017,0.9595141700404858,7.319838056680162,0.23065693430656936
3,24,regular,3,173,1079,906,171,2,908,0.9884393063583815,0.15848007414272475,0.1603336422613531,0.27316293929712465
3,24,semiregular,3,150,680,530,105,45,575,0.7,0.15441176470588236,0.22058823529411764,0.2530120481927711
3,24,irregular,3,74,247,173,24,50,223,0.32432432432432434,0.09716599190283401,0.29959514170040485,0.14953271028037382
3,25,regular,1,953,946,7,943,10,3,0.9895068205666316,0.9968287526427061,1.007399577167019,0.9931542917324907
3,25,semiregular,1,862,718,144,665,197,53,0.771461716937355,0.9261838440111421,1.200557103064067,0.8417721518987342
3,25,irregular,1,1795,207,1588,187,1608,20,0.10417827298050139,0.9033816425120773,8.671497584541063,0.18681318681318682
3,25,regular,2,949,946,3,941,8,5,0.9915700737618546,0.9947145877378436,1.0031712473572938,0.9931398416886544
3,25,semiregular,2,944,718,226,674,270,44,0.7139830508474576,0.9387186629526463,1.3147632311977715,0.8110709987966305
3,25,irregular,2,1650,207,1443,75,1575,132,0.045454545454545456,0.36231884057971014,7.971014492753623,0.08077544426494346
3,25,regular,3,763,946,183,759,4,187,0.9947575360419397,0.8023255813953488,0.806553911205074,0.8882387361029842
3,25,semiregular,3,723,718,5,616,107,102,0.8520055325034578,0.8579387186629527,1.0069637883008355,0.8549618320610687
3,25,irregular,3,1167,207,960,149,1018,58,0.12767780634104542,0.7198067632850241,5.63768115942029,0.2168850072780204
3,26,regular,1,989,985,4,974,15,11,0.9848331648129424,0.9888324873096447,1.0040609137055838,0.9868287740628167
3,26,semiregular,1,852,720,132,667,185,53,0.7828638497652582,0.9263888888888889,1.1833333333333333,0.8486005089058525
3,26,irregular,1,1262,214,1048,181,1081,33,0.1434231378763867,0.8457943925233645,5.897196261682243,0.24525745257452575
3,26,regular,2,1013,985,28,937,76,48,0.9249753208292202,0.9512690355329949,1.0284263959390862,0.937937937937938
3,26,semiregular,2,601,720,119,471,130,249,0.78369384359401,0.6541666666666667,0.8347222222222223,0.713096139288418
3,26,irregular,2,1346,214,1132,166,1180,48,0.12332838038632987,0.7757009345794392,6.289719626168225,0.21282051282051284
3,26,regular,3,4,985,981,4,0,981,1.0,0.0040609137055837565,0.0040609137055837565,0.008088978766430738
3,26,semiregular,3,6,720,714,3,3,717,0.5,0.004166666666666667,0.008333333333333333,0.008264462809917356
3,26,irregular,3,639,214,425,24,615,190,0.03755868544600939,0.11214953271028037,2.985981308411215,0.056271981242672915
3,27,regular,1,1147,1166,19,1145,2,21,0.998256320836966,0.9819897084048027,0.983704974271012,0.9900562040639861
3,27,semiregular,1,875,728,147,668,207,60,0.7634285714285715,0.9175824175824175,1.2019230769230769,0.8334373050530256
3,27,irregular,1,1936,270,1666,242,1694,28,0.125,0.8962962962962963,7.17037037037037,0.2194016319129646
3,27,regular,2,1136,1166,30,1125,11,41,0.9903169014084507,0.9648370497427101,0.9742710120068611,0.9774109470026064
3,27,semiregular,2,797,728,69,588,209,140,0.7377666248431619,0.8076923076923077,1.0947802197802199,0.7711475409836066
3,27,irregular,2,1878,270,1608,219,1659,51,0.11661341853035144,0.8111111111111111,6.955555555555556,0.20391061452513967
3,27,regular,3,1008,1166,158,1002,6,164,0.9940476190476191,0.8593481989708405,0.8644939965694682,0.921803127874885
3,27,semiregular,3,704,728,24,579,125,149,0.8224431818181818,0.7953296703296703,0.967032967032967,0.8086592178770949
3,27,irregular,3,1643,270,1373,219,1424,51,0.13329275715155203,0.8111111111111111,6.0851851851851855,0.22895974908520647
3,28,regular,1,1079,1098,19,1074,5,24,0.995366079703429,0.9781420765027322,0.982695810564663,0.9866789159393662
3,28,semiregular,1,986,859,127,809,177,50,0.8204868154158215,0.9417927823050058,1.1478463329452853,0.8769647696476964
3,28,irregular,1,2219,293,1926,256,1963,37,0.11536728255971158,0.8737201365187713,7.573378839590443,0.2038216560509554
3,28,regular,2,1102,1098,4,1082,20,16,0.9818511796733213,0.9854280510018215,1.0036429872495447,0.9836363636363636
3,28,semiregular,2,1079,859,220,846,233,13,0.7840593141797961,0.9848661233993015,1.2561117578579744,0.8730650154798761
3,28,irregular,2,2418,293,2125,290,2128,3,0.11993382961124896,0.9897610921501706,8.252559726962458,0.2139431943932128
3,28,regular,3,927,1098,171,916,11,182,0.9881337648327939,0.8342440801457195,0.8442622950819673,0.9046913580246915
3,28,semiregular,3,836,859,23,729,107,130,0.8720095693779905,0.8486612339930152,0.9732246798603027,0.8601769911504424
3,28,irregular,3,1897,293,1604,253,1644,40,0.13336847654190828,0.863481228668942,6.474402730375426,0.2310502283105023
3,29,regular,1,1134,1140,6,1132,2,8,0.9982363315696648,0.9929824561403509,0.9947368421052631,0.9956024626209322
3,29,semiregular,1,1206,869,337,833,373,36,0.6907131011608624,0.9585730724971231,1.3878020713463752,0.8028915662650603
3,29,irregular,1,1367,247,1120,222,1145,25,0.1623994147768837,0.8987854251012146,5.534412955465587,0.275092936802974
3,29,regular,2,1124,1140,16,1119,5,21,0.9955516014234875,0.9815789473684211,0.9859649122807017,0.9885159010600707
3,29,semiregular,2,1129,869,260,775,354,94,0.6864481842338352,0.8918296892980437,1.2991944764096663,0.7757757757757757
3,29,irregular,2,1515,247,1268,219,1296,28,0.14455445544554454,0.8866396761133604,6.133603238866397,0.24858115777525538
3,29,regular,3,14,1140,1126,13,1,1127,0.9285714285714286,0.011403508771929825,0.012280701754385965,0.022530329289428077
3,29,semiregular,3,321,869,548,208,113,661,0.6479750778816199,0.23935558112773303,0.3693901035673188,0.34957983193277314
3,29,irregular,3,1037,247,790,48,989,199,0.04628736740597879,0.19433198380566802,4.198380566801619,0.07476635514018692
3,30,regular,1,981,997,16,979,2,18,0.9979612640163099,0.9819458375125376,0.9839518555667001,0.9898887765419616
3,30,semiregular,1,873,810,63,736,137,74,0.843069873997709,0.908641975308642,1.0777777777777777,0.8746286393345216
3,30,irregular,1,2416,250,2166,228,2188,22,0.09437086092715231,0.912,9.664,0.17104276069017252
3,30,regular,2,987,997,10,983,4,14,0.9959473150962512,0.9859578736208626,0.9899699097291875,0.9909274193548387
3,30,semiregular,2,857,810,47,715,142,95,0.8343057176196033,0.8827160493827161,1.0580246913580247,0.8578284343131374
3,30,irregular,2,126,250,124,107,19,143,0.8492063492063492,0.428,0.504,0.5691489361702127
3,30,regular,3,350,997,647,348,2,649,0.9942857142857143,0.34904714142427284,0.3510531594784353,0.5167037861915368
3,30,semiregular,3,228,810,582,175,53,635,0.7675438596491229,0.21604938271604937,0.2814814814814815,0.3371868978805395
3,30,irregular,3,1732,250,1482,133,1599,117,0.07678983833718245,0.532,6.928,0.13420787083753785
4,1,regular,1,981,937,44,935,46,2,0.9531090723751274,0.9978655282817502,1.0469583778014941,0.9749739311783108
4,1,semiregular,1,1085,703,382,688,397,15,0.6341013824884792,0.9786628733997155,1.5433854907539117,0.7695749440715884
4,1,irregular,1,456,199,257,162,294,37,0.35526315789473684,0.8140703517587939,2.291457286432161,0.4946564885496183
4,1,regular,2,1072,937,135,937,135,0,0.8740671641791045,1.0,1.144076840981857,0.9328023892483823
4,1,semiregular,2,1187,703,484,700,487,3,0.5897219882055602,0.9957325746799431,1.6884779516358464,0.7407407407407407
4,1,irregular,2,1098,199,899,199,899,0,0.18123861566484517,1.0,5.517587939698492,0.30686198920585966
4,1,regular,3,997,937,60,935,62,2,0.9378134403209629,0.9978655282817502,1.064034151547492,0.9669079627714582
4,1,semiregular,3,961,703,258,664,297,39,0.6909469302809573,0.9445234708392604,1.3669985775248934,0.7980769230769231
4,1,irregular,3,885,199,686,198,687,1,0.22372881355932203,0.9949748743718593,4.447236180904523,0.36531365313653136
4,2,regular,1,1215,1224,9,1202,13,22,0.9893004115226337,0.9820261437908496,0.9926470588235294,0.985649856498565
4,2,semiregular,1,783,647,136,618,165,29,0.789272030651341,0.955177743431221,1.2102009273570324,0.8643356643356643
4,2,irregular,1,803,217,586,174,629,43,0.21668742216687423,0.8018433179723502,3.7004608294930876,0.34117647058823525
4,2,regular,2,1253,1224,29,1221,32,3,0.9744612928970471,0.9975490196078431,1.0236928104575163,0.9858700040371418
4,2,semiregular,2,859,647,212,647,212,0,0.7532013969732246,1.0,1.3276661514683152,0.8592297476759627
4,2,irregular,2,1425,217,1208,217,1208,0,0.15228070175438596,1.0,6.566820276497696,0.26431181485992694
4,2,regular,3,1137,1224,87,1128,9,96,0.9920844327176781,0.9215686274509803,0.928921568627451,0.9555273189326556
4,2,semiregular,3,693,647,46,609,84,38,0.8787878787878788,0.9412673879443586,1.071097372488408,0.908955223880597
4,2,irregular,3,1210,217,993,211,999,6,0.1743801652892562,0.9723502304147466,5.576036866359447,0.2957252978276104
4,3,regular,1,1078,1053,25,1053,25,0,0.9768089053803339,1.0,1.0237416904083572,0.988268418582825
4,3,semiregular,1,963,716,247,702,261,14,0.7289719626168224,0.9804469273743017,1.344972067039106,0.836212030970816
4,3,irregular,1,797,224,573,184,613,40,0.23086574654956085,0.8214285714285714,3.5580357142857144,0.3604309500489716
4,3,regular,2,1036,1053,17,1030,6,23,0.9942084942084942,0.9781576448243114,0.9838556505223172,0.9861177596936332
4,3,semiregular,2,895,716,179,689,206,27,0.7698324022346369,0.9622905027932961,1.25,0.8553693358162633
4,3,irregular,2,400,224,176,189,211,35,0.4725,0.84375,1.7857142857142858,0.6057692307692307
4,3,regular,3,1037,1053,16,1033,4,20,0.996142719382835,0.9810066476733144,0.9848053181386515,0.9885167464114832
4,3,semiregular,3,781,716,65,651,130,65,0.8335467349551856,0.909217877094972,1.0907821229050279,0.8697394789579158
4,3,irregular,3,1145,224,921,211,934,13,0.18427947598253275,0.9419642857142857,5.111607142857143,0.30825420014609206
4,4,regular,1,1156,1101,55,1092,64,9,0.9446366782006921,0.9918256130790191,1.0499545867393278,0.967656180770935
4,4,semiregular,1,808,614,194,572,236,42,0.7079207920792079,0.9315960912052117,1.3159609120521172,0.8045007032348803
4,4,irregular,1,656,228,428,176,480,52,0.2682926829268293,0.7719298245614035,2.8771929824561404,0.3981900452488688
4,4,regular,2,1163,1101,62,1101,62,0,0.9466895958727429,1.0,1.056312443233424,0.9726148409893993
4,4,semiregular,2,998,614,384,613,385,1,0.6142284569138277,0.998371335504886,1.6254071661237786,0.760545905707196
4,4,irregular,2,1499,228,1271,228,1271,0,0.15210140093395597,1.0,6.574561403508772,0.26404169079328316
4,4,regular,3,840,1101,261,826,14,275,0.9833333333333333,0.7502270663033606,0.7629427792915532,0.8511076764554354
4,4,semiregular,3,694,614,80,509,185,105,0.7334293948126801,0.8289902280130294,1.1302931596091206,0.7782874617737003
4,4,irregular,3,1237,228,1009,200,1037,28,0.16168148746968472,0.8771929824561403,5.425438596491228,0.27303754266211605
4,5,regular,1,1089,1044,45,1044,45,0,0.9586776859504132,1.0,1.043103448275862,0.9789029535864979
4,5,semiregular,1,1047,668,379,662,385,6,0.6322827125119389,0.9910179640718563,1.5673652694610778,0.7720116618075802
4,5,irregular,1,1028,217,811,165,863,52,0.1605058365758755,0.7603686635944701,4.7373271889400925,0.26506024096385544
4,5,regular,2,1081,1044,37,1044,37,0,0.96577243293247,1.0,1.03544061302682,0.9825882352941177
4,5,semiregular,2,1044,668,376,663,381,5,0.6350574712643678,0.9925149700598802,1.562874251497006,0.7745327102803738
4,5,irregular,2,621,217,404,189,432,28,0.30434782608695654,0.8709677419354839,2.8617511520737327,0.4510739856801909
4,5,regular,3,1008,1044,36,1004,4,40,0.996031746031746,0.9616858237547893,0.9655172413793104,0.9785575048732943
4,5,semiregular,3,873,668,205,631,242,37,0.722794959908362,0.9446107784431138,1.3068862275449102,0.8189487345879299
4,5,irregular,3,1326,217,1109,217,1109,0,0.1636500754147813,1.0,6.110599078341014,0.28127025275437456
4,6,regular,1,955,915,40,908,47,7,0.9507853403141361,0.9923497267759562,1.0437158469945356,0.9711229946524064
4,6,semiregular,1,688,701,13,587,101,114,0.8531976744186046,0.8373751783166904,0.9814550641940085,0.8452123830093592
4,6,irregular,1,647,195,452,104,543,91,0.160741885625966,0.5333333333333333,3.317948717948718,0.24703087885985747
4,6,regular,2,1031,915,116,915,116,0,0.8874878758486906,1.0,1.126775956284153,0.9403905447070915
4,6,semiregular,2,959,701,258,690,269,11,0.7194994786235662,0.9843081312410842,1.3680456490727533,0.8313253012048193
4,6,irregular,2,1116,195,921,194,922,1,0.17383512544802868,0.9948717948717949,5.723076923076923,0.29595728451563696
4,6,regular,3,922,915,7,884,38,31,0.9587852494577006,0.966120218579235,1.0076502732240438,0.9624387588459444
4,6,semiregular,3,752,701,51,586,166,115,0.7792553191489362,0.8359486447931527,1.072753209700428,0.8066070199587061
4,6,irregular,3,1067,195,872,175,892,20,0.1640112464854733,0.8974358974358975,5.471794871794872,0.277337559429477
4,7,regular,1,1225,1230,5,1210,15,20,0.9877551020408163,0.983739837398374,0.9959349593495935,0.9857433808553971
4,7,semiregular,1,1211,761,450,727,484,34,0.6003303055326177,0.9553219448094612,1.5913272010512483,0.7373225152129818
4,7,irregular,1,680,225,455,139,541,86,0.20441176470588235,0.6177777777777778,3.022222222222222,0.30718232044198895
4,7,regular,2,1274,1230,44,1229,45,1,0.9646781789638933,0.9991869918699187,1.0357723577235773,0.981629392971246
4,7,semiregular,2,1106,761,345,738,368,23,0.6672694394213382,0.9697766097240473,1.4533508541392903,0.7905731119442958
4,7,irregular,2,1920,225,1695,224,1696,1,0.11666666666666667,0.9955555555555555,8.533333333333333,0.20885780885780886
4,7,regular,3,1231,1230,1,1213,18,17,0.9853777416734363,0.9861788617886179,1.0008130081300812,0.9857781389678992
4,7,semiregular,3,975,761,214,723,252,38,0.7415384615384616,0.9500657030223391,1.281208935611038,0.8329493087557603
4,7,irregular,3,1656,225,1431,222,1434,3,0.13405797101449277,0.9866666666666667,7.36,0.2360446570972887
4,8,regular,1,1074,1035,39,1028,46,7,0.957169459962756,0.9932367149758454,1.03768115942029,0.9748696064485538
4,8,semiregular,1,960,827,133,744,216,83,0.775,0.8996372430471584,1.1608222490931077,0.8326804700615557
4,8,irregular,1,1403,243,1160,190,1213,53,0.13542409123307197,0.7818930041152263,5.773662551440329,0.23086269744835963
4,8,regular,2,762,1035,273,757,5,278,0.9934383202099738,0.7314009661835749,0.736231884057971,0.8425153032832499
4,8,semiregular,2,857,827,30,684,173,143,0.7981330221703618,0.8270858524788391,1.0362756952841596,0.8123515439429928
4,8,irregular,2,940,243,697,139,801,104,0.1478723404255319,0.5720164609053497,3.8683127572016462,0.2349957734573119
4,8,regular,3,1021,1035,14,1009,12,26,0.9882468168462292,0.9748792270531401,0.9864734299516909,0.9815175097276264
4,8,semiregular,3,849,827,22,714,135,113,0.8409893992932862,0.8633615477629988,1.026602176541717,0.8520286396181384
4,8,irregular,3,1065,243,822,213,852,30,0.2,0.8765432098765432,4.382716049382716,0.3256880733944954
4,9,regular,1,1117,1107,10,1105,12,2,0.9892569382273948,0.998193315266486,1.00903342366757,0.993705035971223
4,9,semiregular,1,728,701,27,623,105,78,0.8557692307692307,0.8887303851640513,1.0385164051355207,0.8719384184744576
4,9,irregular,1,1011,266,745,186,825,80,0.18397626112759644,0.6992481203007519,3.800751879699248,0.2913077525450274
4,9,regular,2,1119,1107,12,1105,14,2,0.9874888293118856,0.998193315266486,1.010840108401084,0.9928122192273137
4,9,semiregular,2,846,701,145,682,164,19,0.806146572104019,0.9728958630527818,1.2068473609129815,0.8817065287653523
4,9,irregular,2,1856,266,1590,266,1590,0,0.14331896551724138,1.0,6.977443609022556,0.25070688030160226
4,9,regular,3,1047,1107,60,1040,7,67,0.9933142311365807,0.9394760614272809,0.94579945799458,0.9656453110492107
4,9,semiregular,3,679,701,22,591,88,110,0.8703976435935199,0.8430813124108416,0.9686162624821684,0.8565217391304347
4,9,irregular,3,1558,266,1292,248,1310,18,0.15917843388960207,0.9323308270676691,5.857142857142857,0.2719298245614035
4,10,regular,1,1055,1014,41,1007,48,7,0.9545023696682464,0.9930966469428008,1.0404339250493098,0.9734171097148381
4,10,semiregular,1,869,656,213,639,230,17,0.7353279631760644,0.9740853658536586,1.3246951219512195,0.8380327868852459
4,10,irregular,1,824,247,577,196,628,51,0.23786407766990292,0.7935222672064778,3.3360323886639676,0.3660130718954248
4,10,regular,2,1142,1014,128,1014,128,0,0.8879159369527145,1.0,1.126232741617357,0.9406307977736549
4,10,semiregular,2,944,656,288,649,295,7,0.6875,0.989329268292683,1.4390243902439024,0.81125
4,10,irregular,2,1458,247,1211,247,1211,0,0.16941015089163236,1.0,5.902834008097166,0.28973607038123167
4,10,regular,3,1030,1014,16,990,40,24,0.9611650485436893,0.9763313609467456,1.0157790927021697,0.9686888454011742
4,10,semiregular,3,624,656,32,538,86,118,0.8621794871794872,0.8201219512195121,0.9512195121951219,0.840625
4,10,irregular,3,663,247,416,232,431,15,0.34992458521870284,0.9392712550607287,2.6842105263157894,0.5098901098901099
4,11,regular,1,1121,1070,51,1069,52,1,0.9536128456735058,0.9990654205607477,1.047663551401869,0.9758101323596532
4,11,semiregular,1,914,700,214,683,231,17,0.7472647702407003,0.9757142857142858,1.3057142857142856,0.8463444857496902
4,11,irregular,1,893,239,654,183,710,56,0.20492721164613661,0.7656903765690377,3.7364016736401675,0.32332155477031804
4,11,regular,2,794,1070,276,790,4,280,0.9949622166246851,0.7383177570093458,0.7420560747663552,0.8476394849785408
4,11,semiregular,2,766,700,66,614,152,86,0.8015665796344648,0.8771428571428571,1.0942857142857143,0.8376534788540246
4,11,irregular,2,981,239,742,176,805,63,0.17940876656472987,0.7364016736401674,4.104602510460251,0.28852459016393445
4,11,regular,3,1028,1070,42,1023,5,47,0.995136186770428,0.9560747663551402,0.9607476635514018,0.9752144899904671
4,11,semiregular,3,838,700,138,654,184,46,0.7804295942720764,0.9342857142857143,1.197142857142857,0.8504551365409623
4,11,irregular,3,1284,239,1045,221,1063,18,0.1721183800623053,0.9246861924686193,5.372384937238493,0.29021667760998027
4,12,regular,1,1081,1007,74,1007,74,0,0.9315448658649399,1.0,1.0734856007944389,0.9645593869731801
4,12,semiregular,1,897,641,256,605,292,36,0.6744704570791528,0.9438377535101404,1.3993759750390016,0.7867360208062418
4,12,irregular,1,889,204,685,174,715,30,0.19572553430821146,0.8529411764705882,4.357843137254902,0.3183897529734675
4,12,regular,2,1120,1007,113,1007,113,0,0.8991071428571429,1.0,1.112214498510427,0.9468735307945463
4,12,semiregular,2,1031,641,390,634,397,7,0.6149369544131911,0.9890795631825273,1.608424336973479,0.7583732057416267
4,12,irregular,2,1573,204,1369,204,1369,0,0.12968849332485696,1.0,7.71078431372549,0.22960045019696115
4,12,regular,3,984,1007,23,971,13,36,0.9867886178861789,0.9642502482621649,0.9771598808341608,0.9753892516323456
4,12,semiregular,3,802,641,161,585,217,56,0.729426433915212,0.9126365054602185,1.251170046801872,0.8108108108108107
4,12,irregular,3,1376,204,1172,199,1177,5,0.14462209302325582,0.9754901960784313,6.745098039215686,0.2518987341772152
4,13,regular,1,1035,1000,35,1000,35,0,0.966183574879227,1.0,1.035,0.9828009828009828
4,13,semiregular,1,982,815,167,789,193,26,0.8034623217922607,0.9680981595092024,1.2049079754601226,0.8781302170283807
4,13,irregular,1,1107,216,891,132,975,84,0.11924119241192412,0.6111111111111112,5.125,0.19954648526077098
4,13,regular,2,1085,1000,85,1000,85,0,0.9216589861751152,1.0,1.085,0.9592326139088729
4,13,semiregular,2,1056,815,241,813,243,2,0.7698863636363636,0.9975460122699387,1.2957055214723927,0.8690539818278995
4,13,irregular,2,2198,216,1982,216,1982,0,0.09827115559599636,1.0,10.175925925925926,0.17895608947804476
4,13,regular,3,1004,1000,4,991,13,9,0.9870517928286853,0.991,1.004,0.9890219560878244
4,13,semiregular,3,853,815,38,741,112,74,0.8686987104337632,0.90920245398773,1.0466257668711656,0.8884892086330936
4,13,irregular,3,892,216,676,190,702,26,0.21300448430493274,0.8796296296296297,4.12962962962963,0.3429602888086643
4,14,regular,1,1060,1052,8,1048,12,4,0.9886792452830189,0.9961977186311787,1.0076045627376427,0.9924242424242423
4,14,semiregular,1,1105,913,192,854,251,59,0.7728506787330317,0.9353778751369113,1.2102957283680176,0.8463825569871161
4,14,irregular,1,607,217,390,150,457,67,0.2471169686985173,0.6912442396313364,2.7972350230414746,0.3640776699029126
4,14,regular,2,1077,1052,25,1052,25,0,0.9767873723305478,1.0,1.023764258555133,0.9882573978393612
4,14,semiregular,2,1318,913,405,913,405,0,0.6927162367223065,1.0,1.443592552026287,0.8184670551322277
4,14,irregular,2,1357,217,1140,205,1152,12,0.15106853352984526,0.9447004608294931,6.253456221198157,0.26048284625158835
4,14,regular,3,952,1052,100,947,5,105,0.9947478991596639,0.9001901140684411,0.9049429657794676,0.9451097804391217
4,14,semiregular,3,980,913,67,781,199,132,0.7969387755102041,0.8554216867469879,1.0733844468784228,0.8251452720549393
4,14,irregular,3,1187,217,970,152,1035,65,0.12805391743892164,0.7004608294930875,5.470046082949309,0.2165242165242165
4,15,regular,1,1023,964,59,964,59,0,0.9423264907135875,1.0,1.0612033195020747,0.9703069954705587
4,15,semiregular,1,1015,774,241,759,256,15,0.7477832512315271,0.9806201550387597,1.3113695090439277,0.8485187255449971
4,15,irregular,1,869,218,651,184,685,34,0.21173762945914845,0.8440366972477065,3.9862385321100917,0.33854645814167433
4,15,regular,2,764,964,200,759,5,205,0.993455497382199,0.7873443983402489,0.7925311203319502,0.8784722222222223
4,15,semiregular,2,895,774,121,701,194,73,0.7832402234636872,0.9056847545219638,1.1563307493540051,0.8400239664469743
4,15,irregular,2,1447,218,1229,209,1238,9,0.14443676572218384,0.9587155963302753,6.637614678899083,0.2510510510510511
4,15,regular,3,850,964,114,848,2,116,0.9976470588235294,0.8796680497925311,0.8817427385892116,0.9349503858875414
4,15,semiregular,3,839,774,65,703,136,71,0.8379022646007152,0.9082687338501292,1.0839793281653747,0.8716676999380036
4,15,irregular,3,676,218,458,203,473,15,0.30029585798816566,0.9311926605504587,3.1009174311926606,0.45413870246085003
4,16,regular,1,1144,1109,35,1109,35,0,0.9694055944055944,1.0,1.0315599639314699,0.9844651575676875
4,16,semiregular,1,792,681,111,618,174,63,0.7803030303030303,0.9074889867841409,1.1629955947136563,0.8391038696537678
4,16,irregular,1,414,272,142,144,270,128,0.34782608695652173,0.5294117647058824,1.5220588235294117,0.4198250728862974
4,16,regular,2,1153,1109,44,1109,44,0,0.9618386816999133,1.0,1.0396753832281334,0.9805481874447393
4,16,semiregular,2,896,681,215,670,226,11,0.7477678571428571,0.9838472834067548,1.315712187958884,0.8497146480659479
4,16,irregular,2,1332,272,1060,272,1060,0,0.2042042042042042,1.0,4.897058823529412,0.3391521197007481
4,16,regular,3,1153,1109,44,1109,44,0,0.9618386816999133,1.0,1.0396753832281334,0.9805481874447393
4,16,semiregular,3,826,681,145,659,167,22,0.7978208232445521,0.9676945668135095,1.2129221732745963,0.8745852687458526
4,16,irregular,3,674,272,402,256,418,16,0.3798219584569733,0.9411764705882353,2.4779411764705883,0.5412262156448203
4,17,regular,1,1062,1029,33,1029,33,0,0.9689265536723164,1.0,1.032069970845481,0.9842180774748924
4,17,semiregular,1,956,837,119,778,178,59,0.8138075313807531,0.929510155316607,1.1421744324970131,0.8678192972671501
4,17,irregular,1,358,240,118,131,227,109,0.3659217877094972,0.5458333333333333,1.4916666666666667,0.4381270903010033
4,17,regular,2,1112,1029,83,1029,83,0,0.9253597122302158,1.0,1.0806608357628766,0.9612330686595049
4,17,semiregular,2,1107,837,270,818,289,19,0.7389340560072267,0.977299880525687,1.3225806451612903,0.8415637860082305
4,17,irregular,2,1239,240,999,236,1003,4,0.19047619047619047,0.9833333333333333,5.1625,0.3191345503718729
4,17,regular,3,1090,1029,61,1029,61,0,0.9440366972477064,1.0,1.0592808551992225,0.9712128362435112
4,17,semiregular,3,945,837,108,786,159,51,0.8317460317460318,0.9390681003584229,1.1290322580645162,0.8821548821548822
4,17,irregular,3,1590,240,1350,239,1351,1,0.15031446540880503,0.9958333333333333,6.625,0.2612021857923497
4,18,regular,1,1088,1044,44,1044,44,0,0.9595588235294118,1.0,1.0421455938697317,0.9793621013133209
4,18,semiregular,1,978,801,177,773,205,28,0.7903885480572597,0.9650436953807741,1.2209737827715357,0.8690275435638
4,18,irregular,1,418,252,166,151,267,101,0.361244019138756,0.5992063492063492,1.6587301587301588,0.4507462686567164
4,18,regular,2,1143,1044,99,1044,99,0,0.9133858267716536,1.0,1.0948275862068966,0.9547325102880658
4,18,semiregular,2,1096,801,295,794,302,7,0.7244525547445255,0.9912609238451935,1.3682896379525593,0.8371112282551397
4,18,irregular,2,1460,252,1208,251,1209,1,0.17191780821917807,0.996031746031746,5.7936507936507935,0.2932242990654205
4,18,regular,3,1076,1044,32,1043,33,1,0.9693308550185874,0.9990421455938697,1.0306513409961686,0.9839622641509435
4,18,semiregular,3,926,801,125,750,176,51,0.8099352051835853,0.9363295880149812,1.1560549313358301,0.8685581933989578
4,18,irregular,3,1204,252,952,251,953,1,0.2084717607973422,0.996031746031746,4.777777777777778,0.3447802197802197
4,19,regular,1,1011,1076,65,991,20,85,0.9802176063303659,0.921003717472119,0.9395910780669146,0.9496885481552468
4,19,semiregular,1,774,753,21,653,121,100,0.8436692506459949,0.8671978751660027,1.0278884462151394,0.8552717747216765
4,19,irregular,1,574,245,329,162,412,83,0.28222996515679444,0.6612244897959184,2.342857142857143,0.39560439560439564
4,19,regular,2,1161,1076,85,1074,87,2,0.9250645994832042,0.9981412639405205,1.078996282527881,0.9602145730889584
4,19,semiregular,2,1012,753,259,748,264,5,0.7391304347826086,0.9933598937583001,1.343957503320053,0.8475920679886685
4,19,irregular,2,1291,245,1046,245,1046,0,0.18977536793183578,1.0,5.2693877551020405,0.3190104166666667
4,19,regular,3,1077,1076,1,1070,7,6,0.9935004642525533,0.9944237918215614,1.0009293680297398,0.9939619136089177
4,19,semiregular,3,833,753,80,682,151,71,0.8187274909963985,0.9057104913678619,1.1062416998671978,0.8600252206809583
4,19,irregular,3,1109,245,864,237,872,8,0.21370604147880973,0.9673469387755103,4.526530612244898,0.3500738552437223
4,20,regular,1,1193,1251,58,1187,6,64,0.9949706621961442,0.9488409272581935,0.9536370903277378,0.9713584288052374
4,20,semiregular,1,960,841,119,776,184,65,0.8083333333333333,0.9227110582639715,1.1414982164090368,0.8617434758467518
4,20,irregular,1,909,252,657,197,712,55,0.21672167216721672,0.7817460317460317,3.607142857142857,0.33936261843238585
4,20,regular,2,1202,1251,49,1191,11,60,0.9908485856905158,0.9520383693045563,0.9608313349320543,0.9710558499796169
4,20,semiregular,2,1139,841,298,836,303,5,0.7339771729587358,0.9940546967895363,1.3543400713436384,0.8444444444444444
4,20,irregular,2,1084,252,832,233,851,19,0.21494464944649447,0.9246031746031746,4.301587301587301,0.3488023952095809
4,20,regular,3,1063,1251,188,1057,6,194,0.9943555973659455,0.8449240607513989,0.8497202238209433,0.9135695764909249
4,20,semiregular,3,882,841,41,739,143,102,0.8378684807256236,0.8787158145065398,1.0487514863258025,0.8578061520603598
4,20,irregular,3,664,252,412,202,462,50,0.3042168674698795,0.8015873015873016,2.634920634920635,0.44104803493449785
4,21,regular,1,997,920,77,917,80,3,0.9197592778335005,0.9967391304347826,1.083695652173913,0.9567031820552948
4,21,semiregular,1,981,549,432,529,452,20,0.5392456676860347,0.9635701275045537,1.7868852459016393,0.6915032679738562
4,21,irregular,1,560,204,356,158,402,46,0.28214285714285714,0.7745098039215687,2.7450980392156863,0.41361256544502617
4,21,regular,2,1002,920,82,920,82,0,0.9181636726546906,1.0,1.0891304347826087,0.9573361082206036
4,21,semiregular,2,1028,549,479,547,481,2,0.5321011673151751,0.9963570127504554,1.872495446265938,0.6937222574508561
4,21,irregular,2,1361,204,1157,204,1157,0,0.14988978692138133,1.0,6.671568627450981,0.260702875399361
4,21,regular,3,906,920,14,889,17,31,0.9812362030905077,0.966304347826087,0.9847826086956522,0.9737130339539979
4,21,semiregular,3,830,549,281,520,310,29,0.6265060240963856,0.9471766848816029,1.51183970856102,0.7541696881798404
4,21,irregular,3,1339,204,1135,198,1141,6,0.14787154592979837,0.9705882352941176,6.563725490196078,0.2566429034348671
4,22,regular,1,1046,946,100,941,105,5,0.8996175908221797,0.9947145877378436,1.105708245243129,0.9447791164658635
4,22,semiregular,1,956,703,253,683,273,20,0.7144351464435147,0.9715504978662873,1.3598862019914653,0.8233875828812537
4,22,irregular,1,857,247,610,190,667,57,0.22170361726954493,0.7692307692307693,3.4696356275303644,0.34420289855072467
4,22,regular,2,1055,946,109,946,109,0,0.8966824644549763,1.0,1.1152219873150107,0.945527236381809
4,22,semiregular,2,1122,703,419,699,423,4,0.6229946524064172,0.9943100995732574,1.5960170697012803,0.766027397260274
4,22,irregular,2,1572,247,1325,247,1325,0,0.15712468193384224,1.0,6.364372469635628,0.27157778999450244
4,22,regular,3,965,946,19,938,27,8,0.9720207253886011,0.9915433403805497,1.0200845665961944,0.9816849816849816
4,22,semiregular,3,962,703,259,668,294,35,0.6943866943866944,0.9502133712660028,1.368421052631579,0.8024024024024025
4,22,irregular,3,1361,247,1114,247,1114,0,0.18148420279206465,1.0,5.510121457489879,0.30721393034825867
4,23,regular,1,1069,999,70,999,70,0,0.9345182413470533,1.0,1.07007007007007,0.9661508704061896
4,23,semiregular,1,1099,835,264,807,292,28,0.7343039126478617,0.9664670658682635,1.3161676646706586,0.8345398138572905
4,23,irregular,1,1602,266,1336,161,1441,105,0.10049937578027465,0.6052631578947368,6.022556390977444,0.17237687366167023
4,23,regular,2,1083,999,84,987,96,12,0.9113573407202216,0.987987987987988,1.0840840840840842,0.9481268011527377
4,23,semiregular,2,1488,835,653,835,653,0,0.5611559139784946,1.0,1.7820359281437126,0.7188979767541972
4,23,irregular,2,3329,266,3063,266,3063,0,0.07990387503754881,1.0,12.515037593984962,0.14798331015299024
4,23,regular,3,999,999,0,964,35,35,0.964964964964965,0.964964964964965,1.0,0.964964964964965
4,23,semiregular,3,935,835,100,747,188,88,0.7989304812834225,0.8946107784431138,1.1197604790419162,0.8440677966101695
4,23,irregular,3,1315,266,1049,244,1071,22,0.18555133079847907,0.9172932330827067,4.943609022556391,0.3086654016445287
4,24,regular,1,1125,1079,46,1078,47,1,0.9582222222222222,0.9990732159406858,1.0426320667284523,0.9782214156079855
4,24,semiregular,1,769,680,89,641,128,39,0.8335500650195059,0.9426470588235294,1.1308823529411764,0.8847481021394065
4,24,irregular,1,1137,247,890,188,949,59,0.16534740545294635,0.7611336032388664,4.603238866396761,0.27167630057803466
4,24,regular,2,1098,1079,19,1078,20,1,0.9817850637522769,0.9990732159406858,1.0176088971269694,0.9903536977491962
4,24,semiregular,2,851,680,171,675,176,5,0.7931844888366627,0.9926470588235294,1.2514705882352941,0.8817766165904637
4,24,irregular,2,1940,247,1693,247,1693,0,0.12731958762886597,1.0,7.854251012145749,0.22588020118884314
4,24,regular,3,994,1079,85,985,9,94,0.9909456740442656,0.9128822984244671,0.9212233549582948,0.9503135552339603
4,24,semiregular,3,715,680,35,619,96,61,0.8657342657342657,0.9102941176470588,1.0514705882352942,0.8874551971326164
4,24,irregular,3,1593,247,1346,233,1360,14,0.14626490897677338,0.9433198380566802,6.449392712550607,0.2532608695652174
4,25,regular,1,992,946,46,946,46,0,0.9536290322580645,1.0,1.0486257928118394,0.9762641898864809
4,25,semiregular,1,951,718,233,696,255,22,0.7318611987381703,0.9693593314763231,1.3245125348189415,0.8340323547034153
4,25,irregular,1,1774,207,1567,172,1602,35,0.09695603156708005,0.8309178743961353,8.570048309178745,0.17364967188288744
4,25,regular,2,982,946,36,946,36,0,0.9633401221995926,1.0,1.0380549682875264,0.9813278008298755
4,25,semiregular,2,953,718,235,660,293,58,0.6925498426023085,0.9192200557103064,1.3272980501392757,0.7899461400359066
4,25,irregular,2,1818,207,1611,119,1699,88,0.06545654565456546,0.5748792270531401,8.782608695652174,0.11753086419753087
4,25,regular,3,753,946,193,748,5,198,0.9933598937583001,0.7906976744186046,0.7959830866807611,0.8805179517363154
4,25,semiregular,3,835,718,117,657,178,61,0.7868263473053893,0.915041782729805,1.1629526462395543,0.8461043142305216
4,25,irregular,3,2070,207,1863,201,1869,6,0.09710144927536232,0.9710144927536232,10.0,0.17654808959156787
4,26,regular,1,1073,985,88,984,89,1,0.9170549860205033,0.9989847715736041,1.0893401015228426,0.9562682215743441
4,26,semiregular,1,955,720,235,689,266,31,0.7214659685863875,0.9569444444444445,1.3263888888888888,0.8226865671641791
4,26,irregular,1,1084,214,870,183,901,31,0.1688191881918819,0.8551401869158879,5.065420560747664,0.28197226502311246
4,26,regular,2,1085,985,100,963,122,22,0.8875576036866359,0.9776649746192894,1.101522842639594,0.9304347826086957
4,26,semiregular,2,581,720,139,471,110,249,0.810671256454389,0.6541666666666667,0.8069444444444445,0.7240584166026133
4,26,irregular,2,1348,214,1134,170,1178,44,0.1261127596439169,0.794392523364486,6.299065420560748,0.2176696542893726
4,26,regular,3,948,985,37,929,19,56,0.979957805907173,0.9431472081218274,0.9624365482233502,0.9612002069322297
4,26,semiregular,3,656,720,64,539,117,181,0.8216463414634146,0.7486111111111111,0.9111111111111111,0.7834302325581396
4,26,irregular,3,1371,214,1157,189,1182,25,0.13785557986870897,0.883177570093458,6.406542056074766,0.2384858044164038
4,27,regular,1,1181,1166,15,1154,27,12,0.9771380186282811,0.9897084048027445,1.0128644939965694,0.9833830421815082
4,27,semiregular,1,902,728,174,679,223,49,0.7527716186252772,0.9326923076923077,1.239010989010989,0.8331288343558284
4,27,irregular,1,1766,270,1496,224,1542,46,0.12684031710079274,0.8296296296296296,6.54074074074074,0.2200392927308448
4,27,regular,2,1205,1166,39,1166,39,0,0.9676348547717842,1.0,1.0334476843910807,0.9835512442007591
4,27,semiregular,2,1061,728,333,724,337,4,0.6823751178133836,0.9945054945054945,1.4574175824175823,0.8093907210732253
4,27,irregular,2,2324,270,2054,270,2054,0,0.11617900172117039,1.0,8.607407407407408,0.2081727062451812
4,27,regular,3,1153,1166,13,1148,5,18,0.9956634865568084,0.9845626072041166,0.9888507718696398,0.9900819318671842
4,27,semiregular,3,824,728,96,691,133,37,0.8385922330097088,0.9491758241758241,1.1318681318681318,0.890463917525773
4,27,irregular,3,1582,270,1312,262,1320,8,0.16561314791403287,0.9703703703703703,5.859259259259259,0.28293736501079914
4,28,regular,1,1133,1098,35,1097,36,1,0.9682259488084731,0.9990892531876139,1.0318761384335156,0.9834155087404751
4,28,semiregular,1,1053,859,194,833,220,26,0.7910731244064577,0.969732246798603,1.2258440046565775,0.8713389121338911
4,28,irregular,1,2078,293,1785,237,1841,56,0.11405197305101059,0.8088737201365188,7.092150170648464,0.19991564740615775
4,28,regular,2,1147,1098,49,1098,49,0,0.9572798605056669,1.0,1.0446265938069217,0.978173719376392
4,28,semiregular,2,1162,859,303,856,306,3,0.7366609294320138,0.9965075669383003,1.3527357392316648,0.8471053933696189
4,28,irregular,2,2538,293,2245,293,2245,0,0.11544523246650906,1.0,8.662116040955631,0.206993995054751
4,28,regular,3,851,1098,247,833,18,265,0.9788484136310224,0.7586520947176685,0.7750455373406193,0.8547973319651102
4,28,semiregular,3,896,859,37,747,149,112,0.8337053571428571,0.869615832363213,1.0430733410942956,0.8512820512820513
4,28,irregular,3,2232,293,1939,269,1963,24,0.12051971326164874,0.9180887372013652,7.617747440273037,0.21306930693069306
4,29,regular,1,1183,1140,43,1139,44,1,0.9628064243448858,0.9991228070175439,1.037719298245614,0.9806284976323719
4,29,semiregular,1,1288,869,419,852,436,17,0.6614906832298136,0.9804372842347526,1.4821634062140392,0.7899860917941586
4,29,irregular,1,1206,247,959,204,1002,43,0.1691542288557214,0.8259109311740891,4.882591093117409,0.2807983482450104
4,29,regular,2,1179,1140,39,1138,41,2,0.9652247667514843,0.9982456140350877,1.0342105263157895,0.9814575247951702
4,29,semiregular,2,1379,869,510,867,512,2,0.6287164612037709,0.997698504027618,1.5868814729574223,0.7713523131672598
4,29,irregular,2,1798,247,1551,247,1551,0,0.13737486095661847,1.0,7.279352226720648,0.2415647921760391
4,29,regular,3,962,1140,178,958,4,182,0.9958419958419958,0.8403508771929824,0.843859649122807,0.9115128449096099
4,29,semiregular,3,1142,869,273,825,317,44,0.7224168126094571,0.9493670886075949,1.3141542002301496,0.8204873197414221
4,29,irregular,3,1720,247,1473,234,1486,13,0.13604651162790699,0.9473684210526315,6.963562753036437,0.23792577529232337
4,30,regular,1,1028,997,31,996,32,1,0.9688715953307393,0.9989969909729187,1.0310932798395185,0.9837037037037036
4,30,semiregular,1,991,810,181,789,202,21,0.7961654894046418,0.9740740740740741,1.2234567901234568,0.8761799000555247
4,30,irregular,1,2323,250,2073,226,2097,24,0.09728798966853207,0.904,9.292,0.1756704236300039
4,30,regular,2,1030,997,33,997,33,0,0.9679611650485437,1.0,1.033099297893681,0.9837197829304392
4,30,semiregular,2,1071,810,261,805,266,5,0.7516339869281046,0.9938271604938271,1.3222222222222222,0.8559276980329611
4,30,irregular,2,2704,250,2454,250,2454,0,0.09245562130177515,1.0,10.816,0.16926201760324985
4,30,regular,3,987,997,10,982,5,15,0.9949341438703141,0.9849548645937813,0.9899699097291875,0.9899193548387096
4,30,semiregular,3,922,810,112,771,151,39,0.8362255965292842,0.9518518518518518,1.1382716049382715,0.8903002309468822
4,30,irregular,3,1827,250,1577,221,1606,29,0.12096332785987958,0.884,7.308,0.2128069330765527
5,1,regular,1,965,937,28,937,28,0,0.9709844559585492,1.0,1.0298826040554963,0.9852786540483701
5,1,semiregular,1,1041,703,338,690,351,13,0.6628242074927954,0.9815078236130867,1.4807965860597438,0.7912844036697246
5,1,irregular,1,405,199,206,148,257,51,0.3654320987654321,0.7437185929648241,2.0351758793969847,0.49006622516556286
5,1,regular,2,1090,937,153,937,153,0,0.8596330275229358,1.0,1.1632870864461047,0.9245189935865812
5,1,semiregular,2,1184,703,481,702,482,1,0.5929054054054054,0.9985775248933144,1.6842105263157894,0.7440381558028616
5,1,irregular,2,1072,199,873,199,873,0,0.18563432835820895,1.0,5.386934673366834,0.3131392604248623
5,1,regular,3,1021,937,84,937,84,0,0.9177277179236043,1.0,1.0896478121664888,0.9570990806945863
5,1,semiregular,3,1009,703,306,670,339,33,0.66402378592666,0.9530583214793741,1.4352773826458036,0.7827102803738317
5,1,irregular,3,894,199,695,199,695,0,0.2225950782997763,1.0,4.492462311557789,0.36413540713632203
5,2,regular,1,1126,1224,98,1116,10,108,0.9911190053285968,0.9117647058823529,0.9199346405228758,0.9497872340425532
5,2,semiregular,1,745,647,98,612,133,35,0.8214765100671141,0.9459041731066461,1.151468315301391,0.8793103448275862
5,2,irregular,1,808,217,591,166,642,51,0.20544554455445543,0.7649769585253456,3.7235023041474653,0.32390243902439025
5,2,regular,2,1242,1224,18,1217,25,7,0.9798711755233495,0.994281045751634,1.0147058823529411,0.9870235198702353
5,2,semiregular,2,879,647,232,647,232,0,0.7360637087599545,1.0,1.3585780525502318,0.8479685452162518
5,2,irregular,2,1407,217,1190,217,1190,0,0.15422885572139303,1.0,6.483870967741935,0.2672413793103448
5,2,regular,3,1002,1224,222,991,11,233,0.9890219560878244,0.809640522875817,0.8186274509803921,0.890386343216532
5,2,semiregular,3,684,647,37,588,96,59,0.8596491228070176,0.9088098918083463,1.0571870170015456,0.8835462058602555
5,2,irregular,3,1197,217,980,211,986,6,0.17627401837928153,0.9723502304147466,5.516129032258065,0.29844413012729837
5,3,regular,1,1019,1053,34,1015,4,38,0.9960745829244357,0.9639126305792972,0.9677113010446344,0.9797297297297297
5,3,semiregular,1,890,716,174,693,197,23,0.7786516853932585,0.9678770949720671,1.2430167597765363,0.863013698630137
5,3,irregular,1,830,224,606,188,642,36,0.22650602409638554,0.8392857142857143,3.705357142857143,0.3567362428842505
5,3,regular,2,1015,1053,38,1010,5,43,0.9950738916256158,0.9591642924976258,0.9639126305792972,0.9767891682785299
5,3,semiregular,2,693,716,23,563,130,153,0.8124098124098124,0.7863128491620112,0.9678770949720671,0.7991483321504613
5,3,irregular,2,96,224,128,83,13,141,0.8645833333333334,0.3705357142857143,0.42857142857142855,0.51875
5,3,regular,3,996,1053,57,992,4,61,0.9959839357429718,0.9420702754036088,0.9458689458689459,0.9682772083943386
5,3,semiregular,3,823,716,107,665,158,51,0.8080194410692588,0.9287709497206704,1.149441340782123,0.8641975308641976
5,3,irregular,3,1130,224,906,218,912,6,0.1929203539823009,0.9732142857142857,5.044642857142857,0.3220088626292467
5,4,regular,1,1117,1101,16,1091,26,10,0.9767233661593554,0.9909173478655767,1.0145322434150772,0.9837691614066726
5,4,semiregular,1,781,614,167,553,228,61,0.708066581306018,0.9006514657980456,1.271986970684039,0.7928315412186381
5,4,irregular,1,516,228,288,171,345,57,0.3313953488372093,0.75,2.263157894736842,0.45967741935483875
5,4,regular,2,1173,1101,72,1101,72,0,0.9386189258312021,1.0,1.0653950953678475,0.9683377308707124
5,4,semiregular,2,979,614,365,610,369,4,0.6230847803881512,0.993485342019544,1.5944625407166124,0.765850596359071
5,4,irregular,2,1421,228,1193,228,1193,0,0.16045038705137227,1.0,6.232456140350878,0.2765312310491207
5,4,regular,3,377,1101,724,365,12,736,0.9681697612732095,0.3315168029064487,0.3424159854677566,0.4939106901217862
5,4,semiregular,3,536,614,78,377,159,237,0.7033582089552238,0.6140065146579805,0.8729641693811075,0.6556521739130434
5,4,irregular,3,1138,228,910,147,991,81,0.12917398945518455,0.6447368421052632,4.991228070175438,0.21522693997071746
5,5,regular,1,1036,1044,8,1032,4,12,0.9961389961389961,0.9885057471264368,0.9923371647509579,0.9923076923076923
5,5,semiregular,1,1043,668,375,663,380,5,0.6356663470757431,0.9925149700598802,1.561377245508982,0.7749853886616015
5,5,irregular,1,827,217,610,195,632,22,0.23579201934703747,0.8986175115207373,3.8110599078341014,0.37356321839080453
5,5,regular,2,1076,1044,32,1044,32,0,0.9702602230483272,1.0,1.0306513409961686,0.9849056603773586
5,5,semiregular,2,910,668,242,616,294,52,0.676923076923077,0.9221556886227545,1.3622754491017963,0.7807351077313055
5,5,irregular,2,229,217,12,30,199,187,0.13100436681222707,0.1382488479262673,1.055299539170507,0.13452914798206278
5,5,regular,3,1026,1044,18,1021,5,23,0.9951267056530214,0.9779693486590039,0.9827586206896551,0.9864734299516909
5,5,semiregular,3,970,668,302,655,315,13,0.6752577319587629,0.9805389221556886,1.4520958083832336,0.7997557997557997
5,5,irregular,3,1362,217,1145,217,1145,0,0.1593245227606461,1.0,6.276497695852535,0.27485750474984166
5,6,regular,1,957,915,42,913,44,2,0.9540229885057471,0.9978142076502732,1.0459016393442624,0.9754273504273504
5,6,semiregular,1,754,701,53,615,139,86,0.8156498673740054,0.8773181169757489,1.0756062767475036,0.845360824742268
5,6,irregular,1,738,195,543,124,614,71,0.16802168021680217,0.6358974358974359,3.7846153846153845,0.2658092175777063
5,6,regular,2,1030,915,115,915,115,0,0.8883495145631068,1.0,1.1256830601092895,0.9408740359897173
5,6,semiregular,2,944,701,243,682,262,19,0.722457627118644,0.9728958630527818,1.3466476462196861,0.8291793313069908
5,6,irregular,2,370,195,175,141,229,54,0.3810810810810811,0.7230769230769231,1.8974358974358974,0.4991150442477876
5,6,regular,3,835,915,80,804,31,111,0.962874251497006,0.8786885245901639,0.912568306010929,0.9188571428571429
5,6,semiregular,3,718,701,17,562,156,139,0.7827298050139275,0.8017118402282454,1.0242510699001426,0.7921071176885129
5,6,irregular,3,1258,195,1063,181,1077,14,0.143879173290938,0.9282051282051282,6.4512820512820515,0.24913971094287685
5,7,regular,1,1195,1230,35,1187,8,43,0.9933054393305439,0.9650406504065041,0.9715447154471545,0.9789690721649484
5,7,semiregular,1,619,761,142,507,112,254,0.8190630048465266,0.6662286465177398,0.8134034165571616,0.7347826086956523
5,7,irregular,1,474,225,249,95,379,130,0.20042194092827004,0.4222222222222222,2.1066666666666665,0.2718168812589413
5,7,regular,2,1148,1230,82,1136,12,94,0.9895470383275261,0.9235772357723577,0.9333333333333333,0.9554247266610596
5,7,semiregular,2,910,761,149,655,255,106,0.7197802197802198,0.8607095926412615,1.1957950065703022,0.7839616995810892
5,7,irregular,2,1770,225,1545,223,1547,2,0.12598870056497175,0.9911111111111112,7.866666666666666,0.22355889724310776
5,7,regular,3,1146,1230,84,1135,11,95,0.9904013961605584,0.9227642276422764,0.9317073170731708,0.9553872053872053
5,7,semiregular,3,993,761,232,731,262,30,0.7361530715005036,0.9605781865965834,1.3048620236530881,0.8335233751425314
5,7,irregular,3,1620,225,1395,223,1397,2,0.13765432098765432,0.9911111111111112,7.2,0.24173441734417345
5,8,regular,1,1017,1035,18,1011,6,24,0.9941002949852508,0.9768115942028985,0.9826086956521739,0.9853801169590642
5,8,semiregular,1,914,827,87,734,180,93,0.8030634573304157,0.8875453446191052,1.1051995163240629,0.8431935669155658
5,8,irregular,1,1087,243,844,176,911,67,0.16191352345906163,0.7242798353909465,4.473251028806584,0.2646616541353383
5,8,regular,2,145,1035,890,144,1,891,0.993103448275862,0.1391304347826087,0.14009661835748793,0.2440677966101695
5,8,semiregular,2,327,827,500,292,35,535,0.8929663608562691,0.35308343409915355,0.3954050785973398,0.5060658578856152
5,8,irregular,2,177,243,66,4,173,239,0.022598870056497175,0.01646090534979424,0.7283950617283951,0.01904761904761905
5,8,regular,3,1033,1035,2,1024,9,11,0.9912875121006777,0.9893719806763285,0.9980676328502416,0.9903288201160542
5,8,semiregular,3,873,827,46,720,153,107,0.8247422680412371,0.8706166868198307,1.0556227327690448,0.8470588235294119
5,8,irregular,3,1170,243,927,219,951,24,0.18717948717948718,0.9012345679012346,4.814814814814815,0.3099787685774947
5,9,regular,1,1043,1107,64,1036,7,71,0.9932885906040269,0.935862691960253,0.9421860885275519,0.9637209302325581
5,9,semiregular,1,707,701,6,619,88,82,0.8755304101838756,0.8830242510699001,1.0085592011412268,0.8792613636363636
5,9,irregular,1,841,266,575,196,645,70,0.23305588585017836,0.7368421052631579,3.161654135338346,0.35411020776874436
5,9,regular,2,1093,1107,14,1083,10,24,0.9908508691674291,0.978319783197832,0.987353206865402,0.9845454545454546
5,9,semiregular,2,840,701,139,681,159,20,0.8107142857142857,0.9714693295292439,1.1982881597717547,0.8838416612589227
5,9,irregular,2,1804,266,1538,266,1538,0,0.14745011086474502,1.0,6.7819548872180455,0.2570048309178744
5,9,regular,3,890,1107,217,881,9,226,0.9898876404494382,0.7958446251129178,0.8039747064137308,0.8823234852278418
5,9,semiregular,3,576,701,125,504,72,197,0.875,0.7189728958630528,0.8216833095577746,0.7893500391542678
5,9,irregular,3,1501,266,1235,229,1272,37,0.1525649566955363,0.8609022556390977,5.642857142857143,0.2591963780418789
5,10,regular,1,1056,1014,42,997,59,17,0.9441287878787878,0.9832347140039448,1.0414201183431953,0.9632850241545894
5,10,semiregular,1,823,656,167,629,194,27,0.764277035236938,0.9588414634146342,1.2545731707317074,0.8505747126436782
5,10,irregular,1,874,247,627,226,648,21,0.2585812356979405,0.9149797570850202,3.5384615384615383,0.40321141837644964
5,10,regular,2,1171,1014,157,1014,157,0,0.8659265584970111,1.0,1.1548323471400395,0.9281464530892448
5,10,semiregular,2,964,656,308,652,312,4,0.6763485477178424,0.9939024390243902,1.4695121951219512,0.8049382716049384
5,10,irregular,2,1519,247,1272,247,1272,0,0.16260697827518103,1.0,6.149797570850202,0.27972819932049825
5,10,regular,3,1068,1014,54,1004,64,10,0.9400749063670412,0.9901380670611439,1.0532544378698225,0.9644572526416906
5,10,semiregular,3,583,656,73,523,60,133,0.8970840480274442,0.7972560975609756,0.8887195121951219,0.844229217110573
5,10,irregular,3,738,247,491,231,507,16,0.3130081300813008,0.9352226720647774,2.9878542510121457,0.46903553299492384
5,11,regular,1,1068,1070,2,1061,7,9,0.9934456928838952,0.991588785046729,0.9981308411214953,0.9925163704396632
5,11,semiregular,1,868,700,168,670,198,30,0.771889400921659,0.9571428571428572,1.24,0.854591836734694
5,11,irregular,1,758,239,519,166,592,73,0.21899736147757257,0.694560669456067,3.1715481171548117,0.33299899699097296
5,11,regular,2,50,1070,1020,49,1,1021,0.98,0.04579439252336449,0.04672897196261682,0.0875
5,11,semiregular,2,129,700,571,102,27,598,0.7906976744186046,0.1457142857142857,0.18428571428571427,0.24607961399276237
5,11,irregular,2,131,239,108,21,110,218,0.16030534351145037,0.08786610878661087,0.5481171548117155,0.1135135135135135
5,11,regular,3,988,1070,82,983,5,87,0.9949392712550608,0.9186915887850468,0.9233644859813084,0.9552964042759962
5,11,semiregular,3,853,700,153,661,192,39,0.7749120750293084,0.9442857142857143,1.2185714285714286,0.8512556342562783
5,11,irregular,3,1260,239,1021,221,1039,18,0.17539682539682538,0.9246861924686193,5.2719665271966525,0.294863242161441
5,12,regular,1,1067,1007,60,1007,60,0,0.943767572633552,1.0,1.0595829195630586,0.9710703953712634
5,12,semiregular,1,874,641,233,606,268,35,0.6933638443935927,0.9453978159126365,1.3634945397815912,0.7999999999999999
5,12,irregular,1,833,204,629,194,639,10,0.23289315726290516,0.9509803921568627,4.083333333333333,0.3741562198649952
5,12,regular,2,1116,1007,109,1007,109,0,0.9023297491039427,1.0,1.1082423038728897,0.9486575600565238
5,12,semiregular,2,1006,641,365,627,379,14,0.6232604373757455,0.9781591263650546,1.5694227769110765,0.761384335154827
5,12,irregular,2,1279,204,1075,203,1076,1,0.15871774824081314,0.9950980392156863,6.269607843137255,0.2737693863789616
5,12,regular,3,879,1007,128,872,7,135,0.9920364050056882,0.8659384309831182,0.8728897715988083,0.9247083775185578
5,12,semiregular,3,795,641,154,553,242,88,0.6955974842767295,0.8627145085803433,1.2402496099843994,0.7701949860724234
5,12,irregular,3,1321,204,1117,184,1137,20,0.1392884178652536,0.9019607843137255,6.4754901960784315,0.24131147540983608
5,13,regular,1,1049,1000,49,999,50,1,0.9523355576739753,0.999,1.049,0.9751098096632504
5,13,semiregular,1,977,815,162,786,191,29,0.804503582395087,0.9644171779141104,1.1987730061349693,0.8772321428571428
5,13,irregular,1,889,216,673,132,757,84,0.1484814398200225,0.6111111111111112,4.1157407407407405,0.23891402714932128
5,13,regular,2,1086,1000,86,1000,86,0,0.9208103130755064,1.0,1.086,0.9587727708533078
5,13,semiregular,2,1012,815,197,790,222,25,0.7806324110671937,0.9693251533742331,1.2417177914110429,0.8648056923918993
5,13,irregular,2,2136,216,1920,216,1920,0,0.10112359550561797,1.0,9.88888888888889,0.18367346938775508
5,13,regular,3,1029,1000,29,1000,29,0,0.9718172983479106,1.0,1.029,0.9857072449482505
5,13,semiregular,3,865,815,50,713,152,102,0.8242774566473988,0.8748466257668711,1.0613496932515338,0.8488095238095238
5,13,irregular,3,1026,216,810,191,835,25,0.1861598440545809,0.8842592592592593,4.75,0.30756843800322065
5,14,regular,1,1011,1052,41,1010,1,42,0.9990108803165183,0.9600760456273765,0.9610266159695817,0.9791565681047019
5,14,semiregular,1,1141,913,228,866,275,47,0.7589833479404031,0.9485213581599123,1.2497261774370207,0.8432327166504381
5,14,irregular,1,709,217,492,166,543,51,0.23413258110014104,0.7649769585253456,3.2672811059907834,0.35853131749460043
5,14,regular,2,1065,1052,13,1052,13,0,0.9877934272300469,1.0,1.0123574144486691,0.9938592347661785
5,14,semiregular,2,1304,913,391,912,392,1,0.6993865030674846,0.9989047097480832,1.4282584884994523,0.8227334235453315
5,14,irregular,2,883,217,666,137,746,80,0.1551528878822197,0.631336405529954,4.0691244239631335,0.24909090909090909
5,14,regular,3,562,1052,490,558,4,494,0.9928825622775801,0.5304182509505704,0.5342205323193916,0.6914498141263941
5,14,semiregular,3,805,913,108,636,169,277,0.7900621118012422,0.696604600219058,0.8817086527929902,0.7403958090803259
5,14,irregular,3,734,217,517,61,673,156,0.08310626702997276,0.28110599078341014,3.3824884792626726,0.12828601472134596
5,15,regular,1,987,964,23,964,23,0,0.9766970618034447,1.0,1.0238589211618256,0.9882111737570476
5,15,semiregular,1,984,774,210,762,222,12,0.774390243902439,0.9844961240310077,1.2713178294573644,0.8668941979522184
5,15,irregular,1,901,218,683,184,717,34,0.20421753607103219,0.8440366972477065,4.13302752293578,0.32886505808757827
5,15,regular,2,232,964,732,228,4,736,0.9827586206896551,0.23651452282157676,0.24066390041493776,0.3812709030100334
5,15,semiregular,2,543,774,231,452,91,322,0.8324125230202578,0.5839793281653747,0.7015503875968992,0.6864085041761578
5,15,irregular,2,745,218,527,116,629,102,0.15570469798657718,0.5321100917431193,3.4174311926605503,0.240913811007269
5,15,regular,3,858,964,106,855,3,109,0.9965034965034965,0.8869294605809128,0.8900414937759336,0.938529088913282
5,15,semiregular,3,909,774,135,737,172,37,0.8107810781078107,0.9521963824289406,1.1744186046511629,0.8758169934640523
5,15,irregular,3,756,218,538,213,543,5,0.28174603174603174,0.9770642201834863,3.467889908256881,0.4373716632443531
5,16,regular,1,1070,1109,39,1060,10,49,0.9906542056074766,0.9558160504959423,0.9648331830477908,0.9729233593391463
5,16,semiregular,1,759,681,78,605,154,76,0.7971014492753623,0.8883994126284875,1.1145374449339207,0.8402777777777778
5,16,irregular,1,424,272,152,183,241,89,0.43160377358490565,0.6727941176470589,1.5588235294117647,0.5258620689655172
5,16,regular,2,1102,1109,7,1091,11,18,0.9900181488203267,0.9837691614066727,0.9936880072137061,0.9868837630031659
5,16,semiregular,2,657,681,24,523,134,158,0.7960426179604262,0.7679882525697503,0.9647577092511013,0.7817638266068758
5,16,irregular,2,1028,272,756,266,762,6,0.2587548638132296,0.9779411764705882,3.7794117647058822,0.4092307692307692
5,16,regular,3,1098,1109,11,1085,13,24,0.98816029143898,0.9783588818755635,0.9900811541929666,0.983235160851835
5,16,semiregular,3,854,681,173,664,190,17,0.7775175644028103,0.9750367107195301,1.2540381791483113,0.8651465798045603
5,16,irregular,3,730,272,458,258,472,14,0.35342465753424657,0.9485294117647058,2.6838235294117645,0.5149700598802395
5,17,regular,1,1036,1029,7,1026,10,3,0.9903474903474904,0.9970845481049563,1.0068027210884354,0.9937046004842616
5,17,semiregular,1,946,837,109,777,169,60,0.821353065539112,0.9283154121863799,1.130227001194743,0.8715647784632643
5,17,irregular,1,475,240,235,133,342,107,0.28,0.5541666666666667,1.9791666666666667,0.3720279720279721
5,17,regular,2,1093,1029,64,1029,64,0,0.9414455626715462,1.0,1.0621963070942664,0.9698397737983036
5,17,semiregular,2,1009,837,172,791,218,46,0.7839444995044599,0.945041816009558,1.2054958183990443,0.856988082340195
5,17,irregular,2,687,240,447,220,467,20,0.32023289665211063,0.9166666666666666,2.8625,0.4746494066882416
5,17,regular,3,1075,1029,46,1029,46,0,0.9572093023255814,1.0,1.0447035957240038,0.9781368821292776
5,17,semiregular,3,983,837,146,814,169,23,0.8280773143438453,0.972520908004779,1.1744324970131421,0.8945054945054944
5,17,irregular,3,1526,240,1286,239,1287,1,0.1566186107470511,0.9958333333333333,6.358333333333333,0.2706681766704417
5,18,regular,1,1081,1044,37,1043,38,1,0.9648473635522664,0.9990421455938697,1.03544061302682,0.9816470588235294
5,18,semiregular,1,976,801,175,773,203,28,0.7920081967213115,0.9650436953807741,1.2184769038701624,0.8700056274620146
5,18,irregular,1,332,252,80,171,161,81,0.5150602409638554,0.6785714285714286,1.3174603174603174,0.5856164383561644
5,18,regular,2,1158,1044,114,1044,114,0,0.9015544041450777,1.0,1.1091954022988506,0.9482288828337874
5,18,semiregular,2,1030,801,229,762,268,39,0.7398058252427184,0.951310861423221,1.285892634207241,0.8323320589841616
5,18,irregular,2,1378,252,1126,247,1131,5,0.1792452830188679,0.9801587301587301,5.468253968253968,0.30306748466257666
5,18,regular,3,1077,1044,33,1043,34,1,0.968430826369545,0.9990421455938697,1.0316091954022988,0.9834983498349835
5,18,semiregular,3,979,801,178,778,201,23,0.7946884576098059,0.9712858926342073,1.2222222222222223,0.8741573033707865
5,18,irregular,3,1234,252,982,252,982,0,0.20421393841166938,1.0,4.896825396825397,0.33916554508748314
5,19,regular,1,1067,1076,9,1056,11,20,0.9896907216494846,0.9814126394052045,0.991635687732342,0.9855342977134858
5,19,semiregular,1,856,753,103,702,154,51,0.8200934579439252,0.9322709163346613,1.1367861885790174,0.872591671845867
5,19,irregular,1,646,245,401,185,461,60,0.28637770897832815,0.7551020408163265,2.636734693877551,0.4152637485970819
5,19,regular,2,1166,1076,90,1074,92,2,0.9210977701543739,0.9981412639405205,1.08364312267658,0.9580731489741303
5,19,semiregular,2,997,753,244,746,251,7,0.7482447342026078,0.9907038512616202,1.3240371845949535,0.8525714285714286
5,19,irregular,2,1232,245,987,244,988,1,0.19805194805194806,0.9959183673469387,5.0285714285714285,0.33039945836154366
5,19,regular,3,1089,1076,13,1073,16,3,0.9853076216712581,0.9972118959107806,1.012081784386617,0.9912240184757506
5,19,semiregular,3,893,753,140,719,174,34,0.8051511758118701,0.9548472775564409,1.1859229747675963,0.87363304981774
5,19,irregular,3,1076,245,831,243,833,2,0.2258364312267658,0.9918367346938776,4.391836734693878,0.3679031037093111
5,20,regular,1,1154,1251,97,1150,4,101,0.9965337954939342,0.9192645883293366,0.9224620303756994,0.9563409563409565
5,20,semiregular,1,942,841,101,759,183,82,0.8057324840764332,0.9024970273483948,1.1200951248513675,0.8513740886146943
5,20,irregular,1,849,252,597,155,694,97,0.18256772673733804,0.6150793650793651,3.369047619047619,0.2815622161671208
5,20,regular,2,1180,1251,71,1169,11,82,0.9906779661016949,0.9344524380495604,0.9432454036770583,0.9617441382147264
5,20,semiregular,2,1065,841,224,805,260,36,0.755868544600939,0.9571938168846611,1.2663495838287753,0.8447009443861491
5,20,irregular,2,1357,252,1105,241,1116,11,0.17759764185703758,0.9563492063492064,5.384920634920635,0.2995649471721566
5,20,regular,3,1043,1251,208,1034,9,217,0.9913710450623202,0.8265387689848122,0.8337330135891287,0.9014821272885789
5,20,semiregular,3,914,841,73,736,178,105,0.8052516411378556,0.8751486325802615,1.0868014268727706,0.8387464387464387
5,20,irregular,3,917,252,665,212,705,40,0.2311886586695747,0.8412698412698413,3.638888888888889,0.36270316509837464
5,21,regular,1,935,920,15,917,18,3,0.9807486631016042,0.9967391304347826,1.016304347826087,0.9886792452830189
5,21,semiregular,1,909,549,360,523,386,26,0.5753575357535754,0.9526411657559198,1.6557377049180328,0.7174211248285324
5,21,irregular,1,677,204,473,177,500,27,0.2614475627769572,0.8676470588235294,3.3186274509803924,0.4018161180476731
5,21,regular,2,1021,920,101,920,101,0,0.901077375122429,1.0,1.1097826086956522,0.9479649665121072
5,21,semiregular,2,1013,549,464,543,470,6,0.5360315893385982,0.9890710382513661,1.8451730418943533,0.6952624839948782
5,21,irregular,2,901,204,697,201,700,3,0.22308546059933407,0.9852941176470589,4.416666666666667,0.3638009049773756
5,21,regular,3,698,920,222,694,4,226,0.994269340974212,0.7543478260869565,0.758695652173913,0.8578491965389369
5,21,semiregular,3,832,549,283,519,313,30,0.6237980769230769,0.9453551912568307,1.5154826958105647,0.7516292541636496
5,21,irregular,3,1186,204,982,186,1000,18,0.15682967959527824,0.9117647058823529,5.813725490196078,0.2676258992805755
5,22,regular,1,999,946,53,945,54,1,0.9459459459459459,0.9989429175475687,1.0560253699788584,0.9717223650385605
5,22,semiregular,1,886,703,183,657,229,46,0.7415349887133182,0.9345661450924608,1.2603129445234709,0.8269351793580869
5,22,irregular,1,868,247,621,218,650,29,0.2511520737327189,0.8825910931174089,3.51417004048583,0.3910313901345292
5,22,regular,2,1059,946,113,946,113,0,0.8932955618508026,1.0,1.1194503171247356,0.943640897755611
5,22,semiregular,2,1121,703,418,698,423,5,0.6226583407671722,0.9928876244665719,1.5945945945945945,0.7653508771929824
5,22,irregular,2,1504,247,1257,247,1257,0,0.16422872340425532,1.0,6.089068825910931,0.28212450028555114
5,22,regular,3,941,946,5,918,23,28,0.975557917109458,0.9704016913319239,0.9947145877378436,0.9729729729729729
5,22,semiregular,3,973,703,270,689,284,14,0.7081192189105858,0.9800853485064012,1.3840682788051208,0.8221957040572793
5,22,irregular,3,1264,247,1017,242,1022,5,0.19145569620253164,0.979757085020243,5.117408906882591,0.3203176704169424
5,23,regular,1,955,999,44,946,9,53,0.9905759162303664,0.9469469469469469,0.955955955955956,0.9682702149437052
5,23,semiregular,1,936,835,101,771,165,64,0.8237179487179487,0.9233532934131736,1.1209580838323354,0.8706945228684358
5,23,irregular,1,678,266,412,128,550,138,0.1887905604719764,0.48120300751879697,2.5488721804511276,0.2711864406779661
5,23,regular,2,961,999,38,918,43,81,0.9552549427679501,0.918918918918919,0.9619619619619619,0.9367346938775512
5,23,semiregular,2,1106,835,271,824,282,11,0.7450271247739603,0.9868263473053892,1.3245508982035927,0.8490468830499743
5,23,irregular,2,2405,266,2139,266,2139,0,0.11060291060291061,1.0,9.041353383458647,0.19917633845001875
5,23,regular,3,935,999,64,909,26,90,0.9721925133689839,0.9099099099099099,0.9359359359359359,0.9400206825232679
5,23,semiregular,3,942,835,107,738,204,97,0.7834394904458599,0.8838323353293414,1.1281437125748504,0.8306133933595949
5,23,irregular,3,1762,266,1496,254,1508,12,0.1441543700340522,0.9548872180451128,6.62406015037594,0.2504930966469428
5,24,regular,1,1069,1079,10,1059,10,20,0.990645463049579,0.9814643188137164,0.9907321594068582,0.9860335195530725
5,24,semiregular,1,746,680,66,644,102,36,0.8632707774798928,0.9470588235294117,1.0970588235294119,0.9032258064516129
5,24,irregular,1,1043,247,796,173,870,74,0.16586768935762225,0.7004048582995951,4.222672064777328,0.2682170542635659
5,24,regular,2,1077,1079,2,1061,16,18,0.9851439182915506,0.9833178869323448,0.9981464318813716,0.9842300556586271
5,24,semiregular,2,849,680,169,676,173,4,0.7962308598351001,0.9941176470588236,1.2485294117647059,0.8842380640941793
5,24,irregular,2,1930,247,1683,247,1683,0,0.12797927461139896,1.0,7.813765182186235,0.22691777675700503
5,24,regular,3,932,1079,147,923,9,156,0.990343347639485,0.8554216867469879,0.8637627432808156,0.9179512680258578
5,24,semiregular,3,722,680,42,624,98,56,0.8642659279778393,0.9176470588235294,1.061764705882353,0.8901569186875891
5,24,irregular,3,1245,247,998,227,1018,20,0.1823293172690763,0.9190283400809717,5.040485829959514,0.30428954423592497
5,25,regular,1,933,946,13,929,4,17,0.9957127545551983,0.9820295983086681,0.9862579281183932,0.9888238424693987
5,25,semiregular,1,897,718,179,689,208,29,0.7681159420289855,0.9596100278551533,1.2493036211699164,0.853250773993808
5,25,irregular,1,1465,207,1258,169,1296,38,0.11535836177474403,0.8164251207729468,7.0772946859903385,0.2021531100478469
5,25,regular,2,963,946,17,946,17,0,0.9823468328141225,1.0,1.017970401691332,0.9910948140387638
5,25,semiregular,2,669,718,49,477,192,241,0.7130044843049327,0.6643454038997214,0.9317548746518106,0.6878154289834175
5,25,irregular,2,1103,207,896,9,1094,198,0.008159564823209429,0.043478260869565216,5.328502415458937,0.013740458015267177
5,25,regular,3,832,946,114,826,6,120,0.9927884615384616,0.8731501057082452,0.879492600422833,0.9291338582677164
5,25,semiregular,3,823,718,105,652,171,66,0.7922235722964763,0.9080779944289693,1.1462395543175488,0.8462037637897468
5,25,irregular,3,1992,207,1785,171,1821,36,0.0858433734939759,0.8260869565217391,9.623188405797102,0.15552523874488405
5,26,regular,1,1167,985,182,984,183,1,0.8431876606683805,0.9989847715736041,1.184771573604061,0.9144981412639406
5,26,semiregular,1,948,720,228,688,260,32,0.7257383966244726,0.9555555555555556,1.3166666666666667,0.8249400479616306
5,26,irregular,1,1123,214,909,203,920,11,0.18076580587711488,0.9485981308411215,5.247663551401869,0.30366492146596863
5,26,regular,2,1149,985,164,981,168,4,0.8537859007832899,0.9959390862944163,1.166497461928934,0.9194001874414246
5,26,semiregular,2,469,720,251,383,86,337,0.8166311300639659,0.5319444444444444,0.6513888888888889,0.6442388561816652
5,26,irregular,2,1087,214,873,149,938,65,0.13707451701931922,0.6962616822429907,5.079439252336448,0.22905457340507301
5,26,regular,3,321,985,664,313,8,672,0.9750778816199377,0.3177664974619289,0.32588832487309644,0.47932618683001527
5,26,semiregular,3,226,720,494,162,64,558,0.7168141592920354,0.225,0.3138888888888889,0.34249471458773784
5,26,irregular,3,1306,214,1092,134,1172,80,0.10260336906584992,0.6261682242990654,6.102803738317757,0.1763157894736842
5,27,regular,1,1081,1166,85,1076,5,90,0.9953746530989824,0.9228130360205832,0.9271012006861064,0.9577214063195372
5,27,semiregular,1,807,728,79,618,189,110,0.7657992565055762,0.8489010989010989,1.1085164835164836,0.8052117263843649
5,27,irregular,1,1547,270,1277,228,1319,42,0.14738202973497092,0.8444444444444444,5.729629629629629,0.2509631260319207
5,27,regular,2,1195,1166,29,1166,29,0,0.9757322175732217,1.0,1.0248713550600344,0.987717069038543
5,27,semiregular,2,1047,728,319,721,326,7,0.6886341929321872,0.9903846153846154,1.4381868131868132,0.8123943661971832
5,27,irregular,2,2131,270,1861,260,1871,10,0.12200844673862037,0.9629629629629629,7.892592592592592,0.21657642648896294
5,27,regular,3,1133,1166,33,1127,6,39,0.9947043248014121,0.9665523156089194,0.9716981132075472,0.980426272292301
5,27,semiregular,3,894,728,166,710,184,18,0.7941834451901566,0.9752747252747253,1.228021978021978,0.875462392108508
5,27,irregular,3,1820,270,1550,268,1552,2,0.14725274725274726,0.9925925925925926,6.7407407407407405,0.25645933014354066
5,28,regular,1,1092,1098,6,1079,13,19,0.9880952380952381,0.982695810564663,0.994535519125683,0.9853881278538814
5,28,semiregular,1,994,859,135,816,178,43,0.8209255533199196,0.9499417927823051,1.1571594877764844,0.8807339449541285
5,28,irregular,1,1763,293,1470,223,1540,70,0.12648893930799773,0.7610921501706485,6.017064846416382,0.2169260700389105
5,28,regular,2,1117,1098,19,1097,20,1,0.982094897045658,0.9990892531876139,1.017304189435337,0.9905191873589164
5,28,semiregular,2,1070,859,211,824,246,35,0.7700934579439253,0.959254947613504,1.2456344586728754,0.8543286677034734
5,28,irregular,2,1330,293,1037,250,1080,43,0.18796992481203006,0.8532423208191127,4.539249146757679,0.3080714725816389
5,28,regular,3,411,1098,687,397,14,701,0.9659367396593674,0.36156648451730417,0.3743169398907104,0.5261762756792578
5,28,semiregular,3,714,859,145,581,133,278,0.8137254901960784,0.6763678696158324,0.8311990686845169,0.7387158296249206
5,28,irregular,3,2267,293,1974,263,2004,30,0.11601235112483459,0.8976109215017065,7.737201365187714,0.20546875000000003
5,29,regular,1,1113,1140,27,1108,5,32,0.995507637017071,0.9719298245614035,0.9763157894736842,0.9835774522858413
5,29,semiregular,1,1258,869,389,857,401,12,0.6812400635930048,0.9861910241657077,1.4476409666283083,0.8058298072402446
5,29,irregular,1,1036,247,789,201,835,46,0.19401544401544402,0.8137651821862348,4.194331983805668,0.3133281371784879
5,29,regular,2,1155,1140,15,1134,21,6,0.9818181818181818,0.9947368421052631,1.013157894736842,0.9882352941176471
5,29,semiregular,2,1314,869,445,853,461,16,0.6491628614916286,0.9815880322209436,1.5120828538550057,0.7814933577645441
5,29,irregular,2,1725,247,1478,244,1481,3,0.14144927536231883,0.9878542510121457,6.983805668016195,0.24746450304259632
5,29,regular,3,822,1140,318,818,4,322,0.9951338199513382,0.7175438596491228,0.7210526315789474,0.8338430173292558
5,29,semiregular,3,1196,869,327,852,344,17,0.7123745819397993,0.9804372842347526,1.3762945914844649,0.825181598062954
5,29,irregular,3,1443,247,1196,231,1212,16,0.1600831600831601,0.9352226720647774,5.842105263157895,0.2733727810650888
5,30,regular,1,994,997,3,983,11,14,0.9889336016096579,0.9859578736208626,0.9969909729187563,0.9874434957307885
5,30,semiregular,1,951,810,141,771,180,39,0.8107255520504731,0.9518518518518518,1.174074074074074,0.8756388415672913
5,30,irregular,1,2141,250,1891,197,1944,53,0.09201307800093414,0.788,8.564,0.16478460895023
5,30,regular,2,1044,997,47,997,47,0,0.9549808429118773,1.0,1.0471414242728185,0.9769720725134737
5,30,semiregular,2,1091,810,281,806,285,4,0.7387717690192483,0.9950617283950617,1.3469135802469137,0.8479747501315098
5,30,irregular,2,1009,250,759,244,765,6,0.24182358771060455,0.976,4.036,0.38760921366163625
5,30,regular,3,923,997,74,918,5,79,0.9945828819068255,0.9207622868605817,0.925777331995988,0.9562499999999999
5,30,semiregular,3,925,810,115,772,153,38,0.8345945945945946,0.9530864197530864,1.1419753086419753,0.889913544668588
5,30,irregular,3,2282,250,2032,191,2091,59,0.08369851007887817,0.764,9.128,0.15086887835703
