Test fold number,Subject,Gait,Sensor,Predicted,Actual,Difference,TP,FP,FN,PPV,Sensitivity,RCA,SDA
1,1,regular,1,956,937,19,937,19,0,0.9801255230125523,1.0,1.0202774813233724,0.9899630216587427
1,1,semiregular,1,1070,703,367,698,372,5,0.6523364485981309,0.9928876244665719,1.5220483641536273,0.7873660462492951
1,1,irregular,1,813,199,614,194,619,5,0.23862238622386223,0.9748743718592965,4.085427135678392,0.383399209486166
1,1,regular,2,1128,937,191,937,191,0,0.8306737588652482,1.0,1.2038420490928494,0.9075060532687651
1,1,semiregular,2,1214,703,511,700,514,3,0.5766062602965404,0.9957325746799431,1.7268847795163584,0.7303077725612936
1,1,irregular,2,1093,199,894,199,894,0,0.18206770356816102,1.0,5.492462311557789,0.3080495356037152
1,1,regular,3,953,937,16,912,41,25,0.9569779643231899,0.9733191035218783,1.017075773745998,0.9650793650793652
1,1,semiregular,3,963,703,260,685,278,18,0.711318795430945,0.9743954480796586,1.3698435277382646,0.8223289315726291
1,1,irregular,3,811,199,612,199,612,0,0.24537607891491986,1.0,4.075376884422111,0.39405940594059413
1,2,regular,1,1097,1224,127,1087,10,137,0.9908842297174111,0.8880718954248366,0.8962418300653595,0.9366652305040929
1,2,semiregular,1,752,647,105,627,125,20,0.8337765957446809,0.9690880989180835,1.1622874806800618,0.8963545389563975
1,2,irregular,1,1128,217,911,203,925,14,0.1799645390070922,0.9354838709677419,5.1981566820276495,0.30185873605947955
1,2,regular,2,1277,1224,53,1221,56,3,0.9561472200469852,0.9975490196078431,1.0433006535947713,0.9764094362255098
1,2,semiregular,2,942,647,295,647,295,0,0.6868365180467091,1.0,1.455950540958269,0.8143486469477659
1,2,irregular,2,1462,217,1245,217,1245,0,0.1484268125854993,1.0,6.7373271889400925,0.258487194758785
1,2,regular,3,1153,1224,71,1146,7,78,0.9939288811795317,0.9362745098039216,0.9419934640522876,0.9642406394615062
1,2,semiregular,3,711,647,64,629,82,18,0.8846694796061885,0.9721792890262752,1.0989180834621328,0.9263622974963182
1,2,irregular,3,1056,217,839,216,840,1,0.20454545454545456,0.9953917050691244,4.8663594470046085,0.33935585231736065
1,3,regular,1,1018,1053,35,1016,2,37,0.9980353634577603,0.9648622981956315,0.9667616334283001,0.9811685176243361
1,3,semiregular,1,899,716,183,698,201,18,0.7764182424916574,0.9748603351955307,1.255586592178771,0.8643962848297214
1,3,irregular,1,1114,224,890,216,898,8,0.19389587073608616,0.9642857142857143,4.973214285714286,0.32286995515695066
1,3,regular,2,1028,1053,25,1026,2,27,0.9980544747081712,0.9743589743589743,0.976258309591643,0.9860643921191734
1,3,semiregular,2,1016,716,300,711,305,5,0.6998031496062992,0.9930167597765364,1.4189944134078212,0.8210161662817552
1,3,irregular,2,1365,224,1141,224,1141,0,0.1641025641025641,1.0,6.09375,0.2819383259911894
1,3,regular,3,966,1053,87,965,1,88,0.9989648033126294,0.9164292497625831,0.9173789173789174,0.9559187716691431
1,3,semiregular,3,794,716,78,674,120,42,0.8488664987405542,0.9413407821229051,1.1089385474860336,0.8927152317880794
1,3,irregular,3,1036,224,812,220,816,4,0.21235521235521235,0.9821428571428571,4.625,0.3492063492063492
1,4,regular,1,1154,1101,53,1099,55,2,0.9523396880415944,0.9981834695731153,1.0481380563124432,0.9747228381374723
1,4,semiregular,1,870,614,256,572,298,42,0.6574712643678161,0.9315960912052117,1.4169381107491856,0.77088948787062
1,4,irregular,1,1042,228,814,209,833,19,0.20057581573896352,0.9166666666666666,4.5701754385964914,0.32913385826771646
1,4,regular,2,1245,1101,144,1101,144,0,0.8843373493975903,1.0,1.1307901907356948,0.938618925831202
1,4,semiregular,2,1056,614,442,614,442,0,0.5814393939393939,1.0,1.719869706840391,0.7353293413173652
1,4,irregular,2,1510,228,1282,228,1282,0,0.1509933774834437,1.0,6.62280701754386,0.2623705408515535
1,4,regular,3,1046,1101,55,1037,9,64,0.9913957934990439,0.9418710263396912,0.9500454132606722,0.9659990684676292
1,4,semiregular,3,811,614,197,606,205,8,0.7472256473489519,0.9869706840390879,1.3208469055374592,0.8505263157894736
1,4,irregular,3,1103,228,875,228,875,0,0.20670897552130554,1.0,4.837719298245614,0.34259954921111946
1,5,regular,1,993,1044,51,991,2,53,0.9979859013091642,0.9492337164750958,0.9511494252873564,0.9729995090819834
1,5,semiregular,1,1027,668,359,663,364,5,0.6455696202531646,0.9925149700598802,1.5374251497005988,0.7823008849557521
1,5,irregular,1,1360,217,1143,214,1146,3,0.15735294117647058,0.9861751152073732,6.267281105990784,0.2714013950538998
1,5,regular,2,1092,1044,48,1044,48,0,0.9560439560439561,1.0,1.0459770114942528,0.9775280898876404
1,5,semiregular,2,1176,668,508,668,508,0,0.5680272108843537,1.0,1.7604790419161678,0.7245119305856832
1,5,irregular,2,1636,217,1419,217,1419,0,0.132640586797066,1.0,7.539170506912442,0.23421478683216407
1,5,regular,3,1000,1044,44,999,1,45,0.999,0.9568965517241379,0.9578544061302682,0.9774951076320938
1,5,semiregular,3,917,668,249,656,261,12,0.7153762268266085,0.9820359281437125,1.372754491017964,0.8277602523659306
1,5,irregular,3,1207,217,990,214,993,3,0.17729908864954433,0.9861751152073732,5.56221198156682,0.30056179775280906
1,6,regular,1,1025,915,110,915,110,0,0.8926829268292683,1.0,1.1202185792349726,0.943298969072165
1,6,semiregular,1,913,701,212,675,238,26,0.7393209200438116,0.9629101283880172,1.3024251069900143,0.8364312267657993
1,6,irregular,1,1247,195,1052,187,1060,8,0.14995990376904572,0.958974358974359,6.394871794871795,0.2593619972260749
1,6,regular,2,989,915,74,915,74,0,0.9251769464105156,1.0,1.0808743169398907,0.9611344537815125
1,6,semiregular,2,979,701,278,688,291,13,0.7027579162410623,0.9814550641940085,1.3965763195435092,0.819047619047619
1,6,irregular,2,1548,195,1353,195,1353,0,0.12596899224806202,1.0,7.938461538461539,0.22375215146299485
1,6,regular,3,951,915,36,914,37,1,0.961093585699264,0.9989071038251366,1.039344262295082,0.9796355841371918
1,6,semiregular,3,827,701,126,671,156,30,0.81136638452237,0.9572039942938659,1.1797432239657633,0.8782722513089004
1,6,irregular,3,1190,195,995,194,996,1,0.16302521008403362,0.9948717948717949,6.102564102564102,0.28014440433212995
1,7,regular,1,1220,1230,10,1207,13,23,0.989344262295082,0.9813008130081301,0.991869918699187,0.9853061224489796
1,7,semiregular,1,1219,761,458,748,471,13,0.6136177194421657,0.9829172141918529,1.6018396846254928,0.7555555555555554
1,7,irregular,1,1225,225,1000,178,1047,47,0.14530612244897959,0.7911111111111111,5.444444444444445,0.24551724137931033
1,7,regular,2,1341,1230,111,1230,111,0,0.9172259507829977,1.0,1.0902439024390245,0.9568261376896149
1,7,semiregular,2,1246,761,485,761,485,0,0.6107544141252006,1.0,1.6373193166885678,0.7583457897359243
1,7,irregular,2,1974,225,1749,225,1749,0,0.11398176291793313,1.0,8.773333333333333,0.20463847203274216
1,7,regular,3,1185,1230,45,1178,7,52,0.9940928270042194,0.9577235772357724,0.9634146341463414,0.9755693581780539
1,7,semiregular,3,977,761,216,751,226,10,0.7686796315250768,0.9868593955321945,1.2838370565045991,0.8642117376294592
1,7,irregular,3,1446,225,1221,221,1225,4,0.15283540802213003,0.9822222222222222,6.426666666666667,0.26451226810293244
1,8,regular,1,1031,1035,4,1020,11,15,0.9893307468477207,0.9855072463768116,0.996135265700483,0.9874152952565344
1,8,semiregular,1,1003,827,176,785,218,42,0.7826520438683948,0.9492140266021766,1.2128174123337363,0.8579234972677596
1,8,irregular,1,1727,243,1484,216,1511,27,0.1250723798494499,0.8888888888888888,7.106995884773663,0.21928934010152282
1,8,regular,2,1037,1035,2,1023,14,12,0.9864995178399228,0.9884057971014493,1.0019323671497584,0.9874517374517374
1,8,semiregular,2,1110,827,283,819,291,8,0.7378378378378379,0.9903264812575574,1.3422007255139057,0.8456375838926173
1,8,irregular,2,2201,243,1958,243,1958,0,0.11040436165379373,1.0,9.05761316872428,0.1988543371522095
1,8,regular,3,1009,1035,26,1004,5,31,0.9950445986124876,0.970048309178744,0.9748792270531401,0.9823874755381604
1,8,semiregular,3,940,827,113,783,157,44,0.8329787234042553,0.9467956469165659,1.1366384522370012,0.8862478777589133
1,8,irregular,3,1737,243,1494,233,1504,10,0.13413932066781808,0.9588477366255144,7.148148148148148,0.23535353535353537
1,9,regular,1,1086,1107,21,1081,5,26,0.9953959484346224,0.976513098464318,0.981029810298103,0.9858641130870953
1,9,semiregular,1,749,701,48,650,99,51,0.8678237650200267,0.927246790299572,1.0684736091298146,0.8965517241379309
1,9,irregular,1,1329,266,1063,227,1102,39,0.1708051166290444,0.8533834586466166,4.996240601503759,0.2846394984326019
1,9,regular,2,1067,1107,40,1059,8,48,0.9925023430178069,0.9566395663956639,0.96386630532972,0.9742410303587856
1,9,semiregular,2,819,701,118,676,143,25,0.8253968253968254,0.9643366619115549,1.1683309557774608,0.8894736842105262
1,9,irregular,2,1837,266,1571,266,1571,0,0.1448013064779532,1.0,6.906015037593985,0.2529719448407038
1,9,regular,3,1067,1107,40,1063,4,44,0.9962511715089035,0.960252935862692,0.96386630532972,0.9779208831646735
1,9,semiregular,3,715,701,14,647,68,54,0.9048951048951049,0.9229671897289586,1.0199714693295292,0.9138418079096047
1,9,irregular,3,1350,266,1084,258,1092,8,0.19111111111111112,0.9699248120300752,5.075187969924812,0.3193069306930693
1,10,regular,1,1044,1014,30,1009,35,5,0.9664750957854407,0.995069033530572,1.029585798816568,0.9805636540330419
1,10,semiregular,1,861,656,205,642,219,14,0.7456445993031359,0.9786585365853658,1.3125,0.8464073829927489
1,10,irregular,1,1321,247,1074,247,1074,0,0.18697956093868282,1.0,5.348178137651822,0.31505102040816324
1,10,regular,2,1200,1014,186,1014,186,0,0.845,1.0,1.183431952662722,0.9159891598915989
1,10,semiregular,2,995,656,339,640,355,16,0.6432160804020101,0.975609756097561,1.516768292682927,0.7752877044215627
1,10,irregular,2,663,247,416,241,422,6,0.363499245852187,0.9757085020242915,2.6842105263157894,0.5296703296703297
1,10,regular,3,1066,1014,52,1014,52,0,0.9512195121951219,1.0,1.0512820512820513,0.975
1,10,semiregular,3,826,656,170,636,190,20,0.7699757869249395,0.9695121951219512,1.2591463414634145,0.8582995951417004
1,10,irregular,3,1262,247,1015,246,1016,1,0.1949286846275753,0.9959514170040485,5.109311740890688,0.32604373757455263
1,11,regular,1,1046,1070,24,1044,2,26,0.9980879541108987,0.9757009345794393,0.9775700934579439,0.9867674858223062
1,11,semiregular,1,900,700,200,689,211,11,0.7655555555555555,0.9842857142857143,1.2857142857142858,0.8612500000000001
1,11,irregular,1,1244,239,1005,218,1026,21,0.1752411575562701,0.9121338912133892,5.205020920502092,0.29399865138233316
1,11,regular,2,1168,1070,98,1070,98,0,0.916095890410959,1.0,1.091588785046729,0.9562109025915996
1,11,semiregular,2,1069,700,369,700,369,0,0.6548175865294668,1.0,1.5271428571428571,0.791407574901074
1,11,irregular,2,1580,239,1341,239,1341,0,0.15126582278481013,1.0,6.610878661087866,0.262781748213304
1,11,regular,3,1013,1070,57,1012,1,58,0.9990128331688055,0.9457943925233645,0.9467289719626168,0.9716754680748919
1,11,semiregular,3,836,700,136,677,159,23,0.8098086124401914,0.9671428571428572,1.1942857142857144,0.8815104166666667
1,11,irregular,3,1163,239,924,233,930,6,0.2003439380911436,0.9748953974895398,4.866108786610878,0.3323823109843081
1,12,regular,1,1043,1007,36,1007,36,0,0.965484180249281,1.0,1.0357497517378351,0.982439024390244
1,12,semiregular,1,914,641,273,623,291,18,0.6816192560175055,0.9719188767550702,1.4258970358814353,0.8012861736334405
1,12,irregular,1,1317,204,1113,201,1116,3,0.15261958997722094,0.9852941176470589,6.455882352941177,0.2642998027613412
1,12,regular,2,1107,1007,100,1007,100,0,0.9096657633242999,1.0,1.099304865938431,0.9526963103122044
1,12,semiregular,2,1059,641,418,634,425,7,0.5986779981114259,0.9890795631825273,1.6521060842433697,0.7458823529411764
1,12,irregular,2,1627,204,1423,204,1423,0,0.1253841425937308,1.0,7.9754901960784315,0.22282905516111415
1,12,regular,3,1023,1007,16,1007,16,0,0.9843597262952102,1.0,1.015888778550149,0.9921182266009853
1,12,semiregular,3,854,641,213,619,235,22,0.724824355971897,0.9656786271450858,1.3322932917316692,0.8280936454849498
1,12,irregular,3,1220,204,1016,204,1016,0,0.16721311475409836,1.0,5.980392156862745,0.2865168539325843
1,13,regular,1,1011,1000,11,998,13,2,0.9871414441147379,0.998,1.011,0.9925410243659871
1,13,semiregular,1,995,815,180,798,197,17,0.8020100502512563,0.9791411042944785,1.2208588957055215,0.881767955801105
1,13,irregular,1,1695,216,1479,182,1513,34,0.10737463126843658,0.8425925925925926,7.847222222222222,0.19047619047619047
1,13,regular,2,1092,1000,92,1000,92,0,0.9157509157509157,1.0,1.092,0.9560229445506693
1,13,semiregular,2,1120,815,305,815,305,0,0.7276785714285714,1.0,1.3742331288343559,0.8423772609819121
1,13,irregular,2,2242,216,2026,216,2026,0,0.09634255129348795,1.0,10.37962962962963,0.1757526444263629
1,13,regular,3,967,1000,33,965,2,35,0.9979317476732161,0.965,0.967,0.9811896288764617
1,13,semiregular,3,923,815,108,792,131,23,0.8580715059588299,0.9717791411042945,1.1325153374233128,0.9113924050632911
1,13,irregular,3,1718,216,1502,214,1504,2,0.12456344586728754,0.9907407407407407,7.953703703703703,0.22130299896587383
1,14,regular,1,1055,1052,3,1049,6,3,0.9943127962085309,0.997148288973384,1.002851711026616,0.9957285239677266
1,14,semiregular,1,1202,913,289,904,298,9,0.7520798668885191,0.9901423877327492,1.316538882803943,0.8548463356973994
1,14,irregular,1,1265,217,1048,206,1059,11,0.16284584980237155,0.9493087557603687,5.829493087557604,0.27800269905533065
1,14,regular,2,1074,1052,22,1052,22,0,0.9795158286778398,1.0,1.020912547528517,0.9896519285042333
1,14,semiregular,2,1309,913,396,913,396,0,0.6974789915966386,1.0,1.4337349397590362,0.8217821782178217
1,14,irregular,2,1520,217,1303,217,1303,0,0.14276315789473684,1.0,7.0046082949308754,0.24985607369027057
1,14,regular,3,1033,1052,19,1032,1,20,0.9990319457889641,0.9809885931558935,0.9819391634980988,0.9899280575539567
1,14,semiregular,3,1090,913,177,894,196,19,0.8201834862385321,0.9791894852135816,1.1938663745892661,0.8926610084872691
1,14,irregular,3,1148,217,931,216,932,1,0.18815331010452963,0.9953917050691244,5.290322580645161,0.3164835164835165
1,15,regular,1,1018,964,54,964,54,0,0.9469548133595285,1.0,1.0560165975103735,0.9727547931382442
1,15,semiregular,1,1005,774,231,767,238,7,0.7631840796019901,0.9909560723514211,1.2984496124031009,0.8622821810005621
1,15,irregular,1,1312,218,1094,215,1097,3,0.1638719512195122,0.9862385321100917,6.018348623853211,0.28104575163398693
1,15,regular,2,991,964,27,964,27,0,0.9727547931382442,1.0,1.0280082987551866,0.9861892583120205
1,15,semiregular,2,1085,774,311,768,317,6,0.7078341013824885,0.9922480620155039,1.4018087855297157,0.8262506724045185
1,15,irregular,2,1660,218,1442,218,1442,0,0.13132530120481928,1.0,7.614678899082569,0.2321618743343983
1,15,regular,3,925,964,39,924,1,40,0.9989189189189189,0.9585062240663901,0.9595435684647303,0.9782953943885653
1,15,semiregular,3,877,774,103,741,136,33,0.8449258836944128,0.9573643410852714,1.1330749354005167,0.8976377952755905
1,15,irregular,3,1240,218,1022,217,1023,1,0.175,0.9954128440366973,5.6880733944954125,0.29766803840877915
1,16,regular,1,1102,1109,7,1094,8,15,0.9927404718693285,0.9864743011722272,0.9936880072137061,0.9895974672094076
1,16,semiregular,1,905,681,224,671,234,10,0.7414364640883978,0.9853157121879589,1.328928046989721,0.8461538461538463
1,16,irregular,1,1128,272,856,238,890,34,0.21099290780141844,0.875,4.147058823529412,0.3399999999999999
1,16,regular,2,1207,1109,98,1109,98,0,0.9188069594034797,1.0,1.0883678990081154,0.9576856649395509
1,16,semiregular,2,1037,681,356,677,360,4,0.6528447444551592,0.9941262848751835,1.5227606461086638,0.7881257275902213
1,16,irregular,2,1531,272,1259,272,1259,0,0.17766165904637493,1.0,5.6286764705882355,0.3017193566278425
1,16,regular,3,1053,1109,56,1047,6,62,0.9943019943019943,0.9440937781785392,0.9495040577096483,0.9685476410730804
1,16,semiregular,3,817,681,136,656,161,25,0.802937576499388,0.9632892804698973,1.1997063142437592,0.8758344459279038
1,16,irregular,3,1188,272,916,266,922,6,0.2239057239057239,0.9779411764705882,4.367647058823529,0.3643835616438356
1,17,regular,1,1011,1029,18,1007,4,22,0.9960435212660732,0.9786200194363459,0.9825072886297376,0.9872549019607842
1,17,semiregular,1,963,837,126,789,174,48,0.8193146417445483,0.942652329749104,1.1505376344086022,0.8766666666666666
1,17,irregular,1,1064,240,824,194,870,46,0.18233082706766918,0.8083333333333333,4.433333333333334,0.29754601226993865
1,17,regular,2,1083,1029,54,1029,54,0,0.9501385041551247,1.0,1.0524781341107872,0.9744318181818182
1,17,semiregular,2,1096,837,259,823,273,14,0.7509124087591241,0.983273596176822,1.3094384707287934,0.851526125193999
1,17,irregular,2,1753,240,1513,240,1513,0,0.13690815744438106,1.0,7.304166666666666,0.24084295032614148
1,17,regular,3,1020,1029,9,1017,3,12,0.9970588235294118,0.9883381924198251,0.9912536443148688,0.9926793557833089
1,17,semiregular,3,941,837,104,802,139,35,0.8522848034006376,0.9581839904420549,1.124253285543608,0.9021372328458942
1,17,irregular,3,1426,240,1186,237,1189,3,0.1661991584852735,0.9875,5.941666666666666,0.28451380552220884
1,18,regular,1,1049,1044,5,1041,8,3,0.9923736892278361,0.9971264367816092,1.0047892720306513,0.9947443860487339
1,18,semiregular,1,977,801,176,783,194,18,0.8014329580348004,0.9775280898876404,1.219725343320849,0.8807649043869515
1,18,irregular,1,1158,252,906,231,927,21,0.19948186528497408,0.9166666666666666,4.595238095238095,0.32765957446808514
1,18,regular,2,1133,1044,89,1044,89,0,0.9214474845542807,1.0,1.0852490421455938,0.9591180523656407
1,18,semiregular,2,1103,801,302,793,310,8,0.7189483227561196,0.9900124843945068,1.3770287141073658,0.8329831932773109
1,18,irregular,2,1429,252,1177,252,1177,0,0.17634709587123862,1.0,5.670634920634921,0.2998215348007139
1,18,regular,3,1038,1044,6,1035,3,9,0.9971098265895953,0.9913793103448276,0.9942528735632183,0.9942363112391931
1,18,semiregular,3,915,801,114,772,143,29,0.8437158469945355,0.9637952559300874,1.142322097378277,0.8997668997668997
1,18,irregular,3,1083,252,831,252,831,0,0.23268698060941828,1.0,4.2976190476190474,0.3775280898876405
1,19,regular,1,1074,1076,2,1066,8,10,0.9925512104283054,0.9907063197026023,0.9981412639405205,0.9916279069767442
1,19,semiregular,1,917,753,164,735,182,18,0.8015267175572519,0.9760956175298805,1.2177954847277557,0.8802395209580839
1,19,irregular,1,1030,245,785,225,805,20,0.21844660194174756,0.9183673469387755,4.204081632653061,0.3529411764705882
1,19,regular,2,1168,1076,92,1075,93,1,0.9203767123287672,0.9990706319702602,1.0855018587360594,0.9581105169340465
1,19,semiregular,2,1032,753,279,748,284,5,0.7248062015503876,0.9933598937583001,1.3705179282868525,0.8380952380952381
1,19,irregular,2,1299,245,1054,245,1054,0,0.1886066204772902,1.0,5.302040816326531,0.31735751295336784
1,19,regular,3,1011,1076,65,1010,1,66,0.9990108803165183,0.9386617100371747,0.9395910780669146,0.967896502156205
1,19,semiregular,3,821,753,68,711,110,42,0.8660170523751523,0.9442231075697212,1.0903054448871181,0.903430749682338
1,19,irregular,3,998,245,753,237,761,8,0.2374749498997996,0.9673469387755103,4.073469387755102,0.3813354786806114
1,20,regular,1,1192,1251,59,1181,11,70,0.9907718120805369,0.9440447641886491,0.9528377298161471,0.966844044207941
1,20,semiregular,1,1005,841,164,793,212,48,0.7890547263681592,0.9429250891795482,1.1950059453032105,0.8591549295774648
1,20,irregular,1,1045,252,793,197,848,55,0.18851674641148325,0.7817460317460317,4.146825396825397,0.30377794911333844
1,20,regular,2,1184,1251,67,1176,8,75,0.9932432432432432,0.9400479616306955,0.9464428457234213,0.9659137577002053
1,20,semiregular,2,1194,841,353,838,356,3,0.7018425460636516,0.9964328180737217,1.4197384066587395,0.8235872235872236
1,20,irregular,2,1455,252,1203,251,1204,1,0.1725085910652921,0.996031746031746,5.773809523809524,0.29408318687756296
1,20,regular,3,1090,1251,161,1086,4,165,0.9963302752293578,0.86810551558753,0.8713029576338929,0.9278086287911149
1,20,semiregular,3,965,841,124,785,180,56,0.8134715025906736,0.9334126040428062,1.1474435196195005,0.8693244739756367
1,20,irregular,3,1122,252,870,229,893,23,0.20409982174688057,0.9087301587301587,4.4523809523809526,0.33333333333333337
1,21,regular,1,928,920,8,918,10,2,0.9892241379310345,0.9978260869565218,1.008695652173913,0.9935064935064936
1,21,semiregular,1,911,549,362,532,379,17,0.58397365532382,0.9690346083788707,1.6593806921675773,0.7287671232876713
1,21,irregular,1,1061,204,857,199,862,5,0.1875589066918002,0.9754901960784313,5.200980392156863,0.31462450592885377
1,21,regular,2,1006,920,86,920,86,0,0.9145129224652088,1.0,1.0934782608695652,0.9553478712357216
1,21,semiregular,2,1046,549,497,546,500,3,0.5219885277246654,0.994535519125683,1.9052823315118397,0.684639498432602
1,21,irregular,2,1479,204,1275,204,1275,0,0.13793103448275862,1.0,7.25,0.2424242424242424
1,21,regular,3,957,920,37,920,37,0,0.9613375130616509,1.0,1.0402173913043478,0.9802876931273309
1,21,semiregular,3,852,549,303,543,309,6,0.6373239436619719,0.9890710382513661,1.5519125683060109,0.7751605995717344
1,21,irregular,3,1107,204,903,203,904,1,0.18337850045167117,0.9950980392156863,5.426470588235294,0.3096872616323417
1,22,regular,1,1003,946,57,946,57,0,0.9431704885343968,1.0,1.0602536997885834,0.9707542329399692
1,22,semiregular,1,962,703,259,682,280,21,0.7089397089397089,0.9701280227596017,1.368421052631579,0.8192192192192191
1,22,irregular,1,1245,247,998,244,1001,3,0.19598393574297188,0.9878542510121457,5.040485829959514,0.32707774798927614
1,22,regular,2,1045,946,99,946,99,0,0.9052631578947369,1.0,1.1046511627906976,0.9502762430939227
1,22,semiregular,2,1153,703,450,697,456,6,0.6045099739809193,0.9914651493598862,1.6401137980085347,0.7510775862068965
1,22,irregular,2,1553,247,1306,246,1307,1,0.15840309079201545,0.9959514170040485,6.287449392712551,0.2733333333333333
1,22,regular,3,971,946,25,945,26,1,0.9732234809474768,0.9989429175475687,1.0264270613107822,0.9859154929577465
1,22,semiregular,3,931,703,228,694,237,9,0.7454350161117078,0.9871977240398293,1.3243243243243243,0.8494492044063647
1,22,irregular,3,1178,247,931,247,931,0,0.20967741935483872,1.0,4.769230769230769,0.3466666666666667
1,23,regular,1,1010,999,11,991,19,8,0.9811881188118812,0.991991991991992,1.011011011011011,0.9865604778496765
1,23,semiregular,1,995,835,160,782,213,53,0.785929648241206,0.9365269461077844,1.1916167664670658,0.8546448087431694
1,23,irregular,1,1532,266,1266,195,1337,71,0.1272845953002611,0.7330827067669173,5.7593984962406015,0.2169076751946607
1,23,regular,2,1080,999,81,998,82,1,0.924074074074074,0.998998998998999,1.0810810810810811,0.9600769600769601
1,23,semiregular,2,1437,835,602,832,605,3,0.5789839944328462,0.9964071856287425,1.7209580838323353,0.732394366197183
1,23,irregular,2,3167,266,2901,266,2901,0,0.0839911588253868,1.0,11.906015037593985,0.1549665016020973
1,23,regular,3,1014,999,15,981,33,18,0.9674556213017751,0.9819819819819819,1.015015015015015,0.9746646795827123
1,23,semiregular,3,1043,835,208,807,236,28,0.7737296260786194,0.9664670658682635,1.2491017964071855,0.8594249201277955
1,23,irregular,3,2012,266,1746,264,1748,2,0.1312127236580517,0.9924812030075187,7.56390977443609,0.23178226514486397
1,24,regular,1,1064,1079,15,1057,7,22,0.993421052631579,0.9796107506950881,0.9860982391102873,0.9864675688287448
1,24,semiregular,1,771,680,91,656,115,24,0.8508430609597925,0.9647058823529412,1.1338235294117647,0.9042039972432805
1,24,irregular,1,1525,247,1278,211,1314,36,0.13836065573770492,0.854251012145749,6.174089068825911,0.2381489841986456
1,24,regular,2,1056,1079,23,1047,9,32,0.9914772727272727,0.9703429101019463,0.9786839666357738,0.9807962529274005
1,24,semiregular,2,840,680,160,674,166,6,0.8023809523809524,0.9911764705882353,1.2352941176470589,0.886842105263158
1,24,irregular,2,2002,247,1755,247,1755,0,0.12337662337662338,1.0,8.105263157894736,0.21965317919075145
1,24,regular,3,972,1079,107,966,6,113,0.9938271604938271,0.8952734012974977,0.9008341056533827,0.9419795221843004
1,24,semiregular,3,703,680,23,625,78,55,0.8890469416785206,0.9191176470588235,1.0338235294117648,0.9038322487346349
1,24,irregular,3,1468,247,1221,235,1233,12,0.1600817438692098,0.951417004048583,5.94331983805668,0.2740524781341108
1,25,regular,1,935,946,11,933,2,13,0.9978609625668449,0.9862579281183932,0.9883720930232558,0.9920255183413077
1,25,semiregular,1,939,718,221,706,233,12,0.751863684771033,0.9832869080779945,1.307799442896936,0.8521424260712129
1,25,irregular,1,2013,207,1806,200,1813,7,0.09935419771485346,0.966183574879227,9.72463768115942,0.1801801801801802
1,25,regular,2,944,946,2,940,4,6,0.9957627118644068,0.9936575052854123,0.9978858350951374,0.9947089947089949
1,25,semiregular,2,1066,718,348,714,352,4,0.6697936210131332,0.9944289693593314,1.4846796657381616,0.8004484304932735
1,25,irregular,2,2602,207,2395,207,2395,0,0.07955418908531899,1.0,12.570048309178745,0.1473834104663581
1,25,regular,3,859,946,87,857,2,89,0.9976717112922002,0.9059196617336153,0.9080338266384778,0.9495844875346261
1,25,semiregular,3,840,718,122,680,160,38,0.8095238095238095,0.947075208913649,1.16991643454039,0.8729139922978176
1,25,irregular,3,1842,207,1635,195,1647,12,0.10586319218241043,0.9420289855072463,8.898550724637682,0.1903367496339678
1,26,regular,1,1103,985,118,985,118,0,0.8930190389845875,1.0,1.1197969543147208,0.9434865900383143
1,26,semiregular,1,971,720,251,695,276,25,0.7157569515962925,0.9652777777777778,1.3486111111111112,0.8219988172678887
1,26,irregular,1,1443,214,1229,214,1229,0,0.1483021483021483,1.0,6.742990654205608,0.2582981291490646
1,26,regular,2,1113,985,128,924,189,61,0.8301886792452831,0.9380710659898477,1.1299492385786802,0.8808388941849381
1,26,semiregular,2,123,720,597,93,30,627,0.7560975609756098,0.12916666666666668,0.17083333333333334,0.2206405693950178
1,26,irregular,2,93,214,121,49,44,165,0.5268817204301075,0.22897196261682243,0.43457943925233644,0.3192182410423453
1,26,regular,3,1048,985,63,985,63,0,0.9398854961832062,1.0,1.063959390862944,0.9690113133300541
1,26,semiregular,3,919,720,199,694,225,26,0.7551686615886833,0.9638888888888889,1.2763888888888888,0.8468578401464307
1,26,irregular,3,1284,214,1070,214,1070,0,0.16666666666666666,1.0,6.0,0.2857142857142857
1,27,regular,1,1113,1166,53,1108,5,58,0.995507637017071,0.9502572898799314,0.9545454545454546,0.9723562966213253
1,27,semiregular,1,952,728,224,712,240,16,0.7478991596638656,0.978021978021978,1.3076923076923077,0.8476190476190475
1,27,irregular,1,2016,270,1746,268,1748,2,0.13293650793650794,0.9925925925925926,7.466666666666667,0.23447069116360453
1,27,regular,2,1210,1166,44,1166,44,0,0.9636363636363636,1.0,1.0377358490566038,0.9814814814814815
1,27,semiregular,2,1046,728,318,722,324,6,0.6902485659655831,0.9917582417582418,1.4368131868131868,0.8139797068771137
1,27,irregular,2,2324,270,2054,270,2054,0,0.11617900172117039,1.0,8.607407407407408,0.2081727062451812
1,27,regular,3,1070,1166,96,1067,3,99,0.997196261682243,0.9150943396226415,0.9176672384219554,0.9543828264758496
1,27,semiregular,3,846,728,118,691,155,37,0.8167848699763594,0.9491758241758241,1.1620879120879122,0.8780177890724269
1,27,irregular,3,1767,270,1497,264,1503,6,0.1494057724957555,0.9777777777777777,6.544444444444444,0.2592047128129602
1,28,regular,1,1082,1098,16,1069,13,29,0.987985212569316,0.9735883424408015,0.9854280510018215,0.9807339449541285
1,28,semiregular,1,1029,859,170,837,192,22,0.8134110787172012,0.9743888242142026,1.1979045401629802,0.8866525423728814
1,28,irregular,1,2283,293,1990,274,2009,19,0.12001752080595707,0.9351535836177475,7.791808873720137,0.2127329192546584
1,28,regular,2,1099,1098,1,1082,17,16,0.9845313921747043,0.9854280510018215,1.0009107468123861,0.9849795175238962
1,28,semiregular,2,1136,859,277,859,277,0,0.7561619718309859,1.0,1.3224679860302677,0.8611528822055137
1,28,irregular,2,2628,293,2335,293,2335,0,0.11149162861491628,1.0,8.969283276450511,0.20061622731941114
1,28,regular,3,997,1098,101,985,12,113,0.9879638916750251,0.8970856102003643,0.9080145719489982,0.9403341288782817
1,28,semiregular,3,937,859,78,797,140,62,0.8505869797225186,0.9278230500582072,1.090803259604191,0.8875278396436524
1,28,irregular,3,2088,293,1795,285,1803,8,0.13649425287356323,0.9726962457337884,7.126279863481229,0.23939521209575812
1,29,regular,1,1090,1140,50,1089,1,51,0.9990825688073395,0.9552631578947368,0.956140350877193,0.9766816143497759
1,29,semiregular,1,1263,869,394,859,404,10,0.6801266825019794,0.9884925201380897,1.4533947065592636,0.8058161350844277
1,29,irregular,1,1478,247,1231,241,1237,6,0.16305818673883626,0.9757085020242915,5.983805668016195,0.27942028985507245
1,29,regular,2,1134,1140,6,1126,8,14,0.9929453262786596,0.987719298245614,0.9947368421052631,0.990325417766051
1,29,semiregular,2,1417,869,548,868,549,1,0.6125617501764291,0.998849252013809,1.6306098964326812,0.7594050743657044
1,29,irregular,2,1767,247,1520,247,1520,0,0.13978494623655913,1.0,7.153846153846154,0.24528301886792453
1,29,regular,3,1031,1140,109,1029,2,111,0.9980601357904947,0.9026315789473685,0.9043859649122807,0.9479502533394749
1,29,semiregular,3,1127,869,258,853,274,16,0.7568766637089619,0.9815880322209436,1.2968929804372842,0.8547094188376755
1,29,irregular,3,1348,247,1101,244,1104,3,0.18100890207715134,0.9878542510121457,5.4574898785425106,0.3059561128526646
1,30,regular,1,974,997,23,974,0,23,1.0,0.9769307923771314,0.9769307923771314,0.9883307965499747
1,30,semiregular,1,965,810,155,788,177,22,0.816580310880829,0.9728395061728395,1.191358024691358,0.887887323943662
1,30,irregular,1,2380,250,2130,243,2137,7,0.10210084033613445,0.972,9.52,0.18479087452471482
1,30,regular,2,1075,997,78,997,78,0,0.9274418604651162,1.0,1.078234704112337,0.9623552123552124
1,30,semiregular,2,1134,810,324,806,328,4,0.7107583774250441,0.9950617283950617,1.4,0.8292181069958848
1,30,irregular,2,3082,250,2832,250,2832,0,0.08111615833874107,1.0,12.328,0.15006002400960383
1,30,regular,3,999,997,2,995,4,2,0.995995995995996,0.9979939819458375,1.0020060180541626,0.996993987975952
1,30,semiregular,3,907,810,97,786,121,24,0.8665931642778391,0.9703703703703703,1.1197530864197531,0.9155503785672685
1,30,irregular,3,2254,250,2004,246,2008,4,0.10913930789707187,0.984,9.016,0.19648562300319486
2,1,regular,1,893,937,44,878,15,59,0.9832026875699889,0.9370330843116329,0.9530416221985059,0.9595628415300547
2,1,semiregular,1,1043,703,340,693,350,10,0.6644295302013423,0.9857752489331437,1.4836415362731152,0.7938144329896908
2,1,irregular,1,789,199,590,195,594,4,0.24714828897338403,0.9798994974874372,3.9648241206030153,0.3947368421052632
2,1,regular,2,953,937,16,897,56,40,0.9412381951731374,0.9573105656350054,1.017075773745998,0.9492063492063493
2,1,semiregular,2,1133,703,430,699,434,4,0.616946160635481,0.9943100995732574,1.6116642958748222,0.761437908496732
2,1,irregular,2,1046,199,847,199,847,0,0.19024856596558318,1.0,5.256281407035176,0.3196787148594377
2,1,regular,3,876,937,61,833,43,104,0.9509132420091324,0.8890074706510138,0.9348986125933831,0.9189189189189189
2,1,semiregular,3,841,703,138,655,186,48,0.7788347205707491,0.9317211948790897,1.1963015647226174,0.8484455958549222
2,1,irregular,3,695,199,496,184,511,15,0.2647482014388489,0.9246231155778895,3.492462311557789,0.4116331096196868
2,2,regular,1,1126,1224,98,1117,9,107,0.9920071047957372,0.9125816993464052,0.9199346405228758,0.9506382978723404
2,2,semiregular,1,756,647,109,633,123,14,0.8373015873015873,0.9783616692426584,1.1684698608964452,0.9023521026372061
2,2,irregular,1,1108,217,891,202,906,15,0.18231046931407943,0.9308755760368663,5.105990783410138,0.30490566037735856
2,2,regular,2,1177,1224,47,1164,13,60,0.9889549702633815,0.9509803921568627,0.9616013071895425,0.9695960016659725
2,2,semiregular,2,815,647,168,645,170,2,0.7914110429447853,0.9969088098918083,1.259659969088099,0.8823529411764706
2,2,irregular,2,1321,217,1104,217,1104,0,0.1642694928084784,1.0,6.087557603686636,0.28218465539661897
2,2,regular,3,1097,1224,127,1088,9,136,0.99179580674567,0.8888888888888888,0.8962418300653595,0.937526928048255
2,2,semiregular,3,728,647,81,624,104,23,0.8571428571428571,0.964451313755796,1.1251931993817619,0.9076363636363636
2,2,irregular,3,1018,217,801,211,807,6,0.20726915520628683,0.9723502304147466,4.691244239631336,0.3417004048582996
2,3,regular,1,999,1053,54,998,1,55,0.998998998998999,0.9477682811016145,0.9487179487179487,0.9727095516569201
2,3,semiregular,1,904,716,188,702,202,14,0.7765486725663717,0.9804469273743017,1.2625698324022345,0.8666666666666667
2,3,irregular,1,1078,224,854,212,866,12,0.19666048237476808,0.9464285714285714,4.8125,0.3256528417818741
2,3,regular,2,954,1053,99,953,1,100,0.9989517819706499,0.9050332383665717,0.905982905982906,0.9496761335326357
2,3,semiregular,2,900,716,184,698,202,18,0.7755555555555556,0.9748603351955307,1.2569832402234637,0.8638613861386139
2,3,irregular,2,1209,224,985,224,985,0,0.18527708850289495,1.0,5.397321428571429,0.3126308443824145
2,3,regular,3,946,1053,107,945,1,108,0.9989429175475687,0.8974358974358975,0.8983855650522318,0.9454727363681841
2,3,semiregular,3,745,716,29,621,124,95,0.8335570469798658,0.86731843575419,1.0405027932960893,0.8501026694045174
2,3,irregular,3,1222,224,998,207,1015,17,0.16939443535188217,0.9241071428571429,5.455357142857143,0.2863070539419087
2,4,regular,1,1065,1101,36,1057,8,44,0.9924882629107982,0.9600363306085377,0.9673024523160763,0.9759926131117267
2,4,semiregular,1,823,614,209,593,230,21,0.7205346294046172,0.9657980456026058,1.3403908794788273,0.8253305497564369
2,4,irregular,1,1012,228,784,217,795,11,0.21442687747035574,0.9517543859649122,4.43859649122807,0.35000000000000003
2,4,regular,2,1084,1101,17,1073,11,28,0.9898523985239852,0.9745685740236149,0.9845594913714805,0.9821510297482837
2,4,semiregular,2,945,614,331,614,331,0,0.6497354497354497,1.0,1.5390879478827362,0.7876844130853111
2,4,irregular,2,1374,228,1146,228,1146,0,0.16593886462882096,1.0,6.026315789473684,0.28464419475655434
2,4,regular,3,992,1101,109,982,10,119,0.9899193548387096,0.8919164396003633,0.9009990917347865,0.9383659818442426
2,4,semiregular,3,840,614,226,584,256,30,0.6952380952380952,0.9511400651465798,1.3680781758957654,0.8033012379642365
2,4,irregular,3,1226,228,998,227,999,1,0.18515497553017946,0.9956140350877193,5.37719298245614,0.312242090784044
2,5,regular,1,981,1044,63,979,2,65,0.9979612640163099,0.9377394636015326,0.9396551724137931,0.9669135802469135
2,5,semiregular,1,985,668,317,657,328,11,0.667005076142132,0.9835329341317365,1.4745508982035929,0.79491833030853
2,5,irregular,1,1309,217,1092,214,1095,3,0.16348357524828114,0.9861751152073732,6.032258064516129,0.2804718217562255
2,5,regular,2,994,1044,50,992,2,52,0.9979879275653923,0.9501915708812261,0.9521072796934866,0.9735034347399413
2,5,semiregular,2,1044,668,376,666,378,2,0.6379310344827587,0.9970059880239521,1.562874251497006,0.7780373831775701
2,5,irregular,2,1437,217,1220,217,1220,0,0.15100904662491302,1.0,6.622119815668203,0.26239419588875457
2,5,regular,3,915,1044,129,913,2,131,0.9978142076502732,0.8745210727969349,0.8764367816091954,0.9321082184788156
2,5,semiregular,3,841,668,173,619,222,49,0.7360285374554102,0.9266467065868264,1.2589820359281436,0.8204108681245859
2,5,irregular,3,1091,217,874,210,881,7,0.1924839596700275,0.967741935483871,5.027649769585254,0.3211009174311927
2,6,regular,1,853,915,62,830,23,85,0.9730363423212193,0.907103825136612,0.9322404371584699,0.9389140271493213
2,6,semiregular,1,766,701,65,629,137,72,0.8211488250652742,0.8972895863052782,1.0927246790299572,0.8575323790047716
2,6,irregular,1,1159,195,964,181,978,14,0.15616911130284727,0.9282051282051282,5.943589743589744,0.26735598227474144
2,6,regular,2,945,915,30,908,37,7,0.9608465608465608,0.9923497267759562,1.0327868852459017,0.9763440860215054
2,6,semiregular,2,907,701,206,681,226,20,0.7508269018743109,0.9714693295292439,1.2938659058487874,0.8470149253731343
2,6,irregular,2,1439,195,1244,195,1244,0,0.13551077136900624,1.0,7.37948717948718,0.2386780905752754
2,6,regular,3,811,915,104,779,32,136,0.9605425400739828,0.8513661202185793,0.8863387978142077,0.902665121668598
2,6,semiregular,3,765,701,64,613,152,88,0.8013071895424837,0.8744650499286734,1.0912981455064195,0.8362892223738063
2,6,irregular,3,1188,195,993,183,1005,12,0.15404040404040403,0.9384615384615385,6.092307692307692,0.2646420824295011
2,7,regular,1,684,1230,546,680,4,550,0.9941520467836257,0.5528455284552846,0.5560975609756098,0.7105538140020898
2,7,semiregular,1,908,761,147,678,230,83,0.7466960352422908,0.8909329829172142,1.1931668856767412,0.8124625524266028
2,7,irregular,1,557,225,332,119,438,106,0.21364452423698385,0.5288888888888889,2.4755555555555557,0.3043478260869565
2,7,regular,2,1186,1230,44,1176,10,54,0.9915682967959528,0.9560975609756097,0.9642276422764228,0.9735099337748344
2,7,semiregular,2,1099,761,338,759,340,2,0.6906278434940856,0.9973718791064389,1.4441524310118266,0.8161290322580645
2,7,irregular,2,1788,225,1563,225,1563,0,0.12583892617449666,1.0,7.946666666666666,0.2235469448584203
2,7,regular,3,1094,1230,136,1089,5,141,0.9954296160877514,0.8853658536585366,0.8894308943089431,0.9371772805507744
2,7,semiregular,3,965,761,204,722,243,39,0.7481865284974093,0.9487516425755584,1.2680683311432326,0.8366164542294323
2,7,irregular,3,1573,225,1348,215,1358,10,0.13668150031786394,0.9555555555555556,6.9911111111111115,0.23915461624026693
2,8,regular,1,985,1035,50,980,5,55,0.9949238578680203,0.9468599033816425,0.9516908212560387,0.9702970297029702
2,8,semiregular,1,984,827,157,785,199,42,0.7977642276422764,0.9492140266021766,1.1898428053204353,0.8669243511871894
2,8,irregular,1,1702,243,1459,214,1488,29,0.12573443008225618,0.8806584362139918,7.004115226337449,0.2200514138817481
2,8,regular,2,933,1035,102,926,7,109,0.992497320471597,0.8946859903381642,0.9014492753623189,0.9410569105691056
2,8,semiregular,2,995,827,168,790,205,37,0.7939698492462312,0.9552599758162031,1.203143893591294,0.867178924259056
2,8,irregular,2,1968,243,1725,235,1733,8,0.11941056910569106,0.9670781893004116,8.098765432098766,0.21257349615558568
2,8,regular,3,926,1035,109,920,6,115,0.9935205183585313,0.8888888888888888,0.8946859903381642,0.938296787353391
2,8,semiregular,3,851,827,24,715,136,112,0.8401880141010576,0.8645707376058042,1.0290205562273278,0.8522050059594757
2,8,irregular,3,1460,243,1217,217,1243,26,0.14863013698630137,0.8930041152263375,6.008230452674897,0.2548443922489724
2,9,regular,1,1044,1107,63,1038,6,69,0.9942528735632183,0.9376693766937669,0.943089430894309,0.9651324965132496
2,9,semiregular,1,731,701,30,640,91,61,0.8755129958960328,0.912981455064194,1.042796005706134,0.8938547486033519
2,9,irregular,1,1355,266,1089,235,1120,31,0.17343173431734318,0.8834586466165414,5.093984962406015,0.2899444787168415
2,9,regular,2,1027,1107,80,1021,6,86,0.994157740993184,0.9223125564588979,0.9277326106594399,0.9568884723523897
2,9,semiregular,2,776,701,75,658,118,43,0.8479381443298969,0.9386590584878745,1.1069900142653353,0.8909952606635071
2,9,irregular,2,1710,266,1444,264,1446,2,0.1543859649122807,0.9924812030075187,6.428571428571429,0.26720647773279355
2,9,regular,3,970,1107,137,965,5,142,0.9948453608247423,0.8717253839205059,0.8762420957542909,0.9292248435243139
2,9,semiregular,3,690,701,11,619,71,82,0.8971014492753623,0.8830242510699001,0.9843081312410842,0.8900071890726096
2,9,irregular,3,1300,266,1034,240,1060,26,0.18461538461538463,0.9022556390977443,4.887218045112782,0.30651340996168586
2,10,regular,1,999,1014,15,980,19,34,0.980980980980981,0.9664694280078896,0.985207100591716,0.9736711376055638
2,10,semiregular,1,842,656,186,646,196,10,0.7672209026128266,0.9847560975609756,1.2835365853658536,0.8624833110814419
2,10,irregular,1,1230,247,983,247,983,0,0.2008130081300813,1.0,4.979757085020243,0.3344617467840217
2,10,regular,2,1054,1014,40,1013,41,1,0.961100569259962,0.9990138067061144,1.039447731755424,0.9796905222437137
2,10,semiregular,2,907,656,251,649,258,7,0.7155457552370452,0.989329268292683,1.3826219512195121,0.8304542546385156
2,10,irregular,2,1457,247,1210,247,1210,0,0.1695264241592313,1.0,5.898785425101215,0.289906103286385
2,10,regular,3,868,1014,146,852,16,162,0.9815668202764977,0.8402366863905325,0.8560157790927022,0.9054197662061636
2,10,semiregular,3,666,656,10,591,75,65,0.8873873873873874,0.9009146341463414,1.0152439024390243,0.8940998487140696
2,10,irregular,3,638,247,391,228,410,19,0.3573667711598746,0.9230769230769231,2.582995951417004,0.5152542372881356
2,11,regular,1,1037,1070,33,1035,2,35,0.9980713596914176,0.9672897196261683,0.9691588785046729,0.9824394874228761
2,11,semiregular,1,882,700,182,686,196,14,0.7777777777777778,0.98,1.26,0.8672566371681417
2,11,irregular,1,1206,239,967,223,983,16,0.18490878938640132,0.9330543933054394,5.046025104602511,0.3086505190311418
2,11,regular,2,1010,1070,60,1007,3,63,0.997029702970297,0.9411214953271028,0.9439252336448598,0.9682692307692308
2,11,semiregular,2,928,700,228,690,238,10,0.7435344827586207,0.9857142857142858,1.3257142857142856,0.8476658476658476
2,11,irregular,2,1376,239,1137,238,1138,1,0.17296511627906977,0.99581589958159,5.7573221757322175,0.29473684210526313
2,11,regular,3,913,1070,157,910,3,160,0.9967141292442497,0.8504672897196262,0.8532710280373832,0.9178013111447302
2,11,semiregular,3,801,700,101,635,166,65,0.7927590511860175,0.9071428571428571,1.1442857142857144,0.8461025982678214
2,11,irregular,3,1283,239,1044,222,1061,17,0.1730319563522993,0.9288702928870293,5.368200836820083,0.29172141918528244
2,12,regular,1,973,1007,34,969,4,38,0.9958890030832477,0.9622641509433962,0.9662363455809335,0.9787878787878788
2,12,semiregular,1,893,641,252,623,270,18,0.6976483762597985,0.9719188767550702,1.393135725429017,0.8122555410691004
2,12,irregular,1,1252,204,1048,198,1054,6,0.15814696485623003,0.9705882352941176,6.137254901960785,0.271978021978022
2,12,regular,2,1023,1007,16,1007,16,0,0.9843597262952102,1.0,1.015888778550149,0.9921182266009853
2,12,semiregular,2,977,641,336,631,346,10,0.6458546571136131,0.984399375975039,1.5241809672386895,0.7799752781211372
2,12,irregular,2,1463,204,1259,204,1259,0,0.1394395078605605,1.0,7.171568627450981,0.244751049790042
2,12,regular,3,848,1007,159,845,3,162,0.9964622641509434,0.8391261171797418,0.8421052631578947,0.9110512129380054
2,12,semiregular,3,817,641,176,584,233,57,0.7148102815177478,0.9110764430577223,1.2745709828393135,0.8010973936899862
2,12,irregular,3,1252,204,1048,198,1054,6,0.15814696485623003,0.9705882352941176,6.137254901960785,0.271978021978022
2,13,regular,1,954,1000,46,952,2,48,0.9979035639412998,0.952,0.954,0.9744114636642783
2,13,semiregular,1,945,815,130,788,157,27,0.8338624338624339,0.9668711656441717,1.1595092024539877,0.8954545454545454
2,13,irregular,1,1688,216,1472,192,1496,24,0.11374407582938388,0.8888888888888888,7.814814814814815,0.20168067226890754
2,13,regular,2,963,1000,37,959,4,41,0.995846313603323,0.959,0.963,0.9770759042282221
2,13,semiregular,2,1013,815,198,807,206,8,0.7966436327739388,0.9901840490797545,1.2429447852760735,0.8829321663019695
2,13,irregular,2,2021,216,1805,216,1805,0,0.10687778327560614,1.0,9.356481481481481,0.19311578006258384
2,13,regular,3,874,1000,126,873,1,127,0.9988558352402745,0.873,0.874,0.9316969050160085
2,13,semiregular,3,827,815,12,727,100,88,0.879081015719468,0.8920245398773006,1.014723926380368,0.8855054811205847
2,13,irregular,3,1352,216,1136,196,1156,20,0.14497041420118342,0.9074074074074074,6.2592592592592595,0.25
2,14,regular,1,951,1052,101,950,1,102,0.9989484752891693,0.903041825095057,0.9039923954372624,0.9485771342985521
2,14,semiregular,1,1121,913,208,880,241,33,0.7850133809099019,0.963855421686747,1.2278203723986856,0.8652900688298918
2,14,irregular,1,1138,217,921,197,941,20,0.17311072056239016,0.9078341013824884,5.244239631336406,0.2907749077490775
2,14,regular,2,1004,1052,48,1001,3,51,0.9970119521912351,0.9515209125475285,0.9543726235741445,0.9737354085603113
2,14,semiregular,2,1238,913,325,909,329,4,0.7342487883683361,0.9956188389923329,1.3559693318729464,0.8451882845188284
2,14,irregular,2,1380,217,1163,217,1163,0,0.1572463768115942,1.0,6.359447004608295,0.271759549154665
2,14,regular,3,937,1052,115,935,2,117,0.9978655282817502,0.8887832699619772,0.8906844106463878,0.9401709401709402
2,14,semiregular,3,1101,913,188,855,246,58,0.776566757493188,0.9364731653888281,1.2059145673603504,0.8490566037735849
2,14,irregular,3,1286,217,1069,206,1080,11,0.16018662519440124,0.9493087557603687,5.926267281105991,0.2741184298070526
2,15,regular,1,928,964,36,927,1,37,0.9989224137931034,0.9616182572614108,0.9626556016597511,0.9799154334038055
2,15,semiregular,1,953,774,179,756,197,18,0.7932843651626443,0.9767441860465116,1.231266149870801,0.8755066589461494
2,15,irregular,1,1233,218,1015,211,1022,7,0.1711273317112733,0.9678899082568807,5.655963302752293,0.29083390764989664
2,15,regular,2,878,964,86,876,2,88,0.9977220956719818,0.9087136929460581,0.9107883817427386,0.9511400651465798
2,15,semiregular,2,950,774,176,751,199,23,0.7905263157894736,0.9702842377260982,1.227390180878553,0.87122969837587
2,15,irregular,2,1444,218,1226,218,1226,0,0.15096952908587258,1.0,6.623853211009174,0.26233453670276774
2,15,regular,3,827,964,137,826,1,138,0.9987908101571947,0.8568464730290456,0.8578838174273858,0.9223897264098269
2,15,semiregular,3,787,774,13,676,111,98,0.8589580686149937,0.8733850129198967,1.016795865633075,0.8661114670083281
2,15,irregular,3,1053,218,835,202,851,16,0.19183285849952517,0.926605504587156,4.830275229357798,0.31785995279307633
2,16,regular,1,1095,1109,14,1088,7,21,0.993607305936073,0.9810640216411182,0.9873760144274121,0.9872958257713249
2,16,semiregular,1,885,681,204,665,220,16,0.751412429378531,0.9765051395007343,1.2995594713656389,0.8492975734355045
2,16,irregular,1,928,272,656,201,727,71,0.2165948275862069,0.7389705882352942,3.411764705882353,0.335
2,16,regular,2,1071,1109,38,1063,8,46,0.992530345471522,0.9585211902614968,0.9657348963029756,0.9752293577981651
2,16,semiregular,2,920,681,239,673,247,8,0.7315217391304348,0.9882525697503671,1.3509544787077827,0.8407245471580264
2,16,irregular,2,1360,272,1088,272,1088,0,0.2,1.0,5.0,0.33333333333333337
2,16,regular,3,1007,1109,102,1005,2,104,0.9980139026812314,0.9062218214607755,0.9080252479711451,0.949905482041588
2,16,semiregular,3,744,681,63,626,118,55,0.8413978494623656,0.9192364170337739,1.092511013215859,0.8785964912280703
2,16,irregular,3,775,272,503,240,535,32,0.3096774193548387,0.8823529411764706,2.849264705882353,0.45845272206303733
2,17,regular,1,1019,1029,10,1016,3,13,0.9970559371933267,0.9873663751214772,0.9902818270165209,0.9921874999999999
2,17,semiregular,1,944,837,107,780,164,57,0.826271186440678,0.931899641577061,1.1278375149342892,0.8759124087591241
2,17,irregular,1,751,240,511,146,605,94,0.19440745672436752,0.6083333333333333,3.129166666666667,0.29465186680121086
2,17,regular,2,994,1029,35,986,8,43,0.9919517102615694,0.9582118561710399,0.9659863945578231,0.9747899159663865
2,17,semiregular,2,1022,837,185,811,211,26,0.7935420743639922,0.9689366786140979,1.2210274790919953,0.8725121032813341
2,17,irregular,2,1648,240,1408,239,1409,1,0.14502427184466019,0.9958333333333333,6.866666666666666,0.2531779661016949
2,17,regular,3,920,1029,109,917,3,112,0.9967391304347826,0.891156462585034,0.8940719144800777,0.9409953822473062
2,17,semiregular,3,875,837,38,756,119,81,0.864,0.9032258064516129,1.045400238948626,0.8831775700934579
2,17,irregular,3,1666,240,1426,229,1437,11,0.13745498199279713,0.9541666666666667,6.941666666666666,0.2402938090241343
2,18,regular,1,1024,1044,20,1021,3,23,0.9970703125,0.9779693486590039,0.9808429118773946,0.9874274661508705
2,18,semiregular,1,979,801,178,783,196,18,0.7997957099080695,0.9775280898876404,1.2222222222222223,0.8797752808988764
2,18,irregular,1,1077,252,825,211,866,41,0.1959145775301764,0.8373015873015873,4.273809523809524,0.31753197893152746
2,18,regular,2,997,1044,47,993,4,51,0.995987963891675,0.9511494252873564,0.9549808429118773,0.9730524252817246
2,18,semiregular,2,1005,801,204,784,221,17,0.7800995024875622,0.978776529338327,1.2546816479400749,0.8682170542635659
2,18,irregular,2,1332,252,1080,252,1080,0,0.1891891891891892,1.0,5.285714285714286,0.3181818181818182
2,18,regular,3,861,1044,183,859,2,185,0.9976771196283392,0.8227969348659003,0.8247126436781609,0.9018372703412074
2,18,semiregular,3,826,801,25,719,107,82,0.8704600484261501,0.8976279650436954,1.0312109862671661,0.8838352796558082
2,18,irregular,3,1130,252,878,240,890,12,0.21238938053097345,0.9523809523809523,4.484126984126984,0.3473227206946454
2,19,regular,1,1011,1076,65,1008,3,68,0.9970326409495549,0.9368029739776952,0.9395910780669146,0.9659798754192621
2,19,semiregular,1,863,753,110,719,144,34,0.8331402085747392,0.9548472775564409,1.1460823373173972,0.8898514851485149
2,19,irregular,1,950,245,705,221,729,24,0.2326315789473684,0.9020408163265307,3.877551020408163,0.3698744769874477
2,19,regular,2,1064,1076,12,1062,2,14,0.9981203007518797,0.9869888475836431,0.9888475836431226,0.9925233644859813
2,19,semiregular,2,945,753,192,742,203,11,0.7851851851851852,0.9853917662682603,1.254980079681275,0.8739693757361602
2,19,irregular,2,1185,245,940,244,941,1,0.2059071729957806,0.9959183673469387,4.836734693877551,0.3412587412587412
2,19,regular,3,854,1076,222,853,1,223,0.9988290398126464,0.7927509293680297,0.7936802973977695,0.8839378238341968
2,19,semiregular,3,764,753,11,657,107,96,0.8599476439790575,0.8725099601593626,1.0146082337317397,0.8661832564271588
2,19,irregular,3,1165,245,920,228,937,17,0.19570815450643778,0.9306122448979591,4.755102040816326,0.32340425531914896
2,20,regular,1,1186,1251,65,1180,6,71,0.9949409780775716,0.9432454036770583,0.9480415667466027,0.9684037751333606
2,20,semiregular,1,990,841,149,797,193,44,0.805050505050505,0.9476813317479191,1.1771700356718193,0.8705625341343528
2,20,irregular,1,1119,252,867,207,912,45,0.18498659517426275,0.8214285714285714,4.440476190476191,0.30196936542669583
2,20,regular,2,1175,1251,76,1168,7,83,0.9940425531914894,0.9336530775379697,0.9392486011191047,0.9629018961253092
2,20,semiregular,2,1172,841,331,836,336,5,0.7133105802047781,0.9940546967895363,1.393579072532699,0.8306010928961749
2,20,irregular,2,1422,252,1170,249,1173,3,0.1751054852320675,0.9880952380952381,5.642857142857143,0.29749103942652333
2,20,regular,3,1016,1251,235,1011,5,240,0.9950787401574803,0.8081534772182254,0.812150279776179,0.8919276576973973
2,20,semiregular,3,912,841,71,744,168,97,0.8157894736842105,0.8846611177170036,1.084423305588585,0.8488305761551626
2,20,irregular,3,988,252,736,206,782,46,0.20850202429149797,0.8174603174603174,3.9206349206349205,0.3322580645161291
2,21,regular,1,906,920,14,903,3,17,0.9966887417218543,0.9815217391304348,0.9847826086956522,0.9890470974808324
2,21,semiregular,1,925,549,376,536,389,13,0.5794594594594594,0.97632058287796,1.6848816029143898,0.7272727272727274
2,21,irregular,1,1064,204,860,198,866,6,0.18609022556390978,0.9705882352941176,5.215686274509804,0.3123028391167193
2,21,regular,2,920,920,0,916,4,4,0.9956521739130435,0.9956521739130435,1.0,0.9956521739130435
2,21,semiregular,2,969,549,420,544,425,5,0.5614035087719298,0.9908925318761385,1.7650273224043715,0.7167325428194994
2,21,irregular,2,1328,204,1124,204,1124,0,0.1536144578313253,1.0,6.509803921568627,0.26631853785900783
2,21,regular,3,773,920,147,772,1,148,0.9987063389391979,0.8391304347826087,0.8402173913043478,0.9119905493207324
2,21,semiregular,3,815,549,266,512,303,37,0.6282208588957056,0.9326047358834244,1.4845173041894353,0.7507331378299121
2,21,irregular,3,1220,204,1016,195,1025,9,0.1598360655737705,0.9558823529411765,5.980392156862745,0.27387640449438205
2,22,regular,1,947,946,1,940,7,6,0.9926082365364308,0.9936575052854123,1.0010570824524312,0.9931325937665082
2,22,semiregular,1,928,703,225,690,238,13,0.7435344827586207,0.9815078236130867,1.3200568990042674,0.8461066830165543
2,22,irregular,1,1234,247,987,246,988,1,0.1993517017828201,0.9959514170040485,4.995951417004049,0.33220796758946664
2,22,regular,2,954,946,8,935,19,11,0.980083857442348,0.9883720930232558,1.0084566596194504,0.9842105263157895
2,22,semiregular,2,1041,703,338,695,346,8,0.6676272814601345,0.9886201991465149,1.4807965860597438,0.7970183486238532
2,22,irregular,2,1434,247,1187,246,1188,1,0.17154811715481172,0.9959514170040485,5.805668016194332,0.2926829268292683
2,22,regular,3,898,946,48,879,19,67,0.9788418708240535,0.9291754756871036,0.9492600422832981,0.9533622559652928
2,22,semiregular,3,925,703,222,677,248,26,0.7318918918918919,0.9630156472261735,1.3157894736842106,0.8316953316953315
2,22,irregular,3,1275,247,1028,241,1034,6,0.18901960784313726,0.9757085020242915,5.161943319838056,0.316688567674113
2,23,regular,1,1032,999,33,998,34,1,0.9670542635658915,0.998998998998999,1.033033033033033,0.9827671097981291
2,23,semiregular,1,1036,835,201,788,248,47,0.7606177606177607,0.9437125748502994,1.2407185628742514,0.8423303046499198
2,23,irregular,1,582,266,316,145,437,121,0.24914089347079038,0.5451127819548872,2.18796992481203,0.3419811320754717
2,23,regular,2,1000,999,1,925,75,74,0.925,0.9259259259259259,1.001001001001001,0.9254627313656829
2,23,semiregular,2,1355,835,520,830,525,5,0.6125461254612546,0.9940119760479041,1.622754491017964,0.7579908675799086
2,23,irregular,2,3309,266,3043,266,3043,0,0.08038682381384105,1.0,12.43984962406015,0.14881118881118882
2,23,regular,3,944,999,55,904,40,95,0.9576271186440678,0.9049049049049049,0.944944944944945,0.9305198147195058
2,23,semiregular,3,920,835,85,748,172,87,0.8130434782608695,0.895808383233533,1.1017964071856288,0.8524216524216524
2,23,irregular,3,1867,266,1601,252,1615,14,0.13497589716122121,0.9473684210526315,7.018796992481203,0.2362869198312236
2,24,regular,1,1052,1079,27,1046,6,33,0.9942965779467681,0.969416126042632,0.9749768303985171,0.981698732989207
2,24,semiregular,1,756,680,76,658,98,22,0.8703703703703703,0.9676470588235294,1.111764705882353,0.9164345403899721
2,24,irregular,1,1484,247,1237,217,1267,30,0.14622641509433962,0.8785425101214575,6.008097165991903,0.25072212593876375
2,24,regular,2,1004,1079,75,995,9,84,0.9910358565737052,0.9221501390176089,0.9304911955514366,0.955352856457033
2,24,semiregular,2,787,680,107,662,125,18,0.841168996188056,0.9735294117647059,1.1573529411764707,0.9025221540558964
2,24,irregular,2,1818,247,1571,247,1571,0,0.13586358635863585,1.0,7.3603238866396765,0.2392251815980629
2,24,regular,3,937,1079,142,930,7,149,0.9925293489861259,0.8619091751621872,0.8683966635773864,0.9226190476190476
2,24,semiregular,3,686,680,6,594,92,86,0.8658892128279884,0.8735294117647059,1.0088235294117647,0.8696925329428989
2,24,irregular,3,1725,247,1478,227,1498,20,0.13159420289855073,0.9190283400809717,6.983805668016195,0.2302231237322515
2,25,regular,1,916,946,30,914,2,32,0.9978165938864629,0.9661733615221987,0.9682875264270613,0.9817400644468313
2,25,semiregular,1,932,718,214,704,228,14,0.7553648068669528,0.9805013927576601,1.298050139275766,0.8533333333333333
2,25,irregular,1,1930,207,1723,198,1732,9,0.10259067357512953,0.9565217391304348,9.323671497584542,0.1853065044454843
2,25,regular,2,892,946,54,889,3,57,0.9966367713004485,0.9397463002114165,0.9429175475687104,0.9673558215451578
2,25,semiregular,2,979,718,261,706,273,12,0.7211440245148111,0.9832869080779945,1.3635097493036212,0.8320565704183854
2,25,irregular,2,2023,207,1816,206,1817,1,0.10182896688087,0.9951690821256038,9.772946859903382,0.18475336322869954
2,25,regular,3,858,946,88,856,2,90,0.9976689976689976,0.904862579281184,0.9069767441860465,0.9490022172949002
2,25,semiregular,3,860,718,142,673,187,45,0.7825581395348837,0.9373259052924791,1.1977715877437325,0.85297845373891
2,25,irregular,3,2226,207,2019,192,2034,15,0.0862533692722372,0.927536231884058,10.753623188405797,0.15782983970406902
2,26,regular,1,984,985,1,969,15,16,0.9847560975609756,0.983756345177665,0.9989847715736041,0.984255967496191
2,26,semiregular,1,953,720,233,703,250,17,0.7376705141657922,0.9763888888888889,1.323611111111111,0.840406455469217
2,26,irregular,1,1360,214,1146,212,1148,2,0.15588235294117647,0.9906542056074766,6.355140186915888,0.2693773824650572
2,26,regular,2,1017,985,32,982,35,3,0.9655850540806293,0.9969543147208122,1.03248730964467,0.9810189810189811
2,26,semiregular,2,915,720,195,689,226,31,0.7530054644808744,0.9569444444444445,1.2708333333333333,0.8428134556574923
2,26,irregular,2,1511,214,1297,213,1298,1,0.14096624751819986,0.9953271028037384,7.0607476635514015,0.24695652173913038
2,26,regular,3,898,985,87,885,13,100,0.9855233853006682,0.8984771573604061,0.9116751269035533,0.9399893786510888
2,26,semiregular,3,926,720,206,670,256,50,0.7235421166306696,0.9305555555555556,1.2861111111111112,0.8140947752126368
2,26,irregular,3,1472,214,1258,212,1260,2,0.14402173913043478,0.9906542056074766,6.878504672897196,0.2514827995255042
2,27,regular,1,1111,1166,55,1107,4,59,0.9963996399639964,0.9493996569468267,0.9528301886792453,0.9723320158102767
2,27,semiregular,1,907,728,179,692,215,36,0.762954796030871,0.9505494505494505,1.245879120879121,0.8464831804281346
2,27,irregular,1,2055,270,1785,261,1794,9,0.12700729927007298,0.9666666666666667,7.611111111111111,0.22451612903225804
2,27,regular,2,1119,1166,47,1114,5,52,0.9955317247542449,0.9554030874785592,0.9596912521440824,0.975054704595186
2,27,semiregular,2,984,728,256,718,266,10,0.7296747967479674,0.9862637362637363,1.3516483516483517,0.838785046728972
2,27,irregular,2,2143,270,1873,270,1873,0,0.12599160055996267,1.0,7.937037037037037,0.22378781599668462
2,27,regular,3,1053,1166,113,1050,3,116,0.9971509971509972,0.9005145797598628,0.9030874785591767,0.9463722397476342
2,27,semiregular,3,760,728,32,647,113,81,0.8513157894736842,0.8887362637362637,1.043956043956044,0.8696236559139784
2,27,irregular,3,1649,270,1379,247,1402,23,0.14978775015160703,0.9148148148148149,6.107407407407408,0.2574257425742574
2,28,regular,1,1060,1098,38,1048,12,50,0.9886792452830189,0.9544626593806922,0.9653916211293261,0.9712696941612605
2,28,semiregular,1,1017,859,158,828,189,31,0.8141592920353983,0.9639115250291036,1.1839348079161816,0.8827292110874201
2,28,irregular,1,2312,293,2019,279,2033,14,0.12067474048442907,0.9522184300341296,7.890784982935154,0.2142034548944338
2,28,regular,2,1044,1098,54,1029,15,69,0.985632183908046,0.9371584699453552,0.9508196721311475,0.9607843137254902
2,28,semiregular,2,1071,859,212,843,228,16,0.7871148459383753,0.9813736903376019,1.2467986030267753,0.8735751295336788
2,28,irregular,2,2593,293,2300,292,2301,1,0.11261087543386039,0.9965870307167235,8.849829351535837,0.20235620235620233
2,28,regular,3,967,1098,131,953,14,145,0.9855222337125129,0.8679417122040073,0.8806921675774135,0.923002421307506
2,28,semiregular,3,932,859,73,780,152,79,0.8369098712446352,0.9080325960419092,1.0849825378346916,0.8710217755443886
2,28,irregular,3,1994,293,1701,275,1719,18,0.137913741223671,0.9385665529010239,6.805460750853243,0.24048972452995185
2,29,regular,1,1100,1140,40,1099,1,41,0.9990909090909091,0.9640350877192982,0.9649122807017544,0.98125
2,29,semiregular,1,1256,869,387,864,392,5,0.6878980891719745,0.9942462600690449,1.4453394706559264,0.8131764705882353
2,29,irregular,1,1495,247,1248,239,1256,8,0.15986622073578596,0.9676113360323887,6.052631578947368,0.2743972445464983
2,29,regular,2,1095,1140,45,1091,4,49,0.9963470319634703,0.9570175438596491,0.9605263157894737,0.9762863534675614
2,29,semiregular,2,1320,869,451,863,457,6,0.6537878787878788,0.9930955120828538,1.518987341772152,0.7884878940155323
2,29,irregular,2,1654,247,1407,247,1407,0,0.14933494558645707,1.0,6.696356275303644,0.25986322987901106
2,29,regular,3,971,1140,169,968,3,172,0.9969104016477858,0.8491228070175438,0.8517543859649123,0.9171009000473708
2,29,semiregular,3,1140,869,271,831,309,38,0.7289473684210527,0.956271576524741,1.3118527042577675,0.8272772523643603
2,29,irregular,3,1539,247,1292,233,1306,14,0.15139701104613384,0.9433198380566802,6.230769230769231,0.2609182530795072
2,30,regular,1,954,997,43,953,1,44,0.9989517819706499,0.9558676028084253,0.9568706118355065,0.9769349051768325
2,30,semiregular,1,947,810,137,785,162,25,0.8289334741288279,0.9691358024691358,1.1691358024691358,0.8935685828116108
2,30,irregular,1,2382,250,2132,249,2133,1,0.10453400503778337,0.996,9.528,0.189209726443769
2,30,regular,2,970,997,27,968,2,29,0.9979381443298969,0.970912738214644,0.9729187562688064,0.9842399593289274
2,30,semiregular,2,1007,810,197,799,208,11,0.7934458788480635,0.9864197530864197,1.2432098765432098,0.8794716565767748
2,30,irregular,2,2697,250,2447,249,2448,1,0.09232480533926585,0.996,10.788,0.168985408890397
2,30,regular,3,894,997,103,893,1,104,0.9988814317673378,0.8956870611835507,0.8966900702106319,0.9444738233738762
2,30,semiregular,3,846,810,36,725,121,85,0.8569739952718676,0.8950617283950617,1.0444444444444445,0.8756038647342995
2,30,irregular,3,2303,250,2053,230,2073,20,0.09986973512809379,0.92,9.212,0.18018018018018014
3,1,regular,1,944,937,7,932,12,5,0.9872881355932204,0.9946638207043756,1.007470651013874,0.9909622541201488
3,1,semiregular,1,1098,703,395,694,404,9,0.6320582877959927,0.9871977240398293,1.561877667140825,0.7706829539144918
3,1,irregular,1,476,199,277,187,289,12,0.39285714285714285,0.9396984924623115,2.391959798994975,0.554074074074074
3,1,regular,2,988,937,51,931,57,6,0.9423076923076923,0.9935965848452508,1.0544290288153682,0.9672727272727273
3,1,semiregular,2,1183,703,480,700,483,3,0.591715976331361,0.9957325746799431,1.6827880512091038,0.7423117709437964
3,1,irregular,2,1065,199,866,199,866,0,0.18685446009389672,1.0,5.351758793969849,0.31487341772151906
3,1,regular,3,893,937,44,836,57,101,0.9361702127659575,0.8922091782283885,0.9530416221985059,0.9136612021857924
3,1,semiregular,3,1011,703,308,679,332,24,0.6716122650840751,0.9658605974395448,1.438122332859175,0.7922987164527421
3,1,irregular,3,1017,199,818,197,820,2,0.19370698131760078,0.9899497487437185,5.110552763819095,0.32401315789473684
3,2,regular,1,1202,1224,22,1193,9,31,0.9925124792013311,0.9746732026143791,0.9820261437908496,0.9835119538334707
3,2,semiregular,1,796,647,149,637,159,10,0.800251256281407,0.9845440494590417,1.230293663060278,0.8828828828828827
3,2,irregular,1,1017,217,800,188,829,29,0.1848574237954769,0.8663594470046083,4.686635944700461,0.3047001620745543
3,2,regular,2,1214,1224,10,1199,15,25,0.9876441515650741,0.9795751633986928,0.9918300653594772,0.9835931091058244
3,2,semiregular,2,824,647,177,647,177,0,0.7851941747572816,1.0,1.2735703245749614,0.8796736913664174
3,2,irregular,2,1399,217,1182,217,1182,0,0.15511079342387418,1.0,6.447004608294931,0.2685643564356435
3,2,regular,3,1126,1224,98,1114,12,110,0.9893428063943162,0.9101307189542484,0.9199346405228758,0.9480851063829786
3,2,semiregular,3,769,647,122,639,130,8,0.8309492847854356,0.9876352395672334,1.1885625965996909,0.902542372881356
3,2,irregular,3,1372,217,1155,216,1156,1,0.15743440233236153,0.9953917050691244,6.32258064516129,0.27186910006293263
3,3,regular,1,1041,1053,12,1036,5,17,0.9951969260326609,0.9838556505223172,0.9886039886039886,0.9894937917860555
3,3,semiregular,1,936,716,220,702,234,14,0.75,0.9804469273743017,1.3072625698324023,0.8498789346246974
3,3,irregular,1,945,224,721,201,744,23,0.2126984126984127,0.8973214285714286,4.21875,0.3438836612489307
3,3,regular,2,1010,1053,43,1009,1,44,0.999009900990099,0.9582146248812915,0.9591642924976258,0.9781871061560833
3,3,semiregular,2,945,716,229,705,240,11,0.746031746031746,0.9846368715083799,1.3198324022346368,0.8488862131246239
3,3,irregular,2,1281,224,1057,224,1057,0,0.17486338797814208,1.0,5.71875,0.29767441860465116
3,3,regular,3,984,1053,69,982,2,71,0.9979674796747967,0.932573599240266,0.9344729344729344,0.9641629847815415
3,3,semiregular,3,809,716,93,646,163,70,0.7985166872682324,0.9022346368715084,1.1298882681564246,0.8472131147540984
3,3,irregular,3,1286,224,1062,219,1067,5,0.1702954898911353,0.9776785714285714,5.741071428571429,0.2900662251655629
3,4,regular,1,1114,1101,13,1099,15,2,0.9865350089766607,0.9981834695731153,1.0118074477747503,0.9923250564334085
3,4,semiregular,1,828,614,214,576,252,38,0.6956521739130435,0.9381107491856677,1.3485342019543973,0.798890429958391
3,4,irregular,1,612,228,384,213,399,15,0.3480392156862745,0.9342105263157895,2.6842105263157894,0.5071428571428571
3,4,regular,2,1126,1101,25,1101,25,0,0.977797513321492,1.0,1.0227066303360581,0.9887741356084419
3,4,semiregular,2,986,614,372,614,372,0,0.6227180527383367,1.0,1.6058631921824105,0.7675
3,4,irregular,2,1467,228,1239,228,1239,0,0.1554192229038855,1.0,6.434210526315789,0.26902654867256637
3,4,regular,3,1063,1101,38,1052,11,49,0.9896519285042333,0.9554950045413261,0.9654859218891917,0.9722735674676525
3,4,semiregular,3,913,614,299,611,302,3,0.6692223439211391,0.995114006514658,1.486970684039088,0.8002619515389653
3,4,irregular,3,1433,228,1205,227,1206,1,0.1584089323098395,0.9956140350877193,6.285087719298246,0.2733293196869356
3,5,regular,1,1042,1044,2,1040,2,4,0.9980806142034548,0.9961685823754789,0.9980842911877394,0.99712368168744
3,5,semiregular,1,1062,668,394,665,397,3,0.6261770244821092,0.9955089820359282,1.589820359281437,0.76878612716763
3,5,irregular,1,1188,217,971,204,984,13,0.1717171717171717,0.9400921658986175,5.474654377880184,0.2903914590747331
3,5,regular,2,1004,1044,40,1002,2,42,0.99800796812749,0.9597701149425287,0.9616858237547893,0.978515625
3,5,semiregular,2,1087,668,419,668,419,0,0.6145354185832567,1.0,1.627245508982036,0.7612535612535613
3,5,irregular,2,1521,217,1304,217,1304,0,0.14266929651545035,1.0,7.009216589861751,0.24971231300345223
3,5,regular,3,910,1044,134,908,2,136,0.9978021978021978,0.8697318007662835,0.8716475095785441,0.9293756397134084
3,5,semiregular,3,987,668,319,638,349,30,0.646403242147923,0.9550898203592815,1.4775449101796407,0.7709969788519638
3,5,irregular,3,1575,217,1358,217,1358,0,0.13777777777777778,1.0,7.258064516129032,0.2421875
3,6,regular,1,915,915,0,905,10,10,0.9890710382513661,0.9890710382513661,1.0,0.9890710382513661
3,6,semiregular,1,828,701,127,645,183,56,0.7789855072463768,0.920114122681883,1.181169757489301,0.8436886854153042
3,6,irregular,1,842,195,647,124,718,71,0.14726840855106887,0.6358974358974359,4.317948717948718,0.2391513982642237
3,6,regular,2,970,915,55,915,55,0,0.9432989690721649,1.0,1.0601092896174864,0.9708222811671088
3,6,semiregular,2,939,701,238,684,255,17,0.7284345047923323,0.9757489300998573,1.339514978601997,0.8341463414634146
3,6,irregular,2,1442,195,1247,195,1247,0,0.13522884882108183,1.0,7.394871794871795,0.23824068417837507
3,6,regular,3,822,915,93,788,34,127,0.9586374695863747,0.8612021857923498,0.898360655737705,0.9073114565342544
3,6,semiregular,3,810,701,109,628,182,73,0.7753086419753087,0.8958630527817404,1.1554921540656204,0.8312375909993382
3,6,irregular,3,1451,195,1256,181,1270,14,0.12474155754651964,0.9282051282051282,7.441025641025641,0.21992709599027946
3,7,regular,1,1232,1230,2,1215,17,15,0.9862012987012987,0.9878048780487805,1.0016260162601627,0.9870024370430545
3,7,semiregular,1,994,761,233,725,269,36,0.7293762575452716,0.9526938239159002,1.3061760840998686,0.8262108262108262
3,7,irregular,1,1315,225,1090,167,1148,58,0.1269961977186312,0.7422222222222222,5.844444444444444,0.2168831168831169
3,7,regular,2,1238,1230,8,1217,21,13,0.9830371567043619,0.989430894308943,1.0065040650406505,0.986223662884927
3,7,semiregular,2,1155,761,394,760,395,1,0.658008658008658,0.9986859395532195,1.5177398160315374,0.7933194154488518
3,7,irregular,2,1891,225,1666,225,1666,0,0.11898466419883659,1.0,8.404444444444444,0.21266540642722118
3,7,regular,3,1138,1230,92,1128,10,102,0.9912126537785588,0.9170731707317074,0.9252032520325203,0.9527027027027027
3,7,semiregular,3,1038,761,277,736,302,25,0.7090558766859345,0.9671484888304862,1.363994743758213,0.8182323513062812
3,7,irregular,3,1886,225,1661,220,1666,5,0.11664899257688228,0.9777777777777777,8.382222222222222,0.20843202273803885
3,8,regular,1,1043,1035,8,1027,16,8,0.9846596356663471,0.9922705314009662,1.007729468599034,0.9884504331087586
3,8,semiregular,1,993,827,166,782,211,45,0.7875125881168177,0.9455864570737605,1.2007255139056832,0.8593406593406593
3,8,irregular,1,1226,243,983,192,1034,51,0.1566068515497553,0.7901234567901234,5.045267489711934,0.2614023144996596
3,8,regular,2,1015,1035,20,1006,9,29,0.9911330049261083,0.9719806763285024,0.9806763285024155,0.9814634146341463
3,8,semiregular,2,1084,827,257,819,265,8,0.7555350553505535,0.9903264812575574,1.3107617896009673,0.8571428571428571
3,8,irregular,2,2140,243,1897,241,1899,2,0.11261682242990655,0.9917695473251029,8.806584362139917,0.2022660511959715
3,8,regular,3,944,1035,91,937,7,98,0.9925847457627118,0.9053140096618357,0.9120772946859903,0.9469429004547751
3,8,semiregular,3,911,827,84,732,179,95,0.8035126234906695,0.8851269649334945,1.1015719467956469,0.8423475258918297
3,8,irregular,3,1420,243,1177,218,1202,25,0.15352112676056337,0.897119341563786,5.843621399176954,0.26217678893565843
3,9,regular,1,1108,1107,1,1102,6,5,0.9945848375451264,0.995483288166215,1.000903342366757,0.9950338600451468
3,9,semiregular,1,757,701,56,650,107,51,0.8586525759577279,0.927246790299572,1.079885877318117,0.8916323731138547
3,9,irregular,1,1047,266,781,201,846,65,0.19197707736389685,0.7556390977443609,3.93609022556391,0.3061690784463062
3,9,regular,2,1088,1107,19,1081,7,26,0.9935661764705882,0.976513098464318,0.982836495031617,0.9849658314350798
3,9,semiregular,2,808,701,107,669,139,32,0.8279702970297029,0.9543509272467903,1.152639087018545,0.8866799204771372
3,9,irregular,2,1783,266,1517,265,1518,1,0.14862591138530568,0.9962406015037594,6.703007518796992,0.25866276232308444
3,9,regular,3,996,1107,111,989,7,118,0.9929718875502008,0.8934056007226739,0.8997289972899729,0.9405611031859249
3,9,semiregular,3,706,701,5,619,87,82,0.876770538243626,0.8830242510699001,1.007132667617689,0.8798862828713575
3,9,irregular,3,1746,266,1480,245,1501,21,0.14032073310423826,0.9210526315789473,6.56390977443609,0.24353876739562624
3,10,regular,1,1034,1014,20,1008,26,6,0.9748549323017408,0.9940828402366864,1.0197238658777121,0.984375
3,10,semiregular,1,877,656,221,643,234,13,0.7331812998859749,0.9801829268292683,1.336890243902439,0.8388780169602087
3,10,irregular,1,1082,247,835,237,845,10,0.21903881700554528,0.9595141700404858,4.380566801619433,0.35665914221218964
3,10,regular,2,1069,1014,55,1013,56,1,0.9476145930776426,0.9990138067061144,1.054240631163708,0.9726356216994718
3,10,semiregular,2,919,656,263,650,269,6,0.7072905331882481,0.9908536585365854,1.4009146341463414,0.8253968253968254
3,10,irregular,2,1503,247,1256,247,1256,0,0.1643379906852961,1.0,6.08502024291498,0.28228571428571425
3,10,regular,3,958,1014,56,931,27,83,0.9718162839248434,0.9181459566074951,0.9447731755424064,0.9442190669371197
3,10,semiregular,3,799,656,143,609,190,47,0.7622027534418022,0.9283536585365854,1.2179878048780488,0.8371134020618557
3,10,irregular,3,1419,247,1172,247,1172,0,0.17406624383368569,1.0,5.744939271255061,0.29651860744297714
3,11,regular,1,1073,1070,3,1067,6,3,0.994408201304753,0.997196261682243,1.002803738317757,0.9958002799813346
3,11,semiregular,1,892,700,192,678,214,22,0.7600896860986547,0.9685714285714285,1.2742857142857142,0.8517587939698492
3,11,irregular,1,1093,239,854,211,882,28,0.19304666056724612,0.8828451882845189,4.573221757322176,0.3168168168168168
3,11,regular,2,1066,1070,4,1062,4,8,0.9962476547842402,0.9925233644859813,0.9962616822429906,0.9943820224719101
3,11,semiregular,2,975,700,275,698,277,2,0.7158974358974359,0.9971428571428571,1.3928571428571428,0.8334328358208956
3,11,irregular,2,1449,239,1210,239,1210,0,0.16494133885438234,1.0,6.062761506276151,0.283175355450237
3,11,regular,3,904,1070,166,902,2,168,0.9977876106194691,0.8429906542056075,0.8448598130841122,0.9138804457953394
3,11,semiregular,3,867,700,167,648,219,52,0.7474048442906575,0.9257142857142857,1.2385714285714287,0.8270580727504787
3,11,irregular,3,1477,239,1238,221,1256,18,0.14962762356127285,0.9246861924686193,6.179916317991632,0.25757575757575757
3,12,regular,1,1030,1007,23,1007,23,0,0.9776699029126213,1.0,1.0228401191658392,0.9887088856161022
3,12,semiregular,1,934,641,293,625,309,16,0.6691648822269807,0.9750390015600624,1.4570982839313573,0.7936507936507936
3,12,irregular,1,1140,204,936,198,942,6,0.1736842105263158,0.9705882352941176,5.588235294117647,0.29464285714285715
3,12,regular,2,1079,1007,72,1007,72,0,0.933271547729379,1.0,1.0714995034756702,0.9654841802492808
3,12,semiregular,2,1015,641,374,634,381,7,0.6246305418719211,0.9890795631825273,1.5834633385335413,0.7657004830917874
3,12,irregular,2,1533,204,1329,204,1329,0,0.13307240704500978,1.0,7.514705882352941,0.23488773747841105
3,12,regular,3,880,1007,127,876,4,131,0.9954545454545455,0.8699106256206555,0.8738828202581926,0.9284578696343403
3,12,semiregular,3,898,641,257,601,297,40,0.6692650334075724,0.9375975039001561,1.4009360374414976,0.7810266406757634
3,12,irregular,3,1535,204,1331,188,1347,16,0.12247557003257328,0.9215686274509803,7.5245098039215685,0.21621621621621617
3,13,regular,1,974,1000,26,972,2,28,0.997946611909651,0.972,0.974,0.9848024316109422
3,13,semiregular,1,983,815,168,797,186,18,0.8107833163784334,0.9779141104294479,1.2061349693251533,0.8865406006674083
3,13,irregular,1,1447,216,1231,166,1281,50,0.11472011057360056,0.7685185185185185,6.699074074074074,0.19963920625375828
3,13,regular,2,1027,1000,27,1000,27,0,0.9737098344693281,1.0,1.027,0.9866798223976319
3,13,semiregular,2,1042,815,227,811,231,4,0.7783109404990403,0.9950920245398773,1.2785276073619631,0.873451803984922
3,13,irregular,2,2142,216,1926,216,1926,0,0.10084033613445378,1.0,9.916666666666666,0.183206106870229
3,13,regular,3,933,1000,67,930,3,70,0.9967845659163987,0.93,0.933,0.9622348680807037
3,13,semiregular,3,912,815,97,744,168,71,0.8157894736842105,0.912883435582822,1.1190184049079754,0.861609727851766
3,13,irregular,3,1554,216,1338,199,1355,17,0.12805662805662807,0.9212962962962963,7.194444444444445,0.22485875706214692
3,14,regular,1,1027,1052,25,1027,0,25,1.0,0.9762357414448669,0.9762357414448669,0.9879749879749881
3,14,semiregular,1,1204,913,291,896,308,17,0.7441860465116279,0.9813800657174151,1.3187294633077766,0.8464808691544639
3,14,irregular,1,986,217,769,189,797,28,0.19168356997971603,0.8709677419354839,4.543778801843318,0.314214463840399
3,14,regular,2,1033,1052,19,1030,3,22,0.9970958373668926,0.9790874524714829,0.9819391634980988,0.9880095923261392
3,14,semiregular,2,1269,913,356,912,357,1,0.7186761229314421,0.9989047097480832,1.3899233296823659,0.8359303391384052
3,14,irregular,2,1468,217,1251,217,1251,0,0.1478201634877384,1.0,6.764976958525345,0.257566765578635
3,14,regular,3,993,1052,59,990,3,62,0.9969788519637462,0.94106463878327,0.9439163498098859,0.9682151589242053
3,14,semiregular,3,1168,913,255,884,284,29,0.7568493150684932,0.968236582694414,1.2792990142387732,0.849591542527631
3,14,irregular,3,1454,217,1237,212,1242,5,0.14580467675378267,0.9769585253456221,6.700460829493087,0.25374027528426096
3,15,regular,1,998,964,34,964,34,0,0.9659318637274549,1.0,1.0352697095435686,0.9826707441386341
3,15,semiregular,1,1002,774,228,763,239,11,0.7614770459081837,0.9857881136950905,1.2945736434108528,0.8592342342342343
3,15,irregular,1,929,218,711,191,738,27,0.20559741657696448,0.8761467889908257,4.261467889908257,0.3330427201394943
3,15,regular,2,937,964,27,934,3,30,0.9967982924226254,0.9688796680497925,0.9719917012448133,0.9826407154129405
3,15,semiregular,2,1017,774,243,765,252,9,0.7522123893805309,0.9883720930232558,1.313953488372093,0.8542713567839195
3,15,irregular,2,1518,218,1300,218,1300,0,0.14361001317523056,1.0,6.963302752293578,0.2511520737327189
3,15,regular,3,772,964,192,770,2,194,0.9974093264248705,0.7987551867219918,0.8008298755186722,0.8870967741935484
3,15,semiregular,3,891,774,117,697,194,77,0.7822671156004489,0.900516795865633,1.1511627906976745,0.8372372372372373
3,15,irregular,3,990,218,772,203,787,15,0.20505050505050504,0.9311926605504587,4.541284403669724,0.336092715231788
3,16,regular,1,1155,1109,46,1108,47,1,0.9593073593073593,0.9990982867448152,1.0414788097385033,0.9787985865724382
3,16,semiregular,1,942,681,261,669,273,12,0.7101910828025477,0.9823788546255506,1.3832599118942732,0.8243992606284657
3,16,irregular,1,1283,272,1011,257,1026,15,0.20031176929072486,0.9448529411764706,4.716911764705882,0.33054662379421224
3,16,regular,2,1128,1109,19,1109,19,0,0.9831560283687943,1.0,1.0171325518485121,0.9915064818953956
3,16,semiregular,2,968,681,287,675,293,6,0.6973140495867769,0.9911894273127754,1.42143906020558,0.8186779866585809
3,16,irregular,2,1433,272,1161,272,1161,0,0.1898115840893231,1.0,5.268382352941177,0.31906158357771264
3,16,regular,3,1061,1109,48,1052,9,57,0.9915174363807728,0.9486023444544635,0.9567177637511272,0.9695852534562212
3,16,semiregular,3,907,681,226,665,242,16,0.7331863285556781,0.9765051395007343,1.3318649045521291,0.8375314861460957
3,16,irregular,3,1090,272,818,269,821,3,0.2467889908256881,0.9889705882352942,4.007352941176471,0.395007342143906
3,17,regular,1,1075,1029,46,1029,46,0,0.9572093023255814,1.0,1.0447035957240038,0.9781368821292776
3,17,semiregular,1,1021,837,184,805,216,32,0.7884427032321254,0.961768219832736,1.2198327359617682,0.8665231431646933
3,17,irregular,1,1296,240,1056,201,1095,39,0.1550925925925926,0.8375,5.4,0.26171875
3,17,regular,2,1064,1029,35,1028,36,1,0.9661654135338346,0.9990281827016521,1.034013605442177,0.9823220258002867
3,17,semiregular,2,1073,837,236,823,250,14,0.7670083876980429,0.983273596176822,1.2819593787335724,0.8617801047120419
3,17,irregular,2,1759,240,1519,240,1519,0,0.13644115974985788,1.0,7.329166666666667,0.24012006003001501
3,17,regular,3,940,1029,89,937,3,92,0.9968085106382979,0.9105928085519922,0.9135082604470359,0.9517521584560691
3,17,semiregular,3,918,837,81,773,145,64,0.8420479302832244,0.9235364396654719,1.096774193548387,0.880911680911681
3,17,irregular,3,1749,240,1509,230,1519,10,0.13150371640937678,0.9583333333333334,7.2875,0.23127199597787834
3,18,regular,1,1094,1044,50,1044,50,0,0.9542961608775137,1.0,1.0478927203065134,0.9766136576239476
3,18,semiregular,1,1035,801,234,789,246,12,0.7623188405797101,0.9850187265917603,1.2921348314606742,0.8594771241830065
3,18,irregular,1,1253,252,1001,241,1012,11,0.1923383878691141,0.9563492063492064,4.972222222222222,0.32026578073089695
3,18,regular,2,1049,1044,5,1036,13,8,0.9876072449952336,0.9923371647509579,1.0047892720306513,0.9899665551839466
3,18,semiregular,2,1055,801,254,792,263,9,0.7507109004739336,0.9887640449438202,1.317103620474407,0.853448275862069
3,18,irregular,2,1414,252,1162,251,1163,1,0.1775106082036775,0.996031746031746,5.611111111111111,0.3013205282112845
3,18,regular,3,890,1044,154,886,4,158,0.9955056179775281,0.8486590038314177,0.8524904214559387,0.9162357807652535
3,18,semiregular,3,937,801,136,757,180,44,0.807897545357524,0.9450686641697877,1.1697877652933832,0.8711162255466053
3,18,irregular,3,1390,252,1138,250,1140,2,0.17985611510791366,0.9920634920634921,5.515873015873016,0.3045066991473812
3,19,regular,1,1076,1076,0,1071,5,5,0.9953531598513011,0.9953531598513011,1.0,0.9953531598513011
3,19,semiregular,1,907,753,154,726,181,27,0.8004410143329658,0.9641434262948207,1.204515272244356,0.8746987951807229
3,19,irregular,1,701,245,456,198,503,47,0.28245363766048504,0.8081632653061225,2.8612244897959185,0.4186046511627907
3,19,regular,2,1090,1076,14,1073,17,3,0.9844036697247707,0.9972118959107806,1.013011152416357,0.9907663896583564
3,19,semiregular,2,986,753,233,748,238,5,0.7586206896551724,0.9933598937583001,1.3094289508632138,0.8602645198389879
3,19,irregular,2,1243,245,998,245,998,0,0.19710378117457764,1.0,5.073469387755102,0.3293010752688172
3,19,regular,3,985,1076,91,983,2,93,0.9979695431472081,0.9135687732342007,0.9154275092936803,0.9539058709364385
3,19,semiregular,3,900,753,147,717,183,36,0.7966666666666666,0.952191235059761,1.1952191235059761,0.867513611615245
3,19,irregular,3,1230,245,985,242,988,3,0.1967479674796748,0.9877551020408163,5.020408163265306,0.32813559322033903
3,20,regular,1,1212,1251,39,1206,6,45,0.995049504950495,0.9640287769784173,0.9688249400479616,0.979293544457978
3,20,semiregular,1,1020,841,179,801,219,40,0.7852941176470588,0.9524375743162902,1.2128418549346016,0.8608275120902741
3,20,irregular,1,949,252,697,184,765,68,0.19388830347734456,0.7301587301587301,3.765873015873016,0.30641132389675274
3,20,regular,2,1179,1251,72,1172,7,79,0.9940627650551315,0.9368505195843325,0.9424460431654677,0.9646090534979425
3,20,semiregular,2,1196,841,355,840,356,1,0.7023411371237458,0.9988109393579072,1.422116527942925,0.8247422680412371
3,20,irregular,2,1448,252,1196,251,1197,1,0.17334254143646408,0.996031746031746,5.746031746031746,0.2952941176470588
3,20,regular,3,997,1251,254,990,7,261,0.9929789368104313,0.7913669064748201,0.7969624300559552,0.8807829181494662
3,20,semiregular,3,985,841,144,763,222,78,0.7746192893401015,0.9072532699167658,1.1712247324613556,0.8357064622124863
3,20,irregular,3,1063,252,811,213,850,39,0.20037629350893696,0.8452380952380952,4.218253968253968,0.3239543726235741
3,21,regular,1,956,920,36,919,37,1,0.9612970711297071,0.9989130434782608,1.0391304347826087,0.9797441364605544
3,21,semiregular,1,960,549,411,531,429,18,0.553125,0.9672131147540983,1.7486338797814207,0.7037773359840953
3,21,irregular,1,731,204,527,190,541,14,0.25991792065663477,0.9313725490196079,3.5833333333333335,0.40641711229946526
3,21,regular,2,919,920,1,916,3,4,0.9967355821545157,0.9956521739130435,0.9989130434782608,0.9961935834692768
3,21,semiregular,2,1013,549,464,546,467,3,0.5389930898321816,0.994535519125683,1.8451730418943533,0.6991037131882203
3,21,irregular,2,1378,204,1174,203,1175,1,0.14731494920174165,0.9950980392156863,6.754901960784314,0.25663716814159293
3,21,regular,3,841,920,79,839,2,81,0.9976218787158145,0.9119565217391304,0.9141304347826087,0.9528676888131743
3,21,semiregular,3,894,549,345,519,375,30,0.5805369127516778,0.9453551912568307,1.6284153005464481,0.7193347193347194
3,21,irregular,3,1392,204,1188,186,1206,18,0.1336206896551724,0.9117647058823529,6.823529411764706,0.23308270676691725
3,22,regular,1,994,946,48,945,49,1,0.9507042253521126,0.9989429175475687,1.0507399577167018,0.9742268041237113
3,22,semiregular,1,975,703,272,686,289,17,0.7035897435897436,0.9758179231863442,1.3869132290184922,0.8176400476758046
3,22,irregular,1,1068,247,821,226,842,21,0.21161048689138576,0.9149797570850202,4.323886639676114,0.34372623574144484
3,22,regular,2,979,946,33,946,33,0,0.9662921348314607,1.0,1.0348837209302326,0.9828571428571428
3,22,semiregular,2,1092,703,389,697,395,6,0.6382783882783882,0.9914651493598862,1.5533428165007113,0.7766016713091922
3,22,irregular,2,1538,247,1291,246,1292,1,0.1599479843953186,0.9959514170040485,6.22672064777328,0.27563025210084036
3,22,regular,3,770,946,176,751,19,195,0.9753246753246754,0.7938689217758985,0.813953488372093,0.8752913752913754
3,22,semiregular,3,945,703,242,648,297,55,0.6857142857142857,0.9217638691322901,1.3442389758179232,0.7864077669902912
3,22,irregular,3,1472,247,1225,242,1230,5,0.1644021739130435,0.979757085020243,5.959514170040486,0.28155904595695175
3,23,regular,1,1013,999,14,995,18,4,0.9822309970384995,0.995995995995996,1.014014014014014,0.989065606361829
3,23,semiregular,1,1037,835,202,797,240,38,0.7685631629701061,0.9544910179640719,1.2419161676646706,0.8514957264957265
3,23,irregular,1,997,266,731,192,805,74,0.19257773319959878,0.7218045112781954,3.7481203007518795,0.30403800475059384
3,23,regular,2,983,999,16,944,39,55,0.960325534079349,0.944944944944945,0.983983983983984,0.9525731584258326
3,23,semiregular,2,875,835,40,677,198,158,0.7737142857142857,0.8107784431137725,1.0479041916167664,0.7918128654970761
3,23,irregular,2,1583,266,1317,213,1370,53,0.13455464308275428,0.8007518796992481,5.951127819548872,0.2303948080043267
3,23,regular,3,961,999,38,919,42,80,0.9562955254942768,0.91991991991992,0.9619619619619619,0.9377551020408162
3,23,semiregular,3,1007,835,172,763,244,72,0.7576961271102284,0.9137724550898204,1.2059880239520957,0.8284473398479913
3,23,irregular,3,2105,266,1839,253,1852,13,0.12019002375296912,0.9511278195488722,7.913533834586466,0.21341206242091945
3,24,regular,1,1076,1079,3,1068,8,11,0.9925650557620818,0.989805375347544,0.9972196478220574,0.9911832946635731
3,24,semiregular,1,775,680,95,658,117,22,0.8490322580645161,0.9676470588235294,1.1397058823529411,0.90446735395189
3,24,irregular,1,1363,247,1116,201,1162,46,0.1474688187820983,0.8137651821862348,5.518218623481781,0.2496894409937888
3,24,regular,2,1075,1079,4,1065,10,14,0.9906976744186047,0.9870250231696015,0.9962928637627433,0.9888579387186629
3,24,semiregular,2,828,680,148,674,154,6,0.8140096618357487,0.9911764705882353,1.2176470588235293,0.8938992042440317
3,24,irregular,2,1905,247,1658,247,1658,0,0.12965879265091865,1.0,7.712550607287449,0.2295539033457249
3,24,regular,3,938,1079,141,931,7,148,0.9925373134328358,0.8628359592215014,0.8693234476367007,0.9231531978185424
3,24,semiregular,3,694,680,14,587,107,93,0.845821325648415,0.8632352941176471,1.0205882352941176,0.8544395924308588
3,24,irregular,3,1773,247,1526,232,1541,15,0.1308516638465877,0.9392712550607287,7.178137651821863,0.22970297029702968
3,25,regular,1,956,946,10,945,11,1,0.9884937238493724,0.9989429175475687,1.0105708245243128,0.9936908517350158
3,25,semiregular,1,950,718,232,703,247,15,0.74,0.979108635097493,1.3231197771587744,0.842925659472422
3,25,irregular,1,1767,207,1560,184,1583,23,0.1041312959818902,0.8888888888888888,8.53623188405797,0.18642350557244172
3,25,regular,2,949,946,3,945,4,1,0.9957850368809273,0.9989429175475687,1.0031712473572938,0.9973614775725594
3,25,semiregular,2,1039,718,321,712,327,6,0.685274302213667,0.9916434540389972,1.447075208913649,0.8104723961297667
3,25,irregular,2,2331,207,2124,207,2124,0,0.0888030888030888,1.0,11.26086956521739,0.1631205673758865
3,25,regular,3,924,946,22,920,4,26,0.9956709956709957,0.9725158562367865,0.9767441860465116,0.9839572192513368
3,25,semiregular,3,936,718,218,695,241,23,0.7425213675213675,0.967966573816156,1.3036211699164346,0.8403869407496978
3,25,irregular,3,2404,207,2197,203,2201,4,0.08444259567387687,0.9806763285024155,11.61352657004831,0.1554959785522788
3,26,regular,1,1022,985,37,985,37,0,0.9637964774951077,1.0,1.0375634517766497,0.981564524165421
3,26,semiregular,1,953,720,233,691,262,29,0.7250786988457503,0.9597222222222223,1.323611111111111,0.8260609683203826
3,26,irregular,1,1278,214,1064,201,1077,13,0.1572769953051643,0.9392523364485982,5.97196261682243,0.2694369973190348
3,26,regular,2,1032,985,47,984,48,1,0.9534883720930233,0.9989847715736041,1.047715736040609,0.975706494794249
3,26,semiregular,2,703,720,17,568,135,152,0.8079658605974396,0.7888888888888889,0.9763888888888889,0.7983134223471539
3,26,irregular,2,1180,214,966,177,1003,37,0.15,0.8271028037383178,5.514018691588785,0.25394548063127687
3,26,regular,3,1049,985,64,985,64,0,0.9389895138226882,1.0,1.0649746192893401,0.9685349065880039
3,26,semiregular,3,1035,720,315,706,329,14,0.6821256038647343,0.9805555555555555,1.4375,0.8045584045584045
3,26,irregular,3,1632,214,1418,213,1419,1,0.13051470588235295,0.9953271028037384,7.626168224299065,0.2307692307692308
3,27,regular,1,1146,1166,20,1141,5,25,0.9956369982547993,0.9785591766723842,0.9828473413379074,0.9870242214532873
3,27,semiregular,1,864,728,136,654,210,74,0.7569444444444444,0.8983516483516484,1.1868131868131868,0.821608040201005
3,27,irregular,1,1895,270,1625,244,1651,26,0.1287598944591029,0.9037037037037037,7.018518518518518,0.22540415704387992
3,27,regular,2,1144,1166,22,1138,6,28,0.9947552447552448,0.9759862778730704,0.9811320754716981,0.9852813852813853
3,27,semiregular,2,1033,728,305,721,312,7,0.6979670861568248,0.9903846153846154,1.418956043956044,0.8188529244747302
3,27,irregular,2,2290,270,2020,270,2020,0,0.11790393013100436,1.0,8.481481481481481,0.2109375
3,27,regular,3,1109,1166,57,1105,4,61,0.9963931469792606,0.9476843910806175,0.951114922813036,0.9714285714285715
3,27,semiregular,3,940,728,212,706,234,22,0.7510638297872341,0.9697802197802198,1.2912087912087913,0.8465227817745804
3,27,irregular,3,2137,270,1867,266,1871,4,0.12447356106691623,0.9851851851851852,7.9148148148148145,0.22102201911092645
3,28,regular,1,1085,1098,13,1076,9,22,0.9917050691244239,0.9799635701275046,0.98816029143898,0.9857993586807146
3,28,semiregular,1,1038,859,179,829,209,30,0.7986512524084779,0.9650756693830035,1.2083818393480792,0.8740115972588297
3,28,irregular,1,2215,293,1922,253,1962,40,0.11422121896162528,0.863481228668942,7.559726962457338,0.20175438596491227
3,28,regular,2,1119,1098,21,1097,22,1,0.9803395889186773,0.9990892531876139,1.0191256830601092,0.9896256202074876
3,28,semiregular,2,1123,859,264,857,266,2,0.7631344612644702,0.9976717112922002,1.3073341094295692,0.8647830474268415
3,28,irregular,2,2655,293,2362,293,2362,0,0.11035781544256121,1.0,9.061433447098976,0.1987788331071913
3,28,regular,3,1009,1098,89,993,16,105,0.9841427155599604,0.9043715846994536,0.918943533697632,0.9425723777883246
3,28,semiregular,3,1018,859,159,829,189,30,0.8143418467583498,0.9650756693830035,1.1850989522700814,0.8833244539158231
3,28,irregular,3,2679,293,2386,284,2395,9,0.10600970511384845,0.9692832764505119,9.143344709897612,0.1911170928667564
3,29,regular,1,1140,1140,0,1135,5,5,0.9956140350877193,0.9956140350877193,1.0,0.9956140350877193
3,29,semiregular,1,1299,869,430,862,437,7,0.6635873749037722,0.9919447640966629,1.4948216340621403,0.7952029520295203
3,29,irregular,1,1371,247,1124,227,1144,20,0.16557257476294676,0.9190283400809717,5.550607287449393,0.28059332509270707
3,29,regular,2,1132,1140,8,1129,3,11,0.9973498233215548,0.9903508771929824,0.9929824561403509,0.9938380281690139
3,29,semiregular,2,1350,869,481,865,485,4,0.6407407407407407,0.9953970080552359,1.5535097813578826,0.7796304641730509
3,29,irregular,2,1738,247,1491,247,1491,0,0.14211737629459148,1.0,7.036437246963563,0.24886649874055414
3,29,regular,3,1000,1140,140,997,3,143,0.997,0.874561403508772,0.8771929824561403,0.9317757009345795
3,29,semiregular,3,1192,869,323,802,390,67,0.6728187919463087,0.9228998849252014,1.3716915995397008,0.7782629791363415
3,29,irregular,3,1714,247,1467,232,1482,15,0.1353558926487748,0.9392712550607287,6.939271255060729,0.23661397246302907
3,30,regular,1,991,997,6,989,2,8,0.9979818365287588,0.9919759277833501,0.9939819458375125,0.9949698189134809
3,30,semiregular,1,963,810,153,779,184,31,0.8089304257528557,0.9617283950617284,1.1888888888888889,0.8787366046249295
3,30,irregular,1,2412,250,2162,236,2176,14,0.0978441127694859,0.944,9.648,0.17731029301277235
3,30,regular,2,973,997,24,971,2,26,0.9979445015416238,0.9739217652958877,0.9759277833500501,0.9857868020304568
3,30,semiregular,2,1025,810,215,802,223,8,0.7824390243902439,0.9901234567901235,1.2654320987654322,0.8741144414168938
3,30,irregular,2,2823,250,2573,250,2573,0,0.08855827134254339,1.0,11.292,0.16270745200130166
3,30,regular,3,903,997,94,901,2,96,0.9977851605758582,0.9037111334002006,0.905717151454363,0.9484210526315788
3,30,semiregular,3,891,810,81,731,160,79,0.8204264870931538,0.9024691358024691,1.1,0.8594944150499706
3,30,irregular,3,2856,250,2606,231,2625,19,0.08088235294117647,0.924,11.424,0.14874436574372182
4,1,regular,1,968,937,31,937,31,0,0.9679752066115702,1.0,1.033084311632871,0.9837270341207349
4,1,semiregular,1,1077,703,374,693,384,10,0.6434540389972145,0.9857752489331437,1.5320056899004268,0.7786516853932585
4,1,irregular,1,566,199,367,178,388,21,0.31448763250883394,0.8944723618090452,2.8442211055276383,0.46535947712418296
4,1,regular,2,1057,937,120,937,120,0,0.8864711447492905,1.0,1.128068303094984,0.9398194583751254
4,1,semiregular,2,1175,703,472,700,475,3,0.5957446808510638,0.9957325746799431,1.6714082503556187,0.7454739084132056
4,1,irregular,2,1056,199,857,199,857,0,0.1884469696969697,1.0,5.306532663316583,0.31713147410358566
4,1,regular,3,930,937,7,905,25,32,0.9731182795698925,0.9658484525080042,0.9925293489861259,0.9694697375468666
4,1,semiregular,3,826,703,123,639,187,64,0.7736077481840193,0.9089615931721194,1.1749644381223328,0.8358404185742315
4,1,irregular,3,581,199,382,180,401,19,0.3098106712564544,0.9045226130653267,2.919597989949749,0.4615384615384615
4,2,regular,1,1133,1224,91,1125,8,99,0.9929390997352162,0.9191176470588235,0.9256535947712419,0.9546033092914722
4,2,semiregular,1,785,647,138,637,148,10,0.8114649681528663,0.9845440494590417,1.213292117465224,0.8896648044692737
4,2,irregular,1,1017,217,800,190,827,27,0.18682399213372664,0.8755760368663594,4.686635944700461,0.3079416531604538
4,2,regular,2,1172,1224,52,1158,14,66,0.9880546075085325,0.946078431372549,0.9575163398692811,0.9666110183639399
4,2,semiregular,2,828,647,181,647,181,0,0.7814009661835749,1.0,1.2797527047913446,0.8772881355932203
4,2,irregular,2,1331,217,1114,217,1114,0,0.16303531179564237,1.0,6.1336405529953915,0.28036175710594313
4,2,regular,3,1127,1224,97,1123,4,101,0.9964507542147294,0.9174836601307189,0.920751633986928,0.9553381539770309
4,2,semiregular,3,574,647,73,539,35,108,0.9390243902439024,0.8330757341576507,0.8871715610510046,0.8828828828828829
4,2,irregular,3,781,217,564,200,581,17,0.2560819462227913,0.9216589861751152,3.5990783410138247,0.40080160320641284
4,3,regular,1,1006,1053,47,1005,1,48,0.9990059642147118,0.9544159544159544,0.9553656220322887,0.9762020398251579
4,3,semiregular,1,914,716,198,705,209,11,0.7713347921225383,0.9846368715083799,1.276536312849162,0.8650306748466258
4,3,irregular,1,931,224,707,199,732,25,0.21374865735767992,0.8883928571428571,4.15625,0.3445887445887446
4,3,regular,2,972,1053,81,971,1,82,0.9989711934156379,0.9221272554605888,0.9230769230769231,0.9590123456790124
4,3,semiregular,2,875,716,159,681,194,35,0.7782857142857142,0.9511173184357542,1.2220670391061452,0.8560653676932747
4,3,irregular,2,645,224,421,193,452,31,0.2992248062015504,0.8616071428571429,2.8794642857142856,0.44418872266973536
4,3,regular,3,958,1053,95,958,0,95,1.0,0.9097815764482431,0.9097815764482431,0.9527598209845848
4,3,semiregular,3,666,716,50,606,60,110,0.9099099099099099,0.8463687150837989,0.9301675977653632,0.8769898697539797
4,3,irregular,3,320,224,96,180,140,44,0.5625,0.8035714285714286,1.4285714285714286,0.6617647058823529
4,4,regular,1,1106,1101,5,1096,10,5,0.9909584086799277,0.9954586739327884,1.0045413260672116,0.9932034435885818
4,4,semiregular,1,893,614,279,602,291,12,0.6741321388577828,0.9804560260586319,1.4543973941368078,0.7989382879893829
4,4,irregular,1,720,228,492,208,512,20,0.28888888888888886,0.9122807017543859,3.1578947368421053,0.43881856540084385
4,4,regular,2,1108,1101,7,1094,14,7,0.9873646209386282,0.9936421435059037,1.0063578564940963,0.9904934359438661
4,4,semiregular,2,959,614,345,613,346,1,0.6392075078206465,0.998371335504886,1.5618892508143323,0.7794024157660522
4,4,irregular,2,1405,228,1177,227,1178,1,0.1615658362989324,0.9956140350877193,6.162280701754386,0.27801592161665645
4,4,regular,3,591,1101,510,590,1,511,0.9983079526226735,0.5358764759309719,0.5367847411444142,0.6973995271867613
4,4,semiregular,3,325,614,289,261,64,353,0.803076923076923,0.4250814332247557,0.5293159609120521,0.5559105431309904
4,4,irregular,3,466,228,238,77,389,151,0.16523605150214593,0.33771929824561403,2.043859649122807,0.22190201729106632
4,5,regular,1,1029,1044,15,1028,1,16,0.9990281827016521,0.9846743295019157,0.985632183908046,0.9917993246502653
4,5,semiregular,1,1052,668,384,664,388,4,0.6311787072243346,0.9940119760479041,1.5748502994011977,0.772093023255814
4,5,irregular,1,1151,217,934,188,963,29,0.1633362293657689,0.8663594470046083,5.304147465437788,0.27485380116959063
4,5,regular,2,1028,1044,16,1026,2,18,0.9980544747081712,0.9827586206896551,0.9846743295019157,0.9903474903474903
4,5,semiregular,2,1039,668,371,661,378,7,0.6361886429258903,0.9895209580838323,1.5553892215568863,0.7744581136496779
4,5,irregular,2,826,217,609,189,637,28,0.2288135593220339,0.8709677419354839,3.806451612903226,0.36241610738255037
4,5,regular,3,978,1044,66,977,1,67,0.9989775051124744,0.935823754789272,0.9367816091954023,0.966369930761622
4,5,semiregular,3,801,668,133,573,228,95,0.7153558052434457,0.8577844311377245,1.1991017964071857,0.7801225323349217
4,5,irregular,3,823,217,606,188,635,29,0.2284325637910085,0.8663594470046083,3.792626728110599,0.3615384615384616
4,6,regular,1,973,915,58,915,58,0,0.9403905447070915,1.0,1.0633879781420765,0.9692796610169492
4,6,semiregular,1,867,701,166,661,206,40,0.76239907727797,0.9429386590584878,1.2368045649072754,0.8431122448979592
4,6,irregular,1,897,195,702,122,775,73,0.13600891861761427,0.6256410256410256,4.6,0.22344322344322343
4,6,regular,2,983,915,68,914,69,1,0.9298067141403866,0.9989071038251366,1.0743169398907104,0.9631190727081138
4,6,semiregular,2,928,701,227,684,244,17,0.7370689655172413,0.9757489300998573,1.3238231098430813,0.8397790055248618
4,6,irregular,2,1289,195,1094,192,1097,3,0.14895267649340574,0.9846153846153847,6.61025641025641,0.2587601078167116
4,6,regular,3,792,915,123,787,5,128,0.9936868686868687,0.8601092896174863,0.8655737704918033,0.9220855301698888
4,6,semiregular,3,505,701,196,430,75,271,0.8514851485148515,0.6134094151212554,0.7203994293865906,0.713101160862355
4,6,irregular,3,1301,195,1106,172,1129,23,0.13220599538816294,0.882051282051282,6.671794871794872,0.22994652406417113
4,7,regular,1,1213,1230,17,1202,11,28,0.9909315746084089,0.9772357723577236,0.9861788617886179,0.9840360212853049
4,7,semiregular,1,1083,761,322,746,337,15,0.6888273314866112,0.9802890932982917,1.4231274638633378,0.8091106290672451
4,7,irregular,1,1442,225,1217,198,1244,27,0.13730929264909847,0.88,6.408888888888889,0.23755248950209953
4,7,regular,2,1228,1230,2,1210,18,20,0.9853420195439739,0.983739837398374,0.9983739837398374,0.9845402766476812
4,7,semiregular,2,1108,761,347,753,355,8,0.6796028880866426,0.9894875164257556,1.4559789750328516,0.8057784911717496
4,7,irregular,2,1822,225,1597,224,1598,1,0.12294182217343579,0.9955555555555555,8.097777777777777,0.21885686370297996
4,7,regular,3,1006,1230,224,1004,2,226,0.9980119284294234,0.816260162601626,0.8178861788617886,0.8980322003577818
4,7,semiregular,3,505,761,256,448,57,313,0.8871287128712871,0.5886990801576872,0.6636005256241787,0.707740916271722
4,7,irregular,3,703,225,478,138,565,87,0.19630156472261737,0.6133333333333333,3.1244444444444444,0.29741379310344823
4,8,regular,1,1011,1035,24,1004,7,31,0.9930761622156281,0.970048309178744,0.9768115942028985,0.9814271749755621
4,8,semiregular,1,985,827,158,769,216,58,0.7807106598984772,0.9298669891172914,1.1910519951632406,0.84878587196468
4,8,irregular,1,1298,243,1055,187,1111,56,0.1440677966101695,0.7695473251028807,5.341563786008231,0.24269954574951333
4,8,regular,2,972,1035,63,967,5,68,0.9948559670781894,0.9342995169082126,0.9391304347826087,0.9636273044344794
4,8,semiregular,2,984,827,157,787,197,40,0.7997967479674797,0.9516324062877872,1.1898428053204353,0.8691330756488129
4,8,irregular,2,1133,243,890,195,938,48,0.17210944395410416,0.8024691358024691,4.662551440329218,0.28343023255813954
4,8,regular,3,1004,1035,31,999,5,36,0.9950199203187251,0.9652173913043478,0.970048309178744,0.9798921039725356
4,8,semiregular,3,710,827,117,611,99,216,0.8605633802816901,0.7388149939540508,0.8585247883917775,0.7950553025374106
4,8,irregular,3,1714,243,1471,218,1496,25,0.12718786464410736,0.897119341563786,7.053497942386831,0.22278998467041394
4,9,regular,1,1053,1107,54,1048,5,59,0.9952516619183286,0.9467028003613369,0.9512195121951219,0.9703703703703703
4,9,semiregular,1,728,701,27,633,95,68,0.8695054945054945,0.9029957203994294,1.0385164051355207,0.8859342197340797
4,9,irregular,1,1101,266,835,209,892,57,0.18982742960944596,0.7857142857142857,4.139097744360902,0.3057790782735918
4,9,regular,2,1044,1107,63,1037,7,70,0.9932950191570882,0.9367660343270099,0.943089430894309,0.9642026964202697
4,9,semiregular,2,802,701,101,670,132,31,0.8354114713216958,0.9557774607703281,1.144079885877318,0.8915502328675982
4,9,irregular,2,1724,266,1458,265,1459,1,0.1537122969837587,0.9962406015037594,6.481203007518797,0.26633165829145733
4,9,regular,3,956,1107,151,954,2,153,0.997907949790795,0.8617886178861789,0.8635953026196929,0.924866698982065
4,9,semiregular,3,446,701,255,419,27,282,0.9394618834080718,0.5977175463623395,0.6362339514978602,0.7306015693112468
4,9,irregular,3,1018,266,752,199,819,67,0.19548133595284872,0.7481203007518797,3.827067669172932,0.3099688473520249
4,10,regular,1,1079,1014,65,1014,65,0,0.9397590361445783,1.0,1.064102564102564,0.9689440993788819
4,10,semiregular,1,883,656,227,648,235,8,0.7338618346545867,0.9878048780487805,1.3460365853658536,0.8421052631578947
4,10,irregular,1,1070,247,823,237,833,10,0.22149532710280373,0.9595141700404858,4.331983805668016,0.35990888382687924
4,10,regular,2,1121,1014,107,1014,107,0,0.9045495093666369,1.0,1.1055226824457594,0.9498829039812646
4,10,semiregular,2,932,656,276,651,281,5,0.6984978540772532,0.9923780487804879,1.420731707317073,0.8198992443324936
4,10,irregular,2,1457,247,1210,247,1210,0,0.1695264241592313,1.0,5.898785425101215,0.289906103286385
4,10,regular,3,1071,1014,57,1008,63,6,0.9411764705882353,0.9940828402366864,1.0562130177514792,0.9669064748201438
4,10,semiregular,3,744,656,88,611,133,45,0.821236559139785,0.9314024390243902,1.1341463414634145,0.8728571428571428
4,10,irregular,3,1073,247,826,233,840,14,0.21714818266542404,0.9433198380566802,4.34412955465587,0.353030303030303
4,11,regular,1,1056,1070,14,1055,1,15,0.9990530303030303,0.985981308411215,0.9869158878504672,0.9924741298212606
4,11,semiregular,1,912,700,212,685,227,15,0.7510964912280702,0.9785714285714285,1.302857142857143,0.8498759305210918
4,11,irregular,1,1119,239,880,208,911,31,0.18588025022341376,0.8702928870292888,4.682008368200837,0.3063328424153166
4,11,regular,2,924,1070,146,923,1,147,0.9989177489177489,0.8626168224299066,0.8635514018691589,0.9257773319959879
4,11,semiregular,2,863,700,163,666,197,34,0.7717265353418308,0.9514285714285714,1.2328571428571429,0.8522072936660269
4,11,irregular,2,1104,239,865,195,909,44,0.1766304347826087,0.8158995815899581,4.619246861924686,0.29039463886820555
4,11,regular,3,832,1070,238,832,0,238,1.0,0.7775700934579439,0.7775700934579439,0.8748685594111462
4,11,semiregular,3,506,700,194,459,47,241,0.9071146245059288,0.6557142857142857,0.7228571428571429,0.7611940298507464
4,11,irregular,3,764,239,525,170,594,69,0.22251308900523561,0.7112970711297071,3.196652719665272,0.3389830508474576
4,12,regular,1,1065,1007,58,1007,58,0,0.9455399061032864,1.0,1.05759682224429,0.9720077220077221
4,12,semiregular,1,942,641,301,626,316,15,0.6645435244161358,0.9765990639625585,1.469578783151326,0.7909033480732784
4,12,irregular,1,1135,204,931,186,949,18,0.16387665198237886,0.9117647058823529,5.563725490196078,0.27781926811053026
4,12,regular,2,1053,1007,46,1007,46,0,0.956315289648623,1.0,1.0456802383316783,0.9776699029126215
4,12,semiregular,2,986,641,345,628,358,13,0.6369168356997972,0.9797191887675507,1.5382215288611545,0.7719729563614013
4,12,irregular,2,1499,204,1295,203,1296,1,0.13542361574382922,0.9950980392156863,7.348039215686274,0.23840281855549034
4,12,regular,3,842,1007,165,841,1,166,0.998812351543943,0.8351539225422046,0.8361469712015889,0.9096809085992429
4,12,semiregular,3,457,641,184,365,92,276,0.7986870897155361,0.5694227769110765,0.7129485179407177,0.6648451730418944
4,12,irregular,3,1103,204,899,153,950,51,0.1387126019945603,0.75,5.4068627450980395,0.23412394797245603
4,13,regular,1,1024,1000,24,1000,24,0,0.9765625,1.0,1.024,0.9881422924901185
4,13,semiregular,1,999,815,184,798,201,17,0.7987987987987988,0.9791411042944785,1.2257668711656442,0.8798235942668137
4,13,irregular,1,1466,216,1250,172,1294,44,0.11732605729877217,0.7962962962962963,6.787037037037037,0.20451843043995244
4,13,regular,2,1032,1000,32,1000,32,0,0.9689922480620154,1.0,1.032,0.9842519685039369
4,13,semiregular,2,1023,815,208,806,217,9,0.7878787878787878,0.9889570552147239,1.2552147239263804,0.8770402611534276
4,13,irregular,2,2069,216,1853,216,1853,0,0.10439826002899952,1.0,9.578703703703704,0.18905908096280089
4,13,regular,3,994,1000,6,990,4,10,0.9959758551307847,0.99,0.994,0.9929789368104314
4,13,semiregular,3,680,815,135,576,104,239,0.8470588235294118,0.7067484662576687,0.8343558282208589,0.7705685618729098
4,13,irregular,3,1797,216,1581,175,1622,41,0.09738452977184196,0.8101851851851852,8.319444444444445,0.17386984600099356
4,14,regular,1,1003,1052,49,1002,1,50,0.9990029910269193,0.9524714828897338,0.9534220532319392,0.9751824817518248
4,14,semiregular,1,1201,913,288,897,304,16,0.7468776019983348,0.9824753559693319,1.3154435925520263,0.8486281929990539
4,14,irregular,1,927,217,710,173,754,44,0.1866235167206041,0.7972350230414746,4.271889400921659,0.30244755244755245
4,14,regular,2,1012,1052,40,1009,3,43,0.9970355731225297,0.9591254752851711,0.9619771863117871,0.9777131782945736
4,14,semiregular,2,1263,913,350,910,353,3,0.7205067300079177,0.9967141292442497,1.3833515881708653,0.8363970588235293
4,14,irregular,2,1373,217,1156,212,1161,5,0.15440640932265112,0.9769585253456221,6.3271889400921655,0.26666666666666666
4,14,regular,3,838,1052,214,838,0,214,1.0,0.7965779467680608,0.7965779467680608,0.8867724867724867
4,14,semiregular,3,541,913,372,479,62,434,0.8853974121996303,0.524644030668127,0.592552026286966,0.6588720770288858
4,14,irregular,3,1198,217,981,107,1091,110,0.08931552587646077,0.4930875576036866,5.52073732718894,0.15123674911660778
4,15,regular,1,973,964,9,963,10,1,0.9897225077081192,0.9989626556016598,1.0093360995850622,0.9943211151264842
4,15,semiregular,1,992,774,218,762,230,12,0.7681451612903226,0.9844961240310077,1.2816537467700257,0.8629671574178935
4,15,irregular,1,994,218,776,182,812,36,0.18309859154929578,0.8348623853211009,4.559633027522936,0.3003300330033003
4,15,regular,2,765,964,199,764,1,200,0.9986928104575163,0.7925311203319502,0.7935684647302904,0.8837478311162522
4,15,semiregular,2,867,774,93,684,183,90,0.7889273356401384,0.8837209302325582,1.12015503875969,0.8336380255941499
4,15,irregular,2,1424,218,1206,208,1216,10,0.14606741573033707,0.9541284403669725,6.532110091743119,0.2533495736906212
4,15,regular,3,860,964,104,858,2,106,0.9976744186046511,0.8900414937759336,0.8921161825726142,0.9407894736842104
4,15,semiregular,3,771,774,3,636,135,138,0.8249027237354085,0.8217054263565892,0.9961240310077519,0.8233009708737864
4,15,irregular,3,1323,218,1105,194,1129,24,0.14663643235071808,0.8899082568807339,6.068807339449541,0.25178455548345235
4,16,regular,1,1094,1109,15,1087,7,22,0.993601462522852,0.9801623083859333,0.9864743011722272,0.9868361325465275
4,16,semiregular,1,808,681,127,637,171,44,0.7883663366336634,0.9353891336270191,1.186490455212922,0.8556077904633983
4,16,irregular,1,1022,272,750,246,776,26,0.24070450097847357,0.9044117647058824,3.7573529411764706,0.3802163833075734
4,16,regular,2,1103,1109,6,1092,11,17,0.9900271985494107,0.9846708746618575,0.9945897204688909,0.9873417721518988
4,16,semiregular,2,867,681,186,648,219,33,0.7474048442906575,0.9515418502202643,1.2731277533039647,0.8372093023255813
4,16,irregular,2,1347,272,1075,271,1076,1,0.2011878247958426,0.9963235294117647,4.952205882352941,0.33477455219271157
4,16,regular,3,958,1109,151,955,3,154,0.9968684759916493,0.8611361587015329,0.8638412984670875,0.9240445089501694
4,16,semiregular,3,655,681,26,563,92,118,0.8595419847328244,0.8267254038179148,0.9618208516886931,0.842814371257485
4,16,irregular,3,1071,272,799,240,831,32,0.22408963585434175,0.8823529411764706,3.9375,0.3574087862993298
4,17,regular,1,1015,1029,14,1011,4,18,0.9960591133004926,0.9825072886297376,0.9863945578231292,0.9892367906066535
4,17,semiregular,1,946,837,109,785,161,52,0.8298097251585623,0.937873357228196,1.130227001194743,0.8805384183959618
4,17,irregular,1,1289,240,1049,203,1086,37,0.15748642358417378,0.8458333333333333,5.370833333333334,0.2655330281229562
4,17,regular,2,1060,1029,31,1029,31,0,0.970754716981132,1.0,1.0301263362487851,0.9851603638104355
4,17,semiregular,2,1069,837,232,824,245,13,0.7708138447146866,0.984468339307049,1.2771804062126644,0.8646379853095488
4,17,irregular,2,1684,240,1444,240,1444,0,0.14251781472684086,1.0,7.016666666666667,0.24948024948024947
4,17,regular,3,1013,1029,16,1012,1,17,0.9990128331688055,0.9834791059280855,0.9844509232264335,0.9911851126346719
4,17,semiregular,3,768,837,69,697,71,140,0.9075520833333334,0.8327359617682198,0.9175627240143369,0.8685358255451714
4,17,irregular,3,540,240,300,170,370,70,0.3148148148148148,0.7083333333333334,2.25,0.43589743589743596
4,18,regular,1,1045,1044,1,1039,6,5,0.9942583732057416,0.9952107279693486,1.0009578544061302,0.9947343226424126
4,18,semiregular,1,925,801,124,758,167,43,0.8194594594594594,0.9463171036204744,1.1548064918851435,0.8783314020857474
4,18,irregular,1,980,252,728,222,758,30,0.22653061224489796,0.8809523809523809,3.888888888888889,0.36038961038961037
4,18,regular,2,1117,1044,73,1044,73,0,0.9346463742166518,1.0,1.0699233716475096,0.966219342896807
4,18,semiregular,2,1052,801,251,790,262,11,0.7509505703422054,0.9862671660424469,1.3133583021223472,0.8526713437668646
4,18,irregular,2,1374,252,1122,252,1122,0,0.18340611353711792,1.0,5.4523809523809526,0.30996309963099633
4,18,regular,3,1036,1044,8,1033,3,11,0.997104247104247,0.9894636015325671,0.9923371647509579,0.9932692307692307
4,18,semiregular,3,851,801,50,750,101,51,0.881316098707403,0.9363295880149812,1.062421972534332,0.9079903147699757
4,18,irregular,3,701,252,449,227,474,25,0.3238231098430813,0.9007936507936508,2.7817460317460316,0.47639034627492133
4,19,regular,1,1095,1076,19,1066,29,10,0.9735159817351599,0.9907063197026023,1.0176579925650557,0.9820359281437125
4,19,semiregular,1,920,753,167,728,192,25,0.7913043478260869,0.9667994687915007,1.2217795484727756,0.8702928870292888
4,19,irregular,1,748,245,503,188,560,57,0.25133689839572193,0.7673469387755102,3.053061224489796,0.37865055387714003
4,19,regular,2,1116,1076,40,1074,42,2,0.9623655913978495,0.9981412639405205,1.037174721189591,0.9799270072992701
4,19,semiregular,2,981,753,228,746,235,7,0.7604485219164119,0.9907038512616202,1.302788844621514,0.8604382929642447
4,19,irregular,2,1222,245,977,244,978,1,0.19967266775777415,0.9959183673469387,4.987755102040817,0.332651670074983
4,19,regular,3,990,1076,86,990,0,86,1.0,0.9200743494423792,0.9200743494423792,0.9583736689254599
4,19,semiregular,3,712,753,41,651,61,102,0.9143258426966292,0.8645418326693227,0.9455511288180611,0.8887372013651877
4,19,irregular,3,441,245,196,184,257,61,0.41723356009070295,0.7510204081632653,1.8,0.5364431486880467
4,20,regular,1,1173,1251,78,1167,6,84,0.9948849104859335,0.9328537170263789,0.9376498800959233,0.9628712871287127
4,20,semiregular,1,1029,841,188,798,231,43,0.7755102040816326,0.9488703923900119,1.2235434007134365,0.853475935828877
4,20,irregular,1,977,252,725,185,792,67,0.18935516888433981,0.7341269841269841,3.876984126984127,0.3010577705451587
4,20,regular,2,1194,1251,57,1186,8,65,0.9932998324958124,0.9480415667466027,0.9544364508393285,0.9701431492842536
4,20,semiregular,2,1141,841,300,828,313,13,0.7256792287467134,0.9845422116527943,1.356718192627824,0.8355196770938446
4,20,irregular,2,1371,252,1119,249,1122,3,0.18161925601750548,0.9880952380952381,5.440476190476191,0.3068391866913124
4,20,regular,3,1044,1251,207,1039,5,212,0.9952107279693486,0.8305355715427658,0.8345323741007195,0.905446623093682
4,20,semiregular,3,810,841,31,654,156,187,0.8074074074074075,0.7776456599286563,0.9631391200951248,0.7922471229557844
4,20,irregular,3,1177,252,925,222,955,30,0.18861512319456245,0.8809523809523809,4.670634920634921,0.3107067879636109
4,21,regular,1,937,920,17,919,18,1,0.9807897545357525,0.9989130434782608,1.0184782608695653,0.9897684437264406
4,21,semiregular,1,948,549,399,541,407,8,0.570675105485232,0.9854280510018215,1.726775956284153,0.7227788911155645
4,21,irregular,1,803,204,599,171,632,33,0.2129514321295143,0.8382352941176471,3.9362745098039214,0.33962264150943394
4,21,regular,2,972,920,52,920,52,0,0.9465020576131687,1.0,1.0565217391304347,0.9725158562367865
4,21,semiregular,2,986,549,437,544,442,5,0.5517241379310345,0.9908925318761385,1.795992714025501,0.7087947882736155
4,21,irregular,2,1345,204,1141,201,1144,3,0.14944237918215614,0.9852941176470589,6.5931372549019605,0.25952227243382825
4,21,regular,3,804,920,116,804,0,116,1.0,0.8739130434782608,0.8739130434782608,0.9327146171693734
4,21,semiregular,3,456,549,93,336,120,213,0.7368421052631579,0.6120218579234973,0.8306010928961749,0.6686567164179105
4,21,irregular,3,869,204,665,130,739,74,0.14959723820483314,0.6372549019607843,4.259803921568627,0.2423112767940354
4,22,regular,1,1016,946,70,945,71,1,0.9301181102362205,0.9989429175475687,1.0739957716701902,0.963302752293578
4,22,semiregular,1,1020,703,317,687,333,16,0.6735294117647059,0.9772403982930299,1.4509246088193457,0.7974463145676146
4,22,irregular,1,1076,247,829,229,847,18,0.2128252788104089,0.9271255060728745,4.3562753036437245,0.346182917611489
4,22,regular,2,999,946,53,946,53,0,0.9469469469469469,1.0,1.0560253699788584,0.9727506426735218
4,22,semiregular,2,1075,703,372,697,378,6,0.6483720930232558,0.9914651493598862,1.5291607396870555,0.7840269966254219
4,22,irregular,2,1468,247,1221,247,1221,0,0.16825613079019072,1.0,5.94331983805668,0.2880466472303207
4,22,regular,3,859,946,87,857,2,89,0.9976717112922002,0.9059196617336153,0.9080338266384778,0.9495844875346261
4,22,semiregular,3,580,703,123,515,65,188,0.8879310344827587,0.732574679943101,0.8250355618776671,0.8028059236165238
4,22,irregular,3,1026,247,779,167,859,80,0.1627680311890838,0.6761133603238867,4.153846153846154,0.2623723487824038
4,23,regular,1,1083,999,84,998,85,1,0.9215143120960295,0.998998998998999,1.0840840840840842,0.9586935638808838
4,23,semiregular,1,1157,835,322,812,345,23,0.7018150388936906,0.9724550898203593,1.38562874251497,0.8152610441767068
4,23,irregular,1,1715,266,1449,224,1491,42,0.1306122448979592,0.8421052631578947,6.447368421052632,0.22614840989399296
4,23,regular,2,977,999,22,936,41,63,0.9580348004094166,0.9369369369369369,0.977977977977978,0.9473684210526316
4,23,semiregular,2,1172,835,337,830,342,5,0.7081911262798635,0.9940119760479041,1.4035928143712575,0.8271051320378675
4,23,irregular,2,2517,266,2251,266,2251,0,0.10568136670639651,1.0,9.462406015037594,0.1911606180380884
4,23,regular,3,967,999,32,963,4,36,0.9958634953464323,0.963963963963964,0.9679679679679679,0.9796541200406919
4,23,semiregular,3,864,835,29,670,194,165,0.7754629629629629,0.8023952095808383,1.0347305389221557,0.7886992348440259
4,23,irregular,3,1894,266,1628,248,1646,18,0.13093980992608237,0.9323308270676691,7.120300751879699,0.22962962962962966
4,24,regular,1,1049,1079,30,1040,9,39,0.9914204003813155,0.963855421686747,0.9721964782205746,0.9774436090225564
4,24,semiregular,1,775,680,95,654,121,26,0.8438709677419355,0.961764705882353,1.1397058823529411,0.8989690721649485
4,24,irregular,1,1345,247,1098,192,1153,55,0.14275092936802974,0.7773279352226721,5.445344129554656,0.2412060301507538
4,24,regular,2,1027,1079,52,1018,9,61,0.991236611489776,0.943466172381835,0.9518072289156626,0.9667616334283001
4,24,semiregular,2,812,680,132,669,143,11,0.8238916256157636,0.9838235294117647,1.1941176470588235,0.8967828418230563
4,24,irregular,2,1815,247,1568,247,1568,0,0.13608815426997245,1.0,7.348178137651822,0.23957322987390886
4,24,regular,3,829,1079,250,829,0,250,1.0,0.768303985171455,0.768303985171455,0.8689727463312369
4,24,semiregular,3,441,680,239,418,23,262,0.9478458049886621,0.6147058823529412,0.6485294117647059,0.7457627118644068
4,24,irregular,3,149,247,98,136,13,111,0.912751677852349,0.5506072874493927,0.6032388663967612,0.6868686868686869
4,25,regular,1,923,946,23,920,3,26,0.9967497291440953,0.9725158562367865,0.9756871035940803,0.9844836811128946
4,25,semiregular,1,953,718,235,703,250,15,0.7376705141657922,0.979108635097493,1.3272980501392757,0.841412327947337
4,25,irregular,1,1701,207,1494,174,1527,33,0.10229276895943562,0.8405797101449275,8.217391304347826,0.18238993710691823
4,25,regular,2,926,946,20,922,4,24,0.9956803455723542,0.9746300211416491,0.9788583509513742,0.9850427350427351
4,25,semiregular,2,977,718,259,706,271,12,0.7226202661207779,0.9832869080779945,1.360724233983287,0.8330383480825959
4,25,irregular,2,1949,207,1742,180,1769,27,0.09235505387378143,0.8695652173913043,9.415458937198068,0.16697588126159554
4,25,regular,3,877,946,69,875,2,71,0.9977194982896237,0.9249471458773785,0.927061310782241,0.9599561162918266
4,25,semiregular,3,772,718,54,645,127,73,0.8354922279792746,0.8983286908077994,1.075208913649025,0.8657718120805368
4,25,irregular,3,670,207,463,119,551,88,0.17761194029850746,0.5748792270531401,3.236714975845411,0.27137970353477764
4,26,regular,1,1139,985,154,985,154,0,0.8647936786654961,1.0,1.1563451776649747,0.9274952919020716
4,26,semiregular,1,1016,720,296,702,314,18,0.6909448818897638,0.975,1.4111111111111112,0.8087557603686636
4,26,irregular,1,1305,214,1091,198,1107,16,0.15172413793103448,0.9252336448598131,6.098130841121495,0.260697827518104
4,26,regular,2,1188,985,203,985,203,0,0.8291245791245792,1.0,1.2060913705583756,0.9065807639208467
4,26,semiregular,2,1042,720,322,708,334,12,0.6794625719769674,0.9833333333333333,1.4472222222222222,0.8036322360953463
4,26,irregular,2,1593,214,1379,210,1383,4,0.1318267419962335,0.9813084112149533,7.44392523364486,0.23242944106253458
4,26,regular,3,284,985,701,283,1,702,0.9964788732394366,0.28730964467005077,0.2883248730964467,0.4460204885736801
4,26,semiregular,3,180,720,540,156,24,564,0.8666666666666667,0.21666666666666667,0.25,0.3466666666666666
4,26,irregular,3,592,214,378,79,513,135,0.13344594594594594,0.3691588785046729,2.7663551401869158,0.19602977667493798
4,27,regular,1,1102,1166,64,1098,4,68,0.9963702359346642,0.9416809605488851,0.9451114922813036,0.9682539682539683
4,27,semiregular,1,929,728,201,695,234,33,0.7481162540365985,0.9546703296703297,1.276098901098901,0.8388654194327098
4,27,irregular,1,1867,270,1597,244,1623,26,0.13069094804499196,0.9037037037037037,6.9148148148148145,0.22835751052877862
4,27,regular,2,1133,1166,33,1126,7,40,0.9938217122683142,0.9656946826758147,0.9716981132075472,0.9795563288386255
4,27,semiregular,2,1003,728,275,720,283,8,0.7178464606181456,0.989010989010989,1.3777472527472527,0.8318890814558059
4,27,irregular,2,2186,270,1916,268,1918,2,0.12259835315645014,0.9925925925925926,8.096296296296297,0.21824104234527686
4,27,regular,3,1068,1166,98,1065,3,101,0.9971910112359551,0.9133790737564322,0.9159519725557461,0.9534467323187109
4,27,semiregular,3,780,728,52,626,154,102,0.8025641025641026,0.8598901098901099,1.0714285714285714,0.830238726790451
4,27,irregular,3,1773,270,1503,249,1524,21,0.1404399323181049,0.9222222222222223,6.566666666666666,0.2437591776798825
4,28,regular,1,1075,1098,23,1066,9,32,0.9916279069767442,0.970856102003643,0.9790528233151184,0.9811320754716981
4,28,semiregular,1,1044,859,185,841,203,18,0.8055555555555556,0.9790454016298021,1.2153667054714785,0.883867577509196
4,28,irregular,1,2226,293,1933,270,1956,23,0.12129380053908356,0.9215017064846417,7.597269624573379,0.2143707820563716
4,28,regular,2,1076,1098,22,1059,17,39,0.9842007434944238,0.9644808743169399,0.9799635701275046,0.9742410303587856
4,28,semiregular,2,1083,859,224,851,232,8,0.7857802400738689,0.9906868451688009,1.260768335273574,0.8764160659114316
4,28,irregular,2,1419,293,1126,276,1143,17,0.1945031712473573,0.9419795221843004,4.843003412969283,0.3224299065420561
4,28,regular,3,1000,1098,98,987,13,111,0.987,0.8989071038251366,0.9107468123861566,0.9408960915157293
4,28,semiregular,3,864,859,5,743,121,116,0.8599537037037037,0.8649592549476135,1.0058207217694994,0.8624492164828788
4,28,irregular,3,1741,293,1448,260,1481,33,0.14933946008041354,0.8873720136518771,5.9419795221843,0.255653883972468
4,29,regular,1,1100,1140,40,1099,1,41,0.9990909090909091,0.9640350877192982,0.9649122807017544,0.98125
4,29,semiregular,1,1286,869,417,860,426,9,0.6687402799377916,0.9896432681242808,1.479861910241657,0.7981438515081207
4,29,irregular,1,1384,247,1137,230,1154,17,0.16618497109826588,0.9311740890688259,5.603238866396761,0.2820355610055181
4,29,regular,2,1114,1140,26,1111,3,29,0.9973070017953322,0.974561403508772,0.9771929824561404,0.9858030168589175
4,29,semiregular,2,1338,869,469,863,475,6,0.6449925261584455,0.9930955120828538,1.5397008055235903,0.782057091073856
4,29,irregular,2,1690,247,1443,246,1444,1,0.1455621301775148,0.9959514170040485,6.842105263157895,0.25400103252452244
4,29,regular,3,712,1140,428,712,0,428,1.0,0.624561403508772,0.624561403508772,0.7688984881209503
4,29,semiregular,3,619,869,250,533,86,336,0.8610662358642972,0.6133486766398158,0.7123130034522439,0.7163978494623656
4,29,irregular,3,1314,247,1067,148,1166,99,0.1126331811263318,0.5991902834008097,5.319838056680162,0.18962203715566944
4,30,regular,1,976,997,21,974,2,23,0.9979508196721312,0.9769307923771314,0.9789368104312939,0.9873289406994425
4,30,semiregular,1,966,810,156,784,182,26,0.8115942028985508,0.9679012345679012,1.1925925925925926,0.8828828828828829
4,30,irregular,1,1897,250,1647,233,1664,17,0.12282551396942541,0.932,7.588,0.21704704238472292
4,30,regular,2,990,997,7,987,3,10,0.996969696969697,0.9899699097291875,0.9929789368104313,0.9934574735782586
4,30,semiregular,2,1030,810,220,803,227,7,0.7796116504854369,0.991358024691358,1.271604938271605,0.8728260869565218
4,30,irregular,2,2719,250,2469,249,2470,1,0.09157778595071718,0.996,10.876,0.16773324351633548
4,30,regular,3,909,997,88,908,1,89,0.9988998899889989,0.9107321965897693,0.9117352056168505,0.9527806925498427
4,30,semiregular,3,646,810,164,606,40,204,0.9380804953560371,0.7481481481481481,0.7975308641975308,0.8324175824175823
4,30,irregular,3,2522,250,2272,199,2323,51,0.0789056304520222,0.796,10.088,0.14357864357864358
5,1,regular,1,937,937,0,927,10,10,0.9893276414087513,0.9893276414087513,1.0,0.9893276414087513
5,1,semiregular,1,1052,703,349,695,357,8,0.6606463878326996,0.9886201991465149,1.496443812233286,0.7920227920227919
5,1,irregular,1,741,199,542,169,572,30,0.22807017543859648,0.8492462311557789,3.7236180904522613,0.35957446808510635
5,1,regular,2,1036,937,99,937,99,0,0.9044401544401545,1.0,1.1056563500533618,0.9498226051697921
5,1,semiregular,2,1168,703,465,700,468,3,0.5993150684931506,0.9957325746799431,1.6614509246088194,0.7482629609834313
5,1,irregular,2,1034,199,835,199,835,0,0.19245647969052224,1.0,5.1959798994974875,0.32278994322789945
5,1,regular,3,942,937,5,894,48,43,0.9490445859872612,0.9541088580576307,1.0053361792956244,0.9515699840340607
5,1,semiregular,3,996,703,293,677,319,26,0.679718875502008,0.9630156472261735,1.4167852062588904,0.7969393761035903
5,1,irregular,3,907,199,708,199,708,0,0.21940463065049615,1.0,4.557788944723618,0.35985533453887886
5,2,regular,1,1123,1224,101,1115,8,109,0.9928762243989314,0.9109477124183006,0.9174836601307189,0.9501491265445249
5,2,semiregular,1,750,647,103,627,123,20,0.836,0.9690880989180835,1.1591962905718702,0.8976377952755904
5,2,irregular,1,1088,217,871,191,897,26,0.17555147058823528,0.880184331797235,5.013824884792626,0.2927203065134099
5,2,regular,2,1172,1224,52,1158,14,66,0.9880546075085325,0.946078431372549,0.9575163398692811,0.9666110183639399
5,2,semiregular,2,853,647,206,647,206,0,0.7584994138335287,1.0,1.3183925811437402,0.8626666666666666
5,2,irregular,2,1345,217,1128,217,1128,0,0.1613382899628253,1.0,6.1981566820276495,0.2778489116517286
5,2,regular,3,1101,1224,123,1091,10,133,0.9909173478655767,0.8913398692810458,0.8995098039215687,0.938494623655914
5,2,semiregular,3,724,647,77,624,100,23,0.861878453038674,0.964451313755796,1.1190108191653787,0.9102844638949672
5,2,irregular,3,1200,217,983,213,987,4,0.1775,0.9815668202764977,5.529953917050691,0.30063514467184194
5,3,regular,1,971,1053,82,970,1,83,0.9989701338825953,0.9211775878442545,0.9221272554605888,0.958498023715415
5,3,semiregular,1,884,716,168,692,192,24,0.7828054298642534,0.9664804469273743,1.23463687150838,0.865
5,3,irregular,1,1118,224,894,210,908,14,0.18783542039355994,0.9375,4.991071428571429,0.3129657228017884
5,3,regular,2,938,1053,115,937,1,116,0.9989339019189766,0.8898385565052231,0.8907882241215574,0.9412355600200903
5,3,semiregular,2,856,716,140,624,232,92,0.7289719626168224,0.8715083798882681,1.1955307262569832,0.7938931297709924
5,3,irregular,2,6974,224,6750,181,6793,43,0.02595354172641239,0.8080357142857143,31.133928571428573,0.05029174770769658
5,3,regular,3,944,1053,109,943,1,110,0.9989406779661016,0.8955365622032289,0.8964862298195632,0.9444166249374061
5,3,semiregular,3,791,716,75,652,139,64,0.8242730720606827,0.9106145251396648,1.1047486033519553,0.8652952886529529
5,3,irregular,3,1097,224,873,216,881,8,0.19690063810391978,0.9642857142857143,4.897321428571429,0.3270249810749432
5,4,regular,1,1103,1101,2,1093,10,8,0.9909338168631007,0.9927338782924614,1.0018165304268847,0.9918330308529946
5,4,semiregular,1,854,614,240,583,271,31,0.6826697892271663,0.9495114006514658,1.3908794788273615,0.7942779291553133
5,4,irregular,1,977,228,749,203,774,25,0.20777891504605936,0.8903508771929824,4.285087719298246,0.3369294605809129
5,4,regular,2,1135,1101,34,1101,34,0,0.9700440528634361,1.0,1.030881017257039,0.98479427549195
5,4,semiregular,2,999,614,385,614,385,0,0.6146146146146146,1.0,1.6270358306188926,0.7613143211407315
5,4,irregular,2,1410,228,1182,228,1182,0,0.16170212765957448,1.0,6.184210526315789,0.2783882783882784
5,4,regular,3,560,1101,541,551,9,550,0.9839285714285714,0.5004541326067211,0.508628519527702,0.6634557495484648
5,4,semiregular,3,775,614,161,549,226,65,0.7083870967741935,0.8941368078175895,1.262214983713355,0.7904967602591794
5,4,irregular,3,1208,228,980,209,999,19,0.17301324503311258,0.9166666666666666,5.298245614035087,0.29108635097493035
5,5,regular,1,1010,1044,34,1009,1,35,0.999009900990099,0.9664750957854407,0.9674329501915708,0.9824732229795522
5,5,semiregular,1,1024,668,356,661,363,7,0.6455078125,0.9895209580838323,1.532934131736527,0.7813238770685579
5,5,irregular,1,1139,217,922,210,929,7,0.18437225636523266,0.967741935483871,5.248847926267281,0.3097345132743363
5,5,regular,2,988,1044,56,985,3,59,0.9969635627530364,0.9434865900383141,0.946360153256705,0.969488188976378
5,5,semiregular,2,1119,668,451,644,475,24,0.5755138516532619,0.9640718562874252,1.6751497005988023,0.7207610520425294
5,5,irregular,2,6144,217,5927,135,6009,82,0.02197265625,0.6221198156682027,28.31336405529954,0.04244615626473825
5,5,regular,3,982,1044,62,980,2,64,0.9979633401221996,0.9386973180076629,0.9406130268199234,0.9674234945705824
5,5,semiregular,3,982,668,314,659,323,9,0.6710794297352343,0.9865269461077845,1.470059880239521,0.7987878787878788
5,5,irregular,3,1373,217,1156,217,1156,0,0.15804806991988346,1.0,6.3271889400921655,0.2729559748427673
5,6,regular,1,939,915,24,911,28,4,0.9701810436634718,0.9956284153005465,1.0262295081967212,0.982740021574973
5,6,semiregular,1,818,701,117,655,163,46,0.8007334963325183,0.9343794579172611,1.1669044222539229,0.8624094799210006
5,6,irregular,1,1279,195,1084,184,1095,11,0.14386239249413604,0.9435897435897436,6.558974358974359,0.2496607869742198
5,6,regular,2,951,915,36,912,39,3,0.9589905362776026,0.9967213114754099,1.039344262295082,0.977491961414791
5,6,semiregular,2,977,701,276,682,295,19,0.6980552712384852,0.9728958630527818,1.3937232524964336,0.8128724672228843
5,6,irregular,2,1143,195,948,166,977,29,0.1452318460192476,0.8512820512820513,5.861538461538461,0.24813153961136025
5,6,regular,3,858,915,57,830,28,85,0.9673659673659674,0.907103825136612,0.9377049180327869,0.9362662154540327
5,6,semiregular,3,806,701,105,640,166,61,0.794044665012407,0.912981455064194,1.1497860199714693,0.8493696084936961
5,6,irregular,3,1281,195,1086,189,1092,6,0.14754098360655737,0.9692307692307692,6.569230769230769,0.25609756097560976
5,7,regular,1,1225,1230,5,1210,15,20,0.9877551020408163,0.983739837398374,0.9959349593495935,0.9857433808553971
5,7,semiregular,1,1012,761,251,731,281,30,0.7223320158102767,0.9605781865965834,1.3298291721419184,0.8245910885504794
5,7,irregular,1,2996,225,2771,174,2822,51,0.05807743658210948,0.7733333333333333,13.315555555555555,0.10804098106178206
5,7,regular,2,1148,1230,82,1139,9,91,0.9921602787456446,0.9260162601626016,0.9333333333333333,0.9579478553406223
5,7,semiregular,2,1175,761,414,740,435,21,0.6297872340425532,0.9724047306176085,1.5440210249671484,0.7644628099173554
5,7,irregular,2,1779,225,1554,223,1556,2,0.1253513209668353,0.9911111111111112,7.906666666666666,0.22255489021956087
5,7,regular,3,1119,1230,111,1111,8,119,0.9928507596067918,0.9032520325203252,0.9097560975609756,0.9459344401873138
5,7,semiregular,3,1001,761,240,745,256,16,0.7442557442557443,0.9789750328515112,1.3153745072273324,0.8456299659477866
5,7,irregular,3,1621,225,1396,224,1397,1,0.13818630475015423,0.9955555555555555,7.204444444444444,0.24268689057421453
5,8,regular,1,971,1035,64,964,7,71,0.9927909371781668,0.9314009661835749,0.9381642512077295,0.9611166500498505
5,8,semiregular,1,1005,827,178,763,242,64,0.7592039800995025,0.9226118500604595,1.215235792019347,0.8329694323144106
5,8,irregular,1,1527,243,1284,201,1326,42,0.13163064833005894,0.8271604938271605,6.283950617283951,0.2271186440677966
5,8,regular,2,252,1035,783,223,29,812,0.8849206349206349,0.21545893719806763,0.24347826086956523,0.3465423465423466
5,8,semiregular,2,508,827,319,387,121,440,0.7618110236220472,0.46795646916565903,0.6142684401451027,0.5797752808988764
5,8,irregular,2,368,243,125,41,327,202,0.11141304347826086,0.16872427983539096,1.51440329218107,0.1342062193126023
5,8,regular,3,981,1035,54,974,7,61,0.9928644240570846,0.9410628019323671,0.9478260869565217,0.9662698412698413
5,8,semiregular,3,930,827,103,755,175,72,0.8118279569892473,0.9129383313180169,1.124546553808948,0.8594194649971543
5,8,irregular,3,1655,243,1412,225,1430,18,0.13595166163141995,0.9259259259259259,6.810699588477366,0.23709167544783982
5,9,regular,1,1023,1107,84,1018,5,89,0.9951124144672532,0.919602529358627,0.924119241192412,0.955868544600939
5,9,semiregular,1,739,701,38,644,95,57,0.871447902571042,0.9186875891583453,1.0542082738944365,0.8944444444444445
5,9,irregular,1,1219,266,953,236,983,30,0.19360131255127153,0.8872180451127819,4.582706766917293,0.3178451178451178
5,9,regular,2,1010,1107,97,1004,6,103,0.994059405940594,0.9069557362240289,0.912375790424571,0.9485120453471896
5,9,semiregular,2,778,701,77,663,115,38,0.8521850899742931,0.9457917261055635,1.109843081312411,0.896551724137931
5,9,irregular,2,1687,266,1421,264,1423,2,0.15649081209247184,0.9924812030075187,6.342105263157895,0.2703533026113671
5,9,regular,3,905,1107,202,900,5,207,0.994475138121547,0.8130081300813008,0.8175248419150858,0.8946322067594433
5,9,semiregular,3,621,701,80,541,80,160,0.8711755233494364,0.7717546362339515,0.8858773181169758,0.8184568835098336
5,9,irregular,3,1515,266,1249,239,1276,27,0.15775577557755777,0.8984962406015038,5.695488721804511,0.26838854576080856
5,10,regular,1,1021,1014,7,997,24,17,0.9764936336924583,0.9832347140039448,1.0069033530571991,0.9798525798525799
5,10,semiregular,1,838,656,182,640,198,16,0.7637231503579952,0.975609756097561,1.2774390243902438,0.856760374832664
5,10,irregular,1,1324,247,1077,244,1080,3,0.18429003021148035,0.9878542510121457,5.3603238866396765,0.31063017186505415
5,10,regular,2,1125,1014,111,1014,111,0,0.9013333333333333,1.0,1.1094674556213018,0.9481065918653576
5,10,semiregular,2,949,656,293,652,297,4,0.6870389884088515,0.9939024390243902,1.4466463414634145,0.8124610591900311
5,10,irregular,2,1544,247,1297,247,1297,0,0.15997409326424872,1.0,6.251012145748988,0.2758235622557231
5,10,regular,3,1048,1014,34,1009,39,5,0.9627862595419847,0.995069033530572,1.0335305719921104,0.9786614936954413
5,10,semiregular,3,718,656,62,584,134,72,0.8133704735376045,0.8902439024390244,1.0945121951219512,0.8500727802037846
5,10,irregular,3,1308,247,1061,244,1064,3,0.18654434250764526,0.9878542510121457,5.295546558704453,0.31382636655948554
5,11,regular,1,1025,1070,45,1024,1,46,0.9990243902439024,0.9570093457943926,0.9579439252336449,0.9775656324582339
5,11,semiregular,1,877,700,177,686,191,14,0.7822120866590649,0.98,1.252857142857143,0.8700063411540899
5,11,irregular,1,1156,239,917,201,955,38,0.17387543252595156,0.8410041841004184,4.836820083682008,0.28817204301075267
5,11,regular,2,1279,1070,209,803,476,267,0.6278342455043002,0.7504672897196262,1.1953271028037382,0.6836951894423159
5,11,semiregular,2,1027,700,327,482,545,218,0.46932814021421615,0.6885714285714286,1.467142857142857,0.5581933989577301
5,11,irregular,2,3789,239,3550,196,3593,43,0.05172868830826075,0.8200836820083682,15.853556485355648,0.09731876861966236
5,11,regular,3,971,1070,99,969,2,101,0.9979402677651905,0.905607476635514,0.9074766355140187,0.9495345418912298
5,11,semiregular,3,864,700,164,675,189,25,0.78125,0.9642857142857143,1.2342857142857142,0.8631713554987211
5,11,irregular,3,1272,239,1033,225,1047,14,0.17688679245283018,0.9414225941422594,5.322175732217573,0.29781601588352086
5,12,regular,1,1029,1007,22,1007,22,0,0.9786200194363459,1.0,1.0218470705064548,0.9891944990176817
5,12,semiregular,1,898,641,257,619,279,22,0.6893095768374164,0.9656786271450858,1.4009360374414976,0.8044184535412605
5,12,irregular,1,1251,204,1047,201,1050,3,0.1606714628297362,0.9852941176470589,6.132352941176471,0.27628865979381445
5,12,regular,2,1046,1007,39,1007,39,0,0.9627151051625239,1.0,1.038728897715988,0.9810034096444229
5,12,semiregular,2,1039,641,398,632,407,9,0.6082771896053898,0.9859594383775351,1.6209048361934477,0.7523809523809525
5,12,irregular,2,1358,204,1154,204,1154,0,0.15022091310751104,1.0,6.6568627450980395,0.2612035851472471
5,12,regular,3,928,1007,79,926,2,81,0.9978448275862069,0.9195630585898709,0.9215491559086395,0.9571059431524548
5,12,semiregular,3,887,641,246,603,284,38,0.6798196166854565,0.9407176287051482,1.3837753510140405,0.7892670157068061
5,12,irregular,3,1344,204,1140,192,1152,12,0.14285714285714285,0.9411764705882353,6.588235294117647,0.24806201550387597
5,13,regular,1,986,1000,14,981,5,19,0.9949290060851927,0.981,0.986,0.987915407854985
5,13,semiregular,1,978,815,163,791,187,24,0.8087934560327198,0.9705521472392638,1.2,0.8823201338538761
5,13,irregular,1,1494,216,1278,188,1306,28,0.12583668005354753,0.8703703703703703,6.916666666666667,0.21988304093567254
5,13,regular,2,1030,1000,30,1000,30,0,0.970873786407767,1.0,1.03,0.9852216748768473
5,13,semiregular,2,1114,815,299,803,311,12,0.7208258527827648,0.9852760736196319,1.3668711656441719,0.8325557283566615
5,13,irregular,2,1976,216,1760,213,1763,3,0.10779352226720648,0.9861111111111112,9.148148148148149,0.19434306569343068
5,13,regular,3,958,1000,42,956,2,44,0.9979123173277662,0.956,0.958,0.9765066394279878
5,13,semiregular,3,912,815,97,751,161,64,0.8234649122807017,0.9214723926380368,1.1190184049079754,0.8697162709901564
5,13,irregular,3,1786,216,1570,205,1581,11,0.11478163493840986,0.9490740740740741,8.268518518518519,0.20479520479520483
5,14,regular,1,1005,1052,47,1004,1,48,0.9990049751243781,0.9543726235741445,0.9553231939163498,0.9761789013125912
5,14,semiregular,1,1164,913,251,888,276,25,0.7628865979381443,0.9726177437020811,1.2749178532311063,0.8550794415021666
5,14,irregular,1,1254,217,1037,189,1065,28,0.1507177033492823,0.8709677419354839,5.778801843317972,0.25696804894629505
5,14,regular,2,1002,1052,50,997,5,55,0.9950099800399201,0.9477186311787072,0.9524714828897338,0.9707887049659201
5,14,semiregular,2,1220,913,307,904,316,9,0.740983606557377,0.9901423877327492,1.3362541073384446,0.8476324425691515
5,14,irregular,2,988,217,771,152,836,65,0.15384615384615385,0.7004608294930875,4.552995391705069,0.25228215767634854
5,14,regular,3,719,1052,333,715,4,337,0.9944367176634215,0.6796577946768061,0.6834600760456274,0.8074534161490683
5,14,semiregular,3,1056,913,143,819,237,94,0.7755681818181818,0.8970427163198248,1.1566265060240963,0.8318943626206197
5,14,irregular,3,1204,217,987,109,1095,108,0.09053156146179402,0.5023041474654378,5.548387096774194,0.1534130893736805
5,15,regular,1,932,964,32,929,3,35,0.9967811158798283,0.9636929460580913,0.966804979253112,0.979957805907173
5,15,semiregular,1,963,774,189,757,206,17,0.7860851505711319,0.9780361757105943,1.244186046511628,0.8716177317213586
5,15,irregular,1,1338,218,1120,211,1127,7,0.1576980568011958,0.9678899082568807,6.137614678899083,0.2712082262210797
5,15,regular,2,312,964,652,306,6,658,0.9807692307692307,0.31742738589211617,0.3236514522821577,0.47962382445141066
5,15,semiregular,2,1164,774,390,605,559,169,0.5197594501718213,0.7816537467700259,1.503875968992248,0.6243550051599588
5,15,irregular,2,1341,218,1123,168,1173,50,0.12527964205816555,0.7706422018348624,6.151376146788991,0.2155227710070558
5,15,regular,3,802,964,162,801,1,163,0.9987531172069826,0.8309128630705395,0.8319502074688797,0.9071347678369196
5,15,semiregular,3,910,774,136,735,175,39,0.8076923076923077,0.9496124031007752,1.1757105943152455,0.8729216152019003
5,15,irregular,3,1183,218,965,216,967,2,0.18258664412510567,0.9908256880733946,5.426605504587156,0.3083511777301927
5,16,regular,1,1076,1109,33,1068,8,41,0.9925650557620818,0.9630297565374211,0.9702434625788999,0.9775743707093821
5,16,semiregular,1,959,681,278,668,291,13,0.6965589155370178,0.9809104258443465,1.408223201174743,0.8146341463414635
5,16,irregular,1,2642,272,2370,250,2392,22,0.09462528387585163,0.9191176470588235,9.713235294117647,0.17158544955387786
5,16,regular,2,1047,1109,62,1044,3,65,0.997134670487106,0.9413886384129847,0.9440937781785392,0.9684601113172542
5,16,semiregular,2,1281,681,600,615,666,66,0.48009367681498827,0.9030837004405287,1.881057268722467,0.6269113149847094
5,16,irregular,2,1454,272,1182,260,1194,12,0.17881705639614856,0.9558823529411765,5.345588235294118,0.30127462340672073
5,16,regular,3,1079,1109,30,1071,8,38,0.9925857275254866,0.9657348963029756,0.9729486023444545,0.9789762340036562
5,16,semiregular,3,932,681,251,670,262,11,0.7188841201716738,0.9838472834067548,1.368575624082232,0.8307501549907006
5,16,irregular,3,1239,272,967,272,967,0,0.2195318805488297,1.0,4.555147058823529,0.3600264725347452
5,17,regular,1,1014,1029,15,1011,3,18,0.9970414201183432,0.9825072886297376,0.9854227405247813,0.9897209985315712
5,17,semiregular,1,984,837,147,794,190,43,0.806910569105691,0.948626045400239,1.1756272401433692,0.8720483250961012
5,17,irregular,1,2526,240,2286,211,2315,29,0.08353127474267617,0.8791666666666667,10.525,0.15256688358640638
5,17,regular,2,1020,1029,9,1010,10,19,0.9901960784313726,0.9815354713313897,0.9912536443148688,0.9858467545143973
5,17,semiregular,2,974,837,137,802,172,35,0.8234086242299795,0.9581839904420549,1.1636798088410991,0.8856985091109885
5,17,irregular,2,706,240,466,221,485,19,0.3130311614730878,0.9208333333333333,2.941666666666667,0.46723044397463004
5,17,regular,3,994,1029,35,992,2,37,0.9979879275653923,0.9640427599611273,0.9659863945578231,0.9807217004448839
5,17,semiregular,3,925,837,88,784,141,53,0.8475675675675676,0.9366786140979689,1.1051373954599761,0.8898978433598184
5,17,irregular,3,1519,240,1279,236,1283,4,0.1553653719552337,0.9833333333333333,6.329166666666667,0.26833428084138716
5,18,regular,1,1020,1044,24,1018,2,26,0.9980392156862745,0.975095785440613,0.9770114942528736,0.9864341085271318
5,18,semiregular,1,965,801,164,775,190,26,0.8031088082901554,0.9675405742821473,1.2047440699126093,0.8776896942242355
5,18,irregular,1,3073,252,2821,234,2839,18,0.07614708753660918,0.9285714285714286,12.194444444444445,0.1407518796992481
5,18,regular,2,1067,1044,23,1042,25,2,0.9765698219306467,0.9980842911877394,1.0220306513409962,0.9872098531501657
5,18,semiregular,2,992,801,191,777,215,24,0.7832661290322581,0.9700374531835206,1.2384519350811485,0.8667038482989404
5,18,irregular,2,1287,252,1035,246,1041,6,0.19114219114219114,0.9761904761904762,5.107142857142857,0.31968810916179335
5,18,regular,3,1007,1044,37,1005,2,39,0.9980139026812314,0.9626436781609196,0.9645593869731801,0.9800097513408094
5,18,semiregular,3,918,801,117,765,153,36,0.8333333333333334,0.9550561797752809,1.146067415730337,0.8900523560209425
5,18,irregular,3,1214,252,962,252,962,0,0.20757825370675453,1.0,4.817460317460317,0.34379263301500684
5,19,regular,1,1018,1076,58,1016,2,60,0.9980353634577603,0.9442379182156134,0.9460966542750929,0.9703915950334289
5,19,semiregular,1,883,753,130,726,157,27,0.8221970554926388,0.9641434262948207,1.1726427622841966,0.8875305623471883
5,19,irregular,1,1019,245,774,228,791,17,0.2237487733071639,0.9306122448979591,4.159183673469387,0.3607594936708861
5,19,regular,2,1084,1076,8,1074,10,2,0.9907749077490775,0.9981412639405205,1.0074349442379182,0.9944444444444445
5,19,semiregular,2,1000,753,247,744,256,9,0.744,0.9880478087649402,1.3280212483399734,0.8488305761551627
5,19,irregular,2,1176,245,931,244,932,1,0.20748299319727892,0.9959183673469387,4.8,0.34342012667135824
5,19,regular,3,1018,1076,58,1016,2,60,0.9980353634577603,0.9442379182156134,0.9460966542750929,0.9703915950334289
5,19,semiregular,3,857,753,104,709,148,44,0.8273045507584598,0.9415670650730412,1.1381142098273573,0.8807453416149068
5,19,irregular,3,1069,245,824,240,829,5,0.2245088868101029,0.9795918367346939,4.363265306122449,0.36529680365296807
5,20,regular,1,1160,1251,91,1156,4,95,0.996551724137931,0.9240607513988809,0.9272581934452439,0.9589381999170469
5,20,semiregular,1,990,841,149,789,201,52,0.796969696969697,0.9381688466111772,1.1771700356718193,0.861824139814309
5,20,irregular,1,939,252,687,178,761,74,0.18956336528221512,0.7063492063492064,3.7261904761904763,0.2989084802686817
5,20,regular,2,1171,1251,80,1164,7,87,0.9940222032450897,0.9304556354916067,0.9360511590727418,0.9611890999174235
5,20,semiregular,2,1145,841,304,830,315,11,0.7248908296943232,0.9869203329369798,1.361474435196195,0.8358509566968781
5,20,irregular,2,1412,252,1160,249,1163,3,0.1763456090651558,0.9880952380952381,5.603174603174603,0.29927884615384615
5,20,regular,3,1013,1251,238,1008,5,243,0.9950641658440277,0.8057553956834532,0.8097521982414069,0.8904593639575972
5,20,semiregular,3,983,841,142,772,211,69,0.785350966429298,0.9179548156956004,1.16884661117717,0.8464912280701755
5,20,irregular,3,1089,252,837,225,864,27,0.2066115702479339,0.8928571428571429,4.321428571428571,0.3355704697986577
5,21,regular,1,908,920,12,906,2,14,0.9977973568281938,0.9847826086956522,0.9869565217391304,0.9912472647702406
5,21,semiregular,1,909,549,360,530,379,19,0.583058305830583,0.9653916211293261,1.6557377049180328,0.7270233196159123
5,21,irregular,1,1088,204,884,201,887,3,0.18474264705882354,0.9852941176470589,5.333333333333333,0.3111455108359133
5,21,regular,2,953,920,33,920,33,0,0.9653725078698846,1.0,1.0358695652173913,0.9823812066203951
5,21,semiregular,2,1009,549,460,545,464,4,0.5401387512388504,0.9927140255009107,1.837887067395264,0.6996148908857509
5,21,irregular,2,1242,204,1038,204,1038,0,0.1642512077294686,1.0,6.088235294117647,0.2821576763485477
5,21,regular,3,813,920,107,804,9,116,0.988929889298893,0.8739130434782608,0.883695652173913,0.927870744373918
5,21,semiregular,3,873,549,324,538,335,11,0.6162657502863689,0.9799635701275046,1.5901639344262295,0.7566807313642757
5,21,irregular,3,1215,204,1011,198,1017,6,0.16296296296296298,0.9705882352941176,5.955882352941177,0.27906976744186046
5,22,regular,1,972,946,26,944,28,2,0.9711934156378601,0.9978858350951374,1.0274841437632136,0.9843587069864442
5,22,semiregular,1,936,703,233,670,266,33,0.7158119658119658,0.9530583214793741,1.3314366998577525,0.8175716900549116
5,22,irregular,1,1172,247,925,230,942,17,0.1962457337883959,0.9311740890688259,4.744939271255061,0.3241719520789288
5,22,regular,2,989,946,43,946,43,0,0.9565217391304348,1.0,1.0454545454545454,0.9777777777777777
5,22,semiregular,2,1083,703,380,698,385,5,0.644506001846722,0.9928876244665719,1.5405405405405406,0.7816349384098544
5,22,irregular,2,1457,247,1210,247,1210,0,0.1695264241592313,1.0,5.898785425101215,0.289906103286385
5,22,regular,3,929,946,17,913,16,33,0.9827771797631862,0.9651162790697675,0.9820295983086681,0.9738666666666668
5,22,semiregular,3,962,703,259,692,270,11,0.7193347193347194,0.984352773826458,1.368421052631579,0.8312312312312312
5,22,irregular,3,1293,247,1046,247,1046,0,0.19102861562258314,1.0,5.234817813765182,0.3207792207792208
5,23,regular,1,979,999,20,969,10,30,0.9897854954034729,0.96996996996997,0.97997997997998,0.9797775530839232
5,23,semiregular,1,1030,835,195,791,239,44,0.7679611650485437,0.9473053892215569,1.2335329341317365,0.8482573726541556
5,23,irregular,1,1523,266,1257,198,1325,68,0.13000656598818122,0.7443609022556391,5.725563909774436,0.22135271101173842
5,23,regular,2,865,999,134,815,50,184,0.9421965317919075,0.8158158158158159,0.8658658658658659,0.8744635193133047
5,23,semiregular,2,359,835,476,295,64,540,0.8217270194986073,0.3532934131736527,0.429940119760479,0.49413735343383586
5,23,irregular,2,1549,266,1283,216,1333,50,0.1394448030987734,0.8120300751879699,5.823308270676692,0.23801652892561984
5,23,regular,3,972,999,27,938,34,61,0.9650205761316872,0.938938938938939,0.972972972972973,0.9518011161846779
5,23,semiregular,3,1214,835,379,777,437,58,0.6400329489291599,0.9305389221556887,1.4538922155688623,0.7584187408491948
5,23,irregular,3,1962,266,1696,261,1701,5,0.13302752293577982,0.981203007518797,7.37593984962406,0.23429084380610415
5,24,regular,1,1030,1079,49,1023,7,56,0.9932038834951457,0.9481000926784059,0.9545875810936052,0.9701280227596017
5,24,semiregular,1,755,680,75,651,104,29,0.8622516556291391,0.9573529411764706,1.1102941176470589,0.9073170731707317
5,24,irregular,1,1475,247,1228,204,1271,43,0.13830508474576272,0.8259109311740891,5.97165991902834,0.2369337979094077
5,24,regular,2,985,1079,94,976,9,103,0.9908629441624366,0.9045412418906394,0.9128822984244671,0.945736434108527
5,24,semiregular,2,779,680,99,655,124,25,0.8408215661103979,0.9632352941176471,1.1455882352941176,0.8978752570253599
5,24,irregular,2,1832,247,1585,246,1586,1,0.13427947598253276,0.9959514170040485,7.417004048582996,0.23665223665223667
5,24,regular,3,929,1079,150,922,7,157,0.9924650161463939,0.8544949026876738,0.860982391102873,0.9183266932270917
5,24,semiregular,3,723,680,43,628,95,52,0.8686030428769018,0.9235294117647059,1.063235294117647,0.895224518888097
5,24,irregular,3,1513,247,1266,236,1277,11,0.15598149372108394,0.9554655870445344,6.125506072874494,0.26818181818181824
5,25,regular,1,887,946,59,885,2,61,0.9977452085682075,0.9355179704016914,0.9376321353065539,0.9656301145662848
5,25,semiregular,1,920,718,202,698,222,20,0.758695652173913,0.9721448467966574,1.2813370473537604,0.8522588522588521
5,25,irregular,1,1819,207,1612,191,1628,16,0.10500274876305662,0.9227053140096618,8.78743961352657,0.1885488647581441
5,25,regular,2,884,946,62,881,3,65,0.996606334841629,0.9312896405919662,0.9344608879492601,0.9628415300546448
5,25,semiregular,2,778,718,60,533,245,185,0.6850899742930592,0.7423398328690808,1.083565459610028,0.7125668449197861
5,25,irregular,2,32,207,175,4,28,203,0.125,0.01932367149758454,0.15458937198067632,0.03347280334728033
5,25,regular,3,926,946,20,924,2,22,0.9978401727861771,0.9767441860465116,0.9788583509513742,0.9871794871794872
5,25,semiregular,3,892,718,174,694,198,24,0.7780269058295964,0.9665738161559888,1.2423398328690807,0.8621118012422361
5,25,irregular,3,2029,207,1822,204,1825,3,0.10054213898472154,0.9855072463768116,9.801932367149758,0.18246869409660108
5,26,regular,1,1116,985,131,985,131,0,0.8826164874551972,1.0,1.132994923857868,0.9376487386958592
5,26,semiregular,1,974,720,254,699,275,21,0.7176591375770021,0.9708333333333333,1.3527777777777779,0.8252656434474617
5,26,irregular,1,1412,214,1198,210,1202,4,0.14872521246458922,0.9813084112149533,6.598130841121495,0.25830258302583026
5,26,regular,2,1103,985,118,985,118,0,0.8930190389845875,1.0,1.1197969543147208,0.9434865900383143
5,26,semiregular,2,965,720,245,691,274,29,0.7160621761658031,0.9597222222222223,1.3402777777777777,0.8201780415430268
5,26,irregular,2,1617,214,1403,214,1403,0,0.13234384662956092,1.0,7.55607476635514,0.23375204806116875
5,26,regular,3,665,985,320,656,9,329,0.9864661654135338,0.665989847715736,0.6751269035532995,0.7951515151515152
5,26,semiregular,3,856,720,136,578,278,142,0.6752336448598131,0.8027777777777778,1.1888888888888889,0.733502538071066
5,26,irregular,3,1391,214,1177,195,1196,19,0.14018691588785046,0.9112149532710281,6.5,0.24299065420560748
5,27,regular,1,1056,1166,110,1053,3,113,0.9971590909090909,0.9030874785591767,0.9056603773584906,0.9477947794779478
5,27,semiregular,1,835,728,107,636,199,92,0.7616766467065869,0.8736263736263736,1.146978021978022,0.8138195777351247
5,27,irregular,1,1704,270,1434,254,1450,16,0.14906103286384975,0.9407407407407408,6.311111111111111,0.2573454913880445
5,27,regular,2,1124,1166,42,1119,5,47,0.9955516014234875,0.9596912521440824,0.9639794168096055,0.977292576419214
5,27,semiregular,2,1001,728,273,719,282,9,0.7182817182817183,0.9876373626373627,1.375,0.8316946211683054
5,27,irregular,2,2059,270,1789,256,1803,14,0.12433220009713453,0.9481481481481482,7.625925925925926,0.21983683984542723
5,27,regular,3,1067,1166,99,1063,4,103,0.9962511715089035,0.9116638078902229,0.9150943396226415,0.9520824003582623
5,27,semiregular,3,912,728,184,703,209,25,0.7708333333333334,0.9656593406593407,1.2527472527472527,0.8573170731707317
5,27,irregular,3,1954,270,1684,270,1684,0,0.13817809621289662,1.0,7.237037037037037,0.24280575539568344
5,28,regular,1,1030,1098,68,1017,13,81,0.987378640776699,0.9262295081967213,0.9380692167577414,0.955827067669173
5,28,semiregular,1,996,859,137,818,178,41,0.821285140562249,0.9522700814901047,1.1594877764842841,0.8819407008086253
5,28,irregular,1,1592,293,1299,245,1347,48,0.15389447236180903,0.8361774744027304,5.433447098976109,0.259946949602122
5,28,regular,2,1026,1098,72,1012,14,86,0.98635477582846,0.9216757741347905,0.9344262295081968,0.9529190207156307
5,28,semiregular,2,1041,859,182,826,215,33,0.7934678194044188,0.9615832363213038,1.2118742724097789,0.8694736842105263
5,28,irregular,2,1284,293,991,254,1030,39,0.19781931464174454,0.8668941979522184,4.382252559726963,0.3221306277742549
5,28,regular,3,868,1098,230,854,14,244,0.9838709677419355,0.7777777777777778,0.7905282331511839,0.868769074262462
5,28,semiregular,3,975,859,116,806,169,53,0.8266666666666667,0.9383003492433062,1.1350407450523865,0.8789531079607416
5,28,irregular,3,2315,293,2022,285,2030,8,0.12311015118790497,0.9726962457337884,7.901023890784983,0.21855828220858897
5,29,regular,1,1084,1140,56,1083,1,57,0.9990774907749077,0.95,0.9508771929824561,0.9739208633093523
5,29,semiregular,1,1268,869,399,862,406,7,0.6798107255520505,0.9919447640966629,1.4591484464902187,0.8067384183434723
5,29,irregular,1,1252,247,1005,217,1035,30,0.1733226837060703,0.8785425101214575,5.068825910931174,0.2895263509006004
5,29,regular,2,1103,1140,37,1074,29,66,0.9737080689029919,0.9421052631578948,0.9675438596491228,0.9576460098082925
5,29,semiregular,2,1361,869,492,859,502,10,0.6311535635562087,0.9884925201380897,1.566168009205984,0.7704035874439462
5,29,irregular,2,1612,247,1365,246,1366,1,0.15260545905707196,0.9959514170040485,6.526315789473684,0.26465841850457233
5,29,regular,3,946,1140,194,945,1,195,0.9989429175475687,0.8289473684210527,0.8298245614035088,0.9060402684563759
5,29,semiregular,3,1193,869,324,853,340,16,0.7150041911148366,0.9815880322209436,1.3728423475258917,0.8273520853540253
5,29,irregular,3,1468,247,1221,245,1223,2,0.16689373297002724,0.9919028340080972,5.94331983805668,0.2857142857142857
5,30,regular,1,935,997,62,934,1,63,0.9989304812834224,0.9368104312938816,0.9378134403209629,0.9668737060041409
5,30,semiregular,1,945,810,135,780,165,30,0.8253968253968254,0.9629629629629629,1.1666666666666667,0.8888888888888888
5,30,irregular,1,2201,250,1951,208,1993,42,0.09450249886415266,0.832,8.804,0.1697266421868625
5,30,regular,2,990,997,7,987,3,10,0.996969696969697,0.9899699097291875,0.9929789368104313,0.9934574735782586
5,30,semiregular,2,1047,810,237,804,243,6,0.7679083094555874,0.9925925925925926,1.2925925925925925,0.8659127625201939
5,30,irregular,2,2272,250,2022,247,2025,3,0.10871478873239436,0.988,9.088,0.1958762886597938
5,30,regular,3,902,997,95,901,1,96,0.9988913525498891,0.9037111334002006,0.9047141424272819,0.9489204844655081
5,30,semiregular,3,929,810,119,779,150,31,0.8385360602798708,0.9617283950617284,1.1469135802469135,0.8959171937895343
5,30,irregular,3,2440,250,2190,212,2228,38,0.08688524590163935,0.848,9.76,0.15762081784386617
