Test fold number,Subject,Gait,Sensor,Predicted,Actual,Difference,TP,FP,FN,PPV,Sensitivity,RCA,SDA
1,1,regular,1,983,937,46,937,46,0,0.953204476093591,1.0,1.0490928495197438,0.9760416666666666
1,1,semiregular,1,710,703,7,610,100,93,0.8591549295774648,0.8677098150782361,1.0099573257467995,0.8634111818825194
1,1,irregular,1,175,199,24,121,54,78,0.6914285714285714,0.6080402010050251,0.8793969849246231,0.6470588235294118
1,1,regular,2,1038,937,101,936,102,1,0.9017341040462428,0.9989327641408752,1.1077908217716115,0.9478481012658228
1,1,semiregular,2,756,703,53,656,100,47,0.8677248677248677,0.9331436699857752,1.0753911806543386,0.8992460589444824
1,1,irregular,2,195,199,4,167,28,32,0.8564102564102564,0.8391959798994975,0.9798994974874372,0.8477157360406092
1,1,regular,3,960,937,23,936,24,1,0.975,0.9989327641408752,1.024546424759872,0.9868212967843966
1,1,semiregular,3,691,703,12,633,58,70,0.9160636758321273,0.9004267425320057,0.9829302987197724,0.9081779053084648
1,1,irregular,3,189,199,10,169,20,30,0.8941798941798942,0.8492462311557789,0.949748743718593,0.8711340206185567
1,2,regular,1,1193,1224,31,1182,11,42,0.9907795473595976,0.9656862745098039,0.9746732026143791,0.9780719900703352
1,2,semiregular,1,524,647,123,496,28,151,0.9465648854961832,0.7666151468315301,0.8098918083462133,0.8471391972672929
1,2,irregular,1,193,217,24,91,102,126,0.47150259067357514,0.41935483870967744,0.8894009216589862,0.44390243902439025
1,2,regular,2,1171,1224,53,1160,11,64,0.9906063193851409,0.9477124183006536,0.9566993464052288,0.9686847599164927
1,2,semiregular,2,636,647,11,600,36,47,0.9433962264150944,0.9273570324574961,0.9829984544049459,0.9353078721745908
1,2,irregular,2,221,217,4,181,40,36,0.8190045248868778,0.8341013824884793,1.0184331797235022,0.8264840182648403
1,2,regular,3,1204,1224,20,1200,4,24,0.9966777408637874,0.9803921568627451,0.9836601307189542,0.9884678747940692
1,2,semiregular,3,616,647,31,595,21,52,0.9659090909090909,0.919629057187017,0.9520865533230294,0.9422011084718923
1,2,irregular,3,244,217,27,200,44,17,0.819672131147541,0.9216589861751152,1.1244239631336406,0.8676789587852495
1,3,regular,1,1022,1053,31,1022,0,31,1.0,0.9705603038936372,0.9705603038936372,0.9850602409638555
1,3,semiregular,1,657,716,59,612,45,104,0.9315068493150684,0.8547486033519553,0.9175977653631285,0.8914785142024763
1,3,irregular,1,209,224,15,121,88,103,0.5789473684210527,0.5401785714285714,0.9330357142857143,0.5588914549653579
1,3,regular,2,1007,1053,46,1006,1,47,0.9990069513406157,0.9553656220322887,0.956315289648623,0.9766990291262135
1,3,semiregular,2,722,716,6,659,63,57,0.9127423822714681,0.9203910614525139,1.0083798882681565,0.9165507649513212
1,3,irregular,2,217,224,7,189,28,35,0.8709677419354839,0.84375,0.96875,0.8571428571428571
1,3,regular,3,1023,1053,30,1023,0,30,1.0,0.9715099715099715,0.9715099715099715,0.9855491329479769
1,3,semiregular,3,677,716,39,642,35,74,0.948301329394387,0.8966480446927374,0.9455307262569832,0.9217516152189519
1,3,irregular,3,285,224,61,196,89,28,0.6877192982456141,0.875,1.2723214285714286,0.7701375245579568
1,4,regular,1,1126,1101,25,1101,25,0,0.977797513321492,1.0,1.0227066303360581,0.9887741356084419
1,4,semiregular,1,638,614,24,524,114,90,0.8213166144200627,0.8534201954397395,1.0390879478827362,0.8370607028753994
1,4,irregular,1,209,228,19,123,86,105,0.5885167464114832,0.5394736842105263,0.9166666666666666,0.562929061784897
1,4,regular,2,1094,1101,7,1085,9,16,0.9917733089579525,0.9854677565849228,0.9936421435059037,0.9886104783599088
1,4,semiregular,2,653,614,39,579,74,35,0.886676875957121,0.9429967426710097,1.0635179153094463,0.9139700078926598
1,4,irregular,2,240,228,12,197,43,31,0.8208333333333333,0.8640350877192983,1.0526315789473684,0.8418803418803418
1,4,regular,3,1121,1101,20,1101,20,0,0.9821587867975022,1.0,1.0181653042688465,0.9909990999099909
1,4,semiregular,3,595,614,19,545,50,69,0.9159663865546218,0.8876221498371335,0.9690553745928339,0.901571546732837
1,4,irregular,3,296,228,68,203,93,25,0.6858108108108109,0.8903508771929824,1.2982456140350878,0.7748091603053434
1,5,regular,1,1028,1044,16,1028,0,16,1.0,0.9846743295019157,0.9846743295019157,0.9922779922779923
1,5,semiregular,1,705,668,37,601,104,67,0.8524822695035461,0.8997005988023952,1.0553892215568863,0.875455207574654
1,5,irregular,1,197,217,20,119,78,98,0.6040609137055838,0.5483870967741935,0.9078341013824884,0.5748792270531401
1,5,regular,2,1030,1044,14,1030,0,14,1.0,0.9865900383141762,0.9865900383141762,0.9932497589199614
1,5,semiregular,2,797,668,129,655,142,13,0.821831869510665,0.9805389221556886,1.1931137724550898,0.89419795221843
1,5,irregular,2,231,217,14,187,44,30,0.8095238095238095,0.8617511520737328,1.064516129032258,0.8348214285714286
1,5,regular,3,1045,1044,1,1042,3,2,0.9971291866028709,0.9980842911877394,1.0009578544061302,0.9976065102920058
1,5,semiregular,3,698,668,30,638,60,30,0.9140401146131805,0.9550898203592815,1.0449101796407185,0.9341142020497804
1,5,irregular,3,220,217,3,178,42,39,0.8090909090909091,0.8202764976958525,1.0138248847926268,0.8146453089244851
1,6,regular,1,960,915,45,915,45,0,0.953125,1.0,1.0491803278688525,0.976
1,6,semiregular,1,671,701,30,611,60,90,0.910581222056632,0.8716119828815977,0.9572039942938659,0.8906705539358601
1,6,irregular,1,160,195,35,81,79,114,0.50625,0.4153846153846154,0.8205128205128205,0.4563380281690141
1,6,regular,2,966,915,51,915,51,0,0.9472049689440993,1.0,1.0557377049180328,0.9728867623604466
1,6,semiregular,2,764,701,63,677,87,24,0.8861256544502618,0.9657631954350927,1.0898716119828815,0.9242320819112628
1,6,irregular,2,232,195,37,119,113,76,0.5129310344827587,0.6102564102564103,1.1897435897435897,0.5573770491803279
1,6,regular,3,948,915,33,915,33,0,0.9651898734177216,1.0,1.0360655737704918,0.9822866344605475
1,6,semiregular,3,702,701,1,661,41,40,0.9415954415954416,0.9429386590584878,1.0014265335235377,0.9422665716322166
1,6,irregular,3,233,195,38,170,63,25,0.7296137339055794,0.8717948717948718,1.1948717948717948,0.7943925233644858
1,7,regular,1,1219,1230,11,1207,12,23,0.9901558654634947,0.9813008130081301,0.9910569105691057,0.9857084524295632
1,7,semiregular,1,793,761,32,650,143,111,0.819672131147541,0.8541392904073587,1.0420499342969776,0.8365508365508366
1,7,irregular,1,208,225,17,83,125,142,0.39903846153846156,0.3688888888888889,0.9244444444444444,0.3833718244803695
1,7,regular,2,1238,1230,8,1221,17,9,0.9862681744749596,0.9926829268292683,1.0065040650406505,0.9894651539708265
1,7,semiregular,2,773,761,12,693,80,68,0.8965071151358344,0.9106438896189225,1.0157687253613665,0.9035202086049544
1,7,irregular,2,215,225,10,174,41,51,0.8093023255813954,0.7733333333333333,0.9555555555555556,0.7909090909090908
1,7,regular,3,1239,1230,9,1226,13,4,0.9895076674737692,0.9967479674796748,1.0073170731707317,0.9931146213041716
1,7,semiregular,3,751,761,10,682,69,79,0.9081225033288948,0.8961892247043364,0.9868593955321945,0.902116402116402
1,7,irregular,3,319,225,94,200,119,25,0.6269592476489029,0.8888888888888888,1.4177777777777778,0.7352941176470588
1,8,regular,1,1059,1035,24,1034,25,1,0.9763928234183191,0.9990338164251208,1.0231884057971015,0.9875835721107927
1,8,semiregular,1,789,827,38,708,81,119,0.8973384030418251,0.8561064087061668,0.9540507859733979,0.8762376237623762
1,8,irregular,1,230,243,13,112,118,131,0.48695652173913045,0.4609053497942387,0.9465020576131687,0.4735729386892178
1,8,regular,2,1022,1035,13,1014,8,21,0.9921722113502935,0.9797101449275363,0.9874396135265701,0.9859017987360233
1,8,semiregular,2,815,827,12,747,68,80,0.9165644171779141,0.9032648125755743,0.9854897218863361,0.909866017052375
1,8,irregular,2,239,243,4,183,56,60,0.7656903765690377,0.7530864197530864,0.9835390946502057,0.7593360995850623
1,8,regular,3,1034,1035,1,1028,6,7,0.9941972920696325,0.9932367149758454,0.9990338164251208,0.9937167713871435
1,8,semiregular,3,815,827,12,762,53,65,0.9349693251533743,0.9214026602176542,0.9854897218863361,0.928136419001218
1,8,irregular,3,246,243,3,203,43,40,0.8252032520325203,0.8353909465020576,1.0123456790123457,0.8302658486707566
1,9,regular,1,1097,1107,10,1092,5,15,0.9954421148587056,0.986449864498645,0.99096657633243,0.9909255898366606
1,9,semiregular,1,574,701,127,543,31,158,0.945993031358885,0.7746077032810271,0.818830242510699,0.851764705882353
1,9,irregular,1,247,266,19,107,140,159,0.4331983805668016,0.40225563909774437,0.9285714285714286,0.41715399610136455
1,9,regular,2,1071,1107,36,1066,5,41,0.9953314659197012,0.9629629629629629,0.967479674796748,0.9788797061524335
1,9,semiregular,2,623,701,78,596,27,105,0.956661316211878,0.8502139800285307,0.8887303851640513,0.9003021148036253
1,9,irregular,2,241,266,25,208,33,58,0.8630705394190872,0.7819548872180451,0.9060150375939849,0.8205128205128205
1,9,regular,3,1069,1107,38,1067,2,40,0.9981290926099158,0.96386630532972,0.9656729900632339,0.9806985294117646
1,9,semiregular,3,642,701,59,627,15,74,0.9766355140186916,0.8944365192582026,0.9158345221112696,0.9337304542069993
1,9,irregular,3,280,266,14,217,63,49,0.775,0.8157894736842105,1.0526315789473684,0.7948717948717949
1,10,regular,1,1056,1014,42,1010,46,4,0.9564393939393939,0.9960552268244576,1.0414201183431953,0.9758454106280193
1,10,semiregular,1,635,656,21,595,40,61,0.937007874015748,0.9070121951219512,0.9679878048780488,0.9217660728117739
1,10,irregular,1,199,247,48,150,49,97,0.7537688442211056,0.6072874493927125,0.805668016194332,0.6726457399103138
1,10,regular,2,1042,1014,28,1011,31,3,0.9702495201535508,0.9970414201183432,1.0276134122287968,0.9834630350194552
1,10,semiregular,2,680,656,24,623,57,33,0.9161764705882353,0.9496951219512195,1.0365853658536586,0.9326347305389222
1,10,irregular,2,233,247,14,196,37,51,0.8412017167381974,0.7935222672064778,0.9433198380566802,0.8166666666666667
1,10,regular,3,1051,1014,37,1013,38,1,0.9638439581351094,0.9990138067061144,1.0364891518737673,0.9811138014527845
1,10,semiregular,3,642,656,14,615,27,41,0.9579439252336449,0.9375,0.9786585365853658,0.9476117103235747
1,10,irregular,3,233,247,14,200,33,47,0.8583690987124464,0.8097165991902834,0.9433198380566802,0.8333333333333333
1,11,regular,1,1091,1070,21,1070,21,0,0.9807516040329972,1.0,1.019626168224299,0.990282276723739
1,11,semiregular,1,734,700,34,635,99,65,0.8651226158038147,0.9071428571428571,1.0485714285714285,0.8856345885634589
1,11,irregular,1,210,239,29,132,78,107,0.6285714285714286,0.5523012552301255,0.8786610878661087,0.5879732739420936
1,11,regular,2,1062,1070,8,1061,1,9,0.9990583804143126,0.991588785046729,0.9925233644859813,0.9953095684803002
1,11,semiregular,2,729,700,29,651,78,49,0.8930041152263375,0.93,1.0414285714285714,0.9111266620013997
1,11,irregular,2,213,239,26,182,31,57,0.8544600938967136,0.7615062761506276,0.891213389121339,0.8053097345132744
1,11,regular,3,1062,1070,8,1062,0,8,1.0,0.9925233644859813,0.9925233644859813,0.9962476547842403
1,11,semiregular,3,665,700,35,624,41,76,0.9383458646616541,0.8914285714285715,0.95,0.9142857142857141
1,11,irregular,3,296,239,57,197,99,42,0.6655405405405406,0.8242677824267782,1.2384937238493723,0.7364485981308412
1,12,regular,1,1029,1007,22,1007,22,0,0.9786200194363459,1.0,1.0218470705064548,0.9891944990176817
1,12,semiregular,1,714,641,73,600,114,41,0.8403361344537815,0.9360374414976599,1.1138845553822152,0.8856088560885609
1,12,irregular,1,226,204,22,147,79,57,0.6504424778761062,0.7205882352941176,1.107843137254902,0.6837209302325581
1,12,regular,2,1033,1007,26,1007,26,0,0.9748305905130688,1.0,1.0258192651439921,0.9872549019607844
1,12,semiregular,2,729,641,88,608,121,33,0.8340192043895748,0.9485179407176287,1.1372854914196568,0.8875912408759123
1,12,irregular,2,258,204,54,191,67,13,0.7403100775193798,0.9362745098039216,1.2647058823529411,0.8268398268398268
1,12,regular,3,1033,1007,26,1007,26,0,0.9748305905130688,1.0,1.0258192651439921,0.9872549019607844
1,12,semiregular,3,645,641,4,588,57,53,0.9116279069767442,0.9173166926677067,1.0062402496099845,0.9144634525660964
1,12,irregular,3,286,204,82,192,94,12,0.6713286713286714,0.9411764705882353,1.4019607843137254,0.7836734693877551
1,13,regular,1,990,1000,10,987,3,13,0.996969696969697,0.987,0.99,0.9919597989949748
1,13,semiregular,1,830,815,15,762,68,53,0.9180722891566265,0.9349693251533743,1.01840490797546,0.9264437689969606
1,13,irregular,1,285,216,69,141,144,75,0.49473684210526314,0.6527777777777778,1.3194444444444444,0.5628742514970059
1,13,regular,2,999,1000,1,995,4,5,0.995995995995996,0.995,0.999,0.9954977488744372
1,13,semiregular,2,859,815,44,793,66,22,0.9231664726426076,0.9730061349693252,1.0539877300613496,0.9474313022700119
1,13,irregular,2,263,216,47,201,62,15,0.7642585551330798,0.9305555555555556,1.2175925925925926,0.8392484342379959
1,13,regular,3,1011,1000,11,999,12,1,0.9881305637982196,0.999,1.011,0.9935355544505221
1,13,semiregular,3,792,815,23,761,31,54,0.9608585858585859,0.9337423312883436,0.9717791411042945,0.9471064094586185
1,13,irregular,3,239,216,23,201,38,15,0.8410041841004184,0.9305555555555556,1.1064814814814814,0.8835164835164835
1,14,regular,1,1025,1052,27,1025,0,27,1.0,0.9743346007604563,0.9743346007604563,0.9870004814636495
1,14,semiregular,1,833,913,80,778,55,135,0.9339735894357744,0.8521358159912377,0.9123767798466593,0.8911798396334478
1,14,irregular,1,206,217,11,117,89,100,0.5679611650485437,0.5391705069124424,0.9493087557603687,0.553191489361702
1,14,regular,2,1017,1052,35,1014,3,38,0.9970501474926253,0.9638783269961977,0.9667300380228137,0.9801836636056066
1,14,semiregular,2,938,913,25,871,67,42,0.9285714285714286,0.9539978094194962,1.027382256297919,0.9411129119394921
1,14,irregular,2,230,217,13,186,44,31,0.808695652173913,0.8571428571428571,1.0599078341013826,0.8322147651006712
1,14,regular,3,1041,1052,11,1040,1,12,0.9990393852065321,0.9885931558935361,0.9895437262357415,0.9937888198757764
1,14,semiregular,3,869,913,44,825,44,88,0.9493670886075949,0.9036144578313253,0.9518072289156626,0.9259259259259259
1,14,irregular,3,220,217,3,180,40,37,0.8181818181818182,0.8294930875576036,1.0138248847926268,0.8237986270022882
1,15,regular,1,991,964,27,964,27,0,0.9727547931382442,1.0,1.0280082987551866,0.9861892583120205
1,15,semiregular,1,788,774,14,727,61,47,0.9225888324873096,0.9392764857881137,1.0180878552971577,0.9308578745198465
1,15,irregular,1,178,218,40,135,43,83,0.7584269662921348,0.6192660550458715,0.8165137614678899,0.6818181818181818
1,15,regular,2,937,964,27,936,1,28,0.9989327641408752,0.970954356846473,0.9719917012448133,0.9847448711204629
1,15,semiregular,2,787,774,13,731,56,43,0.928843710292249,0.9444444444444444,1.016795865633075,0.9365791159513133
1,15,irregular,2,234,218,16,198,36,20,0.8461538461538461,0.908256880733945,1.073394495412844,0.8761061946902655
1,15,regular,3,951,964,13,951,0,13,1.0,0.9865145228215768,0.9865145228215768,0.9932114882506528
1,15,semiregular,3,727,774,47,696,31,78,0.9573590096286108,0.8992248062015504,0.9392764857881137,0.927381745502998
1,15,irregular,3,222,218,4,194,28,24,0.8738738738738738,0.8899082568807339,1.018348623853211,0.8818181818181818
1,16,regular,1,1055,1109,54,1049,6,60,0.9943127962085309,0.9458972046889089,0.951307484220018,0.9695009242144177
1,16,semiregular,1,650,681,31,561,89,120,0.8630769230769231,0.8237885462555066,0.9544787077826725,0.8429752066115702
1,16,irregular,1,220,272,52,105,115,167,0.4772727272727273,0.3860294117647059,0.8088235294117647,0.426829268292683
1,16,regular,2,1129,1109,20,1109,20,0,0.9822852081488043,1.0,1.018034265103697,0.9910634495084897
1,16,semiregular,2,694,681,13,630,64,51,0.9077809798270894,0.9251101321585903,1.0190895741556534,0.9163636363636364
1,16,irregular,2,257,272,15,208,49,64,0.8093385214007782,0.7647058823529411,0.9448529411764706,0.7863894139886579
1,16,regular,3,1115,1109,6,1107,8,2,0.9928251121076234,0.9981965734896303,1.005410279531109,0.9955035971223022
1,16,semiregular,3,626,681,55,590,36,91,0.9424920127795527,0.8663729809104258,0.9192364170337739,0.9028309104820198
1,16,irregular,3,236,272,36,198,38,74,0.8389830508474576,0.7279411764705882,0.8676470588235294,0.779527559055118
1,17,regular,1,1040,1029,11,1027,13,2,0.9875,0.9980563654033042,1.010689990281827,0.9927501208313195
1,17,semiregular,1,778,837,59,711,67,126,0.9138817480719794,0.8494623655913979,0.929510155316607,0.8804953560371517
1,17,irregular,1,235,240,5,102,133,138,0.4340425531914894,0.425,0.9791666666666666,0.42947368421052634
1,17,regular,2,1066,1029,37,1029,37,0,0.9652908067542214,1.0,1.0359572400388728,0.9823389021479714
1,17,semiregular,2,843,837,6,782,61,55,0.9276393831553974,0.9342891278375149,1.007168458781362,0.9309523809523811
1,17,irregular,2,282,240,42,195,87,45,0.6914893617021277,0.8125,1.175,0.7471264367816093
1,17,regular,3,1069,1029,40,1029,40,0,0.9625818521983162,1.0,1.0388726919339164,0.9809342230695901
1,17,semiregular,3,803,837,34,771,32,66,0.9601494396014943,0.921146953405018,0.959378733572282,0.9402439024390244
1,17,irregular,3,286,240,46,202,84,38,0.7062937062937062,0.8416666666666667,1.1916666666666667,0.768060836501901
1,18,regular,1,1102,1044,58,1044,58,0,0.9473684210526315,1.0,1.0555555555555556,0.972972972972973
1,18,semiregular,1,745,801,56,697,48,104,0.9355704697986578,0.8701622971285893,0.9300873907615481,0.9016817593790427
1,18,irregular,1,244,252,8,141,103,111,0.5778688524590164,0.5595238095238095,0.9682539682539683,0.5685483870967741
1,18,regular,2,1101,1044,57,1044,57,0,0.9482288828337875,1.0,1.0545977011494252,0.9734265734265735
1,18,semiregular,2,852,801,51,776,76,25,0.9107981220657277,0.968789013732834,1.0636704119850187,0.9388989715668482
1,18,irregular,2,290,252,38,226,64,26,0.7793103448275862,0.8968253968253969,1.1507936507936507,0.8339483394833949
1,18,regular,3,1078,1044,34,1044,34,0,0.9684601113172542,1.0,1.0325670498084292,0.9839773798303487
1,18,semiregular,3,800,801,1,751,49,50,0.93875,0.9375780274656679,0.9987515605493134,0.9381636477201748
1,18,irregular,3,285,252,33,224,61,28,0.7859649122807018,0.8888888888888888,1.130952380952381,0.8342644320297951
1,19,regular,1,1091,1076,15,1071,20,5,0.9816681943171403,0.9953531598513011,1.0139405204460967,0.9884633133364098
1,19,semiregular,1,725,753,28,671,54,82,0.9255172413793104,0.8911022576361222,0.9628154050464808,0.9079837618403247
1,19,irregular,1,214,245,31,125,89,120,0.5841121495327103,0.5102040816326531,0.8734693877551021,0.5446623093681917
1,19,regular,2,1095,1076,19,1075,20,1,0.9817351598173516,0.9990706319702602,1.0176579925650557,0.9903270382312298
1,19,semiregular,2,766,753,13,710,56,43,0.9268929503916449,0.9428950863213812,1.0172642762284196,0.934825543120474
1,19,irregular,2,256,245,11,208,48,37,0.8125,0.8489795918367347,1.0448979591836736,0.8303393213572854
1,19,regular,3,1081,1076,5,1072,9,4,0.9916743755781684,0.9962825278810409,1.004646840148699,0.9939731108020399
1,19,semiregular,3,680,753,73,646,34,107,0.95,0.8579017264276229,0.9030544488711819,0.9016050244242848
1,19,irregular,3,249,245,4,204,45,41,0.8192771084337349,0.8326530612244898,1.0163265306122449,0.825910931174089
1,20,regular,1,1174,1251,77,1169,5,82,0.995741056218058,0.9344524380495604,0.938449240607514,0.9641237113402062
1,20,semiregular,1,858,841,17,756,102,85,0.8811188811188811,0.8989298454221165,1.0202140309155767,0.8899352560329605
1,20,irregular,1,269,252,17,132,137,120,0.49070631970260226,0.5238095238095238,1.0674603174603174,0.5067178502879078
1,20,regular,2,1183,1251,68,1177,6,74,0.9949281487743026,0.9408473221422862,0.9456434852118305,0.9671322925225965
1,20,semiregular,2,774,841,67,705,69,136,0.9108527131782945,0.8382877526753865,0.920332936979786,0.8730650154798761
1,20,irregular,2,258,252,6,202,56,50,0.7829457364341085,0.8015873015873016,1.0238095238095237,0.7921568627450981
1,20,regular,3,1152,1251,99,1151,1,100,0.9991319444444444,0.9200639488409272,0.920863309352518,0.9579692051602163
1,20,semiregular,3,793,841,48,732,61,109,0.9230769230769231,0.8703923900118906,0.9429250891795482,0.8959608323133414
1,20,irregular,3,238,252,14,205,33,47,0.8613445378151261,0.8134920634920635,0.9444444444444444,0.8367346938775511
1,21,regular,1,962,920,42,920,42,0,0.9563409563409564,1.0,1.0456521739130435,0.9776833156216791
1,21,semiregular,1,582,549,33,475,107,74,0.8161512027491409,0.8652094717668488,1.0601092896174864,0.8399646330680812
1,21,irregular,1,214,204,10,142,72,62,0.6635514018691588,0.696078431372549,1.0490196078431373,0.6794258373205742
1,21,regular,2,932,920,12,920,12,0,0.9871244635193133,1.0,1.0130434782608695,0.9935205183585313
1,21,semiregular,2,667,549,118,531,136,18,0.7961019490254873,0.9672131147540983,1.214936247723133,0.8733552631578947
1,21,irregular,2,229,204,25,186,43,18,0.8122270742358079,0.9117647058823529,1.1225490196078431,0.859122401847575
1,21,regular,3,942,920,22,920,22,0,0.9766454352441614,1.0,1.0239130434782608,0.9881847475832438
1,21,semiregular,3,608,549,59,528,80,21,0.868421052631579,0.9617486338797814,1.1074681238615665,0.912705272255834
1,21,irregular,3,278,204,74,191,87,13,0.6870503597122302,0.9362745098039216,1.3627450980392157,0.7925311203319502
1,22,regular,1,986,946,40,946,40,0,0.9594320486815415,1.0,1.0422832980972516,0.9792960662525879
1,22,semiregular,1,771,703,68,660,111,43,0.8560311284046692,0.9388335704125178,1.096728307254623,0.8955223880597015
1,22,irregular,1,196,247,51,123,73,124,0.6275510204081632,0.4979757085020243,0.7935222672064778,0.5553047404063205
1,22,regular,2,964,946,18,943,21,3,0.9782157676348547,0.9968287526427061,1.0190274841437632,0.9874345549738219
1,22,semiregular,2,769,703,66,679,90,24,0.88296488946684,0.9658605974395448,1.0938833570412518,0.9225543478260869
1,22,irregular,2,240,247,7,199,41,48,0.8291666666666667,0.805668016194332,0.97165991902834,0.8172484599589322
1,22,regular,3,965,946,19,944,21,2,0.9782383419689119,0.9978858350951374,1.0200845665961944,0.9879644165358451
1,22,semiregular,3,693,703,10,645,48,58,0.9307359307359307,0.9174964438122333,0.9857752489331437,0.9240687679083095
1,22,irregular,3,297,247,50,214,83,33,0.7205387205387206,0.8663967611336032,1.2024291497975708,0.7867647058823529
1,23,regular,1,1017,999,18,993,24,6,0.976401179941003,0.993993993993994,1.018018018018018,0.9851190476190477
1,23,semiregular,1,860,835,25,723,137,112,0.8406976744186047,0.8658682634730539,1.029940119760479,0.8530973451327434
1,23,irregular,1,248,266,18,95,153,171,0.38306451612903225,0.35714285714285715,0.9323308270676691,0.3696498054474708
1,23,regular,2,984,999,15,965,19,34,0.9806910569105691,0.965965965965966,0.984984984984985,0.97327281896117
1,23,semiregular,2,847,835,12,772,75,63,0.911452184179457,0.9245508982035928,1.0143712574850299,0.9179548156956006
1,23,irregular,2,262,266,4,201,61,65,0.767175572519084,0.7556390977443609,0.9849624060150376,0.7613636363636364
1,23,regular,3,1010,999,11,991,19,8,0.9811881188118812,0.991991991991992,1.011011011011011,0.9865604778496765
1,23,semiregular,3,839,835,4,788,51,47,0.9392133492252682,0.9437125748502994,1.0047904191616766,0.9414575866188769
1,23,irregular,3,315,266,49,227,88,39,0.7206349206349206,0.8533834586466166,1.1842105263157894,0.7814113597246127
1,24,regular,1,1057,1079,22,1050,7,29,0.9933774834437086,0.9731232622798888,0.9796107506950881,0.9831460674157303
1,24,semiregular,1,626,680,54,565,61,115,0.902555910543131,0.8308823529411765,0.9205882352941176,0.8652373660030629
1,24,irregular,1,184,247,63,119,65,128,0.6467391304347826,0.4817813765182186,0.7449392712550608,0.5522041763341067
1,24,regular,2,1058,1079,21,1051,7,28,0.9933837429111532,0.974050046339203,0.9805375347544022,0.9836218998596163
1,24,semiregular,2,660,680,20,624,36,56,0.9454545454545454,0.9176470588235294,0.9705882352941176,0.9313432835820895
1,24,irregular,2,221,247,26,199,22,48,0.9004524886877828,0.805668016194332,0.8947368421052632,0.8504273504273505
1,24,regular,3,1061,1079,18,1057,4,22,0.9962299717247879,0.9796107506950881,0.9833178869323448,0.9878504672897196
1,24,semiregular,3,630,680,50,609,21,71,0.9666666666666667,0.8955882352941177,0.9264705882352942,0.9297709923664121
1,24,irregular,3,324,247,77,209,115,38,0.6450617283950617,0.8461538461538461,1.311740890688259,0.7320490367775832
1,25,regular,1,942,946,4,941,1,5,0.9989384288747346,0.9947145877378436,0.9957716701902748,0.9968220338983053
1,25,semiregular,1,664,718,54,602,62,116,0.9066265060240963,0.8384401114206128,0.924791086350975,0.8712011577424024
1,25,irregular,1,239,207,32,120,119,87,0.502092050209205,0.5797101449275363,1.1545893719806763,0.5381165919282512
1,25,regular,2,931,946,15,930,1,16,0.9989258861439313,0.9830866807610994,0.9841437632135307,0.9909429941395845
1,25,semiregular,2,739,718,21,675,64,43,0.9133964817320703,0.9401114206128134,1.0292479108635098,0.9265614275909403
1,25,irregular,2,254,207,47,163,91,44,0.6417322834645669,0.7874396135265701,1.2270531400966183,0.7071583514099783
1,25,regular,3,944,946,2,943,1,3,0.9989406779661016,0.9968287526427061,0.9978858350951374,0.9978835978835978
1,25,semiregular,3,643,718,75,600,43,118,0.9331259720062208,0.8356545961002786,0.8955431754874652,0.881704628949302
1,25,irregular,3,374,207,167,152,222,55,0.40641711229946526,0.7342995169082126,1.8067632850241546,0.5232358003442341
1,26,regular,1,1050,985,65,985,65,0,0.9380952380952381,1.0,1.0659898477157361,0.9680589680589681
1,26,semiregular,1,762,720,42,671,91,49,0.8805774278215223,0.9319444444444445,1.0583333333333333,0.9055330634278003
1,26,irregular,1,304,214,90,171,133,43,0.5625,0.7990654205607477,1.4205607476635513,0.6602316602316602
1,26,regular,2,995,985,10,970,25,15,0.9748743718592965,0.9847715736040609,1.0101522842639594,0.9797979797979797
1,26,semiregular,2,813,720,93,698,115,22,0.8585485854858549,0.9694444444444444,1.1291666666666667,0.9106327462491846
1,26,irregular,2,269,214,55,169,100,45,0.6282527881040892,0.7897196261682243,1.2570093457943925,0.6997929606625259
1,26,regular,3,1098,985,113,983,115,2,0.895264116575592,0.9979695431472081,1.1147208121827412,0.943831012962074
1,26,semiregular,3,666,720,54,621,45,99,0.9324324324324325,0.8625,0.925,0.8961038961038962
1,26,irregular,3,286,214,72,192,94,22,0.6713286713286714,0.897196261682243,1.3364485981308412,0.768
1,27,regular,1,1130,1166,36,1125,5,41,0.995575221238938,0.9648370497427101,0.9691252144082333,0.9799651567944251
1,27,semiregular,1,656,728,72,570,86,158,0.8689024390243902,0.782967032967033,0.9010989010989011,0.8236994219653179
1,27,irregular,1,189,270,81,116,73,154,0.6137566137566137,0.42962962962962964,0.7,0.5054466230936819
1,27,regular,2,1131,1166,35,1126,5,40,0.995579133510168,0.9656946826758147,0.9699828473413379,0.980409229429691
1,27,semiregular,2,744,728,16,680,64,48,0.9139784946236559,0.9340659340659341,1.021978021978022,0.9239130434782609
1,27,irregular,2,276,270,6,228,48,42,0.8260869565217391,0.8444444444444444,1.0222222222222221,0.8351648351648352
1,27,regular,3,1155,1166,11,1154,1,12,0.9991341991341991,0.9897084048027445,0.9905660377358491,0.994398965962947
1,27,semiregular,3,679,728,49,647,32,81,0.9528718703976435,0.8887362637362637,0.9326923076923077,0.9196872778962332
1,27,irregular,3,298,270,28,235,63,35,0.7885906040268457,0.8703703703703703,1.1037037037037036,0.8274647887323944
1,28,regular,1,1097,1098,1,1083,14,15,0.9872379216043756,0.9863387978142076,0.9990892531876139,0.9867881548974943
1,28,semiregular,1,853,859,6,776,77,83,0.9097303634232122,0.9033760186263097,0.9930151338766007,0.9065420560747663
1,28,irregular,1,321,293,28,142,179,151,0.4423676012461059,0.48464163822525597,1.0955631399317407,0.46254071661237783
1,28,regular,2,1095,1098,3,1080,15,18,0.9863013698630136,0.9836065573770492,0.9972677595628415,0.9849521203830369
1,28,semiregular,2,821,859,38,764,57,95,0.9305724725943971,0.889406286379511,0.9557625145518044,0.9095238095238096
1,28,irregular,2,300,293,7,208,92,85,0.6933333333333334,0.7098976109215017,1.023890784982935,0.7015177065767285
1,28,regular,3,1093,1098,5,1088,5,10,0.9954254345837146,0.9908925318761385,0.9954462659380692,0.9931538110451847
1,28,semiregular,3,813,859,46,779,34,80,0.958179581795818,0.9068684516880093,0.9464493597206054,0.9318181818181818
1,28,irregular,3,359,293,66,227,132,66,0.6323119777158774,0.7747440273037542,1.2252559726962458,0.696319018404908
1,29,regular,1,1123,1140,17,1121,2,19,0.9982190560997328,0.9833333333333333,0.9850877192982456,0.9907202828104287
1,29,semiregular,1,884,869,15,771,113,98,0.8721719457013575,0.8872266973532796,1.0172612197928654,0.8796349115801483
1,29,irregular,1,236,247,11,147,89,100,0.6228813559322034,0.5951417004048583,0.9554655870445344,0.608695652173913
1,29,regular,2,1125,1140,15,1122,3,18,0.9973333333333333,0.9842105263157894,0.9868421052631579,0.9907284768211919
1,29,semiregular,2,1008,869,139,855,153,14,0.8482142857142857,0.9838895281933256,1.1599539700805523,0.9110282365476825
1,29,irregular,2,286,247,39,221,65,26,0.7727272727272727,0.8947368421052632,1.1578947368421053,0.8292682926829269
1,29,regular,3,1101,1140,39,1100,1,40,0.9990917347865577,0.9649122807017544,0.9657894736842105,0.9817045961624274
1,29,semiregular,3,848,869,21,777,71,92,0.9162735849056604,0.8941311852704258,0.9758342922899885,0.9050669772859639
1,29,irregular,3,330,247,83,211,119,36,0.6393939393939394,0.854251012145749,1.3360323886639676,0.7313691507798961
1,30,regular,1,1003,997,6,995,8,2,0.9920239282153539,0.9979939819458375,1.0060180541624875,0.995
1,30,semiregular,1,763,810,47,702,61,108,0.9200524246395806,0.8666666666666667,0.9419753086419753,0.8925619834710744
1,30,irregular,1,287,250,37,142,145,108,0.49477351916376305,0.568,1.148,0.5288640595903166
1,30,regular,2,961,997,36,960,1,37,0.9989594172736732,0.9628886659979939,0.9638916750250752,0.9805924412665985
1,30,semiregular,2,822,810,12,760,62,50,0.9245742092457421,0.9382716049382716,1.0148148148148148,0.9313725490196078
1,30,irregular,2,255,250,5,202,53,48,0.792156862745098,0.808,1.02,0.7999999999999999
1,30,regular,3,1003,997,6,997,6,0,0.9940179461615155,1.0,1.0060180541624875,0.997
1,30,semiregular,3,775,810,35,737,38,73,0.9509677419354838,0.9098765432098765,0.9567901234567902,0.929968454258675
1,30,irregular,3,273,250,23,201,72,49,0.7362637362637363,0.804,1.092,0.7686424474187381
2,1,regular,1,932,937,5,912,20,25,0.9785407725321889,0.9733191035218783,0.9946638207043756,0.9759229534510433
2,1,semiregular,1,711,703,8,595,116,108,0.8368495077355836,0.8463726884779517,1.0113798008534851,0.8415841584158414
2,1,irregular,1,203,199,4,136,67,63,0.6699507389162561,0.6834170854271356,1.020100502512563,0.6766169154228855
2,1,regular,2,954,937,17,914,40,23,0.9580712788259959,0.9754535752401281,1.0181430096051227,0.9666842940243258
2,1,semiregular,2,739,703,36,639,100,64,0.86468200270636,0.9089615931721194,1.0512091038406828,0.8862690707350902
2,1,irregular,2,174,199,25,158,16,41,0.9080459770114943,0.7939698492462312,0.8743718592964824,0.8471849865951743
2,1,regular,3,945,937,8,935,10,2,0.9894179894179894,0.9978655282817502,1.0085378868729988,0.9936238044633369
2,1,semiregular,3,702,703,1,631,71,72,0.8988603988603988,0.8975817923186344,0.9985775248933144,0.898220640569395
2,1,irregular,3,181,199,18,165,16,34,0.9116022099447514,0.8291457286432161,0.9095477386934674,0.8684210526315789
2,2,regular,1,1183,1224,41,1173,10,51,0.9915469146238377,0.9583333333333334,0.9665032679738562,0.9746572496884088
2,2,semiregular,1,552,647,95,523,29,124,0.947463768115942,0.8083462132921174,0.8531684698608965,0.872393661384487
2,2,irregular,1,226,217,9,106,120,111,0.4690265486725664,0.48847926267281105,1.0414746543778801,0.47855530474040636
2,2,regular,2,1182,1224,42,1171,11,53,0.9906937394247038,0.9566993464052288,0.9656862745098039,0.9733998337489609
2,2,semiregular,2,630,647,17,596,34,51,0.946031746031746,0.9211746522411128,0.973724884080371,0.9334377447141738
2,2,irregular,2,193,217,24,171,22,46,0.8860103626943006,0.7880184331797235,0.8894009216589862,0.8341463414634146
2,2,regular,3,1190,1224,34,1186,4,38,0.9966386554621849,0.9689542483660131,0.9722222222222222,0.9826014913007456
2,2,semiregular,3,628,647,19,610,18,37,0.9713375796178344,0.9428129829984544,0.9706336939721792,0.9568627450980391
2,2,irregular,3,217,217,0,192,25,25,0.8847926267281107,0.8847926267281107,1.0,0.8847926267281108
2,3,regular,1,1004,1053,49,1004,0,49,1.0,0.9534662867996201,0.9534662867996201,0.9761789013125911
2,3,semiregular,1,692,716,24,638,54,78,0.9219653179190751,0.8910614525139665,0.9664804469273743,0.90625
2,3,irregular,1,234,224,10,130,104,94,0.5555555555555556,0.5803571428571429,1.0446428571428572,0.5676855895196506
2,3,regular,2,999,1053,54,999,0,54,1.0,0.9487179487179487,0.9487179487179487,0.9736842105263158
2,3,semiregular,2,723,716,7,666,57,50,0.921161825726141,0.9301675977653632,1.0097765363128492,0.9256428075052119
2,3,irregular,2,195,224,29,171,24,53,0.8769230769230769,0.7633928571428571,0.8705357142857143,0.8162291169451074
2,3,regular,3,1011,1053,42,1011,0,42,1.0,0.9601139601139601,0.9601139601139601,0.9796511627906976
2,3,semiregular,3,692,716,24,647,45,69,0.934971098265896,0.9036312849162011,0.9664804469273743,0.919034090909091
2,3,irregular,3,220,224,4,196,24,28,0.8909090909090909,0.875,0.9821428571428571,0.8828828828828829
2,4,regular,1,1112,1101,11,1096,16,5,0.9856115107913669,0.9954586739327884,1.0099909173478656,0.9905106190691368
2,4,semiregular,1,672,614,58,544,128,70,0.8095238095238095,0.8859934853420195,1.0944625407166124,0.8460342146189735
2,4,irregular,1,255,228,27,136,119,92,0.5333333333333333,0.5964912280701754,1.118421052631579,0.5631469979296065
2,4,regular,2,1128,1101,27,1101,27,0,0.976063829787234,1.0,1.0245231607629428,0.9878869448183042
2,4,semiregular,2,641,614,27,571,70,43,0.890795631825273,0.9299674267100977,1.0439739413680782,0.9099601593625498
2,4,irregular,2,215,228,13,181,34,47,0.8418604651162791,0.793859649122807,0.9429824561403509,0.8171557562076749
2,4,regular,3,1110,1101,9,1099,11,2,0.9900900900900901,0.9981834695731153,1.008174386920981,0.9941203075531433
2,4,semiregular,3,612,614,2,571,41,43,0.9330065359477124,0.9299674267100977,0.996742671009772,0.9314845024469821
2,4,irregular,3,232,228,4,202,30,26,0.8706896551724138,0.8859649122807017,1.0175438596491229,0.8782608695652173
2,5,regular,1,1039,1044,5,1039,0,5,1.0,0.9952107279693486,0.9952107279693486,0.9975996159385502
2,5,semiregular,1,732,668,64,605,127,63,0.8265027322404371,0.905688622754491,1.095808383233533,0.8642857142857142
2,5,irregular,1,235,217,18,133,102,84,0.5659574468085107,0.6129032258064516,1.0829493087557605,0.588495575221239
2,5,regular,2,1056,1044,12,1044,12,0,0.9886363636363636,1.0,1.0114942528735633,0.9942857142857142
2,5,semiregular,2,774,668,106,648,126,20,0.8372093023255814,0.9700598802395209,1.158682634730539,0.8987517337031901
2,5,irregular,2,203,217,14,173,30,44,0.8522167487684729,0.7972350230414746,0.9354838709677419,0.8238095238095238
2,5,regular,3,1043,1044,1,1041,2,3,0.9980824544582934,0.9971264367816092,0.9990421455938697,0.9976042165788213
2,5,semiregular,3,709,668,41,638,71,30,0.8998589562764457,0.9550898203592815,1.061377245508982,0.9266521423384169
2,5,irregular,3,211,217,6,187,24,30,0.8862559241706162,0.8617511520737328,0.9723502304147466,0.8738317757009346
2,6,regular,1,926,915,11,900,26,15,0.9719222462203023,0.9836065573770492,1.0120218579234972,0.9777294948397609
2,6,semiregular,1,679,701,22,617,62,84,0.9086892488954345,0.8801711840228246,0.9686162624821684,0.8942028985507247
2,6,irregular,1,212,195,17,99,113,96,0.4669811320754717,0.5076923076923077,1.087179487179487,0.4864864864864864
2,6,regular,2,985,915,70,915,70,0,0.9289340101522843,1.0,1.0765027322404372,0.9631578947368421
2,6,semiregular,2,756,701,55,667,89,34,0.8822751322751323,0.9514978601997147,1.078459343794579,0.9155799588194922
2,6,irregular,2,195,195,0,117,78,78,0.6,0.6,1.0,0.6
2,6,regular,3,945,915,30,914,31,1,0.9671957671957672,0.9989071038251366,1.0327868852459017,0.9827956989247312
2,6,semiregular,3,713,701,12,663,50,38,0.9298737727910238,0.9457917261055635,1.0171184022824535,0.9377652050919378
2,6,irregular,3,206,195,11,165,41,30,0.8009708737864077,0.8461538461538461,1.0564102564102564,0.8229426433915212
2,7,regular,1,370,1230,860,369,1,861,0.9972972972972973,0.3,0.3008130081300813,0.46125
2,7,semiregular,1,442,761,319,366,76,395,0.8280542986425339,0.480946123521682,0.580814717477004,0.6084788029925187
2,7,irregular,1,212,225,13,71,141,154,0.33490566037735847,0.31555555555555553,0.9422222222222222,0.32494279176201374
2,7,regular,2,1250,1230,20,1223,27,7,0.9784,0.9943089430894309,1.016260162601626,0.9862903225806452
2,7,semiregular,2,747,761,14,666,81,95,0.891566265060241,0.8751642575558476,0.9816031537450722,0.883289124668435
2,7,irregular,2,187,225,38,166,21,59,0.8877005347593583,0.7377777777777778,0.8311111111111111,0.8058252427184466
2,7,regular,3,1226,1230,4,1220,6,10,0.9951060358890701,0.991869918699187,0.9967479674796748,0.9934853420195439
2,7,semiregular,3,769,761,8,695,74,66,0.9037711313394018,0.9132720105124835,1.0105124835742445,0.9084967320261438
2,7,irregular,3,236,225,11,198,38,27,0.8389830508474576,0.88,1.048888888888889,0.859002169197397
2,8,regular,1,993,1035,42,989,4,46,0.9959718026183283,0.9555555555555556,0.9594202898550724,0.97534516765286
2,8,semiregular,1,821,827,6,720,101,107,0.876979293544458,0.8706166868198307,0.992744860943168,0.8737864077669902
2,8,irregular,1,284,243,41,123,161,120,0.43309859154929575,0.5061728395061729,1.168724279835391,0.4667931688804554
2,8,regular,2,1038,1035,3,1025,13,10,0.98747591522158,0.9903381642512077,1.0028985507246377,0.9889049686444765
2,8,semiregular,2,803,827,24,738,65,89,0.9190535491905355,0.8923821039903265,0.9709794437726723,0.905521472392638
2,8,irregular,2,202,243,41,170,32,73,0.8415841584158416,0.6995884773662552,0.831275720164609,0.7640449438202247
2,8,regular,3,1029,1035,6,1025,4,10,0.9961127308066083,0.9903381642512077,0.9942028985507246,0.9932170542635659
2,8,semiregular,3,811,827,16,755,56,72,0.9309494451294698,0.9129383313180169,0.9806529625151149,0.9218559218559218
2,8,irregular,3,216,243,27,196,20,47,0.9074074074074074,0.8065843621399177,0.8888888888888888,0.8540305010893247
2,9,regular,1,1027,1107,80,1023,4,84,0.9961051606621227,0.924119241192412,0.9277326106594399,0.9587628865979382
2,9,semiregular,1,546,701,155,515,31,186,0.9432234432234432,0.7346647646219686,0.7788873038516405,0.82598235765838
2,9,irregular,1,274,266,8,118,156,148,0.4306569343065693,0.44360902255639095,1.0300751879699248,0.437037037037037
2,9,regular,2,1051,1107,56,1045,6,62,0.994291151284491,0.9439927732610659,0.9494128274616079,0.9684893419833179
2,9,semiregular,2,602,701,99,574,28,127,0.9534883720930233,0.818830242510699,0.8587731811697575,0.8810437452033768
2,9,irregular,2,212,266,54,188,24,78,0.8867924528301887,0.706766917293233,0.7969924812030075,0.7866108786610879
2,9,regular,3,1058,1107,49,1057,1,50,0.999054820415879,0.95483288166215,0.955736224028907,0.9764434180138568
2,9,semiregular,3,649,701,52,629,20,72,0.9691833590138675,0.8972895863052782,0.9258202567760342,0.9318518518518519
2,9,irregular,3,241,266,25,206,35,60,0.8547717842323651,0.7744360902255639,0.9060150375939849,0.8126232741617356
2,10,regular,1,1010,1014,4,990,20,24,0.9801980198019802,0.9763313609467456,0.9960552268244576,0.9782608695652174
2,10,semiregular,1,628,656,28,583,45,73,0.928343949044586,0.8887195121951219,0.9573170731707317,0.9080996884735202
2,10,irregular,1,248,247,1,165,83,82,0.6653225806451613,0.6680161943319838,1.0040485829959513,0.6666666666666666
2,10,regular,2,1106,1014,92,1012,94,2,0.9150090415913201,0.9980276134122288,1.0907297830374754,0.9547169811320755
2,10,semiregular,2,619,656,37,573,46,83,0.925686591276252,0.8734756097560976,0.9435975609756098,0.8988235294117647
2,10,irregular,2,230,247,17,207,23,40,0.9,0.8380566801619433,0.9311740890688259,0.8679245283018868
2,10,regular,3,1073,1014,59,1012,61,2,0.9431500465983225,0.9980276134122288,1.0581854043392505,0.969813128893148
2,10,semiregular,3,614,656,42,596,18,60,0.9706840390879479,0.9085365853658537,0.9359756097560976,0.9385826771653544
2,10,irregular,3,228,247,19,211,17,36,0.9254385964912281,0.854251012145749,0.9230769230769231,0.8884210526315789
2,11,regular,1,1055,1070,15,1055,0,15,1.0,0.985981308411215,0.985981308411215,0.9929411764705882
2,11,semiregular,1,763,700,63,654,109,46,0.8571428571428571,0.9342857142857143,1.09,0.8940533151059467
2,11,irregular,1,234,239,5,130,104,109,0.5555555555555556,0.5439330543933054,0.9790794979079498,0.5496828752642706
2,11,regular,2,1087,1070,17,1070,17,0,0.984360625574977,1.0,1.0158878504672897,0.9921186833565137
2,11,semiregular,2,696,700,4,637,59,63,0.9152298850574713,0.91,0.9942857142857143,0.9126074498567336
2,11,irregular,2,194,239,45,174,20,65,0.8969072164948454,0.7280334728033473,0.8117154811715481,0.8036951501154734
2,11,regular,3,1052,1070,18,1052,0,18,1.0,0.983177570093458,0.983177570093458,0.9915174363807728
2,11,semiregular,3,676,700,24,639,37,61,0.9452662721893491,0.9128571428571428,0.9657142857142857,0.9287790697674418
2,11,irregular,3,221,239,18,192,29,47,0.8687782805429864,0.803347280334728,0.9246861924686193,0.8347826086956522
2,12,regular,1,1016,1007,9,1006,10,1,0.9901574803149606,0.9990069513406157,1.008937437934459,0.9945625308947109
2,12,semiregular,1,718,641,77,592,126,49,0.8245125348189415,0.9235569422776911,1.1201248049921997,0.8712288447387786
2,12,irregular,1,272,204,68,163,109,41,0.5992647058823529,0.7990196078431373,1.3333333333333333,0.6848739495798318
2,12,regular,2,1070,1007,63,1007,63,0,0.9411214953271028,1.0,1.0625620655412116,0.9696677900818488
2,12,semiregular,2,699,641,58,598,101,43,0.8555078683834049,0.9329173166926678,1.0904836193447738,0.8925373134328358
2,12,irregular,2,231,204,27,180,51,24,0.7792207792207793,0.8823529411764706,1.1323529411764706,0.8275862068965517
2,12,regular,3,1037,1007,30,1007,30,0,0.9710703953712633,1.0,1.0297914597815292,0.9853228962818004
2,12,semiregular,3,660,641,19,598,62,43,0.906060606060606,0.9329173166926678,1.029641185647426,0.919292851652575
2,12,irregular,3,227,204,23,192,35,12,0.8458149779735683,0.9411764705882353,1.1127450980392157,0.890951276102088
2,13,regular,1,958,1000,42,958,0,42,1.0,0.958,0.958,0.9785495403472931
2,13,semiregular,1,849,815,34,765,84,50,0.901060070671378,0.9386503067484663,1.041717791411043,0.9194711538461539
2,13,irregular,1,321,216,105,149,172,67,0.46417445482866043,0.6898148148148148,1.4861111111111112,0.5549348230912476
2,13,regular,2,1046,1000,46,1000,46,0,0.9560229445506692,1.0,1.046,0.9775171065493646
2,13,semiregular,2,848,815,33,782,66,33,0.9221698113207547,0.9595092024539877,1.0404907975460123,0.9404690318701143
2,13,irregular,2,227,216,11,189,38,27,0.8325991189427313,0.875,1.0509259259259258,0.8532731376975169
2,13,regular,3,1004,1000,4,997,7,3,0.9930278884462151,0.997,1.004,0.9950099800399201
2,13,semiregular,3,795,815,20,759,36,56,0.9547169811320755,0.9312883435582822,0.9754601226993865,0.9428571428571428
2,13,irregular,3,220,216,4,195,25,21,0.8863636363636364,0.9027777777777778,1.0185185185185186,0.8944954128440367
2,14,regular,1,1026,1052,26,1026,0,26,1.0,0.9752851711026616,0.9752851711026616,0.9874879692011549
2,14,semiregular,1,844,913,69,793,51,120,0.9395734597156398,0.8685651697699891,0.9244249726177437,0.902675014228799
2,14,irregular,1,247,217,30,129,118,88,0.5222672064777328,0.5944700460829493,1.1382488479262673,0.5560344827586207
2,14,regular,2,1017,1052,35,1014,3,38,0.9970501474926253,0.9638783269961977,0.9667300380228137,0.9801836636056066
2,14,semiregular,2,904,913,9,846,58,67,0.9358407079646017,0.9266155531215772,0.9901423877327492,0.9312052834342323
2,14,irregular,2,201,217,16,176,25,41,0.8756218905472637,0.8110599078341014,0.9262672811059908,0.8421052631578947
2,14,regular,3,1029,1052,23,1027,2,25,0.9980563654033042,0.9762357414448669,0.9781368821292775,0.9870254685247477
2,14,semiregular,3,897,913,16,847,50,66,0.9442586399108138,0.927710843373494,0.9824753559693319,0.9359116022099447
2,14,irregular,3,194,217,23,182,12,35,0.9381443298969072,0.8387096774193549,0.8940092165898618,0.8856447688564477
2,15,regular,1,929,964,35,929,0,35,1.0,0.9636929460580913,0.9636929460580913,0.9815108293713681
2,15,semiregular,1,797,774,23,726,71,48,0.9109159347553325,0.937984496124031,1.0297157622739017,0.9242520687460216
2,15,irregular,1,230,218,12,148,82,70,0.6434782608695652,0.6788990825688074,1.055045871559633,0.6607142857142857
2,15,regular,2,956,964,8,955,1,9,0.9989539748953975,0.9906639004149378,0.991701244813278,0.9947916666666666
2,15,semiregular,2,773,774,1,715,58,59,0.92496765847348,0.9237726098191215,0.9987080103359173,0.9243697478991597
2,15,irregular,2,198,218,20,184,14,34,0.9292929292929293,0.8440366972477065,0.908256880733945,0.8846153846153846
2,15,regular,3,949,964,15,949,0,15,1.0,0.9844398340248963,0.9844398340248963,0.9921589127025614
2,15,semiregular,3,728,774,46,700,28,74,0.9615384615384616,0.9043927648578811,0.9405684754521964,0.9320905459387483
2,15,irregular,3,202,218,16,190,12,28,0.9405940594059405,0.8715596330275229,0.926605504587156,0.9047619047619048
2,16,regular,1,1045,1109,64,1040,5,69,0.9952153110047847,0.9377817853922452,0.9422903516681695,0.9656453110492108
2,16,semiregular,1,702,681,21,585,117,96,0.8333333333333334,0.8590308370044053,1.0308370044052864,0.8459869848156183
2,16,irregular,1,240,272,32,125,115,147,0.5208333333333334,0.45955882352941174,0.8823529411764706,0.48828124999999994
2,16,regular,2,1142,1109,33,1109,33,0,0.9711033274956217,1.0,1.0297565374211002,0.9853398489560196
2,16,semiregular,2,674,681,7,613,61,68,0.9094955489614244,0.9001468428781204,0.9897209985315712,0.9047970479704797
2,16,irregular,2,240,272,32,205,35,67,0.8541666666666666,0.7536764705882353,0.8823529411764706,0.8007812499999999
2,16,regular,3,1089,1109,20,1086,3,23,0.9972451790633609,0.9792605951307484,0.981965734896303,0.9881710646041856
2,16,semiregular,3,627,681,54,592,35,89,0.9441786283891547,0.869309838472834,0.920704845814978,0.9051987767584099
2,16,irregular,3,230,272,42,203,27,69,0.8826086956521739,0.7463235294117647,0.8455882352941176,0.8087649402390439
2,17,regular,1,971,1029,58,969,2,60,0.9979402677651905,0.9416909620991254,0.9436345966958212,0.9690000000000001
2,17,semiregular,1,761,837,76,677,84,160,0.8896189224704336,0.8088410991636799,0.9091995221027479,0.8473091364205257
2,17,irregular,1,237,240,3,117,120,123,0.4936708860759494,0.4875,0.9875,0.49056603773584906
2,17,regular,2,1053,1029,24,1020,33,9,0.9686609686609686,0.9912536443148688,1.0233236151603498,0.9798270893371758
2,17,semiregular,2,823,837,14,763,60,74,0.9270959902794653,0.9115890083632019,0.983273596176822,0.9192771084337349
2,17,irregular,2,245,240,5,185,60,55,0.7551020408163265,0.7708333333333334,1.0208333333333333,0.7628865979381444
2,17,regular,3,1059,1029,30,1028,31,1,0.9707271010387157,0.9990281827016521,1.0291545189504374,0.9846743295019157
2,17,semiregular,3,829,837,8,793,36,44,0.9565741857659831,0.9474313022700119,0.9904420549581839,0.9519807923169268
2,17,irregular,3,234,240,6,196,38,44,0.8376068376068376,0.8166666666666667,0.975,0.8270042194092827
2,18,regular,1,1051,1044,7,1040,11,4,0.9895337773549001,0.9961685823754789,1.0067049808429118,0.9928400954653936
2,18,semiregular,1,762,801,39,700,62,101,0.9186351706036745,0.8739076154806492,0.951310861423221,0.8957133717210493
2,18,irregular,1,272,252,20,158,114,94,0.5808823529411765,0.626984126984127,1.0793650793650793,0.6030534351145038
2,18,regular,2,1119,1044,75,1044,75,0,0.9329758713136729,1.0,1.0718390804597702,0.9653259361997226
2,18,semiregular,2,853,801,52,771,82,30,0.9038686987104337,0.9625468164794008,1.0649188514357053,0.932285368802902
2,18,irregular,2,263,252,11,216,47,36,0.8212927756653993,0.8571428571428571,1.0436507936507937,0.8388349514563107
2,18,regular,3,1085,1044,41,1044,41,0,0.9622119815668203,1.0,1.039272030651341,0.9807421324565524
2,18,semiregular,3,816,801,15,761,55,40,0.9325980392156863,0.9500624219725343,1.0187265917602997,0.9412492269635128
2,18,irregular,3,250,252,2,218,32,34,0.872,0.8650793650793651,0.9920634920634921,0.8685258964143426
2,19,regular,1,1037,1076,39,1037,0,39,1.0,0.9637546468401487,0.9637546468401487,0.9815428300993847
2,19,semiregular,1,689,753,64,633,56,120,0.918722786647315,0.8406374501992032,0.9150066401062417,0.8779472954230235
2,19,irregular,1,265,245,20,150,115,95,0.5660377358490566,0.6122448979591837,1.0816326530612246,0.588235294117647
2,19,regular,2,1136,1076,60,1075,61,1,0.9463028169014085,0.9990706319702602,1.0557620817843867,0.9719710669077758
2,19,semiregular,2,736,753,17,687,49,66,0.9334239130434783,0.9123505976095617,0.9774236387782205,0.9227669576897247
2,19,irregular,2,241,245,4,198,43,47,0.8215767634854771,0.8081632653061225,0.9836734693877551,0.8148148148148148
2,19,regular,3,1082,1076,6,1073,9,3,0.9916820702402958,0.9972118959107806,1.0055762081784387,0.9944392956441148
2,19,semiregular,3,699,753,54,668,31,85,0.9556509298998569,0.8871181938911022,0.9282868525896414,0.9201101928374655
2,19,irregular,3,223,245,22,197,26,48,0.8834080717488789,0.8040816326530612,0.9102040816326531,0.8418803418803419
2,20,regular,1,1153,1251,98,1150,3,101,0.997398091934085,0.9192645883293366,0.9216626698641087,0.956738768718802
2,20,semiregular,1,836,841,5,725,111,116,0.8672248803827751,0.8620689655172413,0.9940546967895363,0.86463923673226
2,20,irregular,1,296,252,44,140,156,112,0.47297297297297297,0.5555555555555556,1.1746031746031746,0.5109489051094891
2,20,regular,2,1164,1251,87,1160,4,91,0.9965635738831615,0.9272581934452439,0.9304556354916067,0.9606625258799172
2,20,semiregular,2,765,841,76,685,80,156,0.8954248366013072,0.8145065398335315,0.9096313912009513,0.8530510585305107
2,20,irregular,2,218,252,34,191,27,61,0.8761467889908257,0.7579365079365079,0.8650793650793651,0.8127659574468086
2,20,regular,3,1142,1251,109,1141,1,110,0.999124343257443,0.9120703437250199,0.9128697042366107,0.9536147095695778
2,20,semiregular,3,791,841,50,731,60,110,0.9241466498103666,0.8692033293697978,0.9405469678953626,0.8958333333333333
2,20,irregular,3,219,252,33,194,25,58,0.8858447488584474,0.7698412698412699,0.8690476190476191,0.8237791932059448
2,21,regular,1,924,920,4,917,7,3,0.9924242424242424,0.9967391304347826,1.0043478260869565,0.9945770065075922
2,21,semiregular,1,621,549,72,483,138,66,0.7777777777777778,0.8797814207650273,1.1311475409836065,0.8256410256410256
2,21,irregular,1,261,204,57,159,102,45,0.6091954022988506,0.7794117647058824,1.2794117647058822,0.6838709677419355
2,21,regular,2,959,920,39,920,39,0,0.959332638164755,1.0,1.0423913043478261,0.9792442788717403
2,21,semiregular,2,646,549,97,519,127,30,0.8034055727554179,0.9453551912568307,1.1766848816029143,0.8686192468619247
2,21,irregular,2,208,204,4,180,28,24,0.8653846153846154,0.8823529411764706,1.0196078431372548,0.8737864077669903
2,21,regular,3,945,920,25,920,25,0,0.9735449735449735,1.0,1.0271739130434783,0.9865951742627346
2,21,semiregular,3,617,549,68,529,88,20,0.8573743922204214,0.9635701275045537,1.1238615664845173,0.9073756432246999
2,21,irregular,3,218,204,14,188,30,16,0.8623853211009175,0.9215686274509803,1.0686274509803921,0.8909952606635071
2,22,regular,1,991,946,45,946,45,0,0.9545913218970736,1.0,1.047568710359408,0.9767681982447083
2,22,semiregular,1,775,703,72,658,117,45,0.8490322580645161,0.9359886201991465,1.1024182076813656,0.8903924221921516
2,22,irregular,1,233,247,14,141,92,106,0.6051502145922747,0.5708502024291497,0.9433198380566802,0.5875
2,22,regular,2,1013,946,67,946,67,0,0.9338598223099703,1.0,1.0708245243128964,0.96579887697805
2,22,semiregular,2,746,703,43,656,90,47,0.8793565683646113,0.9331436699857752,1.0611664295874823,0.9054520358868186
2,22,irregular,2,211,247,36,190,21,57,0.9004739336492891,0.7692307692307693,0.854251012145749,0.8296943231441047
2,22,regular,3,959,946,13,944,15,2,0.9843587069864442,0.9978858350951374,1.0137420718816068,0.9910761154855644
2,22,semiregular,3,712,703,9,664,48,39,0.9325842696629213,0.9445234708392604,1.0128022759601707,0.9385159010600707
2,22,irregular,3,252,247,5,211,41,36,0.8373015873015873,0.854251012145749,1.0202429149797572,0.845691382765531
2,23,regular,1,935,999,64,926,9,73,0.9903743315508021,0.9269269269269269,0.9359359359359359,0.9576008273009307
2,23,semiregular,1,871,835,36,739,132,96,0.8484500574052812,0.8850299401197604,1.0431137724550898,0.8663540445486517
2,23,irregular,1,315,266,49,86,229,180,0.273015873015873,0.3233082706766917,1.1842105263157894,0.29604130808950085
2,23,regular,2,988,999,11,982,6,17,0.9939271255060729,0.982982982982983,0.988988988988989,0.9884247609461501
2,23,semiregular,2,860,835,25,771,89,64,0.8965116279069767,0.9233532934131736,1.029940119760479,0.9097345132743363
2,23,irregular,2,205,266,61,176,29,90,0.8585365853658536,0.6616541353383458,0.7706766917293233,0.7473460721868366
2,23,regular,3,1000,999,1,987,13,12,0.987,0.987987987987988,1.001001001001001,0.9874937468734368
2,23,semiregular,3,850,835,15,800,50,35,0.9411764705882353,0.9580838323353293,1.0179640718562875,0.9495548961424332
2,23,irregular,3,255,266,11,218,37,48,0.8549019607843137,0.8195488721804511,0.9586466165413534,0.8368522072936659
2,24,regular,1,1068,1079,11,1061,7,18,0.9934456928838952,0.9833178869323448,0.989805375347544,0.9883558453656265
2,24,semiregular,1,635,680,45,579,56,101,0.9118110236220472,0.8514705882352941,0.9338235294117647,0.8806083650190114
2,24,irregular,1,223,247,24,131,92,116,0.5874439461883408,0.5303643724696356,0.902834008097166,0.5574468085106382
2,24,regular,2,1047,1079,32,1040,7,39,0.9933142311365807,0.963855421686747,0.9703429101019463,0.9783631232361242
2,24,semiregular,2,629,680,51,591,38,89,0.9395866454689984,0.8691176470588236,0.925,0.9029793735676088
2,24,irregular,2,206,247,41,194,12,53,0.941747572815534,0.7854251012145749,0.8340080971659919,0.8565121412803531
2,24,regular,3,1040,1079,39,1038,2,41,0.9980769230769231,0.9620018535681186,0.963855421686747,0.9797074091552618
2,24,semiregular,3,641,680,39,620,21,60,0.9672386895475819,0.9117647058823529,0.9426470588235294,0.9386828160484482
2,24,irregular,3,234,247,13,213,21,34,0.9102564102564102,0.8623481781376519,0.9473684210526315,0.8856548856548857
2,25,regular,1,916,946,30,915,1,31,0.9989082969432315,0.96723044397463,0.9682875264270613,0.9828141783029002
2,25,semiregular,1,702,718,16,628,74,90,0.8945868945868946,0.8746518105849582,0.9777158774373259,0.8845070422535211
2,25,irregular,1,301,207,94,135,166,72,0.4485049833887043,0.6521739130434783,1.4541062801932367,0.5314960629921259
2,25,regular,2,923,946,23,922,1,24,0.9989165763813651,0.9746300211416491,0.9756871035940803,0.9866238630283575
2,25,semiregular,2,731,718,13,659,72,59,0.9015047879616963,0.9178272980501393,1.0181058495821727,0.9095928226363009
2,25,irregular,2,168,207,39,135,33,72,0.8035714285714286,0.6521739130434783,0.8115942028985508,0.7200000000000001
2,25,regular,3,905,946,41,905,0,41,1.0,0.9566596194503171,0.9566596194503171,0.97784981091302
2,25,semiregular,3,634,718,84,594,40,124,0.9369085173501577,0.8272980501392758,0.883008356545961,0.878698224852071
2,25,irregular,3,216,207,9,151,65,56,0.6990740740740741,0.7294685990338164,1.0434782608695652,0.7139479905437353
2,26,regular,1,1005,985,20,980,25,5,0.9751243781094527,0.9949238578680203,1.0203045685279188,0.9849246231155779
2,26,semiregular,1,811,720,91,687,124,33,0.8471023427866831,0.9541666666666667,1.1263888888888889,0.8974526453298499
2,26,irregular,1,356,214,142,187,169,27,0.5252808988764045,0.8738317757009346,1.6635514018691588,0.656140350877193
2,26,regular,2,1012,985,27,984,28,1,0.9723320158102767,0.9989847715736041,1.0274111675126905,0.9854782173259891
2,26,semiregular,2,771,720,51,678,93,42,0.8793774319066148,0.9416666666666667,1.0708333333333333,0.9094567404426559
2,26,irregular,2,241,214,27,162,79,52,0.6721991701244814,0.7570093457943925,1.1261682242990654,0.7120879120879122
2,26,regular,3,1086,985,101,981,105,4,0.9033149171270718,0.9959390862944163,1.1025380710659898,0.9473684210526316
2,26,semiregular,3,679,720,41,632,47,88,0.930780559646539,0.8777777777777778,0.9430555555555555,0.9035025017869907
2,26,irregular,3,243,214,29,192,51,22,0.7901234567901234,0.897196261682243,1.1355140186915889,0.8402625820568926
2,27,regular,1,1123,1166,43,1119,4,47,0.9964381121994658,0.9596912521440824,0.9631217838765008,0.9777195281782439
2,27,semiregular,1,652,728,76,577,75,151,0.8849693251533742,0.7925824175824175,0.8956043956043956,0.836231884057971
2,27,irregular,1,239,270,31,133,106,137,0.5564853556485355,0.4925925925925926,0.8851851851851852,0.5225933202357563
2,27,regular,2,1120,1166,46,1115,5,51,0.9955357142857143,0.9562607204116638,0.9605488850771869,0.9755030621172354
2,27,semiregular,2,707,728,21,646,61,82,0.9137199434229137,0.8873626373626373,0.9711538461538461,0.9003484320557492
2,27,irregular,2,236,270,34,206,30,64,0.8728813559322034,0.762962962962963,0.8740740740740741,0.8142292490118577
2,27,regular,3,1143,1166,23,1142,1,24,0.9991251093613298,0.9794168096054888,0.9802744425385935,0.9891728020788221
2,27,semiregular,3,682,728,46,649,33,79,0.9516129032258065,0.8914835164835165,0.9368131868131868,0.9205673758865249
2,27,irregular,3,248,270,22,224,24,46,0.9032258064516129,0.8296296296296296,0.9185185185185185,0.8648648648648648
2,28,regular,1,1068,1098,30,1056,12,42,0.9887640449438202,0.9617486338797814,0.9726775956284153,0.9750692520775623
2,28,semiregular,1,901,859,42,804,97,55,0.8923418423973363,0.9359720605355064,1.048894062863795,0.9136363636363636
2,28,irregular,1,348,293,55,146,202,147,0.41954022988505746,0.49829351535836175,1.1877133105802047,0.45553822152886114
2,28,regular,2,1083,1098,15,1069,14,29,0.987072945521699,0.9735883424408015,0.9863387978142076,0.9802842732691426
2,28,semiregular,2,797,859,62,734,63,125,0.9209535759096612,0.8544819557625145,0.9278230500582072,0.8864734299516909
2,28,irregular,2,236,293,57,201,35,92,0.8516949152542372,0.6860068259385665,0.8054607508532423,0.7599243856332702
2,28,regular,3,1080,1098,18,1075,5,23,0.9953703703703703,0.9790528233151184,0.9836065573770492,0.9871441689623508
2,28,semiregular,3,803,859,56,771,32,88,0.9601494396014943,0.8975552968568102,0.9348079161816065,0.927797833935018
2,28,irregular,3,271,293,22,220,51,73,0.8118081180811808,0.7508532423208191,0.9249146757679181,0.7801418439716311
2,29,regular,1,1126,1140,14,1124,2,16,0.9982238010657194,0.9859649122807017,0.987719298245614,0.9920564872021183
2,29,semiregular,1,924,869,55,803,121,66,0.8690476190476191,0.9240506329113924,1.0632911392405062,0.8957055214723927
2,29,irregular,1,260,247,13,150,110,97,0.5769230769230769,0.6072874493927125,1.0526315789473684,0.5917159763313609
2,29,regular,2,1107,1140,33,1106,1,34,0.999096657633243,0.9701754385964912,0.9710526315789474,0.9844236760124611
2,29,semiregular,2,997,869,128,842,155,27,0.8445336008024072,0.9689298043728424,1.147295742232451,0.902465166130761
2,29,irregular,2,258,247,11,214,44,33,0.8294573643410853,0.8663967611336032,1.0445344129554657,0.8475247524752475
2,29,regular,3,1067,1140,73,1067,0,73,1.0,0.9359649122807018,0.9359649122807018,0.9669234254644313
2,29,semiregular,3,877,869,8,793,84,76,0.9042189281641961,0.9125431530494822,1.0092059838895282,0.9083619702176403
2,29,irregular,3,250,247,3,213,37,34,0.852,0.8623481781376519,1.0121457489878543,0.8571428571428571
2,30,regular,1,970,997,27,970,0,27,1.0,0.9729187562688064,0.9729187562688064,0.9862735129639044
2,30,semiregular,1,795,810,15,729,66,81,0.9169811320754717,0.9,0.9814814814814815,0.908411214953271
2,30,irregular,1,346,250,96,148,198,102,0.4277456647398844,0.592,1.384,0.4966442953020134
2,30,regular,2,991,997,6,988,3,9,0.9969727547931383,0.9909729187562688,0.9939819458375125,0.993963782696177
2,30,semiregular,2,806,810,4,753,53,57,0.93424317617866,0.9296296296296296,0.9950617283950617,0.9319306930693069
2,30,irregular,2,219,250,31,182,37,68,0.8310502283105022,0.728,0.876,0.7761194029850746
2,30,regular,3,999,997,2,994,5,3,0.994994994994995,0.9969909729187563,1.0020060180541626,0.9959919839679359
2,30,semiregular,3,784,810,26,743,41,67,0.9477040816326531,0.917283950617284,0.9679012345679012,0.932245922208281
2,30,irregular,3,240,250,10,194,46,56,0.8083333333333333,0.776,0.96,0.7918367346938776
3,1,regular,1,957,937,20,937,20,0,0.9791013584117032,1.0,1.0213447171824974,0.9894403379091868
3,1,semiregular,1,759,703,56,643,116,60,0.847167325428195,0.914651493598862,1.0796586059743956,0.8796169630642955
3,1,irregular,1,170,199,29,128,42,71,0.7529411764705882,0.6432160804020101,0.8542713567839196,0.6937669376693766
3,1,regular,2,987,937,50,933,54,4,0.9452887537993921,0.9957310565635006,1.0533617929562433,0.96985446985447
3,1,semiregular,2,763,703,60,665,98,38,0.8715596330275229,0.9459459459459459,1.085348506401138,0.9072305593451568
3,1,irregular,2,204,199,5,164,40,35,0.803921568627451,0.8241206030150754,1.0251256281407035,0.8138957816377171
3,1,regular,3,940,937,3,934,6,3,0.9936170212765958,0.9967982924226254,1.0032017075773747,0.9952051145444859
3,1,semiregular,3,700,703,3,633,67,70,0.9042857142857142,0.9004267425320057,0.9957325746799431,0.902352102637206
3,1,irregular,3,203,199,4,174,29,25,0.8571428571428571,0.8743718592964824,1.020100502512563,0.8656716417910447
3,2,regular,1,1142,1224,82,1134,8,90,0.9929947460595446,0.9264705882352942,0.9330065359477124,0.9585798816568047
3,2,semiregular,1,570,647,77,541,29,106,0.9491228070175438,0.8361669242658424,0.8809891808346213,0.8890714872637634
3,2,irregular,1,188,217,29,94,94,123,0.5,0.43317972350230416,0.8663594470046083,0.4641975308641975
3,2,regular,2,1156,1224,68,1145,11,79,0.990484429065744,0.9354575163398693,0.9444444444444444,0.9621848739495799
3,2,semiregular,2,635,647,12,609,26,38,0.9590551181102362,0.9412673879443586,0.98145285935085,0.9500780031201249
3,2,irregular,2,236,217,19,178,58,39,0.7542372881355932,0.8202764976958525,1.087557603686636,0.7858719646799117
3,2,regular,3,1199,1224,25,1196,3,28,0.9974979149291076,0.9771241830065359,0.9795751633986928,0.9872059430458109
3,2,semiregular,3,608,647,39,587,21,60,0.9654605263157895,0.9072642967542504,0.9397217928902627,0.9354581673306772
3,2,irregular,3,249,217,32,210,39,7,0.8433734939759037,0.967741935483871,1.1474654377880185,0.9012875536480687
3,3,regular,1,1006,1053,47,1005,1,48,0.9990059642147118,0.9544159544159544,0.9553656220322887,0.9762020398251579
3,3,semiregular,1,717,716,1,657,60,59,0.9163179916317992,0.9175977653631285,1.0013966480446927,0.916957431960921
3,3,irregular,1,195,224,29,128,67,96,0.6564102564102564,0.5714285714285714,0.8705357142857143,0.6109785202863961
3,3,regular,2,992,1053,61,992,0,61,1.0,0.9420702754036088,0.9420702754036088,0.9701711491442543
3,3,semiregular,2,700,716,16,647,53,69,0.9242857142857143,0.9036312849162011,0.9776536312849162,0.9138418079096045
3,3,irregular,2,230,224,6,185,45,39,0.8043478260869565,0.8258928571428571,1.0267857142857142,0.8149779735682818
3,3,regular,3,1023,1053,30,1022,1,31,0.9990224828934506,0.9705603038936372,0.9715099715099715,0.9845857418111754
3,3,semiregular,3,669,716,47,625,44,91,0.9342301943198804,0.8729050279329609,0.9343575418994413,0.9025270758122743
3,3,irregular,3,239,224,15,201,38,23,0.8410041841004184,0.8973214285714286,1.0669642857142858,0.8682505399568035
3,4,regular,1,1106,1101,5,1094,12,7,0.9891500904159132,0.9936421435059037,1.0045413260672116,0.991391028545537
3,4,semiregular,1,634,614,20,518,116,96,0.8170347003154574,0.8436482084690554,1.0325732899022801,0.8301282051282051
3,4,irregular,1,200,228,28,120,80,108,0.6,0.5263157894736842,0.8771929824561403,0.5607476635514018
3,4,regular,2,1062,1101,39,1058,4,43,0.9962335216572504,0.96094459582198,0.9645776566757494,0.9782709200184928
3,4,semiregular,2,611,614,3,554,57,60,0.9067103109656302,0.9022801302931596,0.995114006514658,0.9044897959183674
3,4,irregular,2,249,228,21,192,57,36,0.7710843373493976,0.8421052631578947,1.0921052631578947,0.8050314465408805
3,4,regular,3,1114,1101,13,1100,14,1,0.9874326750448833,0.9990917347865577,1.0118074477747503,0.9932279909706546
3,4,semiregular,3,606,614,8,544,62,70,0.8976897689768977,0.8859934853420195,0.9869706840390879,0.8918032786885246
3,4,irregular,3,264,228,36,210,54,18,0.7954545454545454,0.9210526315789473,1.1578947368421053,0.8536585365853658
3,5,regular,1,1015,1044,29,1014,1,30,0.9990147783251232,0.9712643678160919,0.9722222222222222,0.9849441476444876
3,5,semiregular,1,769,668,101,628,141,40,0.8166449934980494,0.9401197604790419,1.151197604790419,0.8740431454418928
3,5,irregular,1,204,217,13,130,74,87,0.6372549019607843,0.5990783410138248,0.9400921658986175,0.6175771971496438
3,5,regular,2,1061,1044,17,1044,17,0,0.9839773798303487,1.0,1.0162835249042146,0.9919239904988123
3,5,semiregular,2,737,668,69,640,97,28,0.8683853459972863,0.9580838323353293,1.1032934131736527,0.911032028469751
3,5,irregular,2,243,217,26,182,61,35,0.7489711934156379,0.8387096774193549,1.119815668202765,0.7913043478260869
3,5,regular,3,1054,1044,10,1043,11,1,0.9895635673624289,0.9990421455938697,1.0095785440613028,0.994280266920877
3,5,semiregular,3,693,668,25,611,82,57,0.8816738816738817,0.9146706586826348,1.0374251497005988,0.8978692138133726
3,5,irregular,3,229,217,12,190,39,27,0.8296943231441049,0.8755760368663594,1.055299539170507,0.8520179372197311
3,6,regular,1,943,915,28,910,33,5,0.9650053022269353,0.994535519125683,1.0306010928961749,0.9795479009687836
3,6,semiregular,1,688,701,13,629,59,72,0.9142441860465116,0.8972895863052782,0.9814550641940085,0.9056875449964003
3,6,irregular,1,165,195,30,89,76,106,0.5393939393939394,0.4564102564102564,0.8461538461538461,0.4944444444444444
3,6,regular,2,976,915,61,915,61,0,0.9375,1.0,1.0666666666666667,0.967741935483871
3,6,semiregular,2,747,701,46,669,78,32,0.8955823293172691,0.9543509272467903,1.065620542082739,0.9240331491712707
3,6,irregular,2,233,195,38,121,112,74,0.51931330472103,0.6205128205128205,1.1948717948717948,0.5654205607476634
3,6,regular,3,928,915,13,914,14,1,0.9849137931034483,0.9989071038251366,1.014207650273224,0.9918610960390668
3,6,semiregular,3,705,701,4,658,47,43,0.9333333333333333,0.9386590584878745,1.005706134094151,0.9359886201991465
3,6,irregular,3,229,195,34,174,55,21,0.759825327510917,0.8923076923076924,1.1743589743589744,0.820754716981132
3,7,regular,1,1193,1230,37,1185,8,45,0.9932942162615256,0.9634146341463414,0.9699186991869919,0.9781262897234833
3,7,semiregular,1,716,761,45,618,98,143,0.8631284916201117,0.812089356110381,0.9408672798948752,0.8368314150304671
3,7,irregular,1,184,225,41,100,84,125,0.5434782608695652,0.4444444444444444,0.8177777777777778,0.4889975550122249
3,7,regular,2,1246,1230,16,1224,22,6,0.9823434991974318,0.9951219512195122,1.0130081300813008,0.9886914378029079
3,7,semiregular,2,717,761,44,645,72,116,0.899581589958159,0.8475689881734559,0.9421813403416557,0.8728010825439783
3,7,irregular,2,238,225,13,174,64,51,0.7310924369747899,0.7733333333333333,1.0577777777777777,0.7516198704103672
3,7,regular,3,1235,1230,5,1225,10,5,0.9919028340080972,0.9959349593495935,1.0040650406504066,0.9939148073022313
3,7,semiregular,3,728,761,33,668,60,93,0.9175824175824175,0.8777923784494087,0.9566360052562418,0.8972464741437206
3,7,irregular,3,268,225,43,209,59,16,0.7798507462686567,0.9288888888888889,1.191111111111111,0.8478701825557808
3,8,regular,1,1036,1035,1,1026,10,9,0.9903474903474904,0.991304347826087,1.0009661835748793,0.9908256880733944
3,8,semiregular,1,818,827,9,725,93,102,0.8863080684596577,0.8766626360338573,0.9891172914147521,0.8814589665653496
3,8,irregular,1,224,243,19,127,97,116,0.5669642857142857,0.522633744855967,0.9218106995884774,0.5438972162740899
3,8,regular,2,1019,1035,16,1012,7,23,0.9931305201177625,0.9777777777777777,0.9845410628019323,0.98539435248296
3,8,semiregular,2,846,827,19,767,79,60,0.9066193853427896,0.9274486094316807,1.022974607013301,0.9169157202630005
3,8,irregular,2,260,243,17,186,74,57,0.7153846153846154,0.7654320987654321,1.0699588477366255,0.7395626242544732
3,8,regular,3,1040,1035,5,1030,10,5,0.9903846153846154,0.9951690821256038,1.0048309178743962,0.9927710843373494
3,8,semiregular,3,806,827,21,747,59,80,0.9267990074441688,0.9032648125755743,0.9746070133010882,0.9148805878750764
3,8,irregular,3,251,243,8,214,37,29,0.852589641434263,0.8806584362139918,1.0329218106995885,0.8663967611336033
3,9,regular,1,1050,1107,57,1045,5,62,0.9952380952380953,0.9439927732610659,0.948509485094851,0.9689383402874361
3,9,semiregular,1,612,701,89,577,35,124,0.9428104575163399,0.8231098430813124,0.8730385164051355,0.8789032749428789
3,9,irregular,1,202,266,64,123,79,143,0.6089108910891089,0.462406015037594,0.7593984962406015,0.5256410256410257
3,9,regular,2,1032,1107,75,1028,4,79,0.9961240310077519,0.928635953026197,0.9322493224932249,0.9611968209443665
3,9,semiregular,2,633,701,68,601,32,100,0.9494470774091627,0.8573466476462197,0.9029957203994294,0.9010494752623689
3,9,irregular,2,259,266,7,201,58,65,0.7760617760617761,0.7556390977443609,0.9736842105263158,0.7657142857142857
3,9,regular,3,1067,1107,40,1066,1,41,0.9990627928772259,0.9629629629629629,0.96386630532972,0.9806807727690892
3,9,semiregular,3,635,701,66,617,18,84,0.9716535433070866,0.8801711840228246,0.905848787446505,0.9236526946107785
3,9,irregular,3,282,266,16,231,51,35,0.8191489361702128,0.868421052631579,1.0601503759398496,0.843065693430657
3,10,regular,1,1035,1014,21,1009,26,5,0.9748792270531401,0.995069033530572,1.0207100591715976,0.9848706686188385
3,10,semiregular,1,678,656,22,616,62,40,0.9085545722713865,0.9390243902439024,1.0335365853658536,0.9235382308845578
3,10,irregular,1,206,247,41,152,54,95,0.7378640776699029,0.6153846153846154,0.8340080971659919,0.6710816777041942
3,10,regular,2,1014,1014,0,991,23,23,0.9773175542406312,0.9773175542406312,1.0,0.9773175542406312
3,10,semiregular,2,670,656,14,613,57,43,0.9149253731343283,0.9344512195121951,1.021341463414634,0.9245852187028658
3,10,irregular,2,248,247,1,203,45,44,0.8185483870967742,0.8218623481781376,1.0040485829959513,0.8202020202020203
3,10,regular,3,1045,1014,31,1012,33,2,0.968421052631579,0.9980276134122288,1.0305719921104537,0.9830014570179698
3,10,semiregular,3,638,656,18,596,42,60,0.9341692789968652,0.9085365853658537,0.9725609756097561,0.9211746522411128
3,10,irregular,3,239,247,8,217,22,30,0.9079497907949791,0.8785425101214575,0.9676113360323887,0.8930041152263374
3,11,regular,1,1068,1070,2,1065,3,5,0.9971910112359551,0.9953271028037384,0.9981308411214953,0.9962581852198317
3,11,semiregular,1,767,700,67,662,105,38,0.863102998696219,0.9457142857142857,1.0957142857142856,0.9025221540558963
3,11,irregular,1,197,239,42,130,67,109,0.6598984771573604,0.5439330543933054,0.8242677824267782,0.5963302752293578
3,11,regular,2,1090,1070,20,1070,20,0,0.981651376146789,1.0,1.0186915887850467,0.9907407407407407
3,11,semiregular,2,663,700,37,613,50,87,0.9245852187028658,0.8757142857142857,0.9471428571428572,0.8994864269992663
3,11,irregular,2,228,239,11,180,48,59,0.7894736842105263,0.7531380753138075,0.9539748953974896,0.7708779443254818
3,11,regular,3,1064,1070,6,1064,0,6,1.0,0.994392523364486,0.994392523364486,0.9971883786316776
3,11,semiregular,3,658,700,42,607,51,93,0.9224924012158054,0.8671428571428571,0.94,0.893961708394698
3,11,irregular,3,250,239,11,212,38,27,0.848,0.8870292887029289,1.0460251046025104,0.8670756646216768
3,12,regular,1,1042,1007,35,1007,35,0,0.9664107485604606,1.0,1.0347567030784508,0.9829184968277209
3,12,semiregular,1,737,641,96,614,123,27,0.8331071913161465,0.9578783151326054,1.1497659906396256,0.8911465892597967
3,12,irregular,1,235,204,31,157,78,47,0.6680851063829787,0.7696078431372549,1.1519607843137254,0.7152619589977219
3,12,regular,2,1022,1007,15,1007,15,0,0.9853228962818004,1.0,1.0148957298907646,0.9926071956628881
3,12,semiregular,2,689,641,48,595,94,46,0.8635703918722787,0.9282371294851794,1.0748829953198127,0.8947368421052633
3,12,irregular,2,277,204,73,187,90,17,0.6750902527075813,0.9166666666666666,1.357843137254902,0.7775467775467776
3,12,regular,3,1028,1007,21,1007,21,0,0.9795719844357976,1.0,1.0208540218470705,0.9896805896805896
3,12,semiregular,3,644,641,3,582,62,59,0.9037267080745341,0.9079563182527302,1.0046801872074882,0.9058365758754864
3,12,irregular,3,270,204,66,197,73,7,0.7296296296296296,0.9656862745098039,1.3235294117647058,0.8312236286919832
3,13,regular,1,961,1000,39,961,0,39,1.0,0.961,0.961,0.9801121876593575
3,13,semiregular,1,842,815,27,769,73,46,0.9133016627078385,0.943558282208589,1.0331288343558283,0.9281834640917321
3,13,irregular,1,275,216,59,147,128,69,0.5345454545454545,0.6805555555555556,1.2731481481481481,0.5987780040733198
3,13,regular,2,1016,1000,16,1000,16,0,0.984251968503937,1.0,1.016,0.9920634920634921
3,13,semiregular,2,834,815,19,775,59,40,0.9292565947242206,0.950920245398773,1.023312883435583,0.939963614311704
3,13,irregular,2,282,216,66,197,85,19,0.6985815602836879,0.9120370370370371,1.3055555555555556,0.7911646586345382
3,13,regular,3,1025,1000,25,999,26,1,0.9746341463414634,0.999,1.025,0.9866666666666666
3,13,semiregular,3,780,815,35,750,30,65,0.9615384615384616,0.9202453987730062,0.9570552147239264,0.9404388714733541
3,13,irregular,3,245,216,29,203,42,13,0.8285714285714286,0.9398148148148148,1.1342592592592593,0.8806941431670282
3,14,regular,1,1001,1052,51,1001,0,51,1.0,0.9515209125475285,0.9515209125475285,0.9751583049196297
3,14,semiregular,1,876,913,37,819,57,94,0.934931506849315,0.8970427163198248,0.9594742606790799,0.9155953046394635
3,14,irregular,1,218,217,1,126,92,91,0.5779816513761468,0.5806451612903226,1.0046082949308757,0.5793103448275863
3,14,regular,2,988,1052,64,985,3,67,0.9969635627530364,0.9363117870722434,0.9391634980988594,0.9656862745098038
3,14,semiregular,2,941,913,28,856,85,57,0.9096705632306057,0.9375684556407448,1.0306681270536693,0.9234088457389429
3,14,irregular,2,246,217,29,182,64,35,0.7398373983739838,0.8387096774193549,1.1336405529953917,0.7861771058315336
3,14,regular,3,1034,1052,18,1033,1,19,0.9990328820116054,0.9819391634980988,0.9828897338403042,0.9904122722914669
3,14,semiregular,3,856,913,57,822,34,91,0.9602803738317757,0.9003285870755751,0.9375684556407448,0.9293386093838327
3,14,irregular,3,227,217,10,200,27,17,0.8810572687224669,0.9216589861751152,1.0460829493087558,0.9009009009009009
3,15,regular,1,977,964,13,964,13,0,0.9866939611054247,1.0,1.0134854771784232,0.9933024214322513
3,15,semiregular,1,820,774,46,737,83,37,0.8987804878048781,0.9521963824289406,1.0594315245478036,0.9247176913425346
3,15,irregular,1,189,218,29,146,43,72,0.7724867724867724,0.6697247706422018,0.8669724770642202,0.7174447174447175
3,15,regular,2,953,964,11,951,2,13,0.9979013641133263,0.9865145228215768,0.9885892116182573,0.9921752738654147
3,15,semiregular,2,767,774,7,714,53,60,0.9308996088657105,0.9224806201550387,0.9909560723514211,0.926670992861778
3,15,irregular,2,238,218,20,195,43,23,0.819327731092437,0.8944954128440367,1.091743119266055,0.8552631578947368
3,15,regular,3,956,964,8,956,0,8,1.0,0.991701244813278,0.991701244813278,0.9958333333333333
3,15,semiregular,3,707,774,67,673,34,101,0.9519094766619519,0.8695090439276486,0.91343669250646,0.9088453747467927
3,15,irregular,3,236,218,18,203,33,15,0.8601694915254238,0.9311926605504587,1.0825688073394495,0.894273127753304
3,16,regular,1,420,1109,689,419,1,690,0.9976190476190476,0.37781785392245265,0.3787195671776375,0.5480706344015697
3,16,semiregular,1,389,681,292,337,52,344,0.8663239074550129,0.4948604992657856,0.5712187958883994,0.6299065420560748
3,16,irregular,1,261,272,11,94,167,178,0.36015325670498083,0.34558823529411764,0.9595588235294118,0.35272045028142585
3,16,regular,2,1154,1109,45,1109,45,0,0.9610051993067591,1.0,1.0405770964833183,0.9801148917366327
3,16,semiregular,2,655,681,26,599,56,82,0.9145038167938931,0.8795888399412628,0.9618208516886931,0.8967065868263472
3,16,irregular,2,278,272,6,212,66,60,0.762589928057554,0.7794117647058824,1.0220588235294117,0.770909090909091
3,16,regular,3,1122,1109,13,1108,14,1,0.9875222816399287,0.9990982867448152,1.011722272317403,0.9932765575974899
3,16,semiregular,3,614,681,67,572,42,109,0.9315960912052117,0.8399412628487518,0.9016152716593245,0.8833976833976834
3,16,irregular,3,238,272,34,215,23,57,0.9033613445378151,0.7904411764705882,0.875,0.8431372549019608
3,17,regular,1,628,1029,401,626,2,403,0.9968152866242038,0.608357628765792,0.6103012633624878,0.7555823777911889
3,17,semiregular,1,521,837,316,475,46,362,0.9117082533589251,0.5675029868578255,0.6224611708482676,0.6995581737849778
3,17,irregular,1,283,240,43,87,196,153,0.30742049469964666,0.3625,1.1791666666666667,0.3326959847036329
3,17,regular,2,1051,1029,22,1029,22,0,0.9790675547098002,1.0,1.021379980563654,0.989423076923077
3,17,semiregular,2,861,837,24,781,80,56,0.9070847851335656,0.9330943847072879,1.028673835125448,0.9199057714958775
3,17,irregular,2,313,240,73,185,128,55,0.5910543130990416,0.7708333333333334,1.3041666666666667,0.6690777576853526
3,17,regular,3,1060,1029,31,1028,32,1,0.969811320754717,0.9990281827016521,1.0301263362487851,0.9842029679272378
3,17,semiregular,3,809,837,28,768,41,69,0.9493201483312732,0.9175627240143369,0.966547192353644,0.9331713244228433
3,17,irregular,3,278,240,38,210,68,30,0.7553956834532374,0.875,1.1583333333333334,0.8108108108108109
3,18,regular,1,834,1044,210,833,1,211,0.9988009592326139,0.7978927203065134,0.7988505747126436,0.8871139510117145
3,18,semiregular,1,580,801,221,551,29,250,0.95,0.6878901373283396,0.7240948813982522,0.7979724837074584
3,18,irregular,1,241,252,11,110,131,142,0.45643153526970953,0.4365079365079365,0.9563492063492064,0.4462474645030426
3,18,regular,2,1123,1044,79,1044,79,0,0.9296527159394479,1.0,1.0756704980842913,0.9635440701430549
3,18,semiregular,2,855,801,54,775,80,26,0.9064327485380117,0.9675405742821473,1.0674157303370786,0.9359903381642513
3,18,irregular,2,303,252,51,214,89,38,0.7062706270627063,0.8492063492063492,1.2023809523809523,0.7711711711711712
3,18,regular,3,1085,1044,41,1044,41,0,0.9622119815668203,1.0,1.039272030651341,0.9807421324565524
3,18,semiregular,3,782,801,19,745,37,56,0.9526854219948849,0.9300873907615481,0.9762796504369539,0.9412507896399243
3,18,irregular,3,280,252,28,224,56,28,0.8,0.8888888888888888,1.1111111111111112,0.8421052631578948
3,19,regular,1,1070,1076,6,1062,8,14,0.9925233644859813,0.9869888475836431,0.9944237918215614,0.9897483690587139
3,19,semiregular,1,737,753,16,674,63,79,0.9145183175033921,0.8950863213811421,0.9787516600265604,0.9046979865771811
3,19,irregular,1,242,245,3,150,92,95,0.6198347107438017,0.6122448979591837,0.9877551020408163,0.6160164271047227
3,19,regular,2,1105,1076,29,1075,30,1,0.9728506787330317,0.9990706319702602,1.0269516728624535,0.9857863365428702
3,19,semiregular,2,691,753,62,657,34,96,0.9507959479015919,0.8725099601593626,0.9176626826029216,0.9099722991689752
3,19,irregular,2,272,245,27,200,72,45,0.7352941176470589,0.8163265306122449,1.110204081632653,0.7736943907156674
3,19,regular,3,1086,1076,10,1074,12,2,0.988950276243094,0.9981412639405205,1.0092936802973977,0.9935245143385755
3,19,semiregular,3,652,753,101,621,31,132,0.9524539877300614,0.8247011952191236,0.8658698539176627,0.8839857651245553
3,19,irregular,3,252,245,7,214,38,31,0.8492063492063492,0.8734693877551021,1.0285714285714285,0.8611670020120725
3,20,regular,1,1148,1251,103,1144,4,107,0.9965156794425087,0.9144684252597922,0.9176658673061551,0.9537307211338057
3,20,semiregular,1,867,841,26,757,110,84,0.8731257208765859,0.9001189060642093,1.0309155766944114,0.8864168618266979
3,20,irregular,1,251,252,1,135,116,117,0.5378486055776892,0.5357142857142857,0.996031746031746,0.5367793240556661
3,20,regular,2,1152,1251,99,1148,4,103,0.9965277777777778,0.9176658673061551,0.920863309352518,0.9554723262588432
3,20,semiregular,2,784,841,57,705,79,136,0.8992346938775511,0.8382877526753865,0.9322235434007135,0.8676923076923078
3,20,irregular,2,265,252,13,190,75,62,0.7169811320754716,0.753968253968254,1.0515873015873016,0.735009671179884
3,20,regular,3,1154,1251,97,1154,0,97,1.0,0.9224620303756994,0.9224620303756994,0.9596673596673596
3,20,semiregular,3,777,841,64,719,58,122,0.9253539253539254,0.8549346016646849,0.9239001189060642,0.888751545117429
3,20,irregular,3,251,252,1,223,28,29,0.8884462151394422,0.8849206349206349,0.996031746031746,0.8866799204771372
3,21,regular,1,943,920,23,919,24,1,0.9745493107104984,0.9989130434782608,1.025,0.986580783682233
3,21,semiregular,1,643,549,94,505,138,44,0.7853810264385692,0.9198542805100182,1.1712204007285973,0.8473154362416108
3,21,irregular,1,215,204,11,144,71,60,0.6697674418604651,0.7058823529411765,1.053921568627451,0.6873508353221958
3,21,regular,2,935,920,15,920,15,0,0.983957219251337,1.0,1.016304347826087,0.9919137466307278
3,21,semiregular,2,643,549,94,526,117,23,0.8180404354587869,0.9581056466302368,1.1712204007285973,0.8825503355704697
3,21,irregular,2,243,204,39,182,61,22,0.7489711934156379,0.8921568627450981,1.1911764705882353,0.814317673378076
3,21,regular,3,935,920,15,920,15,0,0.983957219251337,1.0,1.016304347826087,0.9919137466307278
3,21,semiregular,3,616,549,67,526,90,23,0.8538961038961039,0.9581056466302368,1.122040072859745,0.9030042918454936
3,21,irregular,3,241,204,37,194,47,10,0.8049792531120332,0.9509803921568627,1.1813725490196079,0.8719101123595505
3,22,regular,1,985,946,39,945,40,1,0.9593908629441624,0.9989429175475687,1.0412262156448202,0.9787674779906784
3,22,semiregular,1,774,703,71,661,113,42,0.8540051679586563,0.9402560455192034,1.10099573257468,0.8950575490859851
3,22,irregular,1,192,247,55,128,64,119,0.6666666666666666,0.5182186234817814,0.7773279352226721,0.5831435079726652
3,22,regular,2,972,946,26,946,26,0,0.9732510288065843,1.0,1.0274841437632136,0.986444212721585
3,22,semiregular,2,745,703,42,666,79,37,0.8939597315436242,0.9473684210526315,1.0597439544807965,0.919889502762431
3,22,irregular,2,248,247,1,197,51,50,0.7943548387096774,0.7975708502024291,1.0040485829959513,0.7959595959595959
3,22,regular,3,948,946,2,943,5,3,0.9947257383966245,0.9968287526427061,1.0021141649048626,0.9957761351636747
3,22,semiregular,3,683,703,20,630,53,73,0.9224011713030746,0.8961593172119487,0.9715504978662873,0.9090909090909091
3,22,irregular,3,275,247,28,220,55,27,0.8,0.8906882591093117,1.1133603238866396,0.8429118773946361
3,23,regular,1,947,999,52,938,9,61,0.9904963041182682,0.938938938938939,0.9479479479479479,0.9640287769784173
3,23,semiregular,1,860,835,25,749,111,86,0.8709302325581395,0.8970059880239521,1.029940119760479,0.8837758112094396
3,23,irregular,1,255,266,11,128,127,138,0.5019607843137255,0.48120300751879697,0.9586466165413534,0.491362763915547
3,23,regular,2,983,999,16,971,12,28,0.987792472024415,0.9719719719719719,0.983983983983984,0.9798183652875881
3,23,semiregular,2,879,835,44,798,81,37,0.9078498293515358,0.9556886227544911,1.0526946107784432,0.9311551925320886
3,23,irregular,2,260,266,6,187,73,79,0.7192307692307692,0.7030075187969925,0.9774436090225563,0.7110266159695818
3,23,regular,3,1002,999,3,998,4,1,0.9960079840319361,0.998998998998999,1.003003003003003,0.9975012493753124
3,23,semiregular,3,838,835,3,782,56,53,0.9331742243436754,0.9365269461077844,1.0035928143712576,0.9348475791990437
3,23,irregular,3,302,266,36,228,74,38,0.7549668874172185,0.8571428571428571,1.1353383458646618,0.8028169014084506
3,24,regular,1,1055,1079,24,1049,6,30,0.9943127962085309,0.9721964782205746,0.9777571825764597,0.9831302717900656
3,24,semiregular,1,654,680,26,588,66,92,0.8990825688073395,0.8647058823529412,0.961764705882353,0.8815592203898053
3,24,irregular,1,176,247,71,113,63,134,0.6420454545454546,0.4574898785425101,0.7125506072874493,0.5342789598108747
3,24,regular,2,1058,1079,21,1050,8,29,0.9924385633270322,0.9731232622798888,0.9805375347544022,0.9826860084230229
3,24,semiregular,2,632,680,48,598,34,82,0.9462025316455697,0.8794117647058823,0.9294117647058824,0.9115853658536586
3,24,irregular,2,234,247,13,194,40,53,0.8290598290598291,0.7854251012145749,0.9473684210526315,0.8066528066528067
3,24,regular,3,1054,1079,25,1052,2,27,0.9981024667931688,0.9749768303985171,0.9768303985171455,0.986404125644632
3,24,semiregular,3,621,680,59,594,27,86,0.9565217391304348,0.8735294117647059,0.913235294117647,0.9131437355880093
3,24,irregular,3,255,247,8,228,27,19,0.8941176470588236,0.9230769230769231,1.0323886639676114,0.9083665338645418
3,25,regular,1,924,946,22,923,1,23,0.9989177489177489,0.9756871035940803,0.9767441860465116,0.9871657754010695
3,25,semiregular,1,720,718,2,643,77,75,0.8930555555555556,0.8955431754874652,1.0027855153203342,0.8942976356050071
3,25,irregular,1,211,207,4,114,97,93,0.5402843601895735,0.5507246376811594,1.0193236714975846,0.5454545454545455
3,25,regular,2,932,946,14,931,1,15,0.9989270386266095,0.9841437632135307,0.985200845665962,0.9914802981895634
3,25,semiregular,2,767,718,49,683,84,35,0.8904823989569752,0.9512534818941504,1.0682451253481895,0.9198653198653198
3,25,irregular,2,291,207,84,158,133,49,0.5429553264604811,0.7632850241545893,1.4057971014492754,0.6345381526104418
3,25,regular,3,939,946,7,938,1,8,0.9989350372736954,0.9915433403805497,0.992600422832981,0.9952254641909813
3,25,semiregular,3,627,718,91,578,49,140,0.9218500797448166,0.8050139275766016,0.8732590529247911,0.8594795539033457
3,25,irregular,3,242,207,35,157,85,50,0.6487603305785123,0.7584541062801933,1.1690821256038648,0.6993318485523385
3,26,regular,1,1020,985,35,984,36,1,0.9647058823529412,0.9989847715736041,1.0355329949238579,0.9815461346633417
3,26,semiregular,1,787,720,67,684,103,36,0.8691232528589581,0.95,1.0930555555555554,0.9077637690776377
3,26,irregular,1,284,214,70,166,118,48,0.5845070422535211,0.7757009345794392,1.3271028037383177,0.6666666666666667
3,26,regular,2,975,985,10,963,12,22,0.9876923076923076,0.9776649746192894,0.9898477157360406,0.9826530612244898
3,26,semiregular,2,735,720,15,662,73,58,0.9006802721088435,0.9194444444444444,1.0208333333333333,0.9099656357388316
3,26,irregular,2,283,214,69,167,116,47,0.5901060070671378,0.780373831775701,1.3224299065420562,0.6720321931589538
3,26,regular,3,1065,985,80,982,83,3,0.9220657276995305,0.9969543147208122,1.0812182741116751,0.9580487804878048
3,26,semiregular,3,684,720,36,631,53,89,0.922514619883041,0.8763888888888889,0.95,0.8988603988603988
3,26,irregular,3,266,214,52,200,66,14,0.7518796992481203,0.9345794392523364,1.2429906542056075,0.8333333333333334
3,27,regular,1,1106,1166,60,1103,3,63,0.9972875226039783,0.9459691252144082,0.9485420240137221,0.9709507042253522
3,27,semiregular,1,638,728,90,562,76,166,0.8808777429467085,0.771978021978022,0.8763736263736264,0.8228404099560762
3,27,irregular,1,191,270,79,130,61,140,0.680628272251309,0.48148148148148145,0.7074074074074074,0.5639913232104121
3,27,regular,2,1108,1166,58,1104,4,62,0.9963898916967509,0.9468267581475128,0.9502572898799314,0.970976253298153
3,27,semiregular,2,707,728,21,648,59,80,0.9165487977369166,0.8901098901098901,0.9711538461538461,0.9031358885017421
3,27,irregular,2,280,270,10,216,64,54,0.7714285714285715,0.8,1.037037037037037,0.7854545454545454
3,27,regular,3,1152,1166,14,1151,1,15,0.9991319444444444,0.9871355060034306,0.9879931389365352,0.9930974978429681
3,27,semiregular,3,655,728,73,623,32,105,0.9511450381679389,0.8557692307692307,0.8997252747252747,0.9009399855386839
3,27,irregular,3,283,270,13,247,36,23,0.872791519434629,0.9148148148148149,1.048148148148148,0.8933092224231465
3,28,regular,1,1099,1098,1,1086,13,12,0.9881710646041856,0.9890710382513661,1.0009107468123861,0.9886208466090123
3,28,semiregular,1,887,859,28,800,87,59,0.9019165727170236,0.9313154831199069,1.0325960419091968,0.9163802978235969
3,28,irregular,1,276,293,17,133,143,160,0.48188405797101447,0.4539249146757679,0.9419795221843004,0.4674868189806678
3,28,regular,2,1090,1098,8,1075,15,23,0.9862385321100917,0.9790528233151184,0.9927140255009107,0.9826325411334552
3,28,semiregular,2,820,859,39,757,63,102,0.9231707317073171,0.8812572759022119,0.9545983701979045,0.9017272185824895
3,28,irregular,2,346,293,53,208,138,85,0.6011560693641619,0.7098976109215017,1.180887372013652,0.6510172143974962
3,28,regular,3,1090,1098,8,1088,2,10,0.998165137614679,0.9908925318761385,0.9927140255009107,0.9945155393053018
3,28,semiregular,3,799,859,60,757,42,102,0.9474342928660826,0.8812572759022119,0.930151338766007,0.9131483715319663
3,28,irregular,3,300,293,7,232,68,61,0.7733333333333333,0.7918088737201365,1.023890784982935,0.7824620573355818
3,29,regular,1,1101,1140,39,1100,1,40,0.9990917347865577,0.9649122807017544,0.9657894736842105,0.9817045961624274
3,29,semiregular,1,948,869,79,820,128,49,0.8649789029535865,0.9436133486766398,1.0909090909090908,0.9025866813428728
3,29,irregular,1,207,247,40,141,66,106,0.6811594202898551,0.5708502024291497,0.8380566801619433,0.6211453744493391
3,29,regular,2,1103,1140,37,1102,1,38,0.99909338168631,0.9666666666666667,0.9675438596491228,0.9826125724476148
3,29,semiregular,2,1019,869,150,848,171,21,0.8321884200196271,0.9758342922899885,1.1726121979286537,0.8983050847457629
3,29,irregular,2,312,247,65,217,95,30,0.6955128205128205,0.8785425101214575,1.263157894736842,0.776386404293381
3,29,regular,3,1100,1140,40,1100,0,40,1.0,0.9649122807017544,0.9649122807017544,0.9821428571428572
3,29,semiregular,3,833,869,36,752,81,117,0.9027611044417767,0.8653624856156502,0.9585730724971231,0.8836662749706228
3,29,irregular,3,281,247,34,223,58,24,0.7935943060498221,0.902834008097166,1.1376518218623481,0.8446969696969696
3,30,regular,1,978,997,19,977,1,20,0.9989775051124744,0.9799398194583752,0.9809428284854563,0.9893670886075949
3,30,semiregular,1,806,810,4,738,68,72,0.9156327543424317,0.9111111111111111,0.9950617283950617,0.9133663366336634
3,30,irregular,1,243,250,7,138,105,112,0.5679012345679012,0.552,0.972,0.5598377281947262
3,30,regular,2,964,997,33,964,0,33,1.0,0.966900702106319,0.966900702106319,0.9831718510963794
3,30,semiregular,2,818,810,8,759,59,51,0.9278728606356969,0.937037037037037,1.0098765432098766,0.9324324324324323
3,30,irregular,2,281,250,31,189,92,61,0.6725978647686833,0.756,1.124,0.711864406779661
3,30,regular,3,1001,997,4,995,6,2,0.994005994005994,0.9979939819458375,1.004012036108325,0.995995995995996
3,30,semiregular,3,761,810,49,726,35,84,0.9540078843626807,0.8962962962962963,0.9395061728395062,0.9242520687460215
3,30,irregular,3,278,250,28,215,63,35,0.7733812949640287,0.86,1.112,0.8143939393939394
4,1,regular,1,949,937,12,935,14,2,0.9852476290832455,0.9978655282817502,1.0128068303094984,0.9915164369034996
4,1,semiregular,1,734,703,31,621,113,82,0.8460490463215259,0.883357041251778,1.0440967283072546,0.8643006263048015
4,1,irregular,1,181,199,18,123,58,76,0.6795580110497238,0.6180904522613065,0.9095477386934674,0.6473684210526316
4,1,regular,2,960,937,23,930,30,7,0.96875,0.9925293489861259,1.024546424759872,0.9804955192409066
4,1,semiregular,2,711,703,8,627,84,76,0.8818565400843882,0.8918918918918919,1.0113798008534851,0.8868458274398869
4,1,irregular,2,137,199,62,110,27,89,0.8029197080291971,0.5527638190954773,0.6884422110552764,0.6547619047619047
4,1,regular,3,961,937,24,936,25,1,0.9739854318418314,0.9989327641408752,1.0256136606189967,0.9863013698630138
4,1,semiregular,3,686,703,17,634,52,69,0.924198250728863,0.9018492176386913,0.9758179231863442,0.9128869690424766
4,1,irregular,3,201,199,2,174,27,25,0.8656716417910447,0.8743718592964824,1.0100502512562815,0.87
4,2,regular,1,1172,1224,52,1162,10,62,0.9914675767918089,0.9493464052287581,0.9575163398692811,0.9699499165275458
4,2,semiregular,1,558,647,89,527,31,120,0.9444444444444444,0.8145285935085008,0.8624420401854714,0.8746887966804979
4,2,irregular,1,201,217,16,94,107,123,0.46766169154228854,0.43317972350230416,0.9262672811059908,0.4497607655502392
4,2,regular,2,1185,1224,39,1173,12,51,0.9898734177215189,0.9583333333333334,0.9681372549019608,0.9738480697384807
4,2,semiregular,2,618,647,29,588,30,59,0.9514563106796117,0.9088098918083463,0.955177743431221,0.9296442687747035
4,2,irregular,2,188,217,29,129,59,88,0.6861702127659575,0.5944700460829493,0.8663594470046083,0.6370370370370371
4,2,regular,3,1175,1224,49,1170,5,54,0.9957446808510638,0.9558823529411765,0.9599673202614379,0.9754064193413923
4,2,semiregular,3,615,647,32,595,20,52,0.967479674796748,0.919629057187017,0.9505409582689336,0.9429477020602219
4,2,irregular,3,222,217,5,201,21,16,0.9054054054054054,0.9262672811059908,1.023041474654378,0.9157175398633257
4,3,regular,1,1025,1053,28,1025,0,28,1.0,0.97340930674264,0.97340930674264,0.9865255052935515
4,3,semiregular,1,711,716,5,645,66,71,0.9071729957805907,0.9008379888268156,0.9930167597765364,0.9039943938332166
4,3,irregular,1,224,224,0,126,98,98,0.5625,0.5625,1.0,0.5625
4,3,regular,2,997,1053,56,997,0,56,1.0,0.9468186134852802,0.9468186134852802,0.9726829268292683
4,3,semiregular,2,669,716,47,621,48,95,0.9282511210762332,0.86731843575419,0.9343575418994413,0.8967509025270759
4,3,irregular,2,189,224,35,159,30,65,0.8412698412698413,0.7098214285714286,0.84375,0.7699757869249395
4,3,regular,3,982,1053,71,982,0,71,1.0,0.932573599240266,0.932573599240266,0.9651105651105651
4,3,semiregular,3,659,716,57,624,35,92,0.9468892261001517,0.8715083798882681,0.9203910614525139,0.9076363636363636
4,3,irregular,3,220,224,4,200,20,24,0.9090909090909091,0.8928571428571429,0.9821428571428571,0.9009009009009009
4,4,regular,1,1142,1101,41,1101,41,0,0.9640980735551664,1.0,1.0372388737511353,0.9817209094962105
4,4,semiregular,1,635,614,21,515,120,99,0.8110236220472441,0.8387622149837134,1.0342019543973942,0.8246597277822258
4,4,irregular,1,209,228,19,121,88,107,0.5789473684210527,0.5307017543859649,0.9166666666666666,0.5537757437070938
4,4,regular,2,1101,1101,0,1091,10,10,0.9909173478655767,0.9909173478655767,1.0,0.9909173478655767
4,4,semiregular,2,609,614,5,551,58,63,0.9047619047619048,0.8973941368078175,0.99185667752443,0.901062959934587
4,4,irregular,2,216,228,12,169,47,59,0.7824074074074074,0.7412280701754386,0.9473684210526315,0.7612612612612613
4,4,regular,3,1068,1101,33,1065,3,36,0.9971910112359551,0.9673024523160763,0.9700272479564033,0.9820193637621023
4,4,semiregular,3,598,614,16,553,45,61,0.9247491638795987,0.9006514657980456,0.9739413680781759,0.9125412541254124
4,4,irregular,3,230,228,2,202,28,26,0.8782608695652174,0.8859649122807017,1.0087719298245614,0.8820960698689956
4,5,regular,1,1019,1044,25,1018,1,26,0.9990186457311089,0.975095785440613,0.9760536398467433,0.9869122636936499
4,5,semiregular,1,763,668,95,616,147,52,0.8073394495412844,0.9221556886227545,1.1422155688622755,0.8609364081062195
4,5,irregular,1,229,217,12,130,99,87,0.5676855895196506,0.5990783410138248,1.055299539170507,0.5829596412556053
4,5,regular,2,1053,1044,9,1044,9,0,0.9914529914529915,1.0,1.0086206896551724,0.9957081545064378
4,5,semiregular,2,728,668,60,639,89,29,0.8777472527472527,0.9565868263473054,1.089820359281437,0.9154727793696275
4,5,irregular,2,214,217,3,170,44,47,0.794392523364486,0.783410138248848,0.9861751152073732,0.7888631090487238
4,5,regular,3,1032,1044,12,1031,1,13,0.999031007751938,0.9875478927203065,0.9885057471264368,0.9932562620423891
4,5,semiregular,3,670,668,2,617,53,51,0.9208955223880597,0.9236526946107785,1.0029940119760479,0.9222720478325861
4,5,irregular,3,222,217,5,188,34,29,0.8468468468468469,0.8663594470046083,1.023041474654378,0.8564920273348519
4,6,regular,1,929,915,14,905,24,10,0.9741657696447793,0.9890710382513661,1.0153005464480875,0.9815618221258136
4,6,semiregular,1,671,701,30,609,62,92,0.9076005961251863,0.8687589158345221,0.9572039942938659,0.8877551020408163
4,6,irregular,1,178,195,17,88,90,107,0.4943820224719101,0.4512820512820513,0.9128205128205128,0.4718498659517426
4,6,regular,2,976,915,61,915,61,0,0.9375,1.0,1.0666666666666667,0.967741935483871
4,6,semiregular,2,724,701,23,664,60,37,0.9171270718232044,0.9472182596291013,1.0328102710413696,0.9319298245614035
4,6,irregular,2,206,195,11,111,95,84,0.5388349514563107,0.5692307692307692,1.0564102564102564,0.5536159600997506
4,6,regular,3,950,915,35,913,37,2,0.9610526315789474,0.9978142076502732,1.0382513661202186,0.979088471849866
4,6,semiregular,3,694,701,7,653,41,48,0.9409221902017291,0.9315263908701854,0.9900142653352354,0.936200716845878
4,6,irregular,3,222,195,27,170,52,25,0.7657657657657657,0.8717948717948718,1.1384615384615384,0.8153477218225419
4,7,regular,1,1264,1230,34,1229,35,1,0.9723101265822784,0.9991869918699187,1.0276422764227642,0.9855653568564554
4,7,semiregular,1,615,761,146,542,73,219,0.8813008130081301,0.7122207621550591,0.8081471747700394,0.7877906976744186
4,7,irregular,1,258,225,33,89,169,136,0.3449612403100775,0.39555555555555555,1.1466666666666667,0.36853002070393376
4,7,regular,2,1232,1230,2,1217,15,13,0.9878246753246753,0.989430894308943,1.0016260162601627,0.9886271324126725
4,7,semiregular,2,714,761,47,645,69,116,0.9033613445378151,0.8475689881734559,0.938239159001314,0.8745762711864407
4,7,irregular,2,216,225,9,154,62,71,0.7129629629629629,0.6844444444444444,0.96,0.6984126984126984
4,7,regular,3,1208,1230,22,1204,4,26,0.9966887417218543,0.9788617886178862,0.9821138211382113,0.9876948318293683
4,7,semiregular,3,755,761,6,683,72,78,0.904635761589404,0.897503285151117,0.9921156373193167,0.9010554089709762
4,7,irregular,3,236,225,11,200,36,25,0.847457627118644,0.8888888888888888,1.048888888888889,0.8676789587852495
4,8,regular,1,1042,1035,7,1028,14,7,0.9865642994241842,0.9932367149758454,1.0067632850241546,0.9898892633606162
4,8,semiregular,1,760,827,67,685,75,142,0.9013157894736842,0.8282950423216445,0.9189842805320435,0.8632640201638312
4,8,irregular,1,245,243,2,125,120,118,0.5102040816326531,0.51440329218107,1.008230452674897,0.5122950819672131
4,8,regular,2,1028,1035,7,1019,9,16,0.9912451361867705,0.9845410628019323,0.9932367149758454,0.9878817256422686
4,8,semiregular,2,761,827,66,711,50,116,0.9342969776609724,0.8597339782345829,0.9201934703748489,0.8954659949622166
4,8,irregular,2,211,243,32,160,51,83,0.7582938388625592,0.6584362139917695,0.8683127572016461,0.7048458149779735
4,8,regular,3,1014,1035,21,1011,3,24,0.9970414201183432,0.9768115942028985,0.9797101449275363,0.9868228404099562
4,8,semiregular,3,790,827,37,741,49,86,0.9379746835443038,0.8960096735187424,0.9552599758162031,0.9165120593692021
4,8,irregular,3,230,243,13,201,29,42,0.8739130434782608,0.8271604938271605,0.9465020576131687,0.849894291754757
4,9,regular,1,1077,1107,30,1072,5,35,0.9953574744661096,0.9683830171635049,0.9728997289972899,0.9816849816849818
4,9,semiregular,1,564,701,137,533,31,168,0.9450354609929078,0.760342368045649,0.8045649072753209,0.8426877470355731
4,9,irregular,1,247,266,19,113,134,153,0.4574898785425101,0.424812030075188,0.9285714285714286,0.4405458089668616
4,9,regular,2,1060,1107,47,1055,5,52,0.9952830188679245,0.953026196928636,0.957542908762421,0.9736963544070143
4,9,semiregular,2,609,701,92,582,27,119,0.9556650246305419,0.8302425106990015,0.8687589158345221,0.8885496183206107
4,9,irregular,2,223,266,43,161,62,105,0.7219730941704036,0.6052631578947368,0.8383458646616542,0.6584867075664621
4,9,regular,3,1041,1107,66,1039,2,68,0.9980787704130644,0.938572719060524,0.940379403794038,0.9674115456238362
4,9,semiregular,3,646,701,55,627,19,74,0.9705882352941176,0.8944365192582026,0.9215406562054208,0.9309576837416481
4,9,irregular,3,245,266,21,217,28,49,0.8857142857142857,0.8157894736842105,0.9210526315789473,0.8493150684931505
4,10,regular,1,1012,1014,2,993,19,21,0.9812252964426877,0.9792899408284024,0.9980276134122288,0.9802566633761105
4,10,semiregular,1,647,656,9,590,57,66,0.9119010819165378,0.899390243902439,0.9862804878048781,0.9056024558710667
4,10,irregular,1,214,247,33,150,64,97,0.7009345794392523,0.6072874493927125,0.8663967611336032,0.6507592190889371
4,10,regular,2,1080,1014,66,1014,66,0,0.9388888888888889,1.0,1.0650887573964498,0.9684813753581661
4,10,semiregular,2,656,656,0,612,44,44,0.9329268292682927,0.9329268292682927,1.0,0.9329268292682927
4,10,irregular,2,196,247,51,156,40,91,0.7959183673469388,0.631578947368421,0.7935222672064778,0.7042889390519187
4,10,regular,3,1066,1014,52,1012,54,2,0.949343339587242,0.9980276134122288,1.0512820512820513,0.9730769230769232
4,10,semiregular,3,623,656,33,593,30,63,0.9518459069020867,0.9039634146341463,0.9496951219512195,0.9272869429241595
4,10,irregular,3,244,247,3,216,28,31,0.8852459016393442,0.8744939271255061,0.9878542510121457,0.8798370672097761
4,11,regular,1,1068,1070,2,1063,5,7,0.9953183520599251,0.9934579439252337,0.9981308411214953,0.9943872778297475
4,11,semiregular,1,734,700,34,640,94,60,0.8719346049046321,0.9142857142857143,1.0485714285714285,0.8926080892608089
4,11,irregular,1,214,239,25,130,84,109,0.6074766355140186,0.5439330543933054,0.895397489539749,0.5739514348785871
4,11,regular,2,1066,1070,4,1063,3,7,0.9971857410881801,0.9934579439252337,0.9962616822429906,0.9953183520599251
4,11,semiregular,2,665,700,35,613,52,87,0.9218045112781955,0.8757142857142857,0.95,0.8981684981684982
4,11,irregular,2,180,239,59,144,36,95,0.8,0.602510460251046,0.7531380753138075,0.6873508353221958
4,11,regular,3,1044,1070,26,1044,0,26,1.0,0.9757009345794393,0.9757009345794393,0.9877010406811731
4,11,semiregular,3,669,700,31,618,51,82,0.9237668161434978,0.8828571428571429,0.9557142857142857,0.9028487947406866
4,11,irregular,3,224,239,15,195,29,44,0.8705357142857143,0.8158995815899581,0.9372384937238494,0.8423326133909288
4,12,regular,1,1019,1007,12,1007,12,0,0.9882237487733072,1.0,1.0119165839126116,0.9940769990128332
4,12,semiregular,1,711,641,70,591,120,50,0.8312236286919831,0.921996879875195,1.109204368174727,0.8742603550295858
4,12,irregular,1,251,204,47,160,91,44,0.6374501992031872,0.7843137254901961,1.2303921568627452,0.7032967032967034
4,12,regular,2,1069,1007,62,1007,62,0,0.9420018709073901,1.0,1.0615690168818273,0.9701348747591522
4,12,semiregular,2,674,641,33,588,86,53,0.8724035608308606,0.9173166926677067,1.0514820592823713,0.894296577946768
4,12,irregular,2,221,204,17,157,64,47,0.7104072398190046,0.7696078431372549,1.0833333333333333,0.7388235294117647
4,12,regular,3,1040,1007,33,1006,34,1,0.9673076923076923,0.9990069513406157,1.0327706057596822,0.9829018075232047
4,12,semiregular,3,650,641,9,594,56,47,0.9138461538461539,0.9266770670826833,1.0140405616224648,0.9202168861347791
4,12,irregular,3,236,204,32,194,42,10,0.8220338983050848,0.9509803921568627,1.1568627450980393,0.8818181818181818
4,13,regular,1,963,1000,37,963,0,37,1.0,0.963,0.963,0.9811512990320936
4,13,semiregular,1,826,815,11,752,74,63,0.910411622276029,0.9226993865030675,1.0134969325153373,0.9165143205362584
4,13,irregular,1,287,216,71,145,142,71,0.5052264808362369,0.6712962962962963,1.3287037037037037,0.5765407554671967
4,13,regular,2,1035,1000,35,1000,35,0,0.966183574879227,1.0,1.035,0.9828009828009828
4,13,semiregular,2,819,815,4,768,51,47,0.9377289377289377,0.9423312883435583,1.0049079754601227,0.9400244798041615
4,13,irregular,2,252,216,36,178,74,38,0.7063492063492064,0.8240740740740741,1.1666666666666667,0.7606837606837606
4,13,regular,3,997,1000,3,995,2,5,0.9979939819458375,0.995,0.997,0.9964947421131698
4,13,semiregular,3,781,815,34,749,32,66,0.9590268886043534,0.9190184049079755,0.9582822085889571,0.9385964912280701
4,13,irregular,3,248,216,32,198,50,18,0.7983870967741935,0.9166666666666666,1.1481481481481481,0.8534482758620691
4,14,regular,1,1021,1052,31,1021,0,31,1.0,0.970532319391635,0.970532319391635,0.985045827303425
4,14,semiregular,1,860,913,53,798,62,115,0.9279069767441861,0.8740416210295728,0.9419496166484118,0.9001692047377328
4,14,irregular,1,209,217,8,122,87,95,0.583732057416268,0.5622119815668203,0.9631336405529954,0.5727699530516431
4,14,regular,2,1022,1052,30,1020,2,32,0.9980430528375733,0.9695817490494296,0.9714828897338403,0.9836065573770493
4,14,semiregular,2,892,913,21,835,57,78,0.9360986547085202,0.9145673603504929,0.976998904709748,0.9252077562326869
4,14,irregular,2,250,217,33,168,82,49,0.672,0.7741935483870968,1.152073732718894,0.7194860813704498
4,14,regular,3,1007,1052,45,1007,0,45,1.0,0.9572243346007605,0.9572243346007605,0.9781447304516756
4,14,semiregular,3,872,913,41,829,43,84,0.9506880733944955,0.9079956188389924,0.9550930996714129,0.9288515406162464
4,14,irregular,3,210,217,7,186,24,31,0.8857142857142857,0.8571428571428571,0.967741935483871,0.8711943793911006
4,15,regular,1,971,964,7,963,8,1,0.9917610710607621,0.9989626556016598,1.0072614107883817,0.9953488372093022
4,15,semiregular,1,783,774,9,716,67,58,0.9144316730523627,0.9250645994832042,1.0116279069767442,0.9197174052665382
4,15,irregular,1,206,218,12,147,59,71,0.7135922330097088,0.6743119266055045,0.944954128440367,0.6933962264150944
4,15,regular,2,945,964,19,944,1,20,0.9989417989417989,0.979253112033195,0.9802904564315352,0.9889994761655316
4,15,semiregular,2,742,774,32,703,39,71,0.9474393530997305,0.9082687338501292,0.958656330749354,0.9274406332453826
4,15,irregular,2,226,218,8,188,38,30,0.831858407079646,0.8623853211009175,1.036697247706422,0.8468468468468467
4,15,regular,3,934,964,30,934,0,30,1.0,0.9688796680497925,0.9688796680497925,0.9841938883034773
4,15,semiregular,3,697,774,77,671,26,103,0.9626972740315638,0.8669250645994832,0.900516795865633,0.9123045547246771
4,15,irregular,3,218,218,0,195,23,23,0.8944954128440367,0.8944954128440367,1.0,0.8944954128440367
4,16,regular,1,1123,1109,14,1107,16,2,0.9857524487978628,0.9981965734896303,1.0126239855725878,0.9919354838709677
4,16,semiregular,1,593,681,88,525,68,156,0.8853288364249579,0.7709251101321586,0.8707782672540382,0.8241758241758242
4,16,irregular,1,217,272,55,97,120,175,0.4470046082949309,0.35661764705882354,0.7977941176470589,0.3967280163599182
4,16,regular,2,1135,1109,26,1109,26,0,0.9770925110132158,1.0,1.0234445446348062,0.9884135472370766
4,16,semiregular,2,644,681,37,595,49,86,0.9239130434782609,0.8737151248164464,0.9456681350954479,0.8981132075471698
4,16,irregular,2,230,272,42,169,61,103,0.7347826086956522,0.6213235294117647,0.8455882352941176,0.6733067729083665
4,16,regular,3,1091,1109,18,1087,4,22,0.9963336388634281,0.9801623083859333,0.9837691614066727,0.9881818181818182
4,16,semiregular,3,638,681,43,600,38,81,0.9404388714733543,0.8810572687224669,0.9368575624082232,0.9097801364670205
4,16,irregular,3,234,272,38,204,30,68,0.8717948717948718,0.75,0.8602941176470589,0.8063241106719368
4,17,regular,1,1024,1029,5,1022,2,7,0.998046875,0.9931972789115646,0.9951409135082604,0.9956161714564052
4,17,semiregular,1,745,837,92,685,60,152,0.9194630872483222,0.8183990442054958,0.8900836320191159,0.8659924146649811
4,17,irregular,1,261,240,21,98,163,142,0.37547892720306514,0.4083333333333333,1.0875,0.3912175648702595
4,17,regular,2,1022,1029,7,1017,5,12,0.9951076320939335,0.9883381924198251,0.9931972789115646,0.9917113603120429
4,17,semiregular,2,804,837,33,749,55,88,0.931592039800995,0.8948626045400239,0.9605734767025089,0.9128580134064594
4,17,irregular,2,272,240,32,174,98,66,0.6397058823529411,0.725,1.1333333333333333,0.6796874999999999
4,17,regular,3,1055,1029,26,1028,27,1,0.9744075829383886,0.9990281827016521,1.0252672497570456,0.9865642994241843
4,17,semiregular,3,797,837,40,758,39,79,0.9510664993726474,0.9056152927120669,0.9522102747909199,0.9277845777233782
4,17,irregular,3,253,240,13,208,45,32,0.8221343873517787,0.8666666666666667,1.0541666666666667,0.8438133874239351
4,18,regular,1,1030,1044,14,1027,3,17,0.9970873786407767,0.9837164750957854,0.9865900383141762,0.9903567984570877
4,18,semiregular,1,749,801,52,703,46,98,0.9385847797062751,0.8776529338327091,0.9350811485642946,0.9070967741935485
4,18,irregular,1,213,252,39,120,93,132,0.5633802816901409,0.47619047619047616,0.8452380952380952,0.5161290322580645
4,18,regular,2,1088,1044,44,1044,44,0,0.9595588235294118,1.0,1.0421455938697317,0.9793621013133209
4,18,semiregular,2,818,801,17,767,51,34,0.9376528117359413,0.9575530586766542,1.021223470661673,0.9474984558369364
4,18,irregular,2,266,252,14,193,73,59,0.7255639097744361,0.7658730158730159,1.0555555555555556,0.7451737451737451
4,18,regular,3,1071,1044,27,1042,29,2,0.972922502334267,0.9980842911877394,1.0258620689655173,0.9853427895981088
4,18,semiregular,3,785,801,16,743,42,58,0.9464968152866242,0.9275905118601748,0.9800249687890137,0.9369482976040354
4,18,irregular,3,256,252,4,220,36,32,0.859375,0.873015873015873,1.0158730158730158,0.8661417322834646
4,19,regular,1,938,1076,138,938,0,138,1.0,0.8717472118959108,0.8717472118959108,0.9314796425024826
4,19,semiregular,1,672,753,81,622,50,131,0.9255952380952381,0.8260292164674635,0.8924302788844621,0.8729824561403509
4,19,irregular,1,242,245,3,144,98,101,0.5950413223140496,0.5877551020408164,0.9877551020408163,0.5913757700205339
4,19,regular,2,1133,1076,57,1075,58,1,0.9488084730803178,0.9990706319702602,1.0529739776951672,0.9732910819375283
4,19,semiregular,2,681,753,72,649,32,104,0.9530102790014684,0.8618857901726428,0.9043824701195219,0.905160390516039
4,19,irregular,2,225,245,20,163,62,82,0.7244444444444444,0.6653061224489796,0.9183673469387755,0.6936170212765957
4,19,regular,3,1073,1076,3,1068,5,8,0.9953401677539608,0.9925650557620818,0.9972118959107806,0.9939506747324336
4,19,semiregular,3,654,753,99,619,35,134,0.9464831804281345,0.8220451527224436,0.8685258964143426,0.8798862828713574
4,19,irregular,3,231,245,14,203,28,42,0.8787878787878788,0.8285714285714286,0.9428571428571428,0.8529411764705883
4,20,regular,1,1110,1251,141,1106,4,145,0.9963963963963964,0.8840927258193445,0.8872901678657075,0.9368911478187208
4,20,semiregular,1,823,841,18,722,101,119,0.8772782503037667,0.8585017835909632,0.9785969084423306,0.8677884615384616
4,20,irregular,1,274,252,22,133,141,119,0.4854014598540146,0.5277777777777778,1.0873015873015872,0.5057034220532318
4,20,regular,2,1010,1251,241,1007,3,244,0.997029702970297,0.8049560351718625,0.8073541167066347,0.8907563025210085
4,20,semiregular,2,637,841,204,582,55,259,0.9136577708006279,0.6920332936979786,0.7574316290130797,0.787550744248985
4,20,irregular,2,184,252,68,140,44,112,0.7608695652173914,0.5555555555555556,0.7301587301587301,0.6422018348623854
4,20,regular,3,1117,1251,134,1115,2,136,0.9982094897045658,0.8912869704236611,0.8928856914468425,0.941722972972973
4,20,semiregular,3,774,841,67,724,50,117,0.9354005167958657,0.8608799048751486,0.920332936979786,0.896594427244582
4,20,irregular,3,229,252,23,201,28,51,0.8777292576419214,0.7976190476190477,0.9087301587301587,0.8357588357588359
4,21,regular,1,957,920,37,919,38,1,0.9602925809822361,0.9989130434782608,1.0402173913043478,0.9792221630261055
4,21,semiregular,1,639,549,90,497,142,52,0.7777777777777778,0.9052823315118397,1.1639344262295082,0.8367003367003367
4,21,irregular,1,220,204,16,151,69,53,0.6863636363636364,0.7401960784313726,1.0784313725490196,0.7122641509433961
4,21,regular,2,956,920,36,920,36,0,0.9623430962343096,1.0,1.0391304347826087,0.9808102345415778
4,21,semiregular,2,624,549,75,523,101,26,0.8381410256410257,0.9526411657559198,1.1366120218579234,0.8917306052855926
4,21,irregular,2,218,204,14,170,48,34,0.7798165137614679,0.8333333333333334,1.0686274509803921,0.8056872037914692
4,21,regular,3,956,920,36,920,36,0,0.9623430962343096,1.0,1.0391304347826087,0.9808102345415778
4,21,semiregular,3,614,549,65,528,86,21,0.8599348534201955,0.9617486338797814,1.1183970856102003,0.9079965606190885
4,21,irregular,3,219,204,15,189,30,15,0.863013698630137,0.9264705882352942,1.0735294117647058,0.8936170212765958
4,22,regular,1,993,946,47,943,50,3,0.9496475327291037,0.9968287526427061,1.0496828752642706,0.9726663228468283
4,22,semiregular,1,753,703,50,646,107,57,0.8579017264276229,0.918918918918919,1.0711237553342816,0.8873626373626374
4,22,irregular,1,207,247,40,131,76,116,0.6328502415458938,0.5303643724696356,0.8380566801619433,0.5770925110132158
4,22,regular,2,1011,946,65,946,65,0,0.9357072205736894,1.0,1.0687103594080338,0.9667858967807869
4,22,semiregular,2,734,703,31,660,74,43,0.8991825613079019,0.9388335704125178,1.0440967283072546,0.918580375782881
4,22,irregular,2,209,247,38,168,41,79,0.8038277511961722,0.680161943319838,0.8461538461538461,0.7368421052631579
4,22,regular,3,970,946,24,944,26,2,0.9731958762886598,0.9978858350951374,1.025369978858351,0.9853862212943634
4,22,semiregular,3,699,703,4,649,50,54,0.9284692417739628,0.9231863442389758,0.9943100995732574,0.9258202567760343
4,22,irregular,3,243,247,4,209,34,38,0.8600823045267489,0.8461538461538461,0.9838056680161943,0.8530612244897959
4,23,regular,1,1045,999,46,999,46,0,0.9559808612440192,1.0,1.0460460460460461,0.977495107632094
4,23,semiregular,1,548,835,287,453,95,382,0.8266423357664233,0.5425149700598803,0.6562874251497006,0.6550976138828634
4,23,irregular,1,326,266,60,110,216,156,0.3374233128834356,0.41353383458646614,1.2255639097744362,0.3716216216216216
4,23,regular,2,1014,999,15,974,40,25,0.960552268244576,0.974974974974975,1.015015015015015,0.9677098857426727
4,23,semiregular,2,813,835,22,732,81,103,0.9003690036900369,0.8766467065868263,0.9736526946107784,0.8883495145631068
4,23,irregular,2,104,266,162,70,34,196,0.6730769230769231,0.2631578947368421,0.39097744360902253,0.3783783783783784
4,23,regular,3,1012,999,13,980,32,19,0.9683794466403162,0.980980980980981,1.013013013013013,0.9746394828443561
4,23,semiregular,3,827,835,8,776,51,59,0.9383313180169287,0.9293413173652695,0.9904191616766467,0.9338146811070999
4,23,irregular,3,262,266,4,219,43,47,0.8358778625954199,0.8233082706766918,0.9849624060150376,0.8295454545454546
4,24,regular,1,1079,1079,0,1071,8,8,0.9925857275254866,0.9925857275254866,1.0,0.9925857275254866
4,24,semiregular,1,625,680,55,559,66,121,0.8944,0.8220588235294117,0.9191176470588235,0.8567049808429119
4,24,irregular,1,186,247,61,113,73,134,0.6075268817204301,0.4574898785425101,0.7530364372469636,0.5219399538106236
4,24,regular,2,1052,1079,27,1044,8,35,0.9923954372623575,0.9675625579240037,0.9749768303985171,0.9798216799624591
4,24,semiregular,2,597,680,83,563,34,117,0.9430485762144054,0.8279411764705882,0.8779411764705882,0.8817541111981205
4,24,irregular,2,189,247,58,146,43,101,0.7724867724867724,0.5910931174089069,0.7651821862348178,0.6697247706422018
4,24,regular,3,1008,1079,71,1005,3,74,0.9970238095238095,0.9314179796107507,0.9341983317886933,0.9631049353138477
4,24,semiregular,3,620,680,60,597,23,83,0.9629032258064516,0.8779411764705882,0.9117647058823529,0.9184615384615384
4,24,irregular,3,238,247,9,217,21,30,0.9117647058823529,0.8785425101214575,0.9635627530364372,0.8948453608247423
4,25,regular,1,944,946,2,941,3,5,0.996822033898305,0.9947145877378436,0.9978858350951374,0.9957671957671957
4,25,semiregular,1,703,718,15,622,81,96,0.8847795163584637,0.8662952646239555,0.979108635097493,0.8754398311048558
4,25,irregular,1,253,207,46,119,134,88,0.47035573122529645,0.5748792270531401,1.2222222222222223,0.5173913043478261
4,25,regular,2,923,946,23,921,2,25,0.9978331527627302,0.9735729386892178,0.9756871035940803,0.985553772070626
4,25,semiregular,2,703,718,15,643,60,75,0.914651493598862,0.8955431754874652,0.979108635097493,0.9049964813511611
4,25,irregular,2,259,207,52,147,112,60,0.5675675675675675,0.7101449275362319,1.251207729468599,0.630901287553648
4,25,regular,3,921,946,25,921,0,25,1.0,0.9735729386892178,0.9735729386892178,0.9866095340117836
4,25,semiregular,3,626,718,92,589,37,129,0.9408945686900958,0.8203342618384402,0.871866295264624,0.8764880952380952
4,25,irregular,3,202,207,5,150,52,57,0.7425742574257426,0.7246376811594203,0.9758454106280193,0.7334963325183375
4,26,regular,1,1020,985,35,984,36,1,0.9647058823529412,0.9989847715736041,1.0355329949238579,0.9815461346633417
4,26,semiregular,1,778,720,58,682,96,38,0.8766066838046273,0.9472222222222222,1.0805555555555555,0.910547396528705
4,26,irregular,1,319,214,105,180,139,34,0.5642633228840125,0.8411214953271028,1.4906542056074767,0.6754221388367729
4,26,regular,2,1017,985,32,982,35,3,0.9655850540806293,0.9969543147208122,1.03248730964467,0.9810189810189811
4,26,semiregular,2,763,720,43,677,86,43,0.8872870249017037,0.9402777777777778,1.0597222222222222,0.9130141604855023
4,26,irregular,2,238,214,24,132,106,82,0.5546218487394958,0.616822429906542,1.1121495327102804,0.5840707964601769
4,26,regular,3,1068,985,83,984,84,1,0.9213483146067416,0.9989847715736041,1.084263959390863,0.9585971748660497
4,26,semiregular,3,677,720,43,629,48,91,0.9290989660265879,0.8736111111111111,0.9402777777777778,0.9005010737294201
4,26,irregular,3,242,214,28,190,52,24,0.7851239669421488,0.8878504672897196,1.1308411214953271,0.8333333333333334
4,27,regular,1,1138,1166,28,1134,4,32,0.9964850615114236,0.9725557461406518,0.9759862778730704,0.984375
4,27,semiregular,1,582,728,146,513,69,215,0.8814432989690721,0.7046703296703297,0.7994505494505495,0.783206106870229
4,27,irregular,1,231,270,39,130,101,140,0.5627705627705628,0.48148148148148145,0.8555555555555555,0.5189620758483033
4,27,regular,2,1128,1166,38,1123,5,43,0.9955673758865248,0.9631217838765008,0.967409948542024,0.979075850043592
4,27,semiregular,2,689,728,39,638,51,90,0.9259796806966618,0.8763736263736264,0.9464285714285714,0.9004940014114325
4,27,irregular,2,261,270,9,189,72,81,0.7241379310344828,0.7,0.9666666666666667,0.711864406779661
4,27,regular,3,1120,1166,46,1119,1,47,0.9991071428571429,0.9596912521440824,0.9605488850771869,0.979002624671916
4,27,semiregular,3,650,728,78,617,33,111,0.9492307692307692,0.8475274725274725,0.8928571428571429,0.895500725689405
4,27,irregular,3,257,270,13,226,31,44,0.8793774319066148,0.837037037037037,0.9518518518518518,0.857685009487666
4,28,regular,1,1087,1098,11,1078,9,20,0.9917203311867525,0.9817850637522769,0.9899817850637522,0.9867276887871854
4,28,semiregular,1,846,859,13,764,82,95,0.9030732860520094,0.889406286379511,0.9848661233993015,0.8961876832844574
4,28,irregular,1,350,293,57,143,207,150,0.4085714285714286,0.4880546075085324,1.1945392491467577,0.4447900466562986
4,28,regular,2,1084,1098,14,1069,15,29,0.9861623616236163,0.9735883424408015,0.9872495446265938,0.9798350137488543
4,28,semiregular,2,788,859,71,732,56,127,0.9289340101522843,0.8521536670547147,0.9173457508731082,0.8888888888888888
4,28,irregular,2,312,293,19,185,127,108,0.592948717948718,0.6313993174061433,1.0648464163822526,0.6115702479338844
4,28,regular,3,1066,1098,32,1060,6,38,0.9943714821763602,0.9653916211293261,0.970856102003643,0.9796672828096118
4,28,semiregular,3,807,859,52,776,31,83,0.9615861214374225,0.9033760186263097,0.9394644935972061,0.9315726290516206
4,28,irregular,3,271,293,22,218,53,75,0.8044280442804428,0.7440273037542662,0.9249146757679181,0.7730496453900709
4,29,regular,1,1133,1140,7,1131,2,9,0.9982347749338041,0.9921052631578947,0.993859649122807,0.9951605807303122
4,29,semiregular,1,925,869,56,798,127,71,0.8627027027027027,0.9182968929804373,1.0644418872266974,0.8896321070234113
4,29,irregular,1,248,247,1,148,100,99,0.5967741935483871,0.5991902834008097,1.0040485829959513,0.597979797979798
4,29,regular,2,1116,1140,24,1114,2,26,0.9982078853046595,0.9771929824561404,0.9789473684210527,0.9875886524822696
4,29,semiregular,2,968,869,99,849,119,20,0.8770661157024794,0.9769850402761795,1.1139240506329113,0.924333151878062
4,29,irregular,2,272,247,25,188,84,59,0.6911764705882353,0.7611336032388664,1.1012145748987854,0.7244701348747592
4,29,regular,3,1047,1140,93,1047,0,93,1.0,0.9184210526315789,0.9184210526315789,0.9574759945130314
4,29,semiregular,3,838,869,31,765,73,104,0.9128878281622912,0.8803222094361335,0.9643268124280783,0.8963093145869948
4,29,irregular,3,251,247,4,220,31,27,0.8764940239043825,0.8906882591093117,1.0161943319838056,0.8835341365461846
4,30,regular,1,975,997,22,975,0,22,1.0,0.9779338014042126,0.9779338014042126,0.988843813387424
4,30,semiregular,1,778,810,32,714,64,96,0.9177377892030848,0.8814814814814815,0.9604938271604938,0.8992443324937028
4,30,irregular,1,305,250,55,133,172,117,0.4360655737704918,0.532,1.22,0.4792792792792793
4,30,regular,2,987,997,10,985,2,12,0.9979736575481256,0.9879638916750251,0.9899699097291875,0.9929435483870966
4,30,semiregular,2,796,810,14,741,55,69,0.9309045226130653,0.9148148148148149,0.9827160493827161,0.9227895392278954
4,30,irregular,2,231,250,19,164,67,86,0.70995670995671,0.656,0.924,0.681912681912682
4,30,regular,3,990,997,7,988,2,9,0.997979797979798,0.9909729187562688,0.9929789368104313,0.9944640161046804
4,30,semiregular,3,778,810,32,739,39,71,0.9498714652956298,0.9123456790123456,0.9604938271604938,0.9307304785894206
4,30,irregular,3,264,250,14,203,61,47,0.7689393939393939,0.812,1.056,0.7898832684824902
5,1,regular,1,948,937,11,936,12,1,0.9873417721518988,0.9989327641408752,1.0117395944503735,0.993103448275862
5,1,semiregular,1,690,703,13,593,97,110,0.8594202898550725,0.8435277382645804,0.9815078236130867,0.851399856424982
5,1,irregular,1,189,199,10,131,58,68,0.6931216931216931,0.6582914572864321,0.949748743718593,0.6752577319587628
5,1,regular,2,999,937,62,937,62,0,0.9379379379379379,1.0,1.0661686232657417,0.9679752066115703
5,1,semiregular,2,769,703,66,660,109,43,0.8582574772431729,0.9388335704125178,1.0938833570412518,0.8967391304347826
5,1,irregular,2,201,199,2,168,33,31,0.835820895522388,0.8442211055276382,1.0100502512562815,0.84
5,1,regular,3,964,937,27,935,29,2,0.9699170124481328,0.9978655282817502,1.0288153681963714,0.9836927932667017
5,1,semiregular,3,700,703,3,641,59,62,0.9157142857142857,0.9118065433854907,0.9957325746799431,0.9137562366357804
5,1,irregular,3,200,199,1,176,24,23,0.88,0.8844221105527639,1.0050251256281406,0.8822055137844611
5,2,regular,1,1111,1224,113,1102,9,122,0.991899189918992,0.9003267973856209,0.9076797385620915,0.94389721627409
5,2,semiregular,1,526,647,121,503,23,144,0.9562737642585551,0.7774343122102009,0.8129829984544049,0.8576300085251491
5,2,irregular,1,222,217,5,105,117,112,0.47297297297297297,0.4838709677419355,1.023041474654378,0.47835990888382685
5,2,regular,2,1166,1224,58,1154,12,70,0.9897084048027445,0.9428104575163399,0.9526143790849673,0.9656903765690377
5,2,semiregular,2,623,647,24,588,35,59,0.9438202247191011,0.9088098918083463,0.9629057187017002,0.9259842519685041
5,2,irregular,2,219,217,2,179,40,38,0.817351598173516,0.8248847926267281,1.0092165898617511,0.8211009174311926
5,2,regular,3,1190,1224,34,1187,3,37,0.9974789915966387,0.9697712418300654,0.9722222222222222,0.9834299917149959
5,2,semiregular,3,619,647,28,597,22,50,0.9644588045234249,0.9227202472952086,0.9567233384853169,0.943127962085308
5,2,irregular,3,232,217,15,203,29,14,0.875,0.9354838709677419,1.0691244239631337,0.9042316258351892
5,3,regular,1,971,1053,82,971,0,82,1.0,0.9221272554605888,0.9221272554605888,0.9594861660079052
5,3,semiregular,1,659,716,57,612,47,104,0.928679817905918,0.8547486033519553,0.9203910614525139,0.8901818181818182
5,3,irregular,1,227,224,3,139,88,85,0.6123348017621145,0.6205357142857143,1.0133928571428572,0.6164079822616408
5,3,regular,2,977,1053,76,977,0,76,1.0,0.9278252611585945,0.9278252611585945,0.9625615763546798
5,3,semiregular,2,711,716,5,661,50,55,0.929676511954993,0.9231843575418994,0.9930167597765364,0.9264190609670638
5,3,irregular,2,221,224,3,180,41,44,0.8144796380090498,0.8035714285714286,0.9866071428571429,0.8089887640449438
5,3,regular,3,1008,1053,45,1008,0,45,1.0,0.9572649572649573,0.9572649572649573,0.9781659388646288
5,3,semiregular,3,679,716,37,642,37,74,0.9455081001472754,0.8966480446927374,0.9483240223463687,0.9204301075268817
5,3,irregular,3,229,224,5,201,28,23,0.8777292576419214,0.8973214285714286,1.0223214285714286,0.8874172185430466
5,4,regular,1,1070,1101,31,1062,8,39,0.9925233644859813,0.9645776566757494,0.971843778383288,0.9783509903270382
5,4,semiregular,1,608,614,6,502,106,112,0.8256578947368421,0.8175895765472313,0.990228013029316,0.8216039279869068
5,4,irregular,1,245,228,17,139,106,89,0.5673469387755102,0.6096491228070176,1.0745614035087718,0.587737843551797
5,4,regular,2,1111,1101,10,1098,13,3,0.9882988298829883,0.997275204359673,1.0090826521344232,0.9927667269439421
5,4,semiregular,2,623,614,9,562,61,52,0.9020866773675762,0.9153094462540716,1.014657980456026,0.9086499595796281
5,4,irregular,2,243,228,15,194,49,34,0.7983539094650206,0.8508771929824561,1.0657894736842106,0.8237791932059448
5,4,regular,3,1115,1101,14,1100,15,1,0.9865470852017937,0.9990917347865577,1.0127157129881925,0.9927797833935018
5,4,semiregular,3,621,614,7,563,58,51,0.9066022544283414,0.9169381107491856,1.011400651465798,0.9117408906882591
5,4,irregular,3,244,228,16,206,38,22,0.8442622950819673,0.9035087719298246,1.0701754385964912,0.8728813559322034
5,5,regular,1,1005,1044,39,1005,0,39,1.0,0.9626436781609196,0.9626436781609196,0.9809663250366032
5,5,semiregular,1,679,668,11,590,89,78,0.8689248895434463,0.8832335329341318,1.0164670658682635,0.8760207869339273
5,5,irregular,1,247,217,30,145,102,72,0.5870445344129555,0.6682027649769585,1.1382488479262673,0.625
5,5,regular,2,1031,1044,13,1030,1,14,0.9990300678952473,0.9865900383141762,0.9875478927203065,0.9927710843373494
5,5,semiregular,2,752,668,84,646,106,22,0.8590425531914894,0.9670658682634731,1.125748502994012,0.9098591549295774
5,5,irregular,2,225,217,8,180,45,37,0.8,0.8294930875576036,1.0368663594470047,0.8144796380090498
5,5,regular,3,1057,1044,13,1043,14,1,0.9867549668874173,0.9990421455938697,1.0124521072796935,0.9928605425987626
5,5,semiregular,3,700,668,32,625,75,43,0.8928571428571429,0.9356287425149701,1.0479041916167664,0.9137426900584795
5,5,irregular,3,228,217,11,190,38,27,0.8333333333333334,0.8755760368663594,1.0506912442396312,0.8539325842696628
5,6,regular,1,932,915,17,903,29,12,0.9688841201716738,0.9868852459016394,1.0185792349726777,0.9778018408229563
5,6,semiregular,1,646,701,55,601,45,100,0.9303405572755418,0.8573466476462197,0.9215406562054208,0.8923533778767633
5,6,irregular,1,216,195,21,102,114,93,0.4722222222222222,0.5230769230769231,1.1076923076923078,0.49635036496350365
5,6,regular,2,970,915,55,914,56,1,0.9422680412371134,0.9989071038251366,1.0601092896174864,0.9697612732095491
5,6,semiregular,2,731,701,30,667,64,34,0.9124487004103967,0.9514978601997147,1.042796005706134,0.9315642458100558
5,6,irregular,2,229,195,34,118,111,77,0.5152838427947598,0.6051282051282051,1.1743589743589744,0.5566037735849056
5,6,regular,3,961,915,46,912,49,3,0.9490114464099896,0.9967213114754099,1.0502732240437158,0.9722814498933903
5,6,semiregular,3,727,701,26,674,53,27,0.9270976616231087,0.9614835948644793,1.037089871611983,0.9439775910364147
5,6,irregular,3,223,195,28,173,50,22,0.7757847533632287,0.8871794871794871,1.1435897435897435,0.8277511961722488
5,7,regular,1,1157,1230,73,1151,6,79,0.9948141745894555,0.9357723577235773,0.9406504065040651,0.9643904482614162
5,7,semiregular,1,685,761,76,619,66,142,0.9036496350364963,0.8134034165571616,0.900131406044678,0.8561549100968189
5,7,irregular,1,274,225,49,114,160,111,0.41605839416058393,0.5066666666666667,1.2177777777777778,0.4569138276553107
5,7,regular,2,1217,1230,13,1204,13,26,0.9893179950698439,0.9788617886178862,0.989430894308943,0.9840621168778095
5,7,semiregular,2,718,761,43,647,71,114,0.9011142061281338,0.8501971090670171,0.9434954007884363,0.8749154834347533
5,7,irregular,2,219,225,6,177,42,48,0.8082191780821918,0.7866666666666666,0.9733333333333334,0.7972972972972971
5,7,regular,3,1233,1230,3,1218,15,12,0.9878345498783455,0.9902439024390244,1.002439024390244,0.9890377588306943
5,7,semiregular,3,790,761,29,708,82,53,0.8962025316455696,0.9303547963206308,1.038107752956636,0.9129593810444875
5,7,irregular,3,249,225,24,203,46,22,0.8152610441767069,0.9022222222222223,1.1066666666666667,0.8565400843881856
5,8,regular,1,988,1035,47,984,4,51,0.9959514170040485,0.9507246376811594,0.9545893719806763,0.9728126544735541
5,8,semiregular,1,757,827,70,685,72,142,0.904887714663144,0.8282950423216445,0.9153567110036276,0.86489898989899
5,8,irregular,1,274,243,31,131,143,112,0.4781021897810219,0.5390946502057613,1.1275720164609053,0.5067698259187621
5,8,regular,2,1012,1035,23,1004,8,31,0.9920948616600791,0.970048309178744,0.9777777777777777,0.9809477283829996
5,8,semiregular,2,805,827,22,748,57,79,0.929192546583851,0.9044740024183797,0.973397823458283,0.9166666666666666
5,8,irregular,2,219,243,24,178,41,65,0.8127853881278538,0.7325102880658436,0.9012345679012346,0.7705627705627707
5,8,regular,3,1039,1035,4,1028,11,7,0.9894128970163619,0.9932367149758454,1.0038647342995168,0.991321118611379
5,8,semiregular,3,821,827,6,762,59,65,0.928136419001218,0.9214026602176542,0.992744860943168,0.924757281553398
5,8,irregular,3,241,243,2,203,38,40,0.8423236514522822,0.8353909465020576,0.9917695473251029,0.8388429752066116
5,9,regular,1,1021,1107,86,1017,4,90,0.9960822722820764,0.9186991869918699,0.9223125564588979,0.9558270676691729
5,9,semiregular,1,564,701,137,536,28,165,0.950354609929078,0.7646219686162625,0.8045649072753209,0.8474308300395258
5,9,irregular,1,257,266,9,128,129,138,0.4980544747081712,0.48120300751879697,0.9661654135338346,0.4894837476099427
5,9,regular,2,1034,1107,73,1029,5,78,0.995164410058027,0.9295392953929539,0.934056007226739,0.961233068659505
5,9,semiregular,2,605,701,96,581,24,120,0.9603305785123967,0.8288159771754636,0.8630527817403709,0.889739663093415
5,9,irregular,2,235,266,31,195,40,71,0.8297872340425532,0.7330827067669173,0.8834586466165414,0.7784431137724551
5,9,regular,3,1057,1107,50,1056,1,51,0.9990539262062441,0.9539295392953929,0.95483288166215,0.9759704251386322
5,9,semiregular,3,670,701,31,653,17,48,0.9746268656716418,0.9315263908701854,0.9557774607703281,0.9525893508388038
5,9,irregular,3,257,266,9,219,38,47,0.8521400778210116,0.8233082706766918,0.9661654135338346,0.8374760994263862
5,10,regular,1,1047,1014,33,1007,40,7,0.9617956064947469,0.9930966469428008,1.032544378698225,0.9771955361475012
5,10,semiregular,1,620,656,36,575,45,81,0.9274193548387096,0.8765243902439024,0.9451219512195121,0.9012539184952979
5,10,irregular,1,243,247,4,162,81,85,0.6666666666666666,0.6558704453441295,0.9838056680161943,0.6612244897959183
5,10,regular,2,1050,1014,36,1014,36,0,0.9657142857142857,1.0,1.0355029585798816,0.9825581395348837
5,10,semiregular,2,668,656,12,620,48,36,0.9281437125748503,0.9451219512195121,1.0182926829268293,0.9365558912386707
5,10,irregular,2,249,247,2,204,45,43,0.8192771084337349,0.8259109311740891,1.008097165991903,0.8225806451612904
5,10,regular,3,1054,1014,40,1011,43,3,0.959203036053131,0.9970414201183432,1.039447731755424,0.9777562862669245
5,10,semiregular,3,636,656,20,606,30,50,0.9528301886792453,0.9237804878048781,0.9695121951219512,0.9380804953560372
5,10,irregular,3,248,247,1,215,33,32,0.8669354838709677,0.8704453441295547,1.0040485829959513,0.8686868686868688
5,11,regular,1,1035,1070,35,1034,1,36,0.9990338164251208,0.9663551401869159,0.9672897196261683,0.9824228028503563
5,11,semiregular,1,709,700,9,630,79,70,0.8885754583921015,0.9,1.012857142857143,0.8942512420156139
5,11,irregular,1,229,239,10,134,95,105,0.5851528384279476,0.5606694560669456,0.9581589958158996,0.5726495726495726
5,11,regular,2,1054,1070,16,1053,1,17,0.9990512333965844,0.9841121495327103,0.9850467289719627,0.9915254237288136
5,11,semiregular,2,697,700,3,639,58,61,0.9167862266857962,0.9128571428571428,0.9957142857142857,0.9148174659985683
5,11,irregular,2,213,239,26,176,37,63,0.8262910798122066,0.7364016736401674,0.891213389121339,0.7787610619469026
5,11,regular,3,1067,1070,3,1062,5,8,0.9953139643861293,0.9925233644859813,0.997196261682243,0.9939167056621431
5,11,semiregular,3,689,700,11,640,49,60,0.9288824383164006,0.9142857142857143,0.9842857142857143,0.9215262778977682
5,11,irregular,3,233,239,6,198,35,41,0.8497854077253219,0.8284518828451883,0.9748953974895398,0.8389830508474577
5,12,regular,1,1033,1007,26,1007,26,0,0.9748305905130688,1.0,1.0258192651439921,0.9872549019607844
5,12,semiregular,1,693,641,52,595,98,46,0.8585858585858586,0.9282371294851794,1.0811232449297972,0.8920539730134932
5,12,irregular,1,280,204,76,172,108,32,0.6142857142857143,0.8431372549019608,1.3725490196078431,0.7107438016528925
5,12,regular,2,1050,1007,43,1007,43,0,0.959047619047619,1.0,1.0427010923535254,0.9790957705396208
5,12,semiregular,2,689,641,48,595,94,46,0.8635703918722787,0.9282371294851794,1.0748829953198127,0.8947368421052633
5,12,irregular,2,264,204,60,186,78,18,0.7045454545454546,0.9117647058823529,1.2941176470588236,0.794871794871795
5,12,regular,3,1066,1007,59,1007,59,0,0.9446529080675422,1.0,1.0585898709036743,0.9715388326097444
5,12,semiregular,3,684,641,43,606,78,35,0.8859649122807017,0.9453978159126365,1.0670826833073324,0.9147169811320754
5,12,irregular,3,242,204,38,194,48,10,0.8016528925619835,0.9509803921568627,1.1862745098039216,0.8699551569506727
5,13,regular,1,999,1000,1,996,3,4,0.996996996996997,0.996,0.999,0.9964982491245623
5,13,semiregular,1,794,815,21,740,54,75,0.9319899244332494,0.9079754601226994,0.9742331288343559,0.9198259788688626
5,13,irregular,1,316,216,100,147,169,69,0.4651898734177215,0.6805555555555556,1.462962962962963,0.5526315789473684
5,13,regular,2,1027,1000,27,1000,27,0,0.9737098344693281,1.0,1.027,0.9866798223976319
5,13,semiregular,2,839,815,24,782,57,33,0.932061978545888,0.9595092024539877,1.0294478527607362,0.9455864570737605
5,13,irregular,2,261,216,45,201,60,15,0.7701149425287356,0.9305555555555556,1.2083333333333333,0.8427672955974842
5,13,regular,3,1015,1000,15,996,19,4,0.9812807881773399,0.996,1.015,0.9885856079404467
5,13,semiregular,3,795,815,20,759,36,56,0.9547169811320755,0.9312883435582822,0.9754601226993865,0.9428571428571428
5,13,irregular,3,241,216,25,198,43,18,0.8215767634854771,0.9166666666666666,1.1157407407407407,0.8665207877461707
5,14,regular,1,965,1052,87,965,0,87,1.0,0.9173003802281369,0.9173003802281369,0.9568666336142786
5,14,semiregular,1,797,913,116,758,39,155,0.9510664993726474,0.8302300109529025,0.872946330777656,0.8865497076023392
5,14,irregular,1,262,217,45,143,119,74,0.5458015267175572,0.6589861751152074,1.207373271889401,0.5970772442588727
5,14,regular,2,1003,1052,49,1001,2,51,0.9980059820538385,0.9515209125475285,0.9534220532319392,0.9742092457420926
5,14,semiregular,2,919,913,6,854,65,59,0.9292709466811752,0.9353778751369113,1.0065717415115005,0.9323144104803495
5,14,irregular,2,226,217,9,187,39,30,0.827433628318584,0.8617511520737328,1.0414746543778801,0.8442437923250564
5,14,regular,3,1020,1052,32,1020,0,32,1.0,0.9695817490494296,0.9695817490494296,0.9845559845559846
5,14,semiregular,3,922,913,9,865,57,48,0.938177874186551,0.9474260679079957,1.009857612267251,0.9427792915531337
5,14,irregular,3,218,217,1,191,27,26,0.8761467889908257,0.880184331797235,1.0046082949308757,0.8781609195402298
5,15,regular,1,937,964,27,936,1,28,0.9989327641408752,0.970954356846473,0.9719917012448133,0.9847448711204629
5,15,semiregular,1,745,774,29,693,52,81,0.9302013422818792,0.8953488372093024,0.962532299741602,0.912442396313364
5,15,irregular,1,224,218,6,154,70,64,0.6875,0.7064220183486238,1.0275229357798166,0.6968325791855203
5,15,regular,2,930,964,34,929,1,35,0.9989247311827957,0.9636929460580913,0.9647302904564315,0.9809926082365364
5,15,semiregular,2,751,774,23,709,42,65,0.9440745672436751,0.9160206718346253,0.9702842377260982,0.9298360655737704
5,15,irregular,2,220,218,2,191,29,27,0.8681818181818182,0.8761467889908257,1.0091743119266054,0.8721461187214611
5,15,regular,3,962,964,2,959,3,5,0.9968814968814969,0.9948132780082988,0.9979253112033195,0.995846313603323
5,15,semiregular,3,727,774,47,691,36,83,0.9504814305364512,0.8927648578811369,0.9392764857881137,0.9207195203197868
5,15,irregular,3,223,218,5,203,20,15,0.9103139013452914,0.9311926605504587,1.0229357798165137,0.9206349206349206
5,16,regular,1,1084,1109,25,1079,5,30,0.9953874538745388,0.9729486023444545,0.9774571686203787,0.9840401276789785
5,16,semiregular,1,617,681,64,545,72,136,0.8833063209076175,0.8002936857562408,0.9060205580029369,0.8397534668721109
5,16,irregular,1,316,272,44,149,167,123,0.47151898734177217,0.5477941176470589,1.161764705882353,0.5068027210884354
5,16,regular,2,1112,1109,3,1102,10,7,0.9910071942446043,0.9936880072137061,1.0027051397655546,0.9923457901846016
5,16,semiregular,2,661,681,20,611,50,70,0.924357034795764,0.8972099853157122,0.9706314243759178,0.910581222056632
5,16,irregular,2,264,272,8,213,51,59,0.8068181818181818,0.7830882352941176,0.9705882352941176,0.794776119402985
5,16,regular,3,1101,1109,8,1097,4,12,0.9963669391462306,0.9891794409377818,0.9927862939585211,0.992760180995475
5,16,semiregular,3,631,681,50,594,37,87,0.9413629160063391,0.8722466960352423,0.9265785609397944,0.9054878048780488
5,16,irregular,3,249,272,23,212,37,60,0.8514056224899599,0.7794117647058824,0.9154411764705882,0.8138195777351247
5,17,regular,1,1004,1029,25,1002,2,27,0.99800796812749,0.9737609329446064,0.9757045675413022,0.985735366453517
5,17,semiregular,1,690,837,147,639,51,198,0.9260869565217391,0.7634408602150538,0.8243727598566308,0.8369351669941061
5,17,irregular,1,335,240,95,134,201,106,0.4,0.5583333333333333,1.3958333333333333,0.46608695652173915
5,17,regular,2,1041,1029,12,1025,16,4,0.9846301633045149,0.9961127308066083,1.0116618075801749,0.9903381642512078
5,17,semiregular,2,847,837,10,781,66,56,0.922077922077922,0.9330943847072879,1.01194743130227,0.9275534441805224
5,17,irregular,2,290,240,50,193,97,47,0.6655172413793103,0.8041666666666667,1.2083333333333333,0.7283018867924529
5,17,regular,3,1066,1029,37,1028,38,1,0.9643527204502814,0.9990281827016521,1.0359572400388728,0.9813842482100238
5,17,semiregular,3,831,837,6,791,40,46,0.9518652226233454,0.945041816009558,0.992831541218638,0.9484412470023981
5,17,irregular,3,258,240,18,201,57,39,0.7790697674418605,0.8375,1.075,0.8072289156626506
5,18,regular,1,1020,1044,24,1018,2,26,0.9980392156862745,0.975095785440613,0.9770114942528736,0.9864341085271318
5,18,semiregular,1,706,801,95,669,37,132,0.9475920679886686,0.8352059925093633,0.8813982521847691,0.8878566688785666
5,18,irregular,1,316,252,64,172,144,80,0.5443037974683544,0.6825396825396826,1.253968253968254,0.6056338028169014
5,18,regular,2,1098,1044,54,1043,55,1,0.9499089253187614,0.9990421455938697,1.0517241379310345,0.9738562091503269
5,18,semiregular,2,843,801,42,768,75,33,0.9110320284697508,0.9588014981273408,1.0524344569288389,0.9343065693430657
5,18,irregular,2,290,252,38,222,68,30,0.7655172413793103,0.8809523809523809,1.1507936507936507,0.8191881918819187
5,18,regular,3,1076,1044,32,1044,32,0,0.9702602230483272,1.0,1.0306513409961686,0.9849056603773586
5,18,semiregular,3,788,801,13,746,42,55,0.9467005076142132,0.9313358302122348,0.9837702871410736,0.9389553178099435
5,18,irregular,3,270,252,18,228,42,24,0.8444444444444444,0.9047619047619048,1.0714285714285714,0.8735632183908046
5,19,regular,1,1072,1076,4,1064,8,12,0.9925373134328358,0.9888475836431226,0.9962825278810409,0.9906890130353817
5,19,semiregular,1,679,753,74,633,46,120,0.9322533136966127,0.8406374501992032,0.9017264276228419,0.8840782122905029
5,19,irregular,1,273,245,28,166,107,79,0.608058608058608,0.6775510204081633,1.1142857142857143,0.6409266409266409
5,19,regular,2,1112,1076,36,1075,37,1,0.966726618705036,0.9990706319702602,1.033457249070632,0.9826325411334551
5,19,semiregular,2,736,753,17,687,49,66,0.9334239130434783,0.9123505976095617,0.9774236387782205,0.9227669576897247
5,19,irregular,2,265,245,20,203,62,42,0.7660377358490567,0.8285714285714286,1.0816326530612246,0.796078431372549
5,19,regular,3,1109,1076,33,1074,35,2,0.9684400360685302,0.9981412639405205,1.0306691449814127,0.9830663615560642
5,19,semiregular,3,681,753,72,643,38,110,0.9441997063142438,0.8539176626826029,0.9043824701195219,0.8967921896792189
5,19,irregular,3,241,245,4,207,34,38,0.8589211618257261,0.8448979591836735,0.9836734693877551,0.8518518518518517
5,20,regular,1,1126,1251,125,1123,3,128,0.9973357015985791,0.8976818545163869,0.9000799360511591,0.9448885149347918
5,20,semiregular,1,829,841,12,723,106,118,0.8721351025331725,0.8596908442330559,0.985731272294887,0.8658682634730539
5,20,irregular,1,290,252,38,142,148,110,0.4896551724137931,0.5634920634920635,1.1507936507936507,0.5239852398523985
5,20,regular,2,1183,1251,68,1178,5,73,0.9957734573119188,0.9416466826538769,0.9456434852118305,0.9679539852095315
5,20,semiregular,2,811,841,30,721,90,120,0.8890258939580764,0.8573127229488704,0.9643281807372176,0.8728813559322033
5,20,irregular,2,239,252,13,194,45,58,0.8117154811715481,0.7698412698412699,0.9484126984126984,0.7902240325865579
5,20,regular,3,1148,1251,103,1148,0,103,1.0,0.9176658673061551,0.9176658673061551,0.957065443934973
5,20,semiregular,3,795,841,46,728,67,113,0.9157232704402516,0.8656361474435196,0.9453032104637337,0.8899755501222493
5,20,irregular,3,235,252,17,208,27,44,0.8851063829787233,0.8253968253968254,0.9325396825396826,0.8542094455852155
5,21,regular,1,922,920,2,918,4,2,0.9956616052060737,0.9978260869565218,1.0021739130434784,0.996742671009772
5,21,semiregular,1,580,549,31,474,106,75,0.8172413793103448,0.8633879781420765,1.0564663023679417,0.8396811337466785
5,21,irregular,1,248,204,44,154,94,50,0.6209677419354839,0.7549019607843137,1.2156862745098038,0.6814159292035398
5,21,regular,2,945,920,25,920,25,0,0.9735449735449735,1.0,1.0271739130434783,0.9865951742627346
5,21,semiregular,2,635,549,86,525,110,24,0.8267716535433071,0.9562841530054644,1.156648451730419,0.8868243243243243
5,21,irregular,2,232,204,28,186,46,18,0.8017241379310345,0.9117647058823529,1.1372549019607843,0.8532110091743118
5,21,regular,3,963,920,43,920,43,0,0.9553478712357217,1.0,1.0467391304347826,0.9771640998406798
5,21,semiregular,3,640,549,91,529,111,20,0.8265625,0.9635701275045537,1.1657559198542806,0.8898233809924306
5,21,irregular,3,228,204,24,193,35,11,0.8464912280701754,0.946078431372549,1.1176470588235294,0.8935185185185186
5,22,regular,1,977,946,31,946,31,0,0.9682702149437052,1.0,1.03276955602537,0.983879355174207
5,22,semiregular,1,724,703,21,638,86,65,0.8812154696132597,0.9075391180654339,1.0298719772403984,0.8941836019621584
5,22,irregular,1,223,247,24,133,90,114,0.5964125560538116,0.5384615384615384,0.902834008097166,0.5659574468085106
5,22,regular,2,994,946,48,946,48,0,0.9517102615694165,1.0,1.0507399577167018,0.9752577319587629
5,22,semiregular,2,728,703,25,660,68,43,0.9065934065934066,0.9388335704125178,1.035561877667141,0.9224318658280922
5,22,irregular,2,243,247,4,202,41,45,0.831275720164609,0.8178137651821862,0.9838056680161943,0.8244897959183672
5,22,regular,3,983,946,37,944,39,2,0.960325534079349,0.9978858350951374,1.0391120507399578,0.9787454639709693
5,22,semiregular,3,723,703,20,659,64,44,0.9114799446749654,0.9374110953058321,1.0284495021337126,0.9242636746143057
5,22,irregular,3,263,247,16,218,45,29,0.8288973384030418,0.8825910931174089,1.0647773279352226,0.8549019607843137
5,23,regular,1,978,999,21,969,9,30,0.99079754601227,0.96996996996997,0.978978978978979,0.9802731411229135
5,23,semiregular,1,792,835,43,700,92,135,0.8838383838383839,0.8383233532934131,0.948502994011976,0.860479409956976
5,23,irregular,1,347,266,81,134,213,132,0.3861671469740634,0.5037593984962406,1.3045112781954886,0.4371941272430669
5,23,regular,2,963,999,36,948,15,51,0.9844236760124611,0.948948948948949,0.963963963963964,0.9663608562691132
5,23,semiregular,2,843,835,8,779,64,56,0.9240806642941874,0.932934131736527,1.0095808383233533,0.9284862932061979
5,23,irregular,2,233,266,33,200,33,66,0.8583690987124464,0.7518796992481203,0.8759398496240601,0.8016032064128257
5,23,regular,3,1000,999,1,993,7,6,0.993,0.993993993993994,1.001001001001001,0.9934967483741871
5,23,semiregular,3,848,835,13,790,58,45,0.9316037735849056,0.9461077844311377,1.015568862275449,0.9387997623291742
5,23,irregular,3,282,266,16,228,54,38,0.8085106382978723,0.8571428571428571,1.0601503759398496,0.8321167883211678
5,24,regular,1,1012,1079,67,1006,6,73,0.9940711462450593,0.9323447636700649,0.93790546802595,0.9622190339550455
5,24,semiregular,1,611,680,69,555,56,125,0.9083469721767594,0.8161764705882353,0.8985294117647059,0.8597986057319907
5,24,irregular,1,231,247,16,134,97,113,0.5800865800865801,0.5425101214574899,0.9352226720647774,0.5606694560669455
5,24,regular,2,1027,1079,52,1020,7,59,0.9931840311587147,0.9453197405004634,0.9518072289156626,0.9686609686609686
5,24,semiregular,2,626,680,54,595,31,85,0.950479233226837,0.875,0.9205882352941176,0.9111791730474732
5,24,irregular,2,217,247,30,196,21,51,0.9032258064516129,0.7935222672064778,0.8785425101214575,0.8448275862068966
5,24,regular,3,1032,1079,47,1029,3,50,0.997093023255814,0.953660797034291,0.9564411492122336,0.9748934154429181
5,24,semiregular,3,638,680,42,610,28,70,0.9561128526645768,0.8970588235294118,0.9382352941176471,0.9256449165402125
5,24,irregular,3,247,247,0,219,28,28,0.8866396761133604,0.8866396761133604,1.0,0.8866396761133604
5,25,regular,1,893,946,53,892,1,54,0.9988801791713325,0.9429175475687104,0.9439746300211417,0.9700924415443174
5,25,semiregular,1,664,718,54,597,67,121,0.8990963855421686,0.8314763231197771,0.924791086350975,0.8639652677279306
5,25,irregular,1,291,207,84,129,162,78,0.44329896907216493,0.6231884057971014,1.4057971014492754,0.5180722891566265
5,25,regular,2,909,946,37,908,1,38,0.9988998899889989,0.959830866807611,0.9608879492600423,0.9789757412398922
5,25,semiregular,2,726,718,8,665,61,53,0.9159779614325069,0.9261838440111421,1.011142061281337,0.9210526315789473
5,25,irregular,2,254,207,47,163,91,44,0.6417322834645669,0.7874396135265701,1.2270531400966183,0.7071583514099783
5,25,regular,3,834,946,112,833,1,113,0.9988009592326139,0.8805496828752643,0.8816067653276956,0.9359550561797754
5,25,semiregular,3,571,718,147,527,44,191,0.9229422066549913,0.733983286908078,0.7952646239554317,0.817688130333592
5,25,irregular,3,230,207,23,149,81,58,0.6478260869565218,0.7198067632850241,1.1111111111111112,0.6819221967963387
5,26,regular,1,1115,985,130,985,130,0,0.8834080717488789,1.0,1.131979695431472,0.9380952380952381
5,26,semiregular,1,747,720,27,660,87,60,0.8835341365461847,0.9166666666666666,1.0375,0.8997955010224948
5,26,irregular,1,336,214,122,182,154,32,0.5416666666666666,0.8504672897196262,1.5700934579439252,0.6618181818181819
5,26,regular,2,1169,985,184,985,184,0,0.8426005132591959,1.0,1.1868020304568527,0.914577530176416
5,26,semiregular,2,676,720,44,614,62,106,0.908284023668639,0.8527777777777777,0.9388888888888889,0.8796561604584527
5,26,irregular,2,295,214,81,169,126,45,0.5728813559322034,0.7897196261682243,1.3785046728971964,0.6640471512770137
5,26,regular,3,1084,985,99,978,106,7,0.9022140221402214,0.9928934010152284,1.100507614213198,0.9453842435959401
5,26,semiregular,3,758,720,38,672,86,48,0.8865435356200527,0.9333333333333333,1.0527777777777778,0.9093369418132612
5,26,irregular,3,267,214,53,202,65,12,0.7565543071161048,0.9439252336448598,1.2476635514018692,0.83991683991684
5,27,regular,1,1054,1166,112,1051,3,115,0.9971537001897534,0.9013722126929674,0.9039451114922813,0.946846846846847
5,27,semiregular,1,552,728,176,494,58,234,0.894927536231884,0.6785714285714286,0.7582417582417582,0.771875
5,27,irregular,1,245,270,25,138,107,132,0.563265306122449,0.5111111111111111,0.9074074074074074,0.5359223300970873
5,27,regular,2,1105,1166,61,1100,5,66,0.995475113122172,0.9433962264150944,0.9476843910806175,0.968736239542052
5,27,semiregular,2,698,728,30,653,45,75,0.9355300859598854,0.896978021978022,0.9587912087912088,0.9158485273492286
5,27,irregular,2,251,270,19,219,32,51,0.8725099601593626,0.8111111111111111,0.9296296296296296,0.8406909788867563
5,27,regular,3,1135,1166,31,1134,1,32,0.9991189427312775,0.9725557461406518,0.9734133790737565,0.9856584093872229
5,27,semiregular,3,665,728,63,629,36,99,0.9458646616541353,0.864010989010989,0.9134615384615384,0.9030868628858578
5,27,irregular,3,272,270,2,233,39,37,0.8566176470588235,0.8629629629629629,1.0074074074074073,0.8597785977859778
5,28,regular,1,1036,1098,62,1023,13,75,0.9874517374517374,0.9316939890710383,0.9435336976320583,0.9587628865979382
5,28,semiregular,1,825,859,34,757,68,102,0.9175757575757576,0.8812572759022119,0.9604190919674039,0.8990498812351545
5,28,irregular,1,355,293,62,147,208,146,0.4140845070422535,0.5017064846416383,1.21160409556314,0.4537037037037037
5,28,regular,2,1062,1098,36,1048,14,50,0.9868173258003766,0.9544626593806922,0.9672131147540983,0.9703703703703703
5,28,semiregular,2,799,859,60,746,53,113,0.9336670838548186,0.8684516880093132,0.930151338766007,0.8998793727382388
5,28,irregular,2,322,293,29,213,109,80,0.6614906832298136,0.726962457337884,1.098976109215017,0.6926829268292682
5,28,regular,3,1063,1098,35,1059,4,39,0.9962370649106302,0.9644808743169399,0.9681238615664846,0.9801018047200369
5,28,semiregular,3,770,859,89,728,42,131,0.9454545454545454,0.8474970896391153,0.8963911525029103,0.8937998772252915
5,28,irregular,3,294,293,1,224,70,69,0.7619047619047619,0.764505119453925,1.0034129692832765,0.7632027257240204
5,29,regular,1,1070,1140,70,1070,0,70,1.0,0.9385964912280702,0.9385964912280702,0.9683257918552036
5,29,semiregular,1,860,869,9,762,98,107,0.8860465116279069,0.8768699654775605,0.9896432681242808,0.8814343551185657
5,29,irregular,1,257,247,10,146,111,101,0.5680933852140078,0.5910931174089069,1.040485829959514,0.5793650793650793
5,29,regular,2,1098,1140,42,1096,2,44,0.9981785063752276,0.9614035087719298,0.9631578947368421,0.9794459338695264
5,29,semiregular,2,1002,869,133,852,150,17,0.8502994011976048,0.9804372842347526,1.1530494821634063,0.9107429182255479
5,29,irregular,2,285,247,38,217,68,30,0.7614035087719299,0.8785425101214575,1.1538461538461537,0.8157894736842105
5,29,regular,3,1051,1140,89,1050,1,90,0.9990485252140818,0.9210526315789473,0.9219298245614035,0.9584664536741214
5,29,semiregular,3,880,869,11,792,88,77,0.9,0.9113924050632911,1.0126582278481013,0.9056603773584907
5,29,irregular,3,266,247,19,220,46,27,0.8270676691729323,0.8906882591093117,1.0769230769230769,0.8576998050682262
5,30,regular,1,948,997,49,948,0,49,1.0,0.950852557673019,0.950852557673019,0.9748071979434446
5,30,semiregular,1,754,810,56,703,51,107,0.9323607427055703,0.8679012345679012,0.9308641975308642,0.8989769820971867
5,30,irregular,1,325,250,75,138,187,112,0.4246153846153846,0.552,1.3,0.48000000000000004
5,30,regular,2,965,997,32,964,1,33,0.9989637305699481,0.966900702106319,0.9679037111334002,0.982670744138634
5,30,semiregular,2,803,810,7,750,53,60,0.933997509339975,0.9259259259259259,0.991358024691358,0.9299442033477993
5,30,irregular,2,244,250,6,188,56,62,0.7704918032786885,0.752,0.976,0.7611336032388664
5,30,regular,3,1007,997,10,996,11,1,0.9890764647467726,0.9989969909729187,1.0100300902708124,0.9940119760479041
5,30,semiregular,3,791,810,19,747,44,63,0.9443742098609356,0.9222222222222223,0.9765432098765432,0.9331667707682699
5,30,irregular,3,269,250,19,207,62,43,0.7695167286245354,0.828,1.076,0.7976878612716762
