Test fold number,Subject,Gait,Sensor,Predicted,Actual,Difference,TP,FP,FN,PPV,Sensitivity,RCA,SDA
1,1,regular,1,956,937,19,937,19,0,0.9801255230125523,1.0,1.0202774813233724,0.9899630216587427
1,1,semiregular,1,676,703,27,589,87,114,0.871301775147929,0.8378378378378378,0.9615931721194879,0.8542422044960116
1,1,irregular,1,168,199,31,132,36,67,0.7857142857142857,0.6633165829145728,0.8442211055276382,0.7193460490463215
1,1,regular,2,1029,937,92,937,92,0,0.9105928085519922,1.0,1.0981856990394878,0.9532044760935909
1,1,semiregular,2,769,703,66,660,109,43,0.8582574772431729,0.9388335704125178,1.0938833570412518,0.8967391304347826
1,1,irregular,2,199,199,0,176,23,23,0.8844221105527639,0.8844221105527639,1.0,0.8844221105527639
1,1,regular,3,958,937,21,935,23,2,0.975991649269311,0.9978655282817502,1.0224119530416222,0.9868073878627969
1,1,semiregular,3,730,703,27,662,68,41,0.9068493150684932,0.9416785206258891,1.038406827880512,0.9239357990230286
1,1,irregular,3,206,199,7,178,28,21,0.8640776699029126,0.8944723618090452,1.035175879396985,0.8790123456790123
1,2,regular,1,1097,1224,127,1087,10,137,0.9908842297174111,0.8880718954248366,0.8962418300653595,0.9366652305040929
1,2,semiregular,1,523,647,124,500,23,147,0.9560229445506692,0.7727975270479135,0.8083462132921174,0.8547008547008548
1,2,irregular,1,186,217,31,110,76,107,0.5913978494623656,0.5069124423963134,0.8571428571428571,0.5459057071960297
1,2,regular,2,1196,1224,28,1182,14,42,0.9882943143812709,0.9656862745098039,0.9771241830065359,0.9768595041322314
1,2,semiregular,2,624,647,23,606,18,41,0.9711538461538461,0.9366306027820711,0.964451313755796,0.953579858379229
1,2,irregular,2,206,217,11,175,31,42,0.8495145631067961,0.8064516129032258,0.9493087557603687,0.8274231678486996
1,2,regular,3,1236,1224,12,1216,20,8,0.9838187702265372,0.9934640522875817,1.0098039215686274,0.9886178861788618
1,2,semiregular,3,651,647,4,622,29,25,0.9554531490015361,0.9613601236476044,1.0061823802163834,0.9583975346687211
1,2,irregular,3,226,217,9,200,26,17,0.8849557522123894,0.9216589861751152,1.0414746543778801,0.9029345372460497
1,3,regular,1,1018,1053,35,1016,2,37,0.9980353634577603,0.9648622981956315,0.9667616334283001,0.9811685176243361
1,3,semiregular,1,640,716,76,597,43,119,0.9328125,0.8337988826815642,0.8938547486033519,0.8805309734513274
1,3,irregular,1,188,224,36,132,56,92,0.7021276595744681,0.5892857142857143,0.8392857142857143,0.6407766990291263
1,3,regular,2,980,1053,73,978,2,75,0.9979591836734694,0.9287749287749287,0.9306742640075973,0.9621249385145105
1,3,semiregular,2,731,716,15,681,50,35,0.9316005471956225,0.9511173184357542,1.020949720670391,0.9412577747062888
1,3,irregular,2,205,224,19,179,26,45,0.8731707317073171,0.7991071428571429,0.9151785714285714,0.8344988344988346
1,3,regular,3,1053,1053,0,1048,5,5,0.9952516619183286,0.9952516619183286,1.0,0.9952516619183286
1,3,semiregular,3,709,716,7,667,42,49,0.9407616361071932,0.9315642458100558,0.9902234636871509,0.9361403508771929
1,3,irregular,3,223,224,1,199,24,25,0.8923766816143498,0.8883928571428571,0.9955357142857143,0.890380313199105
1,4,regular,1,1154,1101,53,1099,55,2,0.9523396880415944,0.9981834695731153,1.0481380563124432,0.9747228381374723
1,4,semiregular,1,608,614,6,506,102,108,0.8322368421052632,0.8241042345276873,0.990228013029316,0.8281505728314239
1,4,irregular,1,190,228,38,129,61,99,0.6789473684210526,0.5657894736842105,0.8333333333333334,0.6172248803827751
1,4,regular,2,1098,1101,3,1091,7,10,0.9936247723132969,0.9909173478655767,0.997275204359673,0.992269213278763
1,4,semiregular,2,611,614,3,557,54,57,0.911620294599018,0.9071661237785016,0.995114006514658,0.909387755102041
1,4,irregular,2,216,228,12,190,26,38,0.8796296296296297,0.8333333333333334,0.9473684210526315,0.8558558558558559
1,4,regular,3,1109,1101,8,1100,9,1,0.9918845807033363,0.9990917347865577,1.0072661217075387,0.995475113122172
1,4,semiregular,3,610,614,4,571,39,43,0.9360655737704918,0.9299674267100977,0.993485342019544,0.9330065359477123
1,4,irregular,3,226,228,2,199,27,29,0.8805309734513275,0.8728070175438597,0.9912280701754386,0.8766519823788547
1,5,regular,1,993,1044,51,991,2,53,0.9979859013091642,0.9492337164750958,0.9511494252873564,0.9729995090819834
1,5,semiregular,1,695,668,27,615,80,53,0.8848920863309353,0.9206586826347305,1.0404191616766467,0.9024211298606016
1,5,irregular,1,214,217,3,151,63,66,0.705607476635514,0.695852534562212,0.9861751152073732,0.7006960556844548
1,5,regular,2,1015,1044,29,1013,2,31,0.9980295566502463,0.9703065134099617,0.9722222222222222,0.9839728023312286
1,5,semiregular,2,748,668,80,653,95,15,0.8729946524064172,0.9775449101796407,1.1197604790419162,0.922316384180791
1,5,irregular,2,208,217,9,175,33,42,0.8413461538461539,0.8064516129032258,0.9585253456221198,0.8235294117647058
1,5,regular,3,1050,1044,6,1044,6,0,0.9942857142857143,1.0,1.0057471264367817,0.9971346704871061
1,5,semiregular,3,686,668,18,622,64,46,0.9067055393586005,0.9311377245508982,1.026946107784431,0.9187592319054653
1,5,irregular,3,228,217,11,197,31,20,0.8640350877192983,0.9078341013824884,1.0506912442396312,0.8853932584269663
1,6,regular,1,1025,915,110,915,110,0,0.8926829268292683,1.0,1.1202185792349726,0.943298969072165
1,6,semiregular,1,674,701,27,630,44,71,0.9347181008902077,0.8987161198288159,0.9614835948644793,0.9163636363636364
1,6,irregular,1,184,195,11,98,86,97,0.532608695652174,0.5025641025641026,0.9435897435897436,0.5171503957783642
1,6,regular,2,950,915,35,912,38,3,0.96,0.9967213114754099,1.0382513661202186,0.9780160857908847
1,6,semiregular,2,752,701,51,682,70,19,0.9069148936170213,0.9728958630527818,1.072753209700428,0.9387474191328287
1,6,irregular,2,211,195,16,124,87,71,0.5876777251184834,0.6358974358974359,1.082051282051282,0.6108374384236454
1,6,regular,3,932,915,17,913,19,2,0.9796137339055794,0.9978142076502732,1.0185792349726777,0.9886302111532214
1,6,semiregular,3,710,701,9,673,37,28,0.9478873239436619,0.9600570613409415,1.0128388017118402,0.9539333805811481
1,6,irregular,3,214,195,19,172,42,23,0.8037383177570093,0.882051282051282,1.0974358974358975,0.8410757946210269
1,7,regular,1,1220,1230,10,1207,13,23,0.989344262295082,0.9813008130081301,0.991869918699187,0.9853061224489796
1,7,semiregular,1,706,761,55,634,72,127,0.8980169971671388,0.8331143232588699,0.9277266754270697,0.8643490115882754
1,7,irregular,1,172,225,53,106,66,119,0.6162790697674418,0.4711111111111111,0.7644444444444445,0.5340050377833754
1,7,regular,2,1228,1230,2,1211,17,19,0.9861563517915309,0.9845528455284552,0.9983739837398374,0.985353946297803
1,7,semiregular,2,737,761,24,675,62,86,0.9158751696065129,0.8869908015768725,0.9684625492772667,0.9012016021361816
1,7,irregular,2,191,225,34,170,21,55,0.8900523560209425,0.7555555555555555,0.8488888888888889,0.8173076923076924
1,7,regular,3,1241,1230,11,1226,15,4,0.9879129734085415,0.9967479674796748,1.0089430894308944,0.9923108053419668
1,7,semiregular,3,748,761,13,686,62,75,0.9171122994652406,0.9014454664914586,0.9829172141918529,0.9092113982770047
1,7,irregular,3,233,225,8,202,31,23,0.8669527896995708,0.8977777777777778,1.0355555555555556,0.8820960698689956
1,8,regular,1,1031,1035,4,1020,11,15,0.9893307468477207,0.9855072463768116,0.996135265700483,0.9874152952565344
1,8,semiregular,1,787,827,40,707,80,120,0.8983481575603558,0.8548972188633616,0.9516324062877872,0.8760842627013631
1,8,irregular,1,213,243,30,135,78,108,0.6338028169014085,0.5555555555555556,0.8765432098765432,0.5921052631578948
1,8,regular,2,1044,1035,9,1031,13,4,0.9875478927203065,0.996135265700483,1.008695652173913,0.9918229918229918
1,8,semiregular,2,823,827,4,770,53,57,0.9356014580801945,0.9310761789600968,0.9951632406287787,0.9333333333333333
1,8,irregular,2,223,243,20,190,33,53,0.852017937219731,0.7818930041152263,0.9176954732510288,0.8154506437768241
1,8,regular,3,1044,1035,9,1032,12,3,0.9885057471264368,0.9971014492753624,1.008695652173913,0.9927849927849929
1,8,semiregular,3,831,827,4,775,56,52,0.9326113116726835,0.9371221281741233,1.0048367593712213,0.9348612786489746
1,8,irregular,3,245,243,2,209,36,34,0.8530612244897959,0.8600823045267489,1.008230452674897,0.8565573770491803
1,9,regular,1,1086,1107,21,1081,5,26,0.9953959484346224,0.976513098464318,0.981029810298103,0.9858641130870953
1,9,semiregular,1,578,701,123,552,26,149,0.9550173010380623,0.7874465049928673,0.8245363766048502,0.8631743549648163
1,9,irregular,1,198,266,68,137,61,129,0.6919191919191919,0.5150375939849624,0.7443609022556391,0.5905172413793104
1,9,regular,2,1072,1107,35,1066,6,41,0.9944029850746269,0.9629629629629629,0.9683830171635049,0.9784304726938963
1,9,semiregular,2,626,701,75,610,16,91,0.9744408945686901,0.8701854493580599,0.8930099857346647,0.9193669932177845
1,9,irregular,2,232,266,34,207,25,59,0.8922413793103449,0.7781954887218046,0.8721804511278195,0.8313253012048194
1,9,regular,3,1101,1107,6,1099,2,8,0.9981834695731153,0.992773261065944,0.994579945799458,0.9954710144927537
1,9,semiregular,3,678,701,23,659,19,42,0.971976401179941,0.9400855920114123,0.9671897289586305,0.9557650471356056
1,9,irregular,3,253,266,13,225,28,41,0.8893280632411067,0.8458646616541353,0.9511278195488722,0.8670520231213873
1,10,regular,1,1044,1014,30,1009,35,5,0.9664750957854407,0.995069033530572,1.029585798816568,0.9805636540330419
1,10,semiregular,1,635,656,21,592,43,64,0.9322834645669291,0.9024390243902439,0.9679878048780488,0.91711851278079
1,10,irregular,1,208,247,39,156,52,91,0.75,0.631578947368421,0.8421052631578947,0.6857142857142857
1,10,regular,2,1043,1014,29,1013,30,1,0.9712368168744008,0.9990138067061144,1.0285996055226825,0.98492950899368
1,10,semiregular,2,699,656,43,620,79,36,0.8869814020028612,0.9451219512195121,1.0655487804878048,0.9151291512915128
1,10,irregular,2,237,247,10,213,24,34,0.8987341772151899,0.8623481781376519,0.9595141700404858,0.8801652892561983
1,10,regular,3,1046,1014,32,1013,33,1,0.9684512428298279,0.9990138067061144,1.0315581854043392,0.9834951456310679
1,10,semiregular,3,655,656,1,625,30,31,0.9541984732824428,0.9527439024390244,0.9984756097560976,0.9534706331045004
1,10,irregular,3,257,247,10,221,36,26,0.8599221789883269,0.8947368421052632,1.040485829959514,0.876984126984127
1,11,regular,1,1046,1070,24,1044,2,26,0.9980879541108987,0.9757009345794393,0.9775700934579439,0.9867674858223062
1,11,semiregular,1,716,700,16,637,79,63,0.8896648044692738,0.91,1.022857142857143,0.8997175141242938
1,11,irregular,1,200,239,39,146,54,93,0.73,0.6108786610878661,0.8368200836820083,0.6651480637813211
1,11,regular,2,1077,1070,7,1069,8,1,0.9925719591457753,0.9990654205607477,1.0065420560747664,0.9958081043316256
1,11,semiregular,2,713,700,13,655,58,45,0.9186535764375876,0.9357142857142857,1.0185714285714285,0.927105449398443
1,11,irregular,2,212,239,27,185,27,54,0.8726415094339622,0.7740585774058577,0.8870292887029289,0.8203991130820399
1,11,regular,3,1084,1070,14,1069,15,1,0.9861623616236163,0.9990654205607477,1.0130841121495326,0.9925719591457752
1,11,semiregular,3,682,700,18,650,32,50,0.9530791788856305,0.9285714285714286,0.9742857142857143,0.9406657018813314
1,11,irregular,3,223,239,16,197,26,42,0.8834080717488789,0.8242677824267782,0.9330543933054394,0.8528138528138528
1,12,regular,1,1043,1007,36,1007,36,0,0.965484180249281,1.0,1.0357497517378351,0.982439024390244
1,12,semiregular,1,685,641,44,595,90,46,0.8686131386861314,0.9282371294851794,1.0686427457098284,0.8974358974358975
1,12,irregular,1,224,204,20,166,58,38,0.7410714285714286,0.8137254901960784,1.0980392156862746,0.7757009345794393
1,12,regular,2,1019,1007,12,1007,12,0,0.9882237487733072,1.0,1.0119165839126116,0.9940769990128332
1,12,semiregular,2,682,641,41,599,83,42,0.8782991202346041,0.9344773790951638,1.06396255850234,0.9055177626606198
1,12,irregular,2,232,204,28,184,48,20,0.7931034482758621,0.9019607843137255,1.1372549019607843,0.8440366972477066
1,12,regular,3,1024,1007,17,1007,17,0,0.9833984375,1.0,1.0168818272095332,0.9916297390448056
1,12,semiregular,3,637,641,4,593,44,48,0.9309262166405023,0.9251170046801872,0.9937597503900156,0.9280125195618153
1,12,irregular,3,230,204,26,196,34,8,0.8521739130434782,0.9607843137254902,1.1274509803921569,0.9032258064516129
1,13,regular,1,1011,1000,11,998,13,2,0.9871414441147379,0.998,1.011,0.9925410243659871
1,13,semiregular,1,837,815,22,772,65,43,0.9223416965352449,0.947239263803681,1.026993865030675,0.9346246973365617
1,13,irregular,1,243,216,27,141,102,75,0.5802469135802469,0.6527777777777778,1.125,0.6143790849673203
1,13,regular,2,998,1000,2,992,6,8,0.9939879759519038,0.992,0.998,0.9929929929929929
1,13,semiregular,2,837,815,22,792,45,23,0.946236559139785,0.9717791411042945,1.026993865030675,0.9588377723970944
1,13,irregular,2,232,216,16,195,37,21,0.8405172413793104,0.9027777777777778,1.0740740740740742,0.8705357142857143
1,13,regular,3,1014,1000,14,999,15,1,0.985207100591716,0.999,1.014,0.9920556107249257
1,13,semiregular,3,811,815,4,778,33,37,0.9593094944512947,0.9546012269938651,0.9950920245398773,0.956949569495695
1,13,irregular,3,241,216,25,199,42,17,0.8257261410788381,0.9212962962962963,1.1157407407407407,0.8708971553610503
1,14,regular,1,1055,1052,3,1049,6,3,0.9943127962085309,0.997148288973384,1.002851711026616,0.9957285239677266
1,14,semiregular,1,789,913,124,754,35,159,0.9556400506970849,0.8258488499452354,0.864184008762322,0.8860164512338425
1,14,irregular,1,206,217,11,139,67,78,0.6747572815533981,0.6405529953917051,0.9493087557603687,0.657210401891253
1,14,regular,2,1025,1052,27,1022,3,30,0.9970731707317073,0.9714828897338403,0.9743346007604563,0.9841116995666828
1,14,semiregular,2,921,913,8,862,59,51,0.9359391965255157,0.9441401971522454,1.0087623220153341,0.9400218102508179
1,14,irregular,2,223,217,6,190,33,27,0.852017937219731,0.8755760368663594,1.0276497695852536,0.8636363636363636
1,14,regular,3,1067,1052,15,1050,17,2,0.9840674789128397,0.9980988593155894,1.0142585551330798,0.9910335063709298
1,14,semiregular,3,882,913,31,847,35,66,0.9603174603174603,0.927710843373494,0.9660460021905805,0.9437325905292479
1,14,irregular,3,211,217,6,189,22,28,0.8957345971563981,0.8709677419354839,0.9723502304147466,0.8831775700934579
1,15,regular,1,1018,964,54,964,54,0,0.9469548133595285,1.0,1.0560165975103735,0.9727547931382442
1,15,semiregular,1,781,774,7,725,56,49,0.9282970550576184,0.9366925064599483,1.0090439276485788,0.9324758842443729
1,15,irregular,1,186,218,32,154,32,64,0.8279569892473119,0.7064220183486238,0.8532110091743119,0.7623762376237624
1,15,regular,2,954,964,10,952,2,12,0.9979035639412998,0.9875518672199171,0.9896265560165975,0.9927007299270073
1,15,semiregular,2,784,774,10,740,44,34,0.9438775510204082,0.9560723514211886,1.0129198966408268,0.949935815147625
1,15,irregular,2,205,218,13,191,14,27,0.9317073170731708,0.8761467889908257,0.9403669724770642,0.9030732860520094
1,15,regular,3,962,964,2,962,0,2,1.0,0.9979253112033195,0.9979253112033195,0.9989615784008308
1,15,semiregular,3,732,774,42,707,25,67,0.9658469945355191,0.91343669250646,0.9457364341085271,0.9389110225763613
1,15,irregular,3,224,218,6,204,20,14,0.9107142857142857,0.9357798165137615,1.0275229357798166,0.9230769230769231
1,16,regular,1,1102,1109,7,1094,8,15,0.9927404718693285,0.9864743011722272,0.9936880072137061,0.9895974672094076
1,16,semiregular,1,630,681,51,563,67,118,0.8936507936507937,0.8267254038179148,0.9251101321585903,0.858886346300534
1,16,irregular,1,189,272,83,120,69,152,0.6349206349206349,0.4411764705882353,0.6948529411764706,0.5206073752711496
1,16,regular,2,1119,1109,10,1106,13,3,0.9883824843610366,0.9972948602344455,1.0090171325518484,0.992818671454219
1,16,semiregular,2,679,681,2,637,42,44,0.9381443298969072,0.9353891336270191,0.9970631424375918,0.9367647058823528
1,16,irregular,2,248,272,24,213,35,59,0.8588709677419355,0.7830882352941176,0.9117647058823529,0.8192307692307692
1,16,regular,3,1127,1109,18,1107,20,2,0.9822537710736469,0.9981965734896303,1.0162308385933274,0.9901610017889086
1,16,semiregular,3,634,681,47,598,36,83,0.943217665615142,0.8781204111600588,0.9309838472834068,0.9095057034220533
1,16,irregular,3,246,272,26,213,33,59,0.8658536585365854,0.7830882352941176,0.9044117647058824,0.8223938223938223
1,17,regular,1,1011,1029,18,1007,4,22,0.9960435212660732,0.9786200194363459,0.9825072886297376,0.9872549019607842
1,17,semiregular,1,764,837,73,705,59,132,0.9227748691099477,0.8422939068100358,0.9127837514934289,0.8806995627732668
1,17,irregular,1,207,240,33,125,82,115,0.6038647342995169,0.5208333333333334,0.8625,0.5592841163310961
1,17,regular,2,1033,1029,4,1022,11,7,0.989351403678606,0.9931972789115646,1.0038872691933916,0.9912706110572259
1,17,semiregular,2,858,837,21,798,60,39,0.9300699300699301,0.953405017921147,1.025089605734767,0.9415929203539822
1,17,irregular,2,285,240,45,200,85,40,0.7017543859649122,0.8333333333333334,1.1875,0.7619047619047619
1,17,regular,3,1061,1029,32,1029,32,0,0.9698397737983034,1.0,1.031098153547133,0.984688995215311
1,17,semiregular,3,836,837,1,798,38,39,0.9545454545454546,0.953405017921147,0.998805256869773,0.9539748953974897
1,17,irregular,3,253,240,13,206,47,34,0.8142292490118577,0.8583333333333333,1.0541666666666667,0.8356997971602433
1,18,regular,1,1049,1044,5,1041,8,3,0.9923736892278361,0.9971264367816092,1.0047892720306513,0.9947443860487339
1,18,semiregular,1,741,801,60,709,32,92,0.9568151147098516,0.885143570536829,0.9250936329588015,0.9195849546044099
1,18,irregular,1,216,252,36,158,58,94,0.7314814814814815,0.626984126984127,0.8571428571428571,0.6752136752136753
1,18,regular,2,1050,1044,6,1041,9,3,0.9914285714285714,0.9971264367816092,1.0057471264367817,0.994269340974212
1,18,semiregular,2,835,801,34,776,59,25,0.9293413173652695,0.968789013732834,1.042446941323346,0.9486552567237164
1,18,irregular,2,263,252,11,216,47,36,0.8212927756653993,0.8571428571428571,1.0436507936507937,0.8388349514563107
1,18,regular,3,1068,1044,24,1043,25,1,0.9765917602996255,0.9990421455938697,1.0229885057471264,0.987689393939394
1,18,semiregular,3,809,801,8,764,45,37,0.9443757725587144,0.9538077403245943,1.0099875156054932,0.9490683229813663
1,18,irregular,3,260,252,8,219,41,33,0.8423076923076923,0.8690476190476191,1.0317460317460319,0.85546875
1,19,regular,1,1074,1076,2,1066,8,10,0.9925512104283054,0.9907063197026023,0.9981412639405205,0.9916279069767442
1,19,semiregular,1,693,753,60,649,44,104,0.9365079365079365,0.8618857901726428,0.9203187250996016,0.8976486860304289
1,19,irregular,1,248,245,3,163,85,82,0.657258064516129,0.6653061224489796,1.0122448979591836,0.6612576064908722
1,19,regular,2,1070,1076,6,1068,2,8,0.9981308411214953,0.9925650557620818,0.9944237918215614,0.9953401677539608
1,19,semiregular,2,749,753,4,713,36,40,0.951935914552737,0.9468791500664011,0.9946879150066401,0.9494007989347537
1,19,irregular,2,247,245,2,207,40,38,0.8380566801619433,0.8448979591836735,1.0081632653061225,0.8414634146341462
1,19,regular,3,1080,1076,4,1074,6,2,0.9944444444444445,0.9981412639405205,1.003717472118959,0.9962894248608535
1,19,semiregular,3,715,753,38,682,33,71,0.9538461538461539,0.9057104913678619,0.949535192563081,0.9291553133514987
1,19,irregular,3,238,245,7,207,31,38,0.8697478991596639,0.8448979591836735,0.9714285714285714,0.8571428571428572
1,20,regular,1,1192,1251,59,1181,11,70,0.9907718120805369,0.9440447641886491,0.9528377298161471,0.966844044207941
1,20,semiregular,1,850,841,9,748,102,93,0.88,0.8894173602853745,1.0107015457788346,0.8846836191602602
1,20,irregular,1,242,252,10,141,101,111,0.5826446280991735,0.5595238095238095,0.9603174603174603,0.5708502024291497
1,20,regular,2,1220,1251,31,1213,7,38,0.9942622950819672,0.9696243005595524,0.9752198241406874,0.9817887494941319
1,20,semiregular,2,815,841,26,741,74,100,0.90920245398773,0.8810939357907254,0.9690844233055886,0.8949275362318841
1,20,irregular,2,258,252,6,217,41,35,0.8410852713178295,0.8611111111111112,1.0238095238095237,0.8509803921568627
1,20,regular,3,1186,1251,65,1185,1,66,0.9991568296795953,0.947242206235012,0.9480415667466027,0.972507180960197
1,20,semiregular,3,827,841,14,769,58,72,0.9298669891172914,0.9143876337693222,0.9833531510107015,0.922062350119904
1,20,irregular,3,236,252,16,207,29,45,0.8771186440677966,0.8214285714285714,0.9365079365079365,0.8483606557377049
1,21,regular,1,928,920,8,918,10,2,0.9892241379310345,0.9978260869565218,1.008695652173913,0.9935064935064936
1,21,semiregular,1,563,549,14,469,94,80,0.8330373001776199,0.8542805100182149,1.0255009107468125,0.8435251798561151
1,21,irregular,1,202,204,2,145,57,59,0.7178217821782178,0.7107843137254902,0.9901960784313726,0.7142857142857144
1,21,regular,2,926,920,6,920,6,0,0.9935205183585313,1.0,1.0065217391304349,0.9967497291440953
1,21,semiregular,2,590,549,41,515,75,34,0.8728813559322034,0.9380692167577414,1.0746812386156648,0.9043020193151887
1,21,irregular,2,201,204,3,179,22,25,0.8905472636815921,0.8774509803921569,0.9852941176470589,0.8839506172839507
1,21,regular,3,932,920,12,920,12,0,0.9871244635193133,1.0,1.0130434782608695,0.9935205183585313
1,21,semiregular,3,597,549,48,528,69,21,0.8844221105527639,0.9617486338797814,1.0874316939890711,0.9214659685863875
1,21,irregular,3,213,204,9,192,21,12,0.9014084507042254,0.9411764705882353,1.0441176470588236,0.920863309352518
1,22,regular,1,1003,946,57,946,57,0,0.9431704885343968,1.0,1.0602536997885834,0.9707542329399692
1,22,semiregular,1,715,703,12,640,75,63,0.8951048951048951,0.9103840682788051,1.0170697012802277,0.9026798307475318
1,22,irregular,1,192,247,55,152,40,95,0.7916666666666666,0.6153846153846154,0.7773279352226721,0.69248291571754
1,22,regular,2,944,946,2,924,20,22,0.9788135593220338,0.9767441860465116,0.9978858350951374,0.9777777777777777
1,22,semiregular,2,729,703,26,659,70,44,0.9039780521262003,0.9374110953058321,1.0369843527738265,0.920391061452514
1,22,irregular,2,220,247,27,203,17,44,0.9227272727272727,0.8218623481781376,0.8906882591093117,0.8693790149892934
1,22,regular,3,960,946,14,944,16,2,0.9833333333333333,0.9978858350951374,1.014799154334038,0.9905561385099685
1,22,semiregular,3,691,703,12,651,40,52,0.9421128798842258,0.9260312944523471,0.9829302987197724,0.9340028694404592
1,22,irregular,3,246,247,1,213,33,34,0.8658536585365854,0.8623481781376519,0.9959514170040485,0.8640973630831643
1,23,regular,1,1010,999,11,991,19,8,0.9811881188118812,0.991991991991992,1.011011011011011,0.9865604778496765
1,23,semiregular,1,896,835,61,789,107,46,0.8805803571428571,0.9449101796407186,1.0730538922155688,0.9116117850953206
1,23,irregular,1,201,266,65,112,89,154,0.5572139303482587,0.42105263157894735,0.7556390977443609,0.47965738758029974
1,23,regular,2,993,999,6,979,14,20,0.9859013091641491,0.97997997997998,0.993993993993994,0.9829317269076305
1,23,semiregular,2,984,835,149,824,160,11,0.8373983739837398,0.9868263473053892,1.1784431137724551,0.9059923034634415
1,23,irregular,2,234,266,32,207,27,59,0.8846153846153846,0.7781954887218046,0.8796992481203008,0.8280000000000001
1,23,regular,3,1014,999,15,999,15,0,0.985207100591716,1.0,1.015015015015015,0.992548435171386
1,23,semiregular,3,867,835,32,811,56,24,0.9354094579008074,0.9712574850299401,1.038323353293413,0.9529964747356052
1,23,irregular,3,283,266,17,225,58,41,0.7950530035335689,0.8458646616541353,1.0639097744360901,0.819672131147541
1,24,regular,1,1064,1079,15,1057,7,22,0.993421052631579,0.9796107506950881,0.9860982391102873,0.9864675688287448
1,24,semiregular,1,619,680,61,560,59,120,0.9046849757673667,0.8235294117647058,0.9102941176470588,0.8622016936104696
1,24,irregular,1,171,247,76,129,42,118,0.7543859649122807,0.5222672064777328,0.6923076923076923,0.6172248803827751
1,24,regular,2,1055,1079,24,1045,10,34,0.990521327014218,0.9684893419833179,0.9777571825764597,0.9793814432989691
1,24,semiregular,2,672,680,8,649,23,31,0.9657738095238095,0.9544117647058824,0.9882352941176471,0.9600591715976332
1,24,irregular,2,213,247,34,201,12,46,0.9436619718309859,0.8137651821862348,0.8623481781376519,0.8739130434782609
1,24,regular,3,1086,1079,7,1078,8,1,0.992633517495396,0.9990732159406858,1.0064874884151993,0.9958429561200923
1,24,semiregular,3,672,680,8,652,20,28,0.9702380952380952,0.9588235294117647,0.9882352941176471,0.9644970414201184
1,24,irregular,3,232,247,15,220,12,27,0.9482758620689655,0.8906882591093117,0.9392712550607287,0.918580375782881
1,25,regular,1,935,946,11,933,2,13,0.9978609625668449,0.9862579281183932,0.9883720930232558,0.9920255183413077
1,25,semiregular,1,646,718,72,594,52,124,0.9195046439628483,0.8272980501392758,0.8997214484679665,0.870967741935484
1,25,irregular,1,202,207,5,131,71,76,0.6485148514851485,0.6328502415458938,0.9758454106280193,0.6405867970660147
1,25,regular,2,925,946,21,921,4,25,0.9956756756756757,0.9735729386892178,0.9778012684989429,0.9845002672367718
1,25,semiregular,2,726,718,8,677,49,41,0.9325068870523416,0.9428969359331476,1.011142061281337,0.9376731301939059
1,25,irregular,2,223,207,16,161,62,46,0.7219730941704036,0.7777777777777778,1.077294685990338,0.7488372093023256
1,25,regular,3,962,946,16,945,17,1,0.9823284823284824,0.9989429175475687,1.0169133192389006,0.9905660377358492
1,25,semiregular,3,682,718,36,644,38,74,0.9442815249266863,0.8969359331476323,0.9498607242339833,0.92
1,25,irregular,3,210,207,3,156,54,51,0.7428571428571429,0.7536231884057971,1.0144927536231885,0.748201438848921
1,26,regular,1,1103,985,118,985,118,0,0.8930190389845875,1.0,1.1197969543147208,0.9434865900383143
1,26,semiregular,1,755,720,35,674,81,46,0.8927152317880794,0.9361111111111111,1.0486111111111112,0.9138983050847458
1,26,irregular,1,258,214,44,167,91,47,0.6472868217054264,0.780373831775701,1.205607476635514,0.7076271186440679
1,26,regular,2,1012,985,27,977,35,8,0.9654150197628458,0.9918781725888325,1.0274111675126905,0.9784677015523285
1,26,semiregular,2,755,720,35,675,80,45,0.8940397350993378,0.9375,1.0486111111111112,0.9152542372881357
1,26,irregular,2,229,214,15,160,69,54,0.6986899563318777,0.7476635514018691,1.0700934579439252,0.7223476297968398
1,26,regular,3,1026,985,41,984,42,1,0.9590643274853801,0.9989847715736041,1.0416243654822335,0.9786176031824962
1,26,semiregular,3,723,720,3,664,59,56,0.9183955739972337,0.9222222222222223,1.0041666666666667,0.9203049203049203
1,26,irregular,3,245,214,31,193,52,21,0.7877551020408163,0.9018691588785047,1.144859813084112,0.8409586056644881
1,27,regular,1,1113,1166,53,1108,5,58,0.995507637017071,0.9502572898799314,0.9545454545454546,0.9723562966213253
1,27,semiregular,1,609,728,119,544,65,184,0.8932676518883416,0.7472527472527473,0.8365384615384616,0.8137621540762903
1,27,irregular,1,200,270,70,159,41,111,0.795,0.5888888888888889,0.7407407407407407,0.6765957446808512
1,27,regular,2,1141,1166,25,1134,7,32,0.9938650306748467,0.9725557461406518,0.9785591766723842,0.9830949284785436
1,27,semiregular,2,723,728,5,677,46,51,0.9363762102351314,0.929945054945055,0.9931318681318682,0.9331495520330806
1,27,irregular,2,255,270,15,222,33,48,0.8705882352941177,0.8222222222222222,0.9444444444444444,0.8457142857142856
1,27,regular,3,1176,1166,10,1164,12,2,0.9897959183673469,0.9982847341337907,1.0085763293310464,0.9940222032450897
1,27,semiregular,3,690,728,38,655,35,73,0.9492753623188406,0.8997252747252747,0.9478021978021978,0.923836389280677
1,27,irregular,3,265,270,5,236,29,34,0.8905660377358491,0.8740740740740741,0.9814814814814815,0.8822429906542056
1,28,regular,1,1082,1098,16,1069,13,29,0.987985212569316,0.9735883424408015,0.9854280510018215,0.9807339449541285
1,28,semiregular,1,861,859,2,789,72,70,0.9163763066202091,0.9185098952270081,1.0023282887077998,0.9174418604651162
1,28,irregular,1,263,293,30,149,114,144,0.5665399239543726,0.5085324232081911,0.8976109215017065,0.5359712230215828
1,28,regular,2,1097,1098,1,1080,17,18,0.9845031905195989,0.9836065573770492,0.9990892531876139,0.9840546697038723
1,28,semiregular,2,840,859,19,793,47,66,0.944047619047619,0.9231664726426076,0.9778812572759022,0.933490288404944
1,28,irregular,2,282,293,11,211,71,82,0.74822695035461,0.7201365187713311,0.962457337883959,0.7339130434782608
1,28,regular,3,1115,1098,17,1096,19,2,0.9829596412556054,0.9981785063752276,1.0154826958105647,0.990510619069137
1,28,semiregular,3,839,859,20,802,37,57,0.9558998808104887,0.9336437718277066,0.9767171129220024,0.944640753828033
1,28,irregular,3,283,293,10,221,62,72,0.7809187279151943,0.7542662116040956,0.9658703071672355,0.767361111111111
1,29,regular,1,1090,1140,50,1089,1,51,0.9990825688073395,0.9552631578947368,0.956140350877193,0.9766816143497759
1,29,semiregular,1,876,869,7,787,89,82,0.8984018264840182,0.905638665132336,1.0080552359033372,0.9020057306590258
1,29,irregular,1,215,247,32,160,55,87,0.7441860465116279,0.6477732793522267,0.8704453441295547,0.6926406926406927
1,29,regular,2,1119,1140,21,1117,2,23,0.998212689901698,0.9798245614035088,0.9815789473684211,0.9889331562638336
1,29,semiregular,2,956,869,87,843,113,26,0.8817991631799164,0.9700805523590333,1.100115074798619,0.9238356164383561
1,29,irregular,2,274,247,27,219,55,28,0.7992700729927007,0.8866396761133604,1.1093117408906883,0.8406909788867563
1,29,regular,3,1126,1140,14,1125,1,15,0.9991119005328597,0.9868421052631579,0.987719298245614,0.9929390997352163
1,29,semiregular,3,871,869,2,800,71,69,0.9184845005740528,0.9205983889528193,1.002301495972382,0.9195402298850576
1,29,irregular,3,254,247,7,222,32,25,0.8740157480314961,0.8987854251012146,1.0283400809716599,0.8862275449101796
1,30,regular,1,974,997,23,974,0,23,1.0,0.9769307923771314,0.9769307923771314,0.9883307965499747
1,30,semiregular,1,775,810,35,720,55,90,0.9290322580645162,0.8888888888888888,0.9567901234567902,0.9085173501577286
1,30,irregular,1,230,250,20,143,87,107,0.6217391304347826,0.572,0.92,0.5958333333333333
1,30,regular,2,978,997,19,977,1,20,0.9989775051124744,0.9799398194583752,0.9809428284854563,0.9893670886075949
1,30,semiregular,2,815,810,5,773,42,37,0.9484662576687116,0.9543209876543209,1.0061728395061729,0.9513846153846154
1,30,irregular,2,227,250,23,203,24,47,0.8942731277533039,0.812,0.908,0.8511530398322852
1,30,regular,3,1010,997,13,995,15,2,0.9851485148514851,0.9979939819458375,1.013039117352056,0.9915296462381663
1,30,semiregular,3,798,810,12,763,35,47,0.956140350877193,0.9419753086419753,0.9851851851851852,0.949004975124378
1,30,irregular,3,268,250,18,203,65,47,0.7574626865671642,0.812,1.072,0.7837837837837839
2,1,regular,1,893,937,44,878,15,59,0.9832026875699889,0.9370330843116329,0.9530416221985059,0.9595628415300547
2,1,semiregular,1,667,703,36,582,85,121,0.8725637181409296,0.8278805120910384,0.9487908961593172,0.8496350364963503
2,1,irregular,1,199,199,0,148,51,51,0.7437185929648241,0.7437185929648241,1.0,0.7437185929648241
2,1,regular,2,993,937,56,935,58,2,0.9415911379657603,0.9978655282817502,1.0597652081109925,0.9689119170984456
2,1,semiregular,2,699,703,4,628,71,75,0.8984263233190272,0.8933143669985776,0.9943100995732574,0.8958630527817404
2,1,irregular,2,193,199,6,172,21,27,0.8911917098445595,0.864321608040201,0.9698492462311558,0.8775510204081632
2,1,regular,3,960,937,23,936,24,1,0.975,0.9989327641408752,1.024546424759872,0.9868212967843966
2,1,semiregular,3,717,703,14,655,62,48,0.9135285913528591,0.9317211948790897,1.0199146514935988,0.9225352112676057
2,1,irregular,3,189,199,10,174,15,25,0.9206349206349206,0.8743718592964824,0.949748743718593,0.8969072164948454
2,2,regular,1,1126,1224,98,1117,9,107,0.9920071047957372,0.9125816993464052,0.9199346405228758,0.9506382978723404
2,2,semiregular,1,537,647,110,518,19,129,0.9646182495344506,0.8006182380216383,0.8299845440494591,0.875
2,2,irregular,1,220,217,3,121,99,96,0.55,0.5576036866359447,1.0138248847926268,0.5537757437070939
2,2,regular,2,1196,1224,28,1184,12,40,0.9899665551839465,0.9673202614379085,0.9771241830065359,0.978512396694215
2,2,semiregular,2,605,647,42,588,17,59,0.971900826446281,0.9088098918083463,0.9350850077279753,0.939297124600639
2,2,irregular,2,208,217,9,183,25,34,0.8798076923076923,0.8433179723502304,0.9585253456221198,0.8611764705882353
2,2,regular,3,1224,1224,0,1213,11,11,0.9910130718954249,0.9910130718954249,1.0,0.9910130718954249
2,2,semiregular,3,640,647,7,615,25,32,0.9609375,0.9505409582689336,0.9891808346213292,0.9557109557109557
2,2,irregular,3,212,217,5,190,22,27,0.8962264150943396,0.8755760368663594,0.9769585253456221,0.8857808857808858
2,3,regular,1,999,1053,54,998,1,55,0.998998998998999,0.9477682811016145,0.9487179487179487,0.9727095516569201
2,3,semiregular,1,671,716,45,621,50,95,0.9254843517138599,0.86731843575419,0.9371508379888268,0.8954578226387888
2,3,irregular,1,237,224,13,151,86,73,0.6371308016877637,0.6741071428571429,1.0580357142857142,0.6550976138828634
2,3,regular,2,1006,1053,47,1004,2,49,0.9980119284294234,0.9534662867996201,0.9553656220322887,0.9752306945118989
2,3,semiregular,2,713,716,3,670,43,46,0.9396914446002805,0.9357541899441341,0.9958100558659218,0.9377186843946815
2,3,irregular,2,219,224,5,193,26,31,0.8812785388127854,0.8616071428571429,0.9776785714285714,0.8713318284424378
2,3,regular,3,1033,1053,20,1033,0,20,1.0,0.9810066476733144,0.9810066476733144,0.9904122722914669
2,3,semiregular,3,717,716,1,680,37,36,0.9483960948396095,0.9497206703910615,1.0013966480446927,0.9490579204466155
2,3,irregular,3,208,224,16,193,15,31,0.9278846153846154,0.8616071428571429,0.9285714285714286,0.8935185185185186
2,4,regular,1,1065,1101,36,1057,8,44,0.9924882629107982,0.9600363306085377,0.9673024523160763,0.9759926131117267
2,4,semiregular,1,598,614,16,492,106,122,0.822742474916388,0.8013029315960912,0.9739413680781759,0.8118811881188119
2,4,irregular,1,241,228,13,148,93,80,0.6141078838174274,0.6491228070175439,1.0570175438596492,0.6311300639658849
2,4,regular,2,1121,1101,20,1100,21,1,0.9812667261373773,0.9990917347865577,1.0181653042688465,0.9900990099009901
2,4,semiregular,2,589,614,25,551,38,63,0.9354838709677419,0.8973941368078175,0.9592833876221498,0.9160432252701579
2,4,irregular,2,212,228,16,185,27,43,0.8726415094339622,0.8114035087719298,0.9298245614035088,0.8409090909090908
2,4,regular,3,1103,1101,2,1097,6,4,0.9945602901178604,0.9963669391462306,1.0018165304268847,0.9954627949183303
2,4,semiregular,3,603,614,11,569,34,45,0.9436152570480929,0.9267100977198697,0.9820846905537459,0.9350862777321282
2,4,irregular,3,216,228,12,196,20,32,0.9074074074074074,0.8596491228070176,0.9473684210526315,0.8828828828828829
2,5,regular,1,981,1044,63,979,2,65,0.9979612640163099,0.9377394636015326,0.9396551724137931,0.9669135802469135
2,5,semiregular,1,706,668,38,617,89,51,0.8739376770538244,0.9236526946107785,1.0568862275449102,0.8981077147016012
2,5,irregular,1,243,217,26,160,83,57,0.6584362139917695,0.7373271889400922,1.119815668202765,0.6956521739130435
2,5,regular,2,1019,1044,25,1017,2,27,0.9980372914622179,0.9741379310344828,0.9760536398467433,0.9859428017450316
2,5,semiregular,2,696,668,28,626,70,42,0.8994252873563219,0.937125748502994,1.0419161676646707,0.9178885630498533
2,5,irregular,2,217,217,0,191,26,26,0.880184331797235,0.880184331797235,1.0,0.880184331797235
2,5,regular,3,1067,1044,23,1044,23,0,0.9784442361761949,1.0,1.0220306513409962,0.9891046897205116
2,5,semiregular,3,690,668,22,640,50,28,0.927536231884058,0.9580838323353293,1.032934131736527,0.9425625920471281
2,5,irregular,3,212,217,5,189,23,28,0.8915094339622641,0.8709677419354839,0.9769585253456221,0.8811188811188811
2,6,regular,1,853,915,62,830,23,85,0.9730363423212193,0.907103825136612,0.9322404371584699,0.9389140271493213
2,6,semiregular,1,658,701,43,609,49,92,0.925531914893617,0.8687589158345221,0.9386590584878745,0.8962472406181016
2,6,irregular,1,213,195,18,116,97,79,0.5446009389671361,0.5948717948717949,1.0923076923076922,0.5686274509803921
2,6,regular,2,953,915,38,913,40,2,0.9580272822665268,0.9978142076502732,1.0415300546448087,0.9775160599571734
2,6,semiregular,2,711,701,10,669,42,32,0.9409282700421941,0.9543509272467903,1.014265335235378,0.9475920679886686
2,6,irregular,2,201,195,6,123,78,72,0.6119402985074627,0.6307692307692307,1.0307692307692307,0.6212121212121212
2,6,regular,3,932,915,17,913,19,2,0.9796137339055794,0.9978142076502732,1.0185792349726777,0.9886302111532214
2,6,semiregular,3,698,701,3,665,33,36,0.9527220630372493,0.948644793152639,0.9957203994293866,0.9506790564689064
2,6,irregular,3,200,195,5,172,28,23,0.86,0.882051282051282,1.0256410256410255,0.8708860759493672
2,7,regular,1,684,1230,546,680,4,550,0.9941520467836257,0.5528455284552846,0.5560975609756098,0.7105538140020898
2,7,semiregular,1,644,761,117,551,93,210,0.8555900621118012,0.7240473061760841,0.8462549277266754,0.784341637010676
2,7,irregular,1,209,225,16,105,104,120,0.5023923444976076,0.4666666666666667,0.9288888888888889,0.48387096774193544
2,7,regular,2,908,1230,322,903,5,327,0.9944933920704846,0.7341463414634146,0.7382113821138211,0.8447146866230122
2,7,semiregular,2,684,761,77,635,49,126,0.9283625730994152,0.8344283837056504,0.8988173455978975,0.8788927335640138
2,7,irregular,2,197,225,28,181,16,44,0.9187817258883249,0.8044444444444444,0.8755555555555555,0.8578199052132702
2,7,regular,3,1245,1230,15,1225,20,5,0.9839357429718876,0.9959349593495935,1.0121951219512195,0.98989898989899
2,7,semiregular,3,725,761,36,661,64,100,0.9117241379310345,0.8685939553219448,0.9526938239159002,0.889636608344549
2,7,irregular,3,218,225,7,197,21,28,0.9036697247706422,0.8755555555555555,0.9688888888888889,0.8893905191873589
2,8,regular,1,985,1035,50,980,5,55,0.9949238578680203,0.9468599033816425,0.9516908212560387,0.9702970297029702
2,8,semiregular,1,791,827,36,711,80,116,0.8988621997471555,0.8597339782345829,0.9564691656590084,0.8788627935723115
2,8,irregular,1,271,243,28,146,125,97,0.5387453874538746,0.6008230452674898,1.1152263374485596,0.5680933852140079
2,8,regular,2,1031,1035,4,1022,9,13,0.991270611057226,0.9874396135265701,0.996135265700483,0.9893514036786061
2,8,semiregular,2,798,827,29,750,48,77,0.9398496240601504,0.9068923821039904,0.9649334945586457,0.9230769230769232
2,8,irregular,2,212,243,31,188,24,55,0.8867924528301887,0.7736625514403292,0.8724279835390947,0.8263736263736264
2,8,regular,3,1050,1035,15,1031,19,4,0.981904761904762,0.996135265700483,1.0144927536231885,0.988968824940048
2,8,semiregular,3,821,827,6,765,56,62,0.9317904993909866,0.9250302297460702,0.992744860943168,0.9283980582524272
2,8,irregular,3,233,243,10,204,29,39,0.8755364806866953,0.8395061728395061,0.9588477366255144,0.8571428571428571
2,9,regular,1,1044,1107,63,1038,6,69,0.9942528735632183,0.9376693766937669,0.943089430894309,0.9651324965132496
2,9,semiregular,1,571,701,130,540,31,161,0.9457092819614711,0.7703281027104137,0.8145506419400856,0.8490566037735849
2,9,irregular,1,238,266,28,149,89,117,0.6260504201680672,0.5601503759398496,0.8947368421052632,0.5912698412698413
2,9,regular,2,1063,1107,44,1057,6,50,0.9943555973659455,0.95483288166215,0.960252935862692,0.9741935483870968
2,9,semiregular,2,580,701,121,566,14,135,0.9758620689655172,0.8074179743223966,0.8273894436519258,0.8836846213895395
2,9,irregular,2,236,266,30,203,33,63,0.8601694915254238,0.7631578947368421,0.8872180451127819,0.8087649402390439
2,9,regular,3,1081,1107,26,1080,1,27,0.9990749306197965,0.975609756097561,0.976513098464318,0.9872029250457038
2,9,semiregular,3,685,701,16,667,18,34,0.9737226277372263,0.9514978601997147,0.9771754636233951,0.9624819624819625
2,9,irregular,3,243,266,23,221,22,45,0.9094650205761317,0.8308270676691729,0.9135338345864662,0.8683693516699411
2,10,regular,1,999,1014,15,980,19,34,0.980980980980981,0.9664694280078896,0.985207100591716,0.9736711376055638
2,10,semiregular,1,628,656,28,591,37,65,0.9410828025477707,0.9009146341463414,0.9573170731707317,0.9205607476635513
2,10,irregular,1,233,247,14,172,61,75,0.7381974248927039,0.6963562753036437,0.9433198380566802,0.7166666666666666
2,10,regular,2,1020,1014,6,990,30,24,0.9705882352941176,0.9763313609467456,1.0059171597633136,0.9734513274336284
2,10,semiregular,2,662,656,6,608,54,48,0.918429003021148,0.926829268292683,1.0091463414634145,0.9226100151745069
2,10,irregular,2,265,247,18,208,57,39,0.7849056603773585,0.8421052631578947,1.0728744939271255,0.8125
2,10,regular,3,1059,1014,45,1012,47,2,0.95561850802644,0.9980276134122288,1.044378698224852,0.9763627592860588
2,10,semiregular,3,647,656,9,619,28,37,0.9567233384853169,0.9435975609756098,0.9862804878048781,0.9501151189562548
2,10,irregular,3,242,247,5,215,27,32,0.8884297520661157,0.8704453441295547,0.979757085020243,0.8793456032719837
2,11,regular,1,1037,1070,33,1035,2,35,0.9980713596914176,0.9672897196261683,0.9691588785046729,0.9824394874228761
2,11,semiregular,1,725,700,25,636,89,64,0.8772413793103448,0.9085714285714286,1.0357142857142858,0.8926315789473684
2,11,irregular,1,221,239,18,147,74,92,0.665158371040724,0.6150627615062761,0.9246861924686193,0.6391304347826087
2,11,regular,2,924,1070,146,922,2,148,0.9978354978354979,0.8616822429906542,0.8635514018691589,0.9247743229689067
2,11,semiregular,2,670,700,30,627,43,73,0.935820895522388,0.8957142857142857,0.9571428571428572,0.9153284671532845
2,11,irregular,2,223,239,16,197,26,42,0.8834080717488789,0.8242677824267782,0.9330543933054394,0.8528138528138528
2,11,regular,3,1076,1070,6,1068,8,2,0.9925650557620818,0.9981308411214953,1.005607476635514,0.9953401677539608
2,11,semiregular,3,665,700,35,632,33,68,0.9503759398496241,0.9028571428571428,0.95,0.9260073260073259
2,11,irregular,3,212,239,27,193,19,46,0.910377358490566,0.8075313807531381,0.8870292887029289,0.8558758314855877
2,12,regular,1,973,1007,34,969,4,38,0.9958890030832477,0.9622641509433962,0.9662363455809335,0.9787878787878788
2,12,semiregular,1,690,641,49,588,102,53,0.8521739130434782,0.9173166926677067,1.076443057722309,0.8835462058602553
2,12,irregular,1,264,204,60,178,86,26,0.6742424242424242,0.8725490196078431,1.2941176470588236,0.7606837606837606
2,12,regular,2,1050,1007,43,1007,43,0,0.959047619047619,1.0,1.0427010923535254,0.9790957705396208
2,12,semiregular,2,654,641,13,576,78,65,0.8807339449541285,0.8985959438377535,1.0202808112324493,0.8895752895752895
2,12,irregular,2,237,204,33,183,54,21,0.7721518987341772,0.8970588235294118,1.161764705882353,0.8299319727891157
2,12,regular,3,1032,1007,25,1005,27,2,0.9738372093023255,0.9980139026812314,1.0248262164846078,0.9857773418342324
2,12,semiregular,3,633,641,8,587,46,54,0.9273301737756714,0.9157566302652106,0.9875195007800313,0.9215070643642073
2,12,irregular,3,223,204,19,194,29,10,0.8699551569506726,0.9509803921568627,1.0931372549019607,0.9086651053864168
2,13,regular,1,954,1000,46,952,2,48,0.9979035639412998,0.952,0.954,0.9744114636642783
2,13,semiregular,1,819,815,4,745,74,70,0.9096459096459096,0.9141104294478528,1.0049079754601227,0.9118727050183599
2,13,irregular,1,290,216,74,166,124,50,0.5724137931034483,0.7685185185185185,1.3425925925925926,0.6561264822134386
2,13,regular,2,1008,1000,8,998,10,2,0.9900793650793651,0.998,1.008,0.9940239043824701
2,13,semiregular,2,808,815,7,778,30,37,0.9628712871287128,0.9546012269938651,0.9914110429447853,0.9587184226740604
2,13,irregular,2,233,216,17,185,48,31,0.7939914163090128,0.8564814814814815,1.0787037037037037,0.8240534521158128
2,13,regular,3,1024,1000,24,998,26,2,0.974609375,0.998,1.024,0.9861660079051383
2,13,semiregular,3,800,815,15,772,28,43,0.965,0.947239263803681,0.9815950920245399,0.9560371517027862
2,13,irregular,3,229,216,13,199,30,17,0.868995633187773,0.9212962962962963,1.0601851851851851,0.8943820224719101
2,14,regular,1,951,1052,101,950,1,102,0.9989484752891693,0.903041825095057,0.9039923954372624,0.9485771342985521
2,14,semiregular,1,828,913,85,787,41,126,0.9504830917874396,0.8619934282584885,0.9069003285870756,0.9040781160252728
2,14,irregular,1,234,217,17,155,79,62,0.6623931623931624,0.7142857142857143,1.0783410138248848,0.6873614190687362
2,14,regular,2,1028,1052,24,1025,3,27,0.9970817120622568,0.9743346007604563,0.9771863117870723,0.9855769230769231
2,14,semiregular,2,898,913,15,846,52,67,0.9420935412026726,0.9266155531215772,0.9835706462212487,0.9342904472667036
2,14,irregular,2,240,217,23,194,46,23,0.8083333333333333,0.8940092165898618,1.1059907834101383,0.849015317286652
2,14,regular,3,1054,1052,2,1048,6,4,0.9943074003795066,0.9961977186311787,1.0019011406844107,0.9952516619183286
2,14,semiregular,3,879,913,34,844,35,69,0.9601820250284414,0.9244249726177437,0.9627601314348302,0.9419642857142857
2,14,irregular,3,201,217,16,183,18,34,0.9104477611940298,0.8433179723502304,0.9262672811059908,0.8755980861244018
2,15,regular,1,928,964,36,927,1,37,0.9989224137931034,0.9616182572614108,0.9626556016597511,0.9799154334038055
2,15,semiregular,1,758,774,16,704,54,70,0.9287598944591029,0.9095607235142119,0.979328165374677,0.9190600522193212
2,15,irregular,1,221,218,3,167,54,51,0.755656108597285,0.7660550458715596,1.0137614678899083,0.7608200455580866
2,15,regular,2,937,964,27,935,2,29,0.9978655282817502,0.9699170124481328,0.9719917012448133,0.9836927932667017
2,15,semiregular,2,748,774,26,714,34,60,0.9545454545454546,0.9224806201550387,0.9664082687338501,0.938239159001314
2,15,irregular,2,204,218,14,188,16,30,0.9215686274509803,0.8623853211009175,0.9357798165137615,0.8909952606635071
2,15,regular,3,970,964,6,964,6,0,0.9938144329896907,1.0,1.0062240663900415,0.9968976215098242
2,15,semiregular,3,725,774,49,697,28,77,0.9613793103448276,0.900516795865633,0.9366925064599483,0.9299533022014677
2,15,irregular,3,213,218,5,195,18,23,0.9154929577464789,0.8944954128440367,0.9770642201834863,0.9048723897911832
2,16,regular,1,1095,1109,14,1088,7,21,0.993607305936073,0.9810640216411182,0.9873760144274121,0.9872958257713249
2,16,semiregular,1,565,681,116,494,71,187,0.8743362831858407,0.7254038179148311,0.8296622613803231,0.7929373996789727
2,16,irregular,1,204,272,68,132,72,140,0.6470588235294118,0.4852941176470588,0.75,0.5546218487394958
2,16,regular,2,1121,1109,12,1108,13,1,0.9884032114183765,0.9990982867448152,1.0108205590622181,0.9937219730941705
2,16,semiregular,2,643,681,38,598,45,83,0.9300155520995335,0.8781204111600588,0.9441997063142438,0.9033232628398793
2,16,irregular,2,260,272,12,217,43,55,0.8346153846153846,0.7977941176470589,0.9558823529411765,0.8157894736842105
2,16,regular,3,1116,1109,7,1106,10,3,0.9910394265232975,0.9972948602344455,1.006311992786294,0.9941573033707864
2,16,semiregular,3,635,681,46,606,29,75,0.9543307086614173,0.8898678414096917,0.9324522760646109,0.9209726443768997
2,16,irregular,3,229,272,43,202,27,70,0.8820960698689956,0.7426470588235294,0.8419117647058824,0.8063872255489021
2,17,regular,1,1019,1029,10,1016,3,13,0.9970559371933267,0.9873663751214772,0.9902818270165209,0.9921874999999999
2,17,semiregular,1,732,837,105,678,54,159,0.9262295081967213,0.8100358422939068,0.8745519713261649,0.864244741873805
2,17,irregular,1,228,240,12,136,92,104,0.5964912280701754,0.5666666666666667,0.95,0.5811965811965812
2,17,regular,2,1027,1029,2,1022,5,7,0.9951314508276533,0.9931972789115646,0.9980563654033042,0.9941634241245135
2,17,semiregular,2,852,837,15,795,57,42,0.9330985915492958,0.9498207885304659,1.017921146953405,0.9413854351687388
2,17,irregular,2,267,240,27,205,62,35,0.7677902621722846,0.8541666666666666,1.1125,0.8086785009861932
2,17,regular,3,1061,1029,32,1028,33,1,0.9688972667295005,0.9990281827016521,1.031098153547133,0.983732057416268
2,17,semiregular,3,837,837,0,801,36,36,0.956989247311828,0.956989247311828,1.0,0.956989247311828
2,17,irregular,3,234,240,6,199,35,41,0.8504273504273504,0.8291666666666667,0.975,0.8396624472573839
2,18,regular,1,1024,1044,20,1021,3,23,0.9970703125,0.9779693486590039,0.9808429118773946,0.9874274661508705
2,18,semiregular,1,737,801,64,698,39,103,0.9470827679782904,0.8714107365792759,0.920099875156055,0.9076723016905072
2,18,irregular,1,252,252,0,176,76,76,0.6984126984126984,0.6984126984126984,1.0,0.6984126984126984
2,18,regular,2,1041,1044,3,1035,6,9,0.9942363112391931,0.9913793103448276,0.9971264367816092,0.9928057553956835
2,18,semiregular,2,796,801,5,759,37,42,0.9535175879396985,0.947565543071161,0.9937578027465668,0.9505322479649342
2,18,irregular,2,268,252,16,214,54,38,0.7985074626865671,0.8492063492063492,1.0634920634920635,0.823076923076923
2,18,regular,3,1076,1044,32,1042,34,2,0.9684014869888475,0.9980842911877394,1.0306513409961686,0.9830188679245283
2,18,semiregular,3,814,801,13,772,42,29,0.9484029484029484,0.9637952559300874,1.0162297128589264,0.9560371517027862
2,18,irregular,3,242,252,10,219,23,33,0.9049586776859504,0.8690476190476191,0.9603174603174603,0.8866396761133604
2,19,regular,1,1011,1076,65,1008,3,68,0.9970326409495549,0.9368029739776952,0.9395910780669146,0.9659798754192621
2,19,semiregular,1,678,753,75,632,46,121,0.9321533923303835,0.8393094289508632,0.900398406374502,0.8832983927323551
2,19,irregular,1,288,245,43,179,109,66,0.6215277777777778,0.7306122448979592,1.1755102040816328,0.6716697936210132
2,19,regular,2,1071,1076,5,1069,2,7,0.9981325863678805,0.9934944237918215,0.9953531598513011,0.9958081043316255
2,19,semiregular,2,719,753,34,687,32,66,0.9554937413073713,0.9123505976095617,0.9548472775564409,0.9334239130434782
2,19,irregular,2,251,245,6,211,40,34,0.8406374501992032,0.8612244897959184,1.0244897959183674,0.8508064516129031
2,19,regular,3,1085,1076,9,1074,11,2,0.9898617511520738,0.9981412639405205,1.008364312267658,0.993984266543267
2,19,semiregular,3,701,753,52,669,32,84,0.9543509272467903,0.8884462151394422,0.9309428950863213,0.920220082530949
2,19,irregular,3,221,245,24,201,20,44,0.9095022624434389,0.8204081632653061,0.9020408163265307,0.8626609442060086
2,20,regular,1,1186,1251,65,1180,6,71,0.9949409780775716,0.9432454036770583,0.9480415667466027,0.9684037751333606
2,20,semiregular,1,822,841,19,728,94,113,0.8856447688564477,0.8656361474435196,0.9774078478002378,0.8755261575466025
2,20,irregular,1,294,252,42,163,131,89,0.5544217687074829,0.6468253968253969,1.1666666666666667,0.5970695970695971
2,20,regular,2,1178,1251,73,1170,8,81,0.9932088285229203,0.935251798561151,0.9416466826538769,0.9633594071634417
2,20,semiregular,2,797,841,44,727,70,114,0.9121706398996235,0.8644470868014269,0.9476813317479191,0.8876678876678877
2,20,irregular,2,241,252,11,217,24,35,0.9004149377593361,0.8611111111111112,0.9563492063492064,0.8803245436105477
2,20,regular,3,1184,1251,67,1183,1,68,0.9991554054054054,0.9456434852118305,0.9464428457234213,0.9716632443531826
2,20,semiregular,3,822,841,19,761,61,80,0.9257907542579076,0.9048751486325802,0.9774078478002378,0.9152134696331929
2,20,irregular,3,226,252,26,206,20,46,0.911504424778761,0.8174603174603174,0.8968253968253969,0.8619246861924685
2,21,regular,1,906,920,14,903,3,17,0.9966887417218543,0.9815217391304348,0.9847826086956522,0.9890470974808324
2,21,semiregular,1,558,549,9,466,92,83,0.8351254480286738,0.848816029143898,1.0163934426229508,0.8419150858175247
2,21,irregular,1,246,204,42,169,77,35,0.6869918699186992,0.8284313725490197,1.2058823529411764,0.7511111111111111
2,21,regular,2,932,920,12,920,12,0,0.9871244635193133,1.0,1.0130434782608695,0.9935205183585313
2,21,semiregular,2,567,549,18,502,65,47,0.8853615520282186,0.9143897996357013,1.0327868852459017,0.899641577060932
2,21,irregular,2,209,204,5,183,26,21,0.8755980861244019,0.8970588235294118,1.0245098039215685,0.8861985472154964
2,21,regular,3,934,920,14,920,14,0,0.9850107066381156,1.0,1.0152173913043478,0.9924487594390508
2,21,semiregular,3,584,549,35,529,55,20,0.9058219178082192,0.9635701275045537,1.0637522768670309,0.9338040600176521
2,21,irregular,3,200,204,4,189,11,15,0.945,0.9264705882352942,0.9803921568627451,0.9356435643564356
2,22,regular,1,947,946,1,940,7,6,0.9926082365364308,0.9936575052854123,1.0010570824524312,0.9931325937665082
2,22,semiregular,1,713,703,10,635,78,68,0.8906030855539971,0.903271692745377,1.0142247510668563,0.8968926553672317
2,22,irregular,1,222,247,25,162,60,85,0.7297297297297297,0.6558704453441295,0.8987854251012146,0.6908315565031984
2,22,regular,2,972,946,26,946,26,0,0.9732510288065843,1.0,1.0274841437632136,0.986444212721585
2,22,semiregular,2,705,703,2,650,55,53,0.9219858156028369,0.9246088193456614,1.0028449502133712,0.9232954545454545
2,22,irregular,2,213,247,34,198,15,49,0.9295774647887324,0.8016194331983806,0.8623481781376519,0.8608695652173913
2,22,regular,3,977,946,31,944,33,2,0.9662231320368475,0.9978858350951374,1.03276955602537,0.9817992719708789
2,22,semiregular,3,677,703,26,632,45,71,0.9335302806499262,0.89900426742532,0.9630156472261735,0.9159420289855073
2,22,irregular,3,241,247,6,215,26,32,0.8921161825726142,0.8704453441295547,0.9757085020242915,0.8811475409836066
2,23,regular,1,1032,999,33,998,34,1,0.9670542635658915,0.998998998998999,1.033033033033033,0.9827671097981291
2,23,semiregular,1,708,835,127,604,104,231,0.8531073446327684,0.7233532934131737,0.8479041916167664,0.7828904731043422
2,23,irregular,1,234,266,32,133,101,133,0.5683760683760684,0.5,0.8796992481203008,0.532
2,23,regular,2,990,999,9,984,6,15,0.9939393939393939,0.984984984984985,0.990990990990991,0.9894419306184011
2,23,semiregular,2,820,835,15,770,50,65,0.9390243902439024,0.9221556886227545,0.9820359281437125,0.9305135951661632
2,23,irregular,2,233,266,33,191,42,75,0.8197424892703863,0.7180451127819549,0.8759398496240601,0.7655310621242485
2,23,regular,3,1023,999,24,999,24,0,0.9765395894428153,1.0,1.024024024024024,0.9881305637982196
2,23,semiregular,3,858,835,23,805,53,30,0.9382284382284383,0.9640718562874252,1.0275449101796408,0.9509746012994684
2,23,irregular,3,255,266,11,217,38,49,0.8509803921568627,0.8157894736842105,0.9586466165413534,0.8330134357005758
2,24,regular,1,1052,1079,27,1046,6,33,0.9942965779467681,0.969416126042632,0.9749768303985171,0.981698732989207
2,24,semiregular,1,633,680,47,572,61,108,0.9036334913112164,0.8411764705882353,0.9308823529411765,0.8712871287128713
2,24,irregular,1,203,247,44,149,54,98,0.7339901477832512,0.6032388663967612,0.8218623481781376,0.6622222222222222
2,24,regular,2,1057,1079,22,1048,9,31,0.9914853358561968,0.9712696941612604,0.9796107506950881,0.9812734082397003
2,24,semiregular,2,638,680,42,624,14,56,0.9780564263322884,0.9176470588235294,0.9382352941176471,0.9468892261001517
2,24,irregular,2,219,247,28,209,10,38,0.954337899543379,0.8461538461538461,0.8866396761133604,0.8969957081545065
2,24,regular,3,1067,1079,12,1064,3,15,0.9971883786316776,0.9860982391102873,0.9888785912882299,0.9916123019571296
2,24,semiregular,3,662,680,18,645,17,35,0.974320241691843,0.9485294117647058,0.9735294117647059,0.9612518628912072
2,24,irregular,3,224,247,23,214,10,33,0.9553571428571429,0.8663967611336032,0.9068825910931174,0.9087048832271764
2,25,regular,1,916,946,30,914,2,32,0.9978165938864629,0.9661733615221987,0.9682875264270613,0.9817400644468313
2,25,semiregular,1,662,718,56,601,61,117,0.9078549848942599,0.8370473537604457,0.9220055710306406,0.8710144927536232
2,25,irregular,1,254,207,47,147,107,60,0.5787401574803149,0.7101449275362319,1.2270531400966183,0.6377440347071583
2,25,regular,2,925,946,21,922,3,24,0.9967567567567568,0.9746300211416491,0.9778012684989429,0.985569214323891
2,25,semiregular,2,694,718,24,654,40,64,0.9423631123919308,0.9108635097493036,0.9665738161559888,0.926345609065156
2,25,irregular,2,196,207,11,157,39,50,0.8010204081632653,0.7584541062801933,0.9468599033816425,0.7791563275434242
2,25,regular,3,941,946,5,939,2,7,0.997874601487779,0.992600422832981,0.9947145877378436,0.9952305246422893
2,25,semiregular,3,681,718,37,647,34,71,0.9500734214390602,0.9011142061281338,0.9484679665738162,0.9249463902787706
2,25,irregular,3,195,207,12,152,43,55,0.7794871794871795,0.7342995169082126,0.9420289855072463,0.7562189054726368
2,26,regular,1,984,985,1,969,15,16,0.9847560975609756,0.983756345177665,0.9989847715736041,0.984255967496191
2,26,semiregular,1,753,720,33,665,88,55,0.8831341301460823,0.9236111111111112,1.0458333333333334,0.902919212491514
2,26,irregular,1,322,214,108,188,134,26,0.5838509316770186,0.8785046728971962,1.5046728971962617,0.701492537313433
2,26,regular,2,987,985,2,974,13,11,0.9868287740628167,0.9888324873096447,1.0020304568527918,0.9878296146044625
2,26,semiregular,2,747,720,27,677,70,43,0.9062918340026773,0.9402777777777778,1.0375,0.9229720518064076
2,26,irregular,2,228,214,14,156,72,58,0.6842105263157895,0.7289719626168224,1.0654205607476634,0.7058823529411765
2,26,regular,3,1021,985,36,984,37,1,0.9637610186092067,0.9989847715736041,1.0365482233502539,0.9810568295114658
2,26,semiregular,3,708,720,12,659,49,61,0.9307909604519774,0.9152777777777777,0.9833333333333333,0.9229691876750701
2,26,irregular,3,233,214,19,195,38,19,0.8369098712446352,0.9112149532710281,1.088785046728972,0.87248322147651
2,27,regular,1,1111,1166,55,1107,4,59,0.9963996399639964,0.9493996569468267,0.9528301886792453,0.9723320158102767
2,27,semiregular,1,665,728,63,588,77,140,0.8842105263157894,0.8076923076923077,0.9134615384615384,0.8442211055276383
2,27,irregular,1,232,270,38,160,72,110,0.6896551724137931,0.5925925925925926,0.8592592592592593,0.6374501992031872
2,27,regular,2,1146,1166,20,1140,6,26,0.9947643979057592,0.9777015437392796,0.9828473413379074,0.986159169550173
2,27,semiregular,2,710,728,18,670,40,58,0.9436619718309859,0.9203296703296703,0.9752747252747253,0.9318497913769124
2,27,irregular,2,254,270,16,227,27,43,0.8937007874015748,0.8407407407407408,0.9407407407407408,0.866412213740458
2,27,regular,3,1161,1166,5,1159,2,7,0.9982773471145564,0.9939965694682675,0.9957118353344768,0.9961323592608509
2,27,semiregular,3,700,728,28,671,29,57,0.9585714285714285,0.9217032967032966,0.9615384615384616,0.9397759103641455
2,27,irregular,3,249,270,21,219,30,51,0.8795180722891566,0.8111111111111111,0.9222222222222223,0.8439306358381503
2,28,regular,1,1060,1098,38,1048,12,50,0.9886792452830189,0.9544626593806922,0.9653916211293261,0.9712696941612605
2,28,semiregular,1,855,859,4,774,81,85,0.9052631578947369,0.9010477299185099,0.9953434225844005,0.9031505250875146
2,28,irregular,1,299,293,6,150,149,143,0.5016722408026756,0.5119453924914675,1.0204778156996588,0.5067567567567567
2,28,regular,2,1092,1098,6,1076,16,22,0.9853479853479854,0.9799635701275046,0.994535519125683,0.982648401826484
2,28,semiregular,2,813,859,46,782,31,77,0.9618696186961869,0.910360884749709,0.9464493597206054,0.9354066985645932
2,28,irregular,2,268,293,25,216,52,77,0.8059701492537313,0.7372013651877133,0.9146757679180887,0.7700534759358288
2,28,regular,3,1108,1098,10,1097,11,1,0.990072202166065,0.9990892531876139,1.0091074681238617,0.9945602901178604
2,28,semiregular,3,836,859,23,803,33,56,0.9605263157894737,0.9348079161816065,0.9732246798603027,0.9474926253687316
2,28,irregular,3,265,293,28,218,47,75,0.8226415094339623,0.7440273037542662,0.9044368600682594,0.7813620071684588
2,29,regular,1,1100,1140,40,1099,1,41,0.9990909090909091,0.9640350877192982,0.9649122807017544,0.98125
2,29,semiregular,1,888,869,19,773,115,96,0.8704954954954955,0.8895281933256617,1.0218642117376295,0.8799089356858281
2,29,irregular,1,245,247,2,163,82,84,0.6653061224489796,0.659919028340081,0.9919028340080972,0.6626016260162602
2,29,regular,2,1118,1140,22,1115,3,25,0.9973166368515206,0.9780701754385965,0.980701754385965,0.9875996457041629
2,29,semiregular,2,916,869,47,829,87,40,0.9050218340611353,0.953970080552359,1.0540851553509782,0.9288515406162464
2,29,irregular,2,272,247,25,219,53,28,0.8051470588235294,0.8866396761133604,1.1012145748987854,0.8439306358381503
2,29,regular,3,1118,1140,22,1117,1,23,0.9991055456171736,0.9798245614035088,0.980701754385965,0.9893711248892826
2,29,semiregular,3,857,869,12,791,66,78,0.9229871645274212,0.9102416570771001,0.9861910241657077,0.9165701042873696
2,29,irregular,3,243,247,4,219,24,28,0.9012345679012346,0.8866396761133604,0.9838056680161943,0.8938775510204082
2,30,regular,1,954,997,43,953,1,44,0.9989517819706499,0.9558676028084253,0.9568706118355065,0.9769349051768325
2,30,semiregular,1,768,810,42,716,52,94,0.9322916666666666,0.8839506172839506,0.9481481481481482,0.9074778200253485
2,30,irregular,1,283,250,33,160,123,90,0.5653710247349824,0.64,1.132,0.6003752345215759
2,30,regular,2,980,997,17,979,1,18,0.9989795918367347,0.9819458375125376,0.9829488465396189,0.990389479008599
2,30,semiregular,2,778,810,32,734,44,76,0.9434447300771208,0.9061728395061729,0.9604938271604938,0.924433249370277
2,30,irregular,2,226,250,24,192,34,58,0.8495575221238938,0.768,0.904,0.8067226890756303
2,30,regular,3,1012,997,15,996,16,1,0.9841897233201581,0.9989969909729187,1.0150451354062187,0.9915380786460926
2,30,semiregular,3,790,810,20,751,39,59,0.950632911392405,0.9271604938271605,0.9753086419753086,0.93875
2,30,irregular,3,253,250,3,203,50,47,0.8023715415019763,0.812,1.012,0.8071570576540756
3,1,regular,1,944,937,7,932,12,5,0.9872881355932204,0.9946638207043756,1.007470651013874,0.9909622541201488
3,1,semiregular,1,760,703,57,651,109,52,0.8565789473684211,0.9260312944523471,1.0810810810810811,0.8899521531100478
3,1,irregular,1,199,199,0,144,55,55,0.7236180904522613,0.7236180904522613,1.0,0.7236180904522612
3,1,regular,2,949,937,12,900,49,37,0.9483667017913593,0.96051227321238,1.0128068303094984,0.9544008483563097
3,1,semiregular,2,733,703,30,645,88,58,0.8799454297407913,0.9174964438122333,1.042674253200569,0.8983286908077993
3,1,irregular,2,209,199,10,177,32,22,0.84688995215311,0.8894472361809045,1.050251256281407,0.8676470588235294
3,1,regular,3,953,937,16,936,17,1,0.9821615949632738,0.9989327641408752,1.017075773745998,0.9904761904761905
3,1,semiregular,3,715,703,12,655,60,48,0.916083916083916,0.9317211948790897,1.0170697012802277,0.9238363892806771
3,1,irregular,3,178,199,21,167,11,32,0.9382022471910112,0.8391959798994975,0.8944723618090452,0.8859416445623342
3,2,regular,1,1202,1224,22,1193,9,31,0.9925124792013311,0.9746732026143791,0.9820261437908496,0.9835119538334707
3,2,semiregular,1,580,647,67,557,23,90,0.9603448275862069,0.8608964451313755,0.8964451313755796,0.9079054604726976
3,2,irregular,1,200,217,17,123,77,94,0.615,0.5668202764976958,0.9216589861751152,0.5899280575539568
3,2,regular,2,1212,1224,12,1199,13,25,0.9892739273927392,0.9795751633986928,0.9901960784313726,0.9844006568144499
3,2,semiregular,2,616,647,31,598,18,49,0.9707792207792207,0.9242658423493045,0.9520865533230294,0.9469517022961205
3,2,irregular,2,247,217,30,199,48,18,0.805668016194332,0.9170506912442397,1.1382488479262673,0.8577586206896551
3,2,regular,3,1228,1224,4,1217,11,7,0.991042345276873,0.994281045751634,1.0032679738562091,0.9926590538336052
3,2,semiregular,3,642,647,5,618,24,29,0.9626168224299065,0.955177743431221,0.9922720247295209,0.9588828549262994
3,2,irregular,3,214,217,3,201,13,16,0.9392523364485982,0.9262672811059908,0.9861751152073732,0.9327146171693736
3,3,regular,1,1041,1053,12,1036,5,17,0.9951969260326609,0.9838556505223172,0.9886039886039886,0.9894937917860555
3,3,semiregular,1,722,716,6,661,61,55,0.9155124653739612,0.9231843575418994,1.0083798882681565,0.9193324061196106
3,3,irregular,1,211,224,13,150,61,74,0.7109004739336493,0.6696428571428571,0.9419642857142857,0.689655172413793
3,3,regular,2,1053,1053,0,1047,6,6,0.9943019943019943,0.9943019943019943,1.0,0.9943019943019943
3,3,semiregular,2,737,716,21,686,51,30,0.9308005427408412,0.9581005586592178,1.0293296089385475,0.944253269098417
3,3,irregular,2,240,224,16,195,45,29,0.8125,0.8705357142857143,1.0714285714285714,0.8405172413793104
3,3,regular,3,1046,1053,7,1046,0,7,1.0,0.99335232668566,0.99335232668566,0.9966650786088613
3,3,semiregular,3,702,716,14,668,34,48,0.9515669515669516,0.9329608938547486,0.9804469273743017,0.9421720733427362
3,3,irregular,3,208,224,16,194,14,30,0.9326923076923077,0.8660714285714286,0.9285714285714286,0.8981481481481481
3,4,regular,1,1114,1101,13,1099,15,2,0.9865350089766607,0.9981834695731153,1.0118074477747503,0.9923250564334085
3,4,semiregular,1,644,614,30,534,110,80,0.8291925465838509,0.8697068403908795,1.0488599348534202,0.848966613672496
3,4,irregular,1,232,228,4,151,81,77,0.6508620689655172,0.6622807017543859,1.0175438596491229,0.6565217391304349
3,4,regular,2,1126,1101,25,1100,26,1,0.9769094138543517,0.9990917347865577,1.0227066303360581,0.9878760664571171
3,4,semiregular,2,618,614,4,569,49,45,0.9207119741100324,0.9267100977198697,1.006514657980456,0.9237012987012988
3,4,irregular,2,252,228,24,209,43,19,0.8293650793650794,0.9166666666666666,1.105263157894737,0.8708333333333333
3,4,regular,3,1108,1101,7,1099,9,2,0.9918772563176895,0.9981834695731153,1.0063578564940963,0.9950203712086916
3,4,semiregular,3,576,614,38,549,27,65,0.953125,0.8941368078175895,0.9381107491856677,0.9226890756302522
3,4,irregular,3,223,228,5,202,21,26,0.905829596412556,0.8859649122807017,0.9780701754385965,0.8957871396895788
3,5,regular,1,1042,1044,2,1040,2,4,0.9980806142034548,0.9961685823754789,0.9980842911877394,0.99712368168744
3,5,semiregular,1,753,668,85,641,112,27,0.851261620185923,0.9595808383233533,1.127245508982036,0.9021815622800844
3,5,irregular,1,233,217,16,158,75,59,0.6781115879828327,0.728110599078341,1.0737327188940091,0.7022222222222222
3,5,regular,2,1079,1044,35,1044,35,0,0.9675625579240037,1.0,1.0335249042145593,0.9835138954309939
3,5,semiregular,2,740,668,72,654,86,14,0.8837837837837837,0.9790419161676647,1.1077844311377245,0.9289772727272727
3,5,irregular,2,242,217,25,197,45,20,0.8140495867768595,0.9078341013824884,1.1152073732718895,0.8583877995642701
3,5,regular,3,1055,1044,11,1043,12,1,0.9886255924170616,0.9990421455938697,1.010536398467433,0.993806574559314
3,5,semiregular,3,682,668,14,635,47,33,0.9310850439882697,0.9505988023952096,1.0209580838323353,0.9407407407407407
3,5,irregular,3,198,217,19,182,16,35,0.9191919191919192,0.8387096774193549,0.9124423963133641,0.8771084337349397
3,6,regular,1,915,915,0,905,10,10,0.9890710382513661,0.9890710382513661,1.0,0.9890710382513661
3,6,semiregular,1,718,701,17,665,53,36,0.9261838440111421,0.948644793152639,1.0242510699001426,0.9372797744890767
3,6,irregular,1,194,195,1,109,85,86,0.5618556701030928,0.558974358974359,0.9948717948717949,0.5604113110539846
3,6,regular,2,974,915,59,915,59,0,0.9394250513347022,1.0,1.0644808743169398,0.9687665431445209
3,6,semiregular,2,751,701,50,684,67,17,0.9107856191744341,0.9757489300998573,1.0713266761768903,0.9421487603305785
3,6,irregular,2,224,195,29,125,99,70,0.5580357142857143,0.6410256410256411,1.1487179487179486,0.5966587112171838
3,6,regular,3,927,915,12,913,14,2,0.9848975188781014,0.9978142076502732,1.0131147540983607,0.991313789359392
3,6,semiregular,3,698,701,3,671,27,30,0.9613180515759312,0.9572039942938659,0.9957203994293866,0.9592566118656183
3,6,irregular,3,192,195,3,172,20,23,0.8958333333333334,0.882051282051282,0.9846153846153847,0.8888888888888888
3,7,regular,1,1232,1230,2,1215,17,15,0.9862012987012987,0.9878048780487805,1.0016260162601627,0.9870024370430545
3,7,semiregular,1,706,761,55,632,74,129,0.8951841359773371,0.8304862023653088,0.9277266754270697,0.8616223585548739
3,7,irregular,1,243,225,18,151,92,74,0.6213991769547325,0.6711111111111111,1.08,0.6452991452991452
3,7,regular,2,1307,1230,77,1230,77,0,0.9410864575363428,1.0,1.06260162601626,0.9696491919590067
3,7,semiregular,2,729,761,32,670,59,91,0.9190672153635117,0.8804204993429697,0.9579500657030223,0.8993288590604027
3,7,irregular,2,237,225,12,192,45,33,0.810126582278481,0.8533333333333334,1.0533333333333332,0.8311688311688312
3,7,regular,3,1255,1230,25,1227,28,3,0.9776892430278884,0.9975609756097561,1.0203252032520325,0.9875251509054327
3,7,semiregular,3,731,761,30,673,58,88,0.920656634746922,0.8843626806833115,0.9605781865965834,0.9021447721179624
3,7,irregular,3,202,225,23,188,14,37,0.9306930693069307,0.8355555555555556,0.8977777777777778,0.8805620608899298
3,8,regular,1,1043,1035,8,1027,16,8,0.9846596356663471,0.9922705314009662,1.007729468599034,0.9884504331087586
3,8,semiregular,1,849,827,22,757,92,70,0.8916372202591284,0.9153567110036276,1.026602176541717,0.9033412887828162
3,8,irregular,1,250,243,7,153,97,90,0.612,0.6296296296296297,1.02880658436214,0.6206896551724138
3,8,regular,2,1074,1035,39,1034,40,1,0.962756052141527,0.9990338164251208,1.03768115942029,0.9805595068752964
3,8,semiregular,2,836,827,9,777,59,50,0.9294258373205742,0.939540507859734,1.0108827085852479,0.9344558027660854
3,8,irregular,2,262,243,19,211,51,32,0.8053435114503816,0.8683127572016461,1.0781893004115226,0.8356435643564356
3,8,regular,3,1052,1035,17,1032,20,3,0.9809885931558935,0.9971014492753624,1.0164251207729469,0.9889793962625779
3,8,semiregular,3,830,827,3,772,58,55,0.9301204819277108,0.9334945586457074,1.003627569528416,0.931804465902233
3,8,irregular,3,218,243,25,200,18,43,0.9174311926605505,0.823045267489712,0.897119341563786,0.8676789587852495
3,9,regular,1,1108,1107,1,1102,6,5,0.9945848375451264,0.995483288166215,1.000903342366757,0.9950338600451468
3,9,semiregular,1,649,701,52,620,29,81,0.9553158705701078,0.884450784593438,0.9258202567760342,0.9185185185185185
3,9,irregular,1,225,266,41,160,65,106,0.7111111111111111,0.6015037593984962,0.8458646616541353,0.6517311608961303
3,9,regular,2,1077,1107,30,1071,6,36,0.9944289693593314,0.967479674796748,0.9728997289972899,0.9807692307692308
3,9,semiregular,2,629,701,72,608,21,93,0.9666136724960255,0.8673323823109843,0.8972895863052782,0.9142857142857144
3,9,irregular,2,268,266,2,230,38,36,0.8582089552238806,0.8646616541353384,1.0075187969924813,0.8614232209737829
3,9,regular,3,1097,1107,10,1095,2,12,0.9981768459434822,0.989159891598916,0.99096657633243,0.9936479128856625
3,9,semiregular,3,687,701,14,665,22,36,0.9679767103347889,0.948644793152639,0.9800285306704708,0.9582132564841498
3,9,irregular,3,243,266,23,224,19,42,0.9218106995884774,0.8421052631578947,0.9135338345864662,0.8801571709233792
3,10,regular,1,1034,1014,20,1008,26,6,0.9748549323017408,0.9940828402366864,1.0197238658777121,0.984375
3,10,semiregular,1,694,656,38,639,55,17,0.920749279538905,0.9740853658536586,1.0579268292682926,0.9466666666666667
3,10,irregular,1,233,247,14,184,49,63,0.7896995708154506,0.7449392712550608,0.9433198380566802,0.7666666666666667
3,10,regular,2,1043,1014,29,1010,33,4,0.9683604985618408,0.9960552268244576,1.0285996055226825,0.9820126397666504
3,10,semiregular,2,678,656,22,621,57,35,0.915929203539823,0.9466463414634146,1.0335365853658536,0.9310344827586207
3,10,irregular,2,240,247,7,210,30,37,0.875,0.8502024291497976,0.97165991902834,0.8624229979466119
3,10,regular,3,1024,1014,10,1013,11,1,0.9892578125,0.9990138067061144,1.009861932938856,0.9941118743866535
3,10,semiregular,3,645,656,11,618,27,38,0.958139534883721,0.9420731707317073,0.9832317073170732,0.9500384319754036
3,10,irregular,3,209,247,38,189,20,58,0.9043062200956937,0.7651821862348178,0.8461538461538461,0.8289473684210525
3,11,regular,1,1073,1070,3,1067,6,3,0.994408201304753,0.997196261682243,1.002803738317757,0.9958002799813346
3,11,semiregular,1,768,700,68,668,100,32,0.8697916666666666,0.9542857142857143,1.0971428571428572,0.9100817438692098
3,11,irregular,1,224,239,15,157,67,82,0.7008928571428571,0.6569037656903766,0.9372384937238494,0.6781857451403888
3,11,regular,2,1153,1070,83,1070,83,0,0.9280138768430182,1.0,1.077570093457944,0.9626630679262258
3,11,semiregular,2,708,700,8,658,50,42,0.9293785310734464,0.94,1.0114285714285713,0.9346590909090909
3,11,irregular,2,235,239,4,195,40,44,0.8297872340425532,0.8158995815899581,0.9832635983263598,0.8227848101265822
3,11,regular,3,1073,1070,3,1068,5,2,0.9953401677539608,0.9981308411214953,1.002803738317757,0.9967335510965936
3,11,semiregular,3,686,700,14,657,29,43,0.9577259475218659,0.9385714285714286,0.98,0.9480519480519481
3,11,irregular,3,211,239,28,193,18,46,0.9146919431279621,0.8075313807531381,0.8828451882845189,0.8577777777777779
3,12,regular,1,1030,1007,23,1007,23,0,0.9776699029126213,1.0,1.0228401191658392,0.9887088856161022
3,12,semiregular,1,754,641,113,627,127,14,0.8315649867374005,0.9781591263650546,1.1762870514820594,0.8989247311827958
3,12,irregular,1,254,204,50,176,78,28,0.6929133858267716,0.8627450980392157,1.2450980392156863,0.7685589519650654
3,12,regular,2,1034,1007,27,1007,27,0,0.9738878143133463,1.0,1.0268123138033765,0.9867711905928467
3,12,semiregular,2,694,641,53,600,94,41,0.8645533141210374,0.9360374414976599,1.0826833073322932,0.898876404494382
3,12,irregular,2,274,204,70,191,83,13,0.6970802919708029,0.9362745098039216,1.3431372549019607,0.7991631799163179
3,12,regular,3,1024,1007,17,1006,18,1,0.982421875,0.9990069513406157,1.0168818272095332,0.9906450024618414
3,12,semiregular,3,634,641,7,585,49,56,0.9227129337539433,0.9126365054602185,0.9890795631825273,0.9176470588235294
3,12,irregular,3,205,204,1,188,17,16,0.9170731707317074,0.9215686274509803,1.0049019607843137,0.9193154034229828
3,13,regular,1,974,1000,26,972,2,28,0.997946611909651,0.972,0.974,0.9848024316109422
3,13,semiregular,1,892,815,77,802,90,13,0.899103139013453,0.9840490797546012,1.0944785276073619,0.9396602226127709
3,13,irregular,1,295,216,79,158,137,58,0.535593220338983,0.7314814814814815,1.3657407407407407,0.6183953033268103
3,13,regular,2,1036,1000,36,1000,36,0,0.9652509652509652,1.0,1.036,0.9823182711198428
3,13,semiregular,2,866,815,51,805,61,10,0.9295612009237876,0.9877300613496932,1.0625766871165645,0.9577632361689471
3,13,irregular,2,281,216,65,201,80,15,0.7153024911032029,0.9305555555555556,1.3009259259259258,0.8088531187122737
3,13,regular,3,1019,1000,19,997,22,3,0.9784102060843964,0.997,1.019,0.9876176324913324
3,13,semiregular,3,815,815,0,785,30,30,0.9631901840490797,0.9631901840490797,1.0,0.9631901840490797
3,13,irregular,3,207,216,9,196,11,20,0.9468599033816425,0.9074074074074074,0.9583333333333334,0.9267139479905437
3,14,regular,1,1027,1052,25,1027,0,25,1.0,0.9762357414448669,0.9762357414448669,0.9879749879749881
3,14,semiregular,1,872,913,41,825,47,88,0.9461009174311926,0.9036144578313253,0.9550930996714129,0.9243697478991596
3,14,irregular,1,240,217,23,155,85,62,0.6458333333333334,0.7142857142857143,1.1059907834101383,0.6783369803063457
3,14,regular,2,1036,1052,16,1031,5,21,0.9951737451737451,0.9800380228136882,0.9847908745247148,0.9875478927203065
3,14,semiregular,2,930,913,17,866,64,47,0.9311827956989247,0.9485213581599123,1.0186199342825848,0.9397721106890938
3,14,irregular,2,278,217,61,198,80,19,0.7122302158273381,0.9124423963133641,1.2811059907834101,0.8
3,14,regular,3,1061,1052,9,1048,13,4,0.9877474081055608,0.9961977186311787,1.008555133079848,0.9919545669663985
3,14,semiregular,3,873,913,40,839,34,74,0.9610538373424972,0.91894852135816,0.9561883899233297,0.9395296752519596
3,14,irregular,3,191,217,26,179,12,38,0.93717277486911,0.8248847926267281,0.880184331797235,0.8774509803921569
3,15,regular,1,998,964,34,964,34,0,0.9659318637274549,1.0,1.0352697095435686,0.9826707441386341
3,15,semiregular,1,842,774,68,752,90,22,0.8931116389548693,0.9715762273901809,1.0878552971576227,0.9306930693069306
3,15,irregular,1,216,218,2,175,41,43,0.8101851851851852,0.8027522935779816,0.9908256880733946,0.8064516129032256
3,15,regular,2,996,964,32,964,32,0,0.9678714859437751,1.0,1.033195020746888,0.9836734693877551
3,15,semiregular,2,772,774,2,734,38,40,0.9507772020725389,0.9483204134366925,0.9974160206718347,0.9495472186287194
3,15,irregular,2,224,218,6,197,27,21,0.8794642857142857,0.9036697247706422,1.0275229357798166,0.8914027149321266
3,15,regular,3,966,964,2,963,3,1,0.9968944099378882,0.9989626556016598,1.0020746887966805,0.9979274611398964
3,15,semiregular,3,731,774,43,706,25,68,0.9658002735978112,0.9121447028423773,0.9444444444444444,0.9382059800664451
3,15,irregular,3,199,218,19,188,11,30,0.9447236180904522,0.8623853211009175,0.9128440366972477,0.9016786570743406
3,16,regular,1,1155,1109,46,1108,47,1,0.9593073593073593,0.9990982867448152,1.0414788097385033,0.9787985865724382
3,16,semiregular,1,550,681,131,493,57,188,0.8963636363636364,0.723935389133627,0.8076358296622613,0.8009748172217709
3,16,irregular,1,309,272,37,115,194,157,0.37216828478964403,0.4227941176470588,1.1360294117647058,0.39586919104991397
3,16,regular,2,1178,1109,69,1109,69,0,0.9414261460101867,1.0,1.0622182146077548,0.969829470922606
3,16,semiregular,2,673,681,8,630,43,51,0.9361069836552749,0.9251101321585903,0.9882525697503671,0.930576070901034
3,16,irregular,2,296,272,24,230,66,42,0.777027027027027,0.8455882352941176,1.088235294117647,0.8098591549295775
3,16,regular,3,1134,1109,25,1106,28,3,0.9753086419753086,0.9972948602344455,1.0225428313796212,0.9861792242532323
3,16,semiregular,3,607,681,74,571,36,110,0.9406919275123559,0.8384728340675477,0.8913362701908958,0.8866459627329193
3,16,irregular,3,202,272,70,189,13,83,0.9356435643564357,0.6948529411764706,0.7426470588235294,0.7974683544303798
3,17,regular,1,1075,1029,46,1029,46,0,0.9572093023255814,1.0,1.0447035957240038,0.9781368821292776
3,17,semiregular,1,691,837,146,633,58,204,0.9160636758321273,0.7562724014336918,0.8255675029868578,0.8285340314136126
3,17,irregular,1,327,240,87,103,224,137,0.3149847094801223,0.42916666666666664,1.3625,0.36331569664902996
3,17,regular,2,1086,1029,57,1027,59,2,0.9456721915285451,0.9980563654033042,1.055393586005831,0.9711583924349882
3,17,semiregular,2,867,837,30,803,64,34,0.9261822376009228,0.959378733572282,1.03584229390681,0.942488262910798
3,17,irregular,2,302,240,62,209,93,31,0.6920529801324503,0.8708333333333333,1.2583333333333333,0.7712177121771218
3,17,regular,3,1061,1029,32,1028,33,1,0.9688972667295005,0.9990281827016521,1.031098153547133,0.983732057416268
3,17,semiregular,3,843,837,6,801,42,36,0.9501779359430605,0.956989247311828,1.007168458781362,0.9535714285714287
3,17,irregular,3,229,240,11,206,23,34,0.8995633187772926,0.8583333333333333,0.9541666666666667,0.8784648187633262
3,18,regular,1,1094,1044,50,1044,50,0,0.9542961608775137,1.0,1.0478927203065134,0.9766136576239476
3,18,semiregular,1,698,801,103,664,34,137,0.9512893982808023,0.8289637952559301,0.8714107365792759,0.885923949299533
3,18,irregular,1,241,252,11,136,105,116,0.5643153526970954,0.5396825396825397,0.9563492063492064,0.5517241379310344
3,18,regular,2,1122,1044,78,1044,78,0,0.93048128342246,1.0,1.0747126436781609,0.96398891966759
3,18,semiregular,2,849,801,48,778,71,23,0.9163722025912838,0.9712858926342073,1.0599250936329587,0.9430303030303031
3,18,irregular,2,292,252,40,223,69,29,0.7636986301369864,0.8849206349206349,1.1587301587301588,0.8198529411764706
3,18,regular,3,1076,1044,32,1044,32,0,0.9702602230483272,1.0,1.0306513409961686,0.9849056603773586
3,18,semiregular,3,811,801,10,765,46,36,0.9432799013563502,0.9550561797752809,1.0124843945068664,0.9491315136476426
3,18,irregular,3,235,252,17,217,18,35,0.9234042553191489,0.8611111111111112,0.9325396825396826,0.8911704312114989
3,19,regular,1,1076,1076,0,1071,5,5,0.9953531598513011,0.9953531598513011,1.0,0.9953531598513011
3,19,semiregular,1,743,753,10,693,50,60,0.9327052489905787,0.9203187250996016,0.9867197875166003,0.926470588235294
3,19,irregular,1,271,245,26,172,99,73,0.6346863468634686,0.7020408163265306,1.1061224489795918,0.6666666666666667
3,19,regular,2,1111,1076,35,1075,36,1,0.9675967596759676,0.9990706319702602,1.0325278810408922,0.9830818472793781
3,19,semiregular,2,744,753,9,704,40,49,0.946236559139785,0.9349269588313412,0.9880478087649402,0.9405477621910487
3,19,irregular,2,277,245,32,221,56,24,0.7978339350180506,0.9020408163265307,1.1306122448979592,0.8467432950191572
3,19,regular,3,1096,1076,20,1075,21,1,0.9808394160583942,0.9990706319702602,1.0185873605947955,0.9898710865561694
3,19,semiregular,3,702,753,51,670,32,83,0.9544159544159544,0.8897742363877822,0.9322709163346613,0.9209621993127147
3,19,irregular,3,218,245,27,200,18,45,0.9174311926605505,0.8163265306122449,0.889795918367347,0.8639308855291578
3,20,regular,1,1212,1251,39,1206,6,45,0.995049504950495,0.9640287769784173,0.9688249400479616,0.979293544457978
3,20,semiregular,1,891,841,50,778,113,63,0.8731762065095399,0.925089179548157,1.0594530321046374,0.8983833718244805
3,20,irregular,1,273,252,21,172,101,80,0.63003663003663,0.6825396825396826,1.0833333333333333,0.6552380952380952
3,20,regular,2,1253,1251,2,1237,16,14,0.9872306464485235,0.9888089528377298,1.0015987210231814,0.9880191693290734
3,20,semiregular,2,796,841,45,724,72,117,0.9095477386934674,0.8608799048751486,0.9464922711058263,0.8845448992058645
3,20,irregular,2,253,252,1,214,39,38,0.8458498023715415,0.8492063492063492,1.003968253968254,0.8475247524752475
3,20,regular,3,1179,1251,72,1178,1,73,0.9991518235793045,0.9416466826538769,0.9424460431654677,0.9695473251028807
3,20,semiregular,3,821,841,20,766,55,75,0.9330085261875761,0.9108204518430439,0.976218787158145,0.9217809867629362
3,20,irregular,3,232,252,20,212,20,40,0.9137931034482759,0.8412698412698413,0.9206349206349206,0.8760330578512397
3,21,regular,1,956,920,36,919,37,1,0.9612970711297071,0.9989130434782608,1.0391304347826087,0.9797441364605544
3,21,semiregular,1,617,549,68,503,114,46,0.8152350081037277,0.9162112932604736,1.1238615664845173,0.8627787307032592
3,21,irregular,1,224,204,20,166,58,38,0.7410714285714286,0.8137254901960784,1.0980392156862746,0.7757009345794393
3,21,regular,2,946,920,26,920,26,0,0.9725158562367865,1.0,1.0282608695652173,0.9860664523043945
3,21,semiregular,2,610,549,61,525,85,24,0.860655737704918,0.9562841530054644,1.1111111111111112,0.90595340811044
3,21,irregular,2,238,204,34,192,46,12,0.8067226890756303,0.9411764705882353,1.1666666666666667,0.8687782805429864
3,21,regular,3,922,920,2,917,5,3,0.9945770065075922,0.9967391304347826,1.0021739130434784,0.995656894679696
3,21,semiregular,3,583,549,34,526,57,23,0.902229845626072,0.9581056466302368,1.0619307832422586,0.9293286219081273
3,21,irregular,3,194,204,10,181,13,23,0.9329896907216495,0.8872549019607843,0.9509803921568627,0.9095477386934673
3,22,regular,1,994,946,48,945,49,1,0.9507042253521126,0.9989429175475687,1.0507399577167018,0.9742268041237113
3,22,semiregular,1,760,703,57,674,86,29,0.8868421052631579,0.9587482219061166,1.0810810810810811,0.9213943950786057
3,22,irregular,1,206,247,41,158,48,89,0.7669902912621359,0.6396761133603239,0.8340080971659919,0.6975717439293598
3,22,regular,2,974,946,28,946,28,0,0.971252566735113,1.0,1.029598308668076,0.9854166666666667
3,22,semiregular,2,724,703,21,659,65,44,0.9102209944751382,0.9374110953058321,1.0298719772403984,0.9236159775753329
3,22,irregular,2,245,247,2,208,37,39,0.8489795918367347,0.8421052631578947,0.9919028340080972,0.8455284552845528
3,22,regular,3,956,946,10,944,12,2,0.9874476987447699,0.9978858350951374,1.0105708245243128,0.9926393270241851
3,22,semiregular,3,691,703,12,652,39,51,0.9435600578871202,0.9274537695590327,0.9829302987197724,0.9354375896700142
3,22,irregular,3,229,247,18,212,17,35,0.925764192139738,0.8582995951417004,0.9271255060728745,0.8907563025210083
3,23,regular,1,1013,999,14,995,18,4,0.9822309970384995,0.995995995995996,1.014014014014014,0.989065606361829
3,23,semiregular,1,843,835,8,761,82,74,0.9027283511269276,0.911377245508982,1.0095808383233533,0.9070321811680572
3,23,irregular,1,294,266,28,173,121,93,0.5884353741496599,0.650375939849624,1.105263157894737,0.6178571428571428
3,23,regular,2,1006,999,7,990,16,9,0.9840954274353877,0.990990990990991,1.007007007007007,0.9875311720698254
3,23,semiregular,2,885,835,50,800,85,35,0.903954802259887,0.9580838323353293,1.0598802395209581,0.9302325581395348
3,23,irregular,2,274,266,8,215,59,51,0.7846715328467153,0.8082706766917294,1.0300751879699248,0.7962962962962963
3,23,regular,3,1019,999,20,999,20,0,0.9803729146221786,1.0,1.02002002002002,0.9900891972249752
3,23,semiregular,3,851,835,16,801,50,34,0.9412455934195064,0.9592814371257485,1.0191616766467066,0.9501779359430604
3,23,irregular,3,243,266,23,215,28,51,0.8847736625514403,0.8082706766917294,0.9135338345864662,0.8447937131630648
3,24,regular,1,1076,1079,3,1068,8,11,0.9925650557620818,0.989805375347544,0.9972196478220574,0.9911832946635731
3,24,semiregular,1,671,680,9,600,71,80,0.8941877794336811,0.8823529411764706,0.986764705882353,0.8882309400444115
3,24,irregular,1,191,247,56,141,50,106,0.7382198952879581,0.5708502024291497,0.7732793522267206,0.6438356164383561
3,24,regular,2,1088,1079,9,1075,13,4,0.9880514705882353,0.9962928637627433,1.0083410565338276,0.9921550530687586
3,24,semiregular,2,665,680,15,643,22,37,0.9669172932330827,0.9455882352941176,0.9779411764705882,0.9561338289962825
3,24,irregular,2,238,247,9,209,29,38,0.8781512605042017,0.8461538461538461,0.9635627530364372,0.8618556701030927
3,24,regular,3,1074,1079,5,1072,2,7,0.9981378026070763,0.9935125115848007,0.995366079703429,0.9958197863446354
3,24,semiregular,3,671,680,9,650,21,30,0.9687034277198212,0.9558823529411765,0.986764705882353,0.9622501850481127
3,24,irregular,3,226,247,21,218,8,29,0.9646017699115044,0.8825910931174089,0.9149797570850202,0.9217758985200846
3,25,regular,1,956,946,10,945,11,1,0.9884937238493724,0.9989429175475687,1.0105708245243128,0.9936908517350158
3,25,semiregular,1,724,718,6,660,64,58,0.9116022099447514,0.9192200557103064,1.0083565459610029,0.9153952843273231
3,25,irregular,1,234,207,27,149,85,58,0.6367521367521367,0.7198067632850241,1.1304347826086956,0.6757369614512471
3,25,regular,2,951,946,5,946,5,0,0.9947423764458465,1.0,1.0052854122621564,0.9973642593568793
3,25,semiregular,2,731,718,13,678,53,40,0.9274965800273598,0.9442896935933147,1.0181058495821727,0.9358178053830227
3,25,irregular,2,233,207,26,169,64,38,0.7253218884120172,0.8164251207729468,1.1256038647342994,0.7681818181818183
3,25,regular,3,947,946,1,945,2,1,0.9978880675818373,0.9989429175475687,1.0010570824524312,0.9984152139461172
3,25,semiregular,3,656,718,62,620,36,98,0.9451219512195121,0.8635097493036211,0.9136490250696379,0.9024745269286752
3,25,irregular,3,193,207,14,159,34,48,0.8238341968911918,0.7681159420289855,0.9323671497584541,0.7949999999999999
3,26,regular,1,1022,985,37,985,37,0,0.9637964774951077,1.0,1.0375634517766497,0.981564524165421
3,26,semiregular,1,812,720,92,696,116,24,0.8571428571428571,0.9666666666666667,1.1277777777777778,0.9086161879895561
3,26,irregular,1,306,214,92,189,117,25,0.6176470588235294,0.883177570093458,1.4299065420560748,0.7269230769230769
3,26,regular,2,1042,985,57,985,57,0,0.9452975047984645,1.0,1.0578680203045685,0.9718796250616676
3,26,semiregular,2,746,720,26,678,68,42,0.9088471849865952,0.9416666666666667,1.0361111111111112,0.9249658935879945
3,26,irregular,2,242,214,28,159,83,55,0.6570247933884298,0.7429906542056075,1.1308411214953271,0.6973684210526316
3,26,regular,3,1052,985,67,984,68,1,0.935361216730038,0.9989847715736041,1.068020304568528,0.9661266568483063
3,26,semiregular,3,716,720,4,669,47,51,0.9343575418994413,0.9291666666666667,0.9944444444444445,0.9317548746518106
3,26,irregular,3,226,214,12,189,37,25,0.8362831858407079,0.883177570093458,1.0560747663551402,0.859090909090909
3,27,regular,1,1146,1166,20,1141,5,25,0.9956369982547993,0.9785591766723842,0.9828473413379074,0.9870242214532873
3,27,semiregular,1,658,728,70,607,51,121,0.9224924012158054,0.8337912087912088,0.9038461538461539,0.8759018759018758
3,27,irregular,1,230,270,40,167,63,103,0.7260869565217392,0.6185185185185185,0.8518518518518519,0.6679999999999999
3,27,regular,2,1159,1166,7,1152,7,14,0.993960310612597,0.9879931389365352,0.9939965694682675,0.9909677419354839
3,27,semiregular,2,720,728,8,675,45,53,0.9375,0.9271978021978022,0.989010989010989,0.9323204419889503
3,27,irregular,2,286,270,16,234,52,36,0.8181818181818182,0.8666666666666667,1.0592592592592593,0.8417266187050358
3,27,regular,3,1175,1166,9,1163,12,3,0.9897872340425532,0.9974271012006861,1.0077186963979416,0.9935924818453653
3,27,semiregular,3,690,728,38,660,30,68,0.9565217391304348,0.9065934065934066,0.9478021978021978,0.9308885754583921
3,27,irregular,3,236,270,34,224,12,46,0.9491525423728814,0.8296296296296296,0.8740740740740741,0.8853754940711462
3,28,regular,1,1085,1098,13,1076,9,22,0.9917050691244239,0.9799635701275046,0.98816029143898,0.9857993586807146
3,28,semiregular,1,902,859,43,814,88,45,0.9024390243902439,0.9476135040745053,1.050058207217695,0.924474730266894
3,28,irregular,1,286,293,7,157,129,136,0.548951048951049,0.5358361774744027,0.9761092150170648,0.542314335060449
3,28,regular,2,1118,1098,20,1097,21,1,0.981216457960644,0.9990892531876139,1.018214936247723,0.990072202166065
3,28,semiregular,2,804,859,55,762,42,97,0.9477611940298507,0.8870779976717112,0.9359720605355064,0.9164161154539988
3,28,irregular,2,312,293,19,222,90,71,0.7115384615384616,0.757679180887372,1.0648464163822526,0.7338842975206612
3,28,regular,3,1101,1098,3,1096,5,2,0.9954586739327884,0.9981785063752276,1.0027322404371584,0.9968167348794906
3,28,semiregular,3,830,859,29,800,30,59,0.963855421686747,0.9313154831199069,0.9662398137369034,0.9473060982830076
3,28,irregular,3,250,293,43,220,30,73,0.88,0.7508532423208191,0.8532423208191127,0.8103130755064456
3,29,regular,1,1140,1140,0,1135,5,5,0.9956140350877193,0.9956140350877193,1.0,0.9956140350877193
3,29,semiregular,1,949,869,80,824,125,45,0.8682824025289779,0.9482163406214039,1.092059838895282,0.9064906490649066
3,29,irregular,1,241,247,6,173,68,74,0.7178423236514523,0.7004048582995951,0.9757085020242915,0.7090163934426229
3,29,regular,2,1126,1140,14,1122,4,18,0.9964476021314387,0.9842105263157894,0.987719298245614,0.9902912621359223
3,29,semiregular,2,957,869,88,844,113,25,0.8819226750261233,0.9712313003452244,1.1012658227848102,0.9244249726177437
3,29,irregular,2,310,247,63,232,78,15,0.7483870967741936,0.9392712550607287,1.2550607287449393,0.8330341113105925
3,29,regular,3,1114,1140,26,1113,1,27,0.9991023339317774,0.9763157894736842,0.9771929824561404,0.9875776397515528
3,29,semiregular,3,871,869,2,796,75,73,0.9138920780711826,0.9159953970080552,1.002301495972382,0.9149425287356321
3,29,irregular,3,229,247,18,207,22,40,0.9039301310043668,0.8380566801619433,0.9271255060728745,0.8697478991596639
3,30,regular,1,991,997,6,989,2,8,0.9979818365287588,0.9919759277833501,0.9939819458375125,0.9949698189134809
3,30,semiregular,1,852,810,42,769,83,41,0.9025821596244131,0.9493827160493827,1.0518518518518518,0.9253910950661853
3,30,irregular,1,245,250,5,164,81,86,0.6693877551020408,0.656,0.98,0.6626262626262626
3,30,regular,2,1011,997,14,997,14,0,0.9861523244312562,1.0,1.0140421263791375,0.9930278884462151
3,30,semiregular,2,816,810,6,770,46,40,0.9436274509803921,0.9506172839506173,1.0074074074074073,0.947109471094711
3,30,irregular,2,269,250,19,212,57,38,0.7881040892193308,0.848,1.076,0.8169556840077071
3,30,regular,3,1016,997,19,996,20,1,0.9803149606299213,0.9989969909729187,1.0190571715145436,0.9895678092399404
3,30,semiregular,3,801,810,9,767,34,43,0.9575530586766542,0.9469135802469136,0.9888888888888889,0.952203600248293
3,30,irregular,3,231,250,19,200,31,50,0.8658008658008658,0.8,0.924,0.8316008316008316
4,1,regular,1,968,937,31,937,31,0,0.9679752066115702,1.0,1.033084311632871,0.9837270341207349
4,1,semiregular,1,741,703,38,644,97,59,0.8690958164642375,0.9160739687055477,1.054054054054054,0.89196675900277
4,1,irregular,1,193,199,6,148,45,51,0.7668393782383419,0.7437185929648241,0.9698492462311558,0.7551020408163265
4,1,regular,2,961,937,24,917,44,20,0.9542143600416233,0.9786552828175027,1.0256136606189967,0.9662802950474183
4,1,semiregular,2,711,703,8,634,77,69,0.8917018284106891,0.9018492176386913,1.0113798008534851,0.8967468175388966
4,1,irregular,2,180,199,19,168,12,31,0.9333333333333333,0.8442211055276382,0.9045226130653267,0.8865435356200528
4,1,regular,3,927,937,10,922,5,15,0.9946062567421791,0.983991462113127,0.9893276414087513,0.9892703862660944
4,1,semiregular,3,728,703,25,657,71,46,0.9024725274725275,0.9345661450924608,1.035561877667141,0.9182389937106917
4,1,irregular,3,177,199,22,166,11,33,0.9378531073446328,0.8341708542713567,0.8894472361809045,0.8829787234042553
4,2,regular,1,1133,1224,91,1125,8,99,0.9929390997352162,0.9191176470588235,0.9256535947712419,0.9546033092914722
4,2,semiregular,1,572,647,75,542,30,105,0.9475524475524476,0.8377125193199382,0.884080370942813,0.8892534864643149
4,2,irregular,1,216,217,1,121,95,96,0.5601851851851852,0.5576036866359447,0.9953917050691244,0.558891454965358
4,2,regular,2,1206,1224,18,1192,14,32,0.988391376451078,0.9738562091503268,0.9852941176470589,0.9810699588477366
4,2,semiregular,2,615,647,32,591,24,56,0.9609756097560975,0.9134466769706336,0.9505409582689336,0.9366085578446909
4,2,irregular,2,215,217,2,190,25,27,0.8837209302325582,0.8755760368663594,0.9907834101382489,0.8796296296296297
4,2,regular,3,1191,1224,33,1189,2,35,0.998320738874895,0.9714052287581699,0.9730392156862745,0.9846790890269151
4,2,semiregular,3,615,647,32,595,20,52,0.967479674796748,0.919629057187017,0.9505409582689336,0.9429477020602219
4,2,irregular,3,213,217,4,192,21,25,0.9014084507042254,0.8847926267281107,0.9815668202764977,0.8930232558139535
4,3,regular,1,1006,1053,47,1005,1,48,0.9990059642147118,0.9544159544159544,0.9553656220322887,0.9762020398251579
4,3,semiregular,1,730,716,14,653,77,63,0.8945205479452055,0.9120111731843575,1.0195530726256983,0.9031811894882434
4,3,irregular,1,218,224,6,151,67,73,0.6926605504587156,0.6741071428571429,0.9732142857142857,0.6832579185520362
4,3,regular,2,1025,1053,28,1023,2,30,0.9980487804878049,0.9715099715099715,0.97340930674264,0.9846005774783446
4,3,semiregular,2,713,716,3,662,51,54,0.9284712482468443,0.9245810055865922,0.9958100558659218,0.926522043386984
4,3,irregular,2,208,224,16,188,20,36,0.9038461538461539,0.8392857142857143,0.9285714285714286,0.8703703703703703
4,3,regular,3,1016,1053,37,1016,0,37,1.0,0.9648622981956315,0.9648622981956315,0.9821169647172547
4,3,semiregular,3,689,716,27,643,46,73,0.9332365747460087,0.8980446927374302,0.9622905027932961,0.9153024911032028
4,3,irregular,3,197,224,27,177,20,47,0.8984771573604061,0.7901785714285714,0.8794642857142857,0.8408551068883611
4,4,regular,1,1106,1101,5,1096,10,5,0.9909584086799277,0.9954586739327884,1.0045413260672116,0.9932034435885818
4,4,semiregular,1,638,614,24,519,119,95,0.8134796238244514,0.8452768729641694,1.0390879478827362,0.829073482428115
4,4,irregular,1,230,228,2,153,77,75,0.6652173913043479,0.6710526315789473,1.0087719298245614,0.6681222707423582
4,4,regular,2,1075,1101,26,1064,11,37,0.9897674418604652,0.9663941871026339,0.9763851044504995,0.9779411764705882
4,4,semiregular,2,625,614,11,569,56,45,0.9104,0.9267100977198697,1.017915309446254,0.9184826472962067
4,4,irregular,2,229,228,1,200,29,28,0.8733624454148472,0.8771929824561403,1.0043859649122806,0.8752735229759301
4,4,regular,3,1074,1101,27,1073,1,28,0.9990689013035382,0.9745685740236149,0.9754768392370572,0.9866666666666666
4,4,semiregular,3,599,614,15,559,40,55,0.9332220367278798,0.9104234527687296,0.9755700325732899,0.921681780708986
4,4,irregular,3,199,228,29,188,11,40,0.9447236180904522,0.8245614035087719,0.8728070175438597,0.8805620608899297
4,5,regular,1,1029,1044,15,1028,1,16,0.9990281827016521,0.9846743295019157,0.985632183908046,0.9917993246502653
4,5,semiregular,1,752,668,84,635,117,33,0.8444148936170213,0.9505988023952096,1.125748502994012,0.8943661971830985
4,5,irregular,1,230,217,13,163,67,54,0.7086956521739131,0.7511520737327189,1.0599078341013826,0.7293064876957494
4,5,regular,2,1046,1044,2,1039,7,5,0.9933078393881453,0.9952107279693486,1.0019157088122606,0.9942583732057416
4,5,semiregular,2,743,668,75,651,92,17,0.8761776581426649,0.9745508982035929,1.1122754491017963,0.9227498228206946
4,5,irregular,2,216,217,1,186,30,31,0.8611111111111112,0.8571428571428571,0.9953917050691244,0.859122401847575
4,5,regular,3,1027,1044,17,1027,0,17,1.0,0.9837164750957854,0.9837164750957854,0.9917914051183003
4,5,semiregular,3,692,668,24,635,57,33,0.9176300578034682,0.9505988023952096,1.035928143712575,0.9338235294117646
4,5,irregular,3,198,217,19,181,17,36,0.9141414141414141,0.8341013824884793,0.9124423963133641,0.8722891566265061
4,6,regular,1,973,915,58,915,58,0,0.9403905447070915,1.0,1.0633879781420765,0.9692796610169492
4,6,semiregular,1,708,701,7,651,57,50,0.9194915254237288,0.9286733238231099,1.0099857346647647,0.9240596167494676
4,6,irregular,1,200,195,5,111,89,84,0.555,0.5692307692307692,1.0256410256410255,0.5620253164556962
4,6,regular,2,951,915,36,914,37,1,0.961093585699264,0.9989071038251366,1.039344262295082,0.9796355841371918
4,6,semiregular,2,724,701,23,671,53,30,0.9267955801104972,0.9572039942938659,1.0328102710413696,0.9417543859649122
4,6,irregular,2,209,195,14,123,86,72,0.5885167464114832,0.6307692307692307,1.0717948717948718,0.608910891089109
4,6,regular,3,899,915,16,895,4,20,0.9955506117908788,0.9781420765027322,0.9825136612021858,0.9867695700110254
4,6,semiregular,3,694,701,7,661,33,40,0.952449567723343,0.9429386590584878,0.9900142653352354,0.9476702508960575
4,6,irregular,3,195,195,0,172,23,23,0.882051282051282,0.882051282051282,1.0,0.882051282051282
4,7,regular,1,1213,1230,17,1202,11,28,0.9909315746084089,0.9772357723577236,0.9861788617886179,0.9840360212853049
4,7,semiregular,1,732,761,29,660,72,101,0.9016393442622951,0.8672798948751642,0.961892247043364,0.884125920964501
4,7,irregular,1,204,225,21,117,87,108,0.5735294117647058,0.52,0.9066666666666666,0.5454545454545454
4,7,regular,2,1224,1230,6,1211,13,19,0.9893790849673203,0.9845528455284552,0.9951219512195122,0.986960065199674
4,7,semiregular,2,766,761,5,683,83,78,0.891644908616188,0.897503285151117,1.0065703022339028,0.8945645055664703
4,7,irregular,2,204,225,21,192,12,33,0.9411764705882353,0.8533333333333334,0.9066666666666666,0.8951048951048952
4,7,regular,3,1209,1230,21,1207,2,23,0.9983457402812241,0.9813008130081301,0.9829268292682927,0.989749897498975
4,7,semiregular,3,737,761,24,678,59,83,0.9199457259158752,0.8909329829172142,0.9684625492772667,0.9052069425901202
4,7,irregular,3,203,225,22,187,16,38,0.9211822660098522,0.8311111111111111,0.9022222222222223,0.8738317757009346
4,8,regular,1,1011,1035,24,1004,7,31,0.9930761622156281,0.970048309178744,0.9768115942028985,0.9814271749755621
4,8,semiregular,1,824,827,3,728,96,99,0.883495145631068,0.8802902055622733,0.9963724304715841,0.8818897637795277
4,8,irregular,1,242,243,1,151,91,92,0.6239669421487604,0.6213991769547325,0.9958847736625515,0.622680412371134
4,8,regular,2,1049,1035,14,1027,22,8,0.9790276453765491,0.9922705314009662,1.0135265700483091,0.9856046065259116
4,8,semiregular,2,830,827,3,777,53,50,0.936144578313253,0.939540507859734,1.003627569528416,0.9378394689197345
4,8,irregular,2,213,243,30,189,24,54,0.8873239436619719,0.7777777777777778,0.8765432098765432,0.8289473684210527
4,8,regular,3,1016,1035,19,1014,2,21,0.9980314960629921,0.9797101449275363,0.9816425120772947,0.9887859580692345
4,8,semiregular,3,809,827,18,753,56,74,0.930778739184178,0.9105199516324063,0.9782345828295043,0.9205378973105134
4,8,irregular,3,225,243,18,201,24,42,0.8933333333333333,0.8271604938271605,0.9259259259259259,0.858974358974359
4,9,regular,1,1053,1107,54,1048,5,59,0.9952516619183286,0.9467028003613369,0.9512195121951219,0.9703703703703703
4,9,semiregular,1,630,701,71,591,39,110,0.9380952380952381,0.8430813124108416,0.8987161198288159,0.8880540946656649
4,9,irregular,1,217,266,49,148,69,118,0.6820276497695853,0.556390977443609,0.8157894736842105,0.6128364389233955
4,9,regular,2,1085,1107,22,1078,7,29,0.9935483870967742,0.973803071364047,0.980126467931346,0.9835766423357665
4,9,semiregular,2,630,701,71,608,22,93,0.9650793650793651,0.8673323823109843,0.8987161198288159,0.9135987978963186
4,9,irregular,2,237,266,29,215,22,51,0.9071729957805907,0.8082706766917294,0.8909774436090225,0.8548707753479126
4,9,regular,3,1069,1107,38,1069,0,38,1.0,0.9656729900632339,0.9656729900632339,0.9825367647058824
4,9,semiregular,3,660,701,41,644,16,57,0.9757575757575757,0.9186875891583453,0.9415121255349501,0.9463629684055841
4,9,irregular,3,242,266,24,221,21,45,0.9132231404958677,0.8308270676691729,0.9097744360902256,0.8700787401574802
4,10,regular,1,1079,1014,65,1014,65,0,0.9397590361445783,1.0,1.064102564102564,0.9689440993788819
4,10,semiregular,1,674,656,18,622,52,34,0.9228486646884273,0.948170731707317,1.0274390243902438,0.9353383458646616
4,10,irregular,1,235,247,12,186,49,61,0.7914893617021277,0.7530364372469636,0.951417004048583,0.7717842323651453
4,10,regular,2,1123,1014,109,1014,109,0,0.9029385574354408,1.0,1.1074950690335306,0.9489939167056622
4,10,semiregular,2,665,656,9,613,52,43,0.9218045112781955,0.9344512195121951,1.013719512195122,0.9280847842543528
4,10,irregular,2,222,247,25,200,22,47,0.9009009009009009,0.8097165991902834,0.8987854251012146,0.8528784648187634
4,10,regular,3,1010,1014,4,1006,4,8,0.996039603960396,0.9921104536489151,0.9960552268244576,0.9940711462450592
4,10,semiregular,3,640,656,16,613,27,43,0.9578125,0.9344512195121951,0.975609756097561,0.9459876543209877
4,10,irregular,3,218,247,29,195,23,52,0.8944954128440367,0.7894736842105263,0.8825910931174089,0.8387096774193549
4,11,regular,1,1056,1070,14,1055,1,15,0.9990530303030303,0.985981308411215,0.9869158878504672,0.9924741298212606
4,11,semiregular,1,750,700,50,652,98,48,0.8693333333333333,0.9314285714285714,1.0714285714285714,0.8993103448275862
4,11,irregular,1,226,239,13,157,69,82,0.6946902654867256,0.6569037656903766,0.9456066945606695,0.6752688172043011
4,11,regular,2,1077,1070,7,1068,9,2,0.9916434540389972,0.9981308411214953,1.0065420560747664,0.9948765719608755
4,11,semiregular,2,714,700,14,657,57,43,0.9201680672268907,0.9385714285714286,1.02,0.9292786421499293
4,11,irregular,2,204,239,35,187,17,52,0.9166666666666666,0.7824267782426778,0.8535564853556485,0.8442437923250564
4,11,regular,3,1040,1070,30,1039,1,31,0.9990384615384615,0.9710280373831776,0.9719626168224299,0.9848341232227488
4,11,semiregular,3,686,700,14,644,42,56,0.9387755102040817,0.92,0.98,0.9292929292929293
4,11,irregular,3,205,239,34,191,14,48,0.9317073170731708,0.799163179916318,0.8577405857740585,0.8603603603603605
4,12,regular,1,1065,1007,58,1007,58,0,0.9455399061032864,1.0,1.05759682224429,0.9720077220077221
4,12,semiregular,1,727,641,86,609,118,32,0.8376891334250344,0.9500780031201248,1.1341653666146645,0.8903508771929823
4,12,irregular,1,256,204,52,181,75,23,0.70703125,0.8872549019607843,1.2549019607843137,0.7869565217391304
4,12,regular,2,1029,1007,22,1007,22,0,0.9786200194363459,1.0,1.0218470705064548,0.9891944990176817
4,12,semiregular,2,687,641,46,593,94,48,0.8631732168850073,0.9251170046801872,1.0717628705148206,0.8930722891566264
4,12,irregular,2,243,204,39,188,55,16,0.7736625514403292,0.9215686274509803,1.1911764705882353,0.8411633109619687
4,12,regular,3,998,1007,9,998,0,9,1.0,0.9910625620655412,0.9910625620655412,0.9955112219451372
4,12,semiregular,3,641,641,0,589,52,52,0.9188767550702028,0.9188767550702028,1.0,0.9188767550702028
4,12,irregular,3,209,204,5,193,16,11,0.9234449760765551,0.946078431372549,1.0245098039215685,0.9346246973365617
4,13,regular,1,1024,1000,24,1000,24,0,0.9765625,1.0,1.024,0.9881422924901185
4,13,semiregular,1,878,815,63,783,95,32,0.8917995444191344,0.9607361963190184,1.0773006134969325,0.9249852333136445
4,13,irregular,1,287,216,71,162,125,54,0.5644599303135889,0.75,1.3287037037037037,0.6441351888667992
4,13,regular,2,1003,1000,3,997,6,3,0.9940179461615155,0.997,1.003,0.9955067398901647
4,13,semiregular,2,840,815,25,789,51,26,0.9392857142857143,0.9680981595092024,1.030674846625767,0.9534743202416919
4,13,irregular,2,233,216,17,200,33,16,0.8583690987124464,0.9259259259259259,1.0787037037037037,0.8908685968819599
4,13,regular,3,992,1000,8,992,0,8,1.0,0.992,0.992,0.9959839357429718
4,13,semiregular,3,786,815,29,754,32,61,0.9592875318066157,0.9251533742331288,0.9644171779141104,0.9419113054341036
4,13,irregular,3,213,216,3,194,19,22,0.9107981220657277,0.8981481481481481,0.9861111111111112,0.9044289044289044
4,14,regular,1,1003,1052,49,1002,1,50,0.9990029910269193,0.9524714828897338,0.9534220532319392,0.9751824817518248
4,14,semiregular,1,858,913,55,803,55,110,0.9358974358974359,0.8795180722891566,0.9397590361445783,0.9068322981366459
4,14,irregular,1,228,217,11,151,77,66,0.6622807017543859,0.695852534562212,1.0506912442396312,0.6786516853932584
4,14,regular,2,1040,1052,12,1036,4,16,0.9961538461538462,0.9847908745247148,0.9885931558935361,0.9904397705544934
4,14,semiregular,2,873,913,40,828,45,85,0.9484536082474226,0.9069003285870756,0.9561883899233297,0.9272116461366181
4,14,irregular,2,225,217,8,188,37,29,0.8355555555555556,0.8663594470046083,1.0368663594470047,0.8506787330316742
4,14,regular,3,1030,1052,22,1029,1,23,0.9990291262135922,0.9781368821292775,0.9790874524714829,0.9884726224783861
4,14,semiregular,3,871,913,42,820,51,93,0.9414466130884042,0.8981380065717415,0.9539978094194962,0.9192825112107623
4,14,irregular,3,182,217,35,175,7,42,0.9615384615384616,0.8064516129032258,0.8387096774193549,0.8771929824561403
4,15,regular,1,973,964,9,963,10,1,0.9897225077081192,0.9989626556016598,1.0093360995850622,0.9943211151264842
4,15,semiregular,1,818,774,44,738,80,36,0.902200488997555,0.9534883720930233,1.0568475452196382,0.9271356783919599
4,15,irregular,1,210,218,8,167,43,51,0.7952380952380952,0.7660550458715596,0.963302752293578,0.780373831775701
4,15,regular,2,973,964,9,962,11,2,0.9886947584789312,0.9979253112033195,1.0093360995850622,0.9932885906040269
4,15,semiregular,2,766,774,8,725,41,49,0.9464751958224543,0.9366925064599483,0.9896640826873385,0.9415584415584415
4,15,irregular,2,206,218,12,192,14,26,0.9320388349514563,0.8807339449541285,0.944954128440367,0.9056603773584906
4,15,regular,3,932,964,32,932,0,32,1.0,0.966804979253112,0.966804979253112,0.9831223628691983
4,15,semiregular,3,727,774,47,698,29,76,0.9601100412654745,0.9018087855297158,0.9392764857881137,0.9300466355762824
4,15,irregular,3,206,218,12,187,19,31,0.9077669902912622,0.8577981651376146,0.944954128440367,0.8820754716981132
4,16,regular,1,1094,1109,15,1087,7,22,0.993601462522852,0.9801623083859333,0.9864743011722272,0.9868361325465275
4,16,semiregular,1,635,681,46,563,72,118,0.8866141732283465,0.8267254038179148,0.9324522760646109,0.8556231003039513
4,16,irregular,1,232,272,40,147,85,125,0.6336206896551724,0.5404411764705882,0.8529411764705882,0.5833333333333334
4,16,regular,2,1170,1109,61,1109,61,0,0.9478632478632478,1.0,1.055004508566276,0.9732338745063625
4,16,semiregular,2,681,681,0,627,54,54,0.920704845814978,0.920704845814978,1.0,0.920704845814978
4,16,irregular,2,249,272,23,216,33,56,0.8674698795180723,0.7941176470588235,0.9154411764705882,0.8291746641074856
4,16,regular,3,1092,1109,17,1091,1,18,0.9990842490842491,0.9837691614066727,0.9846708746618575,0.9913675601999091
4,16,semiregular,3,642,681,39,605,37,76,0.942367601246106,0.8883994126284875,0.9427312775330396,0.9145880574452003
4,16,irregular,3,212,272,60,191,21,81,0.9009433962264151,0.7022058823529411,0.7794117647058824,0.7892561983471075
4,17,regular,1,1015,1029,14,1011,4,18,0.9960591133004926,0.9825072886297376,0.9863945578231292,0.9892367906066535
4,17,semiregular,1,835,837,2,751,84,86,0.8994011976047904,0.8972520908004779,0.997610513739546,0.8983253588516746
4,17,irregular,1,219,240,21,134,85,106,0.6118721461187214,0.5583333333333333,0.9125,0.5838779956427016
4,17,regular,2,1039,1029,10,1020,19,9,0.9817131857555341,0.9912536443148688,1.0097181729834792,0.9864603481624757
4,17,semiregular,2,851,837,14,792,59,45,0.9306698002350177,0.946236559139785,1.016726403823178,0.9383886255924171
4,17,irregular,2,259,240,19,192,67,48,0.7413127413127413,0.8,1.0791666666666666,0.7695390781563125
4,17,regular,3,1031,1029,2,1028,3,1,0.997090203685742,0.9990281827016521,1.0019436345966959,0.9980582524271844
4,17,semiregular,3,807,837,30,773,34,64,0.9578686493184635,0.9235364396654719,0.96415770609319,0.940389294403893
4,17,irregular,3,221,240,19,203,18,37,0.918552036199095,0.8458333333333333,0.9208333333333333,0.8806941431670281
4,18,regular,1,1045,1044,1,1039,6,5,0.9942583732057416,0.9952107279693486,1.0009578544061302,0.9947343226424126
4,18,semiregular,1,813,801,12,752,61,49,0.9249692496924969,0.9388264669163545,1.0149812734082397,0.9318463444857497
4,18,irregular,1,289,252,37,190,99,62,0.657439446366782,0.753968253968254,1.1468253968253967,0.7024029574861368
4,18,regular,2,1074,1044,30,1042,32,2,0.9702048417132216,0.9980842911877394,1.028735632183908,0.983947119924457
4,18,semiregular,2,845,801,44,776,69,25,0.9183431952662722,0.968789013732834,1.0549313358302121,0.9428918590522478
4,18,irregular,2,250,252,2,212,38,40,0.848,0.8412698412698413,0.9920634920634921,0.844621513944223
4,18,regular,3,1037,1044,7,1036,1,8,0.9990356798457087,0.9923371647509579,0.9932950191570882,0.995675156174916
4,18,semiregular,3,787,801,14,754,33,47,0.9580686149936467,0.9413233458177278,0.982521847690387,0.9496221662468514
4,18,irregular,3,239,252,13,216,23,36,0.9037656903765691,0.8571428571428571,0.9484126984126984,0.879837067209776
4,19,regular,1,1095,1076,19,1066,29,10,0.9735159817351599,0.9907063197026023,1.0176579925650557,0.9820359281437125
4,19,semiregular,1,709,753,44,663,46,90,0.9351198871650211,0.8804780876494024,0.9415670650730412,0.9069767441860465
4,19,irregular,1,265,245,20,170,95,75,0.6415094339622641,0.6938775510204082,1.0816326530612246,0.6666666666666666
4,19,regular,2,1093,1076,17,1075,18,1,0.9835315645013724,0.9990706319702602,1.0157992565055762,0.9912402028584602
4,19,semiregular,2,727,753,26,689,38,64,0.9477303988995873,0.9150066401062417,0.9654714475431607,0.9310810810810811
4,19,irregular,2,255,245,10,211,44,34,0.8274509803921568,0.8612244897959184,1.0408163265306123,0.844
4,19,regular,3,1056,1076,20,1056,0,20,1.0,0.9814126394052045,0.9814126394052045,0.9906191369606004
4,19,semiregular,3,678,753,75,642,36,111,0.9469026548672567,0.852589641434263,0.900398406374502,0.8972746331236897
4,19,irregular,3,209,245,36,197,12,48,0.9425837320574163,0.8040816326530612,0.8530612244897959,0.8678414096916299
4,20,regular,1,1173,1251,78,1167,6,84,0.9948849104859335,0.9328537170263789,0.9376498800959233,0.9628712871287127
4,20,semiregular,1,894,841,53,776,118,65,0.8680089485458613,0.9227110582639715,1.0630202140309155,0.8945244956772335
4,20,irregular,1,286,252,34,157,129,95,0.548951048951049,0.623015873015873,1.1349206349206349,0.5836431226765799
4,20,regular,2,976,1251,275,971,5,280,0.9948770491803278,0.7761790567545963,0.78017585931255,0.872025145936237
4,20,semiregular,2,662,841,179,617,45,224,0.93202416918429,0.7336504161712247,0.7871581450653984,0.821024617431803
4,20,irregular,2,205,252,47,187,18,65,0.9121951219512195,0.7420634920634921,0.8134920634920635,0.8183807439824947
4,20,regular,3,1118,1251,133,1118,0,133,1.0,0.8936850519584333,0.8936850519584333,0.9438581680033771
4,20,semiregular,3,778,841,63,717,61,124,0.9215938303341902,0.8525564803804994,0.925089179548157,0.8857319332921555
4,20,irregular,3,226,252,26,203,23,49,0.8982300884955752,0.8055555555555556,0.8968253968253969,0.8493723849372385
4,21,regular,1,937,920,17,919,18,1,0.9807897545357525,0.9989130434782608,1.0184782608695653,0.9897684437264406
4,21,semiregular,1,632,549,83,500,132,49,0.7911392405063291,0.9107468123861566,1.151183970856102,0.8467400508044031
4,21,irregular,1,224,204,20,161,63,43,0.71875,0.7892156862745098,1.0980392156862746,0.752336448598131
4,21,regular,2,943,920,23,920,23,0,0.975609756097561,1.0,1.025,0.9876543209876543
4,21,semiregular,2,610,549,61,523,87,26,0.8573770491803279,0.9526411657559198,1.1111111111111112,0.902502157031924
4,21,irregular,2,210,204,6,184,26,20,0.8761904761904762,0.9019607843137255,1.0294117647058822,0.888888888888889
4,21,regular,3,902,920,18,902,0,18,1.0,0.9804347826086957,0.9804347826086957,0.9901207464324918
4,21,semiregular,3,602,549,53,520,82,29,0.8637873754152824,0.9471766848816029,1.0965391621129326,0.9035621198957429
4,21,irregular,3,201,204,3,190,11,14,0.945273631840796,0.9313725490196079,0.9852941176470589,0.9382716049382716
4,22,regular,1,1016,946,70,945,71,1,0.9301181102362205,0.9989429175475687,1.0739957716701902,0.963302752293578
4,22,semiregular,1,755,703,52,652,103,51,0.8635761589403973,0.9274537695590327,1.073968705547653,0.8943758573388203
4,22,irregular,1,213,247,34,156,57,91,0.7323943661971831,0.631578947368421,0.8623481781376519,0.6782608695652173
4,22,regular,2,954,946,8,934,20,12,0.9790356394129979,0.9873150105708245,1.0084566596194504,0.9831578947368421
4,22,semiregular,2,721,703,18,660,61,43,0.9153952843273232,0.9388335704125178,1.0256045519203414,0.9269662921348314
4,22,irregular,2,220,247,27,200,20,47,0.9090909090909091,0.8097165991902834,0.8906882591093117,0.8565310492505354
4,22,regular,3,935,946,11,932,3,14,0.9967914438502674,0.985200845665962,0.9883720930232558,0.9909622541201489
4,22,semiregular,3,705,703,2,657,48,46,0.9319148936170213,0.9345661450924608,1.0028449502133712,0.9332386363636362
4,22,irregular,3,226,247,21,208,18,39,0.9203539823008849,0.8421052631578947,0.9149797570850202,0.879492600422833
4,23,regular,1,1083,999,84,998,85,1,0.9215143120960295,0.998998998998999,1.0840840840840842,0.9586935638808838
4,23,semiregular,1,780,835,55,674,106,161,0.8641025641025641,0.807185628742515,0.9341317365269461,0.8346749226006192
4,23,irregular,1,210,266,56,99,111,167,0.4714285714285714,0.37218045112781956,0.7894736842105263,0.4159663865546218
4,23,regular,2,1017,999,18,980,37,19,0.9636184857423795,0.980980980980981,1.018018018018018,0.9722222222222221
4,23,semiregular,2,379,835,456,337,42,498,0.8891820580474934,0.4035928143712575,0.4538922155688623,0.5551894563426688
4,23,irregular,2,74,266,192,55,19,211,0.7432432432432432,0.20676691729323307,0.2781954887218045,0.3235294117647059
4,23,regular,3,985,999,14,975,10,24,0.9898477157360406,0.975975975975976,0.985985985985986,0.9828629032258065
4,23,semiregular,3,847,835,12,799,48,36,0.9433293978748524,0.9568862275449102,1.0143712574850299,0.9500594530321046
4,23,irregular,3,252,266,14,219,33,47,0.8690476190476191,0.8233082706766918,0.9473684210526315,0.8455598455598456
4,24,regular,1,1049,1079,30,1040,9,39,0.9914204003813155,0.963855421686747,0.9721964782205746,0.9774436090225564
4,24,semiregular,1,671,680,9,577,94,103,0.8599105812220567,0.8485294117647059,0.986764705882353,0.8541820873427091
4,24,irregular,1,174,247,73,126,48,121,0.7241379310344828,0.5101214574898786,0.7044534412955465,0.5985748218527316
4,24,regular,2,1075,1079,4,1065,10,14,0.9906976744186047,0.9870250231696015,0.9962928637627433,0.9888579387186629
4,24,semiregular,2,626,680,54,599,27,81,0.9568690095846646,0.8808823529411764,0.9205882352941176,0.9173047473200613
4,24,irregular,2,205,247,42,199,6,48,0.9707317073170731,0.805668016194332,0.8299595141700404,0.8805309734513275
4,24,regular,3,1030,1079,49,1027,3,52,0.9970873786407767,0.9518072289156626,0.9545875810936052,0.9739212897107633
4,24,semiregular,3,664,680,16,636,28,44,0.9578313253012049,0.9352941176470588,0.9764705882352941,0.9464285714285714
4,24,irregular,3,216,247,31,210,6,37,0.9722222222222222,0.8502024291497976,0.8744939271255061,0.9071274298056156
4,25,regular,1,923,946,23,920,3,26,0.9967497291440953,0.9725158562367865,0.9756871035940803,0.9844836811128946
4,25,semiregular,1,714,718,4,636,78,82,0.8907563025210085,0.8857938718662952,0.9944289693593314,0.8882681564245811
4,25,irregular,1,228,207,21,140,88,67,0.6140350877192983,0.6763285024154589,1.1014492753623188,0.6436781609195403
4,25,regular,2,934,946,12,930,4,16,0.9957173447537473,0.9830866807610994,0.9873150105708245,0.9893617021276596
4,25,semiregular,2,717,718,1,666,51,52,0.9288702928870293,0.9275766016713092,0.9986072423398329,0.9282229965156794
4,25,irregular,2,210,207,3,152,58,55,0.7238095238095238,0.7342995169082126,1.0144927536231885,0.7290167865707433
4,25,regular,3,925,946,21,925,0,21,1.0,0.9778012684989429,0.9778012684989429,0.9887760555852485
4,25,semiregular,3,664,718,54,624,40,94,0.9397590361445783,0.8690807799442897,0.924791086350975,0.9030390738060782
4,25,irregular,3,179,207,28,146,33,61,0.8156424581005587,0.7053140096618358,0.8647342995169082,0.7564766839378237
4,26,regular,1,1139,985,154,985,154,0,0.8647936786654961,1.0,1.1563451776649747,0.9274952919020716
4,26,semiregular,1,791,720,71,683,108,37,0.8634639696586599,0.9486111111111111,1.0986111111111112,0.9040370615486433
4,26,irregular,1,310,214,96,184,126,30,0.5935483870967742,0.8598130841121495,1.4485981308411215,0.7022900763358778
4,26,regular,2,999,985,14,979,20,6,0.97997997997998,0.9939086294416244,1.0142131979695432,0.9868951612903225
4,26,semiregular,2,742,720,22,675,67,45,0.9097035040431267,0.9375,1.0305555555555554,0.9233926128590972
4,26,irregular,2,221,214,7,152,69,62,0.6877828054298643,0.7102803738317757,1.0327102803738317,0.6988505747126437
4,26,regular,3,991,985,6,980,11,5,0.9889001009081736,0.9949238578680203,1.0060913705583756,0.9919028340080971
4,26,semiregular,3,726,720,6,676,50,44,0.931129476584022,0.9388888888888889,1.0083333333333333,0.9349930843706776
4,26,irregular,3,227,214,13,181,46,33,0.7973568281938326,0.8457943925233645,1.060747663551402,0.8208616780045352
4,27,regular,1,1102,1166,64,1098,4,68,0.9963702359346642,0.9416809605488851,0.9451114922813036,0.9682539682539683
4,27,semiregular,1,614,728,114,553,61,175,0.9006514657980456,0.7596153846153846,0.8434065934065934,0.8241430700447093
4,27,irregular,1,223,270,47,169,54,101,0.757847533632287,0.6259259259259259,0.825925925925926,0.6855983772819472
4,27,regular,2,1141,1166,25,1134,7,32,0.9938650306748467,0.9725557461406518,0.9785591766723842,0.9830949284785436
4,27,semiregular,2,714,728,14,663,51,65,0.9285714285714286,0.9107142857142857,0.9807692307692307,0.9195561719833564
4,27,irregular,2,248,270,22,226,22,44,0.9112903225806451,0.837037037037037,0.9185185185185185,0.8725868725868726
4,27,regular,3,1143,1166,23,1141,2,25,0.9982502187226596,0.9785591766723842,0.9802744425385935,0.9883066262451278
4,27,semiregular,3,685,728,43,655,30,73,0.9562043795620438,0.8997252747252747,0.9409340659340659,0.927105449398443
4,27,irregular,3,235,270,35,217,18,53,0.9234042553191489,0.8037037037037037,0.8703703703703703,0.8594059405940594
4,28,regular,1,1075,1098,23,1066,9,32,0.9916279069767442,0.970856102003643,0.9790528233151184,0.9811320754716981
4,28,semiregular,1,913,859,54,815,98,44,0.8926615553121577,0.9487776484284052,1.0628637951105937,0.9198645598194131
4,28,irregular,1,300,293,7,159,141,134,0.53,0.5426621160409556,1.023890784982935,0.536256323777403
4,28,regular,2,1109,1098,11,1093,16,5,0.9855725879170424,0.9954462659380692,1.0100182149362478,0.9904848210240145
4,28,semiregular,2,833,859,26,781,52,78,0.9375750300120048,0.9091967403958091,0.969732246798603,0.9231678486997636
4,28,irregular,2,274,293,19,212,62,81,0.7737226277372263,0.7235494880546075,0.9351535836177475,0.7477954144620812
4,28,regular,3,1065,1098,33,1062,3,36,0.9971830985915493,0.9672131147540983,0.9699453551912568,0.9819694868238558
4,28,semiregular,3,809,859,50,781,28,78,0.965389369592089,0.9091967403958091,0.9417927823050058,0.9364508393285371
4,28,irregular,3,244,293,49,205,39,88,0.8401639344262295,0.6996587030716723,0.8327645051194539,0.7635009310986964
4,29,regular,1,1100,1140,40,1099,1,41,0.9990909090909091,0.9640350877192982,0.9649122807017544,0.98125
4,29,semiregular,1,940,869,71,819,121,50,0.8712765957446809,0.9424626006904487,1.0817031070195626,0.9054726368159204
4,29,irregular,1,248,247,1,171,77,76,0.6895161290322581,0.6923076923076923,1.0040485829959513,0.6909090909090909
4,29,regular,2,1140,1140,0,1134,6,6,0.9947368421052631,0.9947368421052631,1.0,0.9947368421052631
4,29,semiregular,2,969,869,100,845,124,24,0.8720330237358102,0.9723820483314154,1.1150747986191025,0.9194776931447225
4,29,irregular,2,270,247,23,227,43,20,0.8407407407407408,0.9190283400809717,1.0931174089068827,0.8781431334622825
4,29,regular,3,1097,1140,43,1097,0,43,1.0,0.962280701754386,0.962280701754386,0.9807778274474743
4,29,semiregular,3,884,869,15,801,83,68,0.9061085972850679,0.9217491369390104,1.0172612197928654,0.9138619509412437
4,29,irregular,3,219,247,28,204,15,43,0.9315068493150684,0.8259109311740891,0.8866396761133604,0.8755364806866953
4,30,regular,1,976,997,21,974,2,23,0.9979508196721312,0.9769307923771314,0.9789368104312939,0.9873289406994425
4,30,semiregular,1,825,810,15,752,73,58,0.9115151515151515,0.928395061728395,1.0185185185185186,0.9198776758409787
4,30,irregular,1,260,250,10,158,102,92,0.6076923076923076,0.632,1.04,0.6196078431372549
4,30,regular,2,1001,997,4,994,7,3,0.993006993006993,0.9969909729187563,1.004012036108325,0.9949949949949949
4,30,semiregular,2,817,810,7,766,51,44,0.9375764993880049,0.945679012345679,1.008641975308642,0.9416103257529195
4,30,irregular,2,229,250,21,203,26,47,0.8864628820960698,0.812,0.916,0.8475991649269311
4,30,regular,3,983,997,14,983,0,14,1.0,0.9859578736208626,0.9859578736208626,0.9929292929292929
4,30,semiregular,3,790,810,20,747,43,63,0.9455696202531646,0.9222222222222223,0.9753086419753086,0.9337500000000001
4,30,irregular,3,236,250,14,205,31,45,0.8686440677966102,0.82,0.944,0.8436213991769548
5,1,regular,1,937,937,0,927,10,10,0.9893276414087513,0.9893276414087513,1.0,0.9893276414087513
5,1,semiregular,1,737,703,34,638,99,65,0.8656716417910447,0.9075391180654339,1.0483641536273116,0.8861111111111111
5,1,irregular,1,192,199,7,153,39,46,0.796875,0.7688442211055276,0.964824120603015,0.782608695652174
5,1,regular,2,951,937,14,932,19,5,0.9800210304942166,0.9946638207043756,1.0149413020277482,0.9872881355932204
5,1,semiregular,2,729,703,26,641,88,62,0.879286694101509,0.9118065433854907,1.0369843527738265,0.8952513966480448
5,1,irregular,2,194,199,5,172,22,27,0.8865979381443299,0.864321608040201,0.9748743718592965,0.8753180661577608
5,1,regular,3,944,937,7,936,8,1,0.9915254237288136,0.9989327641408752,1.007470651013874,0.9952153110047847
5,1,semiregular,3,725,703,22,659,66,44,0.9089655172413793,0.9374110953058321,1.031294452347084,0.92296918767507
5,1,irregular,3,205,199,6,178,27,21,0.8682926829268293,0.8944723618090452,1.0301507537688441,0.8811881188118812
5,2,regular,1,1123,1224,101,1115,8,109,0.9928762243989314,0.9109477124183006,0.9174836601307189,0.9501491265445249
5,2,semiregular,1,566,647,81,541,25,106,0.9558303886925795,0.8361669242658424,0.874806800618238,0.8920032976092334
5,2,irregular,1,204,217,13,114,90,103,0.5588235294117647,0.5253456221198156,0.9400921658986175,0.5415676959619953
5,2,regular,2,1173,1224,51,1160,13,64,0.9889173060528559,0.9477124183006536,0.9583333333333334,0.9678765123070504
5,2,semiregular,2,589,647,58,575,14,72,0.9762308998302207,0.8887171561051005,0.910355486862442,0.9304207119741099
5,2,irregular,2,205,217,12,186,19,31,0.9073170731707317,0.8571428571428571,0.9447004608294931,0.8815165876777251
5,2,regular,3,1214,1224,10,1210,4,14,0.9967051070840197,0.988562091503268,0.9918300653594772,0.992616899097621
5,2,semiregular,3,641,647,6,613,28,34,0.9563182527301092,0.9474497681607419,0.990726429675425,0.9518633540372671
5,2,irregular,3,234,217,17,205,29,12,0.8760683760683761,0.9447004608294931,1.0783410138248848,0.9090909090909092
5,3,regular,1,971,1053,82,970,1,83,0.9989701338825953,0.9211775878442545,0.9221272554605888,0.958498023715415
5,3,semiregular,1,712,716,4,658,54,58,0.9241573033707865,0.9189944134078212,0.994413407821229,0.9215686274509803
5,3,irregular,1,215,224,9,149,66,75,0.6930232558139535,0.6651785714285714,0.9598214285714286,0.6788154897494305
5,3,regular,2,1015,1053,38,1013,2,40,0.9980295566502463,0.9620132953466287,0.9639126305792972,0.9796905222437138
5,3,semiregular,2,732,716,16,683,49,33,0.9330601092896175,0.9539106145251397,1.0223463687150838,0.9433701657458563
5,3,irregular,2,205,224,19,192,13,32,0.9365853658536586,0.8571428571428571,0.9151785714285714,0.8951048951048951
5,3,regular,3,1033,1053,20,1033,0,20,1.0,0.9810066476733144,0.9810066476733144,0.9904122722914669
5,3,semiregular,3,712,716,4,672,40,44,0.9438202247191011,0.9385474860335196,0.994413407821229,0.9411764705882353
5,3,irregular,3,218,224,6,195,23,29,0.8944954128440367,0.8705357142857143,0.9732142857142857,0.8823529411764706
5,4,regular,1,1103,1101,2,1093,10,8,0.9909338168631007,0.9927338782924614,1.0018165304268847,0.9918330308529946
5,4,semiregular,1,622,614,8,516,106,98,0.8295819935691319,0.8403908794788274,1.013029315960912,0.8349514563106797
5,4,irregular,1,238,228,10,159,79,69,0.6680672268907563,0.6973684210526315,1.043859649122807,0.6824034334763948
5,4,regular,2,1101,1101,0,1091,10,10,0.9909173478655767,0.9909173478655767,1.0,0.9909173478655767
5,4,semiregular,2,600,614,14,555,45,59,0.925,0.9039087947882736,0.9771986970684039,0.914332784184514
5,4,irregular,2,210,228,18,189,21,39,0.9,0.8289473684210527,0.9210526315789473,0.8630136986301371
5,4,regular,3,1110,1101,9,1098,12,3,0.9891891891891892,0.997275204359673,1.008174386920981,0.9932157394843961
5,4,semiregular,3,606,614,8,566,40,48,0.933993399339934,0.9218241042345277,0.9869706840390879,0.9278688524590163
5,4,irregular,3,246,228,18,211,35,17,0.8577235772357723,0.9254385964912281,1.0789473684210527,0.8902953586497891
5,5,regular,1,1010,1044,34,1009,1,35,0.999009900990099,0.9664750957854407,0.9674329501915708,0.9824732229795522
5,5,semiregular,1,752,668,84,633,119,35,0.8417553191489362,0.9476047904191617,1.125748502994012,0.8915492957746478
5,5,irregular,1,219,217,2,158,61,59,0.7214611872146118,0.728110599078341,1.0092165898617511,0.7247706422018348
5,5,regular,2,1027,1044,17,1024,3,20,0.997078870496592,0.9808429118773946,0.9837164750957854,0.9888942539835827
5,5,semiregular,2,721,668,53,649,72,19,0.9001386962552012,0.9715568862275449,1.0793413173652695,0.9344852411807055
5,5,irregular,2,211,217,6,189,22,28,0.8957345971563981,0.8709677419354839,0.9723502304147466,0.8831775700934579
5,5,regular,3,1038,1044,6,1038,0,6,1.0,0.9942528735632183,0.9942528735632183,0.9971181556195965
5,5,semiregular,3,697,668,29,637,60,31,0.9139167862266858,0.9535928143712575,1.0434131736526946,0.9333333333333333
5,5,irregular,3,226,217,9,194,32,23,0.8584070796460177,0.8940092165898618,1.0414746543778801,0.8758465011286681
5,6,regular,1,939,915,24,911,28,4,0.9701810436634718,0.9956284153005465,1.0262295081967212,0.982740021574973
5,6,semiregular,1,703,701,2,650,53,51,0.9246088193456614,0.927246790299572,1.0028530670470757,0.9259259259259259
5,6,irregular,1,181,195,14,107,74,88,0.5911602209944752,0.5487179487179488,0.9282051282051282,0.5691489361702128
5,6,regular,2,910,915,5,898,12,17,0.9868131868131869,0.9814207650273225,0.994535519125683,0.984109589041096
5,6,semiregular,2,725,701,24,679,46,22,0.9365517241379311,0.9686162624821684,1.0342368045649073,0.9523141654978963
5,6,irregular,2,190,195,5,123,67,72,0.6473684210526316,0.6307692307692307,0.9743589743589743,0.638961038961039
5,6,regular,3,916,915,1,912,4,3,0.9956331877729258,0.9967213114754099,1.0010928961748633,0.9961769524849808
5,6,semiregular,3,716,701,15,677,39,24,0.9455307262569832,0.9657631954350927,1.0213980028530671,0.9555398729710656
5,6,irregular,3,214,195,19,176,38,19,0.822429906542056,0.9025641025641026,1.0974358974358975,0.8606356968215159
5,7,regular,1,1225,1230,5,1210,15,20,0.9877551020408163,0.983739837398374,0.9959349593495935,0.9857433808553971
5,7,semiregular,1,764,761,3,659,105,102,0.862565445026178,0.8659658344283837,1.0039421813403417,0.8642622950819673
5,7,irregular,1,230,225,5,143,87,82,0.6217391304347826,0.6355555555555555,1.0222222222222221,0.6285714285714286
5,7,regular,2,1229,1230,1,1215,14,15,0.9886086248982913,0.9878048780487805,0.9991869918699187,0.9882065880439204
5,7,semiregular,2,720,761,41,664,56,97,0.9222222222222223,0.8725361366622865,0.9461235216819974,0.8966914247130318
5,7,irregular,2,188,225,37,178,10,47,0.9468085106382979,0.7911111111111111,0.8355555555555556,0.8619854721549636
5,7,regular,3,1230,1230,0,1224,6,6,0.9951219512195122,0.9951219512195122,1.0,0.9951219512195122
5,7,semiregular,3,755,761,6,684,71,77,0.9059602649006623,0.8988173455978975,0.9921156373193167,0.9023746701846966
5,7,irregular,3,235,225,10,210,25,15,0.8936170212765957,0.9333333333333333,1.0444444444444445,0.9130434782608695
5,8,regular,1,971,1035,64,964,7,71,0.9927909371781668,0.9314009661835749,0.9381642512077295,0.9611166500498505
5,8,semiregular,1,818,827,9,732,86,95,0.8948655256723717,0.8851269649334945,0.9891172914147521,0.8899696048632219
5,8,irregular,1,232,243,11,148,84,95,0.6379310344827587,0.6090534979423868,0.9547325102880658,0.6231578947368421
5,8,regular,2,1013,1035,22,1006,7,29,0.9930898321816387,0.9719806763285024,0.978743961352657,0.982421875
5,8,semiregular,2,813,827,14,761,52,66,0.9360393603936039,0.9201934703748489,0.9830713422007256,0.9280487804878049
5,8,irregular,2,220,243,23,196,24,47,0.8909090909090909,0.8065843621399177,0.9053497942386831,0.8466522678185745
5,8,regular,3,1037,1035,2,1030,7,5,0.9932497589199615,0.9951690821256038,1.0019323671497584,0.9942084942084942
5,8,semiregular,3,838,827,11,784,54,43,0.9355608591885441,0.9480048367593712,1.0133010882708586,0.9417417417417417
5,8,irregular,3,242,243,1,211,31,32,0.871900826446281,0.8683127572016461,0.9958847736625515,0.8701030927835052
5,9,regular,1,1023,1107,84,1018,5,89,0.9951124144672532,0.919602529358627,0.924119241192412,0.955868544600939
5,9,semiregular,1,631,701,70,598,33,103,0.9477020602218701,0.8530670470756063,0.9001426533523538,0.897897897897898
5,9,irregular,1,248,266,18,152,96,114,0.6129032258064516,0.5714285714285714,0.9323308270676691,0.5914396887159532
5,9,regular,2,1067,1107,40,1060,7,47,0.993439550140581,0.957542908762421,0.96386630532972,0.9751609935602576
5,9,semiregular,2,616,701,85,596,20,105,0.9675324675324676,0.8502139800285307,0.8787446504992867,0.9050873196659074
5,9,irregular,2,227,266,39,206,21,60,0.9074889867841409,0.7744360902255639,0.8533834586466166,0.8356997971602433
5,9,regular,3,1083,1107,24,1083,0,24,1.0,0.978319783197832,0.978319783197832,0.989041095890411
5,9,semiregular,3,686,701,15,667,19,34,0.9723032069970845,0.9514978601997147,0.978601997146933,0.9617880317231434
5,9,irregular,3,268,266,2,237,31,29,0.8843283582089553,0.8909774436090225,1.0075187969924813,0.8876404494382023
5,10,regular,1,1021,1014,7,997,24,17,0.9764936336924583,0.9832347140039448,1.0069033530571991,0.9798525798525799
5,10,semiregular,1,673,656,17,624,49,32,0.9271916790490342,0.9512195121951219,1.0259146341463414,0.9390519187358916
5,10,irregular,1,226,247,21,175,51,72,0.7743362831858407,0.708502024291498,0.9149797570850202,0.7399577167019027
5,10,regular,2,1024,1014,10,998,26,16,0.974609375,0.9842209072978304,1.009861932938856,0.9793915603532877
5,10,semiregular,2,676,656,20,607,69,49,0.8979289940828402,0.9253048780487805,1.0304878048780488,0.9114114114114114
5,10,irregular,2,223,247,24,202,21,45,0.905829596412556,0.8178137651821862,0.902834008097166,0.8595744680851063
5,10,regular,3,1027,1014,13,1011,16,3,0.9844206426484907,0.9970414201183432,1.0128205128205128,0.9906908378245957
5,10,semiregular,3,668,656,12,631,37,25,0.9446107784431138,0.961890243902439,1.0182926829268293,0.9531722054380665
5,10,irregular,3,246,247,1,221,25,26,0.8983739837398373,0.8947368421052632,0.9959514170040485,0.8965517241379309
5,11,regular,1,1025,1070,45,1024,1,46,0.9990243902439024,0.9570093457943926,0.9579439252336449,0.9775656324582339
5,11,semiregular,1,746,700,46,656,90,44,0.8793565683646113,0.9371428571428572,1.0657142857142856,0.9073305670816044
5,11,irregular,1,216,239,23,149,67,90,0.6898148148148148,0.6234309623430963,0.9037656903765691,0.6549450549450548
5,11,regular,2,1069,1070,1,1064,5,6,0.9953227315247896,0.994392523364486,0.9990654205607477,0.9948574100046751
5,11,semiregular,2,691,700,9,649,42,51,0.9392185238784371,0.9271428571428572,0.9871428571428571,0.9331416247304098
5,11,irregular,2,200,239,39,186,14,53,0.93,0.7782426778242678,0.8368200836820083,0.8473804100227791
5,11,regular,3,1059,1070,11,1058,1,12,0.9990557129367328,0.9887850467289719,0.9897196261682243,0.9938938468764678
5,11,semiregular,3,701,700,1,663,38,37,0.9457917261055635,0.9471428571428572,1.0014285714285713,0.9464668094218416
5,11,irregular,3,227,239,12,208,19,31,0.9162995594713657,0.8702928870292888,0.9497907949790795,0.8927038626609443
5,12,regular,1,1029,1007,22,1007,22,0,0.9786200194363459,1.0,1.0218470705064548,0.9891944990176817
5,12,semiregular,1,728,641,87,616,112,25,0.8461538461538461,0.9609984399375975,1.1357254290171608,0.899926953981008
5,12,irregular,1,255,204,51,181,74,23,0.7098039215686275,0.8872549019607843,1.25,0.7886710239651415
5,12,regular,2,1046,1007,39,1007,39,0,0.9627151051625239,1.0,1.038728897715988,0.9810034096444229
5,12,semiregular,2,670,641,29,596,74,45,0.8895522388059701,0.9297971918876755,1.045241809672387,0.9092295957284516
5,12,irregular,2,232,204,28,189,43,15,0.8146551724137931,0.9264705882352942,1.1372549019607843,0.8669724770642203
5,12,regular,3,1023,1007,16,1006,17,1,0.9833822091886608,0.9990069513406157,1.015888778550149,0.9911330049261083
5,12,semiregular,3,648,641,7,599,49,42,0.9243827160493827,0.9344773790951638,1.0109204368174727,0.9294026377036463
5,12,irregular,3,233,204,29,197,36,7,0.8454935622317596,0.9656862745098039,1.142156862745098,0.9016018306636155
5,13,regular,1,986,1000,14,981,5,19,0.9949290060851927,0.981,0.986,0.987915407854985
5,13,semiregular,1,872,815,57,790,82,25,0.9059633027522935,0.9693251533742331,1.0699386503067485,0.936573799644339
5,13,irregular,1,280,216,64,161,119,55,0.575,0.7453703703703703,1.2962962962962963,0.6491935483870966
5,13,regular,2,1011,1000,11,1000,11,0,0.9891196834817013,1.0,1.011,0.9945300845350572
5,13,semiregular,2,852,815,37,794,58,21,0.931924882629108,0.9742331288343559,1.045398773006135,0.9526094781043791
5,13,irregular,2,237,216,21,189,48,27,0.7974683544303798,0.875,1.0972222222222223,0.8344370860927153
5,13,regular,3,1002,1000,2,997,5,3,0.9950099800399201,0.997,1.002,0.9960039960039959
5,13,semiregular,3,822,815,7,785,37,30,0.9549878345498783,0.9631901840490797,1.0085889570552147,0.9590714722052536
5,13,irregular,3,234,216,18,203,31,13,0.8675213675213675,0.9398148148148148,1.0833333333333333,0.9022222222222223
5,14,regular,1,1005,1052,47,1004,1,48,0.9990049751243781,0.9543726235741445,0.9553231939163498,0.9761789013125912
5,14,semiregular,1,880,913,33,826,54,87,0.9386363636363636,0.904709748083242,0.963855421686747,0.9213608477412158
5,14,irregular,1,231,217,14,159,72,58,0.6883116883116883,0.7327188940092166,1.064516129032258,0.7098214285714286
5,14,regular,2,1008,1052,44,1005,3,47,0.9970238095238095,0.9553231939163498,0.9581749049429658,0.9757281553398058
5,14,semiregular,2,902,913,11,852,50,61,0.9445676274944568,0.9331872946330778,0.9879518072289156,0.9388429752066115
5,14,irregular,2,221,217,4,192,29,25,0.8687782805429864,0.8847926267281107,1.0184331797235022,0.8767123287671232
5,14,regular,3,1050,1052,2,1047,3,5,0.9971428571428571,0.9952471482889734,0.9980988593155894,0.9961941008563273
5,14,semiregular,3,889,913,24,840,49,73,0.9448818897637795,0.9200438116100766,0.9737130339539978,0.9322974472807991
5,14,irregular,3,204,217,13,191,13,26,0.9362745098039216,0.880184331797235,0.9400921658986175,0.9073634204275534
5,15,regular,1,932,964,32,929,3,35,0.9967811158798283,0.9636929460580913,0.966804979253112,0.979957805907173
5,15,semiregular,1,821,774,47,732,89,42,0.8915956151035322,0.9457364341085271,1.0607235142118863,0.9178683385579938
5,15,irregular,1,203,218,15,164,39,54,0.8078817733990148,0.7522935779816514,0.9311926605504587,0.7790973871733967
5,15,regular,2,944,964,20,941,3,23,0.996822033898305,0.9761410788381742,0.979253112033195,0.9863731656184486
5,15,semiregular,2,770,774,4,734,36,40,0.9532467532467532,0.9483204134366925,0.9948320413436692,0.9507772020725388
5,15,irregular,2,197,218,21,187,10,31,0.949238578680203,0.8577981651376146,0.9036697247706422,0.9012048192771084
5,15,regular,3,951,964,13,951,0,13,1.0,0.9865145228215768,0.9865145228215768,0.9932114882506528
5,15,semiregular,3,750,774,24,730,20,44,0.9733333333333334,0.9431524547803618,0.9689922480620154,0.958005249343832
5,15,irregular,3,223,218,5,202,21,16,0.905829596412556,0.926605504587156,1.0229357798165137,0.9160997732426304
5,16,regular,1,1076,1109,33,1068,8,41,0.9925650557620818,0.9630297565374211,0.9702434625788999,0.9775743707093821
5,16,semiregular,1,676,681,5,585,91,96,0.8653846153846154,0.8590308370044053,0.9926578560939795,0.862196020633751
5,16,irregular,1,213,272,59,143,70,129,0.6713615023474179,0.5257352941176471,0.7830882352941176,0.5896907216494846
5,16,regular,2,1133,1109,24,1109,24,0,0.9788172992056487,1.0,1.0216411181244365,0.9892952720785013
5,16,semiregular,2,664,681,17,631,33,50,0.9503012048192772,0.9265785609397944,0.9750367107195301,0.9382899628252789
5,16,irregular,2,244,272,28,212,32,60,0.8688524590163934,0.7794117647058824,0.8970588235294118,0.8217054263565892
5,16,regular,3,1109,1109,0,1103,6,6,0.9945897204688909,0.9945897204688909,1.0,0.9945897204688909
5,16,semiregular,3,650,681,31,615,35,66,0.9461538461538461,0.9030837004405287,0.9544787077826725,0.9241172051089407
5,16,irregular,3,253,272,19,218,35,54,0.8616600790513834,0.8014705882352942,0.9301470588235294,0.8304761904761905
5,17,regular,1,1014,1029,15,1011,3,18,0.9970414201183432,0.9825072886297376,0.9854227405247813,0.9897209985315712
5,17,semiregular,1,838,837,1,751,87,86,0.89618138424821,0.8972520908004779,1.001194743130227,0.8967164179104479
5,17,irregular,1,227,240,13,131,96,109,0.5770925110132159,0.5458333333333333,0.9458333333333333,0.5610278372591007
5,17,regular,2,1041,1029,12,1027,14,2,0.9865513928914506,0.9980563654033042,1.0116618075801749,0.9922705314009662
5,17,semiregular,2,854,837,17,801,53,36,0.9379391100702577,0.956989247311828,1.020310633213859,0.9473684210526316
5,17,irregular,2,278,240,38,200,78,40,0.7194244604316546,0.8333333333333334,1.1583333333333334,0.7722007722007722
5,17,regular,3,1062,1029,33,1028,34,1,0.967984934086629,0.9990281827016521,1.032069970845481,0.9832615973218556
5,17,semiregular,3,833,837,4,800,33,37,0.9603841536614646,0.955794504181601,0.995221027479092,0.9580838323353293
5,17,irregular,3,252,240,12,213,39,27,0.8452380952380952,0.8875,1.05,0.8658536585365854
5,18,regular,1,1020,1044,24,1018,2,26,0.9980392156862745,0.975095785440613,0.9770114942528736,0.9864341085271318
5,18,semiregular,1,822,801,21,754,68,47,0.9172749391727494,0.9413233458177278,1.0262172284644195,0.9291435613062231
5,18,irregular,1,240,252,12,170,70,82,0.7083333333333334,0.6746031746031746,0.9523809523809523,0.6910569105691058
5,18,regular,2,1070,1044,26,1044,26,0,0.9757009345794393,1.0,1.024904214559387,0.9877010406811731
5,18,semiregular,2,818,801,17,769,49,32,0.9400977995110025,0.9600499375780275,1.021223470661673,0.9499691167387277
5,18,irregular,2,256,252,4,223,33,29,0.87109375,0.8849206349206349,1.0158730158730158,0.8779527559055117
5,18,regular,3,1054,1044,10,1043,11,1,0.9895635673624289,0.9990421455938697,1.0095785440613028,0.994280266920877
5,18,semiregular,3,799,801,2,765,34,36,0.9574468085106383,0.9550561797752809,0.9975031210986267,0.95625
5,18,irregular,3,263,252,11,229,34,23,0.870722433460076,0.9087301587301587,1.0436507936507937,0.8893203883495147
5,19,regular,1,1018,1076,58,1016,2,60,0.9980353634577603,0.9442379182156134,0.9460966542750929,0.9703915950334289
5,19,semiregular,1,740,753,13,692,48,61,0.9351351351351351,0.9189907038512616,0.9827357237715804,0.926992632283992
5,19,irregular,1,264,245,19,182,82,63,0.6893939393939394,0.7428571428571429,1.0775510204081633,0.7151277013752456
5,19,regular,2,1091,1076,15,1074,17,2,0.9844179651695693,0.9981412639405205,1.0139405204460967,0.9912321181356715
5,19,semiregular,2,725,753,28,693,32,60,0.9558620689655173,0.9203187250996016,0.9628154050464808,0.9377537212449256
5,19,irregular,2,251,245,6,211,40,34,0.8406374501992032,0.8612244897959184,1.0244897959183674,0.8508064516129031
5,19,regular,3,1077,1076,1,1073,4,3,0.9962859795728877,0.9972118959107806,1.0009293680297398,0.9967487227124942
5,19,semiregular,3,714,753,39,685,29,68,0.9593837535014006,0.9096945551128818,0.9482071713147411,0.9338786639400136
5,19,irregular,3,246,245,1,216,30,29,0.8780487804878049,0.8816326530612245,1.0040816326530613,0.8798370672097761
5,20,regular,1,1160,1251,91,1156,4,95,0.996551724137931,0.9240607513988809,0.9272581934452439,0.9589381999170469
5,20,semiregular,1,878,841,37,767,111,74,0.8735763097949886,0.9120095124851367,1.0439952437574316,0.8923792902850494
5,20,irregular,1,309,252,57,170,139,82,0.5501618122977346,0.6746031746031746,1.2261904761904763,0.6060606060606061
5,20,regular,2,1228,1251,23,1220,8,31,0.993485342019544,0.9752198241406874,0.9816147082334132,0.9842678499394917
5,20,semiregular,2,782,841,59,723,59,118,0.9245524296675192,0.8596908442330559,0.929845422116528,0.8909426987060998
5,20,irregular,2,254,252,2,217,37,35,0.8543307086614174,0.8611111111111112,1.007936507936508,0.857707509881423
5,20,regular,3,1155,1251,96,1155,0,96,1.0,0.9232613908872902,0.9232613908872902,0.9600997506234414
5,20,semiregular,3,824,841,17,763,61,78,0.9259708737864077,0.9072532699167658,0.9797859690844233,0.9165165165165164
5,20,irregular,3,253,252,1,223,30,29,0.8814229249011858,0.8849206349206349,1.003968253968254,0.8831683168316832
5,21,regular,1,908,920,12,906,2,14,0.9977973568281938,0.9847826086956522,0.9869565217391304,0.9912472647702406
5,21,semiregular,1,615,549,66,502,113,47,0.816260162601626,0.9143897996357013,1.1202185792349726,0.8625429553264606
5,21,irregular,1,236,204,32,168,68,36,0.711864406779661,0.8235294117647058,1.1568627450980393,0.7636363636363636
5,21,regular,2,917,920,3,913,4,7,0.9956379498364231,0.9923913043478261,0.9967391304347826,0.9940119760479041
5,21,semiregular,2,599,549,50,522,77,27,0.8714524207011686,0.9508196721311475,1.0910746812386156,0.9094076655052264
5,21,irregular,2,205,204,1,184,21,20,0.8975609756097561,0.9019607843137255,1.0049019607843137,0.8997555012224939
5,21,regular,3,920,920,0,917,3,3,0.9967391304347826,0.9967391304347826,1.0,0.9967391304347826
5,21,semiregular,3,602,549,53,530,72,19,0.8803986710963455,0.9653916211293261,1.0965391621129326,0.9209383145091224
5,21,irregular,3,214,204,10,196,18,8,0.9158878504672897,0.9607843137254902,1.0490196078431373,0.9377990430622011
5,22,regular,1,972,946,26,944,28,2,0.9711934156378601,0.9978858350951374,1.0274841437632136,0.9843587069864442
5,22,semiregular,1,750,703,47,653,97,50,0.8706666666666667,0.9288762446657184,1.0668563300142246,0.8988300068823125
5,22,irregular,1,204,247,43,158,46,89,0.7745098039215687,0.6396761133603239,0.8259109311740891,0.7006651884700666
5,22,regular,2,956,946,10,936,20,10,0.9790794979079498,0.9894291754756871,1.0105708245243128,0.9842271293375395
5,22,semiregular,2,696,703,7,654,42,49,0.9396551724137931,0.930298719772404,0.9900426742532006,0.9349535382416012
5,22,irregular,2,217,247,30,199,18,48,0.9170506912442397,0.805668016194332,0.8785425101214575,0.8577586206896551
5,22,regular,3,952,946,6,944,8,2,0.9915966386554622,0.9978858350951374,1.0063424947145878,0.9947312961011591
5,22,semiregular,3,710,703,7,660,50,43,0.9295774647887324,0.9388335704125178,1.0099573257467995,0.9341825902335457
5,22,irregular,3,248,247,1,223,25,24,0.8991935483870968,0.902834008097166,1.0040485829959513,0.9010101010101009
5,23,regular,1,979,999,20,969,10,30,0.9897854954034729,0.96996996996997,0.97997997997998,0.9797775530839232
5,23,semiregular,1,848,835,13,741,107,94,0.8738207547169812,0.8874251497005988,1.015568862275449,0.8805704099821746
5,23,irregular,1,234,266,32,151,83,115,0.6452991452991453,0.5676691729323309,0.8796992481203008,0.604
5,23,regular,2,971,999,28,967,4,32,0.995880535530381,0.9679679679679679,0.9719719719719719,0.9817258883248732
5,23,semiregular,2,777,835,58,740,37,95,0.9523809523809523,0.8862275449101796,0.9305389221556887,0.9181141439205954
5,23,irregular,2,228,266,38,208,20,58,0.9122807017543859,0.7819548872180451,0.8571428571428571,0.8421052631578947
5,23,regular,3,1002,999,3,997,5,2,0.9950099800399201,0.997997997997998,1.003003003003003,0.9965017491254372
5,23,semiregular,3,848,835,13,799,49,36,0.9422169811320755,0.9568862275449102,1.015568862275449,0.9494949494949495
5,23,irregular,3,279,266,13,236,43,30,0.8458781362007168,0.8872180451127819,1.0488721804511278,0.8660550458715596
5,24,regular,1,1030,1079,49,1023,7,56,0.9932038834951457,0.9481000926784059,0.9545875810936052,0.9701280227596017
5,24,semiregular,1,638,680,42,577,61,103,0.9043887147335423,0.8485294117647059,0.9382352941176471,0.8755690440060698
5,24,irregular,1,199,247,48,148,51,99,0.7437185929648241,0.5991902834008097,0.805668016194332,0.663677130044843
5,24,regular,2,1058,1079,21,1048,10,31,0.9905482041587902,0.9712696941612604,0.9805375347544022,0.9808142255498362
5,24,semiregular,2,661,680,19,637,24,43,0.9636913767019667,0.9367647058823529,0.9720588235294118,0.9500372856077555
5,24,irregular,2,214,247,33,204,10,43,0.9532710280373832,0.8259109311740891,0.8663967611336032,0.8850325379609545
5,24,regular,3,1056,1079,23,1055,1,24,0.9990530303030303,0.9777571825764597,0.9786839666357738,0.9882903981264637
5,24,semiregular,3,678,680,2,653,25,27,0.9631268436578171,0.9602941176470589,0.9970588235294118,0.9617083946980856
5,24,irregular,3,237,247,10,220,17,27,0.9282700421940928,0.8906882591093117,0.9595141700404858,0.9090909090909091
5,25,regular,1,887,946,59,885,2,61,0.9977452085682075,0.9355179704016914,0.9376321353065539,0.9656301145662848
5,25,semiregular,1,709,718,9,635,74,83,0.8956276445698167,0.8844011142061281,0.9874651810584958,0.889978976874562
5,25,irregular,1,244,207,37,153,91,54,0.6270491803278688,0.7391304347826086,1.178743961352657,0.6784922394678492
5,25,regular,2,918,946,28,915,3,31,0.9967320261437909,0.96723044397463,0.9704016913319239,0.9817596566523605
5,25,semiregular,2,708,718,10,659,49,59,0.9307909604519774,0.9178272980501393,0.9860724233983287,0.9242636746143057
5,25,irregular,2,229,207,22,166,63,41,0.7248908296943232,0.8019323671497585,1.106280193236715,0.7614678899082569
5,25,regular,3,856,946,90,856,0,90,1.0,0.904862579281184,0.904862579281184,0.9500554938956715
5,25,semiregular,3,625,718,93,581,44,137,0.9296,0.8091922005571031,0.8704735376044568,0.8652271034996276
5,25,irregular,3,219,207,12,155,64,52,0.7077625570776256,0.748792270531401,1.0579710144927537,0.727699530516432
5,26,regular,1,1116,985,131,985,131,0,0.8826164874551972,1.0,1.132994923857868,0.9376487386958592
5,26,semiregular,1,784,720,64,679,105,41,0.8660714285714286,0.9430555555555555,1.0888888888888888,0.9029255319148937
5,26,irregular,1,322,214,108,186,136,28,0.577639751552795,0.8691588785046729,1.5046728971962617,0.6940298507462687
5,26,regular,2,709,985,276,699,10,286,0.9858956276445698,0.7096446700507614,0.7197969543147208,0.8252656434474616
5,26,semiregular,2,759,720,39,673,86,47,0.8866930171277997,0.9347222222222222,1.0541666666666667,0.9100743745774171
5,26,irregular,2,237,214,23,164,73,50,0.6919831223628692,0.7663551401869159,1.1074766355140186,0.7272727272727273
5,26,regular,3,1075,985,90,979,96,6,0.9106976744186046,0.9939086294416244,1.0913705583756346,0.9504854368932039
5,26,semiregular,3,782,720,62,680,102,40,0.8695652173913043,0.9444444444444444,1.086111111111111,0.9054593874833555
5,26,irregular,3,289,214,75,202,87,12,0.698961937716263,0.9439252336448598,1.3504672897196262,0.8031809145129225
5,27,regular,1,1056,1166,110,1053,3,113,0.9971590909090909,0.9030874785591767,0.9056603773584906,0.9477947794779478
5,27,semiregular,1,587,728,141,523,64,205,0.8909710391822828,0.7184065934065934,0.8063186813186813,0.7954372623574145
5,27,irregular,1,193,270,77,148,45,122,0.7668393782383419,0.5481481481481482,0.7148148148148148,0.6393088552915767
5,27,regular,2,1114,1166,52,1108,6,58,0.9946140035906643,0.9502572898799314,0.9554030874785592,0.9719298245614035
5,27,semiregular,2,704,728,24,657,47,71,0.9332386363636364,0.9024725274725275,0.967032967032967,0.9175977653631284
5,27,irregular,2,246,270,24,229,17,41,0.9308943089430894,0.8481481481481481,0.9111111111111111,0.8875968992248062
5,27,regular,3,1158,1166,8,1158,0,8,1.0,0.9931389365351629,0.9931389365351629,0.9965576592082617
5,27,semiregular,3,690,728,38,655,35,73,0.9492753623188406,0.8997252747252747,0.9478021978021978,0.923836389280677
5,27,irregular,3,264,270,6,231,33,39,0.875,0.8555555555555555,0.9777777777777777,0.8651685393258427
5,28,regular,1,1030,1098,68,1017,13,81,0.987378640776699,0.9262295081967213,0.9380692167577414,0.955827067669173
5,28,semiregular,1,865,859,6,783,82,76,0.9052023121387284,0.9115250291036089,1.0069848661233993,0.9083526682134571
5,28,irregular,1,274,293,19,139,135,154,0.5072992700729927,0.47440273037542663,0.9351535836177475,0.49029982363315694
5,28,regular,2,1092,1098,6,1075,17,23,0.9844322344322345,0.9790528233151184,0.994535519125683,0.9817351598173516
5,28,semiregular,2,793,859,66,746,47,113,0.9407313997477932,0.8684516880093132,0.9231664726426076,0.9031476997578691
5,28,irregular,2,281,293,12,213,68,80,0.7580071174377224,0.726962457337884,0.9590443686006825,0.7421602787456446
5,28,regular,3,1093,1098,5,1092,1,6,0.9990850869167429,0.994535519125683,0.9954462659380692,0.9968051118210862
5,28,semiregular,3,799,859,60,772,27,87,0.9662077596996246,0.8987194412107101,0.930151338766007,0.9312424607961399
5,28,irregular,3,307,293,14,228,79,65,0.742671009771987,0.7781569965870307,1.0477815699658704,0.7600000000000001
5,29,regular,1,1084,1140,56,1083,1,57,0.9990774907749077,0.95,0.9508771929824561,0.9739208633093523
5,29,semiregular,1,939,869,70,816,123,53,0.8690095846645367,0.9390103567318757,1.0805523590333717,0.9026548672566372
5,29,irregular,1,235,247,12,173,62,74,0.7361702127659574,0.7004048582995951,0.951417004048583,0.7178423236514523
5,29,regular,2,1095,1140,45,1091,4,49,0.9963470319634703,0.9570175438596491,0.9605263157894737,0.9762863534675614
5,29,semiregular,2,956,869,87,839,117,30,0.8776150627615062,0.9654775604142692,1.100115074798619,0.9194520547945206
5,29,irregular,2,268,247,21,221,47,26,0.8246268656716418,0.8947368421052632,1.0850202429149798,0.858252427184466
5,29,regular,3,1065,1140,75,1065,0,75,1.0,0.9342105263157895,0.9342105263157895,0.9659863945578232
5,29,semiregular,3,892,869,23,807,85,62,0.9047085201793722,0.9286536248561565,1.0264672036823936,0.9165247018739353
5,29,irregular,3,255,247,8,219,36,28,0.8588235294117647,0.8866396761133604,1.0323886639676114,0.8725099601593627
5,30,regular,1,935,997,62,934,1,63,0.9989304812834224,0.9368104312938816,0.9378134403209629,0.9668737060041409
5,30,semiregular,1,813,810,3,746,67,64,0.9175891758917589,0.9209876543209876,1.0037037037037038,0.9192852741836105
5,30,irregular,1,291,250,41,150,141,100,0.5154639175257731,0.6,1.164,0.55452865064695
5,30,regular,2,966,997,31,965,1,32,0.9989648033126294,0.9679037111334002,0.9689067201604814,0.9831889964340296
5,30,semiregular,2,792,810,18,756,36,54,0.9545454545454546,0.9333333333333333,0.9777777777777777,0.9438202247191012
5,30,irregular,2,212,250,38,197,15,53,0.9292452830188679,0.788,0.848,0.8528138528138528
5,30,regular,3,1010,997,13,995,15,2,0.9851485148514851,0.9979939819458375,1.013039117352056,0.9915296462381663
5,30,semiregular,3,807,810,3,763,44,47,0.9454770755885997,0.9419753086419753,0.9962962962962963,0.9437229437229436
5,30,irregular,3,247,250,3,210,37,40,0.8502024291497976,0.84,0.988,0.8450704225352113
