Test fold number,Subject,Gait,Sensor,Predicted,Actual,Difference,TP,FP,FN,PPV,Sensitivity,RCA,SDA
1,1,regular,1,942,937,5,925,17,12,0.9819532908704883,0.9871931696905016,1.0053361792956244,0.9845662586482171
1,1,semiregular,1,726,703,23,619,107,84,0.8526170798898072,0.8805120910384068,1.0327169274537695,0.8663400979706087
1,1,irregular,1,208,199,9,149,59,50,0.7163461538461539,0.7487437185929648,1.0452261306532664,0.7321867321867321
1,1,regular,2,937,937,0,880,57,57,0.9391675560298826,0.9391675560298826,1.0,0.9391675560298826
1,1,semiregular,2,766,703,63,652,114,51,0.8511749347258486,0.9274537695590327,1.0896159317211949,0.8876786929884275
1,1,irregular,2,193,199,6,165,28,34,0.8549222797927462,0.8291457286432161,0.9698492462311558,0.8418367346938775
1,1,regular,3,939,937,2,922,17,15,0.9818956336528222,0.983991462113127,1.0021344717182497,0.9829424307036246
1,1,semiregular,3,757,703,54,649,108,54,0.857331571994716,0.9231863442389758,1.0768136557610242,0.889041095890411
1,1,irregular,3,196,199,3,161,35,38,0.8214285714285714,0.8090452261306532,0.9849246231155779,0.8151898734177214
1,2,regular,1,1102,1224,122,1088,14,136,0.9872958257713249,0.8888888888888888,0.9003267973856209,0.9355116079105761
1,2,semiregular,1,562,647,85,531,31,116,0.9448398576512456,0.8207109737248841,0.8686244204018547,0.8784119106699753
1,2,irregular,1,191,217,26,117,74,100,0.612565445026178,0.5391705069124424,0.880184331797235,0.573529411764706
1,2,regular,2,1137,1224,87,1121,16,103,0.9859278803869833,0.9158496732026143,0.928921568627451,0.9495976281236763
1,2,semiregular,2,633,647,14,605,28,42,0.9557661927330173,0.9350850077279753,0.9783616692426584,0.9453125
1,2,irregular,2,210,217,7,173,37,44,0.8238095238095238,0.7972350230414746,0.967741935483871,0.810304449648712
1,2,regular,3,1233,1224,9,1215,18,9,0.9854014598540146,0.9926470588235294,1.0073529411764706,0.989010989010989
1,2,semiregular,3,686,647,39,622,64,25,0.9067055393586005,0.9613601236476044,1.0602782071097372,0.9332333083270818
1,2,irregular,3,219,217,2,184,35,33,0.8401826484018264,0.847926267281106,1.0092165898617511,0.8440366972477064
1,3,regular,1,1031,1053,22,1024,7,29,0.9932104752667313,0.9724596391263058,0.9791073124406457,0.9827255278310941
1,3,semiregular,1,708,716,8,642,66,74,0.9067796610169492,0.8966480446927374,0.9888268156424581,0.901685393258427
1,3,irregular,1,216,224,8,153,63,71,0.7083333333333334,0.6830357142857143,0.9642857142857143,0.6954545454545454
1,3,regular,2,972,1053,81,964,8,89,0.9917695473251029,0.9154795821462488,0.9230769230769231,0.9520987654320988
1,3,semiregular,2,728,716,12,668,60,48,0.9175824175824175,0.9329608938547486,1.0167597765363128,0.925207756232687
1,3,irregular,2,210,224,14,179,31,45,0.8523809523809524,0.7991071428571429,0.9375,0.8248847926267282
1,3,regular,3,1047,1053,6,1046,1,7,0.9990448901623686,0.99335232668566,0.9943019943019943,0.9961904761904762
1,3,semiregular,3,742,716,26,678,64,38,0.9137466307277629,0.946927374301676,1.0363128491620113,0.9300411522633745
1,3,irregular,3,209,224,15,169,40,55,0.8086124401913876,0.7544642857142857,0.9330357142857143,0.7806004618937644
1,4,regular,1,1162,1101,61,1098,64,3,0.9449225473321858,0.997275204359673,1.0554041780199819,0.97039328325232
1,4,semiregular,1,610,614,4,506,104,108,0.8295081967213115,0.8241042345276873,0.993485342019544,0.8267973856209151
1,4,irregular,1,226,228,2,139,87,89,0.6150442477876106,0.6096491228070176,0.9912280701754386,0.6123348017621145
1,4,regular,2,1046,1101,55,1035,11,66,0.9894837476099426,0.9400544959128065,0.9500454132606722,0.9641360037261295
1,4,semiregular,2,628,614,14,562,66,52,0.8949044585987261,0.9153094462540716,1.022801302931596,0.9049919484702094
1,4,irregular,2,225,228,3,190,35,38,0.8444444444444444,0.8333333333333334,0.9868421052631579,0.8388520971302428
1,4,regular,3,1138,1101,37,1098,40,3,0.9648506151142355,0.997275204359673,1.033605812897366,0.9807949977668602
1,4,semiregular,3,631,614,17,567,64,47,0.8985736925515055,0.9234527687296417,1.0276872964169381,0.9108433734939758
1,4,irregular,3,219,228,9,183,36,45,0.8356164383561644,0.8026315789473685,0.9605263157894737,0.8187919463087249
1,5,regular,1,1014,1044,30,1007,7,37,0.9930966469428008,0.9645593869731801,0.9712643678160919,0.978620019436346
1,5,semiregular,1,755,668,87,635,120,33,0.8410596026490066,0.9505988023952096,1.1302395209580838,0.8924806746310611
1,5,irregular,1,243,217,26,168,75,49,0.691358024691358,0.7741935483870968,1.119815668202765,0.7304347826086957
1,5,regular,2,1032,1044,12,1023,9,21,0.9912790697674418,0.9798850574712644,0.9885057471264368,0.985549132947977
1,5,semiregular,2,745,668,77,638,107,30,0.8563758389261745,0.9550898203592815,1.1152694610778444,0.9030431705590941
1,5,irregular,2,217,217,0,187,30,30,0.8617511520737328,0.8617511520737328,1.0,0.8617511520737328
1,5,regular,3,1056,1044,12,1041,15,3,0.9857954545454546,0.9971264367816092,1.0114942528735633,0.9914285714285714
1,5,semiregular,3,712,668,44,627,85,41,0.8806179775280899,0.938622754491018,1.0658682634730539,0.9086956521739131
1,5,irregular,3,216,217,1,174,42,43,0.8055555555555556,0.8018433179723502,0.9953917050691244,0.8036951501154734
1,6,regular,1,989,915,74,914,75,1,0.9241658240647118,0.9989071038251366,1.0808743169398907,0.9600840336134454
1,6,semiregular,1,680,701,21,633,47,68,0.9308823529411765,0.9029957203994294,0.9700427960057061,0.9167270094134685
1,6,irregular,1,191,195,4,115,76,80,0.6020942408376964,0.5897435897435898,0.9794871794871794,0.5958549222797929
1,6,regular,2,978,915,63,915,63,0,0.9355828220858896,1.0,1.0688524590163935,0.9667194928684627
1,6,semiregular,2,748,701,47,670,78,31,0.8957219251336899,0.9557774607703281,1.0670470756062767,0.9247757073844031
1,6,irregular,2,201,195,6,130,71,65,0.6467661691542289,0.6666666666666666,1.0307692307692307,0.6565656565656566
1,6,regular,3,915,915,0,913,2,2,0.9978142076502732,0.9978142076502732,1.0,0.9978142076502732
1,6,semiregular,3,733,701,32,669,64,32,0.91268758526603,0.9543509272467903,1.0456490727532097,0.9330543933054394
1,6,irregular,3,210,195,15,169,41,26,0.8047619047619048,0.8666666666666667,1.0769230769230769,0.834567901234568
1,7,regular,1,1264,1230,34,1225,39,5,0.9691455696202531,0.9959349593495935,1.0276422764227642,0.9823576583801122
1,7,semiregular,1,800,761,39,694,106,67,0.8675,0.911957950065703,1.0512483574244416,0.8891736066623959
1,7,irregular,1,269,225,44,161,108,64,0.5985130111524164,0.7155555555555555,1.1955555555555555,0.6518218623481782
1,7,regular,2,1184,1230,46,1168,16,62,0.9864864864864865,0.9495934959349593,0.9626016260162602,0.967688483844242
1,7,semiregular,2,750,761,11,659,91,102,0.8786666666666667,0.8659658344283837,0.985545335085414,0.872270019854401
1,7,irregular,2,207,225,18,180,27,45,0.8695652173913043,0.8,0.92,0.8333333333333333
1,7,regular,3,1232,1230,2,1224,8,6,0.9935064935064936,0.9951219512195122,1.0016260162601627,0.9943135662063364
1,7,semiregular,3,773,761,12,692,81,69,0.8952134540750324,0.9093298291721419,1.0157687253613665,0.9022164276401564
1,7,irregular,3,229,225,4,192,37,33,0.8384279475982532,0.8533333333333334,1.0177777777777777,0.8458149779735684
1,8,regular,1,1031,1035,4,1017,14,18,0.9864209505334627,0.9826086956521739,0.996135265700483,0.984511132623427
1,8,semiregular,1,833,827,6,746,87,81,0.8955582232893158,0.9020556227327691,1.0072551390568318,0.8987951807228916
1,8,irregular,1,234,243,9,149,85,94,0.6367521367521367,0.6131687242798354,0.9629629629629629,0.6247379454926625
1,8,regular,2,1035,1035,0,1024,11,11,0.9893719806763285,0.9893719806763285,1.0,0.9893719806763285
1,8,semiregular,2,829,827,2,765,64,62,0.9227985524728589,0.9250302297460702,1.0024183796856105,0.9239130434782611
1,8,irregular,2,231,243,12,183,48,60,0.7922077922077922,0.7530864197530864,0.9506172839506173,0.7721518987341771
1,8,regular,3,1043,1035,8,1031,12,4,0.9884947267497604,0.996135265700483,1.007729468599034,0.9923002887391724
1,8,semiregular,3,866,827,39,785,81,42,0.9064665127020786,0.9492140266021766,1.0471584038694075,0.9273479031305376
1,8,irregular,3,247,243,4,188,59,55,0.7611336032388664,0.7736625514403292,1.0164609053497942,0.7673469387755102
1,9,regular,1,1109,1107,2,1100,9,7,0.9918845807033363,0.993676603432701,1.001806684733514,0.9927797833935019
1,9,semiregular,1,640,701,61,605,35,96,0.9453125,0.8630527817403709,0.912981455064194,0.9023117076808352
1,9,irregular,1,230,266,36,166,64,100,0.7217391304347827,0.6240601503759399,0.8646616541353384,0.6693548387096774
1,9,regular,2,1036,1107,71,1027,9,80,0.9913127413127413,0.9277326106594399,0.935862691960253,0.9584694353709752
1,9,semiregular,2,647,701,54,619,28,82,0.9567233384853169,0.8830242510699001,0.9229671897289586,0.9183976261127595
1,9,irregular,2,240,266,26,207,33,59,0.8625,0.7781954887218046,0.9022556390977443,0.8181818181818182
1,9,regular,3,1099,1107,8,1095,4,12,0.9963603275705186,0.989159891598916,0.992773261065944,0.9927470534904804
1,9,semiregular,3,709,701,8,671,38,30,0.9464033850493653,0.9572039942938659,1.0114122681883024,0.9517730496453901
1,9,irregular,3,252,266,14,209,43,57,0.8293650793650794,0.7857142857142857,0.9473684210526315,0.806949806949807
1,10,regular,1,1029,1014,15,1009,20,5,0.9805636540330418,0.995069033530572,1.014792899408284,0.9877630934899658
1,10,semiregular,1,676,656,20,614,62,42,0.908284023668639,0.9359756097560976,1.0304878048780488,0.9219219219219219
1,10,irregular,1,219,247,28,174,45,73,0.7945205479452054,0.7044534412955465,0.8866396761133604,0.7467811158798283
1,10,regular,2,1018,1014,4,998,20,16,0.9803536345776032,0.9842209072978304,1.0039447731755424,0.9822834645669292
1,10,semiregular,2,734,656,78,633,101,23,0.8623978201634878,0.9649390243902439,1.1189024390243902,0.9107913669064749
1,10,irregular,2,239,247,8,204,35,43,0.8535564853556485,0.8259109311740891,0.9676113360323887,0.8395061728395062
1,10,regular,3,1020,1014,6,1012,8,2,0.9921568627450981,0.9980276134122288,1.0059171597633136,0.9950835791543756
1,10,semiregular,3,678,656,22,620,58,36,0.9144542772861357,0.9451219512195121,1.0335365853658536,0.9295352323838081
1,10,irregular,3,260,247,13,218,42,29,0.8384615384615385,0.8825910931174089,1.0526315789473684,0.8599605522682445
1,11,regular,1,1057,1070,13,1053,4,17,0.9962157048249763,0.9841121495327103,0.9878504672897196,0.9901269393511989
1,11,semiregular,1,728,700,28,644,84,56,0.8846153846153846,0.92,1.04,0.9019607843137256
1,11,irregular,1,220,239,19,158,62,81,0.7181818181818181,0.6610878661087866,0.9205020920502092,0.6884531590413944
1,11,regular,2,1062,1070,8,1055,7,15,0.9934086629001884,0.985981308411215,0.9925233644859813,0.9896810506566606
1,11,semiregular,2,718,700,18,643,75,57,0.8955431754874652,0.9185714285714286,1.0257142857142858,0.9069111424541608
1,11,irregular,2,220,239,19,185,35,54,0.8409090909090909,0.7740585774058577,0.9205020920502092,0.8061002178649236
1,11,regular,3,1063,1070,7,1061,2,9,0.9981185324553151,0.991588785046729,0.9934579439252337,0.9948429442100328
1,11,semiregular,3,719,700,19,652,67,48,0.9068150208623088,0.9314285714285714,1.0271428571428571,0.9189570119802678
1,11,irregular,3,226,239,13,187,39,52,0.827433628318584,0.7824267782426778,0.9456066945606695,0.8043010752688172
1,12,regular,1,1022,1007,15,1007,15,0,0.9853228962818004,1.0,1.0148957298907646,0.9926071956628881
1,12,semiregular,1,725,641,84,607,118,34,0.8372413793103448,0.9469578783151326,1.1310452418096724,0.8887262079062956
1,12,irregular,1,234,204,30,162,72,42,0.6923076923076923,0.7941176470588235,1.1470588235294117,0.7397260273972601
1,12,regular,2,1021,1007,14,1005,16,2,0.9843290891283056,0.9980139026812314,1.0139026812313803,0.9911242603550295
1,12,semiregular,2,684,641,43,582,102,59,0.8508771929824561,0.9079563182527302,1.0670826833073324,0.8784905660377359
1,12,irregular,2,245,204,41,178,67,26,0.726530612244898,0.8725490196078431,1.2009803921568627,0.7928730512249444
1,12,regular,3,1013,1007,6,1006,7,1,0.9930898321816387,0.9990069513406157,1.005958291956306,0.9960396039603961
1,12,semiregular,3,657,641,16,576,81,65,0.8767123287671232,0.8985959438377535,1.0249609984399375,0.8875192604006163
1,12,irregular,3,229,204,25,174,55,30,0.759825327510917,0.8529411764705882,1.1225490196078431,0.8036951501154734
1,13,regular,1,996,1000,4,988,8,12,0.9919678714859438,0.988,0.996,0.9899799599198397
1,13,semiregular,1,865,815,50,783,82,32,0.9052023121387284,0.9607361963190184,1.0613496932515338,0.9321428571428572
1,13,irregular,1,260,216,44,159,101,57,0.6115384615384616,0.7361111111111112,1.2037037037037037,0.6680672268907564
1,13,regular,2,984,1000,16,975,9,25,0.9908536585365854,0.975,0.984,0.9828629032258065
1,13,semiregular,2,857,815,42,788,69,27,0.9194865810968494,0.9668711656441717,1.0515337423312883,0.9425837320574161
1,13,irregular,2,242,216,26,189,53,27,0.78099173553719,0.875,1.1203703703703705,0.8253275109170305
1,13,regular,3,999,1000,1,996,3,4,0.996996996996997,0.996,0.999,0.9964982491245623
1,13,semiregular,3,834,815,19,779,55,36,0.934052757793765,0.9558282208588957,1.023312883435583,0.944815039417829
1,13,irregular,3,226,216,10,184,42,32,0.8141592920353983,0.8518518518518519,1.0462962962962963,0.832579185520362
1,14,regular,1,1051,1052,1,1042,9,10,0.9914367269267365,0.9904942965779467,0.9990494296577946,0.9909652876842605
1,14,semiregular,1,887,913,26,820,67,93,0.9244644870349493,0.8981380065717415,0.9715224534501643,0.9111111111111111
1,14,irregular,1,211,217,6,158,53,59,0.7488151658767772,0.728110599078341,0.9723502304147466,0.7383177570093458
1,14,regular,2,987,1052,65,980,7,72,0.9929078014184397,0.9315589353612167,0.938212927756654,0.9612555174104953
1,14,semiregular,2,913,913,0,848,65,65,0.9288061336254108,0.9288061336254108,1.0,0.9288061336254108
1,14,irregular,2,219,217,2,180,39,37,0.821917808219178,0.8294930875576036,1.0092165898617511,0.8256880733944953
1,14,regular,3,1056,1052,4,1048,8,4,0.9924242424242424,0.9961977186311787,1.0038022813688212,0.9943074003795065
1,14,semiregular,3,915,913,2,855,60,58,0.9344262295081968,0.9364731653888281,1.0021905805038336,0.9354485776805251
1,14,irregular,3,206,217,11,170,36,47,0.8252427184466019,0.783410138248848,0.9493087557603687,0.8037825059101655
1,15,regular,1,1002,964,38,964,38,0,0.9620758483033932,1.0,1.0394190871369295,0.9806714140386571
1,15,semiregular,1,790,774,16,726,64,48,0.9189873417721519,0.937984496124031,1.020671834625323,0.9283887468030692
1,15,irregular,1,195,218,23,158,37,60,0.8102564102564103,0.7247706422018348,0.8944954128440367,0.7651331719128329
1,15,regular,2,948,964,16,940,8,24,0.9915611814345991,0.975103734439834,0.983402489626556,0.9832635983263598
1,15,semiregular,2,782,774,8,726,56,48,0.928388746803069,0.937984496124031,1.0103359173126616,0.9331619537275064
1,15,irregular,2,204,218,14,179,25,39,0.8774509803921569,0.8211009174311926,0.9357798165137615,0.848341232227488
1,15,regular,3,971,964,7,962,9,2,0.9907312049433573,0.9979253112033195,1.0072614107883817,0.9943152454780362
1,15,semiregular,3,768,774,6,723,45,51,0.94140625,0.9341085271317829,0.9922480620155039,0.9377431906614787
1,15,irregular,3,219,218,1,182,37,36,0.8310502283105022,0.8348623853211009,1.0045871559633028,0.8329519450800915
1,16,regular,1,1086,1109,23,1078,8,31,0.992633517495396,0.9720468890892696,0.9792605951307484,0.9822323462414578
1,16,semiregular,1,726,681,45,630,96,51,0.8677685950413223,0.9251101321585903,1.066079295154185,0.8955223880597014
1,16,irregular,1,285,272,13,179,106,93,0.6280701754385964,0.6580882352941176,1.0477941176470589,0.6427289048473969
1,16,regular,2,1122,1109,13,1106,16,3,0.9857397504456328,0.9972948602344455,1.011722272317403,0.9914836396234873
1,16,semiregular,2,684,681,3,615,69,66,0.8991228070175439,0.9030837004405287,1.0044052863436124,0.9010989010989011
1,16,irregular,2,262,272,10,210,52,62,0.8015267175572519,0.7720588235294118,0.9632352941176471,0.7865168539325843
1,16,regular,3,1121,1109,12,1107,14,2,0.9875111507582516,0.9981965734896303,1.0108205590622181,0.9928251121076234
1,16,semiregular,3,667,681,14,607,60,74,0.9100449775112444,0.8913362701908958,0.9794419970631424,0.900593471810089
1,16,irregular,3,245,272,27,209,36,63,0.8530612244897959,0.7683823529411765,0.9007352941176471,0.8085106382978723
1,17,regular,1,1038,1029,9,1025,13,4,0.98747591522158,0.9961127308066083,1.0087463556851313,0.9917755200774068
1,17,semiregular,1,892,837,55,796,96,41,0.8923766816143498,0.951015531660693,1.065710872162485,0.9207634470792366
1,17,irregular,1,265,240,25,172,93,68,0.6490566037735849,0.7166666666666667,1.1041666666666667,0.6811881188118812
1,17,regular,2,1028,1029,1,1020,8,9,0.9922178988326849,0.9912536443148688,0.9990281827016521,0.9917355371900827
1,17,semiregular,2,880,837,43,800,80,37,0.9090909090909091,0.955794504181601,1.0513739545997611,0.93185789167152
1,17,irregular,2,268,240,28,186,82,54,0.6940298507462687,0.775,1.1166666666666667,0.7322834645669292
1,17,regular,3,1038,1029,9,1029,9,0,0.9913294797687862,1.0,1.0087463556851313,0.9956458635703919
1,17,semiregular,3,862,837,25,797,65,40,0.9245939675174014,0.9522102747909199,1.0298685782556751,0.9381989405532666
1,17,irregular,3,243,240,3,192,51,48,0.7901234567901234,0.8,1.0125,0.7950310559006211
1,18,regular,1,1025,1044,19,1019,6,25,0.9941463414634146,0.9760536398467433,0.9818007662835249,0.9850169163847269
1,18,semiregular,1,845,801,44,770,75,31,0.9112426035502958,0.9612983770287141,1.0549313358302121,0.9356014580801946
1,18,irregular,1,266,252,14,178,88,74,0.6691729323308271,0.7063492063492064,1.0555555555555556,0.6872586872586873
1,18,regular,2,1069,1044,25,1043,26,1,0.9756782039289055,0.9990421455938697,1.0239463601532568,0.987221959299574
1,18,semiregular,2,826,801,25,770,56,31,0.9322033898305084,0.9612983770287141,1.0312109862671661,0.9465273509526736
1,18,irregular,2,266,252,14,212,54,40,0.7969924812030075,0.8412698412698413,1.0555555555555556,0.8185328185328186
1,18,regular,3,1052,1044,8,1044,8,0,0.9923954372623575,1.0,1.0076628352490422,0.9961832061068702
1,18,semiregular,3,831,801,30,773,58,28,0.9302045728038508,0.9650436953807741,1.0374531835205993,0.9473039215686275
1,18,irregular,3,246,252,6,211,35,41,0.8577235772357723,0.8373015873015873,0.9761904761904762,0.8473895582329317
1,19,regular,1,1076,1076,0,1063,13,13,0.9879182156133829,0.9879182156133829,1.0,0.9879182156133829
1,19,semiregular,1,758,753,5,700,58,53,0.9234828496042217,0.9296148738379814,1.0066401062416999,0.926538716082065
1,19,irregular,1,256,245,11,179,77,66,0.69921875,0.7306122448979592,1.0448979591836736,0.7145708582834331
1,19,regular,2,1084,1076,8,1072,12,4,0.988929889298893,0.9962825278810409,1.0074349442379182,0.9925925925925927
1,19,semiregular,2,757,753,4,700,57,53,0.9247027741083224,0.9296148738379814,1.00531208499336,0.9271523178807948
1,19,irregular,2,256,245,11,199,57,46,0.77734375,0.8122448979591836,1.0448979591836736,0.7944111776447106
1,19,regular,3,1073,1076,3,1071,2,5,0.9981360671015843,0.9953531598513011,0.9972118959107806,0.996742671009772
1,19,semiregular,3,741,753,12,694,47,59,0.9365721997300944,0.9216467463479415,0.9840637450199203,0.9290495314591701
1,19,irregular,3,238,245,7,188,50,57,0.7899159663865546,0.7673469387755102,0.9714285714285714,0.7784679089026915
1,20,regular,1,1226,1251,25,1214,12,37,0.9902120717781403,0.9704236610711431,0.9800159872102319,0.9802180056519985
1,20,semiregular,1,894,841,53,781,113,60,0.8736017897091722,0.9286563614744352,1.0630202140309155,0.9002881844380403
1,20,irregular,1,256,252,4,173,83,79,0.67578125,0.6865079365079365,1.0158730158730158,0.6811023622047244
1,20,regular,2,1238,1251,13,1223,15,28,0.9878836833602584,0.9776179056754596,0.9896083133493205,0.9827239855363599
1,20,semiregular,2,828,841,13,746,82,95,0.9009661835748792,0.8870392390011891,0.9845422116527943,0.8939484721390054
1,20,irregular,2,250,252,2,196,54,56,0.784,0.7777777777777778,0.9920634920634921,0.7808764940239045
1,20,regular,3,1199,1251,52,1198,1,53,0.9991659716430359,0.9576338928856915,0.9584332533972821,0.9779591836734693
1,20,semiregular,3,861,841,20,773,88,68,0.8977932636469221,0.9191438763376932,1.0237812128418549,0.9083431257344301
1,20,irregular,3,250,252,2,200,50,52,0.8,0.7936507936507936,0.9920634920634921,0.7968127490039839
1,21,regular,1,946,920,26,918,28,2,0.9704016913319239,0.9978260869565218,1.0282608695652173,0.9839228295819936
1,21,semiregular,1,585,549,36,485,100,64,0.8290598290598291,0.8834244080145719,1.0655737704918034,0.8553791887125222
1,21,irregular,1,215,204,11,155,60,49,0.7209302325581395,0.7598039215686274,1.053921568627451,0.7398568019093078
1,21,regular,2,957,920,37,920,37,0,0.9613375130616509,1.0,1.0402173913043478,0.9802876931273309
1,21,semiregular,2,590,549,41,500,90,49,0.847457627118644,0.9107468123861566,1.0746812386156648,0.8779631255487269
1,21,irregular,2,203,204,1,173,30,31,0.8522167487684729,0.8480392156862745,0.9950980392156863,0.85012285012285
1,21,regular,3,921,920,1,917,4,3,0.995656894679696,0.9967391304347826,1.001086956521739,0.9961977186311787
1,21,semiregular,3,604,549,55,513,91,36,0.8493377483443708,0.9344262295081968,1.1001821493624773,0.8898525585429315
1,21,irregular,3,208,204,4,172,36,32,0.8269230769230769,0.8431372549019608,1.0196078431372548,0.8349514563106797
1,22,regular,1,984,946,38,944,40,2,0.959349593495935,0.9978858350951374,1.040169133192389,0.978238341968912
1,22,semiregular,1,728,703,25,647,81,56,0.8887362637362637,0.9203413940256046,1.035561877667141,0.904262753319357
1,22,irregular,1,221,247,26,173,48,74,0.7828054298642534,0.7004048582995951,0.8947368421052632,0.7393162393162394
1,22,regular,2,976,946,30,945,31,1,0.9682377049180327,0.9989429175475687,1.0317124735729386,0.983350676378772
1,22,semiregular,2,718,703,15,653,65,50,0.9094707520891365,0.9288762446657184,1.0213371266002844,0.9190710767065448
1,22,irregular,2,225,247,22,190,35,57,0.8444444444444444,0.7692307692307693,0.9109311740890689,0.8050847457627118
1,22,regular,3,941,946,5,939,2,7,0.997874601487779,0.992600422832981,0.9947145877378436,0.9952305246422893
1,22,semiregular,3,713,703,10,652,61,51,0.9144460028050491,0.9274537695590327,1.0142247510668563,0.9209039548022598
1,22,irregular,3,250,247,3,196,54,51,0.784,0.7935222672064778,1.0121457489878543,0.7887323943661971
1,23,regular,1,1025,999,26,996,29,3,0.9717073170731707,0.996996996996997,1.026026026026026,0.9841897233201581
1,23,semiregular,1,905,835,70,793,112,42,0.876243093922652,0.9497005988023952,1.0838323353293413,0.9114942528735632
1,23,irregular,1,254,266,12,156,98,110,0.6141732283464567,0.5864661654135338,0.9548872180451128,0.6
1,23,regular,2,993,999,6,984,9,15,0.9909365558912386,0.984984984984985,0.993993993993994,0.9879518072289156
1,23,semiregular,2,872,835,37,785,87,50,0.9002293577981652,0.9401197604790419,1.044311377245509,0.9197422378441712
1,23,irregular,2,237,266,29,193,44,73,0.8143459915611815,0.7255639097744361,0.8909774436090225,0.7673956262425449
1,23,regular,3,1011,999,12,998,13,1,0.9871414441147379,0.998998998998999,1.012012012012012,0.9930348258706467
1,23,semiregular,3,888,835,53,795,93,40,0.8952702702702703,0.9520958083832335,1.0634730538922155,0.922809053975624
1,23,irregular,3,272,266,6,203,69,63,0.7463235294117647,0.7631578947368421,1.0225563909774436,0.7546468401486988
1,24,regular,1,1091,1079,12,1071,20,8,0.9816681943171403,0.9925857275254866,1.0111214087117701,0.9870967741935485
1,24,semiregular,1,655,680,25,602,53,78,0.9190839694656489,0.8852941176470588,0.9632352941176471,0.90187265917603
1,24,irregular,1,184,247,63,139,45,108,0.7554347826086957,0.562753036437247,0.7449392712550608,0.6450116009280742
1,24,regular,2,1045,1079,34,1029,16,50,0.9846889952153111,0.953660797034291,0.9684893419833179,0.9689265536723164
1,24,semiregular,2,683,680,3,645,38,35,0.9443631039531479,0.9485294117647058,1.0044117647058823,0.9464416727806311
1,24,irregular,2,230,247,17,204,26,43,0.8869565217391304,0.8259109311740891,0.9311740890688259,0.8553459119496856
1,24,regular,3,1069,1079,10,1066,3,13,0.9971936389148737,0.9879518072289156,0.9907321594068582,0.9925512104283054
1,24,semiregular,3,695,680,15,651,44,29,0.9366906474820144,0.9573529411764706,1.0220588235294117,0.9469090909090909
1,24,irregular,3,234,247,13,205,29,42,0.8760683760683761,0.8299595141700404,0.9473684210526315,0.8523908523908523
1,25,regular,1,956,946,10,944,12,2,0.9874476987447699,0.9978858350951374,1.0105708245243128,0.9926393270241851
1,25,semiregular,1,700,718,18,630,70,88,0.9,0.8774373259052924,0.9749303621169917,0.8885754583921015
1,25,irregular,1,222,207,15,141,81,66,0.6351351351351351,0.6811594202898551,1.0724637681159421,0.6573426573426574
1,25,regular,2,930,946,16,923,7,23,0.9924731182795699,0.9756871035940803,0.9830866807610994,0.9840085287846481
1,25,semiregular,2,723,718,5,660,63,58,0.9128630705394191,0.9192200557103064,1.0069637883008355,0.916030534351145
1,25,irregular,2,208,207,1,148,60,59,0.7115384615384616,0.714975845410628,1.0048309178743962,0.7132530120481927
1,25,regular,3,940,946,6,937,3,9,0.9968085106382979,0.9904862579281184,0.9936575052854123,0.9936373276776247
1,25,semiregular,3,721,718,3,656,65,62,0.9098474341192788,0.9136490250696379,1.0041782729805013,0.9117442668519805
1,25,irregular,3,221,207,14,154,67,53,0.6968325791855203,0.7439613526570048,1.067632850241546,0.719626168224299
1,26,regular,1,1007,985,22,981,26,4,0.974180734856008,0.9959390862944163,1.0223350253807106,0.9849397590361446
1,26,semiregular,1,764,720,44,668,96,52,0.8743455497382199,0.9277777777777778,1.0611111111111111,0.9002695417789757
1,26,irregular,1,267,214,53,174,93,40,0.651685393258427,0.8130841121495327,1.2476635514018692,0.7234927234927234
1,26,regular,2,926,985,59,918,8,67,0.9913606911447084,0.9319796954314721,0.9401015228426396,0.9607535321821036
1,26,semiregular,2,791,720,71,695,96,25,0.8786346396965866,0.9652777777777778,1.0986111111111112,0.9199205823957644
1,26,irregular,2,217,214,3,153,64,61,0.7050691244239631,0.7149532710280374,1.014018691588785,0.7099767981438515
1,26,regular,3,986,985,1,974,12,11,0.9878296146044625,0.9888324873096447,1.001015228426396,0.9883307965499747
1,26,semiregular,3,760,720,40,682,78,38,0.8973684210526316,0.9472222222222222,1.0555555555555556,0.9216216216216215
1,26,irregular,3,240,214,26,175,65,39,0.7291666666666666,0.8177570093457944,1.1214953271028036,0.7709251101321586
1,27,regular,1,1130,1166,36,1119,11,47,0.9902654867256637,0.9596912521440824,0.9691252144082333,0.9747386759581881
1,27,semiregular,1,628,728,100,573,55,155,0.9124203821656051,0.7870879120879121,0.8626373626373627,0.8451327433628317
1,27,irregular,1,239,270,31,186,53,84,0.7782426778242678,0.6888888888888889,0.8851851851851852,0.7308447937131631
1,27,regular,2,1107,1166,59,1094,13,72,0.988256549232159,0.9382504288164666,0.9493996569468267,0.9626044874615047
1,27,semiregular,2,748,728,20,684,64,44,0.9144385026737968,0.9395604395604396,1.0274725274725274,0.926829268292683
1,27,irregular,2,258,270,12,220,38,50,0.8527131782945736,0.8148148148148148,0.9555555555555556,0.8333333333333333
1,27,regular,3,1169,1166,3,1164,5,2,0.9957228400342173,0.9982847341337907,1.0025728987993139,0.9970021413276231
1,27,semiregular,3,730,728,2,673,57,55,0.9219178082191781,0.9244505494505495,1.0027472527472527,0.9231824417009602
1,27,irregular,3,266,270,4,223,43,47,0.8383458646616542,0.825925925925926,0.9851851851851852,0.832089552238806
1,28,regular,1,1108,1098,10,1090,18,8,0.983754512635379,0.9927140255009107,1.0091074681238617,0.9882139619220307
1,28,semiregular,1,879,859,20,796,83,63,0.9055745164960182,0.9266589057043073,1.0232828870779977,0.9159953970080553
1,28,irregular,1,314,293,21,179,135,114,0.5700636942675159,0.6109215017064846,1.0716723549488054,0.5897858319604612
1,28,regular,2,1078,1098,20,1061,17,37,0.9842300556586271,0.9663023679417122,0.9817850637522769,0.9751838235294118
1,28,semiregular,2,857,859,2,789,68,70,0.9206534422403734,0.9185098952270081,0.9976717112922002,0.9195804195804196
1,28,irregular,2,279,293,14,205,74,88,0.7347670250896058,0.6996587030716723,0.9522184300341296,0.7167832167832169
1,28,regular,3,1108,1098,10,1095,13,3,0.9882671480144405,0.9972677595628415,1.0091074681238617,0.9927470534904805
1,28,semiregular,3,888,859,29,830,58,29,0.9346846846846847,0.9662398137369034,1.0337601862630965,0.9502003434459073
1,28,irregular,3,275,293,18,204,71,89,0.7418181818181818,0.6962457337883959,0.9385665529010239,0.7183098591549296
1,29,regular,1,1099,1140,41,1092,7,48,0.9936305732484076,0.9578947368421052,0.9640350877192982,0.9754354622599374
1,29,semiregular,1,922,869,53,802,120,67,0.8698481561822126,0.9228998849252014,1.0609896432681243,0.8955890563930765
1,29,irregular,1,232,247,15,166,66,81,0.7155172413793104,0.6720647773279352,0.9392712550607287,0.6931106471816284
1,29,regular,2,1111,1140,29,1105,6,35,0.9945994599459946,0.9692982456140351,0.974561403508772,0.9817858729453576
1,29,semiregular,2,956,869,87,834,122,35,0.8723849372384938,0.9597238204833142,1.100115074798619,0.9139726027397261
1,29,irregular,2,265,247,18,206,59,41,0.7773584905660378,0.8340080971659919,1.0728744939271255,0.8046875000000001
1,29,regular,3,1127,1140,13,1124,3,16,0.997338065661047,0.9859649122807017,0.9885964912280701,0.9916188795765329
1,29,semiregular,3,914,869,45,817,97,52,0.8938730853391685,0.9401611047180668,1.051783659378596,0.9164329781267528
1,29,irregular,3,258,247,11,209,49,38,0.810077519379845,0.8461538461538461,1.0445344129554657,0.8277227722772278
1,30,regular,1,978,997,19,974,4,23,0.9959100204498977,0.9769307923771314,0.9809428284854563,0.9863291139240506
1,30,semiregular,1,816,810,6,746,70,64,0.9142156862745098,0.9209876543209876,1.0074074074074073,0.9175891758917589
1,30,irregular,1,234,250,16,172,62,78,0.7350427350427351,0.688,0.936,0.7107438016528925
1,30,regular,2,939,997,58,934,5,63,0.9946751863684771,0.9368104312938816,0.9418254764292878,0.9648760330578512
1,30,semiregular,2,833,810,23,772,61,38,0.9267707082833133,0.9530864197530864,1.028395061728395,0.9397443700547778
1,30,irregular,2,223,250,27,187,36,63,0.8385650224215246,0.748,0.892,0.7906976744186046
1,30,regular,3,1003,997,6,995,8,2,0.9920239282153539,0.9979939819458375,1.0060180541624875,0.995
1,30,semiregular,3,832,810,22,770,62,40,0.9254807692307693,0.9506172839506173,1.0271604938271606,0.9378806333739342
1,30,irregular,3,258,250,8,191,67,59,0.7403100775193798,0.764,1.032,0.7519685039370079
2,1,regular,1,950,937,13,935,15,2,0.9842105263157894,0.9978655282817502,1.0138740661686232,0.990990990990991
2,1,semiregular,1,685,703,18,590,95,113,0.8613138686131386,0.8392603129445235,0.9743954480796586,0.8501440922190201
2,1,irregular,1,191,199,8,140,51,59,0.7329842931937173,0.7035175879396985,0.9597989949748744,0.7179487179487181
2,1,regular,2,958,937,21,924,34,13,0.964509394572025,0.9861259338313767,1.0224119530416222,0.975197889182058
2,1,semiregular,2,725,703,22,631,94,72,0.8703448275862069,0.8975817923186344,1.031294452347084,0.8837535014005603
2,1,irregular,2,193,199,6,161,32,38,0.8341968911917098,0.8090452261306532,0.9698492462311558,0.8214285714285714
2,1,regular,3,927,937,10,920,7,17,0.9924487594390508,0.9818569903948773,0.9893276414087513,0.9871244635193134
2,1,semiregular,3,720,703,17,635,85,68,0.8819444444444444,0.903271692745377,1.0241820768136558,0.8924806746310612
2,1,irregular,3,196,199,3,166,30,33,0.8469387755102041,0.8341708542713567,0.9849246231155779,0.8405063291139241
2,2,regular,1,1147,1224,77,1142,5,82,0.995640802092415,0.9330065359477124,0.9370915032679739,0.9633066216786167
2,2,semiregular,1,557,647,90,528,29,119,0.947935368043088,0.8160741885625966,0.8608964451313755,0.8770764119601329
2,2,irregular,1,205,217,12,136,69,81,0.6634146341463415,0.6267281105990783,0.9447004608294931,0.6445497630331753
2,2,regular,2,1167,1224,57,1150,17,74,0.9854327335047129,0.9395424836601307,0.9534313725490197,0.9619406106231702
2,2,semiregular,2,637,647,10,609,28,38,0.9560439560439561,0.9412673879443586,0.9845440494590417,0.9485981308411215
2,2,irregular,2,218,217,1,181,37,36,0.8302752293577982,0.8341013824884793,1.0046082949308757,0.832183908045977
2,2,regular,3,1225,1224,1,1213,12,11,0.990204081632653,0.9910130718954249,1.0008169934640523,0.9906084115965701
2,2,semiregular,3,651,647,4,608,43,39,0.9339477726574501,0.9397217928902627,1.0061823802163834,0.9368258859784284
2,2,irregular,3,216,217,1,183,33,34,0.8472222222222222,0.8433179723502304,0.9953917050691244,0.8452655889145496
2,3,regular,1,1004,1053,49,999,5,54,0.9950199203187251,0.9487179487179487,0.9534662867996201,0.971317452600875
2,3,semiregular,1,663,716,53,607,56,109,0.9155354449472096,0.8477653631284916,0.9259776536312849,0.8803480783176214
2,3,irregular,1,226,224,2,154,72,70,0.6814159292035398,0.6875,1.0089285714285714,0.6844444444444444
2,3,regular,2,992,1053,61,983,9,70,0.9909274193548387,0.9335232668566001,0.9420702754036088,0.9613691931540342
2,3,semiregular,2,750,716,34,681,69,35,0.908,0.9511173184357542,1.047486033519553,0.9290586630286495
2,3,irregular,2,223,224,1,182,41,42,0.8161434977578476,0.8125,0.9955357142857143,0.814317673378076
2,3,regular,3,1042,1053,11,1039,3,14,0.9971209213051824,0.9867046533713201,0.9895536562203229,0.9918854415274464
2,3,semiregular,3,728,716,12,668,60,48,0.9175824175824175,0.9329608938547486,1.0167597765363128,0.925207756232687
2,3,irregular,3,220,224,4,179,41,45,0.8136363636363636,0.7991071428571429,0.9821428571428571,0.8063063063063063
2,4,regular,1,1122,1101,21,1089,33,12,0.9705882352941176,0.989100817438692,1.0190735694822888,0.979757085020243
2,4,semiregular,1,604,614,10,507,97,107,0.8394039735099338,0.8257328990228013,0.9837133550488599,0.832512315270936
2,4,irregular,1,228,228,0,155,73,73,0.6798245614035088,0.6798245614035088,1.0,0.6798245614035088
2,4,regular,2,1103,1101,2,1094,9,7,0.9918404351767905,0.9936421435059037,1.0018165304268847,0.9927404718693285
2,4,semiregular,2,627,614,13,564,63,50,0.8995215311004785,0.9185667752442996,1.021172638436482,0.9089443996776794
2,4,irregular,2,230,228,2,186,44,42,0.808695652173913,0.8157894736842105,1.0087719298245614,0.812227074235808
2,4,regular,3,1099,1101,2,1096,3,5,0.997270245677889,0.9954586739327884,0.9981834695731153,0.9963636363636363
2,4,semiregular,3,610,614,4,557,53,57,0.9131147540983606,0.9071661237785016,0.993485342019544,0.9101307189542484
2,4,irregular,3,224,228,4,181,43,47,0.8080357142857143,0.793859649122807,0.9824561403508771,0.8008849557522124
2,5,regular,1,1034,1044,10,1030,4,14,0.9961315280464217,0.9865900383141762,0.9904214559386973,0.9913378248315687
2,5,semiregular,1,711,668,43,626,85,42,0.8804500703234881,0.937125748502994,1.06437125748503,0.9079042784626541
2,5,irregular,1,249,217,32,169,80,48,0.678714859437751,0.7788018433179723,1.1474654377880185,0.7253218884120172
2,5,regular,2,1042,1044,2,1035,7,9,0.9932821497120922,0.9913793103448276,0.9980842911877394,0.9923298178331736
2,5,semiregular,2,728,668,60,637,91,31,0.875,0.9535928143712575,1.089820359281437,0.9126074498567336
2,5,irregular,2,222,217,5,177,45,40,0.7972972972972973,0.815668202764977,1.023041474654378,0.8063781321184511
2,5,regular,3,1042,1044,2,1038,4,6,0.9961612284069098,0.9942528735632183,0.9980842911877394,0.9952061361457334
2,5,semiregular,3,687,668,19,618,69,50,0.8995633187772926,0.9251497005988024,1.028443113772455,0.9121771217712177
2,5,irregular,3,212,217,5,176,36,41,0.8301886792452831,0.8110599078341014,0.9769585253456221,0.8205128205128206
2,6,regular,1,934,915,19,907,27,8,0.9710920770877944,0.9912568306010929,1.0207650273224043,0.9810708491076258
2,6,semiregular,1,708,701,7,650,58,51,0.9180790960451978,0.927246790299572,1.0099857346647647,0.9226401703335699
2,6,irregular,1,209,195,14,125,84,70,0.5980861244019139,0.6410256410256411,1.0717948717948718,0.6188118811881188
2,6,regular,2,959,915,44,915,44,0,0.954118873826903,1.0,1.048087431693989,0.9765208110992528
2,6,semiregular,2,743,701,42,676,67,25,0.9098250336473755,0.9643366619115549,1.0599144079885878,0.9362880886426592
2,6,irregular,2,185,195,10,126,59,69,0.6810810810810811,0.6461538461538462,0.9487179487179487,0.6631578947368422
2,6,regular,3,909,915,6,903,6,12,0.9933993399339934,0.9868852459016394,0.9934426229508196,0.9901315789473685
2,6,semiregular,3,709,701,8,662,47,39,0.9337094499294781,0.9443651925820257,1.0114122681883024,0.9390070921985816
2,6,irregular,3,199,195,4,166,33,29,0.8341708542713567,0.8512820512820513,1.0205128205128204,0.8426395939086294
2,7,regular,1,2,1230,1228,0,2,1230,-1,-1,0.0016260162601626016,-1
2,7,semiregular,1,268,761,493,236,32,525,0.8805970149253731,0.31011826544021026,0.35216819973718794,0.4586977648202138
2,7,irregular,1,239,225,14,110,129,115,0.4602510460251046,0.4888888888888889,1.0622222222222222,0.47413793103448276
2,7,regular,2,608,1230,622,603,5,627,0.9917763157894737,0.4902439024390244,0.4943089430894309,0.6561479869423287
2,7,semiregular,2,747,761,14,671,76,90,0.8982597054886211,0.8817345597897503,0.9816031537450722,0.889920424403183
2,7,irregular,2,213,225,12,183,30,42,0.8591549295774648,0.8133333333333334,0.9466666666666667,0.8356164383561644
2,7,regular,3,1210,1230,20,1207,3,23,0.9975206611570248,0.9813008130081301,0.983739837398374,0.989344262295082
2,7,semiregular,3,746,761,15,664,82,97,0.8900804289544236,0.8725361366622865,0.9802890932982917,0.8812209688122098
2,7,irregular,3,215,225,10,184,31,41,0.8558139534883721,0.8177777777777778,0.9555555555555556,0.8363636363636364
2,8,regular,1,975,1035,60,968,7,67,0.9928205128205129,0.9352657004830918,0.9420289855072463,0.96318407960199
2,8,semiregular,1,778,827,49,692,86,135,0.8894601542416453,0.8367593712212817,0.9407496977025392,0.8623052959501558
2,8,irregular,1,258,243,15,150,108,93,0.5813953488372093,0.6172839506172839,1.0617283950617284,0.5988023952095808
2,8,regular,2,1003,1035,32,995,8,40,0.9920239282153539,0.961352657004831,0.9690821256038648,0.9764474975466144
2,8,semiregular,2,821,827,6,766,55,61,0.9330085261875761,0.9262394195888755,0.992744860943168,0.9296116504854368
2,8,irregular,2,220,243,23,167,53,76,0.759090909090909,0.6872427983539094,0.9053497942386831,0.7213822894168467
2,8,regular,3,1038,1035,3,1028,10,7,0.9903660886319846,0.9932367149758454,1.0028985507246377,0.9917993246502653
2,8,semiregular,3,847,827,20,770,77,57,0.9090909090909091,0.9310761789600968,1.0241837968561065,0.919952210274791
2,8,irregular,3,238,243,5,187,51,56,0.7857142857142857,0.7695473251028807,0.9794238683127572,0.7775467775467776
2,9,regular,1,1044,1107,63,1034,10,73,0.9904214559386973,0.934056007226739,0.943089430894309,0.9614132961413298
2,9,semiregular,1,562,701,139,536,26,165,0.9537366548042705,0.7646219686162625,0.8017118402282454,0.8487727632620744
2,9,irregular,1,236,266,30,155,81,111,0.6567796610169492,0.5827067669172933,0.8872180451127819,0.6175298804780877
2,9,regular,2,1037,1107,70,1026,11,81,0.9893924783027965,0.926829268292683,0.9367660343270099,0.957089552238806
2,9,semiregular,2,631,701,70,596,35,105,0.9445324881141046,0.8502139800285307,0.9001426533523538,0.8948948948948948
2,9,irregular,2,239,266,27,197,42,69,0.8242677824267782,0.7406015037593985,0.8984962406015038,0.7801980198019801
2,9,regular,3,1089,1107,18,1087,2,20,0.9981634527089073,0.98193315266486,0.983739837398374,0.9899817850637523
2,9,semiregular,3,696,701,5,657,39,44,0.9439655172413793,0.9372325249643366,0.992867332382311,0.9405869720830351
2,9,irregular,3,249,266,17,211,38,55,0.8473895582329317,0.793233082706767,0.9360902255639098,0.8194174757281553
2,10,regular,1,1044,1014,30,999,45,15,0.9568965517241379,0.985207100591716,1.029585798816568,0.9708454810495627
2,10,semiregular,1,662,656,6,604,58,52,0.9123867069486404,0.9207317073170732,1.0091463414634145,0.9165402124430957
2,10,irregular,1,220,247,27,168,52,79,0.7636363636363637,0.680161943319838,0.8906882591093117,0.7194860813704497
2,10,regular,2,916,1014,98,892,24,122,0.9737991266375546,0.8796844181459567,0.903353057199211,0.9243523316062175
2,10,semiregular,2,708,656,52,622,86,34,0.8785310734463276,0.948170731707317,1.079268292682927,0.9120234604105573
2,10,irregular,2,242,247,5,211,31,36,0.871900826446281,0.854251012145749,0.979757085020243,0.8629856850715747
2,10,regular,3,1034,1014,20,1012,22,2,0.9787234042553191,0.9980276134122288,1.0197238658777121,0.9882812499999999
2,10,semiregular,3,743,656,87,630,113,26,0.847913862718708,0.9603658536585366,1.1326219512195121,0.9006433166547534
2,10,irregular,3,253,247,6,208,45,39,0.8221343873517787,0.8421052631578947,1.0242914979757085,0.832
2,11,regular,1,1046,1070,24,1044,2,26,0.9980879541108987,0.9757009345794393,0.9775700934579439,0.9867674858223062
2,11,semiregular,1,735,700,35,634,101,66,0.8625850340136054,0.9057142857142857,1.05,0.883623693379791
2,11,irregular,1,232,239,7,155,77,84,0.6681034482758621,0.6485355648535565,0.9707112970711297,0.6581740976645435
2,11,regular,2,385,1070,685,381,4,689,0.9896103896103896,0.3560747663551402,0.3598130841121495,0.5237113402061856
2,11,semiregular,2,721,700,21,642,79,58,0.8904299583911235,0.9171428571428571,1.03,0.9035890218156228
2,11,irregular,2,212,239,27,172,40,67,0.8113207547169812,0.7196652719665272,0.8870292887029289,0.762749445676275
2,11,regular,3,1043,1070,27,1041,2,29,0.9980824544582934,0.9728971962616823,0.974766355140187,0.9853289162328444
2,11,semiregular,3,684,700,16,635,49,65,0.9283625730994152,0.9071428571428571,0.9771428571428571,0.9176300578034682
2,11,irregular,3,213,239,26,177,36,62,0.8309859154929577,0.7405857740585774,0.891213389121339,0.7831858407079647
2,12,regular,1,1058,1007,51,1007,51,0,0.9517958412098299,1.0,1.0506454816285997,0.9753026634382566
2,12,semiregular,1,726,641,85,608,118,33,0.837465564738292,0.9485179407176287,1.1326053042121684,0.8895391367959035
2,12,irregular,1,266,204,62,177,89,27,0.6654135338345865,0.8676470588235294,1.303921568627451,0.7531914893617022
2,12,regular,2,1059,1007,52,1007,52,0,0.9508970727101038,1.0,1.051638530287984,0.9748305905130688
2,12,semiregular,2,701,641,60,595,106,46,0.8487874465049928,0.9282371294851794,1.093603744149766,0.886736214605067
2,12,irregular,2,250,204,46,183,67,21,0.732,0.8970588235294118,1.2254901960784315,0.8061674008810573
2,12,regular,3,989,1007,18,986,3,21,0.9969666329625885,0.9791459781529295,0.9821251241310824,0.9879759519038077
2,12,semiregular,3,634,641,7,570,64,71,0.8990536277602523,0.8892355694227769,0.9890795631825273,0.8941176470588236
2,12,irregular,3,225,204,21,175,50,29,0.7777777777777778,0.8578431372549019,1.1029411764705883,0.8158508158508159
2,13,regular,1,999,1000,1,992,7,8,0.992992992992993,0.992,0.999,0.9924962481240621
2,13,semiregular,1,868,815,53,780,88,35,0.8986175115207373,0.9570552147239264,1.0650306748466258,0.9269162210338681
2,13,irregular,1,265,216,49,169,96,47,0.6377358490566037,0.7824074074074074,1.2268518518518519,0.7027027027027026
2,13,regular,2,1033,1000,33,1000,33,0,0.968054211035818,1.0,1.033,0.9837678307919331
2,13,semiregular,2,839,815,24,781,58,34,0.930870083432658,0.9582822085889571,1.0294478527607362,0.9443772672309553
2,13,irregular,2,245,216,29,189,56,27,0.7714285714285715,0.875,1.1342592592592593,0.8199566160520608
2,13,regular,3,993,1000,7,991,2,9,0.9979859013091642,0.991,0.993,0.9944806823883593
2,13,semiregular,3,824,815,9,770,54,45,0.9344660194174758,0.9447852760736196,1.011042944785276,0.9395973154362416
2,13,irregular,3,224,216,8,186,38,30,0.8303571428571429,0.8611111111111112,1.037037037037037,0.8454545454545456
2,14,regular,1,1012,1052,40,1009,3,43,0.9970355731225297,0.9591254752851711,0.9619771863117871,0.9777131782945736
2,14,semiregular,1,836,913,77,787,49,126,0.9413875598086124,0.8619934282584885,0.9156626506024096,0.8999428244711264
2,14,irregular,1,216,217,1,163,53,54,0.7546296296296297,0.7511520737327189,0.9953917050691244,0.7528868360277137
2,14,regular,2,1003,1052,49,996,7,56,0.9930209371884346,0.9467680608365019,0.9534220532319392,0.9693430656934306
2,14,semiregular,2,916,913,3,864,52,49,0.9432314410480349,0.9463307776560789,1.0032858707557504,0.9447785675232369
2,14,irregular,2,225,217,8,179,46,38,0.7955555555555556,0.8248847926267281,1.0368663594470047,0.8099547511312216
2,14,regular,3,1047,1052,5,1045,2,7,0.9980897803247374,0.9933460076045627,0.9952471482889734,0.9957122439256788
2,14,semiregular,3,899,913,14,842,57,71,0.9365962180200222,0.9222343921139102,0.9846659364731654,0.9293598233995586
2,14,irregular,3,206,217,11,177,29,40,0.8592233009708737,0.815668202764977,0.9493087557603687,0.8368794326241136
2,15,regular,1,959,964,5,951,8,13,0.9916579770594369,0.9865145228215768,0.9948132780082988,0.9890795631825273
2,15,semiregular,1,756,774,18,705,51,69,0.9325396825396826,0.9108527131782945,0.9767441860465116,0.9215686274509803
2,15,irregular,1,211,218,7,163,48,55,0.7725118483412322,0.7477064220183486,0.9678899082568807,0.7599067599067598
2,15,regular,2,944,964,20,935,9,29,0.9904661016949152,0.9699170124481328,0.979253112033195,0.9800838574423479
2,15,semiregular,2,782,774,8,725,57,49,0.9271099744245525,0.9366925064599483,1.0103359173126616,0.9318766066838046
2,15,irregular,2,213,218,5,182,31,36,0.8544600938967136,0.8348623853211009,0.9770642201834863,0.8445475638051044
2,15,regular,3,959,964,5,957,2,7,0.9979144942648592,0.9927385892116183,0.9948132780082988,0.9953198127925117
2,15,semiregular,3,757,774,17,708,49,66,0.9352708058124174,0.9147286821705426,0.9780361757105943,0.9248856956237753
2,15,irregular,3,219,218,1,189,30,29,0.863013698630137,0.8669724770642202,1.0045871559633028,0.8649885583524027
2,16,regular,1,1082,1109,27,1079,3,30,0.9972273567467652,0.9729486023444545,0.975653742110009,0.9849383842994067
2,16,semiregular,1,701,681,20,608,93,73,0.8673323823109843,0.8928046989720999,1.0293685756240822,0.8798842257597685
2,16,irregular,1,220,272,52,150,70,122,0.6818181818181818,0.5514705882352942,0.8088235294117647,0.6097560975609755
2,16,regular,2,1126,1109,17,1107,19,2,0.9831261101243339,0.9981965734896303,1.0153291253381425,0.9906040268456376
2,16,semiregular,2,677,681,4,609,68,72,0.8995568685376661,0.8942731277533039,0.9941262848751835,0.8969072164948454
2,16,irregular,2,264,272,8,215,49,57,0.8143939393939394,0.7904411764705882,0.9705882352941176,0.8022388059701493
2,16,regular,3,1099,1109,10,1097,2,12,0.9981801637852593,0.9891794409377818,0.9909828674481514,0.9936594202898551
2,16,semiregular,3,663,681,18,610,53,71,0.9200603318250377,0.895741556534508,0.973568281938326,0.9077380952380951
2,16,irregular,3,251,272,21,210,41,62,0.8366533864541833,0.7720588235294118,0.9227941176470589,0.8030592734225621
2,17,regular,1,1041,1029,12,1029,12,0,0.9884726224783862,1.0,1.0116618075801749,0.9942028985507246
2,17,semiregular,1,833,837,4,754,79,83,0.9051620648259304,0.9008363201911589,0.995221027479092,0.9029940119760479
2,17,irregular,1,254,240,14,170,84,70,0.6692913385826772,0.7083333333333334,1.0583333333333333,0.688259109311741
2,17,regular,2,1037,1029,8,1020,17,9,0.9836065573770492,0.9912536443148688,1.0077745383867833,0.9874152952565344
2,17,semiregular,2,859,837,22,796,63,41,0.9266589057043073,0.951015531660693,1.026284348864994,0.9386792452830189
2,17,irregular,2,258,240,18,187,71,53,0.7248062015503876,0.7791666666666667,1.075,0.7510040160642569
2,17,regular,3,1045,1029,16,1029,16,0,0.9846889952153111,1.0,1.0155490767735667,0.9922854387656702
2,17,semiregular,3,847,837,10,797,50,40,0.9409681227863046,0.9522102747909199,1.01194743130227,0.9465558194774346
2,17,irregular,3,236,240,4,191,45,49,0.809322033898305,0.7958333333333333,0.9833333333333333,0.8025210084033614
2,18,regular,1,1047,1044,3,1038,9,6,0.9914040114613181,0.9942528735632183,1.0028735632183907,0.9928263988522238
2,18,semiregular,1,806,801,5,740,66,61,0.9181141439205955,0.9238451935081149,1.0062421972534332,0.9209707529558183
2,18,irregular,1,252,252,0,183,69,69,0.7261904761904762,0.7261904761904762,1.0,0.7261904761904762
2,18,regular,2,1094,1044,50,1042,52,2,0.9524680073126143,0.9980842911877394,1.0478927203065134,0.9747427502338634
2,18,semiregular,2,813,801,12,764,49,37,0.939729397293973,0.9538077403245943,1.0149812734082397,0.9467162329615861
2,18,irregular,2,265,252,13,211,54,41,0.7962264150943397,0.8373015873015873,1.0515873015873016,0.8162475822050289
2,18,regular,3,1049,1044,5,1041,8,3,0.9923736892278361,0.9971264367816092,1.0047892720306513,0.9947443860487339
2,18,semiregular,3,818,801,17,769,49,32,0.9400977995110025,0.9600499375780275,1.021223470661673,0.9499691167387277
2,18,irregular,3,246,252,6,213,33,39,0.8658536585365854,0.8452380952380952,0.9761904761904762,0.8554216867469879
2,19,regular,1,1068,1076,8,1048,20,28,0.9812734082397003,0.9739776951672863,0.9925650557620818,0.9776119402985075
2,19,semiregular,1,748,753,5,689,59,64,0.9211229946524064,0.9150066401062417,0.9933598937583001,0.9180546302465024
2,19,irregular,1,291,245,46,191,100,54,0.6563573883161512,0.7795918367346939,1.1877551020408164,0.7126865671641792
2,19,regular,2,1122,1076,46,1073,49,3,0.9563279857397504,0.9972118959107806,1.0427509293680297,0.9763421292083713
2,19,semiregular,2,747,753,6,697,50,56,0.9330655957161981,0.9256308100929614,0.9920318725099602,0.9293333333333332
2,19,irregular,2,263,245,18,204,59,41,0.7756653992395437,0.8326530612244898,1.073469387755102,0.8031496062992125
2,19,regular,3,1070,1076,6,1066,4,10,0.9962616822429906,0.9907063197026023,0.9944237918215614,0.9934762348555453
2,19,semiregular,3,726,753,27,681,45,72,0.9380165289256198,0.9043824701195219,0.9641434262948207,0.920892494929006
2,19,irregular,3,231,245,14,194,37,51,0.8398268398268398,0.7918367346938775,0.9428571428571428,0.8151260504201681
2,20,regular,1,1185,1251,66,1175,10,76,0.9915611814345991,0.9392486011191047,0.947242206235012,0.964696223316913
2,20,semiregular,1,850,841,9,748,102,93,0.88,0.8894173602853745,1.0107015457788346,0.8846836191602602
2,20,irregular,1,279,252,27,179,100,73,0.6415770609318996,0.7103174603174603,1.1071428571428572,0.6741996233521658
2,20,regular,2,1281,1251,30,1240,41,11,0.9679937548790007,0.991207034372502,1.023980815347722,0.9794628751974723
2,20,semiregular,2,827,841,14,745,82,96,0.9008464328899637,0.8858501783590963,0.9833531510107015,0.893285371702638
2,20,irregular,2,246,252,6,204,42,48,0.8292682926829268,0.8095238095238095,0.9761904761904762,0.8192771084337348
2,20,regular,3,1220,1251,31,1215,5,36,0.9959016393442623,0.9712230215827338,0.9752198241406874,0.9834075273168759
2,20,semiregular,3,835,841,6,750,85,91,0.8982035928143712,0.89179548156956,0.9928656361474435,0.8949880668257756
2,20,irregular,3,245,252,7,204,41,48,0.8326530612244898,0.8095238095238095,0.9722222222222222,0.8209255533199196
2,21,regular,1,908,920,12,905,3,15,0.9966960352422908,0.9836956521739131,0.9869565217391304,0.9901531728665207
2,21,semiregular,1,562,549,13,466,96,83,0.8291814946619217,0.848816029143898,1.02367941712204,0.8388838883888389
2,21,irregular,1,221,204,17,170,51,34,0.7692307692307693,0.8333333333333334,1.0833333333333333,0.8
2,21,regular,2,951,920,31,920,31,0,0.9674027339642481,1.0,1.0336956521739131,0.9834313201496526
2,21,semiregular,2,587,549,38,503,84,46,0.8568994889267462,0.9162112932604736,1.0692167577413478,0.8855633802816901
2,21,irregular,2,218,204,14,171,47,33,0.7844036697247706,0.8382352941176471,1.0686274509803921,0.8104265402843602
2,21,regular,3,911,920,9,908,3,12,0.9967069154774972,0.9869565217391304,0.9902173913043478,0.991807755324959
2,21,semiregular,3,576,549,27,499,77,50,0.8663194444444444,0.9089253187613844,1.0491803278688525,0.8871111111111111
2,21,irregular,3,205,204,1,179,26,25,0.8731707317073171,0.8774509803921569,1.0049019607843137,0.8753056234718827
2,22,regular,1,993,946,47,942,51,4,0.9486404833836858,0.9957716701902748,1.0496828752642706,0.9716348633316142
2,22,semiregular,1,722,703,19,637,85,66,0.8822714681440443,0.9061166429587483,1.027027027027027,0.8940350877192982
2,22,irregular,1,220,247,27,162,58,85,0.7363636363636363,0.6558704453441295,0.8906882591093117,0.6937901498929336
2,22,regular,2,1004,946,58,946,58,0,0.9422310756972112,1.0,1.0613107822410148,0.9702564102564103
2,22,semiregular,2,717,703,14,655,62,48,0.9135285913528591,0.9317211948790897,1.0199146514935988,0.9225352112676057
2,22,irregular,2,229,247,18,182,47,65,0.7947598253275109,0.7368421052631579,0.9271255060728745,0.7647058823529411
2,22,regular,3,941,946,5,936,5,10,0.9946865037194474,0.9894291754756871,0.9947145877378436,0.9920508744038157
2,22,semiregular,3,695,703,8,637,58,66,0.9165467625899281,0.9061166429587483,0.9886201991465149,0.911301859799714
2,22,irregular,3,243,247,4,196,47,51,0.8065843621399177,0.7935222672064778,0.9838056680161943,0.8
2,23,regular,1,988,999,11,979,9,20,0.9908906882591093,0.97997997997998,0.988988988988989,0.9854051333668847
2,23,semiregular,1,965,835,130,800,165,35,0.8290155440414507,0.9580838323353293,1.155688622754491,0.8888888888888888
2,23,irregular,1,291,266,25,184,107,82,0.6323024054982818,0.6917293233082706,1.093984962406015,0.6606822262118491
2,23,regular,2,973,999,26,960,13,39,0.986639260020555,0.960960960960961,0.973973973973974,0.9736308316430021
2,23,semiregular,2,857,835,22,771,86,64,0.8996499416569428,0.9233532934131736,1.0263473053892216,0.9113475177304964
2,23,irregular,2,249,266,17,187,62,79,0.751004016064257,0.7030075187969925,0.9360902255639098,0.7262135922330099
2,23,regular,3,1004,999,5,994,10,5,0.9900398406374502,0.994994994994995,1.005005005005005,0.9925112331502746
2,23,semiregular,3,860,835,25,776,84,59,0.9023255813953488,0.9293413173652695,1.029940119760479,0.9156342182890856
2,23,irregular,3,259,266,7,201,58,65,0.7760617760617761,0.7556390977443609,0.9736842105263158,0.7657142857142857
2,24,regular,1,1066,1079,13,1056,10,23,0.9906191369606003,0.9786839666357738,0.9879518072289156,0.9846153846153846
2,24,semiregular,1,646,680,34,586,60,94,0.9071207430340558,0.861764705882353,0.95,0.8838612368024134
2,24,irregular,1,183,247,64,145,38,102,0.7923497267759563,0.5870445344129555,0.7408906882591093,0.6744186046511628
2,24,regular,2,1037,1079,42,1021,16,58,0.9845708775313404,0.9462465245597775,0.9610750695088045,0.9650283553875236
2,24,semiregular,2,683,680,3,642,41,38,0.9399707174231332,0.9441176470588235,1.0044117647058823,0.9420396184886279
2,24,irregular,2,232,247,15,203,29,44,0.875,0.8218623481781376,0.9392712550607287,0.8475991649269311
2,24,regular,3,1072,1079,7,1068,4,11,0.996268656716418,0.989805375347544,0.9935125115848007,0.9930264993026499
2,24,semiregular,3,691,680,11,654,37,26,0.9464544138929089,0.961764705882353,1.0161764705882352,0.9540481400437637
2,24,irregular,3,239,247,8,212,27,35,0.8870292887029289,0.8582995951417004,0.9676113360323887,0.8724279835390947
2,25,regular,1,911,946,35,906,5,40,0.9945115257958288,0.9577167019027484,0.9630021141649049,0.975767366720517
2,25,semiregular,1,674,718,44,611,63,107,0.9065281899109793,0.850974930362117,0.9387186629526463,0.8778735632183909
2,25,irregular,1,231,207,24,149,82,58,0.645021645021645,0.7198067632850241,1.1159420289855073,0.6803652968036531
2,25,regular,2,912,946,34,905,7,41,0.9923245614035088,0.9566596194503171,0.9640591966173362,0.9741657696447792
2,25,semiregular,2,715,718,3,645,70,73,0.9020979020979021,0.8983286908077994,0.9958217270194986,0.9002093510118633
2,25,irregular,2,200,207,7,138,62,69,0.69,0.6666666666666666,0.966183574879227,0.6781326781326782
2,25,regular,3,949,946,3,942,7,4,0.9926238145416227,0.9957716701902748,1.0031712473572938,0.9941952506596307
2,25,semiregular,3,701,718,17,643,58,75,0.9172610556348074,0.8955431754874652,0.9763231197771588,0.9062720225510923
2,25,irregular,3,203,207,4,151,52,56,0.7438423645320197,0.7294685990338164,0.9806763285024155,0.7365853658536585
2,26,regular,1,1005,985,20,978,27,7,0.9731343283582089,0.9928934010152284,1.0203045685279188,0.9829145728643216
2,26,semiregular,1,770,720,50,676,94,44,0.8779220779220779,0.9388888888888889,1.0694444444444444,0.9073825503355706
2,26,irregular,1,273,214,59,180,93,34,0.6593406593406593,0.8411214953271028,1.2757009345794392,0.7392197125256673
2,26,regular,2,975,985,10,964,11,21,0.9887179487179487,0.9786802030456853,0.9898477157360406,0.9836734693877551
2,26,semiregular,2,759,720,39,676,83,44,0.8906455862977603,0.9388888888888889,1.0541666666666667,0.9141311697092631
2,26,irregular,2,237,214,23,161,76,53,0.679324894514768,0.7523364485981309,1.1074766355140186,0.713968957871397
2,26,regular,3,1006,985,21,982,24,3,0.9761431411530815,0.9969543147208122,1.0213197969543146,0.9864389753892516
2,26,semiregular,3,745,720,25,672,73,48,0.9020134228187919,0.9333333333333333,1.0347222222222223,0.9174061433447098
2,26,irregular,3,247,214,33,181,66,33,0.7327935222672065,0.8457943925233645,1.1542056074766356,0.7852494577006508
2,27,regular,1,1120,1166,46,1116,4,50,0.9964285714285714,0.9571183533447685,0.9605488850771869,0.9763779527559056
2,27,semiregular,1,693,728,35,613,80,115,0.8845598845598845,0.842032967032967,0.9519230769230769,0.8627726952850107
2,27,irregular,1,248,270,22,182,66,88,0.7338709677419355,0.674074074074074,0.9185185185185185,0.7027027027027026
2,27,regular,2,1116,1166,50,1102,14,64,0.9874551971326165,0.9451114922813036,0.9571183533447685,0.9658194566170026
2,27,semiregular,2,725,728,3,671,54,57,0.9255172413793104,0.9217032967032966,0.9958791208791209,0.9236063317274604
2,27,irregular,2,256,270,14,217,39,53,0.84765625,0.8037037037037037,0.9481481481481482,0.8250950570342205
2,27,regular,3,1163,1166,3,1162,1,4,0.999140154772141,0.9965694682675815,0.9974271012006861,0.9978531558608845
2,27,semiregular,3,719,728,9,661,58,67,0.9193324061196105,0.907967032967033,0.9876373626373627,0.9136143745680718
2,27,irregular,3,260,270,10,219,41,51,0.8423076923076923,0.8111111111111111,0.9629629629629629,0.8264150943396228
2,28,regular,1,1080,1098,18,1070,10,28,0.9907407407407407,0.9744990892531876,0.9836065573770492,0.9825528007346189
2,28,semiregular,1,881,859,22,801,80,58,0.9091940976163451,0.9324796274738067,1.0256111757857975,0.9206896551724139
2,28,irregular,1,333,293,40,191,142,102,0.5735735735735735,0.6518771331058021,1.136518771331058,0.6102236421725239
2,28,regular,2,1064,1098,34,1047,17,51,0.9840225563909775,0.953551912568306,0.9690346083788707,0.9685476410730804
2,28,semiregular,2,842,859,17,779,63,80,0.9251781472684085,0.9068684516880093,0.980209545983702,0.9159318048206937
2,28,irregular,2,278,293,15,209,69,84,0.7517985611510791,0.7133105802047781,0.9488054607508533,0.7320490367775832
2,28,regular,3,1104,1098,6,1095,9,3,0.9918478260869565,0.9972677595628415,1.005464480874317,0.9945504087193461
2,28,semiregular,3,861,859,2,814,47,45,0.9454123112659698,0.9476135040745053,1.0023282887077998,0.9465116279069767
2,28,irregular,3,278,293,15,205,73,88,0.737410071942446,0.6996587030716723,0.9488054607508533,0.7180385288966725
2,29,regular,1,1113,1140,27,1110,3,30,0.9973045822102425,0.9736842105263158,0.9763157894736842,0.9853528628495339
2,29,semiregular,1,899,869,30,787,112,82,0.8754171301446051,0.905638665132336,1.0345224395857306,0.8902714932126697
2,29,irregular,1,256,247,9,177,79,70,0.69140625,0.7165991902834008,1.0364372469635628,0.7037773359840954
2,29,regular,2,1091,1140,49,1083,8,57,0.9926672777268561,0.95,0.9570175438596491,0.9708650829224563
2,29,semiregular,2,943,869,74,826,117,43,0.8759278897136797,0.950517836593786,1.0851553509781358,0.911699779249448
2,29,irregular,2,257,247,10,202,55,45,0.7859922178988327,0.8178137651821862,1.040485829959514,0.8015873015873016
2,29,regular,3,1128,1140,12,1124,4,16,0.9964539007092199,0.9859649122807017,0.9894736842105263,0.9911816578483246
2,29,semiregular,3,872,869,3,790,82,79,0.9059633027522935,0.9090909090909091,1.0034522439585731,0.9075244112578977
2,29,irregular,3,248,247,1,208,40,39,0.8387096774193549,0.8421052631578947,1.0040485829959513,0.8404040404040404
2,30,regular,1,974,997,23,969,5,28,0.9948665297741273,0.9719157472417251,0.9769307923771314,0.9832572298325722
2,30,semiregular,1,797,810,13,732,65,78,0.918444165621079,0.9037037037037037,0.9839506172839506,0.911014312383323
2,30,irregular,1,241,250,9,165,76,85,0.6846473029045643,0.66,0.964,0.6720977596741344
2,30,regular,2,976,997,21,971,5,26,0.9948770491803278,0.9739217652958877,0.9789368104312939,0.9842878864673087
2,30,semiregular,2,827,810,17,764,63,46,0.9238210399032648,0.9432098765432099,1.0209876543209877,0.93341478313989
2,30,irregular,2,233,250,17,188,45,62,0.8068669527896996,0.752,0.932,0.7784679089026915
2,30,regular,3,995,997,2,994,1,3,0.9989949748743718,0.9969909729187563,0.9979939819458375,0.9979919678714859
2,30,semiregular,3,812,810,2,758,54,52,0.9334975369458128,0.9358024691358025,1.002469135802469,0.9346485819975339
2,30,irregular,3,244,250,6,196,48,54,0.8032786885245902,0.784,0.976,0.7935222672064778
3,1,regular,1,931,937,6,921,10,16,0.9892588614393125,0.9829242262540021,0.9935965848452508,0.9860813704496787
3,1,semiregular,1,734,703,31,627,107,76,0.8542234332425068,0.8918918918918919,1.0440967283072546,0.872651356993737
3,1,irregular,1,232,199,33,163,69,36,0.7025862068965517,0.8190954773869347,1.1658291457286432,0.7563805104408353
3,1,regular,2,964,937,27,910,54,27,0.9439834024896265,0.9711846318036286,1.0288153681963714,0.9573908469226723
3,1,semiregular,2,743,703,40,639,104,64,0.8600269179004038,0.9089615931721194,1.0568990042674253,0.8838174273858921
3,1,irregular,2,207,199,8,170,37,29,0.821256038647343,0.8542713567839196,1.0402010050251256,0.8374384236453203
3,1,regular,3,934,937,3,929,5,8,0.9946466809421841,0.991462113127001,0.9967982924226254,0.9930518439337253
3,1,semiregular,3,736,703,33,635,101,68,0.8627717391304348,0.903271692745377,1.0469416785206258,0.8825573314801946
3,1,irregular,3,197,199,2,159,38,40,0.8071065989847716,0.7989949748743719,0.9899497487437185,0.803030303030303
3,2,regular,1,1194,1224,30,1186,8,38,0.9932998324958124,0.9689542483660131,0.9754901960784313,0.9809760132340778
3,2,semiregular,1,575,647,72,545,30,102,0.9478260869565217,0.8423493044822257,0.8887171561051005,0.8919803600654665
3,2,irregular,1,249,217,32,160,89,57,0.642570281124498,0.7373271889400922,1.1474654377880185,0.6866952789699572
3,2,regular,2,1165,1224,59,1155,10,69,0.9914163090128756,0.9436274509803921,0.951797385620915,0.9669317706153202
3,2,semiregular,2,619,647,28,594,25,53,0.9596122778675282,0.9180834621329211,0.9567233384853169,0.9383886255924169
3,2,irregular,2,237,217,20,186,51,31,0.7848101265822784,0.8571428571428571,1.0921658986175116,0.8193832599118943
3,2,regular,3,1228,1224,4,1215,13,9,0.989413680781759,0.9926470588235294,1.0032679738562091,0.9910277324632953
3,2,semiregular,3,652,647,5,614,38,33,0.941717791411043,0.9489953632148377,1.007727975270479,0.945342571208622
3,2,irregular,3,228,217,11,186,42,31,0.8157894736842105,0.8571428571428571,1.0506912442396312,0.8359550561797752
3,3,regular,1,1053,1053,0,1043,10,10,0.9905033238366572,0.9905033238366572,1.0,0.9905033238366572
3,3,semiregular,1,693,716,23,626,67,90,0.9033189033189033,0.8743016759776536,0.9678770949720671,0.8885734563520227
3,3,irregular,1,278,224,54,175,103,49,0.6294964028776978,0.78125,1.2410714285714286,0.697211155378486
3,3,regular,2,994,1053,59,985,9,68,0.9909456740442656,0.9354226020892688,0.9439696106362773,0.9623839765510503
3,3,semiregular,2,725,716,9,664,61,52,0.9158620689655173,0.9273743016759777,1.0125698324022345,0.9215822345593339
3,3,irregular,2,230,224,6,185,45,39,0.8043478260869565,0.8258928571428571,1.0267857142857142,0.8149779735682818
3,3,regular,3,1053,1053,0,1046,7,7,0.99335232668566,0.99335232668566,1.0,0.99335232668566
3,3,semiregular,3,730,716,14,672,58,44,0.9205479452054794,0.9385474860335196,1.0195530726256983,0.929460580912863
3,3,irregular,3,222,224,2,176,46,48,0.7927927927927928,0.7857142857142857,0.9910714285714286,0.789237668161435
3,4,regular,1,1119,1101,18,1095,24,6,0.9785522788203753,0.9945504087193461,1.0163487738419619,0.9864864864864865
3,4,semiregular,1,612,614,2,514,98,100,0.8398692810457516,0.8371335504885994,0.996742671009772,0.8384991843393149
3,4,irregular,1,286,228,58,180,106,48,0.6293706293706294,0.7894736842105263,1.2543859649122806,0.7003891050583657
3,4,regular,2,1059,1101,42,1054,5,47,0.9952785646836638,0.9573115349682108,0.9618528610354223,0.975925925925926
3,4,semiregular,2,616,614,2,552,64,62,0.8961038961038961,0.8990228013029316,1.003257328990228,0.8975609756097561
3,4,irregular,2,242,228,14,192,50,36,0.7933884297520661,0.8421052631578947,1.0614035087719298,0.8170212765957447
3,4,regular,3,1109,1101,8,1098,11,3,0.9900811541929666,0.997275204359673,1.0072661217075387,0.9936651583710406
3,4,semiregular,3,595,614,19,545,50,69,0.9159663865546218,0.8876221498371335,0.9690553745928339,0.901571546732837
3,4,irregular,3,227,228,1,181,46,47,0.7973568281938326,0.793859649122807,0.9956140350877193,0.7956043956043956
3,5,regular,1,1045,1044,1,1039,6,5,0.9942583732057416,0.9952107279693486,1.0009578544061302,0.9947343226424126
3,5,semiregular,1,730,668,62,632,98,36,0.8657534246575342,0.9461077844311377,1.092814371257485,0.9041487839771101
3,5,irregular,1,288,217,71,184,104,33,0.6388888888888888,0.847926267281106,1.327188940092166,0.7287128712871288
3,5,regular,2,1008,1044,36,1003,5,41,0.9950396825396826,0.960727969348659,0.9655172413793104,0.9775828460038987
3,5,semiregular,2,713,668,45,623,90,45,0.8737727910238429,0.9326347305389222,1.0673652694610778,0.9022447501810282
3,5,irregular,2,225,217,8,184,41,33,0.8177777777777778,0.847926267281106,1.0368663594470047,0.832579185520362
3,5,regular,3,1036,1044,8,1034,2,10,0.9980694980694981,0.9904214559386973,0.9923371647509579,0.9942307692307693
3,5,semiregular,3,687,668,19,615,72,53,0.8951965065502183,0.9206586826347305,1.028443113772455,0.9077490774907748
3,5,irregular,3,223,217,6,180,43,37,0.8071748878923767,0.8294930875576036,1.0276497695852536,0.8181818181818181
3,6,regular,1,907,915,8,891,16,24,0.9823594266813671,0.9737704918032787,0.9912568306010929,0.978046103183315
3,6,semiregular,1,705,701,4,652,53,49,0.924822695035461,0.9300998573466477,1.005706134094151,0.9274537695590327
3,6,irregular,1,237,195,42,130,107,65,0.5485232067510548,0.6666666666666666,1.2153846153846153,0.6018518518518519
3,6,regular,2,916,915,1,881,35,34,0.9617903930131004,0.9628415300546448,1.0010928961748633,0.9623156744948117
3,6,semiregular,2,723,701,22,665,58,36,0.9197786998616874,0.948644793152639,1.0313837375178316,0.9339887640449438
3,6,irregular,2,202,195,7,131,71,64,0.6485148514851485,0.6717948717948717,1.035897435897436,0.6599496221662469
3,6,regular,3,911,915,4,906,5,9,0.9945115257958288,0.9901639344262295,0.9956284153005465,0.9923329682365826
3,6,semiregular,3,707,701,6,660,47,41,0.9335219236209336,0.9415121255349501,1.0085592011412268,0.9375
3,6,irregular,3,216,195,21,171,45,24,0.7916666666666666,0.8769230769230769,1.1076923076923078,0.832116788321168
3,7,regular,1,1199,1230,31,1187,12,43,0.9899916597164303,0.9650406504065041,0.9747967479674797,0.9773569370111156
3,7,semiregular,1,794,761,33,692,102,69,0.871536523929471,0.9093298291721419,1.0433639947437583,0.8900321543408359
3,7,irregular,1,226,225,1,160,66,65,0.7079646017699115,0.7111111111111111,1.0044444444444445,0.7095343680709535
3,7,regular,2,1211,1230,19,1194,17,36,0.985962014863749,0.9707317073170731,0.9845528455284552,0.9782875870544858
3,7,semiregular,2,726,761,35,657,69,104,0.9049586776859504,0.8633377135348226,0.9540078843626807,0.8836583725622058
3,7,irregular,2,227,225,2,184,43,41,0.8105726872246696,0.8177777777777778,1.008888888888889,0.8141592920353983
3,7,regular,3,1233,1230,3,1221,12,9,0.9902676399026764,0.9926829268292683,1.002439024390244,0.9914738124238732
3,7,semiregular,3,754,761,7,674,80,87,0.8938992042440318,0.885676741130092,0.9908015768725361,0.8897689768976897
3,7,irregular,3,222,225,3,180,42,45,0.8108108108108109,0.8,0.9866666666666667,0.8053691275167786
3,8,regular,1,1031,1035,4,1021,10,14,0.9903006789524733,0.9864734299516909,0.996135265700483,0.9883833494675702
3,8,semiregular,1,859,827,32,758,101,69,0.8824214202561118,0.9165659008464329,1.0386940749697702,0.8991696322657177
3,8,irregular,1,307,243,64,176,131,67,0.5732899022801303,0.7242798353909465,1.2633744855967077,0.64
3,8,regular,2,983,1035,52,974,9,61,0.9908443540183113,0.9410628019323671,0.9497584541062802,0.9653121902874132
3,8,semiregular,2,820,827,7,756,64,71,0.9219512195121952,0.9141475211608222,0.9915356711003628,0.9180327868852459
3,8,irregular,2,245,243,2,186,59,57,0.7591836734693878,0.7654320987654321,1.008230452674897,0.7622950819672131
3,8,regular,3,1035,1035,0,1029,6,6,0.9942028985507246,0.9942028985507246,1.0,0.9942028985507246
3,8,semiregular,3,852,827,25,780,72,47,0.9154929577464789,0.9431680773881499,1.030229746070133,0.9291244788564622
3,8,irregular,3,249,243,6,185,64,58,0.7429718875502008,0.7613168724279835,1.0246913580246915,0.7520325203252033
3,9,regular,1,1098,1107,9,1094,4,13,0.9963570127504554,0.988256549232159,0.991869918699187,0.9922902494331066
3,9,semiregular,1,660,701,41,617,43,84,0.9348484848484848,0.8801711840228246,0.9415121255349501,0.9066862601028656
3,9,irregular,1,288,266,22,207,81,59,0.71875,0.7781954887218046,1.0827067669172932,0.7472924187725631
3,9,regular,2,1044,1107,63,1035,9,72,0.9913793103448276,0.9349593495934959,0.943089430894309,0.9623430962343097
3,9,semiregular,2,643,701,58,614,29,87,0.9548989113530326,0.8758915834522111,0.9172610556348074,0.913690476190476
3,9,irregular,2,261,266,5,208,53,58,0.7969348659003831,0.7819548872180451,0.981203007518797,0.7893738140417457
3,9,regular,3,1101,1107,6,1098,3,9,0.997275204359673,0.991869918699187,0.994579945799458,0.9945652173913043
3,9,semiregular,3,701,701,0,664,37,37,0.9472182596291013,0.9472182596291013,1.0,0.9472182596291013
3,9,irregular,3,261,266,5,211,50,55,0.8084291187739464,0.793233082706767,0.981203007518797,0.8007590132827325
3,10,regular,1,995,1014,19,984,11,30,0.9889447236180905,0.9704142011834319,0.9812623274161736,0.9795918367346939
3,10,semiregular,1,670,656,14,613,57,43,0.9149253731343283,0.9344512195121951,1.021341463414634,0.9245852187028658
3,10,irregular,1,278,247,31,208,70,39,0.7482014388489209,0.8421052631578947,1.125506072874494,0.7923809523809524
3,10,regular,2,998,1014,16,987,11,27,0.9889779559118237,0.9733727810650887,0.9842209072978304,0.9811133200795229
3,10,semiregular,2,694,656,38,627,67,29,0.9034582132564841,0.9557926829268293,1.0579268292682926,0.9288888888888889
3,10,irregular,2,254,247,7,211,43,36,0.8307086614173228,0.854251012145749,1.0283400809716599,0.8423153692614771
3,10,regular,3,1023,1014,9,1011,12,3,0.9882697947214076,0.9970414201183432,1.0088757396449703,0.9926362297496318
3,10,semiregular,3,661,656,5,607,54,49,0.9183055975794251,0.9253048780487805,1.0076219512195121,0.9217919514047076
3,10,irregular,3,242,247,5,202,40,45,0.8347107438016529,0.8178137651821862,0.979757085020243,0.8261758691206543
3,11,regular,1,1080,1070,10,1064,16,6,0.9851851851851852,0.994392523364486,1.0093457943925233,0.9897674418604652
3,11,semiregular,1,747,700,47,650,97,50,0.8701472556894244,0.9285714285714286,1.0671428571428572,0.8984105044920526
3,11,irregular,1,268,239,29,183,85,56,0.6828358208955224,0.7656903765690377,1.1213389121338913,0.7218934911242605
3,11,regular,2,1062,1070,8,1054,8,16,0.992467043314501,0.9850467289719627,0.9925233644859813,0.9887429643527205
3,11,semiregular,2,711,700,11,645,66,55,0.9071729957805907,0.9214285714285714,1.0157142857142858,0.9142452161587525
3,11,irregular,2,229,239,10,190,39,49,0.8296943231441049,0.7949790794979079,0.9581589958158996,0.8119658119658121
3,11,regular,3,1064,1070,6,1061,3,9,0.9971804511278195,0.991588785046729,0.994392523364486,0.9943767572633553
3,11,semiregular,3,695,700,5,634,61,66,0.9122302158273381,0.9057142857142857,0.9928571428571429,0.9089605734767026
3,11,irregular,3,226,239,13,180,46,59,0.7964601769911505,0.7531380753138075,0.9456066945606695,0.7741935483870968
3,12,regular,1,1010,1007,3,1004,6,3,0.994059405940594,0.997020854021847,1.002979145978153,0.9955379276152702
3,12,semiregular,1,719,641,78,608,111,33,0.8456189151599444,0.9485179407176287,1.1216848673946958,0.8941176470588235
3,12,irregular,1,303,204,99,194,109,10,0.6402640264026402,0.9509803921568627,1.4852941176470589,0.7652859960552267
3,12,regular,2,1002,1007,5,992,10,15,0.9900199600798403,0.9851042701092354,0.9950347567030785,0.9875559980089597
3,12,semiregular,2,679,641,38,586,93,55,0.8630338733431517,0.9141965678627145,1.0592823712948518,0.8878787878787878
3,12,irregular,2,252,204,48,182,70,22,0.7222222222222222,0.8921568627450981,1.2352941176470589,0.7982456140350878
3,12,regular,3,1016,1007,9,1006,10,1,0.9901574803149606,0.9990069513406157,1.008937437934459,0.9945625308947109
3,12,semiregular,3,632,641,9,563,69,78,0.8908227848101266,0.8783151326053042,0.9859594383775351,0.8845247446975648
3,12,irregular,3,227,204,23,175,52,29,0.7709251101321586,0.8578431372549019,1.1127450980392157,0.8120649651972157
3,13,regular,1,972,1000,28,969,3,31,0.9969135802469136,0.969,0.972,0.982758620689655
3,13,semiregular,1,883,815,68,794,89,21,0.89920724801812,0.9742331288343559,1.0834355828220859,0.9352179034157833
3,13,irregular,1,353,216,137,200,153,16,0.56657223796034,0.9259259259259259,1.6342592592592593,0.70298769771529
3,13,regular,2,958,1000,42,952,6,48,0.9937369519832986,0.952,0.958,0.9724208375893769
3,13,semiregular,2,838,815,23,776,62,39,0.9260143198090692,0.9521472392638037,1.0282208588957056,0.9388989715668482
3,13,irregular,2,249,216,33,180,69,36,0.7228915662650602,0.8333333333333334,1.1527777777777777,0.7741935483870969
3,13,regular,3,1021,1000,21,997,24,3,0.9764936336924583,0.997,1.021,0.9866402770905491
3,13,semiregular,3,823,815,8,771,52,44,0.93681652490887,0.9460122699386503,1.0098159509202453,0.9413919413919415
3,13,irregular,3,232,216,16,190,42,26,0.8189655172413793,0.8796296296296297,1.0740740740740742,0.8482142857142858
3,14,regular,1,1004,1052,48,1004,0,48,1.0,0.9543726235741445,0.9543726235741445,0.9766536964980546
3,14,semiregular,1,847,913,66,791,56,122,0.9338842975206612,0.8663745892661555,0.927710843373494,0.8988636363636363
3,14,irregular,1,268,217,51,180,88,37,0.6716417910447762,0.8294930875576036,1.2350230414746544,0.7422680412371134
3,14,regular,2,1012,1052,40,1004,8,48,0.9920948616600791,0.9543726235741445,0.9619771863117871,0.9728682170542636
3,14,semiregular,2,898,913,15,842,56,71,0.9376391982182628,0.9222343921139102,0.9835706462212487,0.9298729983434567
3,14,irregular,2,247,217,30,185,62,32,0.7489878542510121,0.8525345622119815,1.1382488479262673,0.7974137931034483
3,14,regular,3,1064,1052,12,1048,16,4,0.9849624060150376,0.9961977186311787,1.0114068441064639,0.9905482041587901
3,14,semiregular,3,875,913,38,825,50,88,0.9428571428571428,0.9036144578313253,0.9583789704271632,0.9228187919463088
3,14,irregular,3,208,217,9,170,38,47,0.8173076923076923,0.783410138248848,0.9585253456221198,0.7999999999999999
3,15,regular,1,971,964,7,961,10,3,0.9897013388259527,0.9968879668049793,1.0072614107883817,0.99328165374677
3,15,semiregular,1,822,774,48,736,86,38,0.8953771289537713,0.9509043927648578,1.062015503875969,0.9223057644110276
3,15,irregular,1,257,218,39,193,64,25,0.7509727626459144,0.8853211009174312,1.1788990825688073,0.8126315789473684
3,15,regular,2,892,964,72,883,9,81,0.9899103139013453,0.9159751037344398,0.9253112033195021,0.9515086206896552
3,15,semiregular,2,767,774,7,714,53,60,0.9308996088657105,0.9224806201550387,0.9909560723514211,0.926670992861778
3,15,irregular,2,205,218,13,171,34,47,0.8341463414634146,0.7844036697247706,0.9403669724770642,0.8085106382978723
3,15,regular,3,956,964,8,954,2,10,0.997907949790795,0.9896265560165975,0.991701244813278,0.99375
3,15,semiregular,3,756,774,18,707,49,67,0.9351851851851852,0.91343669250646,0.9767441860465116,0.9241830065359478
3,15,irregular,3,223,218,5,185,38,33,0.8295964125560538,0.8486238532110092,1.0229357798165137,0.839002267573696
3,16,regular,1,116,1109,993,116,0,993,1.0,0.10459873760144274,0.10459873760144274,0.1893877551020408
3,16,semiregular,1,568,681,113,501,67,180,0.8820422535211268,0.73568281938326,0.8340675477239354,0.8022417934347479
3,16,irregular,1,425,272,153,151,274,121,0.3552941176470588,0.5551470588235294,1.5625,0.4332855093256815
3,16,regular,2,1120,1109,11,1105,15,4,0.9866071428571429,0.9963931469792606,1.0099188458070334,0.9914759982054734
3,16,semiregular,2,680,681,1,608,72,73,0.8941176470588236,0.8928046989720999,0.9985315712187959,0.8934606906686261
3,16,irregular,2,282,272,10,214,68,58,0.7588652482269503,0.7867647058823529,1.036764705882353,0.7725631768953068
3,16,regular,3,1085,1109,24,1082,3,27,0.9972350230414746,0.975653742110009,0.9783588818755635,0.9863263445761166
3,16,semiregular,3,659,681,22,603,56,78,0.9150227617602428,0.8854625550660793,0.9676945668135095,0.8999999999999999
3,16,irregular,3,232,272,40,193,39,79,0.8318965517241379,0.7095588235294118,0.8529411764705882,0.7658730158730159
3,17,regular,1,545,1029,484,544,1,485,0.998165137614679,0.5286686103012633,0.5296404275996113,0.6912325285895806
3,17,semiregular,1,669,837,168,614,55,223,0.9177877428998505,0.7335722819593787,0.7992831541218638,0.8154050464807437
3,17,irregular,1,313,240,73,103,210,137,0.329073482428115,0.42916666666666664,1.3041666666666667,0.37251356238698013
3,17,regular,2,1024,1029,5,1007,17,22,0.9833984375,0.9786200194363459,0.9951409135082604,0.9810034096444228
3,17,semiregular,2,864,837,27,793,71,44,0.9178240740740741,0.9474313022700119,1.032258064516129,0.9323927101704879
3,17,irregular,2,314,240,74,196,118,44,0.6242038216560509,0.8166666666666667,1.3083333333333333,0.7075812274368231
3,17,regular,3,1068,1029,39,1029,39,0,0.9634831460674157,1.0,1.0379008746355685,0.9814020028612304
3,17,semiregular,3,855,837,18,792,63,45,0.9263157894736842,0.946236559139785,1.021505376344086,0.9361702127659575
3,17,irregular,3,254,240,14,193,61,47,0.7598425196850394,0.8041666666666667,1.0583333333333333,0.7813765182186235
3,18,regular,1,807,1044,237,807,0,237,1.0,0.7729885057471264,0.7729885057471264,0.8719611021069692
3,18,semiregular,1,638,801,163,595,43,206,0.932601880877743,0.7428214731585518,0.7965043695380774,0.8269631688672691
3,18,irregular,1,374,252,122,173,201,79,0.4625668449197861,0.6865079365079365,1.4841269841269842,0.5527156549520766
3,18,regular,2,1081,1044,37,1044,37,0,0.96577243293247,1.0,1.03544061302682,0.9825882352941177
3,18,semiregular,2,819,801,18,766,53,35,0.9352869352869353,0.9563046192259675,1.0224719101123596,0.9456790123456791
3,18,irregular,2,285,252,33,216,69,36,0.7578947368421053,0.8571428571428571,1.130952380952381,0.8044692737430167
3,18,regular,3,1064,1044,20,1043,21,1,0.9802631578947368,0.9990421455938697,1.0191570881226053,0.9895635673624289
3,18,semiregular,3,851,801,50,780,71,21,0.9165687426556992,0.9737827715355806,1.062421972534332,0.9443099273607749
3,18,irregular,3,273,252,21,220,53,32,0.8058608058608059,0.873015873015873,1.0833333333333333,0.8380952380952381
3,19,regular,1,1056,1076,20,1049,7,27,0.9933712121212122,0.974907063197026,0.9814126394052045,0.9840525328330206
3,19,semiregular,1,743,753,10,689,54,64,0.927321668909825,0.9150066401062417,0.9867197875166003,0.9211229946524064
3,19,irregular,1,336,245,91,209,127,36,0.6220238095238095,0.8530612244897959,1.3714285714285714,0.7194492254733219
3,19,regular,2,1036,1076,40,1029,7,47,0.9932432432432432,0.9563197026022305,0.9628252788104089,0.9744318181818182
3,19,semiregular,2,744,753,9,693,51,60,0.9314516129032258,0.9203187250996016,0.9880478087649402,0.9258517034068137
3,19,irregular,2,275,245,30,213,62,32,0.7745454545454545,0.8693877551020408,1.1224489795918366,0.8192307692307692
3,19,regular,3,1076,1076,0,1070,6,6,0.9944237918215614,0.9944237918215614,1.0,0.9944237918215614
3,19,semiregular,3,739,753,14,689,50,64,0.93234100135318,0.9150066401062417,0.9814077025232404,0.9235924932975871
3,19,irregular,3,240,245,5,194,46,51,0.8083333333333333,0.7918367346938775,0.9795918367346939,0.7999999999999999
3,20,regular,1,1208,1251,43,1205,3,46,0.9975165562913907,0.9632294164668266,0.9656274980015987,0.9800732004880033
3,20,semiregular,1,890,841,49,771,119,70,0.8662921348314607,0.9167657550535078,1.0582639714625446,0.8908145580589255
3,20,irregular,1,345,252,93,206,139,46,0.5971014492753624,0.8174603174603174,1.369047619047619,0.6901172529313233
3,20,regular,2,1226,1251,25,1214,12,37,0.9902120717781403,0.9704236610711431,0.9800159872102319,0.9802180056519985
3,20,semiregular,2,824,841,17,740,84,101,0.8980582524271845,0.8799048751486326,0.9797859690844233,0.8888888888888888
3,20,irregular,2,259,252,7,211,48,41,0.8146718146718147,0.8373015873015873,1.0277777777777777,0.8258317025440313
3,20,regular,3,1188,1251,63,1186,2,65,0.9983164983164983,0.9480415667466027,0.9496402877697842,0.9725297252972529
3,20,semiregular,3,834,841,7,754,80,87,0.9040767386091128,0.896551724137931,0.9916765755053508,0.9002985074626866
3,20,irregular,3,252,252,0,201,51,51,0.7976190476190477,0.7976190476190477,1.0,0.7976190476190477
3,21,regular,1,941,920,21,918,23,2,0.975557917109458,0.9978260869565218,1.0228260869565218,0.9865663621708759
3,21,semiregular,1,583,549,34,482,101,67,0.8267581475128645,0.8779599271402551,1.0619307832422586,0.8515901060070672
3,21,irregular,1,277,204,73,183,94,21,0.6606498194945848,0.8970588235294118,1.357843137254902,0.7609147609147608
3,21,regular,2,908,920,12,898,10,22,0.9889867841409692,0.9760869565217392,0.9869565217391304,0.9824945295404814
3,21,semiregular,2,582,549,33,498,84,51,0.8556701030927835,0.907103825136612,1.0601092896174864,0.8806366047745358
3,21,irregular,2,218,204,14,178,40,26,0.8165137614678899,0.8725490196078431,1.0686274509803921,0.8436018957345972
3,21,regular,3,917,920,3,914,3,6,0.9967284623773174,0.9934782608695653,0.9967391304347826,0.995100707675558
3,21,semiregular,3,576,549,27,494,82,55,0.8576388888888888,0.8998178506375227,1.0491803278688525,0.8782222222222221
3,21,irregular,3,213,204,9,180,33,24,0.8450704225352113,0.8823529411764706,1.0441176470588236,0.8633093525179857
3,22,regular,1,964,946,18,941,23,5,0.9761410788381742,0.9947145877378436,1.0190274841437632,0.9853403141361258
3,22,semiregular,1,724,703,21,646,78,57,0.8922651933701657,0.918918918918919,1.0298719772403984,0.905395935529082
3,22,irregular,1,273,247,26,191,82,56,0.6996336996336996,0.7732793522267206,1.105263157894737,0.7346153846153846
3,22,regular,2,935,946,11,908,27,38,0.9711229946524064,0.959830866807611,0.9883720930232558,0.9654439128123339
3,22,semiregular,2,709,703,6,643,66,60,0.9069111424541608,0.914651493598862,1.0085348506401137,0.9107648725212465
3,22,irregular,2,241,247,6,198,43,49,0.8215767634854771,0.8016194331983806,0.9757085020242915,0.8114754098360656
3,22,regular,3,939,946,7,936,3,10,0.9968051118210862,0.9894291754756871,0.992600422832981,0.993103448275862
3,22,semiregular,3,702,703,1,638,64,65,0.9088319088319088,0.9075391180654339,0.9985775248933144,0.9081850533807828
3,22,irregular,3,251,247,4,193,58,54,0.7689243027888446,0.7813765182186235,1.0161943319838056,0.7751004016064257
3,23,regular,1,945,999,54,936,9,63,0.9904761904761905,0.9369369369369369,0.9459459459459459,0.962962962962963
3,23,semiregular,1,895,835,60,791,104,44,0.8837988826815643,0.9473053892215569,1.0718562874251496,0.9144508670520232
3,23,irregular,1,263,266,3,175,88,91,0.6653992395437263,0.6578947368421053,0.9887218045112782,0.6616257088846882
3,23,regular,2,978,999,21,967,11,32,0.9887525562372188,0.9679679679679679,0.978978978978979,0.9782498735457764
3,23,semiregular,2,841,835,6,768,73,67,0.9131985731272295,0.9197604790419162,1.007185628742515,0.9164677804295943
3,23,irregular,2,257,266,9,202,55,64,0.7859922178988327,0.7593984962406015,0.9661654135338346,0.7724665391969407
3,23,regular,3,1013,999,14,997,16,2,0.9842053307008884,0.997997997997998,1.014014014014014,0.9910536779324056
3,23,semiregular,3,877,835,42,788,89,47,0.8985176738882554,0.9437125748502994,1.0502994011976048,0.9205607476635513
3,23,irregular,3,278,266,12,211,67,55,0.7589928057553957,0.793233082706767,1.0451127819548873,0.7757352941176471
3,24,regular,1,1091,1079,12,1076,15,3,0.9862511457378552,0.9972196478220574,1.0111214087117701,0.991705069124424
3,24,semiregular,1,658,680,22,604,54,76,0.9179331306990881,0.888235294117647,0.9676470588235294,0.9028400597907325
3,24,irregular,1,246,247,1,177,69,70,0.7195121951219512,0.7165991902834008,0.9959514170040485,0.7180527383367139
3,24,regular,2,1029,1079,50,1018,11,61,0.989310009718173,0.943466172381835,0.953660797034291,0.9658444022770398
3,24,semiregular,2,667,680,13,635,32,45,0.952023988005997,0.9338235294117647,0.9808823529411764,0.9428359317000743
3,24,irregular,2,244,247,3,211,33,36,0.8647540983606558,0.854251012145749,0.9878542510121457,0.8594704684317719
3,24,regular,3,1081,1079,2,1076,5,3,0.9953746530989824,0.9972196478220574,1.0018535681186285,0.9962962962962963
3,24,semiregular,3,680,680,0,646,34,34,0.95,0.95,1.0,0.9500000000000001
3,24,irregular,3,239,247,8,205,34,42,0.8577405857740585,0.8299595141700404,0.9676113360323887,0.8436213991769547
3,25,regular,1,961,946,15,944,17,2,0.9823100936524454,0.9978858350951374,1.0158562367864694,0.9900367068694285
3,25,semiregular,1,692,718,26,626,66,92,0.9046242774566474,0.871866295264624,0.9637883008356546,0.8879432624113475
3,25,irregular,1,285,207,78,171,114,36,0.6,0.8260869565217391,1.3768115942028984,0.6951219512195121
3,25,regular,2,900,946,46,893,7,53,0.9922222222222222,0.9439746300211417,0.9513742071881607,0.9674972914409534
3,25,semiregular,2,722,718,4,651,71,67,0.9016620498614959,0.9066852367688022,1.0055710306406684,0.9041666666666667
3,25,irregular,2,245,207,38,158,87,49,0.6448979591836734,0.7632850241545893,1.183574879227053,0.6991150442477876
3,25,regular,3,943,946,3,940,3,6,0.9968186638388123,0.9936575052854123,0.9968287526427061,0.9952355743779778
3,25,semiregular,3,699,718,19,634,65,84,0.9070100143061517,0.883008356545961,0.9735376044568245,0.89484827099506
3,25,irregular,3,222,207,15,145,77,62,0.6531531531531531,0.7004830917874396,1.0724637681159421,0.675990675990676
3,26,regular,1,1000,985,15,981,19,4,0.981,0.9959390862944163,1.015228426395939,0.9884130982367759
3,26,semiregular,1,775,720,55,681,94,39,0.8787096774193548,0.9458333333333333,1.0763888888888888,0.9110367892976587
3,26,irregular,1,349,214,135,188,161,26,0.5386819484240688,0.8785046728971962,1.6308411214953271,0.6678507992895204
3,26,regular,2,988,985,3,965,23,20,0.9767206477732794,0.9796954314720813,1.0030456852791878,0.9782057780030411
3,26,semiregular,2,738,720,18,671,67,49,0.9092140921409214,0.9319444444444445,1.025,0.9204389574759945
3,26,irregular,2,237,214,23,159,78,55,0.6708860759493671,0.7429906542056075,1.1074766355140186,0.70509977827051
3,26,regular,3,992,985,7,980,12,5,0.9879032258064516,0.9949238578680203,1.0071065989847716,0.9914011127971675
3,26,semiregular,3,728,720,8,667,61,53,0.9162087912087912,0.9263888888888889,1.011111111111111,0.9212707182320442
3,26,irregular,3,269,214,55,189,80,25,0.7026022304832714,0.883177570093458,1.2570093457943925,0.782608695652174
3,27,regular,1,1147,1166,19,1138,9,28,0.992153443766347,0.9759862778730704,0.983704974271012,0.9840034587116299
3,27,semiregular,1,684,728,44,611,73,117,0.8932748538011696,0.8392857142857143,0.9395604395604396,0.8654390934844193
3,27,irregular,1,289,270,19,209,80,61,0.7231833910034602,0.774074074074074,1.0703703703703704,0.7477638640429338
3,27,regular,2,1118,1166,48,1107,11,59,0.9901610017889088,0.9493996569468267,0.9588336192109777,0.9693520140105079
3,27,semiregular,2,748,728,20,679,69,49,0.9077540106951871,0.9326923076923077,1.0274725274725274,0.9200542005420054
3,27,irregular,2,288,270,18,234,54,36,0.8125,0.8666666666666667,1.0666666666666667,0.8387096774193549
3,27,regular,3,1182,1166,16,1164,18,2,0.9847715736040609,0.9982847341337907,1.0137221269296741,0.9914821124361158
3,27,semiregular,3,713,728,15,664,49,64,0.9312762973352033,0.9120879120879121,0.9793956043956044,0.9215822345593337
3,27,irregular,3,259,270,11,208,51,62,0.803088803088803,0.7703703703703704,0.9592592592592593,0.7863894139886578
3,28,regular,1,1095,1098,3,1087,8,11,0.9926940639269406,0.9899817850637522,0.9972677595628415,0.9913360693114455
3,28,semiregular,1,890,859,31,796,94,63,0.8943820224719101,0.9266589057043073,1.0360884749708963,0.9102344196683819
3,28,irregular,1,330,293,37,200,130,93,0.6060606060606061,0.6825938566552902,1.1262798634812288,0.6420545746388443
3,28,regular,2,1056,1098,42,1040,16,58,0.9848484848484849,0.9471766848816029,0.9617486338797814,0.9656453110492108
3,28,semiregular,2,858,859,1,798,60,61,0.9300699300699301,0.9289871944121071,0.9988358556461001,0.9295282469423414
3,28,irregular,2,320,293,27,217,103,76,0.678125,0.7406143344709898,1.0921501706484642,0.7079934747145187
3,28,regular,3,1104,1098,6,1095,9,3,0.9918478260869565,0.9972677595628415,1.005464480874317,0.9945504087193461
3,28,semiregular,3,858,859,1,809,49,50,0.9428904428904429,0.9417927823050058,0.9988358556461001,0.9423412929528245
3,28,irregular,3,289,293,4,209,80,84,0.7231833910034602,0.7133105802047781,0.9863481228668942,0.7182130584192439
3,29,regular,1,1145,1140,5,1138,7,2,0.993886462882096,0.9982456140350877,1.0043859649122806,0.9960612691466083
3,29,semiregular,1,930,869,61,810,120,59,0.8709677419354839,0.9321058688147296,1.0701956271576525,0.9005002779321846
3,29,irregular,1,298,247,51,203,95,44,0.6812080536912751,0.8218623481781376,1.2064777327935223,0.7449541284403669
3,29,regular,2,1092,1140,48,1085,7,55,0.9935897435897436,0.9517543859649122,0.9578947368421052,0.9722222222222223
3,29,semiregular,2,934,869,65,824,110,45,0.8822269807280514,0.9482163406214039,1.0747986191024166,0.9140321686078757
3,29,irregular,2,296,247,49,211,85,36,0.7128378378378378,0.854251012145749,1.1983805668016194,0.7771639042357275
3,29,regular,3,1130,1140,10,1126,4,14,0.9964601769911504,0.987719298245614,0.9912280701754386,0.9920704845814978
3,29,semiregular,3,881,869,12,789,92,80,0.8955732122587968,0.9079401611047181,1.0138089758342923,0.9017142857142857
3,29,irregular,3,257,247,10,204,53,43,0.7937743190661478,0.8259109311740891,1.040485829959514,0.8095238095238094
3,30,regular,1,993,997,4,988,5,9,0.9949647532729103,0.9909729187562688,0.995987963891675,0.9929648241206029
3,30,semiregular,1,836,810,26,760,76,50,0.9090909090909091,0.9382716049382716,1.0320987654320988,0.9234507897934386
3,30,irregular,1,326,250,76,191,135,59,0.5858895705521472,0.764,1.304,0.6631944444444444
3,30,regular,2,971,997,26,968,3,29,0.9969104016477858,0.970912738214644,0.9739217652958877,0.983739837398374
3,30,semiregular,2,803,810,7,749,54,61,0.9327521793275217,0.9246913580246914,0.991358024691358,0.9287042777433354
3,30,irregular,2,251,250,1,199,52,51,0.7928286852589641,0.796,1.004,0.7944111776447106
3,30,regular,3,1013,997,16,995,18,2,0.9822309970384995,0.9979939819458375,1.0160481444332998,0.9900497512437811
3,30,semiregular,3,817,810,7,764,53,46,0.9351285189718482,0.9432098765432099,1.008641975308642,0.9391518131530424
3,30,irregular,3,262,250,12,197,65,53,0.7519083969465649,0.788,1.048,0.76953125
4,1,regular,1,958,937,21,935,23,2,0.975991649269311,0.9978655282817502,1.0224119530416222,0.9868073878627969
4,1,semiregular,1,720,703,17,619,101,84,0.8597222222222223,0.8805120910384068,1.0241820768136558,0.8699929725931131
4,1,irregular,1,201,199,2,151,50,48,0.7512437810945274,0.7587939698492462,1.0100502512562815,0.755
4,1,regular,2,956,937,19,935,21,2,0.9780334728033473,0.9978655282817502,1.0202774813233724,0.9878499735868991
4,1,semiregular,2,696,703,7,571,125,132,0.8204022988505747,0.8122332859174964,0.9900426742532006,0.8162973552537526
4,1,irregular,2,188,199,11,162,26,37,0.8617021276595744,0.8140703517587939,0.9447236180904522,0.8372093023255813
4,1,regular,3,934,937,3,929,5,8,0.9946466809421841,0.991462113127001,0.9967982924226254,0.9930518439337253
4,1,semiregular,3,710,703,7,626,84,77,0.8816901408450705,0.8904694167852063,1.0099573257467995,0.8860580325548478
4,1,irregular,3,200,199,1,162,38,37,0.81,0.8140703517587939,1.0050251256281406,0.81203007518797
4,2,regular,1,1201,1224,23,1191,10,33,0.9916736053288926,0.9730392156862745,0.9812091503267973,0.9822680412371134
4,2,semiregular,1,577,647,70,540,37,107,0.9358752166377816,0.8346213292117465,0.8918083462132921,0.8823529411764706
4,2,irregular,1,203,217,14,130,73,87,0.6403940886699507,0.5990783410138248,0.9354838709677419,0.6190476190476191
4,2,regular,2,1183,1224,41,1167,16,57,0.9864750633981403,0.9534313725490197,0.9665032679738562,0.9696717906107188
4,2,semiregular,2,625,647,22,564,61,83,0.9024,0.8717156105100463,0.9659969088098919,0.8867924528301887
4,2,irregular,2,228,217,11,184,44,33,0.8070175438596491,0.847926267281106,1.0506912442396312,0.8269662921348314
4,2,regular,3,1226,1224,2,1216,10,8,0.9918433931484503,0.9934640522875817,1.0016339869281046,0.9926530612244898
4,2,semiregular,3,646,647,1,611,35,36,0.9458204334365325,0.9443585780525502,0.9984544049459042,0.9450889404485692
4,2,irregular,3,229,217,12,186,43,31,0.8122270742358079,0.8571428571428571,1.055299539170507,0.8340807174887892
4,3,regular,1,1060,1053,7,1048,12,5,0.9886792452830189,0.9952516619183286,1.00664767331434,0.9919545669663985
4,3,semiregular,1,678,716,38,617,61,99,0.9100294985250738,0.861731843575419,0.946927374301676,0.8852223816355811
4,3,irregular,1,217,224,7,156,61,68,0.7188940092165899,0.6964285714285714,0.96875,0.7074829931972789
4,3,regular,2,1000,1053,53,991,9,62,0.991,0.9411206077872745,0.949667616334283,0.9654164637116415
4,3,semiregular,2,694,716,22,600,94,116,0.8645533141210374,0.8379888268156425,0.9692737430167597,0.8510638297872339
4,3,irregular,2,256,224,32,184,72,40,0.71875,0.8214285714285714,1.1428571428571428,0.7666666666666666
4,3,regular,3,1041,1053,12,1039,2,14,0.9980787704130644,0.9867046533713201,0.9886039886039886,0.9923591212989494
4,3,semiregular,3,719,716,3,660,59,56,0.9179415855354659,0.9217877094972067,1.0041899441340782,0.9198606271777002
4,3,irregular,3,228,224,4,183,45,41,0.8026315789473685,0.8169642857142857,1.0178571428571428,0.8097345132743363
4,4,regular,1,1141,1101,40,1098,43,3,0.9623137598597721,0.997275204359673,1.036330608537693,0.9794826048171275
4,4,semiregular,1,622,614,8,520,102,94,0.8360128617363344,0.8469055374592834,1.013029315960912,0.8414239482200647
4,4,irregular,1,226,228,2,153,73,75,0.6769911504424779,0.6710526315789473,0.9912280701754386,0.6740088105726872
4,4,regular,2,1122,1101,21,1100,22,1,0.9803921568627451,0.9990917347865577,1.0190735694822888,0.9896536212325686
4,4,semiregular,2,617,614,3,504,113,110,0.8168557536466775,0.8208469055374593,1.004885993485342,0.8188464662875712
4,4,irregular,2,254,228,26,192,62,36,0.7559055118110236,0.8421052631578947,1.1140350877192982,0.7966804979253113
4,4,regular,3,1105,1101,4,1099,6,2,0.9945701357466064,0.9981834695731153,1.0036330608537694,0.9963735267452403
4,4,semiregular,3,600,614,14,545,55,69,0.9083333333333333,0.8876221498371335,0.9771986970684039,0.8978583196046128
4,4,irregular,3,232,228,4,183,49,45,0.7887931034482759,0.8026315789473685,1.0175438596491229,0.7956521739130435
4,5,regular,1,1063,1044,19,1044,19,0,0.9821260583254939,1.0,1.0181992337164751,0.9909824394874229
4,5,semiregular,1,709,668,41,617,92,51,0.8702397743300423,0.9236526946107785,1.061377245508982,0.896151053013798
4,5,irregular,1,217,217,0,161,56,56,0.7419354838709677,0.7419354838709677,1.0,0.7419354838709677
4,5,regular,2,1051,1044,7,1041,10,3,0.9904852521408183,0.9971264367816092,1.0067049808429118,0.9937947494033413
4,5,semiregular,2,716,668,48,558,158,110,0.7793296089385475,0.8353293413173652,1.0718562874251496,0.8063583815028902
4,5,irregular,2,247,217,30,175,72,42,0.708502024291498,0.8064516129032258,1.1382488479262673,0.7543103448275861
4,5,regular,3,1049,1044,5,1042,7,2,0.9933269780743565,0.9980842911877394,1.0047892720306513,0.9956999522216914
4,5,semiregular,3,698,668,30,625,73,43,0.8954154727793696,0.9356287425149701,1.0449101796407185,0.9150805270863837
4,5,irregular,3,232,217,15,184,48,33,0.7931034482758621,0.847926267281106,1.0691244239631337,0.8195991091314032
4,6,regular,1,940,915,25,909,31,6,0.9670212765957447,0.9934426229508196,1.0273224043715847,0.9800539083557951
4,6,semiregular,1,700,701,1,635,65,66,0.9071428571428571,0.905848787446505,0.9985734664764622,0.9064953604568166
4,6,irregular,1,188,195,7,109,79,86,0.5797872340425532,0.558974358974359,0.9641025641025641,0.5691906005221932
4,6,regular,2,941,915,26,913,28,2,0.9702444208289054,0.9978142076502732,1.028415300546448,0.9838362068965517
4,6,semiregular,2,656,701,45,571,85,130,0.8704268292682927,0.8145506419400856,0.9358059914407989,0.8415622697126013
4,6,irregular,2,223,195,28,131,92,64,0.5874439461883408,0.6717948717948717,1.1435897435897435,0.6267942583732057
4,6,regular,3,910,915,5,907,3,8,0.9967032967032967,0.9912568306010929,0.994535519125683,0.9939726027397261
4,6,semiregular,3,711,701,10,659,52,42,0.9268635724331927,0.9400855920114123,1.014265335235378,0.93342776203966
4,6,irregular,3,209,195,14,167,42,28,0.7990430622009569,0.8564102564102564,1.0717948717948718,0.8267326732673267
4,7,regular,1,1213,1230,17,1201,12,29,0.9901071723000825,0.9764227642276423,0.9861788617886179,0.9832173557101924
4,7,semiregular,1,751,761,10,617,134,144,0.8215712383488681,0.8107752956636005,0.9868593955321945,0.8161375661375662
4,7,irregular,1,188,225,37,112,76,113,0.5957446808510638,0.49777777777777776,0.8355555555555556,0.5423728813559322
4,7,regular,2,1248,1230,18,1221,27,9,0.9783653846153846,0.9926829268292683,1.0146341463414634,0.9854721549636803
4,7,semiregular,2,761,761,0,630,131,131,0.8278580814717477,0.8278580814717477,1.0,0.8278580814717477
4,7,irregular,2,242,225,17,182,60,43,0.7520661157024794,0.8088888888888889,1.0755555555555556,0.7794432548179872
4,7,regular,3,1236,1230,6,1223,13,7,0.9894822006472492,0.9943089430894309,1.0048780487804878,0.9918896999188971
4,7,semiregular,3,739,761,22,668,71,93,0.9039242219215156,0.8777923784494087,0.9710906701708278,0.8906666666666667
4,7,irregular,3,231,225,6,192,39,33,0.8311688311688312,0.8533333333333334,1.0266666666666666,0.8421052631578949
4,8,regular,1,1050,1035,15,1028,22,7,0.979047619047619,0.9932367149758454,1.0144927536231885,0.9860911270983213
4,8,semiregular,1,820,827,7,727,93,100,0.8865853658536585,0.879081015719468,0.9915356711003628,0.8828172434729812
4,8,irregular,1,223,243,20,146,77,97,0.6547085201793722,0.6008230452674898,0.9176954732510288,0.6266094420600858
4,8,regular,2,1022,1035,13,1014,8,21,0.9921722113502935,0.9797101449275363,0.9874396135265701,0.9859017987360233
4,8,semiregular,2,806,827,21,702,104,125,0.8709677419354839,0.848851269649335,0.9746070133010882,0.8597672994488671
4,8,irregular,2,236,243,7,183,53,60,0.7754237288135594,0.7530864197530864,0.9711934156378601,0.7640918580375783
4,8,regular,3,1040,1035,5,1029,11,6,0.989423076923077,0.9942028985507246,1.0048309178743962,0.9918072289156626
4,8,semiregular,3,841,827,14,774,67,53,0.920332936979786,0.9359129383313181,1.0169286577992744,0.9280575539568346
4,8,irregular,3,251,243,8,186,65,57,0.7410358565737052,0.7654320987654321,1.0329218106995885,0.7530364372469635
4,9,regular,1,1113,1107,6,1100,13,7,0.9883198562443846,0.993676603432701,1.005420054200542,0.9909909909909911
4,9,semiregular,1,604,701,97,567,37,134,0.9387417218543046,0.8088445078459344,0.8616262482168331,0.8689655172413794
4,9,irregular,1,220,266,46,155,65,111,0.7045454545454546,0.5827067669172933,0.8270676691729323,0.6378600823045268
4,9,regular,2,1105,1107,2,1095,10,12,0.9909502262443439,0.989159891598916,0.998193315266486,0.9900542495479205
4,9,semiregular,2,624,701,77,568,56,133,0.9102564102564102,0.8102710413694721,0.8901569186875892,0.8573584905660377
4,9,irregular,2,250,266,16,212,38,54,0.848,0.7969924812030075,0.9398496240601504,0.8217054263565892
4,9,regular,3,1094,1107,13,1092,2,15,0.9981718464351006,0.986449864498645,0.988256549232159,0.992276238073603
4,9,semiregular,3,698,701,3,663,35,38,0.9498567335243553,0.9457917261055635,0.9957203994293866,0.947819871336669
4,9,irregular,3,263,266,3,211,52,55,0.8022813688212928,0.793233082706767,0.9887218045112782,0.7977315689981097
4,10,regular,1,1034,1014,20,1007,27,7,0.9738878143133463,0.9930966469428008,1.0197238658777121,0.9833984374999999
4,10,semiregular,1,661,656,5,597,64,59,0.903177004538578,0.9100609756097561,1.0076219512195121,0.9066059225512528
4,10,irregular,1,234,247,13,187,47,60,0.7991452991452992,0.757085020242915,0.9473684210526315,0.7775467775467775
4,10,regular,2,1069,1014,55,1012,57,2,0.9466791393826005,0.9980276134122288,1.054240631163708,0.971675468074892
4,10,semiregular,2,698,656,42,601,97,55,0.8610315186246418,0.9161585365853658,1.0640243902439024,0.8877400295420974
4,10,irregular,2,236,247,11,201,35,46,0.8516949152542372,0.8137651821862348,0.9554655870445344,0.8322981366459627
4,10,regular,3,1014,1014,0,1006,8,8,0.9921104536489151,0.9921104536489151,1.0,0.9921104536489151
4,10,semiregular,3,667,656,11,620,47,36,0.9295352323838081,0.9451219512195121,1.016768292682927,0.9372637944066515
4,10,irregular,3,258,247,11,209,49,38,0.810077519379845,0.8461538461538461,1.0445344129554657,0.8277227722772278
4,11,regular,1,1100,1070,30,1068,32,2,0.9709090909090909,0.9981308411214953,1.02803738317757,0.9843317972350231
4,11,semiregular,1,730,700,30,629,101,71,0.8616438356164383,0.8985714285714286,1.042857142857143,0.8797202797202798
4,11,irregular,1,235,239,4,170,65,69,0.723404255319149,0.7112970711297071,0.9832635983263598,0.7172995780590717
4,11,regular,2,1080,1070,10,1066,14,4,0.987037037037037,0.9962616822429906,1.0093457943925233,0.9916279069767442
4,11,semiregular,2,707,700,7,583,124,117,0.8246110325318247,0.8328571428571429,1.01,0.8287135749822317
4,11,irregular,2,255,239,16,192,63,47,0.7529411764705882,0.803347280334728,1.0669456066945606,0.7773279352226721
4,11,regular,3,1071,1070,1,1067,4,3,0.996265172735761,0.997196261682243,1.0009345794392523,0.9967304997664642
4,11,semiregular,3,692,700,8,633,59,67,0.9147398843930635,0.9042857142857142,0.9885714285714285,0.9094827586206896
4,11,irregular,3,234,239,5,193,41,46,0.8247863247863247,0.8075313807531381,0.9790794979079498,0.8160676532769555
4,12,regular,1,1052,1007,45,1007,45,0,0.9572243346007605,1.0,1.044687189672294,0.9781447304516756
4,12,semiregular,1,716,641,75,595,121,46,0.8310055865921788,0.9282371294851794,1.1170046801872076,0.8769344141488578
4,12,irregular,1,255,204,51,181,74,23,0.7098039215686275,0.8872549019607843,1.25,0.7886710239651415
4,12,regular,2,1067,1007,60,1007,60,0,0.943767572633552,1.0,1.0595829195630586,0.9710703953712634
4,12,semiregular,2,650,641,9,532,118,109,0.8184615384615385,0.8299531981279251,1.0140405616224648,0.8241673121611155
4,12,irregular,2,256,204,52,179,77,25,0.69921875,0.8774509803921569,1.2549019607843137,0.7782608695652173
4,12,regular,3,1020,1007,13,1007,13,0,0.9872549019607844,1.0,1.012909632571996,0.9935865811544154
4,12,semiregular,3,641,641,0,571,70,70,0.890795631825273,0.890795631825273,1.0,0.890795631825273
4,12,irregular,3,230,204,26,173,57,31,0.7521739130434782,0.8480392156862745,1.1274509803921569,0.7972350230414746
4,13,regular,1,1012,1000,12,997,15,3,0.9851778656126482,0.997,1.012,0.9910536779324055
4,13,semiregular,1,893,815,78,794,99,21,0.8891377379619261,0.9742331288343559,1.0957055214723925,0.9297423887587821
4,13,irregular,1,320,216,104,189,131,27,0.590625,0.875,1.4814814814814814,0.7052238805970149
4,13,regular,2,1037,1000,37,1000,37,0,0.9643201542912246,1.0,1.037,0.9818360333824252
4,13,semiregular,2,711,815,104,629,82,186,0.8846694796061885,0.7717791411042945,0.8723926380368098,0.8243774574049804
4,13,irregular,2,257,216,41,187,70,29,0.7276264591439688,0.8657407407407407,1.1898148148148149,0.7906976744186047
4,13,regular,3,1005,1000,5,997,8,3,0.9920398009950249,0.997,1.005,0.9945137157107232
4,13,semiregular,3,808,815,7,756,52,59,0.9356435643564357,0.9276073619631902,0.9914110429447853,0.9316081330868762
4,13,irregular,3,231,216,15,186,45,30,0.8051948051948052,0.8611111111111112,1.0694444444444444,0.8322147651006712
4,14,regular,1,1049,1052,3,1047,2,5,0.998093422306959,0.9952471482889734,0.997148288973384,0.9966682532127558
4,14,semiregular,1,790,913,123,742,48,171,0.9392405063291139,0.8127053669222344,0.8652792990142387,0.8714034057545509
4,14,irregular,1,216,217,1,155,61,62,0.7175925925925926,0.7142857142857143,0.9953917050691244,0.7159353348729791
4,14,regular,2,1036,1052,16,1030,6,22,0.9942084942084942,0.9790874524714829,0.9847908745247148,0.9865900383141762
4,14,semiregular,2,883,913,30,779,104,134,0.8822197055492639,0.8532311062431545,0.9671412924424972,0.8674832962138085
4,14,irregular,2,226,217,9,181,45,36,0.8008849557522124,0.8341013824884793,1.0414746543778801,0.8171557562076749
4,14,regular,3,1055,1052,3,1049,6,3,0.9943127962085309,0.997148288973384,1.002851711026616,0.9957285239677266
4,14,semiregular,3,895,913,18,843,52,70,0.9418994413407821,0.9233296823658269,0.9802847754654983,0.9325221238938053
4,14,irregular,3,218,217,1,180,38,37,0.8256880733944955,0.8294930875576036,1.0046082949308757,0.8275862068965517
4,15,regular,1,1014,964,50,964,50,0,0.9506903353057199,1.0,1.0518672199170125,0.974721941354904
4,15,semiregular,1,811,774,37,735,76,39,0.906288532675709,0.9496124031007752,1.0478036175710594,0.9274447949526814
4,15,irregular,1,206,218,12,171,35,47,0.8300970873786407,0.7844036697247706,0.944954128440367,0.8066037735849056
4,15,regular,2,954,964,10,945,9,19,0.9905660377358491,0.9802904564315352,0.9896265560165975,0.9854014598540146
4,15,semiregular,2,746,774,28,656,90,118,0.8793565683646113,0.8475452196382429,0.9638242894056848,0.8631578947368421
4,15,irregular,2,226,218,8,190,36,28,0.8407079646017699,0.8715596330275229,1.036697247706422,0.8558558558558558
4,15,regular,3,961,964,3,959,2,5,0.9979188345473465,0.9948132780082988,0.9968879668049793,0.9963636363636363
4,15,semiregular,3,757,774,17,714,43,60,0.9431968295904888,0.9224806201550387,0.9780361757105943,0.9327237099934683
4,15,irregular,3,219,218,1,184,35,34,0.8401826484018264,0.8440366972477065,1.0045871559633028,0.8421052631578947
4,16,regular,1,1125,1109,16,1106,19,3,0.9831111111111112,0.9972948602344455,1.0144274120829577,0.990152193375112
4,16,semiregular,1,596,681,85,530,66,151,0.889261744966443,0.7782672540381792,0.8751835535976505,0.8300704776820674
4,16,irregular,1,259,272,13,152,107,120,0.5868725868725869,0.5588235294117647,0.9522058823529411,0.5725047080979285
4,16,regular,2,1135,1109,26,1108,27,1,0.9762114537444934,0.9990982867448152,1.0234445446348062,0.9875222816399286
4,16,semiregular,2,671,681,10,567,104,114,0.8450074515648286,0.8325991189427313,0.9853157121879589,0.8387573964497043
4,16,irregular,2,287,272,15,217,70,55,0.7560975609756098,0.7977941176470589,1.0551470588235294,0.7763864042933811
4,16,regular,3,1112,1109,3,1106,6,3,0.9946043165467626,0.9972948602344455,1.0027051397655546,0.9959477712742009
4,16,semiregular,3,670,681,11,610,60,71,0.9104477611940298,0.895741556534508,0.9838472834067548,0.9030347890451517
4,16,irregular,3,255,272,17,213,42,59,0.8352941176470589,0.7830882352941176,0.9375,0.8083491461100569
4,17,regular,1,1046,1029,17,1028,18,1,0.982791586998088,0.9990281827016521,1.0165208940719144,0.9908433734939759
4,17,semiregular,1,844,837,7,762,82,75,0.9028436018957346,0.910394265232975,1.008363201911589,0.9066032123735872
4,17,irregular,1,250,240,10,147,103,93,0.588,0.6125,1.0416666666666667,0.6000000000000001
4,17,regular,2,1045,1029,16,1025,20,4,0.9808612440191388,0.9961127308066083,1.0155490767735667,0.9884281581485054
4,17,semiregular,2,738,837,99,655,83,182,0.8875338753387534,0.7825567502986858,0.8817204301075269,0.8317460317460318
4,17,irregular,2,279,240,39,190,89,50,0.6810035842293907,0.7916666666666666,1.1625,0.7321772639691715
4,17,regular,3,1052,1029,23,1029,23,0,0.9781368821292775,1.0,1.022351797862002,0.9889476213358962
4,17,semiregular,3,833,837,4,773,60,64,0.9279711884753902,0.9235364396654719,0.995221027479092,0.9257485029940119
4,17,irregular,3,248,240,8,189,59,51,0.7620967741935484,0.7875,1.0333333333333334,0.7745901639344261
4,18,regular,1,1053,1044,9,1039,14,5,0.9867046533713201,0.9952107279693486,1.0086206896551724,0.9909394372913686
4,18,semiregular,1,808,801,7,747,61,54,0.9245049504950495,0.9325842696629213,1.0087390761548065,0.9285270354257303
4,18,irregular,1,258,252,6,179,79,73,0.6937984496124031,0.7103174603174603,1.0238095238095237,0.7019607843137255
4,18,regular,2,1052,1044,8,1038,14,6,0.9866920152091255,0.9942528735632183,1.0076628352490422,0.9904580152671757
4,18,semiregular,2,794,801,7,707,87,94,0.8904282115869018,0.8826466916354557,0.9912609238451935,0.8865203761755486
4,18,irregular,2,263,252,11,220,43,32,0.8365019011406845,0.873015873015873,1.0436507936507937,0.8543689320388349
4,18,regular,3,1055,1044,11,1042,13,2,0.9876777251184834,0.9980842911877394,1.010536398467433,0.9928537398761315
4,18,semiregular,3,808,801,7,763,45,38,0.9443069306930693,0.9525593008739076,1.0087390761548065,0.9484151646985706
4,18,irregular,3,260,252,8,209,51,43,0.8038461538461539,0.8293650793650794,1.0317460317460319,0.8164062500000001
4,19,regular,1,961,1076,115,921,40,155,0.9583766909469302,0.8559479553903345,0.8931226765799256,0.9042709867452136
4,19,semiregular,1,705,753,48,650,55,103,0.9219858156028369,0.8632138114209827,0.9362549800796812,0.8916323731138547
4,19,irregular,1,253,245,8,177,76,68,0.6996047430830039,0.7224489795918367,1.0326530612244897,0.710843373493976
4,19,regular,2,1126,1076,50,1071,55,5,0.9511545293072824,0.9953531598513011,1.046468401486989,0.9727520435967302
4,19,semiregular,2,607,753,146,543,64,210,0.8945634266886326,0.7211155378486056,0.8061088977423638,0.7985294117647058
4,19,irregular,2,281,245,36,199,82,46,0.708185053380783,0.8122448979591836,1.146938775510204,0.7566539923954373
4,19,regular,3,1073,1076,3,1070,3,6,0.9972041006523765,0.9944237918215614,0.9972118959107806,0.9958120055839926
4,19,semiregular,3,690,753,63,647,43,106,0.9376811594202898,0.8592297476759628,0.9163346613545816,0.8967428967428966
4,19,irregular,3,239,245,6,185,54,60,0.7740585774058577,0.7551020408163265,0.9755102040816327,0.7644628099173553
4,20,regular,1,1148,1251,103,1144,4,107,0.9965156794425087,0.9144684252597922,0.9176658673061551,0.9537307211338057
4,20,semiregular,1,837,841,4,712,125,129,0.8506571087216248,0.8466111771700356,0.995243757431629,0.8486293206197855
4,20,irregular,1,282,252,30,160,122,92,0.5673758865248227,0.6349206349206349,1.119047619047619,0.599250936329588
4,20,regular,2,646,1251,605,646,0,605,1.0,0.5163868904876099,0.5163868904876099,0.6810753821823933
4,20,semiregular,2,707,841,134,586,121,255,0.8288543140028288,0.6967895362663495,0.8406658739595719,0.7571059431524548
4,20,irregular,2,213,252,39,172,41,80,0.8075117370892019,0.6825396825396826,0.8452380952380952,0.7397849462365592
4,20,regular,3,1142,1251,109,1141,1,110,0.999124343257443,0.9120703437250199,0.9128697042366107,0.9536147095695778
4,20,semiregular,3,807,841,34,724,83,117,0.8971499380421314,0.8608799048751486,0.9595719381688466,0.8786407766990291
4,20,irregular,3,245,252,7,196,49,56,0.8,0.7777777777777778,0.9722222222222222,0.7887323943661971
4,21,regular,1,956,920,36,918,38,2,0.9602510460251046,0.9978260869565218,1.0391304347826087,0.9786780383795308
4,21,semiregular,1,608,549,59,488,120,61,0.8026315789473685,0.8888888888888888,1.1074681238615665,0.8435609334485737
4,21,irregular,1,238,204,34,165,73,39,0.6932773109243697,0.8088235294117647,1.1666666666666667,0.746606334841629
4,21,regular,2,938,920,18,915,23,5,0.9754797441364605,0.9945652173913043,1.0195652173913043,0.9849300322927879
4,21,semiregular,2,663,549,114,476,187,73,0.717948717948718,0.8670309653916212,1.2076502732240437,0.7854785478547854
4,21,irregular,2,240,204,36,178,62,26,0.7416666666666667,0.8725490196078431,1.1764705882352942,0.8018018018018018
4,21,regular,3,914,920,6,911,3,9,0.9967177242888403,0.9902173913043478,0.9934782608695653,0.9934569247546347
4,21,semiregular,3,601,549,52,508,93,41,0.8452579034941764,0.9253187613843351,1.0947176684881603,0.8834782608695653
4,21,irregular,3,207,204,3,175,32,29,0.8454106280193237,0.8578431372549019,1.0147058823529411,0.851581508515815
4,22,regular,1,1002,946,56,939,63,7,0.937125748502994,0.992600422832981,1.0591966173361522,0.9640657084188912
4,22,semiregular,1,755,703,52,641,114,62,0.8490066225165563,0.9118065433854907,1.073968705547653,0.879286694101509
4,22,irregular,1,188,247,59,133,55,114,0.7074468085106383,0.5384615384615384,0.7611336032388664,0.6114942528735632
4,22,regular,2,988,946,42,946,42,0,0.9574898785425101,1.0,1.0443974630021142,0.9782833505687694
4,22,semiregular,2,732,703,29,611,121,92,0.8346994535519126,0.8691322901849218,1.0412517780938833,0.851567944250871
4,22,irregular,2,250,247,3,195,55,52,0.78,0.7894736842105263,1.0121457489878543,0.7847082494969819
4,22,regular,3,966,946,20,942,24,4,0.9751552795031055,0.9957716701902748,1.0211416490486258,0.9853556485355649
4,22,semiregular,3,711,703,8,644,67,59,0.9057665260196905,0.9160739687055477,1.0113798008534851,0.9108910891089108
4,22,irregular,3,249,247,2,191,58,56,0.7670682730923695,0.7732793522267206,1.008097165991903,0.7701612903225807
4,23,regular,1,987,999,12,961,26,38,0.9736575481256332,0.9619619619619619,0.987987987987988,0.9677744209466262
4,23,semiregular,1,752,835,83,618,134,217,0.8218085106382979,0.7401197604790419,0.9005988023952096,0.77882797731569
4,23,irregular,1,276,266,10,131,145,135,0.4746376811594203,0.4924812030075188,1.037593984962406,0.48339483394833943
4,23,regular,2,844,999,155,837,7,162,0.9917061611374408,0.8378378378378378,0.8448448448448449,0.9083016820401519
4,23,semiregular,2,379,835,456,299,80,536,0.7889182058047494,0.35808383233532937,0.4538922155688623,0.4925864909390445
4,23,irregular,2,202,266,64,169,33,97,0.8366336633663366,0.6353383458646616,0.7593984962406015,0.7222222222222222
4,23,regular,3,1005,999,6,997,8,2,0.9920398009950249,0.997997997997998,1.006006006006006,0.9950099800399201
4,23,semiregular,3,884,835,49,787,97,48,0.8902714932126696,0.9425149700598803,1.058682634730539,0.9156486329261198
4,23,irregular,3,278,266,12,209,69,57,0.7517985611510791,0.7857142857142857,1.0451127819548873,0.7683823529411763
4,24,regular,1,1087,1079,8,1072,15,7,0.9862005519779209,0.9935125115848007,1.0074142724745134,0.989843028624192
4,24,semiregular,1,620,680,60,565,55,115,0.9112903225806451,0.8308823529411765,0.9117647058823529,0.8692307692307693
4,24,irregular,1,176,247,71,125,51,122,0.7102272727272727,0.5060728744939271,0.7125506072874493,0.5910165484633569
4,24,regular,2,1053,1079,26,1040,13,39,0.9876543209876543,0.963855421686747,0.9759036144578314,0.975609756097561
4,24,semiregular,2,628,680,52,552,76,128,0.8789808917197452,0.8117647058823529,0.9235294117647059,0.8440366972477065
4,24,irregular,2,226,247,21,198,28,49,0.8761061946902655,0.8016194331983806,0.9149797570850202,0.8372093023255814
4,24,regular,3,1069,1079,10,1066,3,13,0.9971936389148737,0.9879518072289156,0.9907321594068582,0.9925512104283054
4,24,semiregular,3,663,680,17,620,43,60,0.9351432880844646,0.9117647058823529,0.975,0.9233060312732688
4,24,irregular,3,245,247,2,209,36,38,0.8530612244897959,0.8461538461538461,0.9919028340080972,0.8495934959349594
4,25,regular,1,983,946,37,944,39,2,0.960325534079349,0.9978858350951374,1.0391120507399578,0.9787454639709693
4,25,semiregular,1,703,718,15,634,69,84,0.9018492176386913,0.883008356545961,0.979108635097493,0.8923293455313159
4,25,irregular,1,221,207,14,150,71,57,0.6787330316742082,0.7246376811594203,1.067632850241546,0.7009345794392524
4,25,regular,2,950,946,4,941,9,5,0.9905263157894737,0.9947145877378436,1.0042283298097252,0.9926160337552743
4,25,semiregular,2,694,718,24,593,101,125,0.8544668587896254,0.8259052924791086,0.9665738161559888,0.839943342776204
4,25,irregular,2,208,207,1,150,58,57,0.7211538461538461,0.7246376811594203,1.0048309178743962,0.7228915662650603
4,25,regular,3,944,946,2,940,4,6,0.9957627118644068,0.9936575052854123,0.9978858350951374,0.9947089947089949
4,25,semiregular,3,706,718,12,643,63,75,0.9107648725212465,0.8955431754874652,0.9832869080779945,0.9030898876404495
4,25,irregular,3,228,207,21,155,73,52,0.6798245614035088,0.748792270531401,1.1014492753623188,0.7126436781609196
4,26,regular,1,1015,985,30,984,31,1,0.9694581280788177,0.9989847715736041,1.0304568527918783,0.984
4,26,semiregular,1,796,720,76,680,116,40,0.8542713567839196,0.9444444444444444,1.1055555555555556,0.8970976253298153
4,26,irregular,1,304,214,90,190,114,24,0.625,0.8878504672897196,1.4205607476635513,0.7335907335907337
4,26,regular,2,1023,985,38,981,42,4,0.9589442815249267,0.9959390862944163,1.0385786802030457,0.9770916334661355
4,26,semiregular,2,686,720,34,589,97,131,0.858600583090379,0.8180555555555555,0.9527777777777777,0.8378378378378378
4,26,irregular,2,199,214,15,144,55,70,0.7236180904522613,0.6728971962616822,0.9299065420560748,0.6973365617433414
4,26,regular,3,1010,985,25,982,28,3,0.9722772277227723,0.9969543147208122,1.0253807106598984,0.9844611528822055
4,26,semiregular,3,714,720,6,650,64,70,0.9103641456582633,0.9027777777777778,0.9916666666666667,0.9065550906555091
4,26,irregular,3,257,214,43,180,77,34,0.7003891050583657,0.8411214953271028,1.2009345794392523,0.7643312101910827
4,27,regular,1,1156,1166,10,1148,8,18,0.9930795847750865,0.9845626072041166,0.9914236706689536,0.9888027562446168
4,27,semiregular,1,639,728,89,555,84,173,0.8685446009389671,0.7623626373626373,0.8777472527472527,0.8119970738844184
4,27,irregular,1,199,270,71,156,43,114,0.7839195979899497,0.5777777777777777,0.737037037037037,0.6652452025586353
4,27,regular,2,1159,1166,7,1148,11,18,0.9905090595340811,0.9845626072041166,0.9939965694682675,0.98752688172043
4,27,semiregular,2,742,728,14,616,126,112,0.8301886792452831,0.8461538461538461,1.0192307692307692,0.8380952380952382
4,27,irregular,2,268,270,2,220,48,50,0.8208955223880597,0.8148148148148148,0.9925925925925926,0.8178438661710037
4,27,regular,3,1167,1166,1,1164,3,2,0.9974293059125964,0.9982847341337907,1.0008576329331047,0.9978568366909558
4,27,semiregular,3,713,728,15,660,53,68,0.9256661991584852,0.9065934065934066,0.9793956043956044,0.916030534351145
4,27,irregular,3,271,270,1,223,48,47,0.8228782287822878,0.825925925925926,1.0037037037037038,0.8243992606284658
4,28,regular,1,1112,1098,14,1094,18,4,0.9838129496402878,0.9963570127504554,1.0127504553734061,0.9900452488687783
4,28,semiregular,1,915,859,56,809,106,50,0.8841530054644808,0.9417927823050058,1.0651920838183935,0.9120631341600901
4,28,irregular,1,295,293,2,180,115,113,0.6101694915254238,0.6143344709897611,1.006825938566553,0.6122448979591838
4,28,regular,2,1107,1098,9,1088,19,10,0.982836495031617,0.9908925318761385,1.0081967213114753,0.9868480725623583
4,28,semiregular,2,828,859,31,714,114,145,0.8623188405797102,0.8311990686845169,0.9639115250291036,0.8464730290456433
4,28,irregular,2,274,293,19,193,81,100,0.7043795620437956,0.658703071672355,0.9351535836177475,0.6807760141093474
4,28,regular,3,1113,1098,15,1095,18,3,0.9838274932614556,0.9972677595628415,1.0136612021857923,0.9905020352781547
4,28,semiregular,3,850,859,9,797,53,62,0.9376470588235294,0.9278230500582072,0.989522700814901,0.9327091866588648
4,28,irregular,3,301,293,8,211,90,82,0.7009966777408638,0.7201365187713311,1.0273037542662116,0.7104377104377104
4,29,regular,1,1158,1140,18,1139,19,1,0.9835924006908463,0.9991228070175439,1.0157894736842106,0.991296779808529
4,29,semiregular,1,927,869,58,818,109,51,0.8824163969795038,0.9413118527042578,1.0667433831990794,0.9109131403118039
4,29,irregular,1,235,247,12,170,65,77,0.723404255319149,0.6882591093117408,0.951417004048583,0.7053941908713693
4,29,regular,2,1147,1140,7,1129,18,11,0.984306887532694,0.9903508771929824,1.006140350877193,0.9873196327066026
4,29,semiregular,2,963,869,94,787,176,82,0.8172377985462098,0.905638665132336,1.1081703107019563,0.8591703056768559
4,29,irregular,2,271,247,24,202,69,45,0.7453874538745388,0.8178137651821862,1.097165991902834,0.7799227799227799
4,29,regular,3,1125,1140,15,1123,2,17,0.9982222222222222,0.9850877192982456,0.9868421052631579,0.9916114790286976
4,29,semiregular,3,870,869,1,784,86,85,0.9011494252873563,0.9021864211737629,1.001150747986191,0.9016676250718804
4,29,irregular,3,261,247,14,208,53,39,0.7969348659003831,0.8421052631578947,1.05668016194332,0.8188976377952755
4,30,regular,1,1011,997,14,993,18,4,0.9821958456973294,0.995987963891675,1.0140421263791375,0.9890438247011953
4,30,semiregular,1,838,810,28,755,83,55,0.9009546539379475,0.9320987654320988,1.0345679012345679,0.9162621359223301
4,30,irregular,1,235,250,15,165,70,85,0.7021276595744681,0.66,0.94,0.6804123711340208
4,30,regular,2,1018,997,21,992,26,5,0.9744597249508841,0.9949849548645938,1.0210631895687061,0.9846153846153846
4,30,semiregular,2,744,810,66,662,82,148,0.8897849462365591,0.817283950617284,0.9185185185185185,0.8519948519948519
4,30,irregular,2,282,250,32,190,92,60,0.6737588652482269,0.76,1.128,0.7142857142857142
4,30,regular,3,1009,997,12,995,14,2,0.9861248761149654,0.9979939819458375,1.012036108324975,0.992023928215354
4,30,semiregular,3,810,810,0,750,60,60,0.9259259259259259,0.9259259259259259,1.0,0.9259259259259259
4,30,irregular,3,261,250,11,197,64,53,0.7547892720306514,0.788,1.044,0.7710371819960863
5,1,regular,1,921,937,16,913,8,24,0.991313789359392,0.9743863393810032,0.9829242262540021,0.9827771797631862
5,1,semiregular,1,717,703,14,620,97,83,0.8647140864714087,0.8819345661450925,1.0199146514935988,0.8732394366197184
5,1,irregular,1,195,199,4,151,44,48,0.7743589743589744,0.7587939698492462,0.9798994974874372,0.766497461928934
5,1,regular,2,963,937,26,927,36,10,0.9626168224299065,0.9893276414087513,1.0277481323372466,0.9757894736842104
5,1,semiregular,2,709,703,6,607,102,96,0.8561354019746121,0.8634423897581792,1.0085348506401137,0.8597733711048159
5,1,irregular,2,208,199,9,169,39,30,0.8125,0.8492462311557789,1.0452261306532664,0.8304668304668305
5,1,regular,3,943,937,6,933,10,4,0.9893955461293743,0.9957310565635006,1.0064034151547492,0.9925531914893617
5,1,semiregular,3,700,703,3,618,82,85,0.8828571428571429,0.8790896159317212,0.9957325746799431,0.8809693513898788
5,1,irregular,3,191,199,8,159,32,40,0.8324607329842932,0.7989949748743719,0.9597989949748744,0.8153846153846154
5,2,regular,1,1204,1224,20,1196,8,28,0.9933554817275747,0.9771241830065359,0.9836601307189542,0.985172981878089
5,2,semiregular,1,567,647,80,539,28,108,0.9506172839506173,0.8330757341576507,0.8763523956723338,0.8879736408566722
5,2,irregular,1,199,217,18,133,66,84,0.6683417085427136,0.6129032258064516,0.9170506912442397,0.6394230769230769
5,2,regular,2,1160,1224,64,1147,13,77,0.9887931034482759,0.9370915032679739,0.9477124183006536,0.9622483221476511
5,2,semiregular,2,600,647,47,571,29,76,0.9516666666666667,0.8825347758887172,0.9273570324574961,0.9157979149959904
5,2,irregular,2,237,217,20,192,45,25,0.810126582278481,0.8847926267281107,1.0921658986175116,0.8458149779735683
5,2,regular,3,1225,1224,1,1214,11,10,0.9910204081632653,0.9918300653594772,1.0008169934640523,0.991425071457738
5,2,semiregular,3,618,647,29,589,29,58,0.9530744336569579,0.910355486862442,0.955177743431221,0.9312252964426878
5,2,irregular,3,217,217,0,175,42,42,0.8064516129032258,0.8064516129032258,1.0,0.8064516129032258
5,3,regular,1,1030,1053,23,1025,5,28,0.9951456310679612,0.97340930674264,0.9781576448243114,0.984157465194431
5,3,semiregular,1,703,716,13,638,65,78,0.9075391180654339,0.8910614525139665,0.9818435754189944,0.8992248062015504
5,3,irregular,1,207,224,17,159,48,65,0.7681159420289855,0.7098214285714286,0.9241071428571429,0.7378190255220417
5,3,regular,2,992,1053,61,983,9,70,0.9909274193548387,0.9335232668566001,0.9420702754036088,0.9613691931540342
5,3,semiregular,2,706,716,10,640,66,76,0.9065155807365439,0.8938547486033519,0.9860335195530726,0.9001406469760901
5,3,irregular,2,226,224,2,186,40,38,0.8230088495575221,0.8303571428571429,1.0089285714285714,0.8266666666666667
5,3,regular,3,1047,1053,6,1045,2,8,0.9980897803247374,0.9924026590693258,0.9943019943019943,0.9952380952380953
5,3,semiregular,3,692,716,24,641,51,75,0.9263005780346821,0.8952513966480447,0.9664804469273743,0.9105113636363635
5,3,irregular,3,212,224,12,174,38,50,0.8207547169811321,0.7767857142857143,0.9464285714285714,0.7981651376146789
5,4,regular,1,1090,1101,11,1080,10,21,0.9908256880733946,0.9809264305177112,0.9900090826521344,0.985851209493382
5,4,semiregular,1,612,614,2,524,88,90,0.8562091503267973,0.8534201954397395,0.996742671009772,0.8548123980424144
5,4,irregular,1,216,228,12,157,59,71,0.7268518518518519,0.6885964912280702,0.9473684210526315,0.7072072072072072
5,4,regular,2,1103,1101,2,1094,9,7,0.9918404351767905,0.9936421435059037,1.0018165304268847,0.9927404718693285
5,4,semiregular,2,590,614,24,529,61,85,0.8966101694915254,0.8615635179153095,0.9609120521172638,0.8787375415282392
5,4,irregular,2,242,228,14,195,47,33,0.8057851239669421,0.8552631578947368,1.0614035087719298,0.8297872340425532
5,4,regular,3,1105,1101,4,1095,10,6,0.9909502262443439,0.9945504087193461,1.0036330608537694,0.9927470534904805
5,4,semiregular,3,583,614,31,540,43,74,0.9262435677530018,0.8794788273615635,0.9495114006514658,0.9022556390977443
5,4,irregular,3,235,228,7,189,46,39,0.8042553191489362,0.8289473684210527,1.030701754385965,0.816414686825054
5,5,regular,1,1045,1044,1,1037,8,7,0.9923444976076555,0.9932950191570882,1.0009578544061302,0.9928195308760172
5,5,semiregular,1,721,668,53,632,89,36,0.8765603328710125,0.9461077844311377,1.0793413173652695,0.9100071994240461
5,5,irregular,1,214,217,3,158,56,59,0.7383177570093458,0.728110599078341,0.9861751152073732,0.7331786542923433
5,5,regular,2,1043,1044,1,1034,9,10,0.9913710450623202,0.9904214559386973,0.9990421455938697,0.9908960229995208
5,5,semiregular,2,711,668,43,618,93,50,0.869198312236287,0.9251497005988024,1.06437125748503,0.896301667875272
5,5,irregular,2,228,217,11,184,44,33,0.8070175438596491,0.847926267281106,1.0506912442396312,0.8269662921348314
5,5,regular,3,1049,1044,5,1042,7,2,0.9933269780743565,0.9980842911877394,1.0047892720306513,0.9956999522216914
5,5,semiregular,3,657,668,11,598,59,70,0.9101978691019786,0.8952095808383234,0.9835329341317365,0.9026415094339623
5,5,irregular,3,209,217,8,172,37,45,0.8229665071770335,0.7926267281105991,0.9631336405529954,0.8075117370892019
5,6,regular,1,926,915,11,907,19,8,0.9794816414686826,0.9912568306010929,1.0120218579234972,0.9853340575774036
5,6,semiregular,1,699,701,2,643,56,58,0.9198855507868383,0.9172610556348074,0.9971469329529244,0.9185714285714286
5,6,irregular,1,178,195,17,120,58,75,0.6741573033707865,0.6153846153846154,0.9128205128205128,0.64343163538874
5,6,regular,2,959,915,44,914,45,1,0.9530761209593326,0.9989071038251366,1.048087431693989,0.9754535752401281
5,6,semiregular,2,685,701,16,635,50,66,0.927007299270073,0.905848787446505,0.9771754636233951,0.9163059163059163
5,6,irregular,2,200,195,5,132,68,63,0.66,0.676923076923077,1.0256410256410255,0.668354430379747
5,6,regular,3,927,915,12,912,15,3,0.9838187702265372,0.9967213114754099,1.0131147540983607,0.9902280130293161
5,6,semiregular,3,692,701,9,647,45,54,0.934971098265896,0.9229671897289586,0.9871611982881597,0.9289303661162959
5,6,irregular,3,206,195,11,164,42,31,0.7961165048543689,0.841025641025641,1.0564102564102564,0.8179551122194514
5,7,regular,1,1207,1230,23,1195,12,35,0.9900579950289975,0.9715447154471545,0.9813008130081301,0.9807139926138695
5,7,semiregular,1,739,761,22,653,86,108,0.8836265223274695,0.8580814717477004,0.9710906701708278,0.8706666666666666
5,7,irregular,1,242,225,17,160,82,65,0.6611570247933884,0.7111111111111111,1.0755555555555556,0.6852248394004282
5,7,regular,2,1242,1230,12,1216,26,14,0.9790660225442834,0.9886178861788618,1.0097560975609756,0.9838187702265373
5,7,semiregular,2,703,761,58,636,67,125,0.9046941678520626,0.835742444152431,0.923784494086728,0.8688524590163934
5,7,irregular,2,227,225,2,190,37,35,0.8370044052863436,0.8444444444444444,1.008888888888889,0.8407079646017699
5,7,regular,3,1241,1230,11,1224,17,6,0.9863013698630136,0.9951219512195122,1.0089430894308944,0.9906920275192229
5,7,semiregular,3,743,761,18,677,66,84,0.9111709286675639,0.8896189224704336,0.9763469119579501,0.9002659574468086
5,7,irregular,3,222,225,3,183,39,42,0.8243243243243243,0.8133333333333334,0.9866666666666667,0.8187919463087249
5,8,regular,1,1029,1035,6,1019,10,16,0.9902818270165209,0.9845410628019323,0.9942028985507246,0.9874031007751938
5,8,semiregular,1,821,827,6,738,83,89,0.8989037758830695,0.8923821039903265,0.992744860943168,0.8956310679611651
5,8,irregular,1,235,243,8,150,85,93,0.6382978723404256,0.6172839506172839,0.9670781893004116,0.6276150627615064
5,8,regular,2,1014,1035,21,1004,10,31,0.9901380670611439,0.970048309178744,0.9797101449275363,0.9799902391410444
5,8,semiregular,2,804,827,23,739,65,88,0.9191542288557214,0.8935912938331319,0.9721886336154776,0.9061925199264257
5,8,irregular,2,241,243,2,188,53,55,0.7800829875518672,0.7736625514403292,0.9917695473251029,0.7768595041322315
5,8,regular,3,1043,1035,8,1031,12,4,0.9884947267497604,0.996135265700483,1.007729468599034,0.9923002887391724
5,8,semiregular,3,818,827,9,755,63,72,0.9229828850855746,0.9129383313180169,0.9891172914147521,0.9179331306990882
5,8,irregular,3,243,243,0,188,55,55,0.7736625514403292,0.7736625514403292,1.0,0.7736625514403292
5,9,regular,1,1083,1107,24,1078,5,29,0.9953831948291783,0.973803071364047,0.978319783197832,0.9844748858447488
5,9,semiregular,1,656,701,45,622,34,79,0.948170731707317,0.8873038516405135,0.9358059914407989,0.9167280766396462
5,9,irregular,1,210,266,56,149,61,117,0.7095238095238096,0.5601503759398496,0.7894736842105263,0.6260504201680672
5,9,regular,2,1036,1107,71,1028,8,79,0.9922779922779923,0.928635953026197,0.935862691960253,0.9594027064862343
5,9,semiregular,2,637,701,64,599,38,102,0.9403453689167975,0.854493580599144,0.9087018544935807,0.8953662182361735
5,9,irregular,2,267,266,1,221,46,45,0.8277153558052435,0.8308270676691729,1.0037593984962405,0.8292682926829268
5,9,regular,3,1101,1107,6,1099,2,8,0.9981834695731153,0.992773261065944,0.994579945799458,0.9954710144927537
5,9,semiregular,3,690,701,11,663,27,38,0.9608695652173913,0.9457917261055635,0.9843081312410842,0.9532710280373832
5,9,irregular,3,258,266,8,213,45,53,0.8255813953488372,0.8007518796992481,0.9699248120300752,0.8129770992366412
5,10,regular,1,1045,1014,31,1002,43,12,0.9588516746411483,0.9881656804733728,1.0305719921104537,0.9732880038853812
5,10,semiregular,1,680,656,24,623,57,33,0.9161764705882353,0.9496951219512195,1.0365853658536586,0.9326347305389222
5,10,irregular,1,220,247,27,180,40,67,0.8181818181818182,0.728744939271255,0.8906882591093117,0.7708779443254818
5,10,regular,2,1044,1014,30,1011,33,3,0.9683908045977011,0.9970414201183432,1.029585798816568,0.9825072886297376
5,10,semiregular,2,661,656,5,610,51,46,0.9228441754916793,0.9298780487804879,1.0076219512195121,0.9263477600607443
5,10,irregular,2,242,247,5,208,34,39,0.859504132231405,0.8421052631578947,0.979757085020243,0.8507157464212679
5,10,regular,3,1030,1014,16,1011,19,3,0.9815533980582525,0.9970414201183432,1.0157790927021697,0.9892367906066537
5,10,semiregular,3,626,656,30,589,37,67,0.9408945686900958,0.8978658536585366,0.9542682926829268,0.9188767550702027
5,10,irregular,3,239,247,8,199,40,48,0.8326359832635983,0.805668016194332,0.9676113360323887,0.8189300411522634
5,11,regular,1,1065,1070,5,1059,6,11,0.9943661971830986,0.9897196261682243,0.9953271028037384,0.9920374707259952
5,11,semiregular,1,727,700,27,636,91,64,0.874828060522696,0.9085714285714286,1.0385714285714285,0.8913805185704274
5,11,irregular,1,206,239,33,160,46,79,0.7766990291262136,0.6694560669456067,0.8619246861924686,0.7191011235955055
5,11,regular,2,1062,1070,8,1053,9,17,0.9915254237288136,0.9841121495327103,0.9925233644859813,0.9878048780487806
5,11,semiregular,2,681,700,19,618,63,82,0.9074889867841409,0.8828571428571429,0.9728571428571429,0.8950036205648081
5,11,irregular,2,231,239,8,188,43,51,0.8138528138528138,0.7866108786610879,0.9665271966527197,0.8
5,11,regular,3,1073,1070,3,1067,6,3,0.994408201304753,0.997196261682243,1.002803738317757,0.9958002799813346
5,11,semiregular,3,686,700,14,636,50,64,0.9271137026239067,0.9085714285714286,0.98,0.9177489177489178
5,11,irregular,3,228,239,11,184,44,55,0.8070175438596491,0.7698744769874477,0.9539748953974896,0.7880085653104925
5,12,regular,1,1006,1007,1,1001,5,6,0.9950298210735586,0.9940417080436942,0.9990069513406157,0.9945355191256832
5,12,semiregular,1,711,641,70,603,108,38,0.8481012658227848,0.9407176287051482,1.109204368174727,0.8920118343195266
5,12,irregular,1,251,204,47,171,80,33,0.6812749003984063,0.8382352941176471,1.2303921568627452,0.7516483516483516
5,12,regular,2,1060,1007,53,1007,53,0,0.95,1.0,1.0526315789473684,0.9743589743589743
5,12,semiregular,2,654,641,13,568,86,73,0.8685015290519877,0.8861154446177847,1.0202808112324493,0.8772200772200773
5,12,irregular,2,249,204,45,185,64,19,0.7429718875502008,0.9068627450980392,1.2205882352941178,0.8167770419426048
5,12,regular,3,1021,1007,14,1007,14,0,0.9862879529872673,1.0,1.0139026812313803,0.9930966469428009
5,12,semiregular,3,621,641,20,562,59,79,0.9049919484702094,0.8767550702028081,0.968798751950078,0.8906497622820918
5,12,irregular,3,218,204,14,167,51,37,0.7660550458715596,0.8186274509803921,1.0686274509803921,0.7914691943127963
5,13,regular,1,982,1000,18,980,2,20,0.9979633401221996,0.98,0.982,0.9889001009081735
5,13,semiregular,1,830,815,15,767,63,48,0.9240963855421687,0.9411042944785276,1.01840490797546,0.9325227963525836
5,13,irregular,1,254,216,38,167,87,49,0.65748031496063,0.7731481481481481,1.1759259259259258,0.7106382978723405
5,13,regular,2,1035,1000,35,1000,35,0,0.966183574879227,1.0,1.035,0.9828009828009828
5,13,semiregular,2,820,815,5,764,56,51,0.9317073170731708,0.9374233128834356,1.0061349693251533,0.9345565749235474
5,13,irregular,2,245,216,29,183,62,33,0.746938775510204,0.8472222222222222,1.1342592592592593,0.7939262472885031
5,13,regular,3,1000,1000,0,995,5,5,0.995,0.995,1.0,0.995
5,13,semiregular,3,798,815,17,756,42,59,0.9473684210526315,0.9276073619631902,0.9791411042944785,0.9373837569745815
5,13,irregular,3,222,216,6,180,42,36,0.8108108108108109,0.8333333333333334,1.0277777777777777,0.8219178082191781
5,14,regular,1,1030,1052,22,1029,1,23,0.9990291262135922,0.9781368821292775,0.9790874524714829,0.9884726224783861
5,14,semiregular,1,867,913,46,814,53,99,0.9388696655132641,0.891566265060241,0.9496166484118291,0.9146067415730338
5,14,irregular,1,222,217,5,160,62,57,0.7207207207207207,0.7373271889400922,1.023041474654378,0.7289293849658314
5,14,regular,2,1000,1052,52,994,6,58,0.994,0.9448669201520913,0.9505703422053232,0.9688109161793372
5,14,semiregular,2,878,913,35,830,48,83,0.9453302961275627,0.9090909090909091,0.9616648411829135,0.9268565047459519
5,14,irregular,2,231,217,14,187,44,30,0.8095238095238095,0.8617511520737328,1.064516129032258,0.8348214285714286
5,14,regular,3,1062,1052,10,1048,14,4,0.9868173258003766,0.9961977186311787,1.0095057034220531,0.9914853358561967
5,14,semiregular,3,877,913,36,835,42,78,0.9521094640820981,0.9145673603504929,0.9605695509309967,0.9329608938547486
5,14,irregular,3,205,217,12,170,35,47,0.8292682926829268,0.783410138248848,0.9447004608294931,0.8056872037914692
5,15,regular,1,960,964,4,954,6,10,0.99375,0.9896265560165975,0.995850622406639,0.9916839916839917
5,15,semiregular,1,815,774,41,743,72,31,0.9116564417177914,0.9599483204134367,1.0529715762273901,0.935179358086847
5,15,irregular,1,201,218,17,166,35,52,0.8258706467661692,0.7614678899082569,0.9220183486238532,0.7923627684964201
5,15,regular,2,946,964,18,936,10,28,0.9894291754756871,0.970954356846473,0.9813278008298755,0.9801047120418848
5,15,semiregular,2,734,774,40,686,48,88,0.9346049046321526,0.8863049095607235,0.9483204134366925,0.9098143236074271
5,15,irregular,2,217,218,1,182,35,36,0.8387096774193549,0.8348623853211009,0.9954128440366973,0.8367816091954022
5,15,regular,3,964,964,0,959,5,5,0.9948132780082988,0.9948132780082988,1.0,0.9948132780082988
5,15,semiregular,3,734,774,40,699,35,75,0.952316076294278,0.9031007751937985,0.9483204134366925,0.9270557029177718
5,15,irregular,3,212,218,6,183,29,35,0.8632075471698113,0.8394495412844036,0.9724770642201835,0.8511627906976743
5,16,regular,1,1110,1109,1,1100,10,9,0.990990990990991,0.9918845807033363,1.000901713255185,0.9914375844975213
5,16,semiregular,1,657,681,24,587,70,94,0.893455098934551,0.8619676945668135,0.9647577092511013,0.8774289985052317
5,16,irregular,1,253,272,19,174,79,98,0.6877470355731226,0.6397058823529411,0.9301470588235294,0.6628571428571429
5,16,regular,2,1125,1109,16,1107,18,2,0.984,0.9981965734896303,1.0144274120829577,0.991047448522829
5,16,semiregular,2,661,681,20,595,66,86,0.9001512859304085,0.8737151248164464,0.9706314243759178,0.8867362146050671
5,16,irregular,2,266,272,6,214,52,58,0.8045112781954887,0.7867647058823529,0.9779411764705882,0.7955390334572491
5,16,regular,3,1105,1109,4,1101,4,8,0.9963800904977376,0.9927862939585211,0.9963931469792606,0.994579945799458
5,16,semiregular,3,646,681,35,589,57,92,0.9117647058823529,0.8649045521292217,0.9486049926578561,0.8877166541070082
5,16,irregular,3,242,272,30,206,36,66,0.8512396694214877,0.7573529411764706,0.8897058823529411,0.8015564202334631
5,17,regular,1,1046,1029,17,1029,17,0,0.9837476099426387,1.0,1.0165208940719144,0.9918072289156626
5,17,semiregular,1,807,837,30,737,70,100,0.9132589838909542,0.8805256869772998,0.96415770609319,0.8965936739659368
5,17,irregular,1,245,240,5,158,87,82,0.6448979591836734,0.6583333333333333,1.0208333333333333,0.6515463917525772
5,17,regular,2,1045,1029,16,1024,21,5,0.9799043062200957,0.9951409135082604,1.0155490767735667,0.9874638379942141
5,17,semiregular,2,841,837,4,770,71,67,0.915576694411415,0.9199522102747909,1.004778972520908,0.9177592371871274
5,17,irregular,2,268,240,28,194,74,46,0.7238805970149254,0.8083333333333333,1.1166666666666667,0.7637795275590551
5,17,regular,3,1061,1029,32,1028,33,1,0.9688972667295005,0.9990281827016521,1.031098153547133,0.983732057416268
5,17,semiregular,3,820,837,17,761,59,76,0.9280487804878049,0.9091995221027479,0.9796893667861409,0.9185274592637297
5,17,irregular,3,239,240,1,188,51,52,0.7866108786610879,0.7833333333333333,0.9958333333333333,0.7849686847599167
5,18,regular,1,1041,1044,3,1033,8,11,0.9923150816522575,0.9894636015325671,0.9971264367816092,0.9908872901678658
5,18,semiregular,1,777,801,24,729,48,72,0.9382239382239382,0.9101123595505618,0.9700374531835206,0.9239543726235742
5,18,irregular,1,253,252,1,193,60,59,0.7628458498023716,0.7658730158730159,1.003968253968254,0.7643564356435645
5,18,regular,2,1102,1044,58,1043,59,1,0.9464609800362976,0.9990421455938697,1.0555555555555556,0.9720410065237651
5,18,semiregular,2,778,801,23,731,47,70,0.9395886889460154,0.9126092384519351,0.9712858926342073,0.9259024699176694
5,18,irregular,2,276,252,24,212,64,40,0.7681159420289855,0.8412698412698413,1.0952380952380953,0.8030303030303031
5,18,regular,3,1054,1044,10,1042,12,2,0.9886148007590133,0.9980842911877394,1.0095785440613028,0.9933269780743565
5,18,semiregular,3,784,801,17,743,41,58,0.9477040816326531,0.9275905118601748,0.978776529338327,0.9375394321766561
5,18,irregular,3,247,252,5,205,42,47,0.8299595141700404,0.8134920634920635,0.9801587301587301,0.8216432865731462
5,19,regular,1,1084,1076,8,1065,19,11,0.9824723247232472,0.9897769516728625,1.0074349442379182,0.9861111111111112
5,19,semiregular,1,753,753,0,692,61,61,0.9189907038512616,0.9189907038512616,1.0,0.9189907038512616
5,19,irregular,1,269,245,24,186,83,59,0.6914498141263941,0.7591836734693878,1.0979591836734695,0.7237354085603114
5,19,regular,2,1122,1076,46,1073,49,3,0.9563279857397504,0.9972118959107806,1.0427509293680297,0.9763421292083713
5,19,semiregular,2,713,753,40,667,46,86,0.9354838709677419,0.8857901726427623,0.9468791500664011,0.9099590723055934
5,19,irregular,2,264,245,19,203,61,42,0.7689393939393939,0.8285714285714286,1.0775510204081633,0.7976424361493124
5,19,regular,3,1082,1076,6,1072,10,4,0.9907578558225508,0.9962825278810409,1.0055762081784387,0.9935125115848007
5,19,semiregular,3,710,753,43,673,37,80,0.9478873239436619,0.8937583001328021,0.9428950863213812,0.9200273410799726
5,19,irregular,3,237,245,8,189,48,56,0.7974683544303798,0.7714285714285715,0.9673469387755103,0.7842323651452282
5,20,regular,1,1189,1251,62,1186,3,65,0.9974768713204374,0.9480415667466027,0.950439648281375,0.9721311475409835
5,20,semiregular,1,883,841,42,777,106,64,0.8799546998867497,0.9239001189060642,1.0499405469678953,0.9013921113689094
5,20,irregular,1,237,252,15,172,65,80,0.7257383966244726,0.6825396825396826,0.9404761904761905,0.703476482617587
5,20,regular,2,1203,1251,48,1190,13,61,0.9891936824605154,0.9512390087929656,0.9616306954436451,0.9698451507742462
5,20,semiregular,2,796,841,45,711,85,130,0.8932160804020101,0.845422116527943,0.9464922711058263,0.868662186927306
5,20,irregular,2,254,252,2,200,54,52,0.7874015748031497,0.7936507936507936,1.007936507936508,0.7905138339920948
5,20,regular,3,1232,1251,19,1229,3,22,0.997564935064935,0.982414068745004,0.9848121502797762,0.9899315344341522
5,20,semiregular,3,813,841,28,740,73,101,0.9102091020910209,0.8799048751486326,0.9667063020214031,0.8948004836759371
5,20,irregular,3,241,252,11,194,47,58,0.8049792531120332,0.7698412698412699,0.9563492063492064,0.7870182555780932
5,21,regular,1,944,920,24,916,28,4,0.9703389830508474,0.9956521739130435,1.0260869565217392,0.9828326180257511
5,21,semiregular,1,583,549,34,486,97,63,0.8336192109777015,0.8852459016393442,1.0619307832422586,0.8586572438162544
5,21,irregular,1,225,204,21,173,52,31,0.7688888888888888,0.8480392156862745,1.1029411764705883,0.8065268065268065
5,21,regular,2,945,920,25,919,26,1,0.9724867724867725,0.9989130434782608,1.0271739130434783,0.9855227882037534
5,21,semiregular,2,574,549,25,484,90,65,0.8432055749128919,0.8816029143897997,1.0455373406193078,0.8619768477292966
5,21,irregular,2,211,204,7,175,36,29,0.8293838862559242,0.8578431372549019,1.0343137254901962,0.8433734939759034
5,21,regular,3,935,920,15,920,15,0,0.983957219251337,1.0,1.016304347826087,0.9919137466307278
5,21,semiregular,3,555,549,6,485,70,64,0.8738738738738738,0.8834244080145719,1.010928961748634,0.8786231884057971
5,21,irregular,3,199,204,5,170,29,34,0.8542713567839196,0.8333333333333334,0.9754901960784313,0.8436724565756824
5,22,regular,1,965,946,19,942,23,4,0.9761658031088083,0.9957716701902748,1.0200845665961944,0.9858712715855573
5,22,semiregular,1,724,703,21,641,83,62,0.8853591160220995,0.9118065433854907,1.0298719772403984,0.8983882270497547
5,22,irregular,1,216,247,31,160,56,87,0.7407407407407407,0.6477732793522267,0.8744939271255061,0.6911447084233261
5,22,regular,2,1005,946,59,946,59,0,0.9412935323383085,1.0,1.062367864693446,0.9697590978985136
5,22,semiregular,2,687,703,16,630,57,73,0.9170305676855895,0.8961593172119487,0.9772403982930299,0.9064748201438849
5,22,irregular,2,240,247,7,196,44,51,0.8166666666666667,0.7935222672064778,0.97165991902834,0.8049281314168378
5,22,regular,3,950,946,4,942,8,4,0.991578947368421,0.9957716701902748,1.0042283298097252,0.9936708860759493
5,22,semiregular,3,671,703,32,615,56,88,0.9165424739195231,0.8748221906116643,0.9544807965860598,0.8951965065502183
5,22,irregular,3,237,247,10,189,48,58,0.7974683544303798,0.7651821862348178,0.9595141700404858,0.7809917355371901
5,23,regular,1,1012,999,13,992,20,7,0.9802371541501976,0.992992992992993,1.013013013013013,0.9865738438587769
5,23,semiregular,1,827,835,8,739,88,96,0.8935912938331319,0.8850299401197604,0.9904191616766467,0.8892900120336943
5,23,irregular,1,258,266,8,171,87,95,0.6627906976744186,0.6428571428571429,0.9699248120300752,0.6526717557251909
5,23,regular,2,973,999,26,958,15,41,0.9845837615621789,0.958958958958959,0.973973973973974,0.9716024340770791
5,23,semiregular,2,862,835,27,767,95,68,0.8897911832946636,0.918562874251497,1.0323353293413173,0.9039481437831467
5,23,irregular,2,250,266,16,191,59,75,0.764,0.7180451127819549,0.9398496240601504,0.7403100775193799
5,23,regular,3,1011,999,12,999,12,0,0.9881305637982196,1.0,1.012012012012012,0.9940298507462687
5,23,semiregular,3,832,835,3,763,69,72,0.9170673076923077,0.9137724550898204,0.9964071856287425,0.9154169166166767
5,23,irregular,3,260,266,6,199,61,67,0.7653846153846153,0.7481203007518797,0.9774436090225563,0.7566539923954373
5,24,regular,1,1060,1079,19,1048,12,31,0.9886792452830189,0.9712696941612604,0.9823911028730306,0.9798971482000935
5,24,semiregular,1,662,680,18,605,57,75,0.9138972809667674,0.8897058823529411,0.9735294117647059,0.9016393442622951
5,24,irregular,1,199,247,48,162,37,85,0.8140703517587939,0.6558704453441295,0.805668016194332,0.726457399103139
5,24,regular,2,1033,1079,46,1021,12,58,0.9883833494675702,0.9462465245597775,0.9573679332715477,0.9668560606060607
5,24,semiregular,2,664,680,16,626,38,54,0.9427710843373494,0.9205882352941176,0.9764705882352941,0.931547619047619
5,24,irregular,2,232,247,15,204,28,43,0.8793103448275862,0.8259109311740891,0.9392712550607287,0.8517745302713988
5,24,regular,3,1074,1079,5,1069,5,10,0.9953445065176909,0.9907321594068582,0.995366079703429,0.993032977241059
5,24,semiregular,3,668,680,12,636,32,44,0.9520958083832335,0.9352941176470588,0.9823529411764705,0.9436201780415431
5,24,irregular,3,237,247,10,207,30,40,0.8734177215189873,0.8380566801619433,0.9595141700404858,0.8553719008264463
5,25,regular,1,946,946,0,940,6,6,0.9936575052854123,0.9936575052854123,1.0,0.9936575052854123
5,25,semiregular,1,692,718,26,625,67,93,0.903179190751445,0.8704735376044568,0.9637883008356546,0.8865248226950354
5,25,irregular,1,226,207,19,145,81,62,0.6415929203539823,0.7004830917874396,1.0917874396135265,0.6697459584295612
5,25,regular,2,914,946,32,908,6,38,0.9934354485776805,0.959830866807611,0.9661733615221987,0.9763440860215055
5,25,semiregular,2,692,718,26,633,59,85,0.9147398843930635,0.8816155988857939,0.9637883008356546,0.8978723404255319
5,25,irregular,2,157,207,50,110,47,97,0.7006369426751592,0.5314009661835749,0.7584541062801933,0.6043956043956045
5,25,regular,3,751,946,195,750,1,196,0.9986684420772304,0.7928118393234672,0.7938689217758985,0.8839127872716559
5,25,semiregular,3,595,718,123,544,51,174,0.9142857142857143,0.7576601671309192,0.8286908077994429,0.8286367098248286
5,25,irregular,3,209,207,2,145,64,62,0.69377990430622,0.7004830917874396,1.0096618357487923,0.6971153846153846
5,26,regular,1,1016,985,31,980,36,5,0.9645669291338582,0.9949238578680203,1.031472081218274,0.9795102448775612
5,26,semiregular,1,768,720,48,673,95,47,0.8763020833333334,0.9347222222222222,1.0666666666666667,0.9045698924731183
5,26,irregular,1,290,214,76,176,114,38,0.6068965517241379,0.822429906542056,1.355140186915888,0.6984126984126984
5,26,regular,2,1314,985,329,981,333,4,0.7465753424657534,0.9959390862944163,1.334010152284264,0.8534145280556763
5,26,semiregular,2,714,720,6,641,73,79,0.8977591036414566,0.8902777777777777,0.9916666666666667,0.8940027894002789
5,26,irregular,2,256,214,42,161,95,53,0.62890625,0.7523364485981309,1.1962616822429906,0.6851063829787234
5,26,regular,3,1048,985,63,982,66,3,0.9370229007633588,0.9969543147208122,1.063959390862944,0.9660600098376783
5,26,semiregular,3,781,720,61,680,101,40,0.8706786171574904,0.9444444444444444,1.0847222222222221,0.9060626249167222
5,26,irregular,3,270,214,56,183,87,31,0.6777777777777778,0.8551401869158879,1.2616822429906542,0.7561983471074382
5,27,regular,1,1105,1166,61,1103,2,63,0.9981900452488688,0.9459691252144082,0.9476843910806175,0.9713782474680758
5,27,semiregular,1,630,728,98,577,53,151,0.9158730158730158,0.7925824175824175,0.8653846153846154,0.8497790868924889
5,27,irregular,1,214,270,56,160,54,110,0.7476635514018691,0.5925925925925926,0.7925925925925926,0.6611570247933883
5,27,regular,2,1057,1166,109,1045,12,121,0.988647114474929,0.8962264150943396,0.9065180102915952,0.9401709401709402
5,27,semiregular,2,724,728,4,660,64,68,0.9116022099447514,0.9065934065934066,0.9945054945054945,0.9090909090909091
5,27,irregular,2,272,270,2,226,46,44,0.8308823529411765,0.837037037037037,1.0074074074074073,0.8339483394833948
5,27,regular,3,1176,1166,10,1165,11,1,0.9906462585034014,0.9991423670668954,1.0085763293310464,0.9948761742100769
5,27,semiregular,3,699,728,29,648,51,80,0.927038626609442,0.8901098901098901,0.9601648351648352,0.9081990189208128
5,27,irregular,3,256,270,14,214,42,56,0.8359375,0.7925925925925926,0.9481481481481482,0.8136882129277566
5,28,regular,1,1051,1098,47,1041,10,57,0.9904852521408183,0.9480874316939891,0.9571948998178507,0.968822708236389
5,28,semiregular,1,878,859,19,794,84,65,0.9043280182232346,0.9243306169965075,1.0221187427240979,0.9142199194012666
5,28,irregular,1,269,293,24,146,123,147,0.5427509293680297,0.49829351535836175,0.9180887372013652,0.5195729537366547
5,28,regular,2,1062,1098,36,1046,16,52,0.9849340866290018,0.9526411657559198,0.9672131147540983,0.9685185185185184
5,28,semiregular,2,827,859,32,769,58,90,0.9298669891172914,0.8952270081490105,0.9627473806752037,0.9122182680901542
5,28,irregular,2,272,293,21,198,74,95,0.7279411764705882,0.6757679180887372,0.9283276450511946,0.7008849557522123
5,28,regular,3,1033,1098,65,1031,2,67,0.9980638915779284,0.9389799635701275,0.9408014571948998,0.9676208352885968
5,28,semiregular,3,777,859,82,732,45,127,0.9420849420849421,0.8521536670547147,0.9045401629802096,0.8948655256723715
5,28,irregular,3,278,293,15,197,81,96,0.7086330935251799,0.6723549488054608,0.9488054607508533,0.6900175131348512
5,29,regular,1,1134,1140,6,1131,3,9,0.9973544973544973,0.9921052631578947,0.9947368421052631,0.9947229551451188
5,29,semiregular,1,908,869,39,808,100,61,0.8898678414096917,0.9298043728423475,1.04487917146145,0.9093978615644345
5,29,irregular,1,231,247,16,167,64,80,0.7229437229437229,0.6761133603238867,0.9352226720647774,0.6987447698744769
5,29,regular,2,1095,1140,45,1086,9,54,0.9917808219178083,0.9526315789473684,0.9605263157894737,0.9718120805369127
5,29,semiregular,2,934,869,65,819,115,50,0.8768736616702355,0.9424626006904487,1.0747986191024166,0.908485856905158
5,29,irregular,2,292,247,45,213,79,34,0.7294520547945206,0.8623481781376519,1.1821862348178138,0.7903525046382189
5,29,regular,3,1097,1140,43,1094,3,46,0.9972652689152234,0.9596491228070175,0.962280701754386,0.978095663835494
5,29,semiregular,3,855,869,14,780,75,89,0.9122807017543859,0.8975834292289988,0.9838895281933256,0.9048723897911832
5,29,irregular,3,250,247,3,205,45,42,0.82,0.8299595141700404,1.0121457489878543,0.8249496981891349
5,30,regular,1,969,997,28,963,6,34,0.9938080495356038,0.9658976930792377,0.9719157472417251,0.9796541200406917
5,30,semiregular,1,812,810,2,741,71,69,0.9125615763546798,0.9148148148148149,1.002469135802469,0.9136868064118373
5,30,irregular,1,251,250,1,160,91,90,0.6374501992031872,0.64,1.004,0.6387225548902196
5,30,regular,2,933,997,64,930,3,67,0.9967845659163987,0.9327983951855566,0.9358074222668004,0.9637305699481866
5,30,semiregular,2,799,810,11,749,50,61,0.9374217772215269,0.9246913580246914,0.9864197530864197,0.9310130515848354
5,30,irregular,2,243,250,7,193,50,57,0.7942386831275721,0.772,0.972,0.7829614604462476
5,30,regular,3,1022,997,25,994,28,3,0.9726027397260274,0.9969909729187563,1.025075225677031,0.984645864289252
5,30,semiregular,3,801,810,9,757,44,53,0.9450686641697877,0.9345679012345679,0.9888888888888889,0.9397889509621353
5,30,irregular,3,249,250,1,192,57,58,0.7710843373493976,0.768,0.996,0.7695390781563127
