Test fold number,Subject,Gait,Sensor,Predicted,Actual,Difference,TP,FP,FN,PPV,Sensitivity,RCA,SDA
1,1,regular,1,931,937,6,917,14,20,0.9849624060150376,0.9786552828175027,0.9935965848452508,0.9817987152034261
1,1,semiregular,1,738,703,35,628,110,75,0.8509485094850948,0.8933143669985776,1.0497866287339972,0.871616932685635
1,1,irregular,1,193,199,6,141,52,58,0.7305699481865285,0.7085427135678392,0.9698492462311558,0.7193877551020408
1,1,regular,2,1059,937,122,934,125,3,0.8819641170915958,0.9967982924226254,1.1302027748132337,0.935871743486974
1,1,semiregular,2,762,703,59,643,119,60,0.8438320209973753,0.914651493598862,1.0839260312944523,0.8778156996587031
1,1,irregular,2,207,199,8,172,35,27,0.8309178743961353,0.864321608040201,1.0402010050251256,0.8472906403940887
1,1,regular,3,911,937,26,905,6,32,0.9934138309549945,0.9658484525080042,0.9722518676627535,0.9794372294372293
1,1,semiregular,3,716,703,13,633,83,70,0.8840782122905028,0.9004267425320057,1.0184921763869133,0.8921775898520085
1,1,irregular,3,202,199,3,167,35,32,0.8267326732673267,0.8391959798994975,1.015075376884422,0.8329177057356607
1,2,regular,1,1091,1224,133,1081,10,143,0.9908340971585701,0.8831699346405228,0.8913398692810458,0.9339092872570194
1,2,semiregular,1,578,647,69,540,38,107,0.9342560553633218,0.8346213292117465,0.893353941267388,0.8816326530612245
1,2,irregular,1,181,217,36,109,72,108,0.6022099447513812,0.5023041474654378,0.8341013824884793,0.5477386934673367
1,2,regular,2,1143,1224,81,1131,12,93,0.989501312335958,0.9240196078431373,0.9338235294117647,0.9556400506970849
1,2,semiregular,2,623,647,24,595,28,52,0.9550561797752809,0.919629057187017,0.9629057187017002,0.937007874015748
1,2,irregular,2,224,217,7,188,36,29,0.8392857142857143,0.8663594470046083,1.032258064516129,0.852607709750567
1,2,regular,3,1205,1224,19,1202,3,22,0.9975103734439834,0.9820261437908496,0.9844771241830066,0.9897076986414162
1,2,semiregular,3,659,647,12,614,45,33,0.9317147192716236,0.9489953632148377,1.01854714064915,0.9402756508422664
1,2,irregular,3,229,217,12,197,32,20,0.8602620087336245,0.9078341013824884,1.055299539170507,0.8834080717488789
1,3,regular,1,1043,1053,10,1035,8,18,0.9923298178331735,0.9829059829059829,0.9905033238366572,0.9875954198473282
1,3,semiregular,1,705,716,11,639,66,77,0.9063829787234042,0.8924581005586593,0.9846368715083799,0.8993666432090077
1,3,irregular,1,213,224,11,151,62,73,0.7089201877934272,0.6741071428571429,0.9508928571428571,0.6910755148741419
1,3,regular,2,994,1053,59,987,7,66,0.9929577464788732,0.9373219373219374,0.9439696106362773,0.9643380556912554
1,3,semiregular,2,718,716,2,660,58,56,0.9192200557103064,0.9217877094972067,1.0027932960893855,0.9205020920502092
1,3,irregular,2,215,224,9,187,28,37,0.8697674418604651,0.8348214285714286,0.9598214285714286,0.8519362186788154
1,3,regular,3,1022,1053,31,1021,1,32,0.9990215264187867,0.9696106362773029,0.9705603038936372,0.9840963855421686
1,3,semiregular,3,713,716,3,655,58,61,0.9186535764375876,0.914804469273743,0.9958100558659218,0.9167249825052485
1,3,irregular,3,224,224,0,187,37,37,0.8348214285714286,0.8348214285714286,1.0,0.8348214285714286
1,4,regular,1,1135,1101,34,1101,34,0,0.9700440528634361,1.0,1.030881017257039,0.98479427549195
1,4,semiregular,1,641,614,27,526,115,88,0.8205928237129485,0.8566775244299675,1.0439739413680782,0.8382470119521913
1,4,irregular,1,219,228,9,135,84,93,0.6164383561643836,0.5921052631578947,0.9605263157894737,0.6040268456375838
1,4,regular,2,1028,1101,73,1022,6,79,0.9941634241245136,0.9282470481380564,0.9336966394187103,0.960075152653828
1,4,semiregular,2,601,614,13,540,61,74,0.8985024958402662,0.8794788273615635,0.9788273615635179,0.8888888888888888
1,4,irregular,2,231,228,3,196,35,32,0.8484848484848485,0.8596491228070176,1.013157894736842,0.8540305010893247
1,4,regular,3,1077,1101,24,1070,7,31,0.9935004642525533,0.971843778383288,0.9782016348773842,0.982552800734619
1,4,semiregular,3,595,614,19,541,54,73,0.9092436974789916,0.8811074918566775,0.9690553745928339,0.8949545078577336
1,4,irregular,3,231,228,3,193,38,35,0.8354978354978355,0.8464912280701754,1.013157894736842,0.840958605664488
1,5,regular,1,1003,1044,41,999,4,45,0.996011964107677,0.9568965517241379,0.960727969348659,0.9760625305324866
1,5,semiregular,1,763,668,95,638,125,30,0.836173001310616,0.9550898203592815,1.1422155688622755,0.8916841369671558
1,5,irregular,1,232,217,15,163,69,54,0.7025862068965517,0.7511520737327189,1.0691244239631337,0.7260579064587973
1,5,regular,2,1029,1044,15,1022,7,22,0.9931972789115646,0.9789272030651341,0.985632183908046,0.9860106126386878
1,5,semiregular,2,714,668,46,628,86,40,0.8795518207282913,0.9401197604790419,1.0688622754491017,0.9088277858176556
1,5,irregular,2,210,217,7,177,33,40,0.8428571428571429,0.815668202764977,0.967741935483871,0.8290398126463701
1,5,regular,3,1029,1044,15,1027,2,17,0.9980563654033042,0.9837164750957854,0.985632183908046,0.9908345393150023
1,5,semiregular,3,686,668,18,623,63,45,0.9081632653061225,0.9326347305389222,1.026946107784431,0.9202363367799113
1,5,irregular,3,213,217,4,181,32,36,0.8497652582159625,0.8341013824884793,0.9815668202764977,0.8418604651162791
1,6,regular,1,947,915,32,907,40,8,0.9577613516367476,0.9912568306010929,1.0349726775956285,0.9742212674543501
1,6,semiregular,1,737,701,36,657,80,44,0.8914518317503393,0.9372325249643366,1.0513552068473608,0.913769123783032
1,6,irregular,1,210,195,15,116,94,79,0.5523809523809524,0.5948717948717949,1.0769230769230769,0.5728395061728396
1,6,regular,2,977,915,62,915,62,0,0.9365404298874105,1.0,1.06775956284153,0.9672304439746301
1,6,semiregular,2,716,701,15,661,55,40,0.9231843575418994,0.9429386590584878,1.0213980028530671,0.9329569513055751
1,6,irregular,2,207,195,12,131,76,64,0.6328502415458938,0.6717948717948717,1.0615384615384615,0.6517412935323383
1,6,regular,3,894,915,21,889,5,26,0.9944071588366891,0.9715846994535519,0.9770491803278688,0.9828634604754007
1,6,semiregular,3,695,701,6,650,45,51,0.935251798561151,0.927246790299572,0.9914407988587732,0.9312320916905443
1,6,irregular,3,212,195,17,173,39,22,0.8160377358490566,0.8871794871794871,1.087179487179487,0.8501228501228502
1,7,regular,1,1247,1230,17,1220,27,10,0.9783480352846833,0.991869918699187,1.0138211382113822,0.985062575696407
1,7,semiregular,1,785,761,24,685,100,76,0.8726114649681529,0.900131406044678,1.0315374507227333,0.8861578266494179
1,7,irregular,1,264,225,39,153,111,72,0.5795454545454546,0.68,1.1733333333333333,0.6257668711656442
1,7,regular,2,1213,1230,17,1196,17,34,0.9859851607584501,0.9723577235772358,0.9861788617886179,0.9791240278346295
1,7,semiregular,2,727,761,34,655,72,106,0.9009628610729024,0.8607095926412615,0.9553219448094612,0.8803763440860214
1,7,irregular,2,205,225,20,183,22,42,0.8926829268292683,0.8133333333333334,0.9111111111111111,0.8511627906976744
1,7,regular,3,1208,1230,22,1207,1,23,0.9991721854304636,0.9813008130081301,0.9821138211382113,0.9901558654634947
1,7,semiregular,3,744,761,17,663,81,98,0.8911290322580645,0.871222076215506,0.9776609724047306,0.8810631229235881
1,7,irregular,3,223,225,2,198,25,27,0.8878923766816144,0.88,0.9911111111111112,0.8839285714285715
1,8,regular,1,1034,1035,1,1020,14,15,0.9864603481624759,0.9855072463768116,0.9990338164251208,0.985983566940551
1,8,semiregular,1,835,827,8,741,94,86,0.8874251497005988,0.8960096735187424,1.0096735187424426,0.891696750902527
1,8,irregular,1,254,243,11,157,97,86,0.6181102362204725,0.6460905349794238,1.045267489711934,0.6317907444668008
1,8,regular,2,1025,1035,10,1017,8,18,0.9921951219512195,0.9826086956521739,0.9903381642512077,0.987378640776699
1,8,semiregular,2,803,827,24,745,58,82,0.9277708592777086,0.9008464328899637,0.9709794437726723,0.9141104294478528
1,8,irregular,2,229,243,14,187,42,56,0.8165938864628821,0.7695473251028807,0.9423868312757202,0.7923728813559323
1,8,regular,3,1015,1035,20,1011,4,24,0.9960591133004926,0.9768115942028985,0.9806763285024155,0.9863414634146341
1,8,semiregular,3,838,827,11,780,58,47,0.9307875894988067,0.9431680773881499,1.0133010882708586,0.9369369369369369
1,8,irregular,3,244,243,1,198,46,45,0.8114754098360656,0.8148148148148148,1.0041152263374487,0.813141683778234
1,9,regular,1,1085,1107,22,1079,6,28,0.9944700460829493,0.974706413730804,0.980126467931346,0.9844890510948906
1,9,semiregular,1,642,701,59,611,31,90,0.9517133956386293,0.8716119828815977,0.9158345221112696,0.909903201787044
1,9,irregular,1,230,266,36,159,71,107,0.691304347826087,0.5977443609022557,0.8646616541353384,0.6411290322580645
1,9,regular,2,1074,1107,33,1066,8,41,0.9925512104283054,0.9629629629629629,0.9701897018970189,0.9775332416322786
1,9,semiregular,2,626,701,75,603,23,98,0.963258785942492,0.8601997146932953,0.8930099857346647,0.908816880180859
1,9,irregular,2,239,266,27,212,27,54,0.8870292887029289,0.7969924812030075,0.8984962406015038,0.8396039603960396
1,9,regular,3,1077,1107,30,1074,3,33,0.9972144846796658,0.9701897018970189,0.9728997289972899,0.9835164835164835
1,9,semiregular,3,686,701,15,655,31,46,0.9548104956268222,0.9343794579172611,0.978601997146933,0.9444844989185293
1,9,irregular,3,253,266,13,216,37,50,0.8537549407114624,0.8120300751879699,0.9511278195488722,0.8323699421965317
1,10,regular,1,1006,1014,8,989,17,25,0.9831013916500994,0.97534516765286,0.9921104536489151,0.9792079207920792
1,10,semiregular,1,674,656,18,609,65,47,0.9035608308605341,0.9283536585365854,1.0274390243902438,0.9157894736842104
1,10,irregular,1,204,247,43,172,32,75,0.8431372549019608,0.6963562753036437,0.8259109311740891,0.762749445676275
1,10,regular,2,1026,1014,12,1001,25,13,0.9756335282651072,0.9871794871794872,1.0118343195266273,0.9813725490196078
1,10,semiregular,2,689,656,33,625,64,31,0.9071117561683599,0.9527439024390244,1.0503048780487805,0.9293680297397771
1,10,irregular,2,241,247,6,210,31,37,0.8713692946058091,0.8502024291497976,0.9757085020242915,0.8606557377049181
1,10,regular,3,994,1014,20,990,4,24,0.9959758551307847,0.9763313609467456,0.980276134122288,0.9860557768924303
1,10,semiregular,3,646,656,10,604,42,52,0.934984520123839,0.9207317073170732,0.9847560975609756,0.9278033794162827
1,10,irregular,3,251,247,4,210,41,37,0.8366533864541833,0.8502024291497976,1.0161943319838056,0.8433734939759037
1,11,regular,1,1064,1070,6,1055,9,15,0.9915413533834586,0.985981308411215,0.994392523364486,0.9887535145267103
1,11,semiregular,1,766,700,66,661,105,39,0.8629242819843342,0.9442857142857143,1.0942857142857143,0.9017735334242838
1,11,irregular,1,218,239,21,160,58,79,0.7339449541284404,0.6694560669456067,0.9121338912133892,0.700218818380744
1,11,regular,2,1044,1070,26,1039,5,31,0.9952107279693486,0.9710280373831776,0.9757009345794393,0.9829706717123935
1,11,semiregular,2,713,700,13,648,65,52,0.908835904628331,0.9257142857142857,1.0185714285714285,0.9171974522292994
1,11,irregular,2,218,239,21,190,28,49,0.8715596330275229,0.7949790794979079,0.9121338912133892,0.8315098468271335
1,11,regular,3,1053,1070,17,1051,2,19,0.9981006647673314,0.9822429906542056,0.9841121495327103,0.9901083372585964
1,11,semiregular,3,698,700,2,643,55,57,0.9212034383954155,0.9185714285714286,0.9971428571428571,0.9198855507868383
1,11,irregular,3,228,239,11,198,30,41,0.868421052631579,0.8284518828451883,0.9539748953974896,0.8479657387580299
1,12,regular,1,1032,1007,25,1007,25,0,0.9757751937984496,1.0,1.0248262164846078,0.9877390877881315
1,12,semiregular,1,717,641,76,610,107,31,0.8507670850767085,0.9516380655226209,1.1185647425897036,0.898379970544919
1,12,irregular,1,244,204,40,177,67,27,0.7254098360655737,0.8676470588235294,1.196078431372549,0.7901785714285715
1,12,regular,2,1055,1007,48,1007,48,0,0.9545023696682464,1.0,1.047666335650447,0.976721629485936
1,12,semiregular,2,675,641,34,593,82,48,0.8785185185185185,0.9251170046801872,1.0530421216848673,0.9012158054711247
1,12,irregular,2,236,204,32,183,53,21,0.7754237288135594,0.8970588235294118,1.1568627450980393,0.8318181818181818
1,12,regular,3,987,1007,20,986,1,21,0.9989868287740629,0.9791459781529295,0.9801390268123138,0.9889669007021062
1,12,semiregular,3,626,641,15,567,59,74,0.9057507987220448,0.8845553822152886,0.9765990639625585,0.8950276243093923
1,12,irregular,3,231,204,27,185,46,19,0.8008658008658008,0.9068627450980392,1.1323529411764706,0.8505747126436781
1,13,regular,1,986,1000,14,981,5,19,0.9949290060851927,0.981,0.986,0.987915407854985
1,13,semiregular,1,881,815,66,792,89,23,0.8989784335981839,0.9717791411042945,1.0809815950920245,0.9339622641509435
1,13,irregular,1,278,216,62,173,105,43,0.6223021582733813,0.8009259259259259,1.287037037037037,0.7004048582995952
1,13,regular,2,987,1000,13,979,8,21,0.9918946301925026,0.979,0.987,0.9854051333668847
1,13,semiregular,2,824,815,9,778,46,37,0.9441747572815534,0.9546012269938651,1.011042944785276,0.9493593654667479
1,13,irregular,2,239,216,23,192,47,24,0.803347280334728,0.8888888888888888,1.1064814814814814,0.8439560439560441
1,13,regular,3,979,1000,21,979,0,21,1.0,0.979,0.979,0.989388580090955
1,13,semiregular,3,810,815,5,764,46,51,0.9432098765432099,0.9374233128834356,0.9938650306748467,0.9403076923076923
1,13,irregular,3,226,216,10,191,35,25,0.8451327433628318,0.8842592592592593,1.0462962962962963,0.8642533936651583
1,14,regular,1,1041,1052,11,1037,4,15,0.9961575408261287,0.9857414448669202,0.9895437262357415,0.9909221213569039
1,14,semiregular,1,885,913,28,816,69,97,0.9220338983050848,0.8937568455640745,0.9693318729463308,0.9076751946607341
1,14,irregular,1,208,217,9,161,47,56,0.7740384615384616,0.7419354838709677,0.9585253456221198,0.7576470588235295
1,14,regular,2,1009,1052,43,1004,5,48,0.9950445986124876,0.9543726235741445,0.9591254752851711,0.9742843279961184
1,14,semiregular,2,906,913,7,856,50,57,0.9448123620309051,0.9375684556407448,0.9923329682365827,0.9411764705882354
1,14,irregular,2,231,217,14,191,40,26,0.8268398268398268,0.880184331797235,1.064516129032258,0.8526785714285714
1,14,regular,3,1028,1052,24,1028,0,24,1.0,0.9771863117870723,0.9771863117870723,0.9884615384615385
1,14,semiregular,3,878,913,35,829,49,84,0.9441913439635535,0.9079956188389924,0.9616648411829135,0.9257398101619209
1,14,irregular,3,216,217,1,186,30,31,0.8611111111111112,0.8571428571428571,0.9953917050691244,0.859122401847575
1,15,regular,1,998,964,34,964,34,0,0.9659318637274549,1.0,1.0352697095435686,0.9826707441386341
1,15,semiregular,1,824,774,50,745,79,29,0.904126213592233,0.962532299741602,1.0645994832041343,0.9324155193992489
1,15,irregular,1,203,218,15,161,42,57,0.7931034482758621,0.7385321100917431,0.9311926605504587,0.7648456057007127
1,15,regular,2,939,964,25,932,7,32,0.9925452609158679,0.966804979253112,0.9740663900414938,0.9795060430898581
1,15,semiregular,2,757,774,17,716,41,58,0.9458388375165125,0.9250645994832042,0.9780361757105943,0.9353363814500327
1,15,irregular,2,213,218,5,187,26,31,0.8779342723004695,0.8577981651376146,0.9770642201834863,0.8677494199535963
1,15,regular,3,947,964,17,946,1,18,0.9989440337909187,0.9813278008298755,0.9823651452282157,0.9900575614861329
1,15,semiregular,3,742,774,32,704,38,70,0.9487870619946092,0.9095607235142119,0.958656330749354,0.9287598944591029
1,15,irregular,3,224,218,6,195,29,23,0.8705357142857143,0.8944954128440367,1.0275229357798166,0.8823529411764706
1,16,regular,1,1103,1109,6,1096,7,13,0.9936536718041704,0.9882777276825969,0.9945897204688909,0.9909584086799277
1,16,semiregular,1,691,681,10,595,96,86,0.8610709117221418,0.8737151248164464,1.014684287812041,0.8673469387755101
1,16,irregular,1,240,272,32,150,90,122,0.625,0.5514705882352942,0.8823529411764706,0.5859375000000001
1,16,regular,2,1119,1109,10,1106,13,3,0.9883824843610366,0.9972948602344455,1.0090171325518484,0.992818671454219
1,16,semiregular,2,670,681,11,610,60,71,0.9104477611940298,0.895741556534508,0.9838472834067548,0.9030347890451517
1,16,irregular,2,261,272,11,214,47,58,0.8199233716475096,0.7867647058823529,0.9595588235294118,0.8030018761726078
1,16,regular,3,1087,1109,22,1085,2,24,0.9981600735970562,0.9783588818755635,0.9801623083859333,0.98816029143898
1,16,semiregular,3,634,681,47,587,47,94,0.9258675078864353,0.8619676945668135,0.9309838472834068,0.8927756653992396
1,16,irregular,3,229,272,43,204,25,68,0.8908296943231441,0.75,0.8419117647058824,0.81437125748503
1,17,regular,1,1045,1029,16,1029,16,0,0.9846889952153111,1.0,1.0155490767735667,0.9922854387656702
1,17,semiregular,1,863,837,26,768,95,69,0.8899188876013905,0.9175627240143369,1.031063321385902,0.9035294117647058
1,17,irregular,1,268,240,28,151,117,89,0.5634328358208955,0.6291666666666667,1.1166666666666667,0.594488188976378
1,17,regular,2,1026,1029,3,1013,13,16,0.9873294346978557,0.9844509232264335,0.9970845481049563,0.9858880778588808
1,17,semiregular,2,853,837,16,792,61,45,0.9284876905041032,0.946236559139785,1.0191158900836321,0.9372781065088757
1,17,irregular,2,278,240,38,199,79,41,0.7158273381294964,0.8291666666666667,1.1583333333333334,0.7683397683397685
1,17,regular,3,1010,1029,19,1009,1,20,0.999009900990099,0.9805636540330418,0.9815354713313897,0.9897008337420304
1,17,semiregular,3,843,837,6,789,54,48,0.9359430604982206,0.942652329749104,1.007168458781362,0.9392857142857143
1,17,irregular,3,253,240,13,203,50,37,0.8023715415019763,0.8458333333333333,1.0541666666666667,0.8235294117647057
1,18,regular,1,1026,1044,18,1020,6,24,0.9941520467836257,0.9770114942528736,0.9827586206896551,0.9855072463768115
1,18,semiregular,1,838,801,37,754,84,47,0.8997613365155132,0.9413233458177278,1.0461922596754056,0.9200732153752288
1,18,irregular,1,265,252,13,185,80,67,0.6981132075471698,0.7341269841269841,1.0515873015873016,0.7156673114119922
1,18,regular,2,1056,1044,12,1039,17,5,0.9839015151515151,0.9952107279693486,1.0114942528735633,0.9895238095238096
1,18,semiregular,2,794,801,7,748,46,53,0.9420654911838791,0.9338327091136079,0.9912609238451935,0.9379310344827586
1,18,irregular,2,270,252,18,217,53,35,0.8037037037037037,0.8611111111111112,1.0714285714285714,0.8314176245210727
1,18,regular,3,1020,1044,24,1019,1,25,0.9990196078431373,0.9760536398467433,0.9770114942528736,0.9874031007751938
1,18,semiregular,3,812,801,11,768,44,33,0.9458128078817734,0.9588014981273408,1.013732833957553,0.9522628642281464
1,18,irregular,3,257,252,5,224,33,28,0.8715953307392996,0.8888888888888888,1.0198412698412698,0.8801571709233792
1,19,regular,1,1074,1076,2,1064,10,12,0.9906890130353817,0.9888475836431226,0.9981412639405205,0.9897674418604651
1,19,semiregular,1,744,753,9,686,58,67,0.9220430107526881,0.9110225763612217,0.9880478087649402,0.916499665998664
1,19,irregular,1,268,245,23,183,85,62,0.6828358208955224,0.746938775510204,1.0938775510204082,0.7134502923976608
1,19,regular,2,1088,1076,12,1072,16,4,0.9852941176470589,0.9962825278810409,1.0111524163568772,0.9907578558225507
1,19,semiregular,2,743,753,10,703,40,50,0.946164199192463,0.9335989375830013,0.9867197875166003,0.9398395721925132
1,19,irregular,2,258,245,13,199,59,46,0.7713178294573644,0.8122448979591836,1.0530612244897959,0.7912524850894633
1,19,regular,3,1049,1076,27,1047,2,29,0.998093422306959,0.9730483271375465,0.974907063197026,0.9854117647058824
1,19,semiregular,3,724,753,29,679,45,74,0.9378453038674033,0.9017264276228419,0.9614873837981408,0.919431279620853
1,19,irregular,3,239,245,6,200,39,45,0.8368200836820083,0.8163265306122449,0.9755102040816327,0.8264462809917354
1,20,regular,1,1202,1251,49,1198,4,53,0.9966722129783694,0.9576338928856915,0.9608313349320543,0.9767631471667346
1,20,semiregular,1,899,841,58,780,119,61,0.8676307007786429,0.9274673008323424,1.0689655172413792,0.8965517241379309
1,20,irregular,1,271,252,19,179,92,73,0.6605166051660517,0.7103174603174603,1.0753968253968254,0.6845124282982792
1,20,regular,2,1224,1251,27,1212,12,39,0.9901960784313726,0.9688249400479616,0.9784172661870504,0.9793939393939394
1,20,semiregular,2,821,841,20,742,79,99,0.9037758830694276,0.882282996432818,0.976218787158145,0.8929001203369434
1,20,irregular,2,253,252,1,201,52,51,0.7944664031620553,0.7976190476190477,1.003968253968254,0.7960396039603961
1,20,regular,3,1211,1251,40,1208,3,43,0.9975227085053675,0.9656274980015987,0.9680255795363709,0.9813160032493907
1,20,semiregular,3,833,841,8,750,83,91,0.9003601440576231,0.89179548156956,0.990487514863258,0.8960573476702509
1,20,irregular,3,244,252,8,200,44,52,0.819672131147541,0.7936507936507936,0.9682539682539683,0.8064516129032259
1,21,regular,1,941,920,21,918,23,2,0.975557917109458,0.9978260869565218,1.0228260869565218,0.9865663621708759
1,21,semiregular,1,586,549,37,484,102,65,0.825938566552901,0.8816029143897997,1.0673952641165756,0.8528634361233479
1,21,irregular,1,208,204,4,155,53,49,0.7451923076923077,0.7598039215686274,1.0196078431372548,0.7524271844660195
1,21,regular,2,952,920,32,920,32,0,0.9663865546218487,1.0,1.0347826086956522,0.9829059829059829
1,21,semiregular,2,579,549,30,499,80,50,0.8618307426597582,0.9089253187613844,1.0546448087431695,0.8847517730496455
1,21,irregular,2,207,204,3,177,30,27,0.855072463768116,0.8676470588235294,1.0147058823529411,0.8613138686131386
1,21,regular,3,894,920,26,892,2,28,0.9977628635346756,0.9695652173913043,0.9717391304347827,0.9834619625137816
1,21,semiregular,3,582,549,33,508,74,41,0.872852233676976,0.9253187613843351,1.0601092896174864,0.8983200707338639
1,21,irregular,3,209,204,5,183,26,21,0.8755980861244019,0.8970588235294118,1.0245098039215685,0.8861985472154964
1,22,regular,1,1000,946,54,944,56,2,0.944,0.9978858350951374,1.0570824524312896,0.9701952723535457
1,22,semiregular,1,739,703,36,647,92,56,0.8755074424898511,0.9203413940256046,1.0512091038406828,0.897364771151179
1,22,irregular,1,224,247,23,163,61,84,0.7276785714285714,0.659919028340081,0.9068825910931174,0.692144373673036
1,22,regular,2,985,946,39,946,39,0,0.9604060913705583,1.0,1.0412262156448202,0.9798032107716209
1,22,semiregular,2,702,703,1,648,54,55,0.9230769230769231,0.9217638691322901,0.9985775248933144,0.9224199288256227
1,22,irregular,2,227,247,20,192,35,55,0.8458149779735683,0.7773279352226721,0.9190283400809717,0.810126582278481
1,22,regular,3,926,946,20,924,2,22,0.9978401727861771,0.9767441860465116,0.9788583509513742,0.9871794871794872
1,22,semiregular,3,701,703,2,657,44,46,0.9372325249643366,0.9345661450924608,0.9971550497866287,0.9358974358974359
1,22,irregular,3,258,247,11,215,43,32,0.8333333333333334,0.8704453441295547,1.0445344129554657,0.8514851485148515
1,23,regular,1,1027,999,28,997,30,2,0.9707887049659202,0.997997997997998,1.028028028028028,0.9842053307008883
1,23,semiregular,1,897,835,62,786,111,49,0.8762541806020067,0.9413173652694611,1.074251497005988,0.907621247113164
1,23,irregular,1,266,266,0,162,104,104,0.6090225563909775,0.6090225563909775,1.0,0.6090225563909775
1,23,regular,2,993,999,6,982,11,17,0.9889224572004028,0.982982982982983,0.993993993993994,0.9859437751004017
1,23,semiregular,2,856,835,21,783,73,52,0.9147196261682243,0.9377245508982036,1.0251497005988024,0.9260792430514488
1,23,irregular,2,243,266,23,194,49,72,0.7983539094650206,0.7293233082706767,0.9135338345864662,0.7622789783889982
1,23,regular,3,989,999,10,981,8,18,0.9919110212335692,0.9819819819819819,0.98998998998999,0.9869215291750503
1,23,semiregular,3,850,835,15,783,67,52,0.9211764705882353,0.9377245508982036,1.0179640718562875,0.9293768545994066
1,23,irregular,3,273,266,7,213,60,53,0.7802197802197802,0.8007518796992481,1.0263157894736843,0.7903525046382189
1,24,regular,1,1096,1079,17,1078,18,1,0.9835766423357665,0.9990732159406858,1.015755329008341,0.991264367816092
1,24,semiregular,1,658,680,22,595,63,85,0.9042553191489362,0.875,0.9676470588235294,0.8893871449925262
1,24,irregular,1,186,247,61,143,43,104,0.7688172043010753,0.5789473684210527,0.7530364372469636,0.6605080831408776
1,24,regular,2,1071,1079,8,1058,13,21,0.9878618113912232,0.9805375347544022,0.9925857275254866,0.984186046511628
1,24,semiregular,2,669,680,11,637,32,43,0.9521674140508222,0.9367647058823529,0.9838235294117647,0.9444032616753152
1,24,irregular,2,223,247,24,208,15,39,0.9327354260089686,0.8421052631578947,0.902834008097166,0.8851063829787235
1,24,regular,3,1060,1079,19,1057,3,22,0.9971698113207547,0.9796107506950881,0.9823911028730306,0.9883122954651706
1,24,semiregular,3,682,680,2,648,34,32,0.9501466275659824,0.9529411764705882,1.0029411764705882,0.9515418502202643
1,24,irregular,3,236,247,11,215,21,32,0.9110169491525424,0.8704453441295547,0.9554655870445344,0.8902691511387163
1,25,regular,1,961,946,15,942,19,4,0.9802289281997919,0.9957716701902748,1.0158562367864694,0.9879391714735185
1,25,semiregular,1,711,718,7,638,73,80,0.8973277074542897,0.8885793871866295,0.9902506963788301,0.8929321203638909
1,25,irregular,1,214,207,7,138,76,69,0.6448598130841121,0.6666666666666666,1.0338164251207729,0.6555819477434678
1,25,regular,2,923,946,23,916,7,30,0.9924160346695557,0.9682875264270613,0.9756871035940803,0.980203317281969
1,25,semiregular,2,717,718,1,662,55,56,0.9232914923291492,0.9220055710306406,0.9986072423398329,0.9226480836236933
1,25,irregular,2,210,207,3,151,59,56,0.719047619047619,0.7294685990338164,1.0144927536231885,0.724220623501199
1,25,regular,3,930,946,16,929,1,17,0.9989247311827957,0.9820295983086681,0.9830866807610994,0.990405117270789
1,25,semiregular,3,670,718,48,619,51,99,0.9238805970149254,0.862116991643454,0.9331476323119777,0.8919308357348703
1,25,irregular,3,218,207,11,153,65,54,0.7018348623853211,0.7391304347826086,1.0531400966183575,0.72
1,26,regular,1,994,985,9,973,21,12,0.9788732394366197,0.9878172588832488,1.0091370558375634,0.9833249115715008
1,26,semiregular,1,786,720,66,679,107,41,0.8638676844783715,0.9430555555555555,1.0916666666666666,0.9017264276228419
1,26,irregular,1,282,214,68,182,100,32,0.6453900709219859,0.8504672897196262,1.3177570093457944,0.7338709677419354
1,26,regular,2,970,985,15,959,11,26,0.988659793814433,0.9736040609137055,0.9847715736040609,0.981074168797954
1,26,semiregular,2,736,720,16,664,72,56,0.9021739130434783,0.9222222222222223,1.0222222222222221,0.9120879120879122
1,26,irregular,2,217,214,3,155,62,59,0.7142857142857143,0.7242990654205608,1.014018691588785,0.7192575406032482
1,26,regular,3,974,985,11,970,4,15,0.9958932238193019,0.9847715736040609,0.9888324873096447,0.9903011740684021
1,26,semiregular,3,717,720,3,656,61,64,0.9149232914923291,0.9111111111111111,0.9958333333333333,0.9130132219902574
1,26,irregular,3,244,214,30,189,55,25,0.7745901639344263,0.883177570093458,1.1401869158878504,0.8253275109170306
1,27,regular,1,1135,1166,31,1129,6,37,0.9947136563876652,0.9682675814751286,0.9734133790737565,0.9813124728378965
1,27,semiregular,1,719,728,9,635,84,93,0.8831710709318498,0.8722527472527473,0.9876373626373627,0.8776779543883898
1,27,irregular,1,228,270,42,176,52,94,0.7719298245614035,0.6518518518518519,0.8444444444444444,0.7068273092369478
1,27,regular,2,1141,1166,25,1131,10,35,0.9912357581069238,0.9699828473413379,0.9785591766723842,0.9804941482444733
1,27,semiregular,2,718,728,10,664,54,64,0.924791086350975,0.9120879120879121,0.9862637362637363,0.9183955739972336
1,27,irregular,2,264,270,6,229,35,41,0.8674242424242424,0.8481481481481481,0.9777777777777777,0.8576779026217228
1,27,regular,3,1145,1166,21,1143,2,23,0.9982532751091703,0.9802744425385935,0.9819897084048027,0.9891821722198183
1,27,semiregular,3,697,728,31,642,55,86,0.921090387374462,0.8818681318681318,0.9574175824175825,0.9010526315789474
1,27,irregular,3,260,270,10,222,38,48,0.8538461538461538,0.8222222222222222,0.9629629629629629,0.8377358490566038
1,28,regular,1,1096,1098,2,1087,9,11,0.9917883211678832,0.9899817850637522,0.9981785063752276,0.9908842297174111
1,28,semiregular,1,900,859,41,808,92,51,0.8977777777777778,0.940628637951106,1.0477299185098952,0.9187038089823764
1,28,irregular,1,300,293,7,180,120,113,0.6,0.6143344709897611,1.023890784982935,0.6070826306913997
1,28,regular,2,1100,1098,2,1083,17,15,0.9845454545454545,0.9863387978142076,1.0018214936247722,0.9854413102820746
1,28,semiregular,2,835,859,24,785,50,74,0.9401197604790419,0.9138533178114087,0.9720605355064028,0.9268004722550177
1,28,irregular,2,286,293,7,211,75,82,0.7377622377622378,0.7201365187713311,0.9761092150170648,0.7288428324697755
1,28,regular,3,1087,1098,11,1085,2,13,0.9981600735970562,0.98816029143898,0.9899817850637522,0.9931350114416477
1,28,semiregular,3,828,859,31,789,39,70,0.9528985507246377,0.9185098952270081,0.9639115250291036,0.935388263189093
1,28,irregular,3,279,293,14,214,65,79,0.7670250896057348,0.7303754266211604,0.9522184300341296,0.7482517482517481
1,29,regular,1,1126,1140,14,1121,5,19,0.9955595026642984,0.9833333333333333,0.987719298245614,0.9894086496028243
1,29,semiregular,1,942,869,73,821,121,48,0.8715498938428875,0.9447640966628308,1.0840046029919448,0.9066813914964108
1,29,irregular,1,238,247,9,183,55,64,0.7689075630252101,0.7408906882591093,0.9635627530364372,0.7546391752577319
1,29,regular,2,1110,1140,30,1102,8,38,0.9927927927927928,0.9666666666666667,0.9736842105263158,0.9795555555555556
1,29,semiregular,2,915,869,46,810,105,59,0.8852459016393442,0.9321058688147296,1.052934407364787,0.9080717488789237
1,29,irregular,2,273,247,26,217,56,30,0.7948717948717948,0.8785425101214575,1.105263157894737,0.8346153846153846
1,29,regular,3,1119,1140,21,1118,1,22,0.9991063449508489,0.980701754385965,0.9815789473684211,0.9898185037627268
1,29,semiregular,3,874,869,5,784,90,85,0.897025171624714,0.9021864211737629,1.005753739930955,0.8995983935742972
1,29,irregular,3,256,247,9,214,42,33,0.8359375,0.8663967611336032,1.0364372469635628,0.8508946322067594
1,30,regular,1,983,997,14,980,3,17,0.9969481180061037,0.9829488465396189,0.9859578736208626,0.98989898989899
1,30,semiregular,1,840,810,30,766,74,44,0.9119047619047619,0.945679012345679,1.037037037037037,0.9284848484848485
1,30,irregular,1,255,250,5,174,81,76,0.6823529411764706,0.696,1.02,0.689108910891089
1,30,regular,2,967,997,30,961,6,36,0.9937952430196484,0.9638916750250752,0.9699097291875627,0.9786150712830958
1,30,semiregular,2,802,810,8,753,49,57,0.9389027431421446,0.9296296296296296,0.9901234567901235,0.93424317617866
1,30,irregular,2,230,250,20,197,33,53,0.8565217391304348,0.788,0.92,0.8208333333333334
1,30,regular,3,973,997,24,972,1,25,0.998972250770812,0.9749247743229689,0.9759277833500501,0.9868020304568528
1,30,semiregular,3,808,810,2,764,44,46,0.9455445544554455,0.9432098765432099,0.9975308641975309,0.9443757725587144
1,30,irregular,3,260,250,10,204,56,46,0.7846153846153846,0.816,1.04,0.7999999999999999
2,1,regular,1,979,937,42,936,43,1,0.9560776302349336,0.9989327641408752,1.0448239060832445,0.977035490605428
2,1,semiregular,1,707,703,4,612,95,91,0.8656294200848657,0.8705547652916074,1.0056899004267426,0.8680851063829786
2,1,irregular,1,185,199,14,139,46,60,0.7513513513513513,0.6984924623115578,0.9296482412060302,0.7239583333333334
2,1,regular,2,984,937,47,931,53,6,0.9461382113821138,0.9935965848452508,1.0501600853788686,0.9692868297761583
2,1,semiregular,2,733,703,30,638,95,65,0.8703956343792633,0.9075391180654339,1.042674253200569,0.8885793871866295
2,1,irregular,2,200,199,1,170,30,29,0.85,0.8542713567839196,1.0050251256281406,0.8521303258145363
2,1,regular,3,933,937,4,928,5,9,0.9946409431939979,0.9903948772678762,0.9957310565635006,0.9925133689839573
2,1,semiregular,3,717,703,14,638,79,65,0.8898186889818689,0.9075391180654339,1.0199146514935988,0.8985915492957747
2,1,irregular,3,192,199,7,158,34,41,0.8229166666666666,0.7939698492462312,0.964824120603015,0.8081841432225064
2,2,regular,1,1212,1224,12,1201,11,23,0.990924092409241,0.9812091503267973,0.9901960784313726,0.9860426929392446
2,2,semiregular,1,560,647,87,533,27,114,0.9517857142857142,0.8238021638330757,0.865533230293663,0.8831814415907208
2,2,irregular,1,194,217,23,129,65,88,0.6649484536082474,0.5944700460829493,0.8940092165898618,0.6277372262773723
2,2,regular,2,1195,1224,29,1183,12,41,0.9899581589958159,0.9665032679738562,0.9763071895424836,0.9780901198842497
2,2,semiregular,2,624,647,23,593,31,54,0.9503205128205128,0.9165378670788253,0.964451313755796,0.9331235247836349
2,2,irregular,2,224,217,7,189,35,28,0.84375,0.8709677419354839,1.032258064516129,0.8571428571428571
2,2,regular,3,1220,1224,4,1215,5,9,0.9959016393442623,0.9926470588235294,0.9967320261437909,0.9942716857610475
2,2,semiregular,3,648,647,1,608,40,39,0.9382716049382716,0.9397217928902627,1.001545595054096,0.938996138996139
2,2,irregular,3,208,217,9,178,30,39,0.8557692307692307,0.8202764976958525,0.9585253456221198,0.8376470588235295
2,3,regular,1,1052,1053,1,1043,9,10,0.9914448669201521,0.9905033238366572,0.9990503323836657,0.9909738717339668
2,3,semiregular,1,679,716,37,630,49,86,0.9278350515463918,0.8798882681564246,0.9483240223463687,0.9032258064516129
2,3,irregular,1,204,224,20,149,55,75,0.7303921568627451,0.6651785714285714,0.9107142857142857,0.6962616822429907
2,3,regular,2,986,1053,67,980,6,73,0.9939148073022313,0.9306742640075973,0.936372269705603,0.9612555174104953
2,3,semiregular,2,728,716,12,674,54,42,0.9258241758241759,0.9413407821229051,1.0167597765363128,0.9335180055401663
2,3,irregular,2,209,224,15,177,32,47,0.84688995215311,0.7901785714285714,0.9330357142857143,0.8175519630484989
2,3,regular,3,1041,1053,12,1039,2,14,0.9980787704130644,0.9867046533713201,0.9886039886039886,0.9923591212989494
2,3,semiregular,3,731,716,15,677,54,39,0.9261285909712722,0.9455307262569832,1.020949720670391,0.9357290946786454
2,3,irregular,3,208,224,16,175,33,49,0.8413461538461539,0.78125,0.9285714285714286,0.8101851851851852
2,4,regular,1,1156,1101,55,1097,59,4,0.948961937716263,0.9963669391462306,1.0499545867393278,0.9720868409393
2,4,semiregular,1,629,614,15,524,105,90,0.8330683624801272,0.8534201954397395,1.02442996742671,0.843121480289622
2,4,irregular,1,228,228,0,156,72,72,0.6842105263157895,0.6842105263157895,1.0,0.6842105263157895
2,4,regular,2,1097,1101,4,1093,4,8,0.9963536918869644,0.9927338782924614,0.9963669391462306,0.9945404913557779
2,4,semiregular,2,626,614,12,568,58,46,0.9073482428115016,0.9250814332247557,1.019543973941368,0.9161290322580645
2,4,irregular,2,236,228,8,190,46,38,0.8050847457627118,0.8333333333333334,1.0350877192982457,0.8189655172413792
2,4,regular,3,1097,1101,4,1094,3,7,0.9972652689152234,0.9936421435059037,0.9963669391462306,0.9954504094631484
2,4,semiregular,3,614,614,0,551,63,63,0.8973941368078175,0.8973941368078175,1.0,0.8973941368078175
2,4,irregular,3,219,228,9,188,31,40,0.8584474885844748,0.8245614035087719,0.9605263157894737,0.8411633109619686
2,5,regular,1,1088,1044,44,1044,44,0,0.9595588235294118,1.0,1.0421455938697317,0.9793621013133209
2,5,semiregular,1,726,668,58,627,99,41,0.8636363636363636,0.938622754491018,1.0868263473053892,0.8995695839311335
2,5,irregular,1,217,217,0,163,54,54,0.7511520737327189,0.7511520737327189,1.0,0.7511520737327188
2,5,regular,2,1030,1044,14,1026,4,18,0.996116504854369,0.9827586206896551,0.9865900383141762,0.9893924783027966
2,5,semiregular,2,713,668,45,639,74,29,0.8962131837307152,0.9565868263473054,1.0673652694610778,0.9254163649529327
2,5,irregular,2,220,217,3,180,40,37,0.8181818181818182,0.8294930875576036,1.0138248847926268,0.8237986270022882
2,5,regular,3,1037,1044,7,1035,2,9,0.9980713596914176,0.9913793103448276,0.9932950191570882,0.9947140797693417
2,5,semiregular,3,695,668,27,622,73,46,0.8949640287769784,0.9311377245508982,1.0404191616766467,0.9126925898752752
2,5,irregular,3,208,217,9,172,36,45,0.8269230769230769,0.7926267281105991,0.9585253456221198,0.8094117647058824
2,6,regular,1,959,915,44,914,45,1,0.9530761209593326,0.9989071038251366,1.048087431693989,0.9754535752401281
2,6,semiregular,1,706,701,5,658,48,43,0.9320113314447592,0.9386590584878745,1.007132667617689,0.9353233830845771
2,6,irregular,1,186,195,9,113,73,82,0.6075268817204301,0.5794871794871795,0.9538461538461539,0.5931758530183727
2,6,regular,2,926,915,11,901,25,14,0.9730021598272138,0.9846994535519126,1.0120218579234972,0.9788158609451385
2,6,semiregular,2,719,701,18,663,56,38,0.9221140472878998,0.9457917261055635,1.0256776034236805,0.9338028169014084
2,6,irregular,2,183,195,12,127,56,68,0.6939890710382514,0.6512820512820513,0.9384615384615385,0.671957671957672
2,6,regular,3,909,915,6,904,5,11,0.9944994499449945,0.9879781420765027,0.9934426229508196,0.9912280701754386
2,6,semiregular,3,712,701,11,669,43,32,0.9396067415730337,0.9543509272467903,1.0156918687589158,0.9469214437367304
2,6,irregular,3,193,195,2,163,30,32,0.844559585492228,0.8358974358974359,0.9897435897435898,0.8402061855670104
2,7,regular,1,158,1230,1072,155,3,1075,0.9810126582278481,0.12601626016260162,0.12845528455284552,0.223342939481268
2,7,semiregular,1,514,761,247,434,80,327,0.8443579766536965,0.5703022339027596,0.6754270696452037,0.6807843137254902
2,7,irregular,1,195,225,30,116,79,109,0.5948717948717949,0.5155555555555555,0.8666666666666667,0.5523809523809524
2,7,regular,2,383,1230,847,380,3,850,0.9921671018276762,0.3089430894308943,0.31138211382113823,0.47117172969621823
2,7,semiregular,2,721,761,40,657,64,104,0.9112343966712899,0.8633377135348226,0.9474375821287779,0.8866396761133604
2,7,irregular,2,214,225,11,180,34,45,0.8411214953271028,0.8,0.9511111111111111,0.8200455580865604
2,7,regular,3,1225,1230,5,1224,1,6,0.9991836734693877,0.9951219512195122,0.9959349593495935,0.9971486761710794
2,7,semiregular,3,748,761,13,666,82,95,0.8903743315508021,0.8751642575558476,0.9829172141918529,0.8827037773359842
2,7,irregular,3,207,225,18,180,27,45,0.8695652173913043,0.8,0.92,0.8333333333333333
2,8,regular,1,1032,1035,3,1017,15,18,0.9854651162790697,0.9826086956521739,0.9971014492753624,0.9840348330914369
2,8,semiregular,1,776,827,51,695,81,132,0.895618556701031,0.8403869407496977,0.9383313180169287,0.8671241422333126
2,8,irregular,1,228,243,15,143,85,100,0.6271929824561403,0.588477366255144,0.9382716049382716,0.6072186836518046
2,8,regular,2,1027,1035,8,1016,11,19,0.9892891918208374,0.9816425120772947,0.9922705314009662,0.9854510184287101
2,8,semiregular,2,831,827,4,771,60,56,0.927797833935018,0.932285368802902,1.0048367593712213,0.9300361881785282
2,8,irregular,2,223,243,20,180,43,63,0.8071748878923767,0.7407407407407407,0.9176954732510288,0.7725321888412017
2,8,regular,3,1028,1035,7,1024,4,11,0.9961089494163424,0.9893719806763285,0.9932367149758454,0.9927290353853612
2,8,semiregular,3,853,827,26,779,74,48,0.9132473622508792,0.9419588875453446,1.0314389359129383,0.9273809523809524
2,8,irregular,3,228,243,15,184,44,59,0.8070175438596491,0.757201646090535,0.9382716049382716,0.7813163481953291
2,9,regular,1,1095,1107,12,1086,9,21,0.9917808219178083,0.981029810298103,0.989159891598916,0.9863760217983653
2,9,semiregular,1,604,701,97,576,28,125,0.9536423841059603,0.8216833095577746,0.8616262482168331,0.8827586206896552
2,9,irregular,1,206,266,60,140,66,126,0.6796116504854369,0.5263157894736842,0.7744360902255639,0.5932203389830508
2,9,regular,2,1072,1107,35,1061,11,46,0.9897388059701493,0.9584462511291779,0.9683830171635049,0.9738412115649381
2,9,semiregular,2,629,701,72,602,27,99,0.9570747217806042,0.8587731811697575,0.8972895863052782,0.9052631578947368
2,9,irregular,2,252,266,14,213,39,53,0.8452380952380952,0.8007518796992481,0.9473684210526315,0.8223938223938223
2,9,regular,3,1091,1107,16,1088,3,19,0.997250229147571,0.982836495031617,0.985546522131888,0.9899909008189263
2,9,semiregular,3,698,701,3,661,37,40,0.9469914040114613,0.9429386590584878,0.9957203994293866,0.9449606862044316
2,9,irregular,3,236,266,30,201,35,65,0.8516949152542372,0.7556390977443609,0.8872180451127819,0.8007968127490039
2,10,regular,1,1075,1014,61,1008,67,6,0.9376744186046512,0.9940828402366864,1.0601577909270217,0.9650550502632839
2,10,semiregular,1,644,656,12,596,48,60,0.9254658385093167,0.9085365853658537,0.9817073170731707,0.916923076923077
2,10,irregular,1,202,247,45,162,40,85,0.801980198019802,0.6558704453441295,0.8178137651821862,0.7216035634743875
2,10,regular,2,1005,1014,9,991,14,23,0.9860696517412936,0.9773175542406312,0.9911242603550295,0.9816740960871719
2,10,semiregular,2,697,656,41,627,70,29,0.8995695839311334,0.9557926829268293,1.0625,0.9268292682926829
2,10,irregular,2,252,247,5,218,34,29,0.8650793650793651,0.8825910931174089,1.0202429149797572,0.87374749498998
2,10,regular,3,1016,1014,2,1008,8,6,0.9921259842519685,0.9940828402366864,1.0019723865877712,0.9931034482758622
2,10,semiregular,3,658,656,2,607,51,49,0.9224924012158054,0.9253048780487805,1.0030487804878048,0.9238964992389649
2,10,irregular,3,244,247,3,198,46,49,0.8114754098360656,0.8016194331983806,0.9878542510121457,0.8065173116089615
2,11,regular,1,1105,1070,35,1065,40,5,0.9638009049773756,0.9953271028037384,1.0327102803738317,0.9793103448275862
2,11,semiregular,1,721,700,21,630,91,70,0.8737864077669902,0.9,1.03,0.8866995073891626
2,11,irregular,1,196,239,43,153,43,86,0.7806122448979592,0.6401673640167364,0.8200836820083682,0.7034482758620689
2,11,regular,2,560,1070,510,560,0,510,1.0,0.5233644859813084,0.5233644859813084,0.6871165644171778
2,11,semiregular,2,699,700,1,635,64,65,0.9084406294706724,0.9071428571428571,0.9985714285714286,0.9077912794853467
2,11,irregular,2,218,239,21,186,32,53,0.8532110091743119,0.7782426778242678,0.9121338912133892,0.8140043763676149
2,11,regular,3,1035,1070,35,1033,2,37,0.9980676328502416,0.9654205607476636,0.9672897196261683,0.9814726840855107
2,11,semiregular,3,695,700,5,635,60,65,0.9136690647482014,0.9071428571428571,0.9928571428571429,0.9103942652329748
2,11,irregular,3,208,239,31,179,29,60,0.8605769230769231,0.7489539748953975,0.8702928870292888,0.8008948545861297
2,12,regular,1,1059,1007,52,1007,52,0,0.9508970727101038,1.0,1.051638530287984,0.9748305905130688
2,12,semiregular,1,718,641,77,601,117,40,0.8370473537604457,0.9375975039001561,1.1201248049921997,0.8844738778513613
2,12,irregular,1,250,204,46,176,74,28,0.704,0.8627450980392157,1.2254901960784315,0.7753303964757708
2,12,regular,2,1044,1007,37,1007,37,0,0.9645593869731801,1.0,1.0367428003972194,0.9819600195026816
2,12,semiregular,2,689,641,48,593,96,48,0.8606676342525399,0.9251170046801872,1.0748829953198127,0.8917293233082706
2,12,irregular,2,241,204,37,184,57,20,0.7634854771784232,0.9019607843137255,1.1813725490196079,0.8269662921348315
2,12,regular,3,999,1007,8,994,5,13,0.994994994994995,0.9870903674280039,0.9920556107249255,0.9910269192422733
2,12,semiregular,3,627,641,14,570,57,71,0.9090909090909091,0.8892355694227769,0.9781591263650546,0.8990536277602524
2,12,irregular,3,206,204,2,168,38,36,0.8155339805825242,0.8235294117647058,1.0098039215686274,0.8195121951219512
2,13,regular,1,1037,1000,37,1000,37,0,0.9643201542912246,1.0,1.037,0.9818360333824252
2,13,semiregular,1,856,815,41,779,77,36,0.9100467289719626,0.9558282208588957,1.0503067484662576,0.9323758228605625
2,13,irregular,1,245,216,29,162,83,54,0.6612244897959184,0.75,1.1342592592592593,0.7028199566160522
2,13,regular,2,978,1000,22,973,5,27,0.9948875255623721,0.973,0.978,0.9838220424671386
2,13,semiregular,2,841,815,26,788,53,27,0.9369797859690844,0.9668711656441717,1.0319018404907976,0.9516908212560387
2,13,irregular,2,250,216,34,191,59,25,0.764,0.8842592592592593,1.1574074074074074,0.8197424892703863
2,13,regular,3,993,1000,7,993,0,7,1.0,0.993,0.993,0.9964877069744105
2,13,semiregular,3,829,815,14,778,51,37,0.9384800965018094,0.9546012269938651,1.0171779141104293,0.9464720194647203
2,13,irregular,3,221,216,5,186,35,30,0.8416289592760181,0.8611111111111112,1.0231481481481481,0.851258581235698
2,14,regular,1,1047,1052,5,1043,4,9,0.9961795606494747,0.9914448669201521,0.9952471482889734,0.9938065745593141
2,14,semiregular,1,867,913,46,809,58,104,0.9331026528258363,0.8860898138006572,0.9496166484118291,0.9089887640449438
2,14,irregular,1,204,217,13,154,50,63,0.7549019607843137,0.7096774193548387,0.9400921658986175,0.7315914489311164
2,14,regular,2,1030,1052,22,1026,4,26,0.996116504854369,0.9752851711026616,0.9790874524714829,0.9855907780979827
2,14,semiregular,2,916,913,3,853,63,60,0.9312227074235808,0.9342825848849945,1.0032858707557504,0.932750136686714
2,14,irregular,2,226,217,9,190,36,27,0.8407079646017699,0.8755760368663594,1.0414746543778801,0.8577878103837472
2,14,regular,3,1046,1052,6,1046,0,6,1.0,0.9942965779467681,0.9942965779467681,0.9971401334604385
2,14,semiregular,3,883,913,30,838,45,75,0.9490373725934315,0.9178532311062432,0.9671412924424972,0.933184855233853
2,14,irregular,3,198,217,19,171,27,46,0.8636363636363636,0.7880184331797235,0.9124423963133641,0.8240963855421688
2,15,regular,1,1000,964,36,964,36,0,0.964,1.0,1.037344398340249,0.9816700610997963
2,15,semiregular,1,797,774,23,732,65,42,0.918444165621079,0.9457364341085271,1.0297157622739017,0.9318905155951622
2,15,irregular,1,199,218,19,168,31,50,0.8442211055276382,0.7706422018348624,0.9128440366972477,0.8057553956834533
2,15,regular,2,940,964,24,935,5,29,0.9946808510638298,0.9699170124481328,0.975103734439834,0.9821428571428572
2,15,semiregular,2,775,774,1,731,44,43,0.9432258064516129,0.9444444444444444,1.0012919896640826,0.9438347320852163
2,15,irregular,2,199,218,19,178,21,40,0.8944723618090452,0.8165137614678899,0.9128440366972477,0.8537170263788969
2,15,regular,3,956,964,8,955,1,9,0.9989539748953975,0.9906639004149378,0.991701244813278,0.9947916666666666
2,15,semiregular,3,756,774,18,720,36,54,0.9523809523809523,0.9302325581395349,0.9767441860465116,0.9411764705882352
2,15,irregular,3,206,218,12,181,25,37,0.8786407766990292,0.8302752293577982,0.944954128440367,0.8537735849056604
2,16,regular,1,1121,1109,12,1108,13,1,0.9884032114183765,0.9990982867448152,1.0108205590622181,0.9937219730941705
2,16,semiregular,1,733,681,52,631,102,50,0.8608458390177354,0.9265785609397944,1.0763582966226137,0.8925035360678925
2,16,irregular,1,242,272,30,162,80,110,0.6694214876033058,0.5955882352941176,0.8897058823529411,0.6303501945525292
2,16,regular,2,1123,1109,14,1107,16,2,0.9857524487978628,0.9981965734896303,1.0126239855725878,0.9919354838709677
2,16,semiregular,2,683,681,2,620,63,61,0.9077598828696926,0.9104258443465492,1.0029368575624082,0.9090909090909092
2,16,irregular,2,269,272,3,219,50,53,0.8141263940520446,0.8051470588235294,0.9889705882352942,0.8096118299445472
2,16,regular,3,1107,1109,2,1104,3,5,0.997289972899729,0.9954914337240758,0.9981965734896303,0.9963898916967509
2,16,semiregular,3,651,681,30,599,52,82,0.9201228878648233,0.8795888399412628,0.9559471365638766,0.8993993993993994
2,16,irregular,3,235,272,37,198,37,74,0.8425531914893617,0.7279411764705882,0.8639705882352942,0.7810650887573964
2,17,regular,1,1051,1029,22,1029,22,0,0.9790675547098002,1.0,1.021379980563654,0.989423076923077
2,17,semiregular,1,876,837,39,786,90,51,0.8972602739726028,0.9390681003584229,1.0465949820788532,0.9176882661996497
2,17,irregular,1,236,240,4,151,85,89,0.6398305084745762,0.6291666666666667,0.9833333333333333,0.634453781512605
2,17,regular,2,1035,1029,6,1024,11,5,0.9893719806763285,0.9951409135082604,1.0058309037900874,0.9922480620155038
2,17,semiregular,2,850,837,13,789,61,48,0.928235294117647,0.942652329749104,1.015531660692951,0.9353882631890931
2,17,irregular,2,281,240,41,198,83,42,0.7046263345195729,0.825,1.1708333333333334,0.7600767754318617
2,17,regular,3,1045,1029,16,1029,16,0,0.9846889952153111,1.0,1.0155490767735667,0.9922854387656702
2,17,semiregular,3,848,837,11,797,51,40,0.9398584905660378,0.9522102747909199,1.013142174432497,0.9459940652818991
2,17,irregular,3,227,240,13,187,40,53,0.8237885462555066,0.7791666666666667,0.9458333333333333,0.8008565310492504
2,18,regular,1,1081,1044,37,1042,39,2,0.9639222941720629,0.9980842911877394,1.03544061302682,0.9807058823529411
2,18,semiregular,1,814,801,13,756,58,45,0.9287469287469288,0.9438202247191011,1.0162297128589264,0.9362229102167182
2,18,irregular,1,260,252,8,193,67,59,0.7423076923076923,0.7658730158730159,1.0317460317460319,0.7539062500000001
2,18,regular,2,1011,1044,33,1004,7,40,0.9930761622156281,0.9616858237547893,0.9683908045977011,0.9771289537712896
2,18,semiregular,2,833,801,32,776,57,25,0.9315726290516206,0.968789013732834,1.0399500624219726,0.9498164014687882
2,18,irregular,2,265,252,13,215,50,37,0.8113207547169812,0.8531746031746031,1.0515873015873016,0.8317214700193423
2,18,regular,3,1044,1044,0,1041,3,3,0.9971264367816092,0.9971264367816092,1.0,0.9971264367816092
2,18,semiregular,3,816,801,15,767,49,34,0.9399509803921569,0.9575530586766542,1.0187265917602997,0.9486703772418059
2,18,irregular,3,236,252,16,206,30,46,0.8728813559322034,0.8174603174603174,0.9365079365079365,0.8442622950819672
2,19,regular,1,1140,1076,64,1073,67,3,0.9412280701754386,0.9972118959107806,1.0594795539033457,0.9684115523465704
2,19,semiregular,1,733,753,20,679,54,74,0.9263301500682128,0.9017264276228419,0.9734395750332006,0.9138627187079409
2,19,irregular,1,241,245,4,177,64,68,0.7344398340248963,0.7224489795918367,0.9836734693877551,0.7283950617283951
2,19,regular,2,1079,1076,3,1070,9,6,0.9916589434661723,0.9944237918215614,1.0027881040892193,0.9930394431554525
2,19,semiregular,2,743,753,10,699,44,54,0.9407806191117093,0.9282868525896414,0.9867197875166003,0.9344919786096256
2,19,irregular,2,259,245,14,201,58,44,0.7760617760617761,0.8204081632653061,1.0571428571428572,0.7976190476190476
2,19,regular,3,1061,1076,15,1059,2,17,0.998114985862394,0.9842007434944238,0.9860594795539034,0.9911090313523631
2,19,semiregular,3,730,753,23,684,46,69,0.936986301369863,0.9083665338645418,0.9694555112881806,0.9224544841537424
2,19,irregular,3,223,245,22,189,34,56,0.8475336322869955,0.7714285714285715,0.9102040816326531,0.8076923076923077
2,20,regular,1,1214,1251,37,1209,5,42,0.9958813838550247,0.9664268585131894,0.9704236610711431,0.9809330628803246
2,20,semiregular,1,883,841,42,771,112,70,0.8731596828992072,0.9167657550535078,1.0499405469678953,0.894431554524362
2,20,irregular,1,249,252,3,168,81,84,0.6746987951807228,0.6666666666666666,0.9880952380952381,0.6706586826347305
2,20,regular,2,1240,1251,11,1216,24,35,0.9806451612903225,0.9720223820943246,0.991207034372502,0.9763147330389402
2,20,semiregular,2,886,841,45,790,96,51,0.891647855530474,0.93935790725327,1.0535077288941737,0.9148812970469021
2,20,irregular,2,248,252,4,203,45,49,0.8185483870967742,0.8055555555555556,0.9841269841269841,0.812
2,20,regular,3,1218,1251,33,1214,4,37,0.9967159277504105,0.9704236610711431,0.973621103117506,0.983394086674767
2,20,semiregular,3,831,841,10,751,80,90,0.9037304452466908,0.8929845422116528,0.9881093935790726,0.8983253588516746
2,20,irregular,3,233,252,19,194,39,58,0.8326180257510729,0.7698412698412699,0.9246031746031746,0.8
2,21,regular,1,970,920,50,920,50,0,0.9484536082474226,1.0,1.0543478260869565,0.9735449735449735
2,21,semiregular,1,568,549,19,470,98,79,0.8274647887323944,0.8561020036429873,1.034608378870674,0.8415398388540735
2,21,irregular,1,222,204,18,169,53,35,0.7612612612612613,0.8284313725490197,1.088235294117647,0.7934272300469484
2,21,regular,2,914,920,6,907,7,13,0.9923413566739606,0.9858695652173913,0.9934782608695653,0.9890948745910578
2,21,semiregular,2,586,549,37,505,81,44,0.8617747440273038,0.9198542805100182,1.0673952641165756,0.8898678414096916
2,21,irregular,2,211,204,7,175,36,29,0.8293838862559242,0.8578431372549019,1.0343137254901962,0.8433734939759034
2,21,regular,3,912,920,8,909,3,11,0.9967105263157895,0.9880434782608696,0.991304347826087,0.9923580786026202
2,21,semiregular,3,581,549,32,506,75,43,0.8709122203098106,0.9216757741347905,1.058287795992714,0.8955752212389381
2,21,irregular,3,193,204,11,169,24,35,0.8756476683937824,0.8284313725490197,0.946078431372549,0.8513853904282116
2,22,regular,1,1036,946,90,945,91,1,0.9121621621621622,0.9989429175475687,1.095137420718816,0.9535822401614531
2,22,semiregular,1,726,703,23,647,79,56,0.8911845730027548,0.9203413940256046,1.0327169274537695,0.9055283414975508
2,22,irregular,1,189,247,58,150,39,97,0.7936507936507936,0.6072874493927125,0.7651821862348178,0.6880733944954128
2,22,regular,2,953,946,7,929,24,17,0.974816369359916,0.9820295983086681,1.007399577167019,0.9784096893101633
2,22,semiregular,2,705,703,2,649,56,54,0.9205673758865248,0.9231863442389758,1.0028449502133712,0.921875
2,22,irregular,2,226,247,21,191,35,56,0.8451327433628318,0.7732793522267206,0.9149797570850202,0.8076109936575053
2,22,regular,3,936,946,10,933,3,13,0.9967948717948718,0.9862579281183932,0.9894291754756871,0.9914984059511157
2,22,semiregular,3,705,703,2,648,57,55,0.9191489361702128,0.9217638691322901,1.0028449502133712,0.9204545454545455
2,22,irregular,3,229,247,18,192,37,55,0.8384279475982532,0.7773279352226721,0.9271255060728745,0.8067226890756303
2,23,regular,1,1066,999,67,996,70,3,0.9343339587242027,0.996996996996997,1.067067067067067,0.9646489104116223
2,23,semiregular,1,859,835,24,742,117,93,0.8637951105937136,0.888622754491018,1.02874251497006,0.8760330578512396
2,23,irregular,1,193,266,73,137,56,129,0.7098445595854922,0.5150375939849624,0.7255639097744361,0.5969498910675382
2,23,regular,2,987,999,12,975,12,24,0.9878419452887538,0.975975975975976,0.987987987987988,0.9818731117824773
2,23,semiregular,2,844,835,9,774,70,61,0.9170616113744076,0.9269461077844311,1.0107784431137725,0.9219773674806432
2,23,irregular,2,240,266,26,197,43,69,0.8208333333333333,0.7406015037593985,0.9022556390977443,0.7786561264822135
2,23,regular,3,1001,999,2,992,9,7,0.991008991008991,0.992992992992993,1.002002002002002,0.992
2,23,semiregular,3,869,835,34,795,74,40,0.9148446490218642,0.9520958083832335,1.0407185628742515,0.9330985915492958
2,23,irregular,3,256,266,10,198,58,68,0.7734375,0.7443609022556391,0.9624060150375939,0.7586206896551724
2,24,regular,1,1104,1079,25,1079,25,0,0.9773550724637681,1.0,1.0231696014828544,0.9885478699038021
2,24,semiregular,1,657,680,23,590,67,90,0.898021308980213,0.8676470588235294,0.9661764705882353,0.8825729244577413
2,24,irregular,1,185,247,62,150,35,97,0.8108108108108109,0.6072874493927125,0.7489878542510121,0.6944444444444444
2,24,regular,2,1067,1079,12,1054,13,25,0.9878163074039362,0.9768303985171455,0.9888785912882299,0.9822926374650512
2,24,semiregular,2,658,680,22,626,32,54,0.9513677811550152,0.9205882352941176,0.9676470588235294,0.9357249626307922
2,24,irregular,2,237,247,10,217,20,30,0.9156118143459916,0.8785425101214575,0.9595141700404858,0.896694214876033
2,24,regular,3,1071,1079,8,1068,3,11,0.9971988795518207,0.989805375347544,0.9925857275254866,0.9934883720930232
2,24,semiregular,3,682,680,2,647,35,33,0.9486803519061584,0.9514705882352941,1.0029411764705882,0.9500734214390602
2,24,irregular,3,225,247,22,200,25,47,0.8888888888888888,0.8097165991902834,0.9109311740890689,0.8474576271186439
2,25,regular,1,968,946,22,945,23,1,0.9762396694214877,0.9989429175475687,1.0232558139534884,0.9874608150470221
2,25,semiregular,1,679,718,39,614,65,104,0.9042709867452136,0.8551532033426184,0.9456824512534819,0.8790264853256979
2,25,irregular,1,217,207,10,143,74,64,0.6589861751152074,0.6908212560386473,1.0483091787439613,0.6745283018867925
2,25,regular,2,935,946,11,928,7,18,0.9925133689839573,0.9809725158562368,0.9883720930232558,0.986709197235513
2,25,semiregular,2,726,718,8,662,64,56,0.9118457300275482,0.9220055710306406,1.011142061281337,0.9168975069252078
2,25,irregular,2,225,207,18,156,69,51,0.6933333333333334,0.7536231884057971,1.0869565217391304,0.7222222222222223
2,25,regular,3,938,946,8,937,1,9,0.9989339019189766,0.9904862579281184,0.9915433403805497,0.9946921443736729
2,25,semiregular,3,717,718,1,652,65,66,0.9093444909344491,0.9080779944289693,0.9986072423398329,0.9087108013937283
2,25,irregular,3,204,207,3,151,53,56,0.7401960784313726,0.7294685990338164,0.9855072463768116,0.7347931873479319
2,26,regular,1,1043,985,58,985,58,0,0.9443911792905082,1.0,1.0588832487309645,0.9714003944773176
2,26,semiregular,1,778,720,58,686,92,34,0.8817480719794345,0.9527777777777777,1.0805555555555555,0.9158878504672897
2,26,irregular,1,258,214,44,171,87,43,0.6627906976744186,0.7990654205607477,1.205607476635514,0.7245762711864407
2,26,regular,2,960,985,25,943,17,42,0.9822916666666667,0.9573604060913705,0.9746192893401016,0.9696658097686376
2,26,semiregular,2,766,720,46,680,86,40,0.8877284595300261,0.9444444444444444,1.0638888888888889,0.9152086137281292
2,26,irregular,2,230,214,16,168,62,46,0.7304347826086957,0.7850467289719626,1.074766355140187,0.7567567567567568
2,26,regular,3,1018,985,33,985,33,0,0.9675834970530451,1.0,1.033502538071066,0.9835247129306041
2,26,semiregular,3,736,720,16,667,69,53,0.90625,0.9263888888888889,1.0222222222222221,0.9162087912087912
2,26,irregular,3,253,214,39,185,68,29,0.7312252964426877,0.8644859813084113,1.1822429906542056,0.7922912205567451
2,27,regular,1,1171,1166,5,1154,17,12,0.9854824935952178,0.9897084048027445,1.004288164665523,0.9875909285408644
2,27,semiregular,1,657,728,71,578,79,150,0.8797564687975646,0.7939560439560439,0.9024725274725275,0.8346570397111913
2,27,irregular,1,210,270,60,169,41,101,0.8047619047619048,0.6259259259259259,0.7777777777777778,0.7041666666666667
2,27,regular,2,1150,1166,16,1140,10,26,0.991304347826087,0.9777015437392796,0.9862778730703259,0.9844559585492229
2,27,semiregular,2,735,728,7,682,53,46,0.927891156462585,0.9368131868131868,1.0096153846153846,0.9323308270676691
2,27,irregular,2,260,270,10,230,30,40,0.8846153846153846,0.8518518518518519,0.9629629629629629,0.8679245283018868
2,27,regular,3,1171,1166,5,1166,5,0,0.9957301451750641,1.0,1.004288164665523,0.9978605049208388
2,27,semiregular,3,724,728,4,668,56,60,0.9226519337016574,0.9175824175824175,0.9945054945054945,0.9201101928374656
2,27,irregular,3,236,270,34,205,31,65,0.8686440677966102,0.7592592592592593,0.8740740740740741,0.8102766798418973
2,28,regular,1,1112,1098,14,1093,19,5,0.9829136690647482,0.9954462659380692,1.0127504553734061,0.9891402714932126
2,28,semiregular,1,854,859,5,787,67,72,0.9215456674473068,0.9161816065192084,0.9941792782305006,0.9188558085230589
2,28,irregular,1,260,293,33,152,108,141,0.5846153846153846,0.5187713310580204,0.8873720136518771,0.549728752260398
2,28,regular,2,1110,1098,12,1091,19,7,0.9828828828828828,0.9936247723132969,1.010928961748634,0.9882246376811594
2,28,semiregular,2,828,859,31,778,50,81,0.9396135265700483,0.9057043073341094,0.9639115250291036,0.922347362181387
2,28,irregular,2,290,293,3,214,76,79,0.7379310344827587,0.7303754266211604,0.9897610921501706,0.7341337907375644
2,28,regular,3,1100,1098,2,1095,5,3,0.9954545454545455,0.9972677595628415,1.0018214936247722,0.9963603275705187
2,28,semiregular,3,863,859,4,810,53,49,0.9385863267670915,0.9429569266589057,1.0046565774155995,0.940766550522648
2,28,irregular,3,267,293,26,200,67,93,0.7490636704119851,0.6825938566552902,0.9112627986348123,0.7142857142857144
2,29,regular,1,1168,1140,28,1139,29,1,0.9751712328767124,0.9991228070175439,1.024561403508772,0.987001733102253
2,29,semiregular,1,904,869,35,800,104,69,0.8849557522123894,0.9205983889528193,1.040276179516686,0.9024252679075014
2,29,irregular,1,226,247,21,173,53,74,0.7654867256637168,0.7004048582995951,0.9149797570850202,0.7315010570824524
2,29,regular,2,1103,1140,37,1098,5,42,0.9954669084315503,0.9631578947368421,0.9675438596491228,0.9790459206419974
2,29,semiregular,2,929,869,60,828,101,41,0.891280947255113,0.952819332566168,1.0690448791714615,0.9210233592880979
2,29,irregular,2,259,247,12,209,50,38,0.806949806949807,0.8461538461538461,1.048582995951417,0.8260869565217391
2,29,regular,3,1114,1140,26,1113,1,27,0.9991023339317774,0.9763157894736842,0.9771929824561404,0.9875776397515528
2,29,semiregular,3,885,869,16,806,79,63,0.9107344632768362,0.9275028768699655,1.0184119677790564,0.9190421892816419
2,29,irregular,3,235,247,12,205,30,42,0.8723404255319149,0.8299595141700404,0.951417004048583,0.8506224066390041
2,30,regular,1,1003,997,6,991,12,6,0.9880358923230309,0.9939819458375125,1.0060180541624875,0.991
2,30,semiregular,1,796,810,14,727,69,83,0.9133165829145728,0.8975308641975308,0.9827160493827161,0.9053549190535491
2,30,irregular,1,242,250,8,164,78,86,0.6776859504132231,0.656,0.968,0.6666666666666666
2,30,regular,2,979,997,18,976,3,21,0.9969356486210419,0.9789368104312939,0.9819458375125376,0.9878542510121457
2,30,semiregular,2,811,810,1,758,53,52,0.9346485819975339,0.9358024691358025,1.0012345679012347,0.9352251696483652
2,30,irregular,2,229,250,21,190,39,60,0.8296943231441049,0.76,0.916,0.7933194154488518
2,30,regular,3,992,997,5,991,1,6,0.998991935483871,0.9939819458375125,0.9949849548645938,0.9964806435394671
2,30,semiregular,3,809,810,1,756,53,54,0.934487021013597,0.9333333333333333,0.9987654320987654,0.9339098208770846
2,30,irregular,3,232,250,18,185,47,65,0.7974137931034483,0.74,0.928,0.7676348547717844
3,1,regular,1,950,937,13,934,16,3,0.9831578947368421,0.9967982924226254,1.0138740661686232,0.9899311075781664
3,1,semiregular,1,741,703,38,636,105,67,0.8582995951417004,0.9046941678520626,1.054054054054054,0.8808864265927977
3,1,irregular,1,194,199,5,149,45,50,0.7680412371134021,0.7487437185929648,0.9748743718592965,0.7582697201017812
3,1,regular,2,953,937,16,928,25,9,0.9737670514165793,0.9903948772678762,1.017075773745998,0.9820105820105821
3,1,semiregular,2,746,703,43,647,99,56,0.8672922252010724,0.9203413940256046,1.0611664295874823,0.8930296756383712
3,1,irregular,2,200,199,1,174,26,25,0.87,0.8743718592964824,1.0050251256281406,0.8721804511278195
3,1,regular,3,948,937,11,934,14,3,0.9852320675105485,0.9967982924226254,1.0117395944503735,0.9909814323607428
3,1,semiregular,3,721,703,18,641,80,62,0.8890429958391124,0.9118065433854907,1.0256045519203414,0.9002808988764045
3,1,irregular,3,185,199,14,163,22,36,0.8810810810810811,0.8190954773869347,0.9296482412060302,0.8489583333333334
3,2,regular,1,1164,1224,60,1158,6,66,0.9948453608247423,0.946078431372549,0.9509803921568627,0.9698492462311558
3,2,semiregular,1,585,647,62,561,24,86,0.958974358974359,0.8670788253477589,0.9041731066460588,0.9107142857142858
3,2,irregular,1,209,217,8,134,75,83,0.6411483253588517,0.6175115207373272,0.9631336405529954,0.6291079812206573
3,2,regular,2,1190,1224,34,1177,13,47,0.9890756302521009,0.9616013071895425,0.9722222222222222,0.9751449875724938
3,2,semiregular,2,639,647,8,606,33,41,0.9483568075117371,0.9366306027820711,0.9876352395672334,0.9424572317262832
3,2,irregular,2,225,217,8,185,40,32,0.8222222222222222,0.8525345622119815,1.0368663594470047,0.83710407239819
3,2,regular,3,1227,1224,3,1214,13,10,0.9894050529747351,0.9918300653594772,1.0024509803921569,0.9906160750713994
3,2,semiregular,3,649,647,2,614,35,33,0.9460708782742681,0.9489953632148377,1.0030911901081916,0.9475308641975309
3,2,irregular,3,213,217,4,181,32,36,0.8497652582159625,0.8341013824884793,0.9815668202764977,0.8418604651162791
3,3,regular,1,1019,1053,34,1014,5,39,0.9950932286555446,0.9629629629629629,0.9677113010446344,0.9787644787644788
3,3,semiregular,1,728,716,12,661,67,55,0.907967032967033,0.9231843575418994,1.0167597765363128,0.9155124653739611
3,3,irregular,1,208,224,16,156,52,68,0.75,0.6964285714285714,0.9285714285714286,0.7222222222222223
3,3,regular,2,1022,1053,31,1015,7,38,0.9931506849315068,0.9639126305792972,0.9705603038936372,0.9783132530120483
3,3,semiregular,2,736,716,20,670,66,46,0.9103260869565217,0.9357541899441341,1.0279329608938548,0.9228650137741046
3,3,irregular,2,230,224,6,187,43,37,0.8130434782608695,0.8348214285714286,1.0267857142857142,0.8237885462555066
3,3,regular,3,1050,1053,3,1046,4,7,0.9961904761904762,0.99335232668566,0.9971509971509972,0.9947693770803613
3,3,semiregular,3,726,716,10,677,49,39,0.9325068870523416,0.9455307262569832,1.0139664804469273,0.9389736477115117
3,3,irregular,3,200,224,24,172,28,52,0.86,0.7678571428571429,0.8928571428571429,0.8113207547169812
3,4,regular,1,1129,1101,28,1098,31,3,0.9725420726306466,0.997275204359673,1.025431425976385,0.9847533632286996
3,4,semiregular,1,622,614,8,519,103,95,0.8344051446945338,0.8452768729641694,1.013029315960912,0.8398058252427185
3,4,irregular,1,240,228,12,161,79,67,0.6708333333333333,0.706140350877193,1.0526315789473684,0.6880341880341879
3,4,regular,2,1113,1101,12,1098,15,3,0.9865229110512129,0.997275204359673,1.0108991825613078,0.991869918699187
3,4,semiregular,2,621,614,7,560,61,54,0.9017713365539453,0.9120521172638436,1.011400651465798,0.9068825910931174
3,4,irregular,2,231,228,3,191,40,37,0.8268398268398268,0.8377192982456141,1.013157894736842,0.832244008714597
3,4,regular,3,1104,1101,3,1098,6,3,0.9945652173913043,0.997275204359673,1.002724795640327,0.9959183673469387
3,4,semiregular,3,601,614,13,552,49,62,0.9184692179700499,0.8990228013029316,0.9788273615635179,0.9086419753086419
3,4,irregular,3,216,228,12,184,32,44,0.8518518518518519,0.8070175438596491,0.9473684210526315,0.8288288288288288
3,5,regular,1,1050,1044,6,1041,9,3,0.9914285714285714,0.9971264367816092,1.0057471264367817,0.994269340974212
3,5,semiregular,1,749,668,81,638,111,30,0.8518024032042724,0.9550898203592815,1.1212574850299402,0.9004940014114325
3,5,irregular,1,240,217,23,165,75,52,0.6875,0.7603686635944701,1.1059907834101383,0.7221006564551422
3,5,regular,2,1028,1044,16,1021,7,23,0.9931906614785992,0.9779693486590039,0.9846743295019157,0.9855212355212356
3,5,semiregular,2,718,668,50,633,85,35,0.8816155988857939,0.9476047904191617,1.0748502994011977,0.9134199134199134
3,5,irregular,2,228,217,11,188,40,29,0.8245614035087719,0.8663594470046083,1.0506912442396312,0.8449438202247191
3,5,regular,3,1050,1044,6,1044,6,0,0.9942857142857143,1.0,1.0057471264367817,0.9971346704871061
3,5,semiregular,3,683,668,15,614,69,54,0.8989751098096632,0.9191616766467066,1.0224550898203593,0.9089563286454477
3,5,irregular,3,196,217,21,169,27,48,0.8622448979591837,0.7788018433179723,0.9032258064516129,0.8184019370460048
3,6,regular,1,952,915,37,913,39,2,0.9590336134453782,0.9978142076502732,1.0404371584699454,0.9780396357793252
3,6,semiregular,1,705,701,4,651,54,50,0.9234042553191489,0.9286733238231099,1.005706134094151,0.9260312944523471
3,6,irregular,1,198,195,3,121,77,74,0.6111111111111112,0.6205128205128205,1.0153846153846153,0.6157760814249363
3,6,regular,2,929,915,14,908,21,7,0.9773950484391819,0.9923497267759562,1.0153005464480875,0.9848156182212581
3,6,semiregular,2,729,701,28,670,59,31,0.9190672153635117,0.9557774607703281,1.0399429386590584,0.9370629370629371
3,6,irregular,2,189,195,6,129,60,66,0.6825396825396826,0.6615384615384615,0.9692307692307692,0.671875
3,6,regular,3,913,915,2,908,5,7,0.9945235487404163,0.9923497267759562,0.9978142076502732,0.9934354485776805
3,6,semiregular,3,705,701,4,666,39,35,0.9446808510638298,0.9500713266761769,1.005706134094151,0.9473684210526315
3,6,irregular,3,201,195,6,166,35,29,0.8258706467661692,0.8512820512820513,1.0307692307692307,0.8383838383838383
3,7,regular,1,1225,1230,5,1212,13,18,0.9893877551020408,0.9853658536585366,0.9959349593495935,0.9873727087576375
3,7,semiregular,1,731,761,30,652,79,109,0.8919288645690835,0.8567674113009198,0.9605781865965834,0.8739946380697051
3,7,irregular,1,191,225,34,145,46,80,0.7591623036649214,0.6444444444444445,0.8488888888888889,0.6971153846153846
3,7,regular,2,1200,1230,30,1185,15,45,0.9875,0.9634146341463414,0.975609756097561,0.9753086419753086
3,7,semiregular,2,733,761,28,669,64,92,0.91268758526603,0.8791064388961892,0.9632063074901446,0.8955823293172691
3,7,irregular,2,220,225,5,186,34,39,0.8454545454545455,0.8266666666666667,0.9777777777777777,0.8359550561797753
3,7,regular,3,1226,1230,4,1223,3,7,0.9975530179445351,0.9943089430894309,0.9967479674796748,0.9959283387622151
3,7,semiregular,3,749,761,12,682,67,79,0.910547396528705,0.8961892247043364,0.9842312746386334,0.9033112582781457
3,7,irregular,3,203,225,22,183,20,42,0.9014778325123153,0.8133333333333334,0.9022222222222223,0.8551401869158879
3,8,regular,1,1022,1035,13,1014,8,21,0.9921722113502935,0.9797101449275363,0.9874396135265701,0.9859017987360233
3,8,semiregular,1,867,827,40,762,105,65,0.8788927335640139,0.9214026602176542,1.0483675937122128,0.8996458087367178
3,8,irregular,1,246,243,3,154,92,89,0.6260162601626016,0.6337448559670782,1.0123456790123457,0.6298568507157464
3,8,regular,2,1039,1035,4,1024,15,11,0.9855630413859481,0.9893719806763285,1.0038647342995168,0.9874638379942141
3,8,semiregular,2,852,827,25,783,69,44,0.9190140845070423,0.9467956469165659,1.030229746070133,0.9326980345443716
3,8,irregular,2,226,243,17,191,35,52,0.8451327433628318,0.7860082304526749,0.9300411522633745,0.814498933901919
3,8,regular,3,1033,1035,2,1029,4,6,0.9961277831558567,0.9942028985507246,0.9980676328502416,0.995164410058027
3,8,semiregular,3,832,827,5,775,57,52,0.9314903846153846,0.9371221281741233,1.0060459492140266,0.9342977697408077
3,8,irregular,3,229,243,14,188,41,55,0.8209606986899564,0.7736625514403292,0.9423868312757202,0.7966101694915254
3,9,regular,1,1100,1107,7,1093,7,14,0.9936363636363637,0.987353206865402,0.993676603432701,0.9904848210240146
3,9,semiregular,1,671,701,30,629,42,72,0.9374068554396423,0.8972895863052782,0.9572039942938659,0.9169096209912537
3,9,irregular,1,241,266,25,172,69,94,0.7136929460580913,0.6466165413533834,0.9060150375939849,0.6785009861932939
3,9,regular,2,1080,1107,27,1073,7,34,0.9935185185185185,0.969286359530262,0.975609756097561,0.9812528577960676
3,9,semiregular,2,644,701,57,611,33,90,0.9487577639751553,0.8716119828815977,0.9186875891583453,0.9085501858736059
3,9,irregular,2,256,266,10,213,43,53,0.83203125,0.8007518796992481,0.9624060150375939,0.8160919540229885
3,9,regular,3,1098,1107,9,1095,3,12,0.9972677595628415,0.989159891598916,0.991869918699187,0.9931972789115646
3,9,semiregular,3,702,701,1,673,29,28,0.9586894586894587,0.9600570613409415,1.0014265335235377,0.9593727726300784
3,9,irregular,3,236,266,30,204,32,62,0.864406779661017,0.7669172932330827,0.8872180451127819,0.8127490039840637
3,10,regular,1,1009,1014,5,996,13,18,0.9871159563924677,0.9822485207100592,0.995069033530572,0.9846762234305487
3,10,semiregular,1,669,656,13,612,57,44,0.9147982062780269,0.9329268292682927,1.0198170731707317,0.9237735849056603
3,10,irregular,1,236,247,11,188,48,59,0.7966101694915254,0.7611336032388664,0.9554655870445344,0.7784679089026915
3,10,regular,2,997,1014,17,975,22,39,0.9779338014042126,0.9615384615384616,0.9832347140039448,0.9696668324216807
3,10,semiregular,2,680,656,24,623,57,33,0.9161764705882353,0.9496951219512195,1.0365853658536586,0.9326347305389222
3,10,irregular,2,248,247,1,213,35,34,0.8588709677419355,0.8623481781376519,1.0040485829959513,0.8606060606060606
3,10,regular,3,1026,1014,12,1011,15,3,0.9853801169590644,0.9970414201183432,1.0118343195266273,0.9911764705882354
3,10,semiregular,3,650,656,6,616,34,40,0.9476923076923077,0.9390243902439024,0.9908536585365854,0.9433384379785605
3,10,irregular,3,215,247,32,191,24,56,0.8883720930232558,0.7732793522267206,0.8704453441295547,0.8268398268398268
3,11,regular,1,1079,1070,9,1064,15,6,0.9860982391102873,0.994392523364486,1.0084112149532711,0.9902280130293161
3,11,semiregular,1,753,700,53,658,95,42,0.8738379814077025,0.94,1.0757142857142856,0.905712319339298
3,11,irregular,1,222,239,17,162,60,77,0.7297297297297297,0.6778242677824268,0.9288702928870293,0.702819956616052
3,11,regular,2,1057,1070,13,1049,8,21,0.9924314096499527,0.9803738317757009,0.9878504672897196,0.9863657733897507
3,11,semiregular,2,705,700,5,642,63,58,0.9106382978723404,0.9171428571428571,1.0071428571428571,0.9138790035587189
3,11,irregular,2,220,239,19,189,31,50,0.8590909090909091,0.7907949790794979,0.9205020920502092,0.823529411764706
3,11,regular,3,1072,1070,2,1064,8,6,0.9925373134328358,0.994392523364486,1.0018691588785047,0.9934640522875817
3,11,semiregular,3,695,700,5,646,49,54,0.9294964028776979,0.9228571428571428,0.9928571428571429,0.9261648745519713
3,11,irregular,3,205,239,34,180,25,59,0.8780487804878049,0.7531380753138075,0.8577405857740585,0.8108108108108109
3,12,regular,1,1035,1007,28,1007,28,0,0.9729468599033816,1.0,1.0278053624627608,0.9862879529872673
3,12,semiregular,1,745,641,104,624,121,17,0.8375838926174497,0.9734789391575663,1.1622464898595943,0.9004329004329005
3,12,irregular,1,250,204,46,178,72,26,0.712,0.8725490196078431,1.2254901960784315,0.7841409691629956
3,12,regular,2,1015,1007,8,1004,11,3,0.9891625615763546,0.997020854021847,1.0079443892750746,0.9930761622156281
3,12,semiregular,2,686,641,45,594,92,47,0.8658892128279884,0.9266770670826833,1.0702028081123245,0.8952524491333836
3,12,irregular,2,247,204,43,183,64,21,0.7408906882591093,0.8970588235294118,1.2107843137254901,0.8115299334811529
3,12,regular,3,1012,1007,5,1007,5,0,0.9950592885375494,1.0,1.0049652432969216,0.9975235264982666
3,12,semiregular,3,639,641,2,572,67,69,0.8951486697965572,0.8923556942277691,0.9968798751950078,0.89375
3,12,irregular,3,220,204,16,179,41,25,0.8136363636363636,0.8774509803921569,1.0784313725490196,0.8443396226415094
3,13,regular,1,1015,1000,15,995,20,5,0.9802955665024631,0.995,1.015,0.9875930521091811
3,13,semiregular,1,891,815,76,798,93,17,0.8956228956228957,0.9791411042944785,1.0932515337423312,0.9355216881594373
3,13,irregular,1,279,216,63,157,122,59,0.5627240143369175,0.7268518518518519,1.2916666666666667,0.6343434343434344
3,13,regular,2,975,1000,25,969,6,31,0.9938461538461538,0.969,0.975,0.98126582278481
3,13,semiregular,2,843,815,28,789,54,26,0.9359430604982206,0.9680981595092024,1.034355828220859,0.9517490952955368
3,13,irregular,2,244,216,28,181,63,35,0.7418032786885246,0.8379629629629629,1.1296296296296295,0.7869565217391304
3,13,regular,3,999,1000,1,992,7,8,0.992992992992993,0.992,0.999,0.9924962481240621
3,13,semiregular,3,823,815,8,781,42,34,0.9489671931956257,0.9582822085889571,1.0098159509202453,0.9536019536019535
3,13,irregular,3,202,216,14,180,22,36,0.8910891089108911,0.8333333333333334,0.9351851851851852,0.8612440191387559
3,14,regular,1,1019,1052,33,1018,1,34,0.9990186457311089,0.967680608365019,0.9686311787072244,0.9830999517141478
3,14,semiregular,1,876,913,37,817,59,96,0.932648401826484,0.8948521358159912,0.9594742606790799,0.9133594186696479
3,14,irregular,1,239,217,22,162,77,55,0.6778242677824268,0.7465437788018433,1.1013824884792627,0.7105263157894737
3,14,regular,2,1022,1052,30,1015,7,37,0.9931506849315068,0.964828897338403,0.9714828897338403,0.9787849566055931
3,14,semiregular,2,904,913,9,842,62,71,0.9314159292035398,0.9222343921139102,0.9901423877327492,0.9268024215740231
3,14,irregular,2,236,217,19,195,41,22,0.826271186440678,0.8986175115207373,1.087557603686636,0.8609271523178808
3,14,regular,3,1055,1052,3,1048,7,4,0.9933649289099526,0.9961977186311787,1.002851711026616,0.9947793070716658
3,14,semiregular,3,881,913,32,839,42,74,0.9523269012485811,0.91894852135816,0.9649507119386638,0.9353400222965441
3,14,irregular,3,191,217,26,169,22,48,0.8848167539267016,0.7788018433179723,0.880184331797235,0.8284313725490196
3,15,regular,1,970,964,6,961,9,3,0.9907216494845361,0.9968879668049793,1.0062240663900415,0.9937952430196484
3,15,semiregular,1,841,774,67,741,100,33,0.8810939357907254,0.9573643410852714,1.0865633074935401,0.9176470588235294
3,15,irregular,1,197,218,21,151,46,67,0.766497461928934,0.6926605504587156,0.9036697247706422,0.7277108433734939
3,15,regular,2,947,964,17,940,7,24,0.9926082365364308,0.975103734439834,0.9823651452282157,0.9837781266352695
3,15,semiregular,2,761,774,13,712,49,62,0.9356110381077529,0.9198966408268734,0.9832041343669251,0.9276872964169381
3,15,irregular,2,200,218,18,172,28,46,0.86,0.7889908256880734,0.9174311926605505,0.8229665071770336
3,15,regular,3,962,964,2,960,2,4,0.997920997920998,0.995850622406639,0.9979253112033195,0.9968847352024922
3,15,semiregular,3,740,774,34,705,35,69,0.9527027027027027,0.9108527131782945,0.9560723514211886,0.9313077939233817
3,15,irregular,3,203,218,15,182,21,36,0.896551724137931,0.8348623853211009,0.9311926605504587,0.8646080760095012
3,16,regular,1,0,1109,1109,0,0,1109,-1,-1,0.0,-1
3,16,semiregular,1,524,681,157,470,54,211,0.8969465648854962,0.6901615271659325,0.7694566813509545,0.7800829875518673
3,16,irregular,1,199,272,73,77,122,195,0.3869346733668342,0.28308823529411764,0.7316176470588235,0.32696390658174096
3,16,regular,2,1147,1109,38,1109,38,0,0.966870095902354,1.0,1.0342651036970243,0.9831560283687943
3,16,semiregular,2,690,681,9,620,70,61,0.8985507246376812,0.9104258443465492,1.013215859030837,0.9044493070751276
3,16,irregular,2,271,272,1,220,51,52,0.8118081180811808,0.8088235294117647,0.9963235294117647,0.8103130755064457
3,16,regular,3,1051,1109,58,1048,3,61,0.9971455756422455,0.9449954914337241,0.9477006311992786,0.9703703703703704
3,16,semiregular,3,617,681,64,568,49,113,0.9205834683954619,0.8340675477239354,0.9060205580029369,0.8751926040061634
3,16,irregular,3,187,272,85,161,26,111,0.8609625668449198,0.5919117647058824,0.6875,0.701525054466231
3,17,regular,1,628,1029,401,626,2,403,0.9968152866242038,0.608357628765792,0.6103012633624878,0.7555823777911889
3,17,semiregular,1,666,837,171,616,50,221,0.924924924924925,0.7359617682198327,0.7956989247311828,0.8196939454424484
3,17,irregular,1,183,240,57,73,110,167,0.3989071038251366,0.30416666666666664,0.7625,0.3451536643026004
3,17,regular,2,974,1029,55,939,35,90,0.9640657084188912,0.9125364431486881,0.9465500485908649,0.9375936095856217
3,17,semiregular,2,900,837,63,803,97,34,0.8922222222222222,0.959378733572282,1.075268817204301,0.9245826137017846
3,17,irregular,2,269,240,29,202,67,38,0.7509293680297398,0.8416666666666667,1.1208333333333333,0.793713163064833
3,17,regular,3,1078,1029,49,1028,50,1,0.9536178107606679,0.9990281827016521,1.0476190476190477,0.9757949691504508
3,17,semiregular,3,879,837,42,807,72,30,0.9180887372013652,0.96415770609319,1.050179211469534,0.9405594405594406
3,17,irregular,3,237,240,3,197,40,43,0.8312236286919831,0.8208333333333333,0.9875,0.8259958071278826
3,18,regular,1,805,1044,239,805,0,239,1.0,0.7710727969348659,0.7710727969348659,0.8707409410492157
3,18,semiregular,1,676,801,125,636,40,165,0.9408284023668639,0.7940074906367042,0.8439450686641697,0.8612051455653352
3,18,irregular,1,155,252,97,94,61,158,0.6064516129032258,0.373015873015873,0.6150793650793651,0.46191646191646196
3,18,regular,2,1108,1044,64,1043,65,1,0.9413357400722022,0.9990421455938697,1.0613026819923372,0.9693308550185874
3,18,semiregular,2,841,801,40,771,70,30,0.9167657550535078,0.9625468164794008,1.0499375780274656,0.9390986601705238
3,18,irregular,2,265,252,13,210,55,42,0.7924528301886793,0.8333333333333334,1.0515873015873016,0.8123791102514508
3,18,regular,3,1079,1044,35,1043,36,1,0.9666357738646896,0.9990421455938697,1.0335249042145593,0.9825718323127649
3,18,semiregular,3,885,801,84,787,98,14,0.8892655367231639,0.982521847690387,1.104868913857678,0.933570581257414
3,18,irregular,3,257,252,5,219,38,33,0.8521400778210116,0.8690476190476191,1.0198412698412698,0.8605108055009824
3,19,regular,1,1085,1076,9,1057,28,19,0.9741935483870968,0.9823420074349443,1.008364312267658,0.9782508098102731
3,19,semiregular,1,746,753,7,687,59,66,0.920911528150134,0.9123505976095617,0.9907038512616202,0.9166110740493663
3,19,irregular,1,282,245,37,186,96,59,0.6595744680851063,0.7591836734693878,1.1510204081632653,0.7058823529411764
3,19,regular,2,1062,1076,14,1058,4,18,0.9962335216572504,0.983271375464684,0.9869888475836431,0.989710009354537
3,19,semiregular,2,729,753,24,688,41,65,0.943758573388203,0.9136786188579017,0.9681274900398407,0.9284750337381915
3,19,irregular,2,262,245,17,202,60,43,0.7709923664122137,0.8244897959183674,1.0693877551020408,0.796844181459566
3,19,regular,3,1079,1076,3,1073,6,3,0.9944392956441149,0.9972118959107806,1.0027881040892193,0.9958236658932714
3,19,semiregular,3,742,753,11,699,43,54,0.9420485175202157,0.9282868525896414,0.9853917662682603,0.9351170568561873
3,19,irregular,3,232,245,13,190,42,55,0.8189655172413793,0.7755102040816326,0.9469387755102041,0.7966457023060796
3,20,regular,1,1204,1251,47,1201,3,50,0.9975083056478405,0.9600319744204636,0.9624300559552358,0.9784114052953157
3,20,semiregular,1,893,841,52,775,118,66,0.8678611422172452,0.9215219976218787,1.0618311533888227,0.8938869665513265
3,20,irregular,1,278,252,26,178,100,74,0.6402877697841727,0.7063492063492064,1.1031746031746033,0.6716981132075471
3,20,regular,2,1253,1251,2,1236,17,15,0.9864325618515563,0.988009592326139,1.0015987210231814,0.987220447284345
3,20,semiregular,2,838,841,3,751,87,90,0.89618138424821,0.8929845422116528,0.9964328180737217,0.8945801072066707
3,20,irregular,2,251,252,1,216,35,36,0.8605577689243028,0.8571428571428571,0.996031746031746,0.8588469184890656
3,20,regular,3,1237,1251,14,1235,2,16,0.9983831851253031,0.9872102318145484,0.9888089528377298,0.9927652733118971
3,20,semiregular,3,833,841,8,755,78,86,0.9063625450180072,0.8977407847800237,0.990487514863258,0.9020310633213858
3,20,irregular,3,243,252,9,204,39,48,0.8395061728395061,0.8095238095238095,0.9642857142857143,0.8242424242424242
3,21,regular,1,941,920,21,919,22,1,0.9766206163655685,0.9989130434782608,1.0228260869565218,0.9876410531972059
3,21,semiregular,1,605,549,56,494,111,55,0.8165289256198347,0.8998178506375227,1.1020036429872495,0.8561525129982669
3,21,irregular,1,230,204,26,158,72,46,0.6869565217391305,0.7745098039215687,1.1274509803921569,0.7281105990783411
3,21,regular,2,919,920,1,911,8,9,0.9912948857453754,0.9902173913043478,0.9989130434782608,0.9907558455682436
3,21,semiregular,2,569,549,20,501,68,48,0.8804920913884007,0.912568306010929,1.0364298724954462,0.8962432915921288
3,21,irregular,2,221,204,17,183,38,21,0.8280542986425339,0.8970588235294118,1.0833333333333333,0.8611764705882352
3,21,regular,3,922,920,2,919,3,1,0.9967462039045553,0.9989130434782608,1.0021739130434784,0.997828447339848
3,21,semiregular,3,586,549,37,505,81,44,0.8617747440273038,0.9198542805100182,1.0673952641165756,0.8898678414096916
3,21,irregular,3,199,204,5,178,21,26,0.8944723618090452,0.8725490196078431,0.9754901960784313,0.8833746898263026
3,22,regular,1,996,946,50,942,54,4,0.9457831325301205,0.9957716701902748,1.0528541226215644,0.9701338825952626
3,22,semiregular,1,758,703,55,659,99,44,0.8693931398416886,0.9374110953058321,1.0782361308677098,0.9021218343600274
3,22,irregular,1,227,247,20,168,59,79,0.7400881057268722,0.680161943319838,0.9190283400809717,0.7088607594936709
3,22,regular,2,943,946,3,918,25,28,0.9734888653234358,0.9704016913319239,0.9968287526427061,0.9719428268925357
3,22,semiregular,2,705,703,2,647,58,56,0.9177304964539007,0.9203413940256046,1.0028449502133712,0.9190340909090908
3,22,irregular,2,230,247,17,195,35,52,0.8478260869565217,0.7894736842105263,0.9311740890688259,0.8176100628930818
3,22,regular,3,969,946,23,944,25,2,0.9742002063983488,0.9978858350951374,1.0243128964059196,0.9859007832898172
3,22,semiregular,3,704,703,1,652,52,51,0.9261363636363636,0.9274537695590327,1.0014224751066856,0.9267945984363894
3,22,irregular,3,237,247,10,203,34,44,0.8565400843881856,0.8218623481781376,0.9595141700404858,0.8388429752066116
3,23,regular,1,979,999,20,968,11,31,0.9887640449438202,0.968968968968969,0.97997997997998,0.9787664307381193
3,23,semiregular,1,837,835,2,725,112,110,0.8661887694145759,0.8682634730538922,1.0023952095808384,0.8672248803827751
3,23,irregular,1,248,266,18,167,81,99,0.6733870967741935,0.6278195488721805,0.9323308270676691,0.6498054474708171
3,23,regular,2,990,999,9,981,9,18,0.990909090909091,0.9819819819819819,0.990990990990991,0.9864253393665158
3,23,semiregular,2,809,835,26,748,61,87,0.9245982694684796,0.895808383233533,0.9688622754491018,0.9099756690997566
3,23,irregular,2,262,266,4,204,58,62,0.7786259541984732,0.7669172932330827,0.9849624060150376,0.7727272727272726
3,23,regular,3,1006,999,7,998,8,1,0.9920477137176938,0.998998998998999,1.007007007007007,0.9955112219451372
3,23,semiregular,3,848,835,13,781,67,54,0.9209905660377359,0.9353293413173652,1.015568862275449,0.9281045751633987
3,23,irregular,3,252,266,14,210,42,56,0.8333333333333334,0.7894736842105263,0.9473684210526315,0.8108108108108109
3,24,regular,1,1064,1079,15,1054,10,25,0.9906015037593985,0.9768303985171455,0.9860982391102873,0.9836677554829677
3,24,semiregular,1,676,680,4,608,68,72,0.8994082840236687,0.8941176470588236,0.9941176470588236,0.8967551622418879
3,24,irregular,1,211,247,36,161,50,86,0.7630331753554502,0.6518218623481782,0.854251012145749,0.703056768558952
3,24,regular,2,1067,1079,12,1054,13,25,0.9878163074039362,0.9768303985171455,0.9888785912882299,0.9822926374650512
3,24,semiregular,2,655,680,25,626,29,54,0.9557251908396946,0.9205882352941176,0.9632352941176471,0.9378277153558051
3,24,irregular,2,241,247,6,217,24,30,0.9004149377593361,0.8785425101214575,0.9757085020242915,0.889344262295082
3,24,regular,3,1063,1079,16,1060,3,19,0.9971777986829727,0.9823911028730306,0.9851714550509731,0.9897292250233427
3,24,semiregular,3,683,680,3,650,33,30,0.9516837481698389,0.9558823529411765,1.0044117647058823,0.9537784299339692
3,24,irregular,3,222,247,25,203,19,44,0.9144144144144144,0.8218623481781376,0.8987854251012146,0.8656716417910447
3,25,regular,1,936,946,10,930,6,16,0.9935897435897436,0.9830866807610994,0.9894291754756871,0.9883103081827843
3,25,semiregular,1,717,718,1,644,73,74,0.898186889818689,0.8969359331476323,0.9986072423398329,0.8975609756097561
3,25,irregular,1,233,207,26,140,93,67,0.6008583690987125,0.6763285024154589,1.1256038647342994,0.6363636363636364
3,25,regular,2,938,946,8,930,8,16,0.9914712153518124,0.9830866807610994,0.9915433403805497,0.9872611464968153
3,25,semiregular,2,739,718,21,669,70,49,0.9052774018944519,0.9317548746518106,1.0292479108635098,0.9183253260123542
3,25,irregular,2,195,207,12,156,39,51,0.8,0.7536231884057971,0.9420289855072463,0.7761194029850746
3,25,regular,3,927,946,19,925,2,21,0.9978425026968716,0.9778012684989429,0.9799154334038055,0.987720234917245
3,25,semiregular,3,697,718,21,644,53,74,0.9239598278335724,0.8969359331476323,0.9707520891364902,0.9102473498233214
3,25,irregular,3,188,207,19,141,47,66,0.75,0.6811594202898551,0.9082125603864735,0.7139240506329115
3,26,regular,1,1001,985,16,979,22,6,0.978021978021978,0.9939086294416244,1.016243654822335,0.985901309164149
3,26,semiregular,1,799,720,79,682,117,38,0.853566958698373,0.9472222222222222,1.1097222222222223,0.8979591836734694
3,26,irregular,1,276,214,62,174,102,40,0.6304347826086957,0.8130841121495327,1.2897196261682242,0.710204081632653
3,26,regular,2,1003,985,18,980,23,5,0.9770687936191426,0.9949238578680203,1.0182741116751268,0.9859154929577465
3,26,semiregular,2,746,720,26,670,76,50,0.8981233243967829,0.9305555555555556,1.0361111111111112,0.9140518417462483
3,26,irregular,2,238,214,24,162,76,52,0.680672268907563,0.7570093457943925,1.1121495327102804,0.7168141592920354
3,26,regular,3,994,985,9,978,16,7,0.9839034205231388,0.9928934010152284,1.0091370558375634,0.9883779686710459
3,26,semiregular,3,720,720,0,668,52,52,0.9277777777777778,0.9277777777777778,1.0,0.9277777777777778
3,26,irregular,3,227,214,13,179,48,35,0.788546255506608,0.8364485981308412,1.060747663551402,0.8117913832199546
3,27,regular,1,1117,1166,49,1112,5,54,0.9955237242614146,0.9536878216123499,0.9579759862778731,0.9741568112133158
3,27,semiregular,1,681,728,47,619,62,109,0.908957415565345,0.8502747252747253,0.9354395604395604,0.8786373314407381
3,27,irregular,1,249,270,21,191,58,79,0.7670682730923695,0.7074074074074074,0.9222222222222223,0.7360308285163777
3,27,regular,2,1131,1166,35,1120,11,46,0.9902740937223696,0.9605488850771869,0.9699828473413379,0.9751850239442752
3,27,semiregular,2,730,728,2,675,55,53,0.9246575342465754,0.9271978021978022,1.0027472527472527,0.9259259259259259
3,27,irregular,2,276,270,6,236,40,34,0.855072463768116,0.8740740740740741,1.0222222222222221,0.8644688644688645
3,27,regular,3,1171,1166,5,1164,7,2,0.9940222032450897,0.9982847341337907,1.004288164665523,0.9961489088575096
3,27,semiregular,3,709,728,19,664,45,64,0.9365303244005642,0.9120879120879121,0.9739010989010989,0.9241475295755045
3,27,irregular,3,241,270,29,211,30,59,0.8755186721991701,0.7814814814814814,0.8925925925925926,0.8258317025440313
3,28,regular,1,1072,1098,26,1064,8,34,0.9925373134328358,0.9690346083788707,0.97632058287796,0.9806451612903226
3,28,semiregular,1,911,859,52,817,94,42,0.8968166849615807,0.9511059371362048,1.060535506402794,0.9231638418079096
3,28,irregular,1,311,293,18,179,132,114,0.5755627009646302,0.6109215017064846,1.0614334470989761,0.5927152317880794
3,28,regular,2,1104,1098,6,1086,18,12,0.9836956521739131,0.9890710382513661,1.005464480874317,0.9863760217983651
3,28,semiregular,2,850,859,9,790,60,69,0.9294117647058824,0.919674039580908,0.989522700814901,0.9245172615564657
3,28,irregular,2,278,293,15,214,64,79,0.7697841726618705,0.7303754266211604,0.9488054607508533,0.7495621716287216
3,28,regular,3,1099,1098,1,1093,6,5,0.9945404913557779,0.9954462659380692,1.0009107468123861,0.9949931725079654
3,28,semiregular,3,855,859,4,809,46,50,0.9461988304093567,0.9417927823050058,0.9953434225844005,0.9439906651108518
3,28,irregular,3,260,293,33,212,48,81,0.8153846153846154,0.7235494880546075,0.8873720136518771,0.7667269439421339
3,29,regular,1,1132,1140,8,1125,7,15,0.9938162544169611,0.9868421052631579,0.9929824561403509,0.9903169014084506
3,29,semiregular,1,938,869,69,816,122,53,0.8699360341151386,0.9390103567318757,1.0794016110471807,0.9031543995572772
3,29,irregular,1,236,247,11,181,55,66,0.7669491525423728,0.7327935222672065,0.9554655870445344,0.7494824016563147
3,29,regular,2,1107,1140,33,1099,8,41,0.992773261065944,0.9640350877192982,0.9710526315789474,0.9781931464174455
3,29,semiregular,2,932,869,63,819,113,50,0.878755364806867,0.9424626006904487,1.0724971231300344,0.9094947251526929
3,29,irregular,2,281,247,34,215,66,32,0.7651245551601423,0.8704453441295547,1.1376518218623481,0.8143939393939393
3,29,regular,3,1131,1140,9,1124,7,16,0.9938107869142352,0.9859649122807017,0.9921052631578947,0.9898723029502421
3,29,semiregular,3,881,869,12,790,91,79,0.8967082860385925,0.9090909090909091,1.0138089758342923,0.9028571428571428
3,29,irregular,3,239,247,8,202,37,45,0.8451882845188284,0.8178137651821862,0.9676113360323887,0.831275720164609
3,30,regular,1,985,997,12,983,2,14,0.9979695431472081,0.9859578736208626,0.9879638916750251,0.9919273461150353
3,30,semiregular,1,851,810,41,763,88,47,0.8965922444183314,0.9419753086419753,1.0506172839506174,0.9187236604455148
3,30,irregular,1,257,250,7,166,91,84,0.6459143968871596,0.664,1.028,0.6548323471400395
3,30,regular,2,985,997,12,980,5,17,0.9949238578680203,0.9829488465396189,0.9879638916750251,0.9889001009081736
3,30,semiregular,2,822,810,12,766,56,44,0.9318734793187348,0.945679012345679,1.0148148148148148,0.9387254901960784
3,30,irregular,2,245,250,5,192,53,58,0.7836734693877551,0.768,0.98,0.7757575757575759
3,30,regular,3,994,997,3,994,0,3,1.0,0.9969909729187563,0.9969909729187563,0.9984932194876946
3,30,semiregular,3,809,810,1,758,51,52,0.9369592088998764,0.9358024691358025,0.9987654320987654,0.9363804817788758
3,30,irregular,3,245,250,5,197,48,53,0.8040816326530612,0.788,0.98,0.795959595959596
4,1,regular,1,933,937,4,926,7,11,0.992497320471597,0.9882604055496265,0.9957310565635006,0.9903743315508022
4,1,semiregular,1,723,703,20,628,95,75,0.8686030428769018,0.8933143669985776,1.0284495021337126,0.8807854137447406
4,1,irregular,1,215,199,16,153,62,46,0.7116279069767442,0.7688442211055276,1.0804020100502512,0.7391304347826086
4,1,regular,2,958,937,21,908,50,29,0.9478079331941545,0.9690501600853789,1.0224119530416222,0.958311345646438
4,1,semiregular,2,695,703,8,600,95,103,0.8633093525179856,0.8534850640113798,0.9886201991465149,0.8583690987124464
4,1,irregular,2,194,199,5,168,26,31,0.865979381443299,0.8442211055276382,0.9748743718592965,0.8549618320610686
4,1,regular,3,935,937,2,930,5,7,0.9946524064171123,0.9925293489861259,0.9978655282817502,0.9935897435897435
4,1,semiregular,3,686,703,17,613,73,90,0.8935860058309038,0.871977240398293,0.9758179231863442,0.8826493880489561
4,1,irregular,3,198,199,1,167,31,32,0.8434343434343434,0.8391959798994975,0.9949748743718593,0.8413098236775819
4,2,regular,1,1188,1224,36,1180,8,44,0.9932659932659933,0.9640522875816994,0.9705882352941176,0.9784411276948591
4,2,semiregular,1,564,647,83,535,29,112,0.9485815602836879,0.8268933539412674,0.8717156105100463,0.8835672997522709
4,2,irregular,1,221,217,4,135,86,82,0.6108597285067874,0.6221198156682027,1.0184331797235022,0.6164383561643835
4,2,regular,2,1166,1224,58,1150,16,74,0.9862778730703259,0.9395424836601307,0.9526143790849673,0.9623430962343097
4,2,semiregular,2,605,647,42,578,27,69,0.9553719008264463,0.893353941267388,0.9350850077279753,0.9233226837060704
4,2,irregular,2,211,217,6,173,38,44,0.8199052132701422,0.7972350230414746,0.9723502304147466,0.808411214953271
4,2,regular,3,1230,1224,6,1218,12,6,0.9902439024390244,0.9950980392156863,1.0049019607843137,0.9926650366748165
4,2,semiregular,3,627,647,20,604,23,43,0.9633173843700159,0.9335394126738794,0.9690880989180835,0.9481946624803768
4,2,irregular,3,223,217,6,185,38,32,0.8295964125560538,0.8525345622119815,1.0276497695852536,0.8409090909090909
4,3,regular,1,1025,1053,28,1020,5,33,0.9951219512195122,0.9686609686609686,0.97340930674264,0.9817131857555341
4,3,semiregular,1,693,716,23,633,60,83,0.9134199134199135,0.8840782122905028,0.9678770949720671,0.8985095812633073
4,3,irregular,1,242,224,18,164,78,60,0.6776859504132231,0.7321428571428571,1.0803571428571428,0.7038626609442059
4,3,regular,2,977,1053,76,970,7,83,0.9928352098259979,0.9211775878442545,0.9278252611585945,0.9556650246305418
4,3,semiregular,2,698,716,18,644,54,72,0.9226361031518625,0.8994413407821229,0.9748603351955307,0.910891089108911
4,3,irregular,2,211,224,13,178,33,46,0.8436018957345972,0.7946428571428571,0.9419642857142857,0.8183908045977011
4,3,regular,3,1050,1053,3,1047,3,6,0.9971428571428571,0.9943019943019943,0.9971509971509972,0.9957203994293866
4,3,semiregular,3,694,716,22,647,47,69,0.9322766570605188,0.9036312849162011,0.9692737430167597,0.9177304964539007
4,3,irregular,3,222,224,2,189,33,35,0.8513513513513513,0.84375,0.9910714285714286,0.8475336322869954
4,4,regular,1,1108,1101,7,1096,12,5,0.9891696750902527,0.9954586739327884,1.0063578564940963,0.9923042100497963
4,4,semiregular,1,583,614,31,490,93,124,0.8404802744425386,0.7980456026058632,0.9495114006514658,0.8187134502923976
4,4,irregular,1,253,228,25,163,90,65,0.6442687747035574,0.7149122807017544,1.1096491228070176,0.6777546777546777
4,4,regular,2,1113,1101,12,1097,16,4,0.9856244384546271,0.9963669391462306,1.0108991825613078,0.9909665763324299
4,4,semiregular,2,581,614,33,524,57,90,0.9018932874354562,0.8534201954397395,0.9462540716612378,0.8769874476987448
4,4,irregular,2,213,228,15,172,41,56,0.8075117370892019,0.7543859649122807,0.9342105263157895,0.780045351473923
4,4,regular,3,1108,1101,7,1099,9,2,0.9918772563176895,0.9981834695731153,1.0063578564940963,0.9950203712086916
4,4,semiregular,3,580,614,34,543,37,71,0.9362068965517242,0.8843648208469055,0.9446254071661238,0.9095477386934674
4,4,irregular,3,240,228,12,194,46,34,0.8083333333333333,0.8508771929824561,1.0526315789473684,0.829059829059829
4,5,regular,1,1049,1044,5,1042,7,2,0.9933269780743565,0.9980842911877394,1.0047892720306513,0.9956999522216914
4,5,semiregular,1,728,668,60,619,109,49,0.8502747252747253,0.9266467065868264,1.089820359281437,0.8868194842406877
4,5,irregular,1,244,217,27,169,75,48,0.6926229508196722,0.7788018433179723,1.1244239631336406,0.7331887201735359
4,5,regular,2,1038,1044,6,1030,8,14,0.9922928709055877,0.9865900383141762,0.9942528735632183,0.9894332372718541
4,5,semiregular,2,685,668,17,609,76,59,0.8890510948905109,0.9116766467065869,1.0254491017964071,0.9002217294900222
4,5,irregular,2,217,217,0,181,36,36,0.8341013824884793,0.8341013824884793,1.0,0.8341013824884793
4,5,regular,3,1045,1044,1,1044,1,0,0.999043062200957,1.0,1.0009578544061302,0.9995213020584012
4,5,semiregular,3,674,668,6,617,57,51,0.9154302670623146,0.9236526946107785,1.0089820359281436,0.9195230998509687
4,5,irregular,3,220,217,3,186,34,31,0.8454545454545455,0.8571428571428571,1.0138248847926268,0.8512585812356979
4,6,regular,1,921,915,6,912,9,3,0.990228013029316,0.9967213114754099,1.0065573770491802,0.9934640522875817
4,6,semiregular,1,680,701,21,623,57,78,0.9161764705882353,0.8887303851640513,0.9700427960057061,0.9022447501810282
4,6,irregular,1,199,195,4,119,80,76,0.5979899497487438,0.6102564102564103,1.0205128205128204,0.6040609137055838
4,6,regular,2,949,915,34,911,38,4,0.9599578503688093,0.9956284153005465,1.037158469945355,0.9774678111587983
4,6,semiregular,2,714,701,13,657,57,44,0.9201680672268907,0.9372325249643366,1.0185449358059915,0.9286219081272085
4,6,irregular,2,199,195,4,133,66,62,0.6683417085427136,0.6820512820512821,1.0205128205128204,0.6751269035532996
4,6,regular,3,917,915,2,912,5,3,0.9945474372955289,0.9967213114754099,1.0021857923497268,0.9956331877729258
4,6,semiregular,3,688,701,13,646,42,55,0.938953488372093,0.9215406562054208,0.9814550641940085,0.9301655867530597
4,6,irregular,3,212,195,17,175,37,20,0.8254716981132075,0.8974358974358975,1.087179487179487,0.85995085995086
4,7,regular,1,1236,1230,6,1219,17,11,0.9862459546925566,0.9910569105691057,1.0048780487804878,0.9886455798864558
4,7,semiregular,1,794,761,33,682,112,79,0.8589420654911839,0.8961892247043364,1.0433639947437583,0.8771704180064308
4,7,irregular,1,217,225,8,136,81,89,0.6267281105990783,0.6044444444444445,0.9644444444444444,0.6153846153846154
4,7,regular,2,1225,1230,5,1205,20,25,0.9836734693877551,0.9796747967479674,0.9959349593495935,0.9816700610997963
4,7,semiregular,2,707,761,54,642,65,119,0.9080622347949081,0.8436268068331143,0.9290407358738502,0.874659400544959
4,7,irregular,2,206,225,19,180,26,45,0.8737864077669902,0.8,0.9155555555555556,0.8352668213457077
4,7,regular,3,1235,1230,5,1224,11,6,0.9910931174089069,0.9951219512195122,1.0040650406504066,0.9931034482758622
4,7,semiregular,3,722,761,39,659,63,102,0.9127423822714681,0.8659658344283837,0.9487516425755584,0.8887390424814565
4,7,irregular,3,227,225,2,194,33,31,0.8546255506607929,0.8622222222222222,1.008888888888889,0.8584070796460177
4,8,regular,1,1021,1035,14,1012,9,23,0.9911851126346719,0.9777777777777777,0.9864734299516909,0.9844357976653696
4,8,semiregular,1,820,827,7,735,85,92,0.8963414634146342,0.8887545344619106,0.9915356711003628,0.8925318761384335
4,8,irregular,1,258,243,15,150,108,93,0.5813953488372093,0.6172839506172839,1.0617283950617284,0.5988023952095808
4,8,regular,2,1000,1035,35,990,10,45,0.99,0.9565217391304348,0.966183574879227,0.972972972972973
4,8,semiregular,2,813,827,14,748,65,79,0.9200492004920049,0.9044740024183797,0.9830713422007256,0.9121951219512194
4,8,irregular,2,228,243,15,187,41,56,0.8201754385964912,0.7695473251028807,0.9382716049382716,0.7940552016985138
4,8,regular,3,1041,1035,6,1032,9,3,0.9913544668587896,0.9971014492753624,1.0057971014492753,0.9942196531791908
4,8,semiregular,3,823,827,4,767,56,60,0.9319562575941677,0.9274486094316807,0.9951632406287787,0.9296969696969697
4,8,irregular,3,246,243,3,194,52,49,0.7886178861788617,0.7983539094650206,1.0123456790123457,0.7934560327198363
4,9,regular,1,1084,1107,23,1078,6,29,0.9944649446494465,0.973803071364047,0.979223125564589,0.9840255591054313
4,9,semiregular,1,627,701,74,591,36,110,0.9425837320574163,0.8430813124108416,0.8944365192582026,0.8900602409638555
4,9,irregular,1,233,266,33,162,71,104,0.6952789699570815,0.6090225563909775,0.8759398496240601,0.6492985971943888
4,9,regular,2,1070,1107,37,1062,8,45,0.9925233644859813,0.959349593495935,0.966576332429991,0.975654570509876
4,9,semiregular,2,627,701,74,596,31,105,0.9505582137161085,0.8502139800285307,0.8944365192582026,0.8975903614457831
4,9,irregular,2,253,266,13,216,37,50,0.8537549407114624,0.8120300751879699,0.9511278195488722,0.8323699421965317
4,9,regular,3,1095,1107,12,1093,2,14,0.9981735159817352,0.987353206865402,0.989159891598916,0.9927338782924614
4,9,semiregular,3,674,701,27,654,20,47,0.9703264094955489,0.9329529243937232,0.9614835948644793,0.9512727272727273
4,9,irregular,3,252,266,14,211,41,55,0.8373015873015873,0.793233082706767,0.9473684210526315,0.8146718146718148
4,10,regular,1,1032,1014,18,1009,23,5,0.9777131782945736,0.995069033530572,1.017751479289941,0.9863147605083089
4,10,semiregular,1,657,656,1,604,53,52,0.9193302891933028,0.9207317073170732,1.0015243902439024,0.92003046458492
4,10,irregular,1,240,247,7,190,50,57,0.7916666666666666,0.7692307692307693,0.97165991902834,0.7802874743326489
4,10,regular,2,1047,1014,33,1008,39,6,0.9627507163323782,0.9940828402366864,1.032544378698225,0.9781659388646287
4,10,semiregular,2,631,656,25,585,46,71,0.9270998415213946,0.8917682926829268,0.961890243902439,0.909090909090909
4,10,irregular,2,234,247,13,206,28,41,0.8803418803418803,0.8340080971659919,0.9473684210526315,0.8565488565488565
4,10,regular,3,1025,1014,11,1013,12,1,0.9882926829268293,0.9990138067061144,1.0108481262327416,0.9936243256498283
4,10,semiregular,3,637,656,19,607,30,49,0.9529042386185244,0.9253048780487805,0.9710365853658537,0.9389017788089714
4,10,irregular,3,247,247,0,210,37,37,0.8502024291497976,0.8502024291497976,1.0,0.8502024291497976
4,11,regular,1,1069,1070,1,1065,4,5,0.9962581852198317,0.9953271028037384,0.9990654205607477,0.9957924263674615
4,11,semiregular,1,713,700,13,623,90,77,0.8737727910238429,0.89,1.0185714285714285,0.8818117480537864
4,11,irregular,1,227,239,12,164,63,75,0.7224669603524229,0.6861924686192469,0.9497907949790795,0.7038626609442059
4,11,regular,2,1056,1070,14,1051,5,19,0.9952651515151515,0.9822429906542056,0.9869158878504672,0.988711194731891
4,11,semiregular,2,671,700,29,613,58,87,0.9135618479880775,0.8757142857142857,0.9585714285714285,0.8942377826404085
4,11,irregular,2,210,239,29,183,27,56,0.8714285714285714,0.7656903765690377,0.8786610878661087,0.8151447661469934
4,11,regular,3,1068,1070,2,1066,2,4,0.99812734082397,0.9962616822429906,0.9981308411214953,0.9971936389148736
4,11,semiregular,3,681,700,19,638,43,62,0.9368575624082232,0.9114285714285715,0.9728571428571429,0.9239681390296886
4,11,irregular,3,224,239,15,191,33,48,0.8526785714285714,0.799163179916318,0.9372384937238494,0.8250539956803454
4,12,regular,1,1019,1007,12,1007,12,0,0.9882237487733072,1.0,1.0119165839126116,0.9940769990128332
4,12,semiregular,1,713,641,72,600,113,41,0.8415147265077139,0.9360374414976599,1.1123244929797191,0.8862629246676514
4,12,irregular,1,277,204,73,186,91,18,0.6714801444043321,0.9117647058823529,1.357843137254902,0.7733887733887733
4,12,regular,2,1027,1007,20,1007,20,0,0.9805258033106135,1.0,1.0198609731876862,0.9901671583087512
4,12,semiregular,2,630,641,11,560,70,81,0.8888888888888888,0.8736349453978159,0.982839313572543,0.8811959087332808
4,12,irregular,2,236,204,32,183,53,21,0.7754237288135594,0.8970588235294118,1.1568627450980393,0.8318181818181818
4,12,regular,3,1014,1007,7,1006,8,1,0.9921104536489151,0.9990069513406157,1.0069513406156902,0.9955467590301831
4,12,semiregular,3,618,641,23,558,60,83,0.9029126213592233,0.8705148205928237,0.9641185647425897,0.886417791898332
4,12,irregular,3,231,204,27,184,47,20,0.7965367965367965,0.9019607843137255,1.1323529411764706,0.8459770114942529
4,13,regular,1,990,1000,10,986,4,14,0.9959595959595959,0.986,0.99,0.9909547738693467
4,13,semiregular,1,849,815,34,772,77,43,0.9093050647820966,0.947239263803681,1.041717791411043,0.9278846153846153
4,13,irregular,1,313,216,97,186,127,30,0.5942492012779552,0.8611111111111112,1.4490740740740742,0.7032136105860114
4,13,regular,2,1006,1000,6,995,11,5,0.989065606361829,0.995,1.006,0.992023928215354
4,13,semiregular,2,818,815,3,762,56,53,0.9315403422982885,0.9349693251533743,1.003680981595092,0.9332516840171464
4,13,irregular,2,245,216,29,191,54,25,0.7795918367346939,0.8842592592592593,1.1342592592592593,0.8286334056399133
4,13,regular,3,1003,1000,3,998,5,2,0.9950149551345963,0.998,1.003,0.9965052421367948
4,13,semiregular,3,789,815,26,757,32,58,0.9594423320659062,0.9288343558282208,0.9680981595092024,0.9438902743142145
4,13,irregular,3,235,216,19,192,43,24,0.8170212765957446,0.8888888888888888,1.087962962962963,0.8514412416851441
4,14,regular,1,1040,1052,12,1038,2,14,0.9980769230769231,0.9866920152091255,0.9885931558935361,0.9923518164435946
4,14,semiregular,1,847,913,66,792,55,121,0.935064935064935,0.8674698795180723,0.927710843373494,0.9
4,14,irregular,1,242,217,25,167,75,50,0.6900826446280992,0.7695852534562212,1.1152073732718895,0.7276688453159041
4,14,regular,2,1008,1052,44,1002,6,50,0.9940476190476191,0.9524714828897338,0.9581749049429658,0.9728155339805826
4,14,semiregular,2,871,913,42,826,45,87,0.9483352468427095,0.904709748083242,0.9539978094194962,0.9260089686098655
4,14,irregular,2,225,217,8,181,44,36,0.8044444444444444,0.8341013824884793,1.0368663594470047,0.8190045248868779
4,14,regular,3,1053,1052,1,1048,5,4,0.9952516619183286,0.9961977186311787,1.0009505703422052,0.9957244655581947
4,14,semiregular,3,863,913,50,823,40,90,0.9536500579374276,0.9014238773274917,0.9452354874041621,0.9268018018018019
4,14,irregular,3,213,217,4,175,38,42,0.8215962441314554,0.8064516129032258,0.9815668202764977,0.813953488372093
4,15,regular,1,972,964,8,963,9,1,0.9907407407407407,0.9989626556016598,1.008298755186722,0.9948347107438016
4,15,semiregular,1,786,774,12,723,63,51,0.9198473282442748,0.9341085271317829,1.0155038759689923,0.9269230769230768
4,15,irregular,1,217,218,1,169,48,49,0.7788018433179723,0.7752293577981652,0.9954128440366973,0.7770114942528735
4,15,regular,2,936,964,28,928,8,36,0.9914529914529915,0.9626556016597511,0.970954356846473,0.9768421052631578
4,15,semiregular,2,750,774,24,712,38,62,0.9493333333333334,0.9198966408268734,0.9689922480620154,0.9343832020997376
4,15,irregular,2,208,218,10,182,26,36,0.875,0.8348623853211009,0.9541284403669725,0.8544600938967136
4,15,regular,3,964,964,0,962,2,2,0.9979253112033195,0.9979253112033195,1.0,0.9979253112033195
4,15,semiregular,3,728,774,46,697,31,77,0.9574175824175825,0.900516795865633,0.9405684754521964,0.9280958721704393
4,15,irregular,3,227,218,9,190,37,28,0.8370044052863436,0.8715596330275229,1.0412844036697249,0.8539325842696629
4,16,regular,1,1110,1109,1,1102,8,7,0.9927927927927928,0.9936880072137061,1.000901713255185,0.9932401982875169
4,16,semiregular,1,703,681,22,616,87,65,0.8762446657183499,0.9045521292217328,1.0323054331864905,0.8901734104046243
4,16,irregular,1,250,272,22,172,78,100,0.688,0.6323529411764706,0.9191176470588235,0.6590038314176245
4,16,regular,2,1124,1109,15,1107,17,2,0.9848754448398577,0.9981965734896303,1.0135256988277728,0.9914912673533363
4,16,semiregular,2,654,681,27,600,54,81,0.9174311926605505,0.8810572687224669,0.960352422907489,0.898876404494382
4,16,irregular,2,263,272,9,213,50,59,0.8098859315589354,0.7830882352941176,0.9669117647058824,0.7962616822429907
4,16,regular,3,1113,1109,4,1106,7,3,0.9937106918238994,0.9972948602344455,1.0036068530207394,0.9954995499549956
4,16,semiregular,3,639,681,42,589,50,92,0.9217527386541471,0.8649045521292217,0.9383259911894273,0.8924242424242423
4,16,irregular,3,241,272,31,209,32,63,0.8672199170124482,0.7683823529411765,0.8860294117647058,0.8148148148148148
4,17,regular,1,1047,1029,18,1029,18,0,0.9828080229226361,1.0,1.0174927113702623,0.9913294797687862
4,17,semiregular,1,815,837,22,738,77,99,0.905521472392638,0.8817204301075269,0.973715651135006,0.8934624697336562
4,17,irregular,1,266,240,26,178,88,62,0.6691729323308271,0.7416666666666667,1.1083333333333334,0.7035573122529645
4,17,regular,2,1062,1029,33,1029,33,0,0.9689265536723164,1.0,1.032069970845481,0.9842180774748924
4,17,semiregular,2,840,837,3,769,71,68,0.9154761904761904,0.918757467144564,1.003584229390681,0.9171138938580798
4,17,irregular,2,275,240,35,196,79,44,0.7127272727272728,0.8166666666666667,1.1458333333333333,0.7611650485436894
4,17,regular,3,1037,1029,8,1029,8,0,0.9922854387656702,1.0,1.0077745383867833,0.9961277831558567
4,17,semiregular,3,813,837,24,772,41,65,0.949569495694957,0.9223416965352449,0.9713261648745519,0.9357575757575758
4,17,irregular,3,245,240,5,195,50,45,0.7959183673469388,0.8125,1.0208333333333333,0.8041237113402061
4,18,regular,1,1047,1044,3,1040,7,4,0.9933142311365807,0.9961685823754789,1.0028735632183907,0.9947393591582975
4,18,semiregular,1,793,801,8,741,52,60,0.9344262295081968,0.9250936329588015,0.9900124843945068,0.9297365119196989
4,18,irregular,1,273,252,21,198,75,54,0.7252747252747253,0.7857142857142857,1.0833333333333333,0.7542857142857142
4,18,regular,2,1096,1044,52,1044,52,0,0.9525547445255474,1.0,1.049808429118774,0.9757009345794392
4,18,semiregular,2,793,801,8,748,45,53,0.9432534678436317,0.9338327091136079,0.9900124843945068,0.9385194479297364
4,18,irregular,2,261,252,9,212,49,40,0.8122605363984674,0.8412698412698413,1.0357142857142858,0.8265107212475633
4,18,regular,3,1048,1044,4,1043,5,1,0.9952290076335878,0.9990421455938697,1.003831417624521,0.997131931166348
4,18,semiregular,3,787,801,14,753,34,48,0.9567979669631512,0.9400749063670412,0.982521847690387,0.9483627204030227
4,18,irregular,3,256,252,4,211,45,41,0.82421875,0.8373015873015873,1.0158730158730158,0.8307086614173228
4,19,regular,1,1063,1076,13,1042,21,34,0.980244590780809,0.9684014869888475,0.9879182156133829,0.9742870500233753
4,19,semiregular,1,721,753,32,664,57,89,0.9209431345353676,0.8818061088977424,0.9575033200531209,0.9009497964721844
4,19,irregular,1,297,245,52,192,105,53,0.6464646464646465,0.7836734693877551,1.2122448979591838,0.7084870848708488
4,19,regular,2,1109,1076,33,1074,35,2,0.9684400360685302,0.9981412639405205,1.0306691449814127,0.9830663615560642
4,19,semiregular,2,690,753,63,652,38,101,0.9449275362318841,0.8658698539176627,0.9163346613545816,0.9036729036729036
4,19,irregular,2,246,245,1,191,55,54,0.7764227642276422,0.7795918367346939,1.0040816326530613,0.7780040733197555
4,19,regular,3,1054,1076,22,1052,2,24,0.9981024667931688,0.9776951672862454,0.9795539033457249,0.9877934272300468
4,19,semiregular,3,666,753,87,623,43,130,0.9354354354354354,0.8273572377158035,0.8844621513944223,0.8780831571529246
4,19,irregular,3,237,245,8,196,41,49,0.8270042194092827,0.8,0.9673469387755103,0.8132780082987553
4,20,regular,1,1186,1251,65,1183,3,68,0.9974704890387859,0.9456434852118305,0.9480415667466027,0.9708658186294624
4,20,semiregular,1,873,841,32,759,114,82,0.8694158075601375,0.9024970273483948,1.0380499405469679,0.8856476079346558
4,20,irregular,1,321,252,69,181,140,71,0.5638629283489096,0.7182539682539683,1.2738095238095237,0.631762652705061
4,20,regular,2,896,1251,355,888,8,363,0.9910714285714286,0.709832134292566,0.7162270183852918,0.8272007452258967
4,20,semiregular,2,726,841,115,655,71,186,0.9022038567493113,0.7788347205707491,0.8632580261593341,0.8359923420548819
4,20,irregular,2,216,252,36,178,38,74,0.8240740740740741,0.7063492063492064,0.8571428571428571,0.7606837606837606
4,20,regular,3,1170,1251,81,1168,2,83,0.9982905982905983,0.9336530775379697,0.935251798561151,0.9648905410987195
4,20,semiregular,3,796,841,45,715,81,126,0.8982412060301508,0.8501783590963139,0.9464922711058263,0.8735491753207086
4,20,irregular,3,243,252,9,200,43,52,0.823045267489712,0.7936507936507936,0.9642857142857143,0.808080808080808
4,21,regular,1,947,920,27,918,29,2,0.9693769799366421,0.9978260869565218,1.0293478260869566,0.9833958221746116
4,21,semiregular,1,598,549,49,481,117,68,0.8043478260869565,0.8761384335154827,1.0892531876138434,0.8387096774193549
4,21,irregular,1,233,204,29,168,65,36,0.721030042918455,0.8235294117647058,1.142156862745098,0.7688787185354691
4,21,regular,2,941,920,21,919,22,1,0.9766206163655685,0.9989130434782608,1.0228260869565218,0.9876410531972059
4,21,semiregular,2,562,549,13,476,86,73,0.8469750889679716,0.8670309653916212,1.02367941712204,0.8568856885688569
4,21,irregular,2,206,204,2,171,35,33,0.8300970873786407,0.8382352941176471,1.0098039215686274,0.8341463414634146
4,21,regular,3,916,920,4,914,2,6,0.9978165938864629,0.9934782608695653,0.9956521739130435,0.9956427015250545
4,21,semiregular,3,575,549,26,495,80,54,0.8608695652173913,0.9016393442622951,1.04735883424408,0.8807829181494662
4,21,irregular,3,211,204,7,185,26,19,0.8767772511848341,0.9068627450980392,1.0343137254901962,0.891566265060241
4,22,regular,1,1008,946,62,944,64,2,0.9365079365079365,0.9978858350951374,1.06553911205074,0.9662231320368475
4,22,semiregular,1,713,703,10,620,93,83,0.8695652173913043,0.8819345661450925,1.0142247510668563,0.8757062146892656
4,22,irregular,1,235,247,12,167,68,80,0.7106382978723405,0.6761133603238867,0.951417004048583,0.6929460580912863
4,22,regular,2,971,946,25,946,25,0,0.9742533470648815,1.0,1.0264270613107822,0.9869587897756912
4,22,semiregular,2,699,703,4,628,71,75,0.8984263233190272,0.8933143669985776,0.9943100995732574,0.8958630527817404
4,22,irregular,2,220,247,27,185,35,62,0.8409090909090909,0.7489878542510121,0.8906882591093117,0.7922912205567451
4,22,regular,3,956,946,10,945,11,1,0.9884937238493724,0.9989429175475687,1.0105708245243128,0.9936908517350158
4,22,semiregular,3,684,703,19,635,49,68,0.9283625730994152,0.903271692745377,0.972972972972973,0.9156452775775054
4,22,irregular,3,255,247,8,199,56,48,0.7803921568627451,0.805668016194332,1.0323886639676114,0.7928286852589641
4,23,regular,1,1005,999,6,988,17,11,0.9830845771144279,0.988988988988989,1.006006006006006,0.9860279441117764
4,23,semiregular,1,892,835,57,738,154,97,0.827354260089686,0.8838323353293414,1.0682634730538922,0.8546612623045743
4,23,irregular,1,253,266,13,142,111,124,0.5612648221343873,0.5338345864661654,0.9511278195488722,0.5472061657032755
4,23,regular,2,830,999,169,827,3,172,0.9963855421686747,0.8278278278278278,0.8308308308308309,0.904319300164024
4,23,semiregular,2,510,835,325,459,51,376,0.9,0.5497005988023952,0.6107784431137725,0.6825278810408922
4,23,irregular,2,123,266,143,121,2,145,0.983739837398374,0.4548872180451128,0.462406015037594,0.622107969151671
4,23,regular,3,1012,999,13,997,15,2,0.9851778656126482,0.997997997997998,1.013013013013013,0.991546494281452
4,23,semiregular,3,840,835,5,775,65,60,0.9226190476190477,0.9281437125748503,1.0059880239520957,0.9253731343283582
4,23,irregular,3,274,266,8,210,64,56,0.7664233576642335,0.7894736842105263,1.0300751879699248,0.7777777777777777
4,24,regular,1,1068,1079,11,1055,13,24,0.9878277153558053,0.9777571825764597,0.989805375347544,0.9827666511411273
4,24,semiregular,1,641,680,39,575,66,105,0.8970358814352574,0.8455882352941176,0.9426470588235294,0.8705526116578349
4,24,irregular,1,190,247,57,134,56,113,0.7052631578947368,0.5425101214574899,0.7692307692307693,0.6132723112128147
4,24,regular,2,1027,1079,52,1014,13,65,0.9873417721518988,0.9397590361445783,0.9518072289156626,0.962962962962963
4,24,semiregular,2,622,680,58,590,32,90,0.9485530546623794,0.8676470588235294,0.9147058823529411,0.9062980030721965
4,24,irregular,2,220,247,27,199,21,48,0.9045454545454545,0.805668016194332,0.8906882591093117,0.8522483940042827
4,24,regular,3,1070,1079,9,1067,3,12,0.997196261682243,0.9888785912882299,0.9916589434661723,0.9930200093066543
4,24,semiregular,3,645,680,35,620,25,60,0.9612403100775194,0.9117647058823529,0.9485294117647058,0.9358490566037736
4,24,irregular,3,233,247,14,210,23,37,0.9012875536480687,0.8502024291497976,0.9433198380566802,0.875
4,25,regular,1,942,946,4,939,3,7,0.9968152866242038,0.992600422832981,0.9957716701902748,0.9947033898305085
4,25,semiregular,1,691,718,27,627,64,91,0.9073806078147613,0.8732590529247911,0.9623955431754875,0.8899929027679205
4,25,irregular,1,254,207,47,155,99,52,0.610236220472441,0.748792270531401,1.2270531400966183,0.6724511930585684
4,25,regular,2,923,946,23,917,6,29,0.9934994582881906,0.9693446088794926,0.9756871035940803,0.9812734082397003
4,25,semiregular,2,703,718,15,644,59,74,0.9160739687055477,0.8969359331476323,0.979108635097493,0.9064039408866995
4,25,irregular,2,212,207,5,154,58,53,0.7264150943396226,0.7439613526570048,1.0241545893719808,0.7350835322195703
4,25,regular,3,947,946,1,943,4,3,0.9957761351636748,0.9968287526427061,1.0010570824524312,0.9963021658742737
4,25,semiregular,3,676,718,42,625,51,93,0.9245562130177515,0.8704735376044568,0.9415041782729805,0.8967001434720229
4,25,irregular,3,218,207,11,149,69,58,0.6834862385321101,0.7198067632850241,1.0531400966183575,0.7011764705882353
4,26,regular,1,984,985,1,968,16,17,0.983739837398374,0.9827411167512691,0.9989847715736041,0.9832402234636872
4,26,semiregular,1,758,720,38,667,91,53,0.8799472295514512,0.9263888888888889,1.0527777777777778,0.9025710419485792
4,26,irregular,1,316,214,102,187,129,27,0.5917721518987342,0.8738317757009346,1.4766355140186915,0.7056603773584906
4,26,regular,2,984,985,1,972,12,13,0.9878048780487805,0.9868020304568528,0.9989847715736041,0.9873031995937024
4,26,semiregular,2,710,720,10,649,61,71,0.9140845070422535,0.9013888888888889,0.9861111111111112,0.9076923076923077
4,26,irregular,2,219,214,5,152,67,62,0.6940639269406392,0.7102803738317757,1.0233644859813085,0.7020785219399537
4,26,regular,3,997,985,12,984,13,1,0.9869608826479438,0.9989847715736041,1.0121827411167512,0.9929364278506558
4,26,semiregular,3,712,720,8,657,55,63,0.922752808988764,0.9125,0.9888888888888889,0.9175977653631284
4,26,irregular,3,273,214,59,192,81,22,0.7032967032967034,0.897196261682243,1.2757009345794392,0.7885010266940452
4,27,regular,1,1128,1166,38,1125,3,41,0.9973404255319149,0.9648370497427101,0.967409948542024,0.980819529206626
4,27,semiregular,1,670,728,58,596,74,132,0.8895522388059701,0.8186813186813187,0.9203296703296703,0.8526466380543635
4,27,irregular,1,256,270,14,186,70,84,0.7265625,0.6888888888888889,0.9481481481481482,0.7072243346007604
4,27,regular,2,1137,1166,29,1127,10,39,0.9912049252418645,0.9665523156089194,0.9751286449399656,0.9787234042553191
4,27,semiregular,2,704,728,24,650,54,78,0.9232954545454546,0.8928571428571429,0.967032967032967,0.9078212290502794
4,27,irregular,2,255,270,15,221,34,49,0.8666666666666667,0.8185185185185185,0.9444444444444444,0.8419047619047619
4,27,regular,3,1172,1166,6,1164,8,2,0.9931740614334471,0.9982847341337907,1.0051457975986278,0.9957228400342173
4,27,semiregular,3,693,728,35,652,41,76,0.9408369408369408,0.8956043956043956,0.9519230769230769,0.9176636171710064
4,27,irregular,3,260,270,10,224,36,46,0.8615384615384616,0.8296296296296296,0.9629629629629629,0.8452830188679247
4,28,regular,1,1071,1098,27,1066,5,32,0.9953314659197012,0.970856102003643,0.9754098360655737,0.9829414476717382
4,28,semiregular,1,861,859,2,779,82,80,0.9047619047619048,0.9068684516880093,1.0023282887077998,0.9058139534883721
4,28,irregular,1,347,293,54,185,162,108,0.5331412103746398,0.6313993174061433,1.1843003412969284,0.578125
4,28,regular,2,1070,1098,28,1053,17,45,0.9841121495327103,0.9590163934426229,0.9744990892531876,0.9714022140221401
4,28,semiregular,2,804,859,55,753,51,106,0.9365671641791045,0.8766006984866124,0.9359720605355064,0.9055923030667469
4,28,irregular,2,279,293,14,205,74,88,0.7347670250896058,0.6996587030716723,0.9522184300341296,0.7167832167832169
4,28,regular,3,1107,1098,9,1095,12,3,0.989159891598916,0.9972677595628415,1.0081967213114753,0.9931972789115646
4,28,semiregular,3,815,859,44,775,40,84,0.950920245398773,0.9022118742724098,0.9487776484284052,0.9259259259259259
4,28,irregular,3,291,293,2,212,79,81,0.7285223367697594,0.7235494880546075,0.9931740614334471,0.7260273972602739
4,29,regular,1,1139,1140,1,1132,7,8,0.9938542581211589,0.9929824561403509,0.9991228070175439,0.9934181658622202
4,29,semiregular,1,921,869,52,805,116,64,0.8740499457111836,0.9263521288837745,1.0598388952819333,0.899441340782123
4,29,irregular,1,273,247,26,193,80,54,0.706959706959707,0.7813765182186235,1.105263157894737,0.7423076923076923
4,29,regular,2,1111,1140,29,1102,9,38,0.991899189918992,0.9666666666666667,0.974561403508772,0.9791203909373613
4,29,semiregular,2,922,869,53,811,111,58,0.8796095444685467,0.9332566168009206,1.0609896432681243,0.9056393076493581
4,29,irregular,2,266,247,19,207,59,40,0.7781954887218046,0.8380566801619433,1.0769230769230769,0.8070175438596491
4,29,regular,3,1134,1140,6,1132,2,8,0.9982363315696648,0.9929824561403509,0.9947368421052631,0.9956024626209322
4,29,semiregular,3,849,869,20,776,73,93,0.9140164899882215,0.8929804372842347,0.9769850402761795,0.9033760186263096
4,29,irregular,3,256,247,9,211,45,36,0.82421875,0.854251012145749,1.0364372469635628,0.8389662027833001
4,30,regular,1,980,997,17,976,4,21,0.9959183673469387,0.9789368104312939,0.9829488465396189,0.9873545776428932
4,30,semiregular,1,808,810,2,742,66,68,0.9183168316831684,0.9160493827160494,0.9975308641975309,0.9171817058096416
4,30,irregular,1,271,250,21,181,90,69,0.6678966789667896,0.724,1.084,0.6948176583493282
4,30,regular,2,991,997,6,978,13,19,0.9868819374369324,0.9809428284854563,0.9939819458375125,0.9839034205231387
4,30,semiregular,2,797,810,13,742,55,68,0.93099121706399,0.9160493827160494,0.9839506172839506,0.9234598630989421
4,30,irregular,2,225,250,25,183,42,67,0.8133333333333334,0.732,0.9,0.7705263157894737
4,30,regular,3,999,997,2,995,4,2,0.995995995995996,0.9979939819458375,1.0020060180541626,0.996993987975952
4,30,semiregular,3,793,810,17,753,40,57,0.9495586380832283,0.9296296296296296,0.9790123456790123,0.9394884591391142
4,30,irregular,3,263,250,13,199,64,51,0.7566539923954373,0.796,1.052,0.7758284600389865
5,1,regular,1,954,937,17,936,18,1,0.9811320754716981,0.9989327641408752,1.0181430096051227,0.9899524061343205
5,1,semiregular,1,697,703,6,606,91,97,0.8694404591104734,0.8620199146514936,0.9914651493598862,0.8657142857142858
5,1,irregular,1,201,199,2,155,46,44,0.7711442786069652,0.7788944723618091,1.0100502512562815,0.775
5,1,regular,2,938,937,1,913,25,24,0.9733475479744137,0.9743863393810032,1.0010672358591248,0.9738666666666668
5,1,semiregular,2,747,703,44,642,105,61,0.8594377510040161,0.9132290184921764,1.062588904694168,0.8855172413793103
5,1,irregular,2,201,199,2,173,28,26,0.8606965174129353,0.8693467336683417,1.0100502512562815,0.865
5,1,regular,3,941,937,4,933,8,4,0.9914984059511158,0.9957310565635006,1.0042689434364995,0.9936102236421724
5,1,semiregular,3,745,703,42,651,94,52,0.8738255033557047,0.9260312944523471,1.0597439544807965,0.8991712707182321
5,1,irregular,3,196,199,3,164,32,35,0.8367346938775511,0.8241206030150754,0.9849246231155779,0.830379746835443
5,2,regular,1,1143,1224,81,1135,8,89,0.9930008748906387,0.9272875816993464,0.9338235294117647,0.9590198563582595
5,2,semiregular,1,564,647,83,532,32,115,0.9432624113475178,0.8222565687789799,0.8717156105100463,0.8786127167630058
5,2,irregular,1,223,217,6,140,83,77,0.6278026905829597,0.6451612903225806,1.0276497695852536,0.6363636363636364
5,2,regular,2,1183,1224,41,1173,10,51,0.9915469146238377,0.9583333333333334,0.9665032679738562,0.9746572496884088
5,2,semiregular,2,633,647,14,600,33,47,0.9478672985781991,0.9273570324574961,0.9783616692426584,0.9375000000000001
5,2,irregular,2,220,217,3,179,41,38,0.8136363636363636,0.8248847926267281,1.0138248847926268,0.8192219679633868
5,2,regular,3,1220,1224,4,1211,9,13,0.9926229508196721,0.9893790849673203,0.9967320261437909,0.9909983633387889
5,2,semiregular,3,648,647,1,610,38,37,0.941358024691358,0.9428129829984544,1.001545595054096,0.9420849420849421
5,2,irregular,3,228,217,11,189,39,28,0.8289473684210527,0.8709677419354839,1.0506912442396312,0.8494382022471909
5,3,regular,1,1015,1053,38,1010,5,43,0.9950738916256158,0.9591642924976258,0.9639126305792972,0.9767891682785299
5,3,semiregular,1,685,716,31,633,52,83,0.9240875912408759,0.8840782122905028,0.9567039106145251,0.9036402569593148
5,3,irregular,1,226,224,2,171,55,53,0.7566371681415929,0.7633928571428571,1.0089285714285714,0.76
5,3,regular,2,1022,1053,31,1015,7,38,0.9931506849315068,0.9639126305792972,0.9705603038936372,0.9783132530120483
5,3,semiregular,2,727,716,11,666,61,50,0.9160935350756534,0.9301675977653632,1.01536312849162,0.9230769230769231
5,3,irregular,2,218,224,6,183,35,41,0.8394495412844036,0.8169642857142857,0.9732142857142857,0.828054298642534
5,3,regular,3,1049,1053,4,1046,3,7,0.9971401334604385,0.99335232668566,0.9962013295346629,0.9952426260704091
5,3,semiregular,3,721,716,5,674,47,42,0.9348127600554785,0.9413407821229051,1.0069832402234637,0.9380654140570635
5,3,irregular,3,222,224,2,185,37,39,0.8333333333333334,0.8258928571428571,0.9910714285714286,0.8295964125560538
5,4,regular,1,1134,1101,33,1096,38,5,0.9664902998236331,0.9954586739327884,1.0299727520435968,0.9807606263982103
5,4,semiregular,1,615,614,1,520,95,94,0.8455284552845529,0.8469055374592834,1.001628664495114,0.8462164361269325
5,4,irregular,1,253,228,25,174,79,54,0.6877470355731226,0.7631578947368421,1.1096491228070176,0.7234927234927235
5,4,regular,2,1077,1101,24,1075,2,26,0.9981429897864438,0.9763851044504995,0.9782016348773842,0.9871441689623507
5,4,semiregular,2,603,614,11,555,48,59,0.9203980099502488,0.9039087947882736,0.9820846905537459,0.9120788824979457
5,4,irregular,2,239,228,11,194,45,34,0.8117154811715481,0.8508771929824561,1.0482456140350878,0.8308351177730192
5,4,regular,3,1095,1101,6,1092,3,9,0.9972602739726028,0.9918256130790191,0.9945504087193461,0.9945355191256832
5,4,semiregular,3,609,614,5,555,54,59,0.9113300492610837,0.9039087947882736,0.99185667752443,0.9076042518397383
5,4,irregular,3,233,228,5,190,43,38,0.8154506437768241,0.8333333333333334,1.0219298245614035,0.824295010845987
5,5,regular,1,1042,1044,2,1036,6,8,0.9942418426103646,0.9923371647509579,0.9980842911877394,0.9932885906040269
5,5,semiregular,1,694,668,26,604,90,64,0.8703170028818443,0.9041916167664671,1.0389221556886228,0.8869309838472834
5,5,irregular,1,241,217,24,173,68,44,0.7178423236514523,0.7972350230414746,1.1105990783410138,0.7554585152838427
5,5,regular,2,1030,1044,14,1026,4,18,0.996116504854369,0.9827586206896551,0.9865900383141762,0.9893924783027966
5,5,semiregular,2,711,668,43,633,78,35,0.890295358649789,0.9476047904191617,1.06437125748503,0.9180565627266134
5,5,irregular,2,217,217,0,177,40,40,0.815668202764977,0.815668202764977,1.0,0.815668202764977
5,5,regular,3,1044,1044,0,1043,1,1,0.9990421455938697,0.9990421455938697,1.0,0.9990421455938697
5,5,semiregular,3,699,668,31,628,71,40,0.8984263233190272,0.9401197604790419,1.0464071856287425,0.9188002926115582
5,5,irregular,3,223,217,6,184,39,33,0.8251121076233184,0.847926267281106,1.0276497695852536,0.8363636363636364
5,6,regular,1,980,915,65,914,66,1,0.9326530612244898,0.9989071038251366,1.0710382513661203,0.9646437994722955
5,6,semiregular,1,694,701,7,640,54,61,0.9221902017291066,0.912981455064194,0.9900142653352354,0.9175627240143369
5,6,irregular,1,205,195,10,124,81,71,0.6048780487804878,0.6358974358974359,1.0512820512820513,0.62
5,6,regular,2,925,915,10,907,18,8,0.9805405405405405,0.9912568306010929,1.010928961748634,0.9858695652173913
5,6,semiregular,2,715,701,14,665,50,36,0.9300699300699301,0.948644793152639,1.0199714693295292,0.9392655367231639
5,6,irregular,2,200,195,5,127,73,68,0.635,0.6512820512820513,1.0256410256410255,0.6430379746835443
5,6,regular,3,916,915,1,911,5,4,0.9945414847161572,0.9956284153005465,1.0010928961748633,0.9950846531949754
5,6,semiregular,3,715,701,14,672,43,29,0.9398601398601398,0.9586305278174037,1.0199714693295292,0.9491525423728813
5,6,irregular,3,204,195,9,171,33,24,0.8382352941176471,0.8769230769230769,1.0461538461538462,0.8571428571428571
5,7,regular,1,1250,1230,20,1222,28,8,0.9776,0.9934959349593496,1.016260162601626,0.985483870967742
5,7,semiregular,1,771,761,10,684,87,77,0.8871595330739299,0.8988173455978975,1.0131406044678055,0.8929503916449085
5,7,irregular,1,244,225,19,161,83,64,0.6598360655737705,0.7155555555555555,1.0844444444444445,0.6865671641791045
5,7,regular,2,1225,1230,5,1211,14,19,0.9885714285714285,0.9845528455284552,0.9959349593495935,0.9865580448065172
5,7,semiregular,2,734,761,27,665,69,96,0.9059945504087193,0.873850197109067,0.9645203679369251,0.8896321070234114
5,7,irregular,2,223,225,2,185,38,40,0.8295964125560538,0.8222222222222222,0.9911111111111112,0.8258928571428571
5,7,regular,3,1228,1230,2,1222,6,8,0.995114006514658,0.9934959349593496,0.9983739837398374,0.9943043124491457
5,7,semiregular,3,754,761,7,679,75,82,0.9005305039787799,0.8922470433639947,0.9908015768725361,0.8963696369636963
5,7,irregular,3,227,225,2,197,30,28,0.8678414096916299,0.8755555555555555,1.008888888888889,0.8716814159292035
5,8,regular,1,1025,1035,10,1012,13,23,0.9873170731707317,0.9777777777777777,0.9903381642512077,0.9825242718446601
5,8,semiregular,1,820,827,7,740,80,87,0.9024390243902439,0.8948004836759371,0.9915356711003628,0.8986035215543413
5,8,irregular,1,248,243,5,162,86,81,0.6532258064516129,0.6666666666666666,1.0205761316872428,0.6598778004073319
5,8,regular,2,1025,1035,10,1016,9,19,0.9912195121951219,0.9816425120772947,0.9903381642512077,0.9864077669902913
5,8,semiregular,2,815,827,12,754,61,73,0.9251533742331288,0.9117291414752116,0.9854897218863361,0.9183922046285018
5,8,irregular,2,218,243,25,183,35,60,0.8394495412844036,0.7530864197530864,0.897119341563786,0.7939262472885033
5,8,regular,3,1032,1035,3,1029,3,6,0.997093023255814,0.9942028985507246,0.9971014492753624,0.9956458635703919
5,8,semiregular,3,848,827,21,777,71,50,0.9162735849056604,0.939540507859734,1.0253929866989118,0.9277611940298507
5,8,irregular,3,248,243,5,195,53,48,0.7862903225806451,0.8024691358024691,1.0205761316872428,0.7942973523421589
5,9,regular,1,1094,1107,13,1088,6,19,0.9945155393053017,0.982836495031617,0.988256549232159,0.9886415265788278
5,9,semiregular,1,633,701,68,602,31,99,0.9510268562401264,0.8587731811697575,0.9029957203994294,0.9025487256371815
5,9,irregular,1,237,266,29,183,54,83,0.7721518987341772,0.6879699248120301,0.8909774436090225,0.727634194831014
5,9,regular,2,1086,1107,21,1077,9,30,0.9917127071823204,0.9728997289972899,0.981029810298103,0.9822161422708617
5,9,semiregular,2,644,701,57,613,31,88,0.9518633540372671,0.8744650499286734,0.9186875891583453,0.9115241635687733
5,9,irregular,2,251,266,15,212,39,54,0.8446215139442231,0.7969924812030075,0.943609022556391,0.8201160541586073
5,9,regular,3,1088,1107,19,1085,3,22,0.9972426470588235,0.980126467931346,0.982836495031617,0.9886104783599089
5,9,semiregular,3,702,701,1,669,33,32,0.9529914529914529,0.9543509272467903,1.0014265335235377,0.953670705630791
5,9,irregular,3,261,266,5,223,38,43,0.8544061302681992,0.8383458646616542,0.981203007518797,0.8462998102466793
5,10,regular,1,1060,1014,46,1003,57,11,0.9462264150943396,0.9891518737672583,1.0453648915187377,0.9672131147540983
5,10,semiregular,1,649,656,7,601,48,55,0.926040061633282,0.9161585365853658,0.989329268292683,0.921072796934866
5,10,irregular,1,244,247,3,197,47,50,0.8073770491803278,0.7975708502024291,0.9878542510121457,0.8024439918533606
5,10,regular,2,1018,1014,4,997,21,17,0.9793713163064833,0.9832347140039448,1.0039447731755424,0.9812992125984252
5,10,semiregular,2,695,656,39,623,72,33,0.8964028776978418,0.9496951219512195,1.0594512195121952,0.922279792746114
5,10,irregular,2,251,247,4,214,37,33,0.852589641434263,0.8663967611336032,1.0161943319838056,0.859437751004016
5,10,regular,3,1026,1014,12,1012,14,2,0.98635477582846,0.9980276134122288,1.0118343195266273,0.992156862745098
5,10,semiregular,3,686,656,30,633,53,23,0.922740524781341,0.9649390243902439,1.045731707317073,0.9433681073025335
5,10,irregular,3,241,247,6,209,32,38,0.8672199170124482,0.8461538461538461,0.9757085020242915,0.8565573770491803
5,11,regular,1,1063,1070,7,1059,4,11,0.9962370649106302,0.9897196261682243,0.9934579439252337,0.9929676511954993
5,11,semiregular,1,717,700,17,631,86,69,0.8800557880055788,0.9014285714285715,1.0242857142857142,0.8906139731827805
5,11,irregular,1,225,239,14,167,58,72,0.7422222222222222,0.698744769874477,0.9414225941422594,0.7198275862068965
5,11,regular,2,1040,1070,30,1036,4,34,0.9961538461538462,0.9682242990654205,0.9719626168224299,0.9819905213270141
5,11,semiregular,2,696,700,4,643,53,57,0.9238505747126436,0.9185714285714286,0.9942857142857143,0.9212034383954155
5,11,irregular,2,216,239,23,182,34,57,0.8425925925925926,0.7615062761506276,0.9037656903765691,0.8
5,11,regular,3,1048,1070,22,1047,1,23,0.9990458015267175,0.9785046728971962,0.9794392523364486,0.9886685552407931
5,11,semiregular,3,705,700,5,651,54,49,0.9234042553191489,0.93,1.0071428571428571,0.9266903914590747
5,11,irregular,3,229,239,10,193,36,46,0.8427947598253275,0.8075313807531381,0.9581589958158996,0.8247863247863249
5,12,regular,1,1063,1007,56,1007,56,0,0.9473189087488241,1.0,1.0556107249255213,0.9729468599033816
5,12,semiregular,1,688,641,47,589,99,52,0.8561046511627907,0.9188767550702028,1.0733229329173166,0.8863807373965388
5,12,irregular,1,263,204,59,190,73,14,0.7224334600760456,0.9313725490196079,1.2892156862745099,0.8137044967880085
5,12,regular,2,1034,1007,27,1007,27,0,0.9738878143133463,1.0,1.0268123138033765,0.9867711905928467
5,12,semiregular,2,649,641,8,577,72,64,0.889060092449923,0.9001560062402496,1.0124804992199687,0.8945736434108528
5,12,irregular,2,247,204,43,184,63,20,0.7449392712550608,0.9019607843137255,1.2107843137254901,0.8159645232815965
5,12,regular,3,1002,1007,5,1001,1,6,0.999001996007984,0.9940417080436942,0.9950347567030785,0.9965156794425087
5,12,semiregular,3,657,641,16,585,72,56,0.8904109589041096,0.9126365054602185,1.0249609984399375,0.9013867488443759
5,12,irregular,3,230,204,26,178,52,26,0.7739130434782608,0.8725490196078431,1.1274509803921569,0.8202764976958524
5,13,regular,1,1040,1000,40,1000,40,0,0.9615384615384616,1.0,1.04,0.9803921568627451
5,13,semiregular,1,826,815,11,763,63,52,0.923728813559322,0.9361963190184049,1.0134969325153373,0.9299207800121876
5,13,irregular,1,265,216,49,174,91,42,0.6566037735849056,0.8055555555555556,1.2268518518518519,0.7234927234927234
5,13,regular,2,976,1000,24,969,7,31,0.992827868852459,0.969,0.976,0.9807692307692308
5,13,semiregular,2,833,815,18,778,55,37,0.9339735894357744,0.9546012269938651,1.0220858895705522,0.9441747572815534
5,13,irregular,2,239,216,23,184,55,32,0.7698744769874477,0.8518518518518519,1.1064814814814814,0.8087912087912088
5,13,regular,3,987,1000,13,986,1,14,0.9989868287740629,0.986,0.987,0.992450931051837
5,13,semiregular,3,824,815,9,770,54,45,0.9344660194174758,0.9447852760736196,1.011042944785276,0.9395973154362416
5,13,irregular,3,223,216,7,188,35,28,0.8430493273542601,0.8703703703703703,1.0324074074074074,0.8564920273348519
5,14,regular,1,1032,1052,20,1031,1,21,0.999031007751938,0.9800380228136882,0.9809885931558935,0.9894433781190018
5,14,semiregular,1,851,913,62,793,58,120,0.9318448883666275,0.8685651697699891,0.932092004381161,0.8990929705215419
5,14,irregular,1,249,217,32,178,71,39,0.714859437751004,0.8202764976958525,1.1474654377880185,0.7639484978540771
5,14,regular,2,1015,1052,37,1009,6,43,0.994088669950739,0.9591254752851711,0.964828897338403,0.9762941461054669
5,14,semiregular,2,900,913,13,844,56,69,0.9377777777777778,0.9244249726177437,0.9857612267250822,0.9310535024820739
5,14,irregular,2,231,217,14,183,48,34,0.7922077922077922,0.8433179723502304,1.064516129032258,0.8169642857142858
5,14,regular,3,1052,1052,0,1048,4,4,0.9961977186311787,0.9961977186311787,1.0,0.9961977186311787
5,14,semiregular,3,898,913,15,845,53,68,0.9409799554565702,0.9255202628696605,0.9835706462212487,0.9331860850358917
5,14,irregular,3,214,217,3,183,31,34,0.8551401869158879,0.8433179723502304,0.9861751152073732,0.8491879350348027
5,15,regular,1,1010,964,46,964,46,0,0.9544554455445544,1.0,1.0477178423236515,0.9766970618034447
5,15,semiregular,1,786,774,12,730,56,44,0.9287531806615776,0.9431524547803618,1.0155038759689923,0.935897435897436
5,15,irregular,1,220,218,2,175,45,43,0.7954545454545454,0.8027522935779816,1.0091743119266054,0.7990867579908675
5,15,regular,2,936,964,28,928,8,36,0.9914529914529915,0.9626556016597511,0.970954356846473,0.9768421052631578
5,15,semiregular,2,771,774,3,730,41,44,0.9468223086900129,0.9431524547803618,0.9961240310077519,0.9449838187702265
5,15,irregular,2,200,218,18,177,23,41,0.885,0.8119266055045872,0.9174311926605505,0.8468899521531099
5,15,regular,3,953,964,11,952,1,12,0.9989506820566632,0.9875518672199171,0.9885892116182573,0.9932185706833594
5,15,semiregular,3,760,774,14,723,37,51,0.9513157894736842,0.9341085271317829,0.9819121447028424,0.9426336375488918
5,15,irregular,3,222,218,4,189,33,29,0.8513513513513513,0.8669724770642202,1.018348623853211,0.8590909090909091
5,16,regular,1,1105,1109,4,1096,9,13,0.9918552036199095,0.9882777276825969,0.9963931469792606,0.990063233965673
5,16,semiregular,1,679,681,2,602,77,79,0.8865979381443299,0.8839941262848752,0.9970631424375918,0.8852941176470588
5,16,irregular,1,228,272,44,166,62,106,0.7280701754385965,0.6102941176470589,0.8382352941176471,0.664
5,16,regular,2,1125,1109,16,1108,17,1,0.9848888888888889,0.9990982867448152,1.0144274120829577,0.9919427036705462
5,16,semiregular,2,659,681,22,600,59,81,0.9104704097116844,0.8810572687224669,0.9676945668135095,0.8955223880597014
5,16,irregular,2,266,272,6,217,49,55,0.8157894736842105,0.7977941176470589,0.9779411764705882,0.8066914498141263
5,16,regular,3,1108,1109,1,1104,4,5,0.9963898916967509,0.9954914337240758,0.9990982867448152,0.9959404600811909
5,16,semiregular,3,665,681,16,612,53,69,0.9203007518796993,0.8986784140969163,0.9765051395007343,0.9093610698365527
5,16,irregular,3,246,272,26,206,40,66,0.8373983739837398,0.7573529411764706,0.9044117647058824,0.7953667953667953
5,17,regular,1,1068,1029,39,1029,39,0,0.9634831460674157,1.0,1.0379008746355685,0.9814020028612304
5,17,semiregular,1,826,837,11,757,69,80,0.9164648910411622,0.9044205495818399,0.986857825567503,0.9104028863499699
5,17,irregular,1,240,240,0,154,86,86,0.6416666666666667,0.6416666666666667,1.0,0.6416666666666667
5,17,regular,2,1027,1029,2,1020,7,9,0.9931840311587147,0.9912536443148688,0.9980563654033042,0.9922178988326849
5,17,semiregular,2,844,837,7,785,59,52,0.9300947867298578,0.937873357228196,1.008363201911589,0.9339678762641286
5,17,irregular,2,285,240,45,195,90,45,0.6842105263157895,0.8125,1.1875,0.742857142857143
5,17,regular,3,1026,1029,3,1024,2,5,0.9980506822612085,0.9951409135082604,0.9970845481049563,0.9965936739659367
5,17,semiregular,3,846,837,9,791,55,46,0.9349881796690307,0.945041816009558,1.010752688172043,0.9399881164587046
5,17,irregular,3,249,240,9,203,46,37,0.8152610441767069,0.8458333333333333,1.0375,0.8302658486707567
5,18,regular,1,1084,1044,40,1043,41,1,0.9621771217712177,0.9990421455938697,1.0383141762452108,0.9802631578947368
5,18,semiregular,1,768,801,33,720,48,81,0.9375,0.898876404494382,0.9588014981273408,0.9177820267686424
5,18,irregular,1,246,252,6,182,64,70,0.7398373983739838,0.7222222222222222,0.9761904761904762,0.7309236947791166
5,18,regular,2,1042,1044,2,1035,7,9,0.9932821497120922,0.9913793103448276,0.9980842911877394,0.9923298178331736
5,18,semiregular,2,818,801,17,769,49,32,0.9400977995110025,0.9600499375780275,1.021223470661673,0.9499691167387277
5,18,irregular,2,261,252,9,205,56,47,0.7854406130268199,0.8134920634920635,1.0357142857142858,0.7992202729044834
5,18,regular,3,1039,1044,5,1035,4,9,0.9961501443695862,0.9913793103448276,0.9952107279693486,0.9937590014402305
5,18,semiregular,3,819,801,18,770,49,31,0.9401709401709402,0.9612983770287141,1.0224719101123596,0.9506172839506173
5,18,irregular,3,254,252,2,224,30,28,0.8818897637795275,0.8888888888888888,1.007936507936508,0.8853754940711462
5,19,regular,1,1084,1076,8,1058,26,18,0.9760147601476015,0.983271375464684,1.0074349442379182,0.9796296296296296
5,19,semiregular,1,737,753,16,686,51,67,0.9308005427408412,0.9110225763612217,0.9787516600265604,0.9208053691275166
5,19,irregular,1,301,245,56,201,100,44,0.6677740863787376,0.8204081632653061,1.2285714285714286,0.7362637362637362
5,19,regular,2,1068,1076,8,1062,6,14,0.9943820224719101,0.9869888475836431,0.9925650557620818,0.9906716417910448
5,19,semiregular,2,713,753,40,673,40,80,0.9438990182328191,0.8937583001328021,0.9468791500664011,0.9181446111869032
5,19,irregular,2,259,245,14,198,61,47,0.7644787644787645,0.8081632653061225,1.0571428571428572,0.7857142857142858
5,19,regular,3,1069,1076,7,1066,3,10,0.9971936389148737,0.9907063197026023,0.9934944237918215,0.9939393939393939
5,19,semiregular,3,732,753,21,692,40,61,0.9453551912568307,0.9189907038512616,0.9721115537848606,0.9319865319865319
5,19,irregular,3,241,245,4,197,44,48,0.8174273858921162,0.8040816326530612,0.9836734693877551,0.8106995884773662
5,20,regular,1,1206,1251,45,1191,15,60,0.9875621890547264,0.9520383693045563,0.9640287769784173,0.9694749694749694
5,20,semiregular,1,867,841,26,762,105,79,0.8788927335640139,0.906064209274673,1.0309155766944114,0.8922716627634661
5,20,irregular,1,283,252,31,193,90,59,0.6819787985865724,0.7658730158730159,1.123015873015873,0.7214953271028037
5,20,regular,2,1205,1251,46,1192,13,59,0.9892116182572614,0.9528377298161471,0.9632294164668266,0.9706840390879479
5,20,semiregular,2,836,841,5,753,83,88,0.9007177033492823,0.8953626634958383,0.9940546967895363,0.8980322003577818
5,20,irregular,2,244,252,8,202,42,50,0.8278688524590164,0.8015873015873016,0.9682539682539683,0.814516129032258
5,20,regular,3,1213,1251,38,1213,0,38,1.0,0.9696243005595524,0.9696243005595524,0.984577922077922
5,20,semiregular,3,841,841,0,756,85,85,0.8989298454221165,0.8989298454221165,1.0,0.8989298454221165
5,20,irregular,3,253,252,1,209,44,43,0.8260869565217391,0.8293650793650794,1.003968253968254,0.8277227722772277
5,21,regular,1,932,920,12,917,15,3,0.9839055793991416,0.9967391304347826,1.0130434782608695,0.9902807775377969
5,21,semiregular,1,568,549,19,480,88,69,0.8450704225352113,0.8743169398907104,1.034608378870674,0.8594449418084155
5,21,irregular,1,241,204,37,179,62,25,0.7427385892116183,0.8774509803921569,1.1813725490196079,0.8044943820224719
5,21,regular,2,920,920,0,910,10,10,0.9891304347826086,0.9891304347826086,1.0,0.9891304347826086
5,21,semiregular,2,577,549,28,494,83,55,0.8561525129982669,0.8998178506375227,1.0510018214936248,0.8774422735346359
5,21,irregular,2,213,204,9,172,41,32,0.8075117370892019,0.8431372549019608,1.0441176470588236,0.8249400479616307
5,21,regular,3,908,920,12,906,2,14,0.9977973568281938,0.9847826086956522,0.9869565217391304,0.9912472647702406
5,21,semiregular,3,595,549,46,511,84,38,0.8588235294117647,0.930783242258652,1.0837887067395264,0.8933566433566433
5,21,irregular,3,202,204,2,177,25,27,0.8762376237623762,0.8676470588235294,0.9901960784313726,0.87192118226601
5,22,regular,1,1001,946,55,943,58,3,0.942057942057942,0.9968287526427061,1.058139534883721,0.9686697483307651
5,22,semiregular,1,726,703,23,643,83,60,0.8856749311294766,0.914651493598862,1.0327169274537695,0.8999300209937019
5,22,irregular,1,225,247,22,173,52,74,0.7688888888888888,0.7004048582995951,0.9109311740890689,0.733050847457627
5,22,regular,2,952,946,6,926,26,20,0.9726890756302521,0.9788583509513742,1.0063424947145878,0.975763962065332
5,22,semiregular,2,699,703,4,636,63,67,0.9098712446351931,0.9046941678520626,0.9943100995732574,0.9072753209700428
5,22,irregular,2,237,247,10,193,44,54,0.8143459915611815,0.7813765182186235,0.9595141700404858,0.7975206611570249
5,22,regular,3,938,946,8,935,3,11,0.9968017057569296,0.9883720930232558,0.9915433403805497,0.9925690021231423
5,22,semiregular,3,705,703,2,656,49,47,0.9304964539007092,0.9331436699857752,1.0028449502133712,0.9318181818181819
5,22,irregular,3,245,247,2,203,42,44,0.8285714285714286,0.8218623481781376,0.9919028340080972,0.8252032520325204
5,23,regular,1,1031,999,32,997,34,2,0.9670223084384093,0.997997997997998,1.032032032032032,0.9822660098522168
5,23,semiregular,1,874,835,39,782,92,53,0.8947368421052632,0.9365269461077844,1.0467065868263472,0.9151550614394383
5,23,irregular,1,276,266,10,181,95,85,0.6557971014492754,0.6804511278195489,1.037593984962406,0.6678966789667896
5,23,regular,2,981,999,18,970,11,29,0.9887869520897044,0.970970970970971,0.9819819819819819,0.9797979797979799
5,23,semiregular,2,782,835,53,714,68,121,0.9130434782608695,0.8550898203592814,0.9365269461077844,0.883116883116883
5,23,irregular,2,261,266,5,196,65,70,0.7509578544061303,0.7368421052631579,0.981203007518797,0.7438330170777988
5,23,regular,3,998,999,1,990,8,9,0.9919839679358717,0.990990990990991,0.998998998998999,0.9914872308462693
5,23,semiregular,3,857,835,22,790,67,45,0.9218203033838973,0.9461077844311377,1.0263473053892216,0.933806146572104
5,23,irregular,3,270,266,4,212,58,54,0.7851851851851852,0.7969924812030075,1.0150375939849625,0.7910447761194029
5,24,regular,1,1070,1079,9,1060,10,19,0.9906542056074766,0.9823911028730306,0.9916589434661723,0.9865053513261982
5,24,semiregular,1,644,680,36,595,49,85,0.9239130434782609,0.875,0.9470588235294117,0.8987915407854986
5,24,irregular,1,201,247,46,168,33,79,0.835820895522388,0.680161943319838,0.8137651821862348,0.75
5,24,regular,2,1069,1079,10,1058,11,21,0.9897100093545369,0.9805375347544022,0.9907321594068582,0.9851024208566108
5,24,semiregular,2,664,680,16,631,33,49,0.9503012048192772,0.9279411764705883,0.9764705882352941,0.9389880952380952
5,24,irregular,2,226,247,21,202,24,45,0.8938053097345132,0.8178137651821862,0.9149797570850202,0.854122621564482
5,24,regular,3,1069,1079,10,1065,4,14,0.9962581852198317,0.9870250231696015,0.9907321594068582,0.9916201117318436
5,24,semiregular,3,682,680,2,648,34,32,0.9501466275659824,0.9529411764705882,1.0029411764705882,0.9515418502202643
5,24,irregular,3,242,247,5,216,26,31,0.8925619834710744,0.8744939271255061,0.979757085020243,0.8834355828220859
5,25,regular,1,921,946,25,916,5,30,0.99457111834962,0.9682875264270613,0.9735729386892178,0.9812533476164972
5,25,semiregular,1,679,718,39,615,64,103,0.9057437407952872,0.8565459610027855,0.9456824512534819,0.8804581245526129
5,25,irregular,1,259,207,52,158,101,49,0.61003861003861,0.7632850241545893,1.251207729468599,0.6781115879828326
5,25,regular,2,926,946,20,919,7,27,0.9924406047516199,0.9714587737843552,0.9788583509513742,0.9818376068376068
5,25,semiregular,2,708,718,10,650,58,68,0.9180790960451978,0.9052924791086351,0.9860724233983287,0.9116409537166901
5,25,irregular,2,141,207,66,116,25,91,0.8226950354609929,0.5603864734299517,0.6811594202898551,0.6666666666666666
5,25,regular,3,681,946,265,680,1,266,0.9985315712187959,0.718816067653277,0.7198731501057083,0.8358942839582054
5,25,semiregular,3,613,718,105,559,54,159,0.9119086460032626,0.7785515320334262,0.8537604456824512,0.8399699474079639
5,25,irregular,3,213,207,6,146,67,61,0.6854460093896714,0.7053140096618358,1.0289855072463767,0.6952380952380952
5,26,regular,1,1177,985,192,985,192,0,0.836873406966865,1.0,1.1949238578680204,0.9111933395004627
5,26,semiregular,1,750,720,30,664,86,56,0.8853333333333333,0.9222222222222223,1.0416666666666667,0.9034013605442177
5,26,irregular,1,330,214,116,191,139,23,0.5787878787878787,0.8925233644859814,1.5420560747663552,0.7022058823529411
5,26,regular,2,539,985,446,529,10,456,0.9814471243042672,0.5370558375634518,0.5472081218274112,0.6942257217847768
5,26,semiregular,2,708,720,12,641,67,79,0.905367231638418,0.8902777777777777,0.9833333333333333,0.8977591036414565
5,26,irregular,2,261,214,47,165,96,49,0.632183908045977,0.7710280373831776,1.219626168224299,0.6947368421052631
5,26,regular,3,1058,985,73,982,76,3,0.9281663516068053,0.9969543147208122,1.0741116751269035,0.9613313754282917
5,26,semiregular,3,790,720,70,681,109,39,0.8620253164556962,0.9458333333333333,1.0972222222222223,0.9019867549668873
5,26,irregular,3,271,214,57,189,82,25,0.6974169741697417,0.883177570093458,1.266355140186916,0.7793814432989691
5,27,regular,1,1095,1166,71,1087,8,79,0.9926940639269406,0.9322469982847341,0.9391080617495712,0.9615214506855374
5,27,semiregular,1,573,728,155,523,50,205,0.912739965095986,0.7184065934065934,0.7870879120879121,0.8039969254419677
5,27,irregular,1,225,270,45,169,56,101,0.7511111111111111,0.6259259259259259,0.8333333333333334,0.6828282828282828
5,27,regular,2,1058,1166,108,1048,10,118,0.9905482041587902,0.8987993138936535,0.9073756432246999,0.9424460431654677
5,27,semiregular,2,726,728,2,666,60,62,0.9173553719008265,0.9148351648351648,0.9972527472527473,0.9160935350756533
5,27,irregular,2,266,270,4,212,54,58,0.7969924812030075,0.7851851851851852,0.9851851851851852,0.7910447761194029
5,27,regular,3,1172,1166,6,1163,9,3,0.992320819112628,0.9974271012006861,1.0051457975986278,0.9948674080410608
5,27,semiregular,3,712,728,16,662,50,66,0.9297752808988764,0.9093406593406593,0.978021978021978,0.9194444444444445
5,27,irregular,3,262,270,8,221,41,49,0.8435114503816794,0.8185185185185185,0.9703703703703703,0.8308270676691729
5,28,regular,1,1087,1098,11,1072,15,26,0.9862005519779209,0.97632058287796,0.9899817850637522,0.9812356979405035
5,28,semiregular,1,866,859,7,788,78,71,0.9099307159353349,0.9173457508731082,1.0081490104772992,0.9136231884057971
5,28,irregular,1,303,293,10,160,143,133,0.528052805280528,0.5460750853242321,1.0341296928327646,0.5369127516778524
5,28,regular,2,1104,1098,6,1086,18,12,0.9836956521739131,0.9890710382513661,1.005464480874317,0.9863760217983651
5,28,semiregular,2,798,859,61,754,44,105,0.9448621553884712,0.8777648428405123,0.9289871944121071,0.9100784550392276
5,28,irregular,2,269,293,24,198,71,95,0.7360594795539034,0.6757679180887372,0.9180887372013652,0.704626334519573
5,28,regular,3,1020,1098,78,1018,2,80,0.9980392156862745,0.9271402550091075,0.9289617486338798,0.9612842304060435
5,28,semiregular,3,796,859,63,758,38,101,0.9522613065326633,0.8824214202561118,0.9266589057043073,0.9160120845921451
5,28,irregular,3,285,293,8,206,79,87,0.7228070175438597,0.7030716723549488,0.9726962457337884,0.71280276816609
5,29,regular,1,1115,1140,25,1109,6,31,0.9946188340807175,0.9728070175438597,0.9780701754385965,0.9835920177383592
5,29,semiregular,1,890,869,21,796,94,73,0.8943820224719101,0.9159953970080552,1.0241657077100115,0.9050596930073905
5,29,irregular,1,252,247,5,186,66,61,0.7380952380952381,0.7530364372469636,1.0202429149797572,0.7454909819639279
5,29,regular,2,1108,1140,32,1101,7,39,0.9936823104693141,0.9657894736842105,0.9719298245614035,0.9795373665480428
5,29,semiregular,2,944,869,75,832,112,37,0.8813559322033898,0.9574223245109321,1.0863060989643267,0.9178157749586321
5,29,irregular,2,282,247,35,211,71,36,0.74822695035461,0.854251012145749,1.1417004048582995,0.7977315689981096
5,29,regular,3,1087,1140,53,1086,1,54,0.9990800367985281,0.9526315789473684,0.9535087719298245,0.9753030983385721
5,29,semiregular,3,884,869,15,804,80,65,0.9095022624434389,0.9252013808975834,1.0172612197928654,0.917284654877353
5,29,irregular,3,256,247,9,208,48,39,0.8125,0.8421052631578947,1.0364372469635628,0.8270377733598409
5,30,regular,1,991,997,6,983,8,14,0.9919273461150353,0.9859578736208626,0.9939819458375125,0.9889336016096579
5,30,semiregular,1,796,810,14,727,69,83,0.9133165829145728,0.8975308641975308,0.9827160493827161,0.9053549190535491
5,30,irregular,1,212,250,38,149,63,101,0.7028301886792453,0.596,0.848,0.645021645021645
5,30,regular,2,921,997,76,919,2,78,0.997828447339848,0.921765295887663,0.9237713139418254,0.9582898852971845
5,30,semiregular,2,802,810,8,744,58,66,0.9276807980049875,0.9185185185185185,0.9901234567901235,0.923076923076923
5,30,irregular,2,240,250,10,189,51,61,0.7875,0.756,0.96,0.7714285714285715
5,30,regular,3,991,997,6,990,1,7,0.9989909182643795,0.9929789368104313,0.9939819458375125,0.9959758551307848
5,30,semiregular,3,824,810,14,769,55,41,0.933252427184466,0.9493827160493827,1.017283950617284,0.9412484700122398
5,30,irregular,3,257,250,7,204,53,46,0.7937743190661478,0.816,1.028,0.8047337278106509
