Test fold number,Subject,Gait,Sensor,Predicted,Actual,Difference,TP,FP,FN,PPV,Sensitivity,RCA,SDA
1,1,regular,1,930,937,7,904,26,33,0.9720430107526882,0.9647812166488794,0.9925293489861259,0.9683985002678093
1,1,semiregular,1,680,703,23,582,98,121,0.8558823529411764,0.8278805120910384,0.9672830725462305,0.8416485900216919
1,1,irregular,1,192,199,7,149,43,50,0.7760416666666666,0.7487437185929648,0.964824120603015,0.762148337595908
1,1,regular,2,979,937,42,921,58,16,0.940755873340143,0.9829242262540021,1.0448239060832445,0.9613778705636743
1,1,semiregular,2,735,703,32,642,93,61,0.8734693877551021,0.9132290184921764,1.0455192034139402,0.8929068150208624
1,1,irregular,2,200,199,1,177,23,22,0.885,0.8894472361809045,1.0050251256281406,0.8872180451127819
1,1,regular,3,931,937,6,922,9,15,0.9903329752953813,0.983991462113127,0.9935965848452508,0.987152034261242
1,1,semiregular,3,723,703,20,651,72,52,0.9004149377593361,0.9260312944523471,1.0284495021337126,0.9130434782608695
1,1,irregular,3,215,199,16,178,37,21,0.827906976744186,0.8944723618090452,1.0804020100502512,0.8599033816425119
1,2,regular,1,1144,1224,80,1134,10,90,0.9912587412587412,0.9264705882352942,0.934640522875817,0.9577702702702703
1,2,semiregular,1,508,647,139,484,24,163,0.952755905511811,0.7480680061823802,0.7851622874806801,0.8380952380952381
1,2,irregular,1,198,217,19,123,75,94,0.6212121212121212,0.5668202764976958,0.9124423963133641,0.5927710843373494
1,2,regular,2,1140,1224,84,1126,14,98,0.987719298245614,0.9199346405228758,0.9313725490196079,0.9526226734348561
1,2,semiregular,2,601,647,46,578,23,69,0.961730449251248,0.893353941267388,0.9289026275115919,0.9262820512820514
1,2,irregular,2,208,217,9,182,26,35,0.875,0.8387096774193549,0.9585253456221198,0.8564705882352941
1,2,regular,3,1242,1224,18,1215,27,9,0.9782608695652174,0.9926470588235294,1.0147058823529411,0.9854014598540147
1,2,semiregular,3,630,647,17,610,20,37,0.9682539682539683,0.9428129829984544,0.973724884080371,0.9553641346906814
1,2,irregular,3,248,217,31,209,39,8,0.842741935483871,0.9631336405529954,1.1428571428571428,0.8989247311827957
1,3,regular,1,1024,1053,29,1021,3,32,0.9970703125,0.9696106362773029,0.9724596391263058,0.9831487722676938
1,3,semiregular,1,633,716,83,577,56,139,0.9115323854660348,0.8058659217877095,0.8840782122905028,0.8554484803558191
1,3,irregular,1,228,224,4,159,69,65,0.6973684210526315,0.7098214285714286,1.0178571428571428,0.7035398230088495
1,3,regular,2,982,1053,71,979,3,74,0.9969450101832994,0.929724596391263,0.932573599240266,0.9621621621621621
1,3,semiregular,2,711,716,5,664,47,52,0.9338959212376934,0.9273743016759777,0.9930167597765364,0.9306236860546602
1,3,irregular,2,201,224,23,182,19,42,0.9054726368159204,0.8125,0.8973214285714286,0.856470588235294
1,3,regular,3,1051,1053,2,1046,5,7,0.9952426260704091,0.99335232668566,0.9981006647673314,0.9942965779467681
1,3,semiregular,3,723,716,7,674,49,42,0.9322268326417704,0.9413407821229051,1.0097765363128492,0.936761640027797
1,3,irregular,3,233,224,9,204,29,20,0.8755364806866953,0.9107142857142857,1.0401785714285714,0.8927789934354486
1,4,regular,1,1101,1101,0,1089,12,12,0.989100817438692,0.989100817438692,1.0,0.989100817438692
1,4,semiregular,1,616,614,2,509,107,105,0.8262987012987013,0.8289902280130294,1.003257328990228,0.8276422764227642
1,4,irregular,1,235,228,7,151,84,77,0.6425531914893617,0.6622807017543859,1.030701754385965,0.652267818574514
1,4,regular,2,1016,1101,85,1006,10,95,0.9901574803149606,0.9137148047229791,0.9227974568574023,0.9504015115729806
1,4,semiregular,2,592,614,22,543,49,71,0.9172297297297297,0.8843648208469055,0.9641693811074918,0.900497512437811
1,4,irregular,2,223,228,5,200,23,28,0.8968609865470852,0.8771929824561403,0.9780701754385965,0.8869179600886918
1,4,regular,3,1127,1101,26,1099,28,2,0.9751552795031055,0.9981834695731153,1.0236148955495004,0.9865350089766606
1,4,semiregular,3,582,614,32,541,41,73,0.929553264604811,0.8811074918566775,0.9478827361563518,0.9046822742474917
1,4,irregular,3,247,228,19,209,38,19,0.8461538461538461,0.9166666666666666,1.0833333333333333,0.8799999999999999
1,5,regular,1,1014,1044,30,1011,3,33,0.9970414201183432,0.9683908045977011,0.9712643678160919,0.9825072886297376
1,5,semiregular,1,718,668,50,617,101,51,0.8593314763231198,0.9236526946107785,1.0748502994011977,0.8903318903318904
1,5,irregular,1,250,217,33,168,82,49,0.672,0.7741935483870968,1.152073732718894,0.7194860813704498
1,5,regular,2,1004,1044,40,1001,3,43,0.9970119521912351,0.9588122605363985,0.9616858237547893,0.9775390625
1,5,semiregular,2,713,668,45,647,66,21,0.9074333800841514,0.968562874251497,1.0673652694610778,0.9370021723388849
1,5,irregular,2,203,217,14,181,22,36,0.8916256157635468,0.8341013824884793,0.9354838709677419,0.8619047619047618
1,5,regular,3,1043,1044,1,1042,1,2,0.9990412272291467,0.9980842911877394,0.9990421455938697,0.9985625299472928
1,5,semiregular,3,697,668,29,636,61,32,0.9124820659971306,0.9520958083832335,1.0434131736526946,0.9318681318681318
1,5,irregular,3,243,217,26,202,41,15,0.831275720164609,0.9308755760368663,1.119815668202765,0.8782608695652173
1,6,regular,1,916,915,1,885,31,30,0.9661572052401747,0.9672131147540983,1.0010928961748633,0.9666848716548335
1,6,semiregular,1,692,701,9,639,53,62,0.9234104046242775,0.9115549215406562,0.9871611982881597,0.9174443646805456
1,6,irregular,1,211,195,16,112,99,83,0.5308056872037915,0.5743589743589743,1.082051282051282,0.5517241379310345
1,6,regular,2,929,915,14,893,36,22,0.961248654467169,0.9759562841530055,1.0153005464480875,0.9685466377440347
1,6,semiregular,2,728,701,27,676,52,25,0.9285714285714286,0.9643366619115549,1.0385164051355207,0.9461161651504548
1,6,irregular,2,204,195,9,123,81,72,0.6029411764705882,0.6307692307692307,1.0461538461538462,0.6165413533834586
1,6,regular,3,916,915,1,909,7,6,0.99235807860262,0.9934426229508196,1.0010928961748633,0.9929000546149646
1,6,semiregular,3,686,701,15,653,33,48,0.9518950437317785,0.9315263908701854,0.978601997146933,0.9416005767844268
1,6,irregular,3,232,195,37,180,52,15,0.7758620689655172,0.9230769230769231,1.1897435897435897,0.8430913348946137
1,7,regular,1,1282,1230,52,1227,55,3,0.9570982839313572,0.9975609756097561,1.0422764227642276,0.9769108280254776
1,7,semiregular,1,794,761,33,647,147,114,0.8148614609571788,0.8501971090670171,1.0433639947437583,0.8321543408360128
1,7,irregular,1,250,225,25,150,100,75,0.6,0.6666666666666666,1.1111111111111112,0.631578947368421
1,7,regular,2,1199,1230,31,1189,10,41,0.9916597164303587,0.9666666666666667,0.9747967479674797,0.9790037052284891
1,7,semiregular,2,734,761,27,669,65,92,0.9114441416893733,0.8791064388961892,0.9645203679369251,0.8949832775919733
1,7,irregular,2,193,225,32,183,10,42,0.9481865284974094,0.8133333333333334,0.8577777777777778,0.875598086124402
1,7,regular,3,1235,1230,5,1225,10,5,0.9919028340080972,0.9959349593495935,1.0040650406504066,0.9939148073022313
1,7,semiregular,3,730,761,31,671,59,90,0.9191780821917809,0.8817345597897503,0.9592641261498029,0.9000670690811536
1,7,irregular,3,241,225,16,202,39,23,0.8381742738589212,0.8977777777777778,1.0711111111111111,0.8669527896995708
1,8,regular,1,1013,1035,22,1004,9,31,0.9911154985192497,0.970048309178744,0.978743961352657,0.9804687499999999
1,8,semiregular,1,793,827,34,708,85,119,0.89281210592686,0.8561064087061668,0.9588875453446191,0.874074074074074
1,8,irregular,1,252,243,9,157,95,86,0.623015873015873,0.6460905349794238,1.037037037037037,0.6343434343434342
1,8,regular,2,1034,1035,1,1026,8,9,0.9922630560928434,0.991304347826087,0.9990338164251208,0.9917834702754954
1,8,semiregular,2,823,827,4,769,54,58,0.9343863912515188,0.9298669891172914,0.9951632406287787,0.9321212121212121
1,8,irregular,2,213,243,30,184,29,59,0.863849765258216,0.757201646090535,0.8765432098765432,0.8070175438596491
1,8,regular,3,1037,1035,2,1030,7,5,0.9932497589199615,0.9951690821256038,1.0019323671497584,0.9942084942084942
1,8,semiregular,3,819,827,8,768,51,59,0.9377289377289377,0.9286577992744861,0.9903264812575574,0.9331713244228431
1,8,irregular,3,270,243,27,217,53,26,0.8037037037037037,0.8930041152263375,1.1111111111111112,0.8460038986354776
1,9,regular,1,1075,1107,32,1069,6,38,0.9944186046511628,0.9656729900632339,0.971093044263776,0.9798350137488543
1,9,semiregular,1,574,701,127,544,30,157,0.9477351916376306,0.776034236804565,0.818830242510699,0.8533333333333334
1,9,irregular,1,236,266,30,170,66,96,0.7203389830508474,0.6390977443609023,0.8872180451127819,0.6772908366533865
1,9,regular,2,1069,1107,38,1062,7,45,0.9934518241347053,0.959349593495935,0.9656729900632339,0.9761029411764706
1,9,semiregular,2,620,701,81,598,22,103,0.964516129032258,0.8530670470756063,0.884450784593438,0.9053747161241484
1,9,irregular,2,236,266,30,212,24,54,0.8983050847457628,0.7969924812030075,0.8872180451127819,0.8446215139442231
1,9,regular,3,1103,1107,4,1100,3,7,0.9972801450589301,0.993676603432701,0.996386630532972,0.9954751131221721
1,9,semiregular,3,680,701,21,660,20,41,0.9705882352941176,0.9415121255349501,0.9700427960057061,0.9558291093410574
1,9,irregular,3,282,266,16,242,40,24,0.8581560283687943,0.9097744360902256,1.0601503759398496,0.8832116788321168
1,10,regular,1,1013,1014,1,994,19,20,0.981243830207305,0.980276134122288,0.9990138067061144,0.9807597434632461
1,10,semiregular,1,623,656,33,582,41,74,0.9341894060995185,0.8871951219512195,0.9496951219512195,0.910086004691165
1,10,irregular,1,230,247,17,182,48,65,0.7913043478260869,0.7368421052631579,0.9311740890688259,0.7631027253668763
1,10,regular,2,1015,1014,1,991,24,23,0.9763546798029556,0.9773175542406312,1.0009861932938855,0.9768358797437161
1,10,semiregular,2,660,656,4,608,52,48,0.9212121212121213,0.926829268292683,1.0060975609756098,0.9240121580547113
1,10,irregular,2,229,247,18,212,17,35,0.925764192139738,0.8582995951417004,0.9271255060728745,0.8907563025210083
1,10,regular,3,1033,1014,19,1013,20,1,0.9806389157792836,0.9990138067061144,1.0187376725838264,0.9897410845139228
1,10,semiregular,3,619,656,37,591,28,65,0.9547657512116317,0.9009146341463414,0.9435975609756098,0.9270588235294118
1,10,irregular,3,266,247,19,224,42,23,0.8421052631578947,0.9068825910931174,1.0769230769230769,0.8732943469785575
1,11,regular,1,1067,1070,3,1063,4,7,0.9962511715089035,0.9934579439252337,0.997196261682243,0.9948525970987365
1,11,semiregular,1,712,700,12,625,87,75,0.8778089887640449,0.8928571428571429,1.0171428571428571,0.8852691218130312
1,11,irregular,1,222,239,17,166,56,73,0.7477477477477478,0.694560669456067,0.9288702928870293,0.7201735357917571
1,11,regular,2,1065,1070,5,1060,5,10,0.9953051643192489,0.9906542056074766,0.9953271028037384,0.9929742388758782
1,11,semiregular,2,700,700,0,649,51,51,0.9271428571428572,0.9271428571428572,1.0,0.9271428571428572
1,11,irregular,2,201,239,38,188,13,51,0.9353233830845771,0.7866108786610879,0.8410041841004184,0.8545454545454546
1,11,regular,3,1058,1070,12,1058,0,12,1.0,0.9887850467289719,0.9887850467289719,0.9943609022556391
1,11,semiregular,3,679,700,21,648,31,52,0.9543446244477173,0.9257142857142857,0.97,0.9398114575779549
1,11,irregular,3,243,239,4,207,36,32,0.8518518518518519,0.8661087866108786,1.0167364016736402,0.8589211618257262
1,12,regular,1,1010,1007,3,1005,5,2,0.995049504950495,0.9980139026812314,1.002979145978153,0.9965294992563213
1,12,semiregular,1,672,641,31,578,94,63,0.8601190476190477,0.9017160686427457,1.0483619344773791,0.8804265041888804
1,12,irregular,1,250,204,46,184,66,20,0.736,0.9019607843137255,1.2254901960784315,0.8105726872246696
1,12,regular,2,1032,1007,25,1007,25,0,0.9757751937984496,1.0,1.0248262164846078,0.9877390877881315
1,12,semiregular,2,651,641,10,581,70,60,0.8924731182795699,0.906396255850234,1.015600624024961,0.8993808049535603
1,12,irregular,2,237,204,33,190,47,14,0.8016877637130801,0.9313725490196079,1.161764705882353,0.8616780045351474
1,12,regular,3,1018,1007,11,1006,12,1,0.9882121807465619,0.9990069513406157,1.0109235352532273,0.9935802469135803
1,12,semiregular,3,624,641,17,575,49,66,0.9214743589743589,0.8970358814352574,0.9734789391575663,0.9090909090909091
1,12,irregular,3,245,204,41,195,50,9,0.7959183673469388,0.9558823529411765,1.2009803921568627,0.868596881959911
1,13,regular,1,1003,1000,3,995,8,5,0.9920239282153539,0.995,1.003,0.9935097353969046
1,13,semiregular,1,825,815,10,755,70,60,0.9151515151515152,0.9263803680981595,1.0122699386503067,0.9207317073170732
1,13,irregular,1,269,216,53,171,98,45,0.6356877323420075,0.7916666666666666,1.2453703703703705,0.7051546391752578
1,13,regular,2,997,1000,3,990,7,10,0.9929789368104313,0.99,0.997,0.9914872308462694
1,13,semiregular,2,825,815,10,780,45,35,0.9454545454545454,0.9570552147239264,1.0122699386503067,0.9512195121951219
1,13,irregular,2,237,216,21,194,43,22,0.8185654008438819,0.8981481481481481,1.0972222222222223,0.8565121412803531
1,13,regular,3,1006,1000,6,997,9,3,0.9910536779324056,0.997,1.006,0.9940179461615155
1,13,semiregular,3,799,815,16,769,30,46,0.9624530663329162,0.943558282208589,0.9803680981595092,0.952912019826518
1,13,irregular,3,259,216,43,207,52,9,0.7992277992277992,0.9583333333333334,1.1990740740740742,0.8715789473684209
1,14,regular,1,1024,1052,28,1022,2,30,0.998046875,0.9714828897338403,0.973384030418251,0.9845857418111753
1,14,semiregular,1,818,913,95,770,48,143,0.941320293398533,0.8433734939759037,0.895947426067908,0.8896591565569035
1,14,irregular,1,213,217,4,168,45,49,0.7887323943661971,0.7741935483870968,0.9815668202764977,0.7813953488372092
1,14,regular,2,1000,1052,52,996,4,56,0.996,0.9467680608365019,0.9505703422053232,0.9707602339181287
1,14,semiregular,2,891,913,22,847,44,66,0.9506172839506173,0.927710843373494,0.9759036144578314,0.9390243902439024
1,14,irregular,2,218,217,1,193,25,24,0.8853211009174312,0.8894009216589862,1.0046082949308757,0.8873563218390805
1,14,regular,3,1062,1052,10,1048,14,4,0.9868173258003766,0.9961977186311787,1.0095057034220531,0.9914853358561967
1,14,semiregular,3,857,913,56,821,36,92,0.9579929988331388,0.8992332968236583,0.9386637458926615,0.927683615819209
1,14,irregular,3,224,217,7,193,31,24,0.8616071428571429,0.8894009216589862,1.032258064516129,0.8752834467120182
1,15,regular,1,981,964,17,964,17,0,0.9826707441386341,1.0,1.0176348547717842,0.9912596401028279
1,15,semiregular,1,759,774,15,695,64,79,0.9156785243741765,0.8979328165374677,0.9806201550387597,0.9067188519243314
1,15,irregular,1,211,218,7,174,37,44,0.8246445497630331,0.7981651376146789,0.9678899082568807,0.8111888111888111
1,15,regular,2,946,964,18,942,4,22,0.9957716701902748,0.9771784232365145,0.9813278008298755,0.9863874345549737
1,15,semiregular,2,753,774,21,720,33,54,0.9561752988047809,0.9302325581395349,0.9728682170542635,0.9430255402750491
1,15,irregular,2,204,218,14,192,12,26,0.9411764705882353,0.8807339449541285,0.9357798165137615,0.909952606635071
1,15,regular,3,957,964,7,957,0,7,1.0,0.9927385892116183,0.9927385892116183,0.9963560645497137
1,15,semiregular,3,742,774,32,715,27,59,0.9636118598382749,0.9237726098191215,0.958656330749354,0.9432717678100264
1,15,irregular,3,243,218,25,203,40,15,0.8353909465020576,0.9311926605504587,1.114678899082569,0.8806941431670282
1,16,regular,1,1149,1109,40,1108,41,1,0.9643167972149695,0.9990982867448152,1.036068530207394,0.9813994685562444
1,16,semiregular,1,656,681,25,573,83,108,0.8734756097560976,0.8414096916299559,0.9632892804698973,0.8571428571428571
1,16,irregular,1,248,272,24,159,89,113,0.6411290322580645,0.5845588235294118,0.9117647058823529,0.6115384615384617
1,16,regular,2,1114,1109,5,1102,12,7,0.9892280071813285,0.9936880072137061,1.0045085662759243,0.9914529914529915
1,16,semiregular,2,662,681,19,623,39,58,0.9410876132930514,0.9148311306901615,0.9720998531571219,0.9277736411020104
1,16,irregular,2,248,272,24,216,32,56,0.8709677419354839,0.7941176470588235,0.9117647058823529,0.8307692307692308
1,16,regular,3,1117,1109,8,1107,10,2,0.991047448522829,0.9981965734896303,1.0072137060414788,0.9946091644204852
1,16,semiregular,3,635,681,46,600,35,81,0.9448818897637795,0.8810572687224669,0.9324522760646109,0.9118541033434651
1,16,irregular,3,263,272,9,223,40,49,0.8479087452471483,0.8198529411764706,0.9669117647058824,0.833644859813084
1,17,regular,1,1051,1029,22,1026,25,3,0.9762131303520457,0.9970845481049563,1.021379980563654,0.9865384615384615
1,17,semiregular,1,828,837,9,749,79,88,0.9045893719806763,0.8948626045400239,0.989247311827957,0.8996996996996997
1,17,irregular,1,260,240,20,162,98,78,0.6230769230769231,0.675,1.0833333333333333,0.648
1,17,regular,2,1020,1029,9,1015,5,14,0.9950980392156863,0.9863945578231292,0.9912536443148688,0.9907271839921913
1,17,semiregular,2,840,837,3,786,54,51,0.9357142857142857,0.9390681003584229,1.003584229390681,0.9373881932021467
1,17,irregular,2,262,240,22,197,65,43,0.7519083969465649,0.8208333333333333,1.0916666666666666,0.7848605577689244
1,17,regular,3,1063,1029,34,1028,35,1,0.967074317968015,0.9990281827016521,1.033041788143829,0.982791586998088
1,17,semiregular,3,830,837,7,796,34,41,0.9590361445783132,0.951015531660693,0.991636798088411,0.9550089982003598
1,17,irregular,3,270,240,30,219,51,21,0.8111111111111111,0.9125,1.125,0.8588235294117648
1,18,regular,1,1061,1044,17,1041,20,3,0.9811498586239397,0.9971264367816092,1.0162835249042146,0.9890736342042755
1,18,semiregular,1,780,801,21,733,47,68,0.9397435897435897,0.9151061173533084,0.9737827715355806,0.9272612270714737
1,18,irregular,1,273,252,21,186,87,66,0.6813186813186813,0.7380952380952381,1.0833333333333333,0.7085714285714286
1,18,regular,2,1021,1044,23,1017,4,27,0.9960822722820764,0.9741379310344828,0.9779693486590039,0.9849878934624697
1,18,semiregular,2,809,801,8,767,42,34,0.9480840543881335,0.9575530586766542,1.0099875156054932,0.9527950310559006
1,18,irregular,2,253,252,1,212,41,40,0.8379446640316206,0.8412698412698413,1.003968253968254,0.8396039603960396
1,18,regular,3,1060,1044,16,1043,17,1,0.9839622641509433,0.9990421455938697,1.0153256704980842,0.9914448669201521
1,18,semiregular,3,801,801,0,765,36,36,0.9550561797752809,0.9550561797752809,1.0,0.9550561797752809
1,18,irregular,3,285,252,33,235,50,17,0.8245614035087719,0.9325396825396826,1.130952380952381,0.8752327746741154
1,19,regular,1,1074,1076,2,1066,8,10,0.9925512104283054,0.9907063197026023,0.9981412639405205,0.9916279069767442
1,19,semiregular,1,704,753,49,651,53,102,0.9247159090909091,0.8645418326693227,0.9349269588313412,0.8936170212765957
1,19,irregular,1,267,245,22,187,80,58,0.700374531835206,0.763265306122449,1.089795918367347,0.7304687500000001
1,19,regular,2,1069,1076,7,1067,2,9,0.9981290926099158,0.991635687732342,0.9934944237918215,0.9948717948717949
1,19,semiregular,2,717,753,36,686,31,67,0.9567642956764296,0.9110225763612217,0.952191235059761,0.9333333333333333
1,19,irregular,2,250,245,5,211,39,34,0.844,0.8612244897959184,1.0204081632653061,0.8525252525252526
1,19,regular,3,1068,1076,8,1067,1,9,0.9990636704119851,0.991635687732342,0.9925650557620818,0.9953358208955224
1,19,semiregular,3,712,753,41,682,30,71,0.9578651685393258,0.9057104913678619,0.9455511288180611,0.9310580204778157
1,19,irregular,3,258,245,13,216,42,29,0.8372093023255814,0.8816326530612245,1.0530612244897959,0.8588469184890657
1,20,regular,1,1192,1251,59,1183,9,68,0.9924496644295302,0.9456434852118305,0.9528377298161471,0.9684813753581661
1,20,semiregular,1,851,841,10,741,110,100,0.8707403055229143,0.8810939357907254,1.0118906064209274,0.875886524822695
1,20,irregular,1,291,252,39,184,107,68,0.6323024054982818,0.7301587301587301,1.1547619047619047,0.6777163904235726
1,20,regular,2,1216,1251,35,1205,11,46,0.990953947368421,0.9632294164668266,0.9720223820943246,0.9768950141872719
1,20,semiregular,2,791,841,50,731,60,110,0.9241466498103666,0.8692033293697978,0.9405469678953626,0.8958333333333333
1,20,irregular,2,237,252,15,202,35,50,0.8523206751054853,0.8015873015873016,0.9404761904761905,0.8261758691206544
1,20,regular,3,1169,1251,82,1167,2,84,0.998289136013687,0.9328537170263789,0.9344524380495604,0.9644628099173553
1,20,semiregular,3,809,841,32,751,58,90,0.9283065512978986,0.8929845422116528,0.9619500594530321,0.9103030303030303
1,20,irregular,3,269,252,17,225,44,27,0.8364312267657993,0.8928571428571429,1.0674603174603174,0.8637236084452975
1,21,regular,1,931,920,11,918,13,2,0.9860365198711063,0.9978260869565218,1.0119565217391304,0.9918962722852512
1,21,semiregular,1,546,549,3,441,105,108,0.8076923076923077,0.8032786885245902,0.994535519125683,0.8054794520547944
1,21,irregular,1,229,204,25,168,61,36,0.7336244541484717,0.8235294117647058,1.1225490196078431,0.7759815242494226
1,21,regular,2,917,920,3,913,4,7,0.9956379498364231,0.9923913043478261,0.9967391304347826,0.9940119760479041
1,21,semiregular,2,586,549,37,507,79,42,0.8651877133105802,0.9234972677595629,1.0673952641165756,0.8933920704845815
1,21,irregular,2,203,204,1,185,18,19,0.9113300492610837,0.9068627450980392,0.9950980392156863,0.9090909090909091
1,21,regular,3,919,920,1,916,3,4,0.9967355821545157,0.9956521739130435,0.9989130434782608,0.9961935834692768
1,21,semiregular,3,576,549,27,508,68,41,0.8819444444444444,0.9253187613843351,1.0491803278688525,0.903111111111111
1,21,irregular,3,223,204,19,194,29,10,0.8699551569506726,0.9509803921568627,1.0931372549019607,0.9086651053864168
1,22,regular,1,961,946,15,946,15,0,0.9843912591050988,1.0,1.0158562367864694,0.9921342422653383
1,22,semiregular,1,721,703,18,636,85,67,0.8821081830790569,0.9046941678520626,1.0256045519203414,0.8932584269662922
1,22,irregular,1,233,247,14,170,63,77,0.7296137339055794,0.6882591093117408,0.9433198380566802,0.7083333333333333
1,22,regular,2,966,946,20,942,24,4,0.9751552795031055,0.9957716701902748,1.0211416490486258,0.9853556485355649
1,22,semiregular,2,686,703,17,643,43,60,0.9373177842565598,0.914651493598862,0.9758179231863442,0.925845932325414
1,22,irregular,2,221,247,26,197,24,50,0.8914027149321267,0.7975708502024291,0.8947368421052632,0.8418803418803419
1,22,regular,3,955,946,9,944,11,2,0.9884816753926702,0.9978858350951374,1.0095137420718816,0.9931614939505523
1,22,semiregular,3,678,703,25,640,38,63,0.943952802359882,0.9103840682788051,0.9644381223328592,0.9268645908761767
1,22,irregular,3,265,247,18,217,48,30,0.8188679245283019,0.8785425101214575,1.0728744939271255,0.84765625
1,23,regular,1,1029,999,30,996,33,3,0.967930029154519,0.996996996996997,1.03003003003003,0.9822485207100592
1,23,semiregular,1,780,835,55,662,118,173,0.8487179487179487,0.792814371257485,0.9341317365269461,0.8198142414860681
1,23,irregular,1,252,266,14,153,99,113,0.6071428571428571,0.575187969924812,0.9473684210526315,0.5907335907335907
1,23,regular,2,981,999,18,977,4,22,0.9959225280326198,0.977977977977978,0.9819819819819819,0.9868686868686869
1,23,semiregular,2,792,835,43,742,50,93,0.9368686868686869,0.888622754491018,0.948502994011976,0.9121081745543946
1,23,irregular,2,235,266,31,207,28,59,0.8808510638297873,0.7781954887218046,0.8834586466165414,0.8263473053892216
1,23,regular,3,1014,999,15,999,15,0,0.985207100591716,1.0,1.015015015015015,0.992548435171386
1,23,semiregular,3,831,835,4,782,49,53,0.941034897713598,0.9365269461077844,0.9952095808383233,0.9387755102040816
1,23,irregular,3,303,266,37,234,69,32,0.7722772277227723,0.8796992481203008,1.1390977443609023,0.8224956063268893
1,24,regular,1,1092,1079,13,1078,14,1,0.9871794871794872,0.9990732159406858,1.0120481927710843,0.9930907415937356
1,24,semiregular,1,602,680,78,545,57,135,0.9053156146179402,0.8014705882352942,0.8852941176470588,0.8502340093603744
1,24,irregular,1,194,247,53,154,40,93,0.7938144329896907,0.6234817813765182,0.7854251012145749,0.6984126984126984
1,24,regular,2,1049,1079,30,1038,11,41,0.9895138226882746,0.9620018535681186,0.9721964782205746,0.9755639097744361
1,24,semiregular,2,653,680,27,629,24,51,0.9632465543644717,0.925,0.9602941176470589,0.9437359339834959
1,24,irregular,2,226,247,21,214,12,33,0.9469026548672567,0.8663967611336032,0.9149797570850202,0.904862579281184
1,24,regular,3,1071,1079,8,1068,3,11,0.9971988795518207,0.989805375347544,0.9925857275254866,0.9934883720930232
1,24,semiregular,3,663,680,17,640,23,40,0.9653092006033183,0.9411764705882353,0.975,0.953090096798213
1,24,irregular,3,252,247,5,231,21,16,0.9166666666666666,0.9352226720647774,1.0202429149797572,0.9258517034068137
1,25,regular,1,931,946,15,928,3,18,0.9967776584317938,0.9809725158562368,0.9841437632135307,0.9888119339371337
1,25,semiregular,1,628,718,90,563,65,155,0.8964968152866242,0.7841225626740947,0.8746518105849582,0.8365527488855871
1,25,irregular,1,223,207,16,152,71,55,0.6816143497757847,0.7342995169082126,1.077294685990338,0.7069767441860465
1,25,regular,2,919,946,27,914,5,32,0.9945593035908596,0.9661733615221987,0.9714587737843552,0.9801608579088472
1,25,semiregular,2,720,718,2,676,44,42,0.9388888888888889,0.9415041782729805,1.0027855153203342,0.9401947148817803
1,25,irregular,2,191,207,16,149,42,58,0.7801047120418848,0.7198067632850241,0.9227053140096618,0.7487437185929648
1,25,regular,3,941,946,5,937,4,9,0.9957492029755579,0.9904862579281184,0.9947145877378436,0.9931107578166402
1,25,semiregular,3,668,718,50,627,41,91,0.938622754491018,0.8732590529247911,0.9303621169916435,0.9047619047619048
1,25,irregular,3,249,207,42,174,75,33,0.6987951807228916,0.8405797101449275,1.2028985507246377,0.763157894736842
1,26,regular,1,989,985,4,972,17,13,0.9828109201213346,0.9868020304568528,1.0040609137055838,0.9848024316109423
1,26,semiregular,1,740,720,20,657,83,63,0.8878378378378379,0.9125,1.0277777777777777,0.9
1,26,irregular,1,288,214,74,183,105,31,0.6354166666666666,0.8551401869158879,1.3457943925233644,0.7290836653386453
1,26,regular,2,952,985,33,940,12,45,0.9873949579831933,0.9543147208121827,0.966497461928934,0.9705730511099638
1,26,semiregular,2,707,720,13,651,56,69,0.9207920792079208,0.9041666666666667,0.9819444444444444,0.9124036440084092
1,26,irregular,2,226,214,12,161,65,53,0.7123893805309734,0.7523364485981309,1.0560747663551402,0.7318181818181818
1,26,regular,3,1035,985,50,982,53,3,0.9487922705314009,0.9969543147208122,1.0507614213197969,0.9722772277227723
1,26,semiregular,3,697,720,23,656,41,64,0.9411764705882353,0.9111111111111111,0.9680555555555556,0.9258997882851093
1,26,irregular,3,285,214,71,202,83,12,0.7087719298245614,0.9439252336448598,1.3317757009345794,0.8096192384769539
1,27,regular,1,1124,1166,42,1119,5,47,0.9955516014234875,0.9596912521440824,0.9639794168096055,0.977292576419214
1,27,semiregular,1,660,728,68,590,70,138,0.8939393939393939,0.8104395604395604,0.9065934065934066,0.8501440922190202
1,27,irregular,1,237,270,33,183,54,87,0.7721518987341772,0.6777777777777778,0.8777777777777778,0.7218934911242604
1,27,regular,2,1109,1166,57,1102,7,64,0.9936880072137061,0.9451114922813036,0.951114922813036,0.9687912087912088
1,27,semiregular,2,698,728,30,658,40,70,0.9426934097421203,0.9038461538461539,0.9587912087912088,0.9228611500701263
1,27,irregular,2,251,270,19,222,29,48,0.8844621513944223,0.8222222222222222,0.9296296296296296,0.8522072936660269
1,27,regular,3,1175,1166,9,1164,11,2,0.9906382978723405,0.9982847341337907,1.0077186963979416,0.9944468175993165
1,27,semiregular,3,695,728,33,662,33,66,0.9525179856115108,0.9093406593406593,0.9546703296703297,0.9304286718200984
1,27,irregular,3,277,270,7,238,39,32,0.8592057761732852,0.8814814814814815,1.025925925925926,0.870201096892139
1,28,regular,1,1103,1098,5,1089,14,9,0.9873073436083409,0.9918032786885246,1.0045537340619308,0.9895502044525216
1,28,semiregular,1,855,859,4,771,84,88,0.9017543859649123,0.8975552968568102,0.9953434225844005,0.8996499416569428
1,28,irregular,1,290,293,3,162,128,131,0.5586206896551724,0.552901023890785,0.9897610921501706,0.5557461406518011
1,28,regular,2,1087,1098,11,1070,17,28,0.984360625574977,0.9744990892531876,0.9899817850637522,0.9794050343249429
1,28,semiregular,2,815,859,44,769,46,90,0.943558282208589,0.8952270081490105,0.9487776484284052,0.918757467144564
1,28,irregular,2,264,293,29,212,52,81,0.803030303030303,0.7235494880546075,0.9010238907849829,0.7612208258527827
1,28,regular,3,1127,1098,29,1096,31,2,0.9724933451641526,0.9981785063752276,1.0264116575591986,0.9851685393258427
1,28,semiregular,3,811,859,48,780,31,79,0.9617755856966708,0.9080325960419092,0.9441210710128056,0.934131736526946
1,28,irregular,3,313,293,20,233,80,60,0.744408945686901,0.7952218430034129,1.068259385665529,0.768976897689769
1,29,regular,1,1120,1140,20,1118,2,22,0.9982142857142857,0.980701754385965,0.9824561403508771,0.9893805309734514
1,29,semiregular,1,873,869,4,773,100,96,0.8854524627720504,0.8895281933256617,1.004602991944764,0.8874856486796786
1,29,irregular,1,264,247,17,187,77,60,0.7083333333333334,0.757085020242915,1.0688259109311742,0.7318982387475538
1,29,regular,2,1104,1140,36,1101,3,39,0.9972826086956522,0.9657894736842105,0.968421052631579,0.9812834224598931
1,29,semiregular,2,939,869,70,833,106,36,0.8871139510117146,0.9585730724971231,1.0805523590333717,0.9214601769911503
1,29,irregular,2,260,247,13,225,35,22,0.8653846153846154,0.9109311740890689,1.0526315789473684,0.8875739644970415
1,29,regular,3,1109,1140,31,1108,1,32,0.9990982867448152,0.9719298245614035,0.9728070175438597,0.9853268119164073
1,29,semiregular,3,857,869,12,783,74,86,0.9136522753792299,0.9010356731875719,0.9861910241657077,0.9073001158748553
1,29,irregular,3,273,247,26,231,42,16,0.8461538461538461,0.9352226720647774,1.105263157894737,0.8884615384615385
1,30,regular,1,990,997,7,985,5,12,0.9949494949494949,0.9879638916750251,0.9929789368104313,0.9914443885254153
1,30,semiregular,1,736,810,74,683,53,127,0.9279891304347826,0.8432098765432099,0.908641975308642,0.8835705045278136
1,30,irregular,1,252,250,2,173,79,77,0.6865079365079365,0.692,1.008,0.6892430278884462
1,30,regular,2,931,997,66,929,2,68,0.9978517722878625,0.9317953861584755,0.9338014042126379,0.9636929460580913
1,30,semiregular,2,787,810,23,746,41,64,0.9479034307496823,0.9209876543209876,0.971604938271605,0.93425172197871
1,30,irregular,2,226,250,24,201,25,49,0.8893805309734514,0.804,0.904,0.8445378151260504
1,30,regular,3,1010,997,13,996,14,1,0.9861386138613861,0.9989969909729187,1.013039117352056,0.9925261584454409
1,30,semiregular,3,798,810,12,757,41,53,0.9486215538847118,0.9345679012345679,0.9851851851851852,0.9415422885572139
1,30,irregular,3,288,250,38,217,71,33,0.7534722222222222,0.868,1.152,0.8066914498141264
2,1,regular,1,941,937,4,926,15,11,0.9840595111583422,0.9882604055496265,1.0042689434364995,0.9861554845580404
2,1,semiregular,1,742,703,39,646,96,57,0.8706199460916442,0.918918918918919,1.0554765291607398,0.8941176470588236
2,1,irregular,1,191,199,8,138,53,61,0.7225130890052356,0.6934673366834171,0.9597989949748744,0.7076923076923077
2,1,regular,2,1003,937,66,936,67,1,0.9332003988035892,0.9989327641408752,1.0704375667022412,0.9649484536082474
2,1,semiregular,2,714,703,11,636,78,67,0.8907563025210085,0.9046941678520626,1.0156472261735419,0.8976711362032465
2,1,irregular,2,196,199,3,173,23,26,0.8826530612244898,0.8693467336683417,0.9849246231155779,0.8759493670886075
2,1,regular,3,968,937,31,935,33,2,0.9659090909090909,0.9978655282817502,1.033084311632871,0.9816272965879266
2,1,semiregular,3,701,703,2,635,66,68,0.905848787446505,0.903271692745377,0.9971550497866287,0.9045584045584046
2,1,irregular,3,197,199,2,172,25,27,0.8730964467005076,0.864321608040201,0.9899497487437185,0.8686868686868686
2,2,regular,1,1193,1224,31,1182,11,42,0.9907795473595976,0.9656862745098039,0.9746732026143791,0.9780719900703352
2,2,semiregular,1,577,647,70,549,28,98,0.951473136915078,0.848531684698609,0.8918083462132921,0.8970588235294118
2,2,irregular,1,187,217,30,111,76,106,0.5935828877005348,0.511520737327189,0.8617511520737328,0.5495049504950495
2,2,regular,2,1175,1224,49,1160,15,64,0.9872340425531915,0.9477124183006536,0.9599673202614379,0.9670696123384744
2,2,semiregular,2,634,647,13,614,20,33,0.9684542586750788,0.9489953632148377,0.9799072642967542,0.9586260733801718
2,2,irregular,2,220,217,3,192,28,25,0.8727272727272727,0.8847926267281107,1.0138248847926268,0.8787185354691075
2,2,regular,3,1230,1224,6,1218,12,6,0.9902439024390244,0.9950980392156863,1.0049019607843137,0.9926650366748165
2,2,semiregular,3,653,647,6,618,35,29,0.9464012251148545,0.955177743431221,1.009273570324575,0.9507692307692307
2,2,irregular,3,221,217,4,194,27,23,0.8778280542986425,0.8940092165898618,1.0184331797235022,0.8858447488584476
2,3,regular,1,1027,1053,26,1024,3,29,0.997078870496592,0.9724596391263058,0.9753086419753086,0.9846153846153846
2,3,semiregular,1,711,716,5,663,48,53,0.9324894514767933,0.9259776536312849,0.9930167597765364,0.9292221443587947
2,3,irregular,1,226,224,2,135,91,89,0.5973451327433629,0.6026785714285714,1.0089285714285714,0.6
2,3,regular,2,998,1053,55,995,3,58,0.996993987975952,0.9449192782526116,0.9477682811016145,0.970258410531448
2,3,semiregular,2,737,716,21,674,63,42,0.9145183175033921,0.9413407821229051,1.0293296089385475,0.9277357192016518
2,3,irregular,2,218,224,6,191,27,33,0.8761467889908257,0.8526785714285714,0.9732142857142857,0.8642533936651584
2,3,regular,3,1054,1053,1,1049,5,4,0.9952561669829222,0.9962013295346629,1.0009496676163343,0.9957285239677267
2,3,semiregular,3,713,716,3,669,44,47,0.938288920056101,0.9343575418994413,0.9958100558659218,0.9363191042687193
2,3,irregular,3,220,224,4,195,25,29,0.8863636363636364,0.8705357142857143,0.9821428571428571,0.8783783783783784
2,4,regular,1,1122,1101,21,1098,24,3,0.9786096256684492,0.997275204359673,1.0190735694822888,0.9878542510121457
2,4,semiregular,1,639,614,25,531,108,83,0.8309859154929577,0.8648208469055375,1.0407166123778502,0.8475658419792498
2,4,irregular,1,222,228,6,148,74,80,0.6666666666666666,0.6491228070175439,0.9736842105263158,0.6577777777777777
2,4,regular,2,1092,1101,9,1089,3,12,0.9972527472527473,0.989100817438692,0.9918256130790191,0.9931600547195624
2,4,semiregular,2,620,614,6,570,50,44,0.9193548387096774,0.9283387622149837,1.009771986970684,0.9238249594813613
2,4,irregular,2,223,228,5,190,33,38,0.852017937219731,0.8333333333333334,0.9780701754385965,0.8425720620842573
2,4,regular,3,1115,1101,14,1101,14,0,0.9874439461883409,1.0,1.0127157129881925,0.9936823104693141
2,4,semiregular,3,602,614,12,562,40,52,0.9335548172757475,0.9153094462540716,0.9804560260586319,0.9243421052631579
2,4,irregular,3,224,228,4,199,25,29,0.8883928571428571,0.8728070175438597,0.9824561403508771,0.8805309734513275
2,5,regular,1,1047,1044,3,1043,4,1,0.9961795606494747,0.9990421455938697,1.0028735632183907,0.997608799617408
2,5,semiregular,1,761,668,93,646,115,22,0.8488830486202366,0.9670658682634731,1.1392215568862276,0.9041287613715886
2,5,irregular,1,237,217,20,163,74,54,0.6877637130801688,0.7511520737327189,1.0921658986175116,0.7180616740088106
2,5,regular,2,1057,1044,13,1044,13,0,0.9877010406811731,1.0,1.0124521072796935,0.9938124702522609
2,5,semiregular,2,727,668,59,651,76,17,0.8954607977991746,0.9745508982035929,1.0883233532934131,0.9333333333333333
2,5,irregular,2,215,217,2,189,26,28,0.8790697674418605,0.8709677419354839,0.9907834101382489,0.875
2,5,regular,3,1054,1044,10,1044,10,0,0.9905123339658444,1.0,1.0095785440613028,0.9952335557673975
2,5,semiregular,3,684,668,16,626,58,42,0.9152046783625731,0.937125748502994,1.0239520958083832,0.92603550295858
2,5,irregular,3,222,217,5,182,40,35,0.8198198198198198,0.8387096774193549,1.023041474654378,0.8291571753986332
2,6,regular,1,929,915,14,904,25,11,0.9730893433799784,0.9879781420765027,1.0153005464480875,0.9804772234273319
2,6,semiregular,1,721,701,20,664,57,37,0.9209431345353676,0.9472182596291013,1.028530670470756,0.9338959212376935
2,6,irregular,1,193,195,2,108,85,87,0.5595854922279793,0.5538461538461539,0.9897435897435898,0.5567010309278351
2,6,regular,2,989,915,74,914,75,1,0.9241658240647118,0.9989071038251366,1.0808743169398907,0.9600840336134454
2,6,semiregular,2,738,701,37,676,62,25,0.9159891598915989,0.9643366619115549,1.0527817403708988,0.9395413481584434
2,6,irregular,2,191,195,4,124,67,71,0.6492146596858639,0.6358974358974359,0.9794871794871794,0.6424870466321244
2,6,regular,3,924,915,9,913,11,2,0.9880952380952381,0.9978142076502732,1.0098360655737706,0.9929309407286568
2,6,semiregular,3,701,701,0,666,35,35,0.9500713266761769,0.9500713266761769,1.0,0.9500713266761769
2,6,irregular,3,203,195,8,174,29,21,0.8571428571428571,0.8923076923076924,1.041025641025641,0.8743718592964823
2,7,regular,1,421,1230,809,419,2,811,0.995249406175772,0.34065040650406503,0.34227642276422765,0.5075711689884919
2,7,semiregular,1,511,761,250,470,41,291,0.9197651663405088,0.6176084099868594,0.671484888304862,0.7389937106918238
2,7,irregular,1,280,225,55,142,138,83,0.5071428571428571,0.6311111111111111,1.2444444444444445,0.5623762376237623
2,7,regular,2,1036,1230,194,1028,8,202,0.9922779922779923,0.8357723577235773,0.8422764227642277,0.9073256840247131
2,7,semiregular,2,716,761,45,654,62,107,0.9134078212290503,0.859395532194481,0.9408672798948752,0.8855788761002031
2,7,irregular,2,205,225,20,186,19,39,0.9073170731707317,0.8266666666666667,0.9111111111111111,0.8651162790697675
2,7,regular,3,1242,1230,12,1227,15,3,0.9879227053140096,0.9975609756097561,1.0097560975609756,0.9927184466019418
2,7,semiregular,3,737,761,24,677,60,84,0.9185888738127544,0.8896189224704336,0.9684625492772667,0.9038718291054739
2,7,irregular,3,223,225,2,197,26,28,0.8834080717488789,0.8755555555555555,0.9911111111111112,0.8794642857142857
2,8,regular,1,1009,1035,26,1003,6,32,0.9940535183349851,0.9690821256038648,0.9748792270531401,0.9814090019569471
2,8,semiregular,1,806,827,21,722,84,105,0.8957816377171216,0.8730350665054414,0.9746070133010882,0.8842620943049602
2,8,irregular,1,254,243,11,132,122,111,0.5196850393700787,0.5432098765432098,1.045267489711934,0.5311871227364184
2,8,regular,2,1045,1035,10,1027,18,8,0.9827751196172249,0.9922705314009662,1.0096618357487923,0.9874999999999999
2,8,semiregular,2,823,827,4,768,55,59,0.9331713244228432,0.9286577992744861,0.9951632406287787,0.9309090909090908
2,8,irregular,2,222,243,21,185,37,58,0.8333333333333334,0.7613168724279835,0.9135802469135802,0.7956989247311828
2,8,regular,3,1049,1035,14,1032,17,3,0.9837940896091516,0.9971014492753624,1.0135265700483091,0.9904030710172745
2,8,semiregular,3,838,827,11,778,60,49,0.9284009546539379,0.9407496977025392,1.0133010882708586,0.9345345345345345
2,8,irregular,3,247,243,4,198,49,45,0.8016194331983806,0.8148148148148148,1.0164609053497942,0.8081632653061225
2,9,regular,1,1076,1107,31,1069,7,38,0.9934944237918215,0.9656729900632339,0.971996386630533,0.9793861658268438
2,9,semiregular,1,592,701,109,560,32,141,0.9459459459459459,0.7988587731811697,0.8445078459343794,0.8662026295436969
2,9,irregular,1,232,266,34,132,100,134,0.5689655172413793,0.49624060150375937,0.8721804511278195,0.5301204819277108
2,9,regular,2,1047,1107,60,1039,8,68,0.9923591212989494,0.938572719060524,0.94579945799458,0.9647168059424328
2,9,semiregular,2,609,701,92,586,23,115,0.9622331691297209,0.8359486447931527,0.8687589158345221,0.8946564885496183
2,9,irregular,2,240,266,26,215,25,51,0.8958333333333334,0.8082706766917294,0.9022556390977443,0.8498023715415021
2,9,regular,3,1092,1107,15,1090,2,17,0.9981684981684982,0.9846431797651309,0.986449864498645,0.9913597089586175
2,9,semiregular,3,695,701,6,668,27,33,0.9611510791366906,0.9529243937232525,0.9914407988587732,0.9570200573065903
2,9,irregular,3,251,266,15,219,32,47,0.8725099601593626,0.8233082706766918,0.943609022556391,0.8471953578336557
2,10,regular,1,1079,1014,65,1010,69,4,0.9360518999073216,0.9960552268244576,1.064102564102564,0.9651218346870521
2,10,semiregular,1,679,656,23,626,53,30,0.9219440353460973,0.9542682926829268,1.0350609756097562,0.9378277153558051
2,10,irregular,1,214,247,33,166,48,81,0.7757009345794392,0.6720647773279352,0.8663967611336032,0.720173535791757
2,10,regular,2,1014,1014,0,980,34,34,0.9664694280078896,0.9664694280078896,1.0,0.9664694280078896
2,10,semiregular,2,699,656,43,621,78,35,0.8884120171673819,0.9466463414634146,1.0655487804878048,0.9166051660516604
2,10,irregular,2,240,247,7,212,28,35,0.8833333333333333,0.8582995951417004,0.97165991902834,0.8706365503080081
2,10,regular,3,1057,1014,43,1013,44,1,0.9583727530747398,0.9990138067061144,1.042406311637081,0.9782713664896184
2,10,semiregular,3,633,656,23,608,25,48,0.9605055292259084,0.926829268292683,0.9649390243902439,0.9433669511249032
2,10,irregular,3,248,247,1,219,29,28,0.8830645161290323,0.8866396761133604,1.0040485829959513,0.8848484848484848
2,11,regular,1,1070,1070,0,1064,6,6,0.994392523364486,0.994392523364486,1.0,0.994392523364486
2,11,semiregular,1,749,700,49,654,95,46,0.8731642189586115,0.9342857142857143,1.07,0.9026915113871635
2,11,irregular,1,216,239,23,143,73,96,0.6620370370370371,0.5983263598326359,0.9037656903765691,0.6285714285714286
2,11,regular,2,1088,1070,18,1070,18,0,0.9834558823529411,1.0,1.016822429906542,0.9916589434661723
2,11,semiregular,2,709,700,9,647,62,53,0.9125528913963329,0.9242857142857143,1.012857142857143,0.9183818310858766
2,11,irregular,2,211,239,28,191,20,48,0.9052132701421801,0.799163179916318,0.8828451882845189,0.8488888888888889
2,11,regular,3,1080,1070,10,1069,11,1,0.9898148148148148,0.9990654205607477,1.0093457943925233,0.9944186046511627
2,11,semiregular,3,682,700,18,642,40,58,0.9413489736070382,0.9171428571428571,0.9742857142857143,0.9290882778581765
2,11,irregular,3,219,239,20,196,23,43,0.8949771689497716,0.8200836820083682,0.9163179916317992,0.8558951965065502
2,12,regular,1,1046,1007,39,1007,39,0,0.9627151051625239,1.0,1.038728897715988,0.9810034096444229
2,12,semiregular,1,754,641,113,622,132,19,0.8249336870026526,0.9703588143525741,1.1762870514820594,0.8917562724014338
2,12,irregular,1,241,204,37,164,77,40,0.6804979253112033,0.803921568627451,1.1813725490196079,0.7370786516853933
2,12,regular,2,1065,1007,58,1007,58,0,0.9455399061032864,1.0,1.05759682224429,0.9720077220077221
2,12,semiregular,2,691,641,50,597,94,44,0.8639652677279306,0.9313572542901716,1.078003120124805,0.8963963963963965
2,12,irregular,2,239,204,35,186,53,18,0.7782426778242678,0.9117647058823529,1.1715686274509804,0.8397291196388262
2,12,regular,3,1033,1007,26,1007,26,0,0.9748305905130688,1.0,1.0258192651439921,0.9872549019607844
2,12,semiregular,3,631,641,10,581,50,60,0.9207606973058637,0.906396255850234,0.984399375975039,0.9135220125786164
2,12,irregular,3,225,204,21,185,40,19,0.8222222222222222,0.9068627450980392,1.1029411764705883,0.8624708624708624
2,13,regular,1,978,1000,22,974,4,26,0.9959100204498977,0.974,0.978,0.9848331648129423
2,13,semiregular,1,875,815,60,794,81,21,0.9074285714285715,0.9742331288343559,1.0736196319018405,0.9396449704142011
2,13,irregular,1,262,216,46,162,100,54,0.6183206106870229,0.75,1.212962962962963,0.6778242677824268
2,13,regular,2,1031,1000,31,1000,31,0,0.9699321047526673,1.0,1.031,0.9847365829640571
2,13,semiregular,2,837,815,22,789,48,26,0.942652329749104,0.9680981595092024,1.026993865030675,0.9552058111380145
2,13,irregular,2,237,216,21,187,50,29,0.7890295358649789,0.8657407407407407,1.0972222222222223,0.82560706401766
2,13,regular,3,1019,1000,19,999,20,1,0.9803729146221786,0.999,1.019,0.9895988112927192
2,13,semiregular,3,814,815,1,781,33,34,0.9594594594594594,0.9582822085889571,0.9987730061349693,0.9588704726826274
2,13,irregular,3,227,216,11,196,31,20,0.8634361233480177,0.9074074074074074,1.0509259259259258,0.8848758465011287
2,14,regular,1,1033,1052,19,1032,1,20,0.9990319457889641,0.9809885931558935,0.9819391634980988,0.9899280575539567
2,14,semiregular,1,895,913,18,829,66,84,0.9262569832402234,0.9079956188389924,0.9802847754654983,0.9170353982300885
2,14,irregular,1,198,217,19,140,58,77,0.7070707070707071,0.6451612903225806,0.9124423963133641,0.6746987951807228
2,14,regular,2,1014,1052,38,1008,6,44,0.9940828402366864,0.9581749049429658,0.9638783269961977,0.9757986447241045
2,14,semiregular,2,926,913,13,861,65,52,0.9298056155507559,0.9430449069003286,1.0142387732749178,0.9363784665579119
2,14,irregular,2,231,217,14,199,32,18,0.8614718614718615,0.9170506912442397,1.064516129032258,0.8883928571428572
2,14,regular,3,1055,1052,3,1049,6,3,0.9943127962085309,0.997148288973384,1.002851711026616,0.9957285239677266
2,14,semiregular,3,887,913,26,850,37,63,0.9582863585118376,0.9309967141292442,0.9715224534501643,0.9444444444444444
2,14,irregular,3,212,217,5,187,25,30,0.8820754716981132,0.8617511520737328,0.9769585253456221,0.8717948717948717
2,15,regular,1,968,964,4,963,5,1,0.9948347107438017,0.9989626556016598,1.004149377593361,0.9968944099378882
2,15,semiregular,1,804,774,30,739,65,35,0.9191542288557214,0.9547803617571059,1.0387596899224807,0.9366286438529785
2,15,irregular,1,195,218,23,146,49,72,0.7487179487179487,0.6697247706422018,0.8944954128440367,0.7070217917675544
2,15,regular,2,961,964,3,956,5,8,0.9947970863683663,0.991701244813278,0.9968879668049793,0.9932467532467532
2,15,semiregular,2,776,774,2,737,39,37,0.9497422680412371,0.9521963824289406,1.0025839793281655,0.9509677419354838
2,15,irregular,2,199,218,19,183,16,35,0.9195979899497487,0.8394495412844036,0.9128440366972477,0.8776978417266187
2,15,regular,3,976,964,12,964,12,0,0.9877049180327869,1.0,1.012448132780083,0.9938144329896906
2,15,semiregular,3,742,774,32,711,31,63,0.9582210242587601,0.9186046511627907,0.958656330749354,0.9379947229551451
2,15,irregular,3,222,218,4,192,30,26,0.8648648648648649,0.8807339449541285,1.018348623853211,0.8727272727272727
2,16,regular,1,1101,1109,8,1092,9,17,0.9918256130790191,0.9846708746618575,0.9927862939585211,0.988235294117647
2,16,semiregular,1,754,681,73,649,105,32,0.8607427055702918,0.9530102790014684,1.1071953010279,0.9045296167247386
2,16,irregular,1,189,272,83,104,85,168,0.5502645502645502,0.38235294117647056,0.6948529411764706,0.4511930585683297
2,16,regular,2,1148,1109,39,1109,39,0,0.9660278745644599,1.0,1.0351668169522092,0.9827204253433761
2,16,semiregular,2,672,681,9,623,49,58,0.9270833333333334,0.9148311306901615,0.986784140969163,0.9209164818920917
2,16,irregular,2,264,272,8,219,45,53,0.8295454545454546,0.8051470588235294,0.9705882352941176,0.8171641791044777
2,16,regular,3,1126,1109,17,1108,18,1,0.9840142095914742,0.9990982867448152,1.0153291253381425,0.9914988814317673
2,16,semiregular,3,640,681,41,605,35,76,0.9453125,0.8883994126284875,0.9397944199706314,0.9159727479182438
2,16,irregular,3,242,272,30,204,38,68,0.8429752066115702,0.75,0.8897058823529411,0.7937743190661479
2,17,regular,1,1018,1029,11,1014,4,15,0.9960707269155207,0.9854227405247813,0.989310009718173,0.9907181240840254
2,17,semiregular,1,906,837,69,804,102,33,0.8874172185430463,0.9605734767025089,1.082437275985663,0.9225473321858865
2,17,irregular,1,212,240,28,109,103,131,0.5141509433962265,0.45416666666666666,0.8833333333333333,0.4823008849557522
2,17,regular,2,1068,1029,39,1029,39,0,0.9634831460674157,1.0,1.0379008746355685,0.9814020028612304
2,17,semiregular,2,860,837,23,801,59,36,0.9313953488372093,0.956989247311828,1.027479091995221,0.9440188568061285
2,17,irregular,2,269,240,29,201,68,39,0.7472118959107806,0.8375,1.1208333333333333,0.7897838899803535
2,17,regular,3,1045,1029,16,1028,17,1,0.9837320574162679,0.9990281827016521,1.0155490767735667,0.9913211186113788
2,17,semiregular,3,848,837,11,806,42,31,0.9504716981132075,0.9629629629629629,1.013142174432497,0.9566765578635016
2,17,irregular,3,248,240,8,209,39,31,0.842741935483871,0.8708333333333333,1.0333333333333334,0.8565573770491803
2,18,regular,1,1023,1044,21,1018,5,26,0.9951124144672532,0.975095785440613,0.9798850574712644,0.9850024189646831
2,18,semiregular,1,868,801,67,780,88,21,0.8986175115207373,0.9737827715355806,1.083645443196005,0.9346914319952068
2,18,irregular,1,181,252,71,116,65,136,0.6408839779005525,0.4603174603174603,0.7182539682539683,0.5357967667436488
2,18,regular,2,1122,1044,78,1044,78,0,0.93048128342246,1.0,1.0747126436781609,0.96398891966759
2,18,semiregular,2,811,801,10,763,48,38,0.9408138101109741,0.9525593008739076,1.0124843945068664,0.9466501240694789
2,18,irregular,2,256,252,4,215,41,37,0.83984375,0.8531746031746031,1.0158730158730158,0.8464566929133858
2,18,regular,3,1054,1044,10,1044,10,0,0.9905123339658444,1.0,1.0095785440613028,0.9952335557673975
2,18,semiregular,3,813,801,12,772,41,29,0.949569495694957,0.9637952559300874,1.0149812734082397,0.9566294919454771
2,18,irregular,3,251,252,1,218,33,34,0.8685258964143426,0.8650793650793651,0.996031746031746,0.8667992047713717
2,19,regular,1,1079,1076,3,1057,22,19,0.9796107506950881,0.9823420074349443,1.0027881040892193,0.9809744779582368
2,19,semiregular,1,746,753,7,691,55,62,0.9262734584450402,0.9176626826029216,0.9907038512616202,0.9219479653102067
2,19,irregular,1,260,245,15,173,87,72,0.6653846153846154,0.7061224489795919,1.0612244897959184,0.6851485148514852
2,19,regular,2,1129,1076,53,1075,54,1,0.9521700620017715,0.9990706319702602,1.0492565055762082,0.9750566893424036
2,19,semiregular,2,754,753,1,702,52,51,0.9310344827586207,0.9322709163346613,1.00132802124834,0.9316522893165229
2,19,irregular,2,257,245,12,212,45,33,0.8249027237354085,0.8653061224489796,1.0489795918367346,0.8446215139442231
2,19,regular,3,1097,1076,21,1075,22,1,0.9799453053783045,0.9990706319702602,1.0195167286245352,0.9894155545329039
2,19,semiregular,3,704,753,49,672,32,81,0.9545454545454546,0.8924302788844621,0.9349269588313412,0.9224433768016472
2,19,irregular,3,234,245,11,201,33,44,0.8589743589743589,0.8204081632653061,0.9551020408163265,0.8392484342379958
2,20,regular,1,1204,1251,47,1198,6,53,0.9950166112956811,0.9576338928856915,0.9624300559552358,0.9759674134419553
2,20,semiregular,1,878,841,37,771,107,70,0.878132118451025,0.9167657550535078,1.0439952437574316,0.8970331588132635
2,20,irregular,1,290,252,38,158,132,94,0.5448275862068965,0.626984126984127,1.1507936507936507,0.5830258302583026
2,20,regular,2,1267,1251,16,1248,19,3,0.9850039463299132,0.9976019184652278,1.0127897681854516,0.9912629070691025
2,20,semiregular,2,817,841,24,751,66,90,0.9192166462668299,0.8929845422116528,0.9714625445897741,0.9059107358262969
2,20,irregular,2,247,252,5,213,34,39,0.8623481781376519,0.8452380952380952,0.9801587301587301,0.8537074148296594
2,20,regular,3,1222,1251,29,1220,2,31,0.9983633387888707,0.9752198241406874,0.9768185451638689,0.9866558835422564
2,20,semiregular,3,823,841,18,762,61,79,0.9258809234507898,0.906064209274673,0.9785969084423306,0.9158653846153846
2,20,irregular,3,247,252,5,211,36,41,0.854251012145749,0.8373015873015873,0.9801587301587301,0.845691382765531
2,21,regular,1,936,920,16,919,17,1,0.9818376068376068,0.9989130434782608,1.017391304347826,0.990301724137931
2,21,semiregular,1,610,549,61,500,110,49,0.819672131147541,0.9107468123861566,1.1111111111111112,0.8628127696289905
2,21,irregular,1,221,204,17,155,66,49,0.7013574660633484,0.7598039215686274,1.0833333333333333,0.7294117647058822
2,21,regular,2,967,920,47,920,47,0,0.9513960703205792,1.0,1.0510869565217391,0.9750927397986222
2,21,semiregular,2,595,549,46,524,71,25,0.880672268907563,0.9544626593806922,1.0837887067395264,0.916083916083916
2,21,irregular,2,209,204,5,181,28,23,0.8660287081339713,0.8872549019607843,1.0245098039215685,0.8765133171912832
2,21,regular,3,921,920,1,919,2,1,0.997828447339848,0.9989130434782608,1.001086956521739,0.9983704508419337
2,21,semiregular,3,586,549,37,520,66,29,0.8873720136518771,0.9471766848816029,1.0673952641165756,0.9162995594713657
2,21,irregular,3,201,204,3,183,18,21,0.9104477611940298,0.8970588235294118,0.9852941176470589,0.9037037037037037
2,22,regular,1,1000,946,54,945,55,1,0.945,0.9989429175475687,1.0570824524312896,0.9712230215827338
2,22,semiregular,1,742,703,39,653,89,50,0.8800539083557951,0.9288762446657184,1.0554765291607398,0.9038062283737025
2,22,irregular,1,218,247,29,155,63,92,0.7110091743119266,0.6275303643724697,0.8825910931174089,0.6666666666666667
2,22,regular,2,1009,946,63,946,63,0,0.9375619425173439,1.0,1.0665961945031712,0.9677749360613811
2,22,semiregular,2,726,703,23,656,70,47,0.9035812672176309,0.9331436699857752,1.0327169274537695,0.9181245626312106
2,22,irregular,2,223,247,24,188,35,59,0.8430493273542601,0.7611336032388664,0.902834008097166,0.7999999999999999
2,22,regular,3,965,946,19,944,21,2,0.9782383419689119,0.9978858350951374,1.0200845665961944,0.9879644165358451
2,22,semiregular,3,690,703,13,645,45,58,0.9347826086956522,0.9174964438122333,0.9815078236130867,0.9260588657573583
2,22,irregular,3,245,247,2,211,34,36,0.8612244897959184,0.854251012145749,0.9919028340080972,0.8577235772357723
2,23,regular,1,1053,999,54,997,56,2,0.9468186134852802,0.997997997997998,1.054054054054054,0.9717348927875246
2,23,semiregular,1,869,835,34,788,81,47,0.906789413118527,0.9437125748502994,1.0407185628742515,0.9248826291079811
2,23,irregular,1,312,266,46,164,148,102,0.5256410256410257,0.6165413533834586,1.1729323308270676,0.5674740484429065
2,23,regular,2,987,999,12,977,10,22,0.9898682877406282,0.977977977977978,0.987987987987988,0.9838872104733133
2,23,semiregular,2,806,835,29,761,45,74,0.9441687344913151,0.911377245508982,0.9652694610778443,0.9274832419256551
2,23,irregular,2,238,266,28,202,36,64,0.8487394957983193,0.7593984962406015,0.8947368421052632,0.8015873015873015
2,23,regular,3,1021,999,22,999,22,0,0.9784524975514202,1.0,1.022022022022022,0.9891089108910891
2,23,semiregular,3,868,835,33,803,65,32,0.9251152073732719,0.9616766467065868,1.0395209580838323,0.9430416911332942
2,23,irregular,3,271,266,5,217,54,49,0.8007380073800738,0.8157894736842105,1.018796992481203,0.808193668528864
2,24,regular,1,1085,1079,6,1075,10,4,0.9907834101382489,0.9962928637627433,1.0055607043558852,0.9935304990757856
2,24,semiregular,1,671,680,9,605,66,75,0.9016393442622951,0.8897058823529411,0.986764705882353,0.8956328645447816
2,24,irregular,1,158,247,89,124,34,123,0.7848101265822784,0.5020242914979757,0.6396761133603239,0.6123456790123456
2,24,regular,2,1047,1079,32,1036,11,43,0.9894937917860553,0.9601482854494903,0.9703429101019463,0.9746001881467545
2,24,semiregular,2,669,680,11,646,23,34,0.9656203288490284,0.95,0.9838235294117647,0.9577464788732395
2,24,irregular,2,227,247,20,216,11,31,0.9515418502202643,0.8744939271255061,0.9190283400809717,0.911392405063291
2,24,regular,3,1078,1079,1,1074,4,5,0.9962894248608535,0.995366079703429,0.9990732159406858,0.9958275382475661
2,24,semiregular,3,672,680,8,650,22,30,0.9672619047619048,0.9558823529411765,0.9882352941176471,0.9615384615384616
2,24,irregular,3,235,247,12,216,19,31,0.9191489361702128,0.8744939271255061,0.951417004048583,0.8962655601659751
2,25,regular,1,944,946,2,940,4,6,0.9957627118644068,0.9936575052854123,0.9978858350951374,0.9947089947089949
2,25,semiregular,1,714,718,4,650,64,68,0.9103641456582633,0.9052924791086351,0.9944289693593314,0.9078212290502794
2,25,irregular,1,232,207,25,136,96,71,0.5862068965517241,0.6570048309178744,1.1207729468599035,0.6195899772209568
2,25,regular,2,926,946,20,921,5,25,0.9946004319654428,0.9735729386892178,0.9788583509513742,0.983974358974359
2,25,semiregular,2,711,718,7,666,45,52,0.9367088607594937,0.9275766016713092,0.9902506963788301,0.9321203638908327
2,25,irregular,2,196,207,11,155,41,52,0.7908163265306123,0.748792270531401,0.9468599033816425,0.7692307692307693
2,25,regular,3,950,946,4,945,5,1,0.9947368421052631,0.9989429175475687,1.0042283298097252,0.9968354430379746
2,25,semiregular,3,685,718,33,646,39,72,0.9430656934306569,0.8997214484679665,0.9540389972144847,0.9208838203848895
2,25,irregular,3,221,207,14,156,65,51,0.7058823529411765,0.7536231884057971,1.067632850241546,0.7289719626168225
2,26,regular,1,1011,985,26,984,27,1,0.973293768545994,0.9989847715736041,1.0263959390862945,0.9859719438877755
2,26,semiregular,1,808,720,88,694,114,26,0.8589108910891089,0.9638888888888889,1.1222222222222222,0.9083769633507853
2,26,irregular,1,278,214,64,171,107,43,0.6151079136690647,0.7990654205607477,1.2990654205607477,0.6951219512195123
2,26,regular,2,979,985,6,968,11,17,0.9887640449438202,0.9827411167512691,0.9939086294416244,0.9857433808553971
2,26,semiregular,2,783,720,63,692,91,28,0.8837803320561941,0.9611111111111111,1.0875,0.9208250166334
2,26,irregular,2,237,214,23,154,83,60,0.6497890295358649,0.719626168224299,1.1074766355140186,0.6829268292682927
2,26,regular,3,1018,985,33,984,34,1,0.9666011787819253,0.9989847715736041,1.033502538071066,0.982526210683974
2,26,semiregular,3,710,720,10,663,47,57,0.9338028169014084,0.9208333333333333,0.9861111111111112,0.9272727272727272
2,26,irregular,3,244,214,30,190,54,24,0.7786885245901639,0.8878504672897196,1.1401869158878504,0.8296943231441046
2,27,regular,1,1136,1166,30,1131,5,35,0.9955985915492958,0.9699828473413379,0.9742710120068611,0.9826238053866203
2,27,semiregular,1,666,728,62,609,57,119,0.9144144144144144,0.8365384615384616,0.9148351648351648,0.8737446197991393
2,27,irregular,1,229,270,41,160,69,110,0.6986899563318777,0.5925925925925926,0.8481481481481481,0.6412825651302606
2,27,regular,2,1131,1166,35,1123,8,43,0.9929266136162688,0.9631217838765008,0.9699828473413379,0.9777971266869829
2,27,semiregular,2,735,728,7,683,52,45,0.9292517006802721,0.9381868131868132,1.0096153846153846,0.9336978810663021
2,27,irregular,2,254,270,16,225,29,45,0.8858267716535433,0.8333333333333334,0.9407407407407408,0.8587786259541985
2,27,regular,3,1178,1166,12,1165,13,1,0.9889643463497453,0.9991423670668954,1.0102915951972555,0.9940273037542663
2,27,semiregular,3,698,728,30,670,28,58,0.9598853868194842,0.9203296703296703,0.9587912087912088,0.9396914446002805
2,27,irregular,3,256,270,14,223,33,47,0.87109375,0.825925925925926,0.9481481481481482,0.8479087452471483
2,28,regular,1,1082,1098,16,1074,8,24,0.9926062846580407,0.9781420765027322,0.9854280510018215,0.9853211009174313
2,28,semiregular,1,877,859,18,807,70,52,0.9201824401368301,0.9394644935972061,1.020954598370198,0.9297235023041475
2,28,irregular,1,305,293,12,159,146,134,0.521311475409836,0.5426621160409556,1.0409556313993173,0.531772575250836
2,28,regular,2,1082,1098,16,1063,19,35,0.9824399260628466,0.9681238615664846,0.9854280510018215,0.9752293577981651
2,28,semiregular,2,841,859,18,791,50,68,0.9405469678953626,0.9208381839348079,0.9790454016298021,0.9305882352941176
2,28,irregular,2,267,293,26,217,50,76,0.8127340823970037,0.7406143344709898,0.9112627986348123,0.7749999999999999
2,28,regular,3,1104,1098,6,1096,8,2,0.9927536231884058,0.9981785063752276,1.005464480874317,0.9954586739327882
2,28,semiregular,3,847,859,12,812,35,47,0.9586776859504132,0.9452852153667055,0.9860302677532014,0.951934349355217
2,28,irregular,3,281,293,12,217,64,76,0.7722419928825622,0.7406143344709898,0.9590443686006825,0.7560975609756098
2,29,regular,1,1142,1140,2,1135,7,5,0.9938704028021016,0.9956140350877193,1.0017543859649123,0.9947414548641542
2,29,semiregular,1,953,869,84,830,123,39,0.8709338929695698,0.9551208285385501,1.0966628308400461,0.9110867178924259
2,29,irregular,1,240,247,7,162,78,85,0.675,0.6558704453441295,0.97165991902834,0.6652977412731007
2,29,regular,2,1112,1140,28,1109,3,31,0.9973021582733813,0.9728070175438597,0.9754385964912281,0.9849023090586145
2,29,semiregular,2,944,869,75,836,108,33,0.885593220338983,0.9620253164556962,1.0863060989643267,0.9222283507997794
2,29,irregular,2,259,247,12,215,44,32,0.8301158301158301,0.8704453441295547,1.048582995951417,0.849802371541502
2,29,regular,3,1143,1140,3,1136,7,4,0.9938757655293088,0.9964912280701754,1.0026315789473683,0.9951817783618045
2,29,semiregular,3,859,869,10,784,75,85,0.9126891734575088,0.9021864211737629,0.9884925201380897,0.9074074074074074
2,29,irregular,3,255,247,8,228,27,19,0.8941176470588236,0.9230769230769231,1.0323886639676114,0.9083665338645418
2,30,regular,1,973,997,24,970,3,27,0.9969167523124358,0.9729187562688064,0.9759277833500501,0.984771573604061
2,30,semiregular,1,822,810,12,754,68,56,0.9172749391727494,0.9308641975308642,1.0148148148148148,0.9240196078431373
2,30,irregular,1,247,250,3,145,102,105,0.5870445344129555,0.58,0.988,0.5835010060362174
2,30,regular,2,984,997,13,982,2,15,0.9979674796747967,0.9849548645937813,0.9869608826479438,0.9914184755174155
2,30,semiregular,2,822,810,12,769,53,41,0.9355231143552312,0.9493827160493827,1.0148148148148148,0.9424019607843138
2,30,irregular,2,225,250,25,198,27,52,0.88,0.792,0.9,0.8336842105263157
2,30,regular,3,1004,997,7,995,9,2,0.9910358565737052,0.9979939819458375,1.0070210631895686,0.9945027486256872
2,30,semiregular,3,804,810,6,758,46,52,0.9427860696517413,0.9358024691358025,0.9925925925925926,0.9392812887236679
2,30,irregular,3,259,250,9,209,50,41,0.806949806949807,0.836,1.036,0.8212180746561887
3,1,regular,1,925,937,12,918,7,19,0.9924324324324324,0.9797225186766275,0.9871931696905016,0.9860365198711064
3,1,semiregular,1,698,703,5,617,81,86,0.8839541547277937,0.8776671408250356,0.9928876244665719,0.8807994289793006
3,1,irregular,1,189,199,10,142,47,57,0.7513227513227513,0.7135678391959799,0.949748743718593,0.7319587628865979
3,1,regular,2,931,937,6,910,21,27,0.9774436090225563,0.9711846318036286,0.9935965848452508,0.9743040685224839
3,1,semiregular,2,730,703,27,653,77,50,0.8945205479452055,0.9288762446657184,1.038406827880512,0.9113747383112353
3,1,irregular,2,217,199,18,176,41,23,0.8110599078341014,0.8844221105527639,1.0904522613065326,0.8461538461538463
3,1,regular,3,924,937,13,922,2,15,0.9978354978354979,0.983991462113127,0.9861259338313767,0.9908651262761957
3,1,semiregular,3,736,703,33,653,83,50,0.8872282608695652,0.9288762446657184,1.0469416785206258,0.9075747046560112
3,1,irregular,3,210,199,11,182,28,17,0.8666666666666667,0.914572864321608,1.0552763819095476,0.8899755501222494
3,2,regular,1,1199,1224,25,1191,8,33,0.9933277731442869,0.9730392156862745,0.9795751633986928,0.9830788278992985
3,2,semiregular,1,545,647,102,525,20,122,0.963302752293578,0.8114374034003091,0.8423493044822257,0.8808724832214765
3,2,irregular,1,220,217,3,125,95,92,0.5681818181818182,0.576036866359447,1.0138248847926268,0.5720823798627003
3,2,regular,2,1208,1224,16,1192,16,32,0.9867549668874173,0.9738562091503268,0.9869281045751634,0.9802631578947368
3,2,semiregular,2,628,647,19,602,26,45,0.9585987261146497,0.9304482225656878,0.9706336939721792,0.9443137254901961
3,2,irregular,2,249,217,32,194,55,23,0.7791164658634538,0.8940092165898618,1.1474654377880185,0.832618025751073
3,2,regular,3,1223,1224,1,1214,9,10,0.9926410466067048,0.9918300653594772,0.9991830065359477,0.9922353902738047
3,2,semiregular,3,657,647,10,623,34,24,0.9482496194824962,0.9629057187017002,1.0154559505409582,0.9555214723926381
3,2,irregular,3,247,217,30,208,39,9,0.8421052631578947,0.9585253456221198,1.1382488479262673,0.896551724137931
3,3,regular,1,1039,1053,14,1034,5,19,0.9951876804619827,0.9819563152896487,0.9867046533713201,0.9885277246653921
3,3,semiregular,1,664,716,52,625,39,91,0.9412650602409639,0.8729050279329609,0.9273743016759777,0.9057971014492754
3,3,irregular,1,213,224,11,151,62,73,0.7089201877934272,0.6741071428571429,0.9508928571428571,0.6910755148741419
3,3,regular,2,1039,1053,14,1036,3,17,0.9971126082771896,0.9838556505223172,0.9867046533713201,0.9904397705544933
3,3,semiregular,2,733,716,17,688,45,28,0.9386084583901774,0.9608938547486033,1.0237430167597765,0.9496204278812975
3,3,irregular,2,243,224,19,195,48,29,0.8024691358024691,0.8705357142857143,1.0848214285714286,0.8351177730192719
3,3,regular,3,1046,1053,7,1046,0,7,1.0,0.99335232668566,0.99335232668566,0.9966650786088613
3,3,semiregular,3,714,716,2,670,44,46,0.938375350140056,0.9357541899441341,0.9972067039106145,0.937062937062937
3,3,irregular,3,225,224,1,198,27,26,0.88,0.8839285714285714,1.0044642857142858,0.8819599109131402
3,4,regular,1,1123,1101,22,1100,23,1,0.9795191451469278,0.9990917347865577,1.0199818346957312,0.9892086330935252
3,4,semiregular,1,597,614,17,507,90,107,0.8492462311557789,0.8257328990228013,0.9723127035830619,0.8373245251857968
3,4,irregular,1,217,228,11,143,74,85,0.6589861751152074,0.6271929824561403,0.9517543859649122,0.6426966292134831
3,4,regular,2,1111,1101,10,1100,11,1,0.9900990099009901,0.9990917347865577,1.0090826521344232,0.9945750452079565
3,4,semiregular,2,623,614,9,569,54,45,0.913322632423756,0.9267100977198697,1.014657980456026,0.919967663702506
3,4,irregular,2,243,228,15,201,42,27,0.8271604938271605,0.881578947368421,1.0657894736842106,0.8535031847133758
3,4,regular,3,1074,1101,27,1074,0,27,1.0,0.9754768392370572,0.9754768392370572,0.9875862068965517
3,4,semiregular,3,594,614,20,550,44,64,0.9259259259259259,0.8957654723127035,0.9674267100977199,0.9105960264900662
3,4,irregular,3,243,228,15,205,38,23,0.8436213991769548,0.8991228070175439,1.0657894736842106,0.8704883227176221
3,5,regular,1,1051,1044,7,1040,11,4,0.9895337773549001,0.9961685823754789,1.0067049808429118,0.9928400954653936
3,5,semiregular,1,682,668,14,615,67,53,0.9017595307917888,0.9206586826347305,1.0209580838323353,0.9111111111111111
3,5,irregular,1,235,217,18,157,78,60,0.6680851063829787,0.7235023041474654,1.0829493087557605,0.6946902654867256
3,5,regular,2,1056,1044,12,1044,12,0,0.9886363636363636,1.0,1.0114942528735633,0.9942857142857142
3,5,semiregular,2,731,668,63,648,83,20,0.8864569083447332,0.9700598802395209,1.094311377245509,0.9263759828448892
3,5,irregular,2,245,217,28,192,53,25,0.7836734693877551,0.8847926267281107,1.1290322580645162,0.8311688311688312
3,5,regular,3,1037,1044,7,1037,0,7,1.0,0.9932950191570882,0.9932950191570882,0.9966362325804902
3,5,semiregular,3,698,668,30,632,66,36,0.9054441260744985,0.9461077844311377,1.0449101796407185,0.925329428989751
3,5,irregular,3,229,217,12,193,36,24,0.8427947598253275,0.8894009216589862,1.055299539170507,0.8654708520179373
3,6,regular,1,945,915,30,910,35,5,0.9629629629629629,0.994535519125683,1.0327868852459017,0.978494623655914
3,6,semiregular,1,684,701,17,642,42,59,0.9385964912280702,0.9158345221112696,0.9757489300998573,0.9270758122743683
3,6,irregular,1,178,195,17,98,80,97,0.550561797752809,0.5025641025641026,0.9128205128205128,0.5254691689008043
3,6,regular,2,945,915,30,915,30,0,0.9682539682539683,1.0,1.0327868852459017,0.9838709677419354
3,6,semiregular,2,738,701,37,679,59,22,0.9200542005420054,0.9686162624821684,1.0527817403708988,0.9437109103544128
3,6,irregular,2,218,195,23,129,89,66,0.591743119266055,0.6615384615384615,1.117948717948718,0.6246973365617433
3,6,regular,3,902,915,13,901,1,14,0.9988913525498891,0.9846994535519126,0.985792349726776,0.9917446340121079
3,6,semiregular,3,701,701,0,665,36,36,0.948644793152639,0.948644793152639,1.0,0.948644793152639
3,6,irregular,3,224,195,29,179,45,16,0.7991071428571429,0.9179487179487179,1.1487179487179486,0.8544152744630072
3,7,regular,1,1222,1230,8,1210,12,20,0.9901800327332242,0.983739837398374,0.9934959349593496,0.9869494290375203
3,7,semiregular,1,800,761,39,702,98,59,0.8775,0.9224704336399474,1.0512483574244416,0.8994234465086482
3,7,irregular,1,199,225,26,127,72,98,0.6381909547738693,0.5644444444444444,0.8844444444444445,0.5990566037735848
3,7,regular,2,1255,1230,25,1223,32,7,0.9745019920318725,0.9943089430894309,1.0203252032520325,0.9843058350100603
3,7,semiregular,2,750,761,11,679,71,82,0.9053333333333333,0.8922470433639947,0.985545335085414,0.898742554599603
3,7,irregular,2,237,225,12,188,49,37,0.7932489451476793,0.8355555555555556,1.0533333333333332,0.8138528138528138
3,7,regular,3,1211,1230,19,1210,1,20,0.9991742361684558,0.983739837398374,0.9845528455284552,0.9913969684555509
3,7,semiregular,3,744,761,17,670,74,91,0.9005376344086021,0.8804204993429697,0.9776609724047306,0.8903654485049833
3,7,irregular,3,236,225,11,203,33,22,0.8601694915254238,0.9022222222222223,1.048888888888889,0.8806941431670283
3,8,regular,1,1029,1035,6,1021,8,14,0.9922254616132167,0.9864734299516909,0.9942028985507246,0.9893410852713178
3,8,semiregular,1,799,827,28,726,73,101,0.9086357947434293,0.8778718258766627,0.966142684401451,0.8929889298892988
3,8,irregular,1,234,243,9,143,91,100,0.6111111111111112,0.588477366255144,0.9629629629629629,0.5995807127882599
3,8,regular,2,1057,1035,22,1033,24,2,0.9772942289498581,0.9980676328502416,1.021256038647343,0.9875717017208413
3,8,semiregular,2,829,827,2,778,51,49,0.9384800965018094,0.9407496977025392,1.0024183796856105,0.9396135265700483
3,8,irregular,2,255,243,12,199,56,44,0.7803921568627451,0.8189300411522634,1.0493827160493827,0.7991967871485944
3,8,regular,3,1035,1035,0,1030,5,5,0.9951690821256038,0.9951690821256038,1.0,0.9951690821256038
3,8,semiregular,3,838,827,11,784,54,43,0.9355608591885441,0.9480048367593712,1.0133010882708586,0.9417417417417417
3,8,irregular,3,252,243,9,208,44,35,0.8253968253968254,0.8559670781893004,1.037037037037037,0.8404040404040405
3,9,regular,1,1082,1107,25,1076,6,31,0.9944547134935305,0.971996386630533,0.9774164408310749,0.983097304705345
3,9,semiregular,1,620,701,81,593,27,108,0.9564516129032258,0.8459343794579173,0.884450784593438,0.8978046934140802
3,9,irregular,1,205,266,61,151,54,115,0.7365853658536585,0.5676691729323309,0.7706766917293233,0.6411889596602973
3,9,regular,2,1100,1107,7,1092,8,15,0.9927272727272727,0.986449864498645,0.993676603432701,0.9895786135024921
3,9,semiregular,2,638,701,63,618,20,83,0.9686520376175548,0.8815977175463623,0.9101283880171184,0.9230769230769231
3,9,irregular,2,285,266,19,230,55,36,0.8070175438596491,0.8646616541353384,1.0714285714285714,0.8348457350272233
3,9,regular,3,1095,1107,12,1093,2,14,0.9981735159817352,0.987353206865402,0.989159891598916,0.9927338782924614
3,9,semiregular,3,685,701,16,662,23,39,0.9664233576642336,0.9443651925820257,0.9771754636233951,0.9552669552669553
3,9,irregular,3,270,266,4,234,36,32,0.8666666666666667,0.8796992481203008,1.0150375939849625,0.8731343283582089
3,10,regular,1,1017,1014,3,1001,16,13,0.984267453294002,0.9871794871794872,1.0029585798816567,0.9857213195470212
3,10,semiregular,1,652,656,4,604,48,52,0.9263803680981595,0.9207317073170732,0.9939024390243902,0.9235474006116207
3,10,irregular,1,238,247,9,185,53,62,0.7773109243697479,0.7489878542510121,0.9635627530364372,0.7628865979381444
3,10,regular,2,1040,1014,26,1008,32,6,0.9692307692307692,0.9940828402366864,1.0256410256410255,0.9814995131450828
3,10,semiregular,2,691,656,35,623,68,33,0.9015918958031838,0.9496951219512195,1.0533536585365855,0.925018559762435
3,10,irregular,2,247,247,0,209,38,38,0.8461538461538461,0.8461538461538461,1.0,0.8461538461538461
3,10,regular,3,1001,1014,13,997,4,17,0.996003996003996,0.9832347140039448,0.9871794871794872,0.9895781637717121
3,10,semiregular,3,657,656,1,626,31,30,0.9528158295281582,0.9542682926829268,1.0015243902439024,0.9535415079969535
3,10,irregular,3,257,247,10,222,35,25,0.8638132295719845,0.8987854251012146,1.040485829959514,0.8809523809523809
3,11,regular,1,1077,1070,7,1067,10,3,0.9907149489322191,0.997196261682243,1.0065420560747664,0.9939450395901257
3,11,semiregular,1,709,700,9,635,74,65,0.8956276445698167,0.9071428571428571,1.012857142857143,0.901348474095103
3,11,irregular,1,213,239,26,158,55,81,0.7417840375586855,0.6610878661087866,0.891213389121339,0.6991150442477876
3,11,regular,2,1084,1070,14,1068,16,2,0.985239852398524,0.9981308411214953,1.0130841121495326,0.9916434540389972
3,11,semiregular,2,722,700,22,667,55,33,0.9238227146814404,0.9528571428571428,1.0314285714285714,0.9381153305203938
3,11,irregular,2,242,239,3,200,42,39,0.8264462809917356,0.8368200836820083,1.0125523012552302,0.8316008316008316
3,11,regular,3,1047,1070,23,1047,0,23,1.0,0.9785046728971962,0.9785046728971962,0.9891355692017005
3,11,semiregular,3,690,700,10,647,43,53,0.9376811594202898,0.9242857142857143,0.9857142857142858,0.9309352517985611
3,11,irregular,3,238,239,1,204,34,35,0.8571428571428571,0.8535564853556485,0.99581589958159,0.8553459119496856
3,12,regular,1,1022,1007,15,1007,15,0,0.9853228962818004,1.0,1.0148957298907646,0.9926071956628881
3,12,semiregular,1,695,641,54,606,89,35,0.8719424460431655,0.9453978159126365,1.0842433697347893,0.907185628742515
3,12,irregular,1,250,204,46,174,76,30,0.696,0.8529411764705882,1.2254901960784315,0.7665198237885462
3,12,regular,2,1046,1007,39,1007,39,0,0.9627151051625239,1.0,1.038728897715988,0.9810034096444229
3,12,semiregular,2,680,641,39,602,78,39,0.8852941176470588,0.9391575663026521,1.0608424336973479,0.9114307342922029
3,12,irregular,2,269,204,65,194,75,10,0.7211895910780669,0.9509803921568627,1.3186274509803921,0.8202959830866807
3,12,regular,3,996,1007,11,996,0,11,1.0,0.9890764647467726,0.9890764647467726,0.9945082376435348
3,12,semiregular,3,629,641,12,566,63,75,0.8998410174880763,0.8829953198127926,0.9812792511700468,0.8913385826771654
3,12,irregular,3,236,204,32,195,41,9,0.826271186440678,0.9558823529411765,1.1568627450980393,0.8863636363636364
3,13,regular,1,964,1000,36,961,3,39,0.9968879668049793,0.961,0.964,0.9786150712830958
3,13,semiregular,1,819,815,4,757,62,58,0.9242979242979243,0.9288343558282208,1.0049079754601227,0.9265605875152999
3,13,irregular,1,277,216,61,137,140,79,0.49458483754512633,0.6342592592592593,1.2824074074074074,0.5557809330628803
3,13,regular,2,1010,1000,10,999,11,1,0.9891089108910891,0.999,1.01,0.9940298507462686
3,13,semiregular,2,848,815,33,793,55,22,0.9351415094339622,0.9730061349693252,1.0404907975460123,0.9536981358989778
3,13,irregular,2,280,216,64,197,83,19,0.7035714285714286,0.9120370370370371,1.2962962962962963,0.7943548387096774
3,13,regular,3,1006,1000,6,997,9,3,0.9910536779324056,0.997,1.006,0.9940179461615155
3,13,semiregular,3,817,815,2,778,39,37,0.9522643818849449,0.9546012269938651,1.0024539877300613,0.9534313725490197
3,13,irregular,3,241,216,25,198,43,18,0.8215767634854771,0.9166666666666666,1.1157407407407407,0.8665207877461707
3,14,regular,1,1058,1052,6,1048,10,4,0.9905482041587902,0.9961977186311787,1.005703422053232,0.9933649289099526
3,14,semiregular,1,803,913,110,760,43,153,0.9464508094645081,0.8324205914567361,0.8795180722891566,0.8857808857808858
3,14,irregular,1,244,217,27,155,89,62,0.6352459016393442,0.7142857142857143,1.1244239631336406,0.6724511930585684
3,14,regular,2,1042,1052,10,1037,5,15,0.9952015355086372,0.9857414448669202,0.9904942965779467,0.9904489016236868
3,14,semiregular,2,904,913,9,856,48,57,0.9469026548672567,0.9375684556407448,0.9901423877327492,0.9422124380847551
3,14,irregular,2,260,217,43,194,66,23,0.7461538461538462,0.8940092165898618,1.1981566820276497,0.8134171907756813
3,14,regular,3,1050,1052,2,1047,3,5,0.9971428571428571,0.9952471482889734,0.9980988593155894,0.9961941008563273
3,14,semiregular,3,869,913,44,825,44,88,0.9493670886075949,0.9036144578313253,0.9518072289156626,0.9259259259259259
3,14,irregular,3,223,217,6,195,28,22,0.874439461883408,0.8986175115207373,1.0276497695852536,0.8863636363636364
3,15,regular,1,987,964,23,964,23,0,0.9766970618034447,1.0,1.0238589211618256,0.9882111737570476
3,15,semiregular,1,802,774,28,735,67,39,0.9164588528678305,0.9496124031007752,1.0361757105943152,0.9327411167512691
3,15,irregular,1,207,218,11,167,40,51,0.8067632850241546,0.7660550458715596,0.9495412844036697,0.7858823529411765
3,15,regular,2,962,964,2,957,5,7,0.9948024948024948,0.9927385892116183,0.9979253112033195,0.9937694704049844
3,15,semiregular,2,776,774,2,727,49,47,0.9368556701030928,0.9392764857881137,1.0025839793281655,0.9380645161290322
3,15,irregular,2,238,218,20,192,46,26,0.8067226890756303,0.8807339449541285,1.091743119266055,0.8421052631578947
3,15,regular,3,957,964,7,957,0,7,1.0,0.9927385892116183,0.9927385892116183,0.9963560645497137
3,15,semiregular,3,737,774,37,706,31,68,0.9579375848032564,0.9121447028423773,0.9521963824289406,0.9344804765056255
3,15,irregular,3,230,218,12,191,39,27,0.8304347826086956,0.8761467889908257,1.055045871559633,0.8526785714285713
3,16,regular,1,0,1109,1109,0,0,1109,-1,-1,0.0,-1
3,16,semiregular,1,501,681,180,454,47,227,0.906187624750499,0.6666666666666666,0.73568281938326,0.7681895093062606
3,16,irregular,1,190,272,82,79,111,193,0.41578947368421054,0.29044117647058826,0.6985294117647058,0.341991341991342
3,16,regular,2,1172,1109,63,1109,63,0,0.9462457337883959,1.0,1.0568079350766457,0.9723805348531346
3,16,semiregular,2,681,681,0,628,53,53,0.922173274596182,0.922173274596182,1.0,0.922173274596182
3,16,irregular,2,309,272,37,229,80,43,0.7411003236245954,0.8419117647058824,1.1360294117647058,0.7882960413080895
3,16,regular,3,1084,1109,25,1081,3,28,0.9972324723247232,0.9747520288548241,0.9774571686203787,0.9858641130870953
3,16,semiregular,3,624,681,57,580,44,101,0.9294871794871795,0.8516886930983847,0.9162995594713657,0.888888888888889
3,16,irregular,3,252,272,20,211,41,61,0.8373015873015873,0.7757352941176471,0.9264705882352942,0.8053435114503817
3,17,regular,1,247,1029,782,247,0,782,1.0,0.2400388726919339,0.2400388726919339,0.38714733542319746
3,17,semiregular,1,648,837,189,604,44,233,0.9320987654320988,0.7216248506571087,0.7741935483870968,0.8134680134680135
3,17,irregular,1,187,240,53,65,122,175,0.34759358288770054,0.2708333333333333,0.7791666666666667,0.3044496487119438
3,17,regular,2,977,1029,52,939,38,90,0.9611054247697032,0.9125364431486881,0.9494655004859086,0.9361914257228314
3,17,semiregular,2,870,837,33,801,69,36,0.9206896551724137,0.956989247311828,1.039426523297491,0.9384885764499121
3,17,irregular,2,316,240,76,211,105,29,0.6677215189873418,0.8791666666666667,1.3166666666666667,0.7589928057553957
3,17,regular,3,1055,1029,26,1028,27,1,0.9744075829383886,0.9990281827016521,1.0252672497570456,0.9865642994241843
3,17,semiregular,3,853,837,16,796,57,41,0.9331770222743259,0.951015531660693,1.0191158900836321,0.9420118343195266
3,17,irregular,3,264,240,24,217,47,23,0.821969696969697,0.9041666666666667,1.1,0.8611111111111112
3,18,regular,1,705,1044,339,705,0,339,1.0,0.6752873563218391,0.6752873563218391,0.8061749571183534
3,18,semiregular,1,669,801,132,637,32,164,0.9521674140508222,0.7952559300873908,0.8352059925093633,0.8666666666666667
3,18,irregular,1,133,252,119,80,53,172,0.6015037593984962,0.31746031746031744,0.5277777777777778,0.41558441558441556
3,18,regular,2,1114,1044,70,1044,70,0,0.9371633752244165,1.0,1.0670498084291187,0.9675625579240038
3,18,semiregular,2,826,801,25,768,58,33,0.9297820823244553,0.9588014981273408,1.0312109862671661,0.9440688383527965
3,18,irregular,2,296,252,44,216,80,36,0.7297297297297297,0.8571428571428571,1.1746031746031746,0.7883211678832117
3,18,regular,3,1047,1044,3,1041,6,3,0.994269340974212,0.9971264367816092,1.0028735632183907,0.9956958393113342
3,18,semiregular,3,821,801,20,781,40,20,0.951278928136419,0.9750312109862672,1.024968789013733,0.9630086313193589
3,18,irregular,3,275,252,23,225,50,27,0.8181818181818182,0.8928571428571429,1.0912698412698412,0.8538899430740038
3,19,regular,1,1083,1076,7,1070,13,6,0.9879963065558633,0.9944237918215614,1.0065055762081785,0.9911996294580825
3,19,semiregular,1,718,753,35,679,39,74,0.9456824512534819,0.9017264276228419,0.953519256308101,0.9231815091774304
3,19,irregular,1,266,245,21,173,93,72,0.650375939849624,0.7061224489795919,1.0857142857142856,0.6771037181996087
3,19,regular,2,1086,1076,10,1074,12,2,0.988950276243094,0.9981412639405205,1.0092936802973977,0.9935245143385755
3,19,semiregular,2,752,753,1,709,43,44,0.9428191489361702,0.9415670650730412,0.99867197875166,0.9421926910299004
3,19,irregular,2,274,245,29,212,62,33,0.7737226277372263,0.8653061224489796,1.1183673469387756,0.8169556840077072
3,19,regular,3,1042,1076,34,1042,0,34,1.0,0.9684014869888475,0.9684014869888475,0.983947119924457
3,19,semiregular,3,722,753,31,685,37,68,0.9487534626038782,0.9096945551128818,0.9588313413014609,0.9288135593220339
3,19,irregular,3,251,245,6,224,27,21,0.8924302788844621,0.9142857142857143,1.0244897959183674,0.9032258064516129
3,20,regular,1,1208,1251,43,1201,7,50,0.9942052980132451,0.9600319744204636,0.9656274980015987,0.9768198454656365
3,20,semiregular,1,854,841,13,762,92,79,0.892271662763466,0.906064209274673,1.0154577883472058,0.8991150442477877
3,20,irregular,1,279,252,27,167,112,85,0.5985663082437276,0.6626984126984127,1.1071428571428572,0.6290018832391713
3,20,regular,2,1265,1251,14,1245,20,6,0.9841897233201581,0.9952038369304557,1.0111910471622703,0.9896661367249602
3,20,semiregular,2,844,841,3,775,69,66,0.9182464454976303,0.9215219976218787,1.0035671819262781,0.9198813056379823
3,20,irregular,2,273,252,21,225,48,27,0.8241758241758241,0.8928571428571429,1.0833333333333333,0.8571428571428571
3,20,regular,3,1211,1251,40,1211,0,40,1.0,0.9680255795363709,0.9680255795363709,0.9837530463038181
3,20,semiregular,3,837,841,4,767,70,74,0.9163679808841099,0.9120095124851367,0.995243757431629,0.9141835518474374
3,20,irregular,3,257,252,5,218,39,34,0.8482490272373541,0.8650793650793651,1.0198412698412698,0.8565815324165029
3,21,regular,1,943,920,23,918,25,2,0.9734888653234358,0.9978260869565218,1.025,0.9855072463768115
3,21,semiregular,1,556,549,7,477,79,72,0.8579136690647482,0.8688524590163934,1.0127504553734061,0.8633484162895927
3,21,irregular,1,230,204,26,167,63,37,0.7260869565217392,0.8186274509803921,1.1274509803921569,0.7695852534562212
3,21,regular,2,938,920,18,920,18,0,0.9808102345415778,1.0,1.0195652173913043,0.9903121636167923
3,21,semiregular,2,589,549,40,523,66,26,0.8879456706281834,0.9526411657559198,1.0728597449908925,0.9191564147627417
3,21,irregular,2,232,204,28,189,43,15,0.8146551724137931,0.9264705882352942,1.1372549019607843,0.8669724770642203
3,21,regular,3,909,920,11,909,0,11,1.0,0.9880434782608696,0.9880434782608696,0.9939857845817387
3,21,semiregular,3,595,549,46,510,85,39,0.8571428571428571,0.9289617486338798,1.0837887067395264,0.8916083916083916
3,21,irregular,3,212,204,8,188,24,16,0.8867924528301887,0.9215686274509803,1.0392156862745099,0.9038461538461539
3,22,regular,1,1010,946,64,944,66,2,0.9346534653465347,0.9978858350951374,1.0676532769556026,0.9652351738241308
3,22,semiregular,1,717,703,14,643,74,60,0.8967921896792189,0.914651493598862,1.0199146514935988,0.9056338028169014
3,22,irregular,1,212,247,35,157,55,90,0.7405660377358491,0.6356275303643725,0.8582995951417004,0.6840958605664488
3,22,regular,2,967,946,21,944,23,2,0.9762150982419855,0.9978858350951374,1.022198731501057,0.9869315211709356
3,22,semiregular,2,715,703,12,654,61,49,0.9146853146853147,0.930298719772404,1.0170697012802277,0.922425952045134
3,22,irregular,2,254,247,7,210,44,37,0.8267716535433071,0.8502024291497976,1.0283400809716599,0.8383233532934131
3,22,regular,3,931,946,15,930,1,16,0.9989258861439313,0.9830866807610994,0.9841437632135307,0.9909429941395845
3,22,semiregular,3,697,703,6,649,48,54,0.9311334289813487,0.9231863442389758,0.9914651493598862,0.9271428571428572
3,22,irregular,3,253,247,6,217,36,30,0.857707509881423,0.8785425101214575,1.0242914979757085,0.8680000000000001
3,23,regular,1,1026,999,27,997,29,2,0.9717348927875243,0.997997997997998,1.027027027027027,0.9846913580246914
3,23,semiregular,1,882,835,47,767,115,68,0.8696145124716553,0.918562874251497,1.0562874251497005,0.89341875364007
3,23,irregular,1,207,266,59,123,84,143,0.5942028985507246,0.462406015037594,0.7781954887218046,0.5200845665961945
3,23,regular,2,1018,999,19,995,23,4,0.9774066797642437,0.995995995995996,1.019019019019019,0.9866137828458106
3,23,semiregular,2,855,835,20,798,57,37,0.9333333333333333,0.9556886227544911,1.0239520958083832,0.9443786982248521
3,23,irregular,2,287,266,21,211,76,55,0.735191637630662,0.793233082706767,1.0789473684210527,0.7631103074141049
3,23,regular,3,1002,999,3,998,4,1,0.9960079840319361,0.998998998998999,1.003003003003003,0.9975012493753124
3,23,semiregular,3,865,835,30,803,62,32,0.9283236994219654,0.9616766467065868,1.035928143712575,0.9447058823529413
3,23,irregular,3,293,266,27,231,62,35,0.78839590443686,0.868421052631579,1.1015037593984962,0.8264758497316637
3,24,regular,1,1086,1079,7,1075,11,4,0.9898710865561694,0.9962928637627433,1.0064874884151993,0.9930715935334873
3,24,semiregular,1,645,680,35,586,59,94,0.9085271317829458,0.861764705882353,0.9485294117647058,0.8845283018867925
3,24,irregular,1,197,247,50,145,52,102,0.7360406091370558,0.5870445344129555,0.7975708502024291,0.6531531531531531
3,24,regular,2,1095,1079,16,1079,16,0,0.9853881278538813,1.0,1.0148285449490269,0.9926402943882245
3,24,semiregular,2,676,680,4,651,25,29,0.9630177514792899,0.9573529411764706,0.9941176470588236,0.9601769911504426
3,24,irregular,2,249,247,2,215,34,32,0.8634538152610441,0.8704453441295547,1.008097165991903,0.8669354838709677
3,24,regular,3,1061,1079,18,1058,3,21,0.9971724787935909,0.9805375347544022,0.9833178869323448,0.9887850467289719
3,24,semiregular,3,677,680,3,652,25,28,0.9630723781388478,0.9588235294117647,0.9955882352941177,0.9609432571849669
3,24,irregular,3,249,247,2,227,22,20,0.9116465863453815,0.9190283400809717,1.008097165991903,0.9153225806451614
3,25,regular,1,952,946,6,944,8,2,0.9915966386554622,0.9978858350951374,1.0063424947145878,0.9947312961011591
3,25,semiregular,1,659,718,59,606,53,112,0.9195751138088012,0.8440111420612814,0.9178272980501393,0.8801742919389979
3,25,irregular,1,227,207,20,140,87,67,0.6167400881057269,0.6763285024154589,1.0966183574879227,0.6451612903225806
3,25,regular,2,950,946,4,943,7,3,0.9926315789473684,0.9968287526427061,1.0042283298097252,0.9947257383966244
3,25,semiregular,2,736,718,18,677,59,41,0.9198369565217391,0.9428969359331476,1.0250696378830084,0.9312242090784043
3,25,irregular,2,242,207,35,167,75,40,0.6900826446280992,0.8067632850241546,1.1690821256038648,0.7438752783964366
3,25,regular,3,946,946,0,942,4,4,0.9957716701902748,0.9957716701902748,1.0,0.9957716701902748
3,25,semiregular,3,690,718,28,643,47,75,0.9318840579710145,0.8955431754874652,0.9610027855153204,0.9133522727272727
3,25,irregular,3,228,207,21,163,65,44,0.7149122807017544,0.7874396135265701,1.1014492753623188,0.7494252873563219
3,26,regular,1,1023,985,38,985,38,0,0.9628543499511242,1.0,1.0385786802030457,0.9810756972111554
3,26,semiregular,1,751,720,31,664,87,56,0.8841544607190412,0.9222222222222223,1.0430555555555556,0.902787219578518
3,26,irregular,1,283,214,69,174,109,40,0.6148409893992933,0.8130841121495327,1.3224299065420562,0.7002012072434609
3,26,regular,2,1011,985,26,982,29,3,0.9713155291790306,0.9969543147208122,1.0263959390862945,0.9839679358717436
3,26,semiregular,2,773,720,53,694,79,26,0.8978007761966365,0.9638888888888889,1.073611111111111,0.92967180174146
3,26,irregular,2,261,214,47,164,97,50,0.6283524904214559,0.7663551401869159,1.219626168224299,0.6905263157894738
3,26,regular,3,955,985,30,953,2,32,0.9979057591623036,0.9675126903553299,0.9695431472081218,0.9824742268041237
3,26,semiregular,3,726,720,6,663,63,57,0.9132231404958677,0.9208333333333333,1.0083333333333333,0.9170124481327799
3,26,irregular,3,260,214,46,197,63,17,0.7576923076923077,0.9205607476635514,1.2149532710280373,0.8312236286919831
3,27,regular,1,1135,1166,31,1129,6,37,0.9947136563876652,0.9682675814751286,0.9734133790737565,0.9813124728378965
3,27,semiregular,1,665,728,63,609,56,119,0.9157894736842105,0.8365384615384616,0.9134615384615384,0.8743718592964824
3,27,irregular,1,243,270,27,174,69,96,0.7160493827160493,0.6444444444444445,0.9,0.6783625730994153
3,27,regular,2,1154,1166,12,1146,8,20,0.9930675909878682,0.9828473413379074,0.9897084048027445,0.9879310344827585
3,27,semiregular,2,731,728,3,687,44,41,0.9398084815321477,0.9436813186813187,1.004120879120879,0.9417409184372858
3,27,irregular,2,302,270,32,238,64,32,0.7880794701986755,0.8814814814814815,1.1185185185185185,0.8321678321678323
3,27,regular,3,1162,1166,4,1162,0,4,1.0,0.9965694682675815,0.9965694682675815,0.9982817869415808
3,27,semiregular,3,691,728,37,654,37,74,0.9464544138929089,0.8983516483516484,0.9491758241758241,0.9217758985200846
3,27,irregular,3,271,270,1,231,40,39,0.8523985239852399,0.8555555555555555,1.0037037037037038,0.8539741219963032
3,28,regular,1,1086,1098,12,1077,9,21,0.9917127071823204,0.9808743169398907,0.9890710382513661,0.9862637362637362
3,28,semiregular,1,864,859,5,791,73,68,0.9155092592592593,0.9208381839348079,1.0058207217694994,0.918165989553105
3,28,irregular,1,289,293,4,159,130,134,0.5501730103806228,0.5426621160409556,0.9863481228668942,0.5463917525773195
3,28,regular,2,1124,1098,26,1097,27,1,0.9759786476868327,0.9990892531876139,1.02367941712204,0.9873987398739874
3,28,semiregular,2,863,859,4,810,53,49,0.9385863267670915,0.9429569266589057,1.0046565774155995,0.940766550522648
3,28,irregular,2,318,293,25,228,90,65,0.7169811320754716,0.7781569965870307,1.0853242320819112,0.7463175122749592
3,28,regular,3,1089,1098,9,1087,2,11,0.9981634527089073,0.9899817850637522,0.9918032786885246,0.9940557841792409
3,28,semiregular,3,828,859,31,790,38,69,0.9541062801932367,0.919674039580908,0.9639115250291036,0.9365737996443391
3,28,irregular,3,305,293,12,234,71,59,0.7672131147540984,0.7986348122866894,1.0409556313993173,0.782608695652174
3,29,regular,1,1142,1140,2,1135,7,5,0.9938704028021016,0.9956140350877193,1.0017543859649123,0.9947414548641542
3,29,semiregular,1,878,869,9,786,92,83,0.8952164009111617,0.904487917146145,1.0103567318757192,0.8998282770463653
3,29,irregular,1,246,247,1,174,72,73,0.7073170731707317,0.7044534412955465,0.9959514170040485,0.7058823529411764
3,29,regular,2,1133,1140,7,1126,7,14,0.9938217122683142,0.987719298245614,0.993859649122807,0.99076110866696
3,29,semiregular,2,948,869,79,842,106,27,0.8881856540084389,0.9689298043728424,1.0909090909090908,0.9268024215740231
3,29,irregular,2,313,247,66,224,89,23,0.7156549520766773,0.9068825910931174,1.2672064777327936,0.7999999999999999
3,29,regular,3,1103,1140,37,1102,1,38,0.99909338168631,0.9666666666666667,0.9675438596491228,0.9826125724476148
3,29,semiregular,3,890,869,21,813,77,56,0.9134831460674158,0.9355581127733027,1.0241657077100115,0.9243888573052872
3,29,irregular,3,264,247,17,225,39,22,0.8522727272727273,0.9109311740890689,1.0688259109311742,0.8806262230919766
3,30,regular,1,976,997,21,975,1,22,0.9989754098360656,0.9779338014042126,0.9789368104312939,0.988342625443487
3,30,semiregular,1,781,810,29,723,58,87,0.9257362355953905,0.8925925925925926,0.9641975308641976,0.9088623507228158
3,30,irregular,1,268,250,18,167,101,83,0.6231343283582089,0.668,1.072,0.6447876447876447
3,30,regular,2,977,997,20,975,2,22,0.9979529170931423,0.9779338014042126,0.9799398194583752,0.9878419452887537
3,30,semiregular,2,824,810,14,780,44,30,0.9466019417475728,0.9629629629629629,1.017283950617284,0.9547123623011016
3,30,irregular,2,276,250,26,208,68,42,0.7536231884057971,0.832,1.104,0.7908745247148289
3,30,regular,3,994,997,3,994,0,3,1.0,0.9969909729187563,0.9969909729187563,0.9984932194876946
3,30,semiregular,3,810,810,0,772,38,38,0.9530864197530864,0.9530864197530864,1.0,0.9530864197530864
3,30,irregular,3,276,250,26,211,65,39,0.7644927536231884,0.844,1.104,0.8022813688212928
4,1,regular,1,943,937,6,931,12,6,0.9872746553552492,0.9935965848452508,1.0064034151547492,0.9904255319148937
4,1,semiregular,1,696,703,7,613,83,90,0.8807471264367817,0.871977240398293,0.9900426742532006,0.8763402430307362
4,1,irregular,1,218,199,19,156,62,43,0.7155963302752294,0.7839195979899497,1.0954773869346734,0.7482014388489209
4,1,regular,2,959,937,22,924,35,13,0.9635036496350365,0.9861259338313767,1.023479188900747,0.9746835443037974
4,1,semiregular,2,687,703,16,613,74,90,0.8922852983988355,0.871977240398293,0.9772403982930299,0.8820143884892087
4,1,irregular,2,189,199,10,174,15,25,0.9206349206349206,0.8743718592964824,0.949748743718593,0.8969072164948454
4,1,regular,3,936,937,1,928,8,9,0.9914529914529915,0.9903948772678762,0.9989327641408752,0.9909236518953549
4,1,semiregular,3,708,703,5,645,63,58,0.9110169491525424,0.9174964438122333,1.0071123755334281,0.9142452161587526
4,1,irregular,3,190,199,9,167,23,32,0.8789473684210526,0.8391959798994975,0.9547738693467337,0.858611825192802
4,2,regular,1,1166,1224,58,1155,11,69,0.9905660377358491,0.9436274509803921,0.9526143790849673,0.9665271966527196
4,2,semiregular,1,548,647,99,525,23,122,0.958029197080292,0.8114374034003091,0.8469860896445132,0.8786610878661087
4,2,irregular,1,217,217,0,127,90,90,0.5852534562211982,0.5852534562211982,1.0,0.5852534562211982
4,2,regular,2,1219,1224,5,1208,11,16,0.9909762100082035,0.9869281045751634,0.9959150326797386,0.9889480147359803
4,2,semiregular,2,581,647,66,565,16,82,0.9724612736660929,0.8732612055641422,0.8979907264296755,0.9201954397394136
4,2,irregular,2,214,217,3,188,26,29,0.8785046728971962,0.8663594470046083,0.9861751152073732,0.8723897911832946
4,2,regular,3,1222,1224,2,1217,5,7,0.9959083469721768,0.994281045751634,0.9983660130718954,0.9950940310711366
4,2,semiregular,3,620,647,27,596,24,51,0.9612903225806452,0.9211746522411128,0.9582689335394127,0.9408050513022889
4,2,irregular,3,221,217,4,197,24,20,0.8914027149321267,0.9078341013824884,1.0184331797235022,0.8995433789954338
4,3,regular,1,1034,1053,19,1031,3,22,0.9970986460348162,0.9791073124406457,0.9819563152896487,0.9880210828941064
4,3,semiregular,1,638,716,78,600,38,116,0.9404388714733543,0.8379888268156425,0.8910614525139665,0.8862629246676514
4,3,irregular,1,234,224,10,160,74,64,0.6837606837606838,0.7142857142857143,1.0446428571428572,0.6986899563318778
4,3,regular,2,1014,1053,39,1011,3,42,0.9970414201183432,0.9601139601139601,0.9629629629629629,0.9782293178519593
4,3,semiregular,2,714,716,2,665,49,51,0.9313725490196079,0.9287709497206704,0.9972067039106145,0.9300699300699301
4,3,irregular,2,204,224,20,178,26,46,0.8725490196078431,0.7946428571428571,0.9107142857142857,0.8317757009345794
4,3,regular,3,1043,1053,10,1042,1,11,0.9990412272291467,0.9895536562203229,0.9905033238366572,0.9942748091603053
4,3,semiregular,3,689,716,27,653,36,63,0.9477503628447025,0.9120111731843575,0.9622905027932961,0.9295373665480426
4,3,irregular,3,213,224,11,193,20,31,0.9061032863849765,0.8616071428571429,0.9508928571428571,0.8832951945080092
4,4,regular,1,1137,1101,36,1099,38,2,0.9665787159190853,0.9981834695731153,1.0326975476839237,0.9821268990169795
4,4,semiregular,1,585,614,29,504,81,110,0.8615384615384616,0.8208469055374593,0.9527687296416938,0.84070058381985
4,4,irregular,1,241,228,13,157,84,71,0.6514522821576764,0.6885964912280702,1.0570175438596492,0.6695095948827293
4,4,regular,2,1085,1101,16,1072,13,29,0.9880184331797235,0.9736603088101726,0.9854677565849228,0.9807868252516011
4,4,semiregular,2,589,614,25,549,40,65,0.9320882852292021,0.8941368078175895,0.9592833876221498,0.912718204488778
4,4,irregular,2,228,228,0,199,29,29,0.8728070175438597,0.8728070175438597,1.0,0.8728070175438597
4,4,regular,3,1088,1101,13,1086,2,15,0.9981617647058824,0.9863760217983651,0.9881925522252498,0.9922338967565099
4,4,semiregular,3,593,614,21,555,38,59,0.9359190556492412,0.9039087947882736,0.9657980456026058,0.9196354598177299
4,4,irregular,3,219,228,9,198,21,30,0.9041095890410958,0.868421052631579,0.9605263157894737,0.8859060402684564
4,5,regular,1,1035,1044,9,1033,2,11,0.9980676328502416,0.9894636015325671,0.9913793103448276,0.9937469937469937
4,5,semiregular,1,697,668,29,634,63,34,0.9096126255380201,0.9491017964071856,1.0434131736526946,0.928937728937729
4,5,irregular,1,239,217,22,169,70,48,0.7071129707112971,0.7788018433179723,1.1013824884792627,0.7412280701754385
4,5,regular,2,1032,1044,12,1028,4,16,0.9961240310077519,0.9846743295019157,0.9885057471264368,0.9903660886319846
4,5,semiregular,2,702,668,34,635,67,33,0.9045584045584045,0.9505988023952096,1.0508982035928143,0.927007299270073
4,5,irregular,2,210,217,7,181,29,36,0.861904761904762,0.8341013824884793,0.967741935483871,0.8477751756440282
4,5,regular,3,1038,1044,6,1038,0,6,1.0,0.9942528735632183,0.9942528735632183,0.9971181556195965
4,5,semiregular,3,678,668,10,625,53,43,0.9218289085545722,0.9356287425149701,1.0149700598802396,0.9286775631500742
4,5,irregular,3,211,217,6,181,30,36,0.8578199052132701,0.8341013824884793,0.9723502304147466,0.8457943925233645
4,6,regular,1,928,915,13,901,27,14,0.9709051724137931,0.9846994535519126,1.014207650273224,0.9777536625067824
4,6,semiregular,1,681,701,20,642,39,59,0.9427312775330396,0.9158345221112696,0.9714693295292439,0.9290882778581765
4,6,irregular,1,195,195,0,110,85,85,0.5641025641025641,0.5641025641025641,1.0,0.5641025641025641
4,6,regular,2,948,915,33,915,33,0,0.9651898734177216,1.0,1.0360655737704918,0.9822866344605475
4,6,semiregular,2,712,701,11,666,46,35,0.9353932584269663,0.9500713266761769,1.0156918687589158,0.9426751592356688
4,6,irregular,2,197,195,2,124,73,71,0.6294416243654822,0.6358974358974359,1.0102564102564102,0.6326530612244897
4,6,regular,3,909,915,6,902,7,13,0.9922992299229924,0.985792349726776,0.9934426229508196,0.9890350877192983
4,6,semiregular,3,692,701,9,659,33,42,0.9523121387283237,0.9400855920114123,0.9871611982881597,0.9461593682699211
4,6,irregular,3,206,195,11,177,29,18,0.8592233009708737,0.9076923076923077,1.0564102564102564,0.8827930174563591
4,7,regular,1,1275,1230,45,1229,46,1,0.9639215686274509,0.9991869918699187,1.0365853658536586,0.9812375249500999
4,7,semiregular,1,828,761,67,719,109,42,0.8683574879227053,0.9448094612352168,1.0880420499342969,0.9049716803020768
4,7,irregular,1,233,225,8,148,85,77,0.6351931330472103,0.6577777777777778,1.0355555555555556,0.6462882096069869
4,7,regular,2,1229,1230,1,1214,15,16,0.9877949552481693,0.9869918699186991,0.9991869918699187,0.9873932492883286
4,7,semiregular,2,715,761,46,655,60,106,0.916083916083916,0.8607095926412615,0.9395532194480947,0.8875338753387534
4,7,irregular,2,209,225,16,190,19,35,0.9090909090909091,0.8444444444444444,0.9288888888888889,0.8755760368663594
4,7,regular,3,1217,1230,13,1216,1,14,0.9991783073130649,0.9886178861788618,0.989430894308943,0.9938700449530037
4,7,semiregular,3,728,761,33,671,57,90,0.9217032967032966,0.8817345597897503,0.9566360052562418,0.9012760241773002
4,7,irregular,3,225,225,0,199,26,26,0.8844444444444445,0.8844444444444445,1.0,0.8844444444444445
4,8,regular,1,1034,1035,1,1023,11,12,0.9893617021276596,0.9884057971014493,0.9990338164251208,0.9888835186080233
4,8,semiregular,1,805,827,22,734,71,93,0.9118012422360249,0.8875453446191052,0.973397823458283,0.8995098039215685
4,8,irregular,1,257,243,14,153,104,90,0.5953307392996109,0.6296296296296297,1.0576131687242798,0.612
4,8,regular,2,992,1035,43,985,7,50,0.9929435483870968,0.9516908212560387,0.9584541062801932,0.9718796250616675
4,8,semiregular,2,793,827,34,749,44,78,0.9445145018915511,0.905683192261185,0.9588875453446191,0.9246913580246913
4,8,irregular,2,216,243,27,184,32,59,0.8518518518518519,0.757201646090535,0.8888888888888888,0.8017429193899782
4,8,regular,3,1030,1035,5,1027,3,8,0.9970873786407767,0.9922705314009662,0.9951690821256038,0.9946731234866828
4,8,semiregular,3,824,827,3,764,60,63,0.9271844660194175,0.9238210399032648,0.9963724304715841,0.9254996971532405
4,8,irregular,3,241,243,2,202,39,41,0.8381742738589212,0.831275720164609,0.9917695473251029,0.8347107438016529
4,9,regular,1,1080,1107,27,1074,6,33,0.9944444444444445,0.9701897018970189,0.975609756097561,0.9821673525377229
4,9,semiregular,1,605,701,96,579,26,122,0.9570247933884297,0.8259629101283881,0.8630527817403709,0.886676875957121
4,9,irregular,1,225,266,41,153,72,113,0.68,0.575187969924812,0.8458646616541353,0.6232179226069247
4,9,regular,2,1075,1107,32,1066,9,41,0.9916279069767442,0.9629629629629629,0.971093044263776,0.9770852428964253
4,9,semiregular,2,600,701,101,585,15,116,0.975,0.8345221112696148,0.8559201141226819,0.8993082244427364
4,9,irregular,2,238,266,28,215,23,51,0.9033613445378151,0.8082706766917294,0.8947368421052632,0.8531746031746031
4,9,regular,3,1084,1107,23,1082,2,25,0.9981549815498155,0.9774164408310749,0.979223125564589,0.9876768598813327
4,9,semiregular,3,661,701,40,643,18,58,0.972768532526475,0.9172610556348074,0.9429386590584878,0.9441997063142437
4,9,irregular,3,251,266,15,226,25,40,0.900398406374502,0.849624060150376,0.943609022556391,0.8742746615087041
4,10,regular,1,1030,1014,16,1009,21,5,0.9796116504854369,0.995069033530572,1.0157790927021697,0.9872798434442269
4,10,semiregular,1,653,656,3,609,44,47,0.9326186830015314,0.9283536585365854,0.9954268292682927,0.93048128342246
4,10,irregular,1,243,247,4,189,54,58,0.7777777777777778,0.7651821862348178,0.9838056680161943,0.7714285714285715
4,10,regular,2,1050,1014,36,1012,38,2,0.9638095238095238,0.9980276134122288,1.0355029585798816,0.9806201550387595
4,10,semiregular,2,623,656,33,588,35,68,0.9438202247191011,0.8963414634146342,0.9496951219512195,0.9194683346364347
4,10,irregular,2,232,247,15,207,25,40,0.8922413793103449,0.8380566801619433,0.9392712550607287,0.8643006263048016
4,10,regular,3,1009,1014,5,1003,6,11,0.9940535183349851,0.9891518737672583,0.995069033530572,0.9915966386554622
4,10,semiregular,3,638,656,18,607,31,49,0.95141065830721,0.9253048780487805,0.9725609756097561,0.9381761978361669
4,10,irregular,3,231,247,16,203,28,44,0.8787878787878788,0.8218623481781376,0.9352226720647774,0.8493723849372384
4,11,regular,1,1083,1070,13,1065,18,5,0.9833795013850416,0.9953271028037384,1.0121495327102803,0.9893172317696239
4,11,semiregular,1,714,700,14,636,78,64,0.8907563025210085,0.9085714285714286,1.02,0.8995756718528995
4,11,irregular,1,228,239,11,170,58,69,0.7456140350877193,0.7112970711297071,0.9539748953974896,0.728051391862955
4,11,regular,2,1049,1070,21,1045,4,25,0.996186844613918,0.9766355140186916,0.9803738317757009,0.9863142991977348
4,11,semiregular,2,684,700,16,638,46,62,0.9327485380116959,0.9114285714285715,0.9771428571428571,0.9219653179190753
4,11,irregular,2,210,239,29,189,21,50,0.9,0.7907949790794979,0.8786610878661087,0.8418708240534521
4,11,regular,3,1064,1070,6,1063,1,7,0.9990601503759399,0.9934579439252337,0.994392523364486,0.9962511715089035
4,11,semiregular,3,677,700,23,638,39,62,0.9423929098966026,0.9114285714285715,0.9671428571428572,0.9266521423384169
4,11,irregular,3,222,239,17,194,28,45,0.8738738738738738,0.8117154811715481,0.9288702928870293,0.8416485900216919
4,12,regular,1,1020,1007,13,1007,13,0,0.9872549019607844,1.0,1.012909632571996,0.9935865811544154
4,12,semiregular,1,683,641,42,591,92,50,0.8653001464128843,0.921996879875195,1.0655226209048363,0.8927492447129909
4,12,irregular,1,265,204,61,184,81,20,0.6943396226415094,0.9019607843137255,1.2990196078431373,0.7846481876332623
4,12,regular,2,1027,1007,20,1007,20,0,0.9805258033106135,1.0,1.0198609731876862,0.9901671583087512
4,12,semiregular,2,653,641,12,586,67,55,0.8973966309341501,0.9141965678627145,1.0187207488299532,0.9057187017001547
4,12,irregular,2,242,204,38,191,51,13,0.7892561983471075,0.9362745098039216,1.1862745098039216,0.8565022421524665
4,12,regular,3,997,1007,10,995,2,12,0.9979939819458375,0.9880834160873883,0.9900695134061569,0.9930139720558881
4,12,semiregular,3,627,641,14,578,49,63,0.9218500797448166,0.9017160686427457,0.9781591263650546,0.9116719242902208
4,12,irregular,3,227,204,23,192,35,12,0.8458149779735683,0.9411764705882353,1.1127450980392157,0.890951276102088
4,13,regular,1,988,1000,12,986,2,14,0.9979757085020243,0.986,0.988,0.9919517102615695
4,13,semiregular,1,839,815,24,776,63,39,0.9249106078665077,0.9521472392638037,1.0294478527607362,0.9383313180169287
4,13,irregular,1,302,216,86,172,130,44,0.5695364238410596,0.7962962962962963,1.3981481481481481,0.6640926640926641
4,13,regular,2,976,1000,24,971,5,29,0.9948770491803278,0.971,0.976,0.9827935222672065
4,13,semiregular,2,822,815,7,780,42,35,0.948905109489051,0.9570552147239264,1.0085889570552147,0.9529627367135003
4,13,irregular,2,235,216,19,195,40,21,0.8297872340425532,0.9027777777777778,1.087962962962963,0.8647450110864745
4,13,regular,3,1004,1000,4,999,5,1,0.9950199203187251,0.999,1.004,0.9970059880239521
4,13,semiregular,3,788,815,27,759,29,56,0.9631979695431472,0.9312883435582822,0.9668711656441717,0.9469744229569557
4,13,irregular,3,226,216,10,200,26,16,0.8849557522123894,0.9259259259259259,1.0462962962962963,0.9049773755656108
4,14,regular,1,1026,1052,26,1025,1,27,0.9990253411306043,0.9743346007604563,0.9752851711026616,0.9865255052935515
4,14,semiregular,1,790,913,123,748,42,165,0.9468354430379747,0.8192771084337349,0.8652792990142387,0.8784497944803288
4,14,irregular,1,242,217,25,160,82,57,0.6611570247933884,0.7373271889400922,1.1152073732718895,0.6971677559912856
4,14,regular,2,1031,1052,21,1027,4,25,0.9961202715809894,0.9762357414448669,0.9800380228136882,0.9860777724435908
4,14,semiregular,2,873,913,40,828,45,85,0.9484536082474226,0.9069003285870756,0.9561883899233297,0.9272116461366181
4,14,irregular,2,211,217,6,180,31,37,0.8530805687203792,0.8294930875576036,0.9723502304147466,0.8411214953271028
4,14,regular,3,1048,1052,4,1048,0,4,1.0,0.9961977186311787,0.9961977186311787,0.9980952380952381
4,14,semiregular,3,865,913,48,823,42,90,0.9514450867052023,0.9014238773274917,0.9474260679079957,0.9257592800899888
4,14,irregular,3,208,217,9,184,24,33,0.8846153846153846,0.847926267281106,0.9585253456221198,0.8658823529411765
4,15,regular,1,977,964,13,964,13,0,0.9866939611054247,1.0,1.0134854771784232,0.9933024214322513
4,15,semiregular,1,775,774,1,725,50,49,0.9354838709677419,0.9366925064599483,1.0012919896640826,0.9360877985797288
4,15,irregular,1,216,218,2,173,43,45,0.8009259259259259,0.7935779816513762,0.9908256880733946,0.7972350230414746
4,15,regular,2,935,964,29,931,4,33,0.9957219251336898,0.9657676348547718,0.9699170124481328,0.9805160610847815
4,15,semiregular,2,755,774,19,721,34,53,0.9549668874172186,0.9315245478036176,0.975452196382429,0.9431000654022238
4,15,irregular,2,199,218,19,182,17,36,0.914572864321608,0.8348623853211009,0.9128440366972477,0.8729016786570745
4,15,regular,3,954,964,10,953,1,11,0.9989517819706499,0.9885892116182573,0.9896265560165975,0.9937434827945777
4,15,semiregular,3,728,774,46,700,28,74,0.9615384615384616,0.9043927648578811,0.9405684754521964,0.9320905459387483
4,15,irregular,3,214,218,4,198,16,20,0.9252336448598131,0.908256880733945,0.981651376146789,0.9166666666666666
4,16,regular,1,1094,1109,15,1087,7,22,0.993601462522852,0.9801623083859333,0.9864743011722272,0.9868361325465275
4,16,semiregular,1,647,681,34,585,62,96,0.9041731066460588,0.8590308370044053,0.9500734214390602,0.8810240963855421
4,16,irregular,1,271,272,1,166,105,106,0.6125461254612546,0.6102941176470589,0.9963235294117647,0.6114180478821363
4,16,regular,2,1124,1109,15,1109,15,0,0.9866548042704626,1.0,1.0135256988277728,0.9932825794894761
4,16,semiregular,2,651,681,30,606,45,75,0.9308755760368663,0.8898678414096917,0.9559471365638766,0.9099099099099099
4,16,irregular,2,247,272,25,213,34,59,0.8623481781376519,0.7830882352941176,0.9080882352941176,0.8208092485549134
4,16,regular,3,1108,1109,1,1104,4,5,0.9963898916967509,0.9954914337240758,0.9990982867448152,0.9959404600811909
4,16,semiregular,3,637,681,44,601,36,80,0.9434850863422292,0.882525697503671,0.9353891336270191,0.9119878603945372
4,16,irregular,3,229,272,43,203,26,69,0.8864628820960698,0.7463235294117647,0.8419117647058824,0.810379241516966
4,17,regular,1,1027,1029,2,1021,6,8,0.994157740993184,0.9922254616132167,0.9980563654033042,0.9931906614785992
4,17,semiregular,1,819,837,18,756,63,81,0.9230769230769231,0.9032258064516129,0.978494623655914,0.9130434782608696
4,17,irregular,1,253,240,13,161,92,79,0.6363636363636364,0.6708333333333333,1.0541666666666667,0.6531440162271805
4,17,regular,2,1021,1029,8,1014,7,15,0.9931439764936337,0.9854227405247813,0.9922254616132167,0.9892682926829268
4,17,semiregular,2,834,837,3,780,54,57,0.935251798561151,0.931899641577061,0.996415770609319,0.933572710951526
4,17,irregular,2,248,240,8,187,61,53,0.7540322580645161,0.7791666666666667,1.0333333333333334,0.7663934426229508
4,17,regular,3,1028,1029,1,1027,1,2,0.9990272373540856,0.9980563654033042,0.9990281827016521,0.9985415653864853
4,17,semiregular,3,803,837,34,764,39,73,0.9514321295143213,0.9127837514934289,0.959378733572282,0.9317073170731707
4,17,irregular,3,238,240,2,201,37,39,0.8445378151260504,0.8375,0.9916666666666667,0.8410041841004184
4,18,regular,1,1036,1044,8,1031,5,13,0.9951737451737451,0.9875478927203065,0.9923371647509579,0.9913461538461539
4,18,semiregular,1,799,801,2,751,48,50,0.9399249061326659,0.9375780274656679,0.9975031210986267,0.93875
4,18,irregular,1,299,252,47,195,104,57,0.6521739130434783,0.7738095238095238,1.1865079365079365,0.7078039927404719
4,18,regular,2,1048,1044,4,1039,9,5,0.9914122137404581,0.9952107279693486,1.003831417624521,0.9933078393881453
4,18,semiregular,2,794,801,7,760,34,41,0.9571788413098237,0.9488139825218477,0.9912609238451935,0.9529780564263323
4,18,irregular,2,250,252,2,212,38,40,0.848,0.8412698412698413,0.9920634920634921,0.844621513944223
4,18,regular,3,1029,1044,15,1027,2,17,0.9980563654033042,0.9837164750957854,0.985632183908046,0.9908345393150023
4,18,semiregular,3,776,801,25,750,26,51,0.9664948453608248,0.9363295880149812,0.968789013732834,0.9511731135066581
4,18,irregular,3,243,252,9,222,21,30,0.9135802469135802,0.8809523809523809,0.9642857142857143,0.8969696969696969
4,19,regular,1,997,1076,79,995,2,81,0.9979939819458375,0.9247211895910781,0.9265799256505576,0.9599614085865895
4,19,semiregular,1,711,753,42,664,47,89,0.9338959212376934,0.8818061088977424,0.9442231075697212,0.9071038251366119
4,19,irregular,1,284,245,39,182,102,63,0.6408450704225352,0.7428571428571429,1.1591836734693877,0.6880907372400756
4,19,regular,2,1073,1076,3,1068,5,8,0.9953401677539608,0.9925650557620818,0.9972118959107806,0.9939506747324336
4,19,semiregular,2,718,753,35,685,33,68,0.9540389972144847,0.9096945551128818,0.953519256308101,0.9313392250169953
4,19,irregular,2,253,245,8,207,46,38,0.8181818181818182,0.8448979591836735,1.0326530612244897,0.8313253012048194
4,19,regular,3,1045,1076,31,1045,0,31,1.0,0.9711895910780669,0.9711895910780669,0.9853842527109854
4,19,semiregular,3,672,753,81,639,33,114,0.9508928571428571,0.848605577689243,0.8924302788844621,0.8968421052631579
4,19,irregular,3,225,245,20,195,30,50,0.8666666666666667,0.7959183673469388,0.9183673469387755,0.8297872340425533
4,20,regular,1,1136,1251,115,1133,3,118,0.9973591549295775,0.9056754596322941,0.9080735411670664,0.9493087557603688
4,20,semiregular,1,836,841,5,732,104,109,0.8755980861244019,0.8703923900118906,0.9940546967895363,0.8729874776386405
4,20,irregular,1,317,252,65,171,146,81,0.5394321766561514,0.6785714285714286,1.257936507936508,0.6010544815465729
4,20,regular,2,649,1251,602,648,1,603,0.9984591679506933,0.5179856115107914,0.518784972022382,0.6821052631578949
4,20,semiregular,2,784,841,57,714,70,127,0.9107142857142857,0.8489892984542212,0.9322235434007135,0.8787692307692307
4,20,irregular,2,217,252,35,185,32,67,0.8525345622119815,0.7341269841269841,0.8611111111111112,0.7889125799573561
4,20,regular,3,1156,1251,95,1153,3,98,0.9974048442906575,0.9216626698641087,0.9240607513988809,0.9580390527627752
4,20,semiregular,3,795,841,46,727,68,114,0.9144654088050315,0.8644470868014269,0.9453032104637337,0.8887530562347188
4,20,irregular,3,236,252,16,205,31,47,0.8686440677966102,0.8134920634920635,0.9365079365079365,0.8401639344262296
4,21,regular,1,939,920,19,919,20,1,0.9787007454739084,0.9989130434782608,1.0206521739130434,0.9887036040882194
4,21,semiregular,1,554,549,5,475,79,74,0.8574007220216606,0.8652094717668488,1.0091074681238617,0.8612873980054396
4,21,irregular,1,232,204,28,174,58,30,0.75,0.8529411764705882,1.1372549019607843,0.7981651376146788
4,21,regular,2,944,920,24,920,24,0,0.9745762711864406,1.0,1.0260869565217392,0.9871244635193133
4,21,semiregular,2,574,549,25,501,73,48,0.872822299651568,0.912568306010929,1.0455373406193078,0.8922528940338379
4,21,irregular,2,209,204,5,183,26,21,0.8755980861244019,0.8970588235294118,1.0245098039215685,0.8861985472154964
4,21,regular,3,912,920,8,910,2,10,0.9978070175438597,0.9891304347826086,0.991304347826087,0.9934497816593886
4,21,semiregular,3,579,549,30,515,64,34,0.8894645941278065,0.9380692167577414,1.0546448087431695,0.9131205673758865
4,21,irregular,3,211,204,7,190,21,14,0.9004739336492891,0.9313725490196079,1.0343137254901962,0.9156626506024096
4,22,regular,1,1006,946,60,944,62,2,0.9383697813121272,0.9978858350951374,1.0634249471458774,0.9672131147540984
4,22,semiregular,1,707,703,4,645,62,58,0.9123055162659123,0.9174964438122333,1.0056899004267426,0.9148936170212765
4,22,irregular,1,235,247,12,170,65,77,0.723404255319149,0.6882591093117408,0.951417004048583,0.7053941908713693
4,22,regular,2,949,946,3,926,23,20,0.9757639620653319,0.9788583509513742,1.0031712473572938,0.9773087071240105
4,22,semiregular,2,694,703,9,645,49,58,0.9293948126801153,0.9174964438122333,0.9871977240398293,0.9234073013600572
4,22,irregular,2,225,247,22,192,33,55,0.8533333333333334,0.7773279352226721,0.9109311740890689,0.8135593220338985
4,22,regular,3,963,946,17,943,20,3,0.9792315680166147,0.9968287526427061,1.017970401691332,0.9879518072289156
4,22,semiregular,3,687,703,16,653,34,50,0.950509461426492,0.9288762446657184,0.9772403982930299,0.939568345323741
4,22,irregular,3,242,247,5,210,32,37,0.8677685950413223,0.8502024291497976,0.979757085020243,0.8588957055214724
4,23,regular,1,612,999,387,588,24,411,0.9607843137254902,0.5885885885885885,0.6126126126126126,0.7299813780260708
4,23,semiregular,1,784,835,51,673,111,162,0.8584183673469388,0.8059880239520958,0.9389221556886228,0.8313773934527485
4,23,irregular,1,284,266,18,136,148,130,0.4788732394366197,0.5112781954887218,1.0676691729323309,0.49454545454545445
4,23,regular,2,955,999,44,926,29,73,0.9696335078534032,0.9269269269269269,0.955955955955956,0.947799385875128
4,23,semiregular,2,250,835,585,211,39,624,0.844,0.25269461077844313,0.2994011976047904,0.3889400921658986
4,23,irregular,2,58,266,208,35,23,231,0.603448275862069,0.13157894736842105,0.21804511278195488,0.2160493827160494
4,23,regular,3,1015,999,16,999,16,0,0.9842364532019704,1.0,1.016016016016016,0.9920556107249255
4,23,semiregular,3,856,835,21,793,63,42,0.9264018691588785,0.9497005988023952,1.0251497005988024,0.937906564163217
4,23,irregular,3,260,266,6,216,44,50,0.8307692307692308,0.8120300751879699,0.9774436090225563,0.8212927756653993
4,24,regular,1,1088,1079,9,1075,13,4,0.9880514705882353,0.9962928637627433,1.0083410565338276,0.9921550530687586
4,24,semiregular,1,611,680,69,553,58,127,0.9050736497545008,0.8132352941176471,0.8985294117647059,0.8567002323780015
4,24,irregular,1,181,247,66,134,47,113,0.7403314917127072,0.5425101214574899,0.7327935222672065,0.6261682242990654
4,24,regular,2,1054,1079,25,1043,11,36,0.9895635673624289,0.9666357738646896,0.9768303985171455,0.9779653070792312
4,24,semiregular,2,635,680,45,612,23,68,0.9637795275590552,0.9,0.9338235294117647,0.9307984790874524
4,24,irregular,2,212,247,35,202,10,45,0.9528301886792453,0.8178137651821862,0.8582995951417004,0.8801742919389978
4,24,regular,3,1068,1079,11,1064,4,15,0.9962546816479401,0.9860982391102873,0.989805375347544,0.9911504424778761
4,24,semiregular,3,651,680,29,630,21,50,0.967741935483871,0.9264705882352942,0.9573529411764706,0.946656649135988
4,24,irregular,3,237,247,10,219,18,28,0.9240506329113924,0.8866396761133604,0.9595141700404858,0.9049586776859505
4,25,regular,1,954,946,8,944,10,2,0.989517819706499,0.9978858350951374,1.0084566596194504,0.9936842105263157
4,25,semiregular,1,665,718,53,612,53,106,0.9203007518796993,0.8523676880222841,0.9261838440111421,0.8850325379609545
4,25,irregular,1,242,207,35,145,97,62,0.5991735537190083,0.7004830917874396,1.1690821256038648,0.6458797327394209
4,25,regular,2,915,946,31,911,4,35,0.9956284153005465,0.9630021141649049,0.96723044397463,0.9790435249865663
4,25,semiregular,2,690,718,28,645,45,73,0.9347826086956522,0.8983286908077994,0.9610027855153204,0.9161931818181819
4,25,irregular,2,191,207,16,146,45,61,0.7643979057591623,0.7053140096618358,0.9227053140096618,0.7336683417085427
4,25,regular,3,942,946,4,941,1,5,0.9989384288747346,0.9947145877378436,0.9957716701902748,0.9968220338983053
4,25,semiregular,3,661,718,57,614,47,104,0.9288956127080181,0.8551532033426184,0.9206128133704735,0.8905003625815807
4,25,irregular,3,207,207,0,159,48,48,0.7681159420289855,0.7681159420289855,1.0,0.7681159420289855
4,26,regular,1,1015,985,30,984,31,1,0.9694581280788177,0.9989847715736041,1.0304568527918783,0.984
4,26,semiregular,1,748,720,28,670,78,50,0.8957219251336899,0.9305555555555556,1.038888888888889,0.9128065395095368
4,26,irregular,1,309,214,95,187,122,27,0.6051779935275081,0.8738317757009346,1.4439252336448598,0.7151051625239007
4,26,regular,2,987,985,2,974,13,11,0.9868287740628167,0.9888324873096447,1.0020304568527918,0.9878296146044625
4,26,semiregular,2,695,720,25,645,50,75,0.9280575539568345,0.8958333333333334,0.9652777777777778,0.9116607773851589
4,26,irregular,2,229,214,15,160,69,54,0.6986899563318777,0.7476635514018691,1.0700934579439252,0.7223476297968398
4,26,regular,3,1023,985,38,984,39,1,0.9618768328445748,0.9989847715736041,1.0385786802030457,0.9800796812749003
4,26,semiregular,3,714,720,6,668,46,52,0.9355742296918768,0.9277777777777778,0.9916666666666667,0.9316596931659694
4,26,irregular,3,243,214,29,194,49,20,0.7983539094650206,0.9065420560747663,1.1355140186915889,0.8490153172866522
4,27,regular,1,1145,1166,21,1136,9,30,0.9921397379912664,0.9742710120068611,0.9819897084048027,0.9831241886629165
4,27,semiregular,1,652,728,76,593,59,135,0.9095092024539877,0.8145604395604396,0.8956043956043956,0.8594202898550725
4,27,irregular,1,247,270,23,180,67,90,0.728744939271255,0.6666666666666666,0.9148148148148149,0.6963249516441005
4,27,regular,2,1159,1166,7,1150,9,16,0.9922346850733391,0.9862778730703259,0.9939965694682675,0.989247311827957
4,27,semiregular,2,682,728,46,640,42,88,0.9384164222873901,0.8791208791208791,0.9368131868131868,0.9078014184397163
4,27,irregular,2,244,270,26,219,25,51,0.8975409836065574,0.8111111111111111,0.9037037037037037,0.8521400778210116
4,27,regular,3,1159,1166,7,1158,1,8,0.999137187230371,0.9931389365351629,0.9939965694682675,0.9961290322580645
4,27,semiregular,3,682,728,46,642,40,86,0.9413489736070382,0.8818681318681318,0.9368131868131868,0.9106382978723404
4,27,irregular,3,253,270,17,221,32,49,0.8735177865612648,0.8185185185185185,0.937037037037037,0.8451242829827915
4,28,regular,1,1094,1098,4,1082,12,16,0.9890310786106032,0.9854280510018215,0.9963570127504554,0.9872262773722628
4,28,semiregular,1,856,859,3,792,64,67,0.9252336448598131,0.9220023282887078,0.9965075669383003,0.9236151603498542
4,28,irregular,1,340,293,47,183,157,110,0.538235294117647,0.6245733788395904,1.1604095563139931,0.5781990521327013
4,28,regular,2,1086,1098,12,1066,20,32,0.9815837937384899,0.970856102003643,0.9890710382513661,0.9761904761904762
4,28,semiregular,2,815,859,44,773,42,86,0.9484662576687116,0.89988358556461,0.9487776484284052,0.9235364396654719
4,28,irregular,2,268,293,25,216,52,77,0.8059701492537313,0.7372013651877133,0.9146757679180887,0.7700534759358288
4,28,regular,3,1090,1098,8,1084,6,14,0.9944954128440368,0.9872495446265938,0.9927140255009107,0.9908592321755028
4,28,semiregular,3,816,859,43,785,31,74,0.9620098039215687,0.9138533178114087,0.9499417927823051,0.937313432835821
4,28,irregular,3,268,293,25,211,57,82,0.7873134328358209,0.7201365187713311,0.9146757679180887,0.75222816399287
4,29,regular,1,1148,1140,8,1139,9,1,0.9921602787456446,0.9991228070175439,1.0070175438596491,0.9956293706293706
4,29,semiregular,1,877,869,8,788,89,81,0.8985176738882554,0.906789413118527,1.0092059838895282,0.9026345933562429
4,29,irregular,1,260,247,13,179,81,68,0.6884615384615385,0.7246963562753036,1.0526315789473684,0.7061143984220908
4,29,regular,2,1108,1140,32,1104,4,36,0.9963898916967509,0.968421052631579,0.9719298245614035,0.9822064056939502
4,29,semiregular,2,893,869,24,806,87,63,0.9025755879059351,0.9275028768699655,1.0276179516685846,0.9148694665153234
4,29,irregular,2,259,247,12,217,42,30,0.8378378378378378,0.8785425101214575,1.048582995951417,0.857707509881423
4,29,regular,3,1134,1140,6,1130,4,10,0.9964726631393298,0.9912280701754386,0.9947368421052631,0.9938434476693052
4,29,semiregular,3,857,869,12,799,58,70,0.9323220536756126,0.9194476409666283,0.9861910241657077,0.9258400926998841
4,29,irregular,3,249,247,2,222,27,25,0.891566265060241,0.8987854251012146,1.008097165991903,0.8951612903225806
4,30,regular,1,987,997,10,986,1,11,0.9989868287740629,0.9889669007021064,0.9899699097291875,0.9939516129032258
4,30,semiregular,1,788,810,22,732,56,78,0.9289340101522843,0.9037037037037037,0.9728395061728395,0.916145181476846
4,30,irregular,1,281,250,31,183,98,67,0.6512455516014235,0.732,1.124,0.6892655367231638
4,30,regular,2,991,997,6,987,4,10,0.9959636730575177,0.9899699097291875,0.9939819458375125,0.9929577464788731
4,30,semiregular,2,786,810,24,749,37,61,0.9529262086513995,0.9246913580246914,0.9703703703703703,0.9385964912280702
4,30,irregular,2,222,250,28,197,25,53,0.8873873873873874,0.788,0.888,0.8347457627118644
4,30,regular,3,989,997,8,988,1,9,0.9989888776541962,0.9909729187562688,0.9919759277833501,0.9949647532729105
4,30,semiregular,3,792,810,18,748,44,62,0.9444444444444444,0.9234567901234568,0.9777777777777777,0.9338327091136079
4,30,irregular,3,245,250,5,204,41,46,0.8326530612244898,0.816,0.98,0.8242424242424241
5,1,regular,1,971,937,34,937,34,0,0.964984552008239,1.0,1.0362860192102454,0.9821802935010482
5,1,semiregular,1,678,703,25,589,89,114,0.8687315634218289,0.8378378378378378,0.9644381223328592,0.8530050687907312
5,1,irregular,1,207,199,8,152,55,47,0.7342995169082126,0.7638190954773869,1.0402010050251256,0.748768472906404
5,1,regular,2,1013,937,76,936,77,1,0.9239881539980257,0.9989327641408752,1.08110992529349,0.9600000000000001
5,1,semiregular,2,727,703,24,651,76,52,0.8954607977991746,0.9260312944523471,1.0341394025604551,0.9104895104895104
5,1,irregular,2,184,199,15,162,22,37,0.8804347826086957,0.8140703517587939,0.9246231155778895,0.8459530026109662
5,1,regular,3,927,937,10,923,4,14,0.9956850053937433,0.9850586979722519,0.9893276414087513,0.9903433476394851
5,1,semiregular,3,701,703,2,642,59,61,0.9158345221112696,0.9132290184921764,0.9971550497866287,0.9145299145299145
5,1,irregular,3,199,199,0,175,24,24,0.8793969849246231,0.8793969849246231,1.0,0.8793969849246231
5,2,regular,1,1130,1224,94,1120,10,104,0.9911504424778761,0.9150326797385621,0.923202614379085,0.951571792693288
5,2,semiregular,1,521,647,126,498,23,149,0.9558541266794626,0.7697063369397218,0.8052550231839258,0.8527397260273972
5,2,irregular,1,224,217,7,124,100,93,0.5535714285714286,0.5714285714285714,1.032258064516129,0.562358276643991
5,2,regular,2,1139,1224,85,1126,13,98,0.9885864793678666,0.9199346405228758,0.9305555555555556,0.9530258146424037
5,2,semiregular,2,609,647,38,586,23,61,0.9622331691297209,0.9057187017001546,0.9412673879443586,0.9331210191082804
5,2,irregular,2,207,217,10,186,21,31,0.8985507246376812,0.8571428571428571,0.9539170506912442,0.8773584905660375
5,2,regular,3,1228,1224,4,1217,11,7,0.991042345276873,0.994281045751634,1.0032679738562091,0.9926590538336052
5,2,semiregular,3,625,647,22,608,17,39,0.9728,0.9397217928902627,0.9659969088098919,0.9559748427672956
5,2,irregular,3,227,217,10,194,33,23,0.8546255506607929,0.8940092165898618,1.0460829493087558,0.8738738738738739
5,3,regular,1,1024,1053,29,1020,4,33,0.99609375,0.9686609686609686,0.9724596391263058,0.9821858449687049
5,3,semiregular,1,671,716,45,618,53,98,0.9210134128166915,0.8631284916201117,0.9371508379888268,0.8911319394376352
5,3,irregular,1,228,224,4,152,76,72,0.6666666666666666,0.6785714285714286,1.0178571428571428,0.6725663716814159
5,3,regular,2,991,1053,62,988,3,65,0.9969727547931383,0.9382716049382716,0.9411206077872745,0.9667318982387475
5,3,semiregular,2,723,716,7,671,52,45,0.9280774550484094,0.9371508379888268,1.0097765363128492,0.9325920778318276
5,3,irregular,2,199,224,25,178,21,46,0.8944723618090452,0.7946428571428571,0.8883928571428571,0.8416075650118203
5,3,regular,3,1038,1053,15,1037,1,16,0.9990366088631984,0.9848053181386515,0.9857549857549858,0.991869918699187
5,3,semiregular,3,705,716,11,666,39,50,0.9446808510638298,0.9301675977653632,0.9846368715083799,0.9373680506685433
5,3,irregular,3,222,224,2,191,31,33,0.8603603603603603,0.8526785714285714,0.9910714285714286,0.8565022421524662
5,4,regular,1,1115,1101,14,1091,24,10,0.97847533632287,0.9909173478655767,1.0127157129881925,0.9846570397111912
5,4,semiregular,1,589,614,25,492,97,122,0.8353140916808149,0.8013029315960912,0.9592833876221498,0.8179551122194514
5,4,irregular,1,242,228,14,155,87,73,0.640495867768595,0.6798245614035088,1.0614035087719298,0.6595744680851063
5,4,regular,2,1072,1101,29,1059,13,42,0.9878731343283582,0.9618528610354223,0.9736603088101726,0.9746893695352047
5,4,semiregular,2,605,614,9,556,49,58,0.9190082644628099,0.9055374592833876,0.9853420195439739,0.9122231337161608
5,4,irregular,2,222,228,6,192,30,36,0.8648648648648649,0.8421052631578947,0.9736842105263158,0.8533333333333334
5,4,regular,3,1107,1101,6,1100,7,1,0.993676603432701,0.9990917347865577,1.005449591280654,0.9963768115942029
5,4,semiregular,3,579,614,35,545,34,69,0.9412780656303973,0.8876221498371335,0.9429967426710097,0.9136630343671416
5,4,irregular,3,231,228,3,202,29,26,0.8744588744588745,0.8859649122807017,1.013157894736842,0.8801742919389979
5,5,regular,1,1043,1044,1,1039,4,5,0.9961649089165868,0.9952107279693486,0.9990421455938697,0.9956875898418783
5,5,semiregular,1,682,668,14,601,81,67,0.8812316715542522,0.8997005988023952,1.0209580838323353,0.8903703703703704
5,5,irregular,1,219,217,2,150,69,67,0.684931506849315,0.6912442396313364,1.0092165898617511,0.6880733944954128
5,5,regular,2,1057,1044,13,1044,13,0,0.9877010406811731,1.0,1.0124521072796935,0.9938124702522609
5,5,semiregular,2,712,668,44,642,70,26,0.901685393258427,0.9610778443113772,1.0658682634730539,0.9304347826086956
5,5,irregular,2,200,217,17,176,24,41,0.88,0.8110599078341014,0.9216589861751152,0.8441247002398082
5,5,regular,3,1036,1044,8,1036,0,8,1.0,0.9923371647509579,0.9923371647509579,0.9961538461538463
5,5,semiregular,3,673,668,5,623,50,45,0.9257057949479941,0.9326347305389222,1.0074850299401197,0.9291573452647278
5,5,irregular,3,227,217,10,194,33,23,0.8546255506607929,0.8940092165898618,1.0460829493087558,0.8738738738738739
5,6,regular,1,918,915,3,894,24,21,0.9738562091503268,0.9770491803278688,1.0032786885245901,0.9754500818330606
5,6,semiregular,1,656,701,45,610,46,91,0.9298780487804879,0.8701854493580599,0.9358059914407989,0.899042004421518
5,6,irregular,1,188,195,7,107,81,88,0.5691489361702128,0.5487179487179488,0.9641025641025641,0.5587467362924282
5,6,regular,2,977,915,62,915,62,0,0.9365404298874105,1.0,1.06775956284153,0.9672304439746301
5,6,semiregular,2,725,701,24,669,56,32,0.9227586206896552,0.9543509272467903,1.0342368045649073,0.938288920056101
5,6,irregular,2,192,195,3,122,70,73,0.6354166666666666,0.6256410256410256,0.9846153846153847,0.6304909560723515
5,6,regular,3,907,915,8,902,5,13,0.9944873208379272,0.985792349726776,0.9912568306010929,0.9901207464324917
5,6,semiregular,3,690,701,11,660,30,41,0.9565217391304348,0.9415121255349501,0.9843081312410842,0.9489575844716033
5,6,irregular,3,213,195,18,175,38,20,0.8215962441314554,0.8974358974358975,1.0923076923076922,0.857843137254902
5,7,regular,1,1162,1230,68,1154,8,76,0.9931153184165232,0.9382113821138212,0.9447154471544715,0.9648829431438127
5,7,semiregular,1,709,761,52,634,75,127,0.8942172073342737,0.8331143232588699,0.9316688567674113,0.8625850340136054
5,7,irregular,1,228,225,3,122,106,103,0.5350877192982456,0.5422222222222223,1.0133333333333334,0.5386313465783664
5,7,regular,2,1245,1230,15,1224,21,6,0.983132530120482,0.9951219512195122,1.0121951219512195,0.989090909090909
5,7,semiregular,2,723,761,38,663,60,98,0.91701244813278,0.871222076215506,0.9500657030223391,0.8935309973045823
5,7,irregular,2,184,225,41,174,10,51,0.9456521739130435,0.7733333333333333,0.8177777777777778,0.8508557457212713
5,7,regular,3,1225,1230,5,1221,4,9,0.996734693877551,0.9926829268292683,0.9959349593495935,0.994704684317719
5,7,semiregular,3,729,761,32,668,61,93,0.9163237311385459,0.8777923784494087,0.9579500657030223,0.8966442953020134
5,7,irregular,3,223,225,2,196,27,29,0.8789237668161435,0.8711111111111111,0.9911111111111112,0.8749999999999999
5,8,regular,1,1007,1035,28,1001,6,34,0.9940417080436942,0.9671497584541063,0.9729468599033816,0.9804113614103821
5,8,semiregular,1,810,827,17,724,86,103,0.8938271604938272,0.875453446191052,0.9794437726723095,0.8845448992058643
5,8,irregular,1,256,243,13,150,106,93,0.5859375,0.6172839506172839,1.0534979423868314,0.6012024048096192
5,8,regular,2,1026,1035,9,1015,11,20,0.9892787524366472,0.9806763285024155,0.991304347826087,0.984958757884522
5,8,semiregular,2,810,827,17,754,56,73,0.9308641975308642,0.9117291414752116,0.9794437726723095,0.9211973121563836
5,8,irregular,2,217,243,26,187,30,56,0.8617511520737328,0.7695473251028807,0.8930041152263375,0.8130434782608695
5,8,regular,3,1038,1035,3,1031,7,4,0.9932562620423893,0.996135265700483,1.0028985507246377,0.994693680656054
5,8,semiregular,3,814,827,13,764,50,63,0.9385749385749386,0.9238210399032648,0.9842805320435308,0.9311395490554539
5,8,irregular,3,250,243,7,205,45,38,0.82,0.8436213991769548,1.02880658436214,0.8316430020283976
5,9,regular,1,1055,1107,52,1049,6,58,0.9943127962085309,0.947606142728094,0.953026196928636,0.9703977798334876
5,9,semiregular,1,605,701,96,579,26,122,0.9570247933884297,0.8259629101283881,0.8630527817403709,0.886676875957121
5,9,irregular,1,257,266,9,141,116,125,0.5486381322957199,0.5300751879699248,0.9661654135338346,0.5391969407265775
5,9,regular,2,1029,1107,78,1022,7,85,0.9931972789115646,0.9232158988256549,0.9295392953929539,0.9569288389513109
5,9,semiregular,2,627,701,74,601,26,100,0.9585326953748007,0.8573466476462197,0.8944365192582026,0.9051204819277109
5,9,irregular,2,234,266,32,213,21,53,0.9102564102564102,0.8007518796992481,0.8796992481203008,0.8520000000000001
5,9,regular,3,1098,1107,9,1096,2,11,0.9981785063752276,0.990063233965673,0.991869918699187,0.9941043083900226
5,9,semiregular,3,672,701,29,652,20,49,0.9702380952380952,0.9300998573466477,0.9586305278174037,0.9497450837581938
5,9,irregular,3,261,266,5,232,29,34,0.8888888888888888,0.8721804511278195,0.981203007518797,0.8804554079696395
5,10,regular,1,1071,1014,57,1009,62,5,0.942110177404295,0.995069033530572,1.0562130177514792,0.9678657074340529
5,10,semiregular,1,624,656,32,581,43,75,0.9310897435897436,0.885670731707317,0.9512195121951219,0.9078125
5,10,irregular,1,217,247,30,169,48,78,0.7788018433179723,0.6842105263157895,0.8785425101214575,0.728448275862069
5,10,regular,2,1063,1014,49,1013,50,1,0.9529633113828786,0.9990138067061144,1.0483234714003944,0.9754453538757822
5,10,semiregular,2,678,656,22,616,62,40,0.9085545722713865,0.9390243902439024,1.0335365853658536,0.9235382308845578
5,10,irregular,2,220,247,27,203,17,44,0.9227272727272727,0.8218623481781376,0.8906882591093117,0.8693790149892934
5,10,regular,3,1018,1014,4,1012,6,2,0.9941060903732809,0.9980276134122288,1.0039447731755424,0.9960629921259843
5,10,semiregular,3,638,656,18,606,32,50,0.9498432601880877,0.9237804878048781,0.9725609756097561,0.9366306027820711
5,10,irregular,3,248,247,1,220,28,27,0.8870967741935484,0.8906882591093117,1.0040485829959513,0.8888888888888887
5,11,regular,1,1063,1070,7,1059,4,11,0.9962370649106302,0.9897196261682243,0.9934579439252337,0.9929676511954993
5,11,semiregular,1,718,700,18,636,82,64,0.8857938718662952,0.9085714285714286,1.0257142857142858,0.8970380818053596
5,11,irregular,1,227,239,12,153,74,86,0.6740088105726872,0.6401673640167364,0.9497907949790795,0.6566523605150214
5,11,regular,2,1089,1070,19,1070,19,0,0.9825528007346189,1.0,1.0177570093457944,0.9911996294580825
5,11,semiregular,2,697,700,3,644,53,56,0.9239598278335724,0.92,0.9957142857142857,0.9219756621331425
5,11,irregular,2,202,239,37,179,23,60,0.8861386138613861,0.7489539748953975,0.8451882845188284,0.8117913832199548
5,11,regular,3,1052,1070,18,1052,0,18,1.0,0.983177570093458,0.983177570093458,0.9915174363807728
5,11,semiregular,3,677,700,23,640,37,60,0.9453471196454948,0.9142857142857143,0.9671428571428572,0.9295570079883806
5,11,irregular,3,227,239,12,196,31,43,0.8634361233480177,0.8200836820083682,0.9497907949790795,0.8412017167381974
5,12,regular,1,1079,1007,72,1007,72,0,0.933271547729379,1.0,1.0714995034756702,0.9654841802492808
5,12,semiregular,1,696,641,55,598,98,43,0.8591954022988506,0.9329173166926678,1.0858034321372856,0.8945400149588633
5,12,irregular,1,264,204,60,184,80,20,0.696969696969697,0.9019607843137255,1.2941176470588236,0.7863247863247863
5,12,regular,2,1050,1007,43,1007,43,0,0.959047619047619,1.0,1.0427010923535254,0.9790957705396208
5,12,semiregular,2,655,641,14,582,73,59,0.8885496183206106,0.9079563182527302,1.0218408736349454,0.8981481481481481
5,12,irregular,2,229,204,25,187,42,17,0.8165938864628821,0.9166666666666666,1.1225490196078431,0.8637413394919168
5,12,regular,3,1011,1007,4,1007,4,0,0.9960435212660732,1.0,1.0039721946375373,0.998017839444995
5,12,semiregular,3,625,641,16,578,47,63,0.9248,0.9017160686427457,0.9750390015600624,0.9131121642969985
5,12,irregular,3,230,204,26,193,37,11,0.8391304347826087,0.946078431372549,1.1274509803921569,0.8894009216589862
5,13,regular,1,1034,1000,34,999,35,1,0.9661508704061895,0.999,1.034,0.9823008849557522
5,13,semiregular,1,831,815,16,767,64,48,0.9229843561973526,0.9411042944785276,1.019631901840491,0.9319562575941678
5,13,irregular,1,307,216,91,169,138,47,0.5504885993485342,0.7824074074074074,1.4212962962962963,0.6462715105162524
5,13,regular,2,1022,1000,22,1000,22,0,0.9784735812133072,1.0,1.022,0.9891196834817012
5,13,semiregular,2,819,815,4,775,44,40,0.9462759462759462,0.950920245398773,1.0049079754601227,0.9485924112607098
5,13,irregular,2,223,216,7,193,30,23,0.8654708520179372,0.8935185185185185,1.0324074074074074,0.8792710706150341
5,13,regular,3,997,1000,3,996,1,4,0.9989969909729187,0.996,0.997,0.9974962443665497
5,13,semiregular,3,798,815,17,767,31,48,0.9611528822055138,0.9411042944785276,0.9791411042944785,0.9510229386236827
5,13,irregular,3,244,216,28,200,44,16,0.819672131147541,0.9259259259259259,1.1296296296296295,0.8695652173913043
5,14,regular,1,1006,1052,46,1005,1,47,0.9990059642147118,0.9553231939163498,0.9562737642585551,0.9766763848396502
5,14,semiregular,1,817,913,96,779,38,134,0.9534883720930233,0.8532311062431545,0.8948521358159912,0.900578034682081
5,14,irregular,1,221,217,4,148,73,69,0.669683257918552,0.6820276497695853,1.0184331797235022,0.6757990867579908
5,14,regular,2,989,1052,63,984,5,68,0.9949443882709808,0.935361216730038,0.9401140684410646,0.964233219010289
5,14,semiregular,2,913,913,0,858,55,55,0.9397590361445783,0.9397590361445783,1.0,0.9397590361445783
5,14,irregular,2,209,217,8,186,23,31,0.8899521531100478,0.8571428571428571,0.9631336405529954,0.8732394366197183
5,14,regular,3,1055,1052,3,1050,5,2,0.995260663507109,0.9980988593155894,1.002851711026616,0.9966777408637874
5,14,semiregular,3,871,913,42,833,38,80,0.9563719862227325,0.9123767798466593,0.9539978094194962,0.9338565022421524
5,14,irregular,3,212,217,5,180,32,37,0.8490566037735849,0.8294930875576036,0.9769585253456221,0.8391608391608391
5,15,regular,1,987,964,23,964,23,0,0.9766970618034447,1.0,1.0238589211618256,0.9882111737570476
5,15,semiregular,1,808,774,34,726,82,48,0.8985148514851485,0.937984496124031,1.0439276485788114,0.9178255372945638
5,15,irregular,1,208,218,10,168,40,50,0.8076923076923077,0.7706422018348624,0.9541284403669725,0.7887323943661972
5,15,regular,2,953,964,11,948,5,16,0.9947534102833159,0.983402489626556,0.9885892116182573,0.9890453834115807
5,15,semiregular,2,773,774,1,731,42,43,0.9456662354463131,0.9444444444444444,0.9987080103359173,0.9450549450549451
5,15,irregular,2,193,218,25,176,17,42,0.9119170984455959,0.8073394495412844,0.8853211009174312,0.8564476885644768
5,15,regular,3,965,964,1,964,1,0,0.9989637305699481,1.0,1.0010373443983402,0.9994815966822187
5,15,semiregular,3,736,774,38,705,31,69,0.9578804347826086,0.9108527131782945,0.9509043927648578,0.933774834437086
5,15,irregular,3,226,218,8,198,28,20,0.8761061946902655,0.908256880733945,1.036697247706422,0.891891891891892
5,16,regular,1,1113,1109,4,1102,11,7,0.9901168014375562,0.9936880072137061,1.0036068530207394,0.9918991899189918
5,16,semiregular,1,654,681,27,583,71,98,0.8914373088685015,0.856093979441997,0.960352422907489,0.8734082397003745
5,16,irregular,1,246,272,26,142,104,130,0.5772357723577236,0.5220588235294118,0.9044117647058824,0.5482625482625483
5,16,regular,2,1151,1109,42,1109,42,0,0.9635099913119027,1.0,1.0378719567177637,0.9814159292035398
5,16,semiregular,2,661,681,20,617,44,64,0.9334341906202723,0.9060205580029369,0.9706314243759178,0.9195230998509688
5,16,irregular,2,237,272,35,202,35,70,0.8523206751054853,0.7426470588235294,0.8713235294117647,0.793713163064833
5,16,regular,3,1108,1109,1,1106,2,3,0.9981949458483754,0.9972948602344455,0.9990982867448152,0.997744700045106
5,16,semiregular,3,632,681,49,596,36,85,0.9430379746835443,0.8751835535976505,0.9280469897209985,0.9078446306169078
5,16,irregular,3,249,272,23,217,32,55,0.8714859437751004,0.7977941176470589,0.9154411764705882,0.8330134357005758
5,17,regular,1,1033,1029,4,1025,8,4,0.9922555663117134,0.9961127308066083,1.0038872691933916,0.9941804073714839
5,17,semiregular,1,764,837,73,700,64,137,0.9162303664921466,0.8363201911589009,0.9127837514934289,0.8744534665833854
5,17,irregular,1,254,240,14,141,113,99,0.5551181102362205,0.5875,1.0583333333333333,0.5708502024291499
5,17,regular,2,1056,1029,27,1029,27,0,0.9744318181818182,1.0,1.0262390670553936,0.9870503597122302
5,17,semiregular,2,862,837,25,798,64,39,0.925754060324826,0.953405017921147,1.0298685782556751,0.9393761035903473
5,17,irregular,2,261,240,21,194,67,46,0.7432950191570882,0.8083333333333333,1.0875,0.7744510978043913
5,17,regular,3,1040,1029,11,1028,12,1,0.9884615384615385,0.9990281827016521,1.010689990281827,0.9937167713871435
5,17,semiregular,3,819,837,18,779,40,58,0.9511599511599511,0.9307048984468339,0.978494623655914,0.9408212560386473
5,17,irregular,3,251,240,11,209,42,31,0.8326693227091634,0.8708333333333333,1.0458333333333334,0.8513238289205703
5,18,regular,1,1043,1044,1,1036,7,8,0.9932885906040269,0.9923371647509579,0.9990421455938697,0.9928126497364639
5,18,semiregular,1,764,801,37,717,47,84,0.9384816753926701,0.8951310861423221,0.9538077403245943,0.91629392971246
5,18,irregular,1,258,252,6,164,94,88,0.6356589147286822,0.6507936507936508,1.0238095238095237,0.6431372549019608
5,18,regular,2,1117,1044,73,1044,73,0,0.9346463742166518,1.0,1.0699233716475096,0.966219342896807
5,18,semiregular,2,805,801,4,757,48,44,0.9403726708074535,0.9450686641697877,1.0049937578027466,0.9427148194271482
5,18,irregular,2,234,252,18,208,26,44,0.8888888888888888,0.8253968253968254,0.9285714285714286,0.8559670781893004
5,18,regular,3,1037,1044,7,1036,1,8,0.9990356798457087,0.9923371647509579,0.9932950191570882,0.995675156174916
5,18,semiregular,3,792,801,9,760,32,41,0.9595959595959596,0.9488139825218477,0.9887640449438202,0.9541745134965475
5,18,irregular,3,257,252,5,224,33,28,0.8715953307392996,0.8888888888888888,1.0198412698412698,0.8801571709233792
5,19,regular,1,1093,1076,17,1064,29,12,0.9734675205855444,0.9888475836431226,1.0157992565055762,0.9810972798524666
5,19,semiregular,1,711,753,42,666,45,87,0.9367088607594937,0.8844621513944223,0.9442231075697212,0.9098360655737705
5,19,irregular,1,254,245,9,166,88,79,0.6535433070866141,0.6775510204081633,1.036734693877551,0.6653306613226453
5,19,regular,2,1130,1076,54,1075,55,1,0.9513274336283186,0.9990706319702602,1.050185873605948,0.9746146872166819
5,19,semiregular,2,718,753,35,681,37,72,0.9484679665738162,0.9043824701195219,0.953519256308101,0.9259007477906186
5,19,irregular,2,245,245,0,213,32,32,0.8693877551020408,0.8693877551020408,1.0,0.8693877551020408
5,19,regular,3,1064,1076,12,1063,1,13,0.9990601503759399,0.9879182156133829,0.9888475836431226,0.9934579439252337
5,19,semiregular,3,697,753,56,668,29,85,0.9583931133428981,0.8871181938911022,0.9256308100929614,0.9213793103448277
5,19,irregular,3,234,245,11,199,35,46,0.8504273504273504,0.8122448979591836,0.9551020408163265,0.8308977035490605
5,20,regular,1,1184,1251,67,1179,5,72,0.995777027027027,0.9424460431654677,0.9464428457234213,0.9683778234086242
5,20,semiregular,1,879,841,38,774,105,67,0.8805460750853242,0.920332936979786,1.0451843043995244,0.9
5,20,irregular,1,311,252,59,177,134,75,0.5691318327974276,0.7023809523809523,1.2341269841269842,0.6287744227353463
5,20,regular,2,1264,1251,13,1244,20,7,0.9841772151898734,0.9944044764188649,1.0103916866506795,0.9892644135188867
5,20,semiregular,2,804,841,37,740,64,101,0.9203980099502488,0.8799048751486326,0.9560047562425684,0.8996960486322189
5,20,irregular,2,227,252,25,195,32,57,0.8590308370044053,0.7738095238095238,0.9007936507936508,0.8141962421711899
5,20,regular,3,1185,1251,66,1184,1,67,0.99915611814346,0.9464428457234213,0.947242206235012,0.9720853858784892
5,20,semiregular,3,817,841,24,753,64,88,0.9216646266829865,0.8953626634958383,0.9714625445897741,0.9083232810615198
5,20,irregular,3,243,252,9,212,31,40,0.8724279835390947,0.8412698412698413,0.9642857142857143,0.8565656565656565
5,21,regular,1,934,920,14,919,15,1,0.9839400428265525,0.9989130434782608,1.0152173913043478,0.9913700107874865
5,21,semiregular,1,554,549,5,463,91,86,0.8357400722021661,0.843351548269581,1.0091074681238617,0.8395285584768812
5,21,irregular,1,244,204,40,169,75,35,0.6926229508196722,0.8284313725490197,1.196078431372549,0.7544642857142858
5,21,regular,2,942,920,22,920,22,0,0.9766454352441614,1.0,1.0239130434782608,0.9881847475832438
5,21,semiregular,2,573,549,24,511,62,38,0.8917975567190227,0.930783242258652,1.0437158469945356,0.910873440285205
5,21,irregular,2,200,204,4,176,24,28,0.88,0.8627450980392157,0.9803921568627451,0.8712871287128714
5,21,regular,3,909,920,11,908,1,12,0.9988998899889989,0.9869565217391304,0.9880434782608696,0.9928922908693274
5,21,semiregular,3,571,549,22,515,56,34,0.9019264448336253,0.9380692167577414,1.0400728597449909,0.9196428571428572
5,21,irregular,3,208,204,4,192,16,12,0.9230769230769231,0.9411764705882353,1.0196078431372548,0.9320388349514563
5,22,regular,1,1025,946,79,946,79,0,0.9229268292682927,1.0,1.0835095137420718,0.9599188229325216
5,22,semiregular,1,714,703,11,648,66,55,0.907563025210084,0.9217638691322901,1.0156472261735419,0.9146083274523642
5,22,irregular,1,228,247,19,161,67,86,0.706140350877193,0.6518218623481782,0.9230769230769231,0.6778947368421052
5,22,regular,2,992,946,46,946,46,0,0.9536290322580645,1.0,1.0486257928118394,0.9762641898864809
5,22,semiregular,2,699,703,4,645,54,58,0.9227467811158798,0.9174964438122333,0.9943100995732574,0.920114122681883
5,22,irregular,2,223,247,24,198,25,49,0.8878923766816144,0.8016194331983806,0.902834008097166,0.8425531914893616
5,22,regular,3,946,946,0,943,3,3,0.9968287526427061,0.9968287526427061,1.0,0.9968287526427061
5,22,semiregular,3,674,703,29,637,37,66,0.9451038575667656,0.9061166429587483,0.9587482219061166,0.925199709513435
5,22,irregular,3,251,247,4,212,39,35,0.8446215139442231,0.8582995951417004,1.0161943319838056,0.8514056224899598
5,23,regular,1,980,999,19,971,9,28,0.9908163265306122,0.9719719719719719,0.980980980980981,0.9813036887316827
5,23,semiregular,1,770,835,65,707,63,128,0.9181818181818182,0.8467065868263473,0.9221556886227545,0.8809968847352025
5,23,irregular,1,219,266,47,121,98,145,0.5525114155251142,0.4548872180451128,0.8233082706766918,0.49896907216494846
5,23,regular,2,999,999,0,972,27,27,0.972972972972973,0.972972972972973,1.0,0.972972972972973
5,23,semiregular,2,835,835,0,781,54,54,0.9353293413173652,0.9353293413173652,1.0,0.9353293413173652
5,23,irregular,2,227,266,39,204,23,62,0.8986784140969163,0.7669172932330827,0.8533834586466166,0.8275862068965517
5,23,regular,3,1005,999,6,998,7,1,0.9930348258706467,0.998998998998999,1.006006006006006,0.9960079840319362
5,23,semiregular,3,838,835,3,779,59,56,0.9295942720763724,0.932934131736527,1.0035928143712576,0.931261207411835
5,23,irregular,3,287,266,21,230,57,36,0.8013937282229965,0.8646616541353384,1.0789473684210527,0.8318264014466547
5,24,regular,1,1075,1079,4,1065,10,14,0.9906976744186047,0.9870250231696015,0.9962928637627433,0.9888579387186629
5,24,semiregular,1,664,680,16,584,80,96,0.8795180722891566,0.8588235294117647,0.9764705882352941,0.8690476190476191
5,24,irregular,1,195,247,52,148,47,99,0.7589743589743589,0.5991902834008097,0.7894736842105263,0.6696832579185521
5,24,regular,2,1036,1079,43,1025,11,54,0.9893822393822393,0.9499536607970342,0.9601482854494903,0.9692671394799054
5,24,semiregular,2,659,680,21,635,24,45,0.9635811836115327,0.9338235294117647,0.9691176470588235,0.948469006721434
5,24,irregular,2,215,247,32,207,8,40,0.9627906976744186,0.8380566801619433,0.8704453441295547,0.8961038961038962
5,24,regular,3,1071,1079,8,1069,2,10,0.9981325863678805,0.9907321594068582,0.9925857275254866,0.9944186046511627
5,24,semiregular,3,654,680,26,637,17,43,0.9740061162079511,0.9367647058823529,0.961764705882353,0.9550224887556221
5,24,irregular,3,234,247,13,218,16,29,0.9316239316239316,0.8825910931174089,0.9473684210526315,0.9064449064449065
5,25,regular,1,933,946,13,930,3,16,0.9967845659163987,0.9830866807610994,0.9862579281183932,0.989888238424694
5,25,semiregular,1,649,718,69,589,60,129,0.9075500770416025,0.8203342618384402,0.903899721448468,0.8617410387710315
5,25,irregular,1,253,207,46,148,105,59,0.5849802371541502,0.714975845410628,1.2222222222222223,0.6434782608695652
5,25,regular,2,921,946,25,916,5,30,0.99457111834962,0.9682875264270613,0.9735729386892178,0.9812533476164972
5,25,semiregular,2,714,718,4,667,47,51,0.9341736694677871,0.9289693593314763,0.9944289693593314,0.9315642458100558
5,25,irregular,2,203,207,4,145,58,62,0.7142857142857143,0.7004830917874396,0.9806763285024155,0.7073170731707316
5,25,regular,3,873,946,73,872,1,74,0.9988545246277205,0.9217758985200846,0.9228329809725159,0.9587685541506322
5,25,semiregular,3,622,718,96,581,41,137,0.9340836012861736,0.8091922005571031,0.8662952646239555,0.8671641791044775
5,25,irregular,3,221,207,14,153,68,54,0.6923076923076923,0.7391304347826086,1.067632850241546,0.7149532710280374
5,26,regular,1,1154,985,169,984,170,1,0.8526863084922011,0.9989847715736041,1.1715736040609137,0.9200561009817673
5,26,semiregular,1,737,720,17,654,83,66,0.8873812754409769,0.9083333333333333,1.023611111111111,0.8977350720658888
5,26,irregular,1,340,214,126,189,151,25,0.5558823529411765,0.883177570093458,1.588785046728972,0.6823104693140795
5,26,regular,2,1023,985,38,892,131,93,0.8719452590420332,0.9055837563451776,1.0385786802030457,0.8884462151394422
5,26,semiregular,2,752,720,32,675,77,45,0.8976063829787234,0.9375,1.0444444444444445,0.9171195652173912
5,26,irregular,2,210,214,4,149,61,65,0.7095238095238096,0.6962616822429907,0.9813084112149533,0.7028301886792453
5,26,regular,3,1105,985,120,982,123,3,0.8886877828054298,0.9969543147208122,1.1218274111675126,0.9397129186602872
5,26,semiregular,3,710,720,10,657,53,63,0.9253521126760563,0.9125,0.9861111111111112,0.9188811188811189
5,26,irregular,3,268,214,54,197,71,17,0.7350746268656716,0.9205607476635514,1.2523364485981308,0.8174273858921162
5,27,regular,1,1089,1166,77,1085,4,81,0.9963269054178145,0.9305317324185248,0.9339622641509434,0.9623059866962305
5,27,semiregular,1,566,728,162,504,62,224,0.8904593639575972,0.6923076923076923,0.7774725274725275,0.7789799072642969
5,27,irregular,1,205,270,65,152,53,118,0.7414634146341463,0.562962962962963,0.7592592592592593,0.6399999999999999
5,27,regular,2,1098,1166,68,1090,8,76,0.9927140255009107,0.934819897084048,0.9416809605488851,0.9628975265017667
5,27,semiregular,2,713,728,15,670,43,58,0.9396914446002805,0.9203296703296703,0.9793956043956044,0.9299097848716169
5,27,irregular,2,240,270,30,220,20,50,0.9166666666666666,0.8148148148148148,0.8888888888888888,0.8627450980392156
5,27,regular,3,1167,1166,1,1164,3,2,0.9974293059125964,0.9982847341337907,1.0008576329331047,0.9978568366909558
5,27,semiregular,3,680,728,48,642,38,86,0.9441176470588235,0.8818681318681318,0.9340659340659341,0.9119318181818181
5,27,irregular,3,262,270,8,232,30,38,0.8854961832061069,0.8592592592592593,0.9703703703703703,0.8721804511278195
5,28,regular,1,1097,1098,1,1083,14,15,0.9872379216043756,0.9863387978142076,0.9990892531876139,0.9867881548974943
5,28,semiregular,1,901,859,42,799,102,60,0.8867924528301887,0.930151338766007,1.048894062863795,0.9079545454545455
5,28,irregular,1,346,293,53,172,174,121,0.49710982658959535,0.5870307167235495,1.180887372013652,0.5383411580594679
5,28,regular,2,1074,1098,24,1056,18,42,0.9832402234636871,0.9617486338797814,0.9781420765027322,0.9723756906077347
5,28,semiregular,2,832,859,27,786,46,73,0.9447115384615384,0.9150174621653085,0.9685681024447031,0.9296274393849794
5,28,irregular,2,261,293,32,204,57,89,0.7816091954022989,0.6962457337883959,0.8907849829351536,0.736462093862816
5,28,regular,3,1101,1098,3,1095,6,3,0.9945504087193461,0.9972677595628415,1.0027322404371584,0.9959072305593452
5,28,semiregular,3,799,859,60,770,29,89,0.9637046307884856,0.8963911525029103,0.930151338766007,0.9288299155609167
5,28,irregular,3,293,293,0,216,77,77,0.7372013651877133,0.7372013651877133,1.0,0.7372013651877133
5,29,regular,1,1119,1140,21,1114,5,26,0.9955317247542449,0.9771929824561404,0.9815789473684211,0.9862771137671537
5,29,semiregular,1,856,869,13,767,89,102,0.8960280373831776,0.8826237054085155,0.9850402761795167,0.8892753623188406
5,29,irregular,1,265,247,18,174,91,73,0.6566037735849056,0.7044534412955465,1.0728744939271255,0.6796874999999999
5,29,regular,2,1094,1140,46,1089,5,51,0.9954296160877514,0.9552631578947368,0.9596491228070175,0.9749328558639212
5,29,semiregular,2,958,869,89,844,114,25,0.8810020876826722,0.9712313003452244,1.1024165707710012,0.9239189928845102
5,29,irregular,2,245,247,2,209,36,38,0.8530612244897959,0.8461538461538461,0.9919028340080972,0.8495934959349594
5,29,regular,3,1117,1140,23,1114,3,26,0.9973142345568488,0.9771929824561404,0.9798245614035088,0.9871510855117412
5,29,semiregular,3,858,869,11,791,67,78,0.921911421911422,0.9102416570771001,0.9873417721518988,0.9160393746381007
5,29,irregular,3,255,247,8,218,37,29,0.8549019607843137,0.8825910931174089,1.0323886639676114,0.8685258964143425
5,30,regular,1,987,997,10,983,4,14,0.9959473150962512,0.9859578736208626,0.9899699097291875,0.9909274193548387
5,30,semiregular,1,768,810,42,714,54,96,0.9296875,0.8814814814814815,0.9481481481481482,0.9049429657794676
5,30,irregular,1,291,250,41,167,124,83,0.5738831615120275,0.668,1.164,0.6173752310536045
5,30,regular,2,952,997,45,948,4,49,0.9957983193277311,0.950852557673019,0.954864593781344,0.9728065674704975
5,30,semiregular,2,808,810,2,761,47,49,0.9418316831683168,0.9395061728395062,0.9975308641975309,0.9406674907292953
5,30,irregular,2,218,250,32,195,23,55,0.8944954128440367,0.78,0.872,0.8333333333333334
5,30,regular,3,999,997,2,995,4,2,0.995995995995996,0.9979939819458375,1.0020060180541626,0.996993987975952
5,30,semiregular,3,785,810,25,746,39,64,0.9503184713375796,0.9209876543209876,0.9691358024691358,0.935423197492163
5,30,irregular,3,262,250,12,210,52,40,0.8015267175572519,0.84,1.048,0.8203125
