Test fold number,Subject,Gait,Sensor,Predicted,Actual,Difference,TP,FP,FN,PPV,Sensitivity,RCA,SDA
1,1,regular,1,1020,937,83,937,83,0,0.9186274509803921,1.0,1.088580576307364,0.9575881451200818
1,1,semiregular,1,792,703,89,654,138,49,0.8257575757575758,0.930298719772404,1.1266002844950214,0.8749163879598663
1,1,irregular,1,77,199,122,70,7,129,0.9090909090909091,0.35175879396984927,0.3869346733668342,0.5072463768115942
1,1,regular,2,1048,937,111,937,111,0,0.8940839694656488,1.0,1.1184631803628602,0.944080604534005
1,1,semiregular,2,784,703,81,656,128,47,0.8367346938775511,0.9331436699857752,1.1152204836415363,0.8823133826496301
1,1,irregular,2,155,199,44,150,5,49,0.967741935483871,0.7537688442211056,0.7788944723618091,0.8474576271186441
1,1,regular,3,1059,937,122,937,122,0,0.8847969782813976,1.0,1.1302027748132337,0.938877755511022
1,1,semiregular,3,762,703,59,669,93,34,0.8779527559055118,0.9516358463726885,1.0839260312944523,0.9133105802047781
1,1,irregular,3,10,199,189,2,8,197,0.2,0.010050251256281407,0.05025125628140704,0.019138755980861247
1,2,regular,1,1238,1224,14,1216,22,8,0.9822294022617124,0.9934640522875817,1.011437908496732,0.9878147847278635
1,2,semiregular,1,576,647,71,540,36,107,0.9375,0.8346213292117465,0.8902627511591963,0.8830744071954211
1,2,irregular,1,63,217,154,54,9,163,0.8571428571428571,0.2488479262672811,0.2903225806451613,0.38571428571428573
1,2,regular,2,1235,1224,11,1217,18,7,0.9854251012145749,0.994281045751634,1.0089869281045751,0.9898332655551038
1,2,semiregular,2,612,647,35,582,30,65,0.9509803921568627,0.8995363214837713,0.9459041731066461,0.9245432883240666
1,2,irregular,2,175,217,42,165,10,52,0.9428571428571428,0.7603686635944701,0.8064516129032258,0.8418367346938777
1,2,regular,3,1247,1224,23,1219,28,5,0.9775461106655974,0.9959150326797386,1.0187908496732025,0.9866450829623633
1,2,semiregular,3,647,647,0,621,26,26,0.9598145285935085,0.9598145285935085,1.0,0.9598145285935085
1,2,irregular,3,14,217,203,3,11,214,0.21428571428571427,0.013824884792626729,0.06451612903225806,0.02597402597402598
1,3,regular,1,1047,1053,6,1041,6,12,0.994269340974212,0.9886039886039886,0.9943019943019943,0.9914285714285714
1,3,semiregular,1,710,716,6,639,71,77,0.9,0.8924581005586593,0.9916201117318436,0.8962131837307152
1,3,irregular,1,104,224,120,90,14,134,0.8653846153846154,0.4017857142857143,0.4642857142857143,0.5487804878048781
1,3,regular,2,1039,1053,14,1036,3,17,0.9971126082771896,0.9838556505223172,0.9867046533713201,0.9904397705544933
1,3,semiregular,2,727,716,11,660,67,56,0.9078404401650619,0.9217877094972067,1.01536312849162,0.9147609147609147
1,3,irregular,2,174,224,50,169,5,55,0.9712643678160919,0.7544642857142857,0.7767857142857143,0.8492462311557789
1,3,regular,3,1052,1053,1,1046,6,7,0.9942965779467681,0.99335232668566,0.9990503323836657,0.9938242280285035
1,3,semiregular,3,721,716,5,667,54,49,0.9251040221914009,0.9315642458100558,1.0069832402234637,0.9283228949199722
1,3,irregular,3,13,224,211,1,12,223,0.07692307692307693,0.004464285714285714,0.05803571428571429,0.008438818565400845
1,4,regular,1,1170,1101,69,1101,69,0,0.941025641025641,1.0,1.0626702997275204,0.9696169088507266
1,4,semiregular,1,692,614,78,557,135,57,0.8049132947976878,0.9071661237785016,1.1270358306188926,0.8529862174578866
1,4,irregular,1,51,228,177,44,7,184,0.8627450980392157,0.19298245614035087,0.2236842105263158,0.31541218637992835
1,4,regular,2,1156,1101,55,1101,55,0,0.9524221453287197,1.0,1.0499545867393278,0.9756313690739921
1,4,semiregular,2,638,614,24,561,77,53,0.8793103448275862,0.9136807817589576,1.0390879478827362,0.8961661341853036
1,4,irregular,2,188,228,40,179,9,49,0.9521276595744681,0.7850877192982456,0.8245614035087719,0.8605769230769231
1,4,regular,3,1161,1101,60,1100,61,1,0.9474590869939707,0.9990917347865577,1.0544959128065394,0.9725906277630416
1,4,semiregular,3,626,614,12,575,51,39,0.9185303514376997,0.9364820846905537,1.019543973941368,0.9274193548387096
1,4,irregular,3,14,228,214,5,9,223,0.35714285714285715,0.021929824561403508,0.06140350877192982,0.04132231404958677
1,5,regular,1,1064,1044,20,1044,20,0,0.981203007518797,1.0,1.0191570881226053,0.9905123339658444
1,5,semiregular,1,779,668,111,637,142,31,0.8177150192554558,0.9535928143712575,1.1661676646706587,0.8804422944022116
1,5,irregular,1,81,217,136,72,9,145,0.8888888888888888,0.3317972350230415,0.37327188940092165,0.4832214765100672
1,5,regular,2,1061,1044,17,1044,17,0,0.9839773798303487,1.0,1.0162835249042146,0.9919239904988123
1,5,semiregular,2,752,668,84,636,116,32,0.8457446808510638,0.9520958083832335,1.125748502994012,0.8957746478873239
1,5,irregular,2,181,217,36,172,9,45,0.9502762430939227,0.7926267281105991,0.8341013824884793,0.864321608040201
1,5,regular,3,1081,1044,37,1044,37,0,0.96577243293247,1.0,1.03544061302682,0.9825882352941177
1,5,semiregular,3,723,668,55,637,86,31,0.8810511756569848,0.9535928143712575,1.0823353293413174,0.9158878504672897
1,5,irregular,3,16,217,201,3,13,214,0.1875,0.013824884792626729,0.07373271889400922,0.02575107296137339
1,6,regular,1,1005,915,90,915,90,0,0.9104477611940298,1.0,1.098360655737705,0.953125
1,6,semiregular,1,730,701,29,648,82,53,0.8876712328767123,0.9243937232524965,1.0413694721825963,0.9056603773584906
1,6,irregular,1,76,195,119,47,29,148,0.618421052631579,0.24102564102564103,0.38974358974358975,0.3468634686346863
1,6,regular,2,1004,915,89,914,90,1,0.9103585657370518,0.9989071038251366,1.0972677595628415,0.9525794684731631
1,6,semiregular,2,715,701,14,658,57,43,0.9202797202797203,0.9386590584878745,1.0199714693295292,0.9293785310734464
1,6,irregular,2,176,195,19,114,62,81,0.6477272727272727,0.5846153846153846,0.9025641025641026,0.6145552560646901
1,6,regular,3,1000,915,85,915,85,0,0.915,1.0,1.092896174863388,0.9556135770234987
1,6,semiregular,3,697,701,4,646,51,55,0.926829268292683,0.9215406562054208,0.9942938659058488,0.9241773962804006
1,6,irregular,3,15,195,180,4,11,191,0.26666666666666666,0.020512820512820513,0.07692307692307693,0.0380952380952381
1,7,regular,1,1281,1230,51,1229,52,1,0.9594067135050741,0.9991869918699187,1.0414634146341464,0.9788928713659896
1,7,semiregular,1,851,761,90,696,155,65,0.81786133960047,0.9145860709592641,1.1182654402102497,0.8635235732009925
1,7,irregular,1,8,225,217,2,6,223,0.25,0.008888888888888889,0.035555555555555556,0.017167381974248927
1,7,regular,2,1255,1230,25,1227,28,3,0.9776892430278884,0.9975609756097561,1.0203252032520325,0.9875251509054327
1,7,semiregular,2,777,761,16,676,101,85,0.87001287001287,0.8883048620236531,1.0210249671484888,0.8790637191157347
1,7,irregular,2,151,225,74,150,1,75,0.9933774834437086,0.6666666666666666,0.6711111111111111,0.7978723404255318
1,7,regular,3,1291,1230,61,1229,62,1,0.9519752130131681,0.9991869918699187,1.0495934959349593,0.9750099166997223
1,7,semiregular,3,774,761,13,698,76,63,0.9018087855297158,0.9172141918528253,1.0170827858081473,0.9094462540716614
1,7,irregular,3,19,225,206,4,15,221,0.21052631578947367,0.017777777777777778,0.08444444444444445,0.03278688524590164
1,8,regular,1,1065,1035,30,1035,30,0,0.971830985915493,1.0,1.0289855072463767,0.9857142857142858
1,8,semiregular,1,847,827,20,745,102,82,0.8795749704840614,0.9008464328899637,1.0241837968561065,0.8900836320191159
1,8,irregular,1,81,243,162,69,12,174,0.8518518518518519,0.2839506172839506,0.3333333333333333,0.42592592592592593
1,8,regular,2,1066,1035,31,1034,32,1,0.9699812382739212,0.9990338164251208,1.029951690821256,0.9842931937172776
1,8,semiregular,2,840,827,13,765,75,62,0.9107142857142857,0.9250302297460702,1.0157194679564692,0.9178164367126576
1,8,irregular,2,165,243,78,159,6,84,0.9636363636363636,0.654320987654321,0.6790123456790124,0.7794117647058824
1,8,regular,3,1075,1035,40,1035,40,0,0.9627906976744186,1.0,1.038647342995169,0.9810426540284359
1,8,semiregular,3,825,827,2,761,64,66,0.9224242424242424,0.9201934703748489,0.9975816203143894,0.9213075060532687
1,8,irregular,3,22,243,221,4,18,239,0.18181818181818182,0.01646090534979424,0.09053497942386832,0.03018867924528302
1,9,regular,1,1108,1107,1,1100,8,7,0.9927797833935018,0.993676603432701,1.000903342366757,0.9932279909706546
1,9,semiregular,1,622,701,79,581,41,120,0.9340836012861736,0.8288159771754636,0.8873038516405135,0.8783068783068784
1,9,irregular,1,76,266,190,70,6,196,0.9210526315789473,0.2631578947368421,0.2857142857142857,0.40935672514619886
1,9,regular,2,1112,1107,5,1103,9,4,0.9919064748201439,0.996386630532972,1.004516711833785,0.9941415051825147
1,9,semiregular,2,618,701,83,584,34,117,0.9449838187702265,0.833095577746077,0.8815977175463623,0.8855193328278999
1,9,irregular,2,198,266,68,194,4,72,0.9797979797979798,0.7293233082706767,0.7443609022556391,0.8362068965517242
1,9,regular,3,1105,1107,2,1096,9,11,0.9918552036199095,0.990063233965673,0.998193315266486,0.9909584086799277
1,9,semiregular,3,661,701,40,638,23,63,0.9652042360060514,0.9101283880171184,0.9429386590584878,0.9368575624082232
1,9,irregular,3,18,266,248,0,18,266,-1,-1,0.06766917293233082,-1
1,10,regular,1,1097,1014,83,1014,83,0,0.9243391066545124,1.0,1.081854043392505,0.9606821411653245
1,10,semiregular,1,690,656,34,623,67,33,0.9028985507246376,0.9496951219512195,1.0518292682926829,0.925705794947994
1,10,irregular,1,106,247,141,94,12,153,0.8867924528301887,0.3805668016194332,0.4291497975708502,0.5325779036827195
1,10,regular,2,1096,1014,82,1014,82,0,0.9251824817518248,1.0,1.0808678500986193,0.9611374407582939
1,10,semiregular,2,679,656,23,621,58,35,0.914580265095729,0.9466463414634146,1.0350609756097562,0.9303370786516855
1,10,irregular,2,192,247,55,182,10,65,0.9479166666666666,0.7368421052631579,0.7773279352226721,0.8291571753986333
1,10,regular,3,1101,1014,87,1014,87,0,0.9209809264305178,1.0,1.0857988165680474,0.9588652482269504
1,10,semiregular,3,662,656,6,622,40,34,0.9395770392749244,0.948170731707317,1.0091463414634145,0.9438543247344461
1,10,irregular,3,15,247,232,1,14,246,0.06666666666666667,0.004048582995951417,0.06072874493927125,0.0076335877862595426
1,11,regular,1,1102,1070,32,1070,32,0,0.9709618874773139,1.0,1.0299065420560747,0.9852670349907919
1,11,semiregular,1,774,700,74,654,120,46,0.8449612403100775,0.9342857142857143,1.1057142857142856,0.8873812754409769
1,11,irregular,1,91,239,148,80,11,159,0.8791208791208791,0.33472803347280333,0.3807531380753138,0.48484848484848486
1,11,regular,2,1097,1070,27,1070,27,0,0.97538742023701,1.0,1.0252336448598132,0.9875403784033224
1,11,semiregular,2,719,700,19,647,72,53,0.8998609179415855,0.9242857142857143,1.0271428571428571,0.9119097956307259
1,11,irregular,2,168,239,71,163,5,76,0.9702380952380952,0.6820083682008368,0.702928870292887,0.800982800982801
1,11,regular,3,1118,1070,48,1070,48,0,0.9570661896243292,1.0,1.0448598130841122,0.9780621572212066
1,11,semiregular,3,699,700,1,647,52,53,0.9256080114449213,0.9242857142857143,0.9985714285714286,0.9249463902787706
1,11,irregular,3,15,239,224,1,14,238,0.06666666666666667,0.0041841004184100415,0.06276150627615062,0.007874015748031494
1,12,regular,1,1060,1007,53,1007,53,0,0.95,1.0,1.0526315789473684,0.9743589743589743
1,12,semiregular,1,751,641,110,613,138,28,0.8162450066577897,0.9563182527301092,1.171606864274571,0.8807471264367815
1,12,irregular,1,131,204,73,117,14,87,0.8931297709923665,0.5735294117647058,0.6421568627450981,0.6985074626865672
1,12,regular,2,1085,1007,78,1007,78,0,0.928110599078341,1.0,1.0774577954319762,0.962715105162524
1,12,semiregular,2,700,641,59,590,110,51,0.8428571428571429,0.9204368174726989,1.0920436817472698,0.8799403430275913
1,12,irregular,2,201,204,3,182,19,22,0.9054726368159204,0.8921568627450981,0.9852941176470589,0.8987654320987655
1,12,regular,3,1076,1007,69,1007,69,0,0.9358736059479554,1.0,1.0685203574975173,0.9668746999519924
1,12,semiregular,3,669,641,28,591,78,50,0.8834080717488789,0.921996879875195,1.0436817472698907,0.9022900763358778
1,12,irregular,3,16,204,188,5,11,199,0.3125,0.024509803921568627,0.0784313725490196,0.04545454545454545
1,13,regular,1,1015,1000,15,1000,15,0,0.9852216748768473,1.0,1.015,0.9925558312655086
1,13,semiregular,1,882,815,67,783,99,32,0.8877551020408163,0.9607361963190184,1.0822085889570552,0.9228049499116087
1,13,irregular,1,132,216,84,108,24,108,0.8181818181818182,0.5,0.6111111111111112,0.6206896551724137
1,13,regular,2,1055,1000,55,1000,55,0,0.9478672985781991,1.0,1.055,0.9732360097323601
1,13,semiregular,2,828,815,13,768,60,47,0.927536231884058,0.9423312883435583,1.0159509202453987,0.9348752282410225
1,13,irregular,2,209,216,7,196,13,20,0.937799043062201,0.9074074074074074,0.9675925925925926,0.9223529411764707
1,13,regular,3,1049,1000,49,1000,49,0,0.9532888465204957,1.0,1.049,0.9760858955588092
1,13,semiregular,3,806,815,9,766,40,49,0.9503722084367245,0.939877300613497,0.9889570552147239,0.945095619987662
1,13,irregular,3,22,216,194,0,22,216,-1,-1,0.10185185185185185,-1
1,14,regular,1,1072,1052,20,1052,20,0,0.9813432835820896,1.0,1.0190114068441065,0.9905838041431261
1,14,semiregular,1,903,913,10,832,71,81,0.9213732004429679,0.9112814895947426,0.9890470974808324,0.9162995594713657
1,14,irregular,1,83,217,134,74,9,143,0.891566265060241,0.34101382488479265,0.3824884792626728,0.4933333333333333
1,14,regular,2,1066,1052,14,1052,14,0,0.9868667917448405,1.0,1.0133079847908746,0.9933899905571294
1,14,semiregular,2,923,913,10,858,65,55,0.9295774647887324,0.9397590361445783,1.0109529025191675,0.9346405228758169
1,14,irregular,2,186,217,31,179,7,38,0.9623655913978495,0.8248847926267281,0.8571428571428571,0.8883374689826302
1,14,regular,3,1071,1052,19,1052,19,0,0.9822595704948646,1.0,1.018060836501901,0.9910504003768251
1,14,semiregular,3,896,913,17,842,54,71,0.9397321428571429,0.9222343921139102,0.9813800657174151,0.9309010503040355
1,14,irregular,3,15,217,202,3,12,214,0.2,0.013824884792626729,0.06912442396313365,0.025862068965517244
1,15,regular,1,991,964,27,964,27,0,0.9727547931382442,1.0,1.0280082987551866,0.9861892583120205
1,15,semiregular,1,818,774,44,743,75,31,0.9083129584352079,0.9599483204134367,1.0568475452196382,0.9334170854271358
1,15,irregular,1,126,218,92,116,10,102,0.9206349206349206,0.5321100917431193,0.5779816513761468,0.6744186046511628
1,15,regular,2,980,964,16,964,16,0,0.9836734693877551,1.0,1.016597510373444,0.9917695473251029
1,15,semiregular,2,773,774,1,721,52,53,0.9327296248382924,0.9315245478036176,0.9987080103359173,0.9321266968325792
1,15,irregular,2,194,218,24,188,6,30,0.9690721649484536,0.8623853211009175,0.8899082568807339,0.912621359223301
1,15,regular,3,987,964,23,964,23,0,0.9766970618034447,1.0,1.0238589211618256,0.9882111737570476
1,15,semiregular,3,743,774,31,703,40,71,0.946164199192463,0.9082687338501292,0.9599483204134367,0.9268292682926829
1,15,irregular,3,16,218,202,3,13,215,0.1875,0.013761467889908258,0.07339449541284404,0.025641025641025644
1,16,regular,1,1159,1109,50,1109,50,0,0.9568593615185504,1.0,1.0450856627592426,0.9779541446208113
1,16,semiregular,1,751,681,70,631,120,50,0.8402130492676432,0.9265785609397944,1.1027900146842877,0.8812849162011175
1,16,irregular,1,72,272,200,59,13,213,0.8194444444444444,0.21691176470588236,0.2647058823529412,0.3430232558139535
1,16,regular,2,1168,1109,59,1109,59,0,0.949486301369863,1.0,1.0532010820559061,0.9740887132191479
1,16,semiregular,2,700,681,19,626,74,55,0.8942857142857142,0.9192364170337739,1.0279001468428781,0.9065894279507604
1,16,irregular,2,200,272,72,193,7,79,0.965,0.7095588235294118,0.7352941176470589,0.8177966101694915
1,16,regular,3,1166,1109,57,1109,57,0,0.951114922813036,1.0,1.0513976555455364,0.9749450549450549
1,16,semiregular,3,657,681,24,604,53,77,0.9193302891933028,0.8869309838472834,0.9647577092511013,0.9028400597907323
1,16,irregular,3,15,272,257,3,12,269,0.2,0.011029411764705883,0.05514705882352941,0.02090592334494774
1,17,regular,1,1068,1029,39,1029,39,0,0.9634831460674157,1.0,1.0379008746355685,0.9814020028612304
1,17,semiregular,1,862,837,25,759,103,78,0.8805104408352669,0.9068100358422939,1.0298685782556751,0.8934667451442024
1,17,irregular,1,100,240,140,88,12,152,0.88,0.36666666666666664,0.4166666666666667,0.5176470588235295
1,17,regular,2,1073,1029,44,1029,44,0,0.9589934762348555,1.0,1.0427599611273082,0.9790675547098002
1,17,semiregular,2,833,837,4,768,65,69,0.921968787515006,0.9175627240143369,0.995221027479092,0.9197604790419162
1,17,irregular,2,199,240,41,183,16,57,0.9195979899497487,0.7625,0.8291666666666667,0.8337129840546698
1,17,regular,3,1099,1029,70,1029,70,0,0.9363057324840764,1.0,1.0680272108843538,0.9671052631578947
1,17,semiregular,3,824,837,13,778,46,59,0.9441747572815534,0.929510155316607,0.984468339307049,0.9367850692354003
1,17,irregular,3,18,240,222,5,13,235,0.2777777777777778,0.020833333333333332,0.075,0.03875968992248062
1,18,regular,1,1084,1044,40,1043,41,1,0.9621771217712177,0.9990421455938697,1.0383141762452108,0.9802631578947368
1,18,semiregular,1,824,801,23,743,81,58,0.9016990291262136,0.9275905118601748,1.0287141073657928,0.9144615384615385
1,18,irregular,1,117,252,135,99,18,153,0.8461538461538461,0.39285714285714285,0.4642857142857143,0.5365853658536585
1,18,regular,2,1129,1044,85,1043,86,1,0.9238263950398583,0.9990421455938697,1.0814176245210727,0.9599631845375057
1,18,semiregular,2,819,801,18,758,61,43,0.9255189255189256,0.9463171036204744,1.0224719101123596,0.9358024691358026
1,18,irregular,2,219,252,33,202,17,50,0.9223744292237442,0.8015873015873016,0.8690476190476191,0.8577494692144373
1,18,regular,3,1104,1044,60,1044,60,0,0.9456521739130435,1.0,1.0574712643678161,0.9720670391061452
1,18,semiregular,3,808,801,7,757,51,44,0.9368811881188119,0.9450686641697877,1.0087390761548065,0.9409571162212553
1,18,irregular,3,14,252,238,2,12,250,0.14285714285714285,0.007936507936507936,0.05555555555555555,0.015037593984962405
1,19,regular,1,1140,1076,64,1073,67,3,0.9412280701754386,0.9972118959107806,1.0594795539033457,0.9684115523465704
1,19,semiregular,1,764,753,11,686,78,67,0.8979057591623036,0.9110225763612217,1.0146082337317397,0.9044166117336849
1,19,irregular,1,105,245,140,92,13,153,0.8761904761904762,0.37551020408163266,0.42857142857142855,0.5257142857142857
1,19,regular,2,1123,1076,47,1074,49,2,0.956366874443455,0.9981412639405205,1.0436802973977695,0.9768076398362893
1,19,semiregular,2,722,753,31,678,44,75,0.9390581717451524,0.900398406374502,0.9588313413014609,0.9193220338983051
1,19,irregular,2,220,245,25,200,20,45,0.9090909090909091,0.8163265306122449,0.8979591836734694,0.8602150537634408
1,19,regular,3,1144,1076,68,1074,70,2,0.9388111888111889,0.9981412639405205,1.063197026022305,0.9675675675675677
1,19,semiregular,3,723,753,30,676,47,77,0.9349930843706777,0.897742363877822,0.9601593625498008,0.9159891598915989
1,19,irregular,3,13,245,232,5,8,240,0.38461538461538464,0.02040816326530612,0.053061224489795916,0.03875968992248061
1,20,regular,1,1204,1251,47,1197,7,54,0.9941860465116279,0.9568345323741008,0.9624300559552358,0.975152749490835
1,20,semiregular,1,903,841,62,766,137,75,0.8482834994462901,0.9108204518430439,1.0737217598097504,0.8784403669724771
1,20,irregular,1,79,252,173,71,8,181,0.8987341772151899,0.28174603174603174,0.3134920634920635,0.42900302114803623
1,20,regular,2,1186,1251,65,1178,8,73,0.9932546374367622,0.9416466826538769,0.9480415667466027,0.9667624128026261
1,20,semiregular,2,801,841,40,720,81,121,0.898876404494382,0.8561236623067776,0.9524375743162902,0.8769792935444579
1,20,irregular,2,209,252,43,192,17,60,0.9186602870813397,0.7619047619047619,0.8293650793650794,0.8329718004338394
1,20,regular,3,1195,1251,56,1187,8,64,0.9933054393305439,0.9488409272581935,0.9552358113509193,0.9705641864268193
1,20,semiregular,3,832,841,9,756,76,85,0.9086538461538461,0.8989298454221165,0.9892984542211652,0.903765690376569
1,20,irregular,3,14,252,238,1,13,251,0.07142857142857142,0.003968253968253968,0.05555555555555555,0.007518796992481203
1,21,regular,1,977,920,57,920,57,0,0.9416581371545547,1.0,1.0619565217391305,0.9699525566684238
1,21,semiregular,1,658,549,109,503,155,46,0.7644376899696048,0.9162112932604736,1.198542805100182,0.8334714167357083
1,21,irregular,1,114,204,90,103,11,101,0.9035087719298246,0.5049019607843137,0.5588235294117647,0.6477987421383649
1,21,regular,2,986,920,66,920,66,0,0.9330628803245437,1.0,1.0717391304347825,0.9653725078698846
1,21,semiregular,2,643,549,94,519,124,30,0.807153965785381,0.9453551912568307,1.1712204007285973,0.8708053691275168
1,21,irregular,2,188,204,16,177,11,27,0.9414893617021277,0.8676470588235294,0.9215686274509803,0.903061224489796
1,21,regular,3,978,920,58,920,58,0,0.9406952965235174,1.0,1.0630434782608695,0.9694415173867229
1,21,semiregular,3,627,549,78,527,100,22,0.8405103668261563,0.9599271402550091,1.1420765027322404,0.8962585034013606
1,21,irregular,3,14,204,190,4,10,200,0.2857142857142857,0.0196078431372549,0.06862745098039216,0.03669724770642201
1,22,regular,1,1025,946,79,946,79,0,0.9229268292682927,1.0,1.0835095137420718,0.9599188229325216
1,22,semiregular,1,807,703,104,677,130,26,0.838909541511772,0.9630156472261735,1.1479374110953058,0.8966887417218543
1,22,irregular,1,71,247,176,64,7,183,0.9014084507042254,0.2591093117408907,0.2874493927125506,0.40251572327044033
1,22,regular,2,1013,946,67,946,67,0,0.9338598223099703,1.0,1.0708245243128964,0.96579887697805
1,22,semiregular,2,736,703,33,658,78,45,0.8940217391304348,0.9359886201991465,1.0469416785206258,0.9145239749826268
1,22,irregular,2,193,247,54,181,12,66,0.9378238341968912,0.7327935222672065,0.7813765182186235,0.8227272727272726
1,22,regular,3,1018,946,72,946,72,0,0.9292730844793713,1.0,1.0761099365750528,0.9633401221995926
1,22,semiregular,3,725,703,22,662,63,41,0.9131034482758621,0.9416785206258891,1.031294452347084,0.927170868347339
1,22,irregular,3,15,247,232,2,13,245,0.13333333333333333,0.008097165991902834,0.06072874493927125,0.015267175572519085
1,23,regular,1,1061,999,62,999,62,0,0.941564561734213,1.0,1.062062062062062,0.9699029126213592
1,23,semiregular,1,916,835,81,753,163,82,0.8220524017467249,0.9017964071856287,1.097005988023952,0.8600799543118218
1,23,irregular,1,10,266,256,1,9,265,0.1,0.0037593984962406013,0.03759398496240601,0.007246376811594203
1,23,regular,2,1055,999,56,999,56,0,0.9469194312796209,1.0,1.0560560560560561,0.9727361246348589
1,23,semiregular,2,847,835,12,771,76,64,0.910271546635183,0.9233532934131736,1.0143712574850299,0.9167657550535077
1,23,irregular,2,185,266,81,180,5,86,0.972972972972973,0.6766917293233082,0.6954887218045113,0.7982261640798226
1,23,regular,3,1071,999,72,999,72,0,0.9327731092436975,1.0,1.072072072072072,0.9652173913043478
1,23,semiregular,3,851,835,16,790,61,45,0.9283196239717979,0.9461077844311377,1.0191616766467066,0.9371293001186239
1,23,irregular,3,26,266,240,2,24,264,0.07692307692307693,0.007518796992481203,0.09774436090225563,0.0136986301369863
1,24,regular,1,1097,1079,18,1078,19,1,0.9826800364630811,0.9990732159406858,1.0166821130676553,0.9908088235294118
1,24,semiregular,1,661,680,19,599,62,81,0.9062027231467473,0.8808823529411764,0.9720588235294118,0.8933631618195377
1,24,irregular,1,88,247,159,77,11,170,0.875,0.3117408906882591,0.3562753036437247,0.45970149253731346
1,24,regular,2,1098,1079,19,1079,19,0,0.982695810564663,1.0,1.0176088971269694,0.9912723932016536
1,24,semiregular,2,648,680,32,606,42,74,0.9351851851851852,0.8911764705882353,0.9529411764705882,0.9126506024096386
1,24,irregular,2,199,247,48,194,5,53,0.9748743718592965,0.7854251012145749,0.805668016194332,0.8699551569506726
1,24,regular,3,1096,1079,17,1079,17,0,0.9844890510948905,1.0,1.015755329008341,0.992183908045977
1,24,semiregular,3,656,680,24,623,33,57,0.9496951219512195,0.9161764705882353,0.9647058823529412,0.9326347305389222
1,24,irregular,3,19,247,228,3,16,244,0.15789473684210525,0.012145748987854251,0.07692307692307693,0.022556390977443608
1,25,regular,1,965,946,19,946,19,0,0.9803108808290155,1.0,1.0200845665961944,0.9900575614861329
1,25,semiregular,1,725,718,7,634,91,84,0.8744827586206897,0.883008356545961,1.00974930362117,0.8787248787248787
1,25,irregular,1,103,207,104,82,21,125,0.7961165048543689,0.3961352657004831,0.4975845410628019,0.529032258064516
1,25,regular,2,959,946,13,946,13,0,0.986444212721585,1.0,1.0137420718816068,0.9931758530183727
1,25,semiregular,2,746,718,28,673,73,45,0.9021447721179625,0.9373259052924791,1.0389972144846797,0.9193989071038252
1,25,irregular,2,122,207,85,115,7,92,0.9426229508196722,0.5555555555555556,0.5893719806763285,0.6990881458966566
1,25,regular,3,970,946,24,946,24,0,0.9752577319587629,1.0,1.025369978858351,0.987473903966597
1,25,semiregular,3,710,718,8,653,57,65,0.9197183098591549,0.9094707520891365,0.9888579387186629,0.9145658263305323
1,25,irregular,3,25,207,182,3,22,204,0.12,0.014492753623188406,0.12077294685990338,0.02586206896551724
1,26,regular,1,1064,985,79,985,79,0,0.9257518796992481,1.0,1.0802030456852791,0.961444607125427
1,26,semiregular,1,813,720,93,695,118,25,0.8548585485854858,0.9652777777777778,1.1291666666666667,0.9067188519243313
1,26,irregular,1,169,214,45,140,29,74,0.8284023668639053,0.6542056074766355,0.7897196261682243,0.7310704960835508
1,26,regular,2,1067,985,82,985,82,0,0.9231490159325211,1.0,1.083248730964467,0.9600389863547758
1,26,semiregular,2,741,720,21,662,79,58,0.893387314439946,0.9194444444444444,1.0291666666666666,0.9062286105407255
1,26,irregular,2,156,214,58,131,25,83,0.8397435897435898,0.6121495327102804,0.7289719626168224,0.708108108108108
1,26,regular,3,1070,985,85,985,85,0,0.9205607476635514,1.0,1.0862944162436547,0.9586374695863746
1,26,semiregular,3,740,720,20,672,68,48,0.9081081081081082,0.9333333333333333,1.0277777777777777,0.9205479452054796
1,26,irregular,3,17,214,197,2,15,212,0.11764705882352941,0.009345794392523364,0.0794392523364486,0.017316017316017313
1,27,regular,1,1190,1166,24,1166,24,0,0.9798319327731092,1.0,1.020583190394511,0.9898132427843802
1,27,semiregular,1,725,728,3,616,109,112,0.8496551724137931,0.8461538461538461,0.9958791208791209,0.8479008947006195
1,27,irregular,1,65,270,205,55,10,215,0.8461538461538461,0.2037037037037037,0.24074074074074073,0.3283582089552239
1,27,regular,2,1184,1166,18,1166,18,0,0.9847972972972973,1.0,1.0154373927958833,0.9923404255319148
1,27,semiregular,2,739,728,11,674,65,54,0.912043301759134,0.9258241758241759,1.01510989010989,0.9188820722563054
1,27,irregular,2,229,270,41,213,16,57,0.9301310043668122,0.7888888888888889,0.8481481481481481,0.8537074148296593
1,27,regular,3,1195,1166,29,1166,29,0,0.9757322175732217,1.0,1.0248713550600344,0.987717069038543
1,27,semiregular,3,709,728,19,664,45,64,0.9365303244005642,0.9120879120879121,0.9739010989010989,0.9241475295755045
1,27,irregular,3,23,270,247,0,23,270,-1,-1,0.08518518518518518,-1
1,28,regular,1,1119,1098,21,1098,21,0,0.9812332439678284,1.0,1.0191256830601092,0.9905277401894452
1,28,semiregular,1,905,859,46,809,96,50,0.8939226519337017,0.9417927823050058,1.0535506402793946,0.9172335600907029
1,28,irregular,1,78,293,215,61,17,232,0.782051282051282,0.20819112627986347,0.26621160409556316,0.3288409703504043
1,28,regular,2,1132,1098,34,1098,34,0,0.9699646643109541,1.0,1.0309653916211294,0.9847533632286996
1,28,semiregular,2,831,859,28,765,66,94,0.9205776173285198,0.8905704307334109,0.9674039580908033,0.9053254437869823
1,28,irregular,2,181,293,112,170,11,123,0.9392265193370166,0.5802047781569966,0.6177474402730375,0.7172995780590717
1,28,regular,3,1133,1098,35,1098,35,0,0.9691085613415711,1.0,1.0318761384335156,0.9843119677274765
1,28,semiregular,3,849,859,10,803,46,56,0.9458186101295641,0.9348079161816065,0.9883585564610011,0.9402810304449649
1,28,irregular,3,27,293,266,5,22,288,0.18518518518518517,0.017064846416382253,0.09215017064846416,0.03125
1,29,regular,1,1163,1140,23,1140,23,0,0.9802235597592434,1.0,1.0201754385964912,0.9900130264871906
1,29,semiregular,1,965,869,96,824,141,45,0.8538860103626943,0.9482163406214039,1.1104718066743384,0.8985823336968374
1,29,irregular,1,107,247,140,99,8,148,0.9252336448598131,0.4008097165991903,0.4331983805668016,0.559322033898305
1,29,regular,2,1165,1140,25,1140,25,0,0.9785407725321889,1.0,1.0219298245614035,0.9891540130151844
1,29,semiregular,2,980,869,111,847,133,22,0.8642857142857143,0.9746835443037974,1.1277330264672036,0.9161709031909141
1,29,irregular,2,215,247,32,202,13,45,0.9395348837209302,0.8178137651821862,0.8704453441295547,0.8744588744588744
1,29,regular,3,1161,1140,21,1140,21,0,0.9819121447028424,1.0,1.018421052631579,0.9908735332464146
1,29,semiregular,3,921,869,52,817,104,52,0.8870792616720955,0.9401611047180668,1.0598388952819333,0.912849162011173
1,29,irregular,3,17,247,230,2,15,245,0.11764705882352941,0.008097165991902834,0.06882591093117409,0.015151515151515152
1,30,regular,1,1018,997,21,997,21,0,0.9793713163064833,1.0,1.0210631895687061,0.9895781637717123
1,30,semiregular,1,809,810,1,735,74,75,0.9085290482076638,0.9074074074074074,0.9987654320987654,0.9079678814082768
1,30,irregular,1,114,250,136,94,20,156,0.8245614035087719,0.376,0.456,0.5164835164835165
1,30,regular,2,1014,997,17,997,17,0,0.9832347140039448,1.0,1.0170511534603812,0.991546494281452
1,30,semiregular,2,794,810,16,740,54,70,0.9319899244332494,0.9135802469135802,0.980246913580247,0.9226932668329176
1,30,irregular,2,193,250,57,187,6,63,0.9689119170984456,0.748,0.772,0.8442437923250563
1,30,regular,3,1039,997,42,997,42,0,0.9595765158806545,1.0,1.0421263791374122,0.9793713163064833
1,30,semiregular,3,793,810,17,743,50,67,0.9369482976040353,0.917283950617284,0.9790123456790123,0.927011852776045
1,30,irregular,3,30,250,220,5,25,245,0.16666666666666666,0.02,0.12,0.03571428571428571
2,1,regular,1,1059,937,122,937,122,0,0.8847969782813976,1.0,1.1302027748132337,0.938877755511022
2,1,semiregular,1,806,703,103,668,138,35,0.8287841191066998,0.9502133712660028,1.1465149359886202,0.8853545394300861
2,1,irregular,1,71,199,128,65,6,134,0.9154929577464789,0.32663316582914576,0.35678391959798994,0.4814814814814815
2,1,regular,2,1054,937,117,936,118,1,0.888045540796964,0.9989327641408752,1.1248665955176094,0.9402310396785536
2,1,semiregular,2,747,703,44,655,92,48,0.8768406961178046,0.9317211948790897,1.062588904694168,0.9034482758620691
2,1,irregular,2,163,199,36,152,11,47,0.9325153374233128,0.7638190954773869,0.8190954773869347,0.8397790055248618
2,1,regular,3,1036,937,99,937,99,0,0.9044401544401545,1.0,1.1056563500533618,0.9498226051697921
2,1,semiregular,3,741,703,38,651,90,52,0.8785425101214575,0.9260312944523471,1.054054054054054,0.9016620498614959
2,1,irregular,3,188,199,11,174,14,25,0.925531914893617,0.8743718592964824,0.9447236180904522,0.8992248062015503
2,2,regular,1,1246,1224,22,1219,27,5,0.978330658105939,0.9959150326797386,1.0179738562091503,0.9870445344129555
2,2,semiregular,1,613,647,34,578,35,69,0.9429037520391517,0.893353941267388,0.9474497681607419,0.9174603174603174
2,2,irregular,1,44,217,173,36,8,181,0.8181818181818182,0.16589861751152074,0.20276497695852536,0.27586206896551724
2,2,regular,2,1220,1224,4,1204,16,20,0.9868852459016394,0.9836601307189542,0.9967320261437909,0.9852700490998363
2,2,semiregular,2,620,647,27,597,23,50,0.9629032258064516,0.9227202472952086,0.9582689335394127,0.9423835832675611
2,2,irregular,2,167,217,50,161,6,56,0.9640718562874252,0.7419354838709677,0.7695852534562212,0.8385416666666666
2,2,regular,3,1246,1224,22,1219,27,5,0.978330658105939,0.9959150326797386,1.0179738562091503,0.9870445344129555
2,2,semiregular,3,640,647,7,615,25,32,0.9609375,0.9505409582689336,0.9891808346213292,0.9557109557109557
2,2,irregular,3,196,217,21,191,5,26,0.9744897959183674,0.880184331797235,0.9032258064516129,0.9249394673123488
2,3,regular,1,1056,1053,3,1047,9,6,0.9914772727272727,0.9943019943019943,1.002849002849003,0.9928876244665717
2,3,semiregular,1,734,716,18,666,68,50,0.9073569482288828,0.9301675977653632,1.0251396648044693,0.9186206896551724
2,3,irregular,1,88,224,136,79,9,145,0.8977272727272727,0.35267857142857145,0.39285714285714285,0.5064102564102565
2,3,regular,2,1032,1053,21,1029,3,24,0.997093023255814,0.9772079772079773,0.98005698005698,0.9870503597122302
2,3,semiregular,2,714,716,2,664,50,52,0.9299719887955182,0.9273743016759777,0.9972067039106145,0.9286713286713286
2,3,irregular,2,181,224,43,171,10,53,0.9447513812154696,0.7633928571428571,0.8080357142857143,0.8444444444444444
2,3,regular,3,1051,1053,2,1045,6,8,0.994291151284491,0.9924026590693258,0.9981006647673314,0.9933460076045628
2,3,semiregular,3,708,716,8,659,49,57,0.9307909604519774,0.9203910614525139,0.9888268156424581,0.9255617977528091
2,3,irregular,3,205,224,19,196,9,28,0.9560975609756097,0.875,0.9151785714285714,0.9137529137529138
2,4,regular,1,1180,1101,79,1101,79,0,0.9330508474576271,1.0,1.0717529518619437,0.9653660675142481
2,4,semiregular,1,702,614,88,567,135,47,0.8076923076923077,0.9234527687296417,1.1433224755700326,0.8617021276595744
2,4,irregular,1,59,228,169,43,16,185,0.7288135593220338,0.18859649122807018,0.25877192982456143,0.2996515679442509
2,4,regular,2,1151,1101,50,1101,50,0,0.9565595134665508,1.0,1.0454132606721163,0.977797513321492
2,4,semiregular,2,630,614,16,567,63,47,0.9,0.9234527687296417,1.0260586319218241,0.9115755627009646
2,4,irregular,2,164,228,64,149,15,79,0.9085365853658537,0.6535087719298246,0.7192982456140351,0.7602040816326532
2,4,regular,3,1163,1101,62,1101,62,0,0.9466895958727429,1.0,1.056312443233424,0.9726148409893993
2,4,semiregular,3,650,614,36,581,69,33,0.8938461538461538,0.9462540716612378,1.0586319218241043,0.9193037974683544
2,4,irregular,3,207,228,21,197,10,31,0.9516908212560387,0.8640350877192983,0.9078947368421053,0.9057471264367817
2,5,regular,1,1085,1044,41,1044,41,0,0.9622119815668203,1.0,1.039272030651341,0.9807421324565524
2,5,semiregular,1,803,668,135,647,156,21,0.8057285180572852,0.968562874251497,1.2020958083832336,0.8796736913664174
2,5,irregular,1,86,217,131,74,12,143,0.8604651162790697,0.34101382488479265,0.39631336405529954,0.4884488448844884
2,5,regular,2,1091,1044,47,1044,47,0,0.9569202566452796,1.0,1.0450191570881227,0.9779859484777518
2,5,semiregular,2,739,668,71,651,88,17,0.8809201623815968,0.9745508982035929,1.1062874251497006,0.9253731343283583
2,5,irregular,2,177,217,40,164,13,53,0.9265536723163842,0.7557603686635944,0.815668202764977,0.83248730964467
2,5,regular,3,1087,1044,43,1044,43,0,0.9604415823367065,1.0,1.0411877394636015,0.979821679962459
2,5,semiregular,3,715,668,47,635,80,33,0.8881118881118881,0.9505988023952096,1.0703592814371257,0.918293564714389
2,5,irregular,3,201,217,16,188,13,29,0.9353233830845771,0.8663594470046083,0.9262672811059908,0.8995215311004784
2,6,regular,1,1017,915,102,915,102,0,0.8997050147492626,1.0,1.1114754098360655,0.9472049689440993
2,6,semiregular,1,744,701,43,663,81,38,0.8911290322580645,0.9457917261055635,1.0613409415121255,0.9176470588235295
2,6,irregular,1,77,195,118,54,23,141,0.7012987012987013,0.27692307692307694,0.39487179487179486,0.3970588235294118
2,6,regular,2,1027,915,112,915,112,0,0.8909444985394352,1.0,1.1224043715846994,0.9423274974253347
2,6,semiregular,2,717,701,16,663,54,38,0.9246861924686193,0.9457917261055635,1.0228245363766049,0.9351198871650213
2,6,irregular,2,146,195,49,103,43,92,0.7054794520547946,0.5282051282051282,0.7487179487179487,0.6041055718475073
2,6,regular,3,996,915,81,915,81,0,0.9186746987951807,1.0,1.0885245901639344,0.957613814756672
2,6,semiregular,3,706,701,5,652,54,49,0.9235127478753541,0.9300998573466477,1.007132667617689,0.9267945984363894
2,6,irregular,3,189,195,6,170,19,25,0.8994708994708994,0.8717948717948718,0.9692307692307692,0.8854166666666666
2,7,regular,1,1290,1230,60,1230,60,0,0.9534883720930233,1.0,1.048780487804878,0.9761904761904763
2,7,semiregular,1,596,761,165,513,83,248,0.860738255033557,0.6741130091984231,0.783180026281209,0.7560795873249816
2,7,irregular,1,16,225,209,4,12,221,0.25,0.017777777777777778,0.07111111111111111,0.03319502074688797
2,7,regular,2,1289,1230,59,1229,60,1,0.9534522885958107,0.9991869918699187,1.0479674796747966,0.9757840412862246
2,7,semiregular,2,749,761,12,672,77,89,0.897196261682243,0.8830486202365309,0.9842312746386334,0.890066225165563
2,7,irregular,2,135,225,90,127,8,98,0.9407407407407408,0.5644444444444444,0.6,0.7055555555555556
2,7,regular,3,1288,1230,58,1230,58,0,0.9549689440993789,1.0,1.0471544715447154,0.976965845909452
2,7,semiregular,3,770,761,9,688,82,73,0.8935064935064935,0.9040735873850198,1.011826544021025,0.8987589810581319
2,7,irregular,3,211,225,14,198,13,27,0.9383886255924171,0.88,0.9377777777777778,0.908256880733945
2,8,regular,1,1086,1035,51,1035,51,0,0.9530386740331491,1.0,1.0492753623188407,0.9759547383309759
2,8,semiregular,1,854,827,27,750,104,77,0.8782201405152225,0.9068923821039904,1.0326481257557436,0.892325996430696
2,8,irregular,1,80,243,163,64,16,179,0.8,0.26337448559670784,0.3292181069958848,0.3962848297213623
2,8,regular,2,1086,1035,51,1035,51,0,0.9530386740331491,1.0,1.0492753623188407,0.9759547383309759
2,8,semiregular,2,812,827,15,755,57,72,0.9298029556650246,0.9129383313180169,0.9818621523579202,0.9212934716290421
2,8,irregular,2,188,243,55,172,16,71,0.9148936170212766,0.7078189300411523,0.7736625514403292,0.7981438515081206
2,8,regular,3,1076,1035,41,1034,42,1,0.9609665427509294,0.9990338164251208,1.0396135265700484,0.9796305068687826
2,8,semiregular,3,824,827,3,758,66,69,0.9199029126213593,0.9165659008464329,0.9963724304715841,0.9182313749242883
2,8,irregular,3,197,243,46,183,14,60,0.9289340101522843,0.7530864197530864,0.8106995884773662,0.8318181818181818
2,9,regular,1,1109,1107,2,1101,8,6,0.9927862939585211,0.994579945799458,1.001806684733514,0.9936823104693141
2,9,semiregular,1,619,701,82,577,42,124,0.9321486268174475,0.8231098430813124,0.8830242510699001,0.8742424242424243
2,9,irregular,1,77,266,189,62,15,204,0.8051948051948052,0.23308270676691728,0.2894736842105263,0.36151603498542273
2,9,regular,2,1088,1107,19,1080,8,27,0.9926470588235294,0.975609756097561,0.982836495031617,0.9840546697038723
2,9,semiregular,2,593,701,108,573,20,128,0.9662731871838112,0.8174037089871612,0.8459343794579173,0.8856259659969088
2,9,irregular,2,193,266,73,182,11,84,0.9430051813471503,0.6842105263157895,0.7255639097744361,0.7930283224400871
2,9,regular,3,1104,1107,3,1096,8,11,0.9927536231884058,0.990063233965673,0.997289972899729,0.9914066033469019
2,9,semiregular,3,654,701,47,629,25,72,0.9617737003058104,0.8972895863052782,0.9329529243937232,0.9284132841328414
2,9,irregular,3,216,266,50,207,9,59,0.9583333333333334,0.7781954887218046,0.8120300751879699,0.8589211618257261
2,10,regular,1,1115,1014,101,1014,101,0,0.9094170403587444,1.0,1.0996055226824457,0.9525598872710193
2,10,semiregular,1,700,656,44,629,71,27,0.8985714285714286,0.9588414634146342,1.0670731707317074,0.9277286135693216
2,10,irregular,1,76,247,171,66,10,181,0.868421052631579,0.26720647773279355,0.3076923076923077,0.4086687306501548
2,10,regular,2,1120,1014,106,1014,106,0,0.9053571428571429,1.0,1.1045364891518739,0.9503280224929709
2,10,semiregular,2,693,656,37,626,67,30,0.9033189033189033,0.9542682926829268,1.0564024390243902,0.9280948851000741
2,10,irregular,2,226,247,21,181,45,66,0.8008849557522124,0.7327935222672065,0.9149797570850202,0.7653276955602538
2,10,regular,3,1118,1014,104,1014,104,0,0.9069767441860465,1.0,1.1025641025641026,0.951219512195122
2,10,semiregular,3,654,656,2,617,37,39,0.9434250764525994,0.9405487804878049,0.9969512195121951,0.9419847328244275
2,10,irregular,3,234,247,13,216,18,31,0.9230769230769231,0.8744939271255061,0.9473684210526315,0.8981288981288982
2,11,regular,1,1135,1070,65,1070,65,0,0.9427312775330396,1.0,1.060747663551402,0.9705215419501134
2,11,semiregular,1,781,700,81,665,116,35,0.8514724711907811,0.95,1.1157142857142857,0.8980418636056718
2,11,irregular,1,80,239,159,71,9,168,0.8875,0.29707112970711297,0.33472803347280333,0.445141065830721
2,11,regular,2,1127,1070,57,1070,57,0,0.9494232475598935,1.0,1.0532710280373832,0.9740555302685481
2,11,semiregular,2,704,700,4,645,59,55,0.9161931818181818,0.9214285714285714,1.0057142857142858,0.9188034188034188
2,11,irregular,2,182,239,57,171,11,68,0.9395604395604396,0.7154811715481172,0.7615062761506276,0.8123515439429928
2,11,regular,3,1108,1070,38,1070,38,0,0.9657039711191335,1.0,1.0355140186915888,0.9825528007346189
2,11,semiregular,3,692,700,8,630,62,70,0.9104046242774566,0.9,0.9885714285714285,0.9051724137931034
2,11,irregular,3,197,239,42,189,8,50,0.9593908629441624,0.7907949790794979,0.8242677824267782,0.8669724770642202
2,12,regular,1,1104,1007,97,1007,97,0,0.9121376811594203,1.0,1.096325719960278,0.9540502131691141
2,12,semiregular,1,772,641,131,621,151,20,0.8044041450777202,0.968798751950078,1.204368174726989,0.8789808917197452
2,12,irregular,1,123,204,81,112,11,92,0.9105691056910569,0.5490196078431373,0.6029411764705882,0.6850152905198778
2,12,regular,2,1103,1007,96,1007,96,0,0.9129646418857661,1.0,1.0953326713008937,0.9545023696682465
2,12,semiregular,2,693,641,52,591,102,50,0.8528138528138528,0.921996879875195,1.0811232449297972,0.8860569715142429
2,12,irregular,2,182,204,22,157,25,47,0.8626373626373627,0.7696078431372549,0.8921568627450981,0.8134715025906737
2,12,regular,3,1074,1007,67,1007,67,0,0.9376163873370578,1.0,1.0665342601787489,0.9678039404132629
2,12,semiregular,3,661,641,20,588,73,53,0.8895612708018155,0.9173166926677067,1.031201248049922,0.903225806451613
2,12,irregular,3,205,204,1,188,17,16,0.9170731707317074,0.9215686274509803,1.0049019607843137,0.9193154034229828
2,13,regular,1,1038,1000,38,1000,38,0,0.9633911368015414,1.0,1.038,0.9813542688910697
2,13,semiregular,1,874,815,59,784,90,31,0.897025171624714,0.9619631901840491,1.0723926380368098,0.9283599763173475
2,13,irregular,1,107,216,109,91,16,125,0.8504672897196262,0.4212962962962963,0.49537037037037035,0.5634674922600619
2,13,regular,2,1077,1000,77,1000,77,0,0.9285051067780873,1.0,1.077,0.9629272989889264
2,13,semiregular,2,815,815,0,768,47,47,0.9423312883435583,0.9423312883435583,1.0,0.9423312883435583
2,13,irregular,2,181,216,35,164,17,52,0.9060773480662984,0.7592592592592593,0.8379629629629629,0.8261964735516373
2,13,regular,3,1057,1000,57,1000,57,0,0.9460737937559129,1.0,1.057,0.9722897423432183
2,13,semiregular,3,807,815,8,769,38,46,0.952912019826518,0.943558282208589,0.9901840490797545,0.9482120838471022
2,13,irregular,3,198,216,18,195,3,21,0.9848484848484849,0.9027777777777778,0.9166666666666666,0.9420289855072465
2,14,regular,1,1073,1052,21,1052,21,0,0.9804287045666356,1.0,1.0199619771863118,0.9901176470588235
2,14,semiregular,1,939,913,26,862,77,51,0.9179978700745474,0.9441401971522454,1.0284775465498357,0.9308855291576674
2,14,irregular,1,72,217,145,59,13,158,0.8194444444444444,0.271889400921659,0.3317972350230415,0.4083044982698961
2,14,regular,2,1052,1052,0,1047,5,5,0.9952471482889734,0.9952471482889734,1.0,0.9952471482889734
2,14,semiregular,2,914,913,1,860,54,53,0.9409190371991247,0.9419496166484118,1.0010952902519168,0.9414340448823207
2,14,irregular,2,187,217,30,173,14,44,0.9251336898395722,0.7972350230414746,0.8617511520737328,0.8564356435643563
2,14,regular,3,1070,1052,18,1052,18,0,0.983177570093458,1.0,1.0171102661596958,0.9915174363807728
2,14,semiregular,3,904,913,9,841,63,72,0.9303097345132744,0.9211391018619934,0.9901423877327492,0.925701706108971
2,14,irregular,3,181,217,36,178,3,39,0.9834254143646409,0.8202764976958525,0.8341013824884793,0.8944723618090452
2,15,regular,1,1007,964,43,964,43,0,0.9572989076464746,1.0,1.0446058091286308,0.9781836631151699
2,15,semiregular,1,831,774,57,740,91,34,0.8904933814681107,0.9560723514211886,1.073643410852713,0.9221183800623052
2,15,irregular,1,109,218,109,96,13,122,0.8807339449541285,0.44036697247706424,0.5,0.5871559633027523
2,15,regular,2,994,964,30,964,30,0,0.9698189134808853,1.0,1.0311203319502074,0.9846782431052095
2,15,semiregular,2,762,774,12,722,40,52,0.94750656167979,0.9328165374677002,0.9844961240310077,0.9401041666666666
2,15,irregular,2,180,218,38,173,7,45,0.9611111111111111,0.7935779816513762,0.8256880733944955,0.8693467336683417
2,15,regular,3,989,964,25,964,25,0,0.974721941354904,1.0,1.0259336099585061,0.9871991807475679
2,15,semiregular,3,735,774,39,705,30,69,0.9591836734693877,0.9108527131782945,0.9496124031007752,0.9343936381709742
2,15,irregular,3,192,218,26,184,8,34,0.9583333333333334,0.8440366972477065,0.8807339449541285,0.8975609756097562
2,16,regular,1,1182,1109,73,1109,73,0,0.9382402707275804,1.0,1.0658250676284942,0.968136185072021
2,16,semiregular,1,731,681,50,628,103,53,0.8590971272229823,0.922173274596182,1.0734214390602055,0.8895184135977338
2,16,irregular,1,29,272,243,19,10,253,0.6551724137931034,0.06985294117647059,0.10661764705882353,0.12624584717607973
2,16,regular,2,1180,1109,71,1109,71,0,0.9398305084745763,1.0,1.0640216411181245,0.9689820882481432
2,16,semiregular,2,683,681,2,626,57,55,0.9165446559297218,0.9192364170337739,1.0029368575624082,0.9178885630498534
2,16,irregular,2,188,272,84,176,12,96,0.9361702127659575,0.6470588235294118,0.6911764705882353,0.7652173913043478
2,16,regular,3,1154,1109,45,1109,45,0,0.9610051993067591,1.0,1.0405770964833183,0.9801148917366327
2,16,semiregular,3,658,681,23,609,49,72,0.925531914893617,0.8942731277533039,0.9662261380323054,0.9096340552651232
2,16,irregular,3,206,272,66,200,6,72,0.970873786407767,0.7352941176470589,0.7573529411764706,0.8368200836820083
2,17,regular,1,1083,1029,54,1029,54,0,0.9501385041551247,1.0,1.0524781341107872,0.9744318181818182
2,17,semiregular,1,876,837,39,776,100,61,0.8858447488584474,0.927120669056153,1.0465949820788532,0.9060128429655575
2,17,irregular,1,70,240,170,56,14,184,0.8,0.23333333333333334,0.2916666666666667,0.36129032258064514
2,17,regular,2,1109,1029,80,1029,80,0,0.9278629395852119,1.0,1.0777453838678328,0.9625818521983162
2,17,semiregular,2,840,837,3,784,56,53,0.9333333333333333,0.9366786140979689,1.003584229390681,0.9350029815146095
2,17,irregular,2,208,240,32,179,29,61,0.8605769230769231,0.7458333333333333,0.8666666666666667,0.7991071428571429
2,17,regular,3,1096,1029,67,1029,67,0,0.9388686131386861,1.0,1.06511175898931,0.9684705882352941
2,17,semiregular,3,802,837,35,756,46,81,0.942643391521197,0.9032258064516129,0.9581839904420549,0.9225137278828553
2,17,irregular,3,208,240,32,196,12,44,0.9423076923076923,0.8166666666666667,0.8666666666666667,0.8749999999999999
2,18,regular,1,1127,1044,83,1044,83,0,0.9263531499556344,1.0,1.0795019157088122,0.9617687701520038
2,18,semiregular,1,834,801,33,756,78,45,0.9064748201438849,0.9438202247191011,1.0411985018726593,0.9247706422018349
2,18,irregular,1,67,252,185,58,9,194,0.8656716417910447,0.23015873015873015,0.26587301587301587,0.36363636363636365
2,18,regular,2,1163,1044,119,1044,119,0,0.8976784178847808,1.0,1.1139846743295019,0.9460806524694155
2,18,semiregular,2,808,801,7,758,50,43,0.9381188118811881,0.9463171036204744,1.0087390761548065,0.942200124300808
2,18,irregular,2,204,252,48,188,16,64,0.9215686274509803,0.746031746031746,0.8095238095238095,0.8245614035087719
2,18,regular,3,1108,1044,64,1043,65,1,0.9413357400722022,0.9990421455938697,1.0613026819923372,0.9693308550185874
2,18,semiregular,3,798,801,3,755,43,46,0.9461152882205514,0.9425717852684145,0.9962546816479401,0.9443402126328955
2,18,irregular,3,234,252,18,217,17,35,0.9273504273504274,0.8611111111111112,0.9285714285714286,0.8930041152263375
2,19,regular,1,1161,1076,85,1074,87,2,0.9250645994832042,0.9981412639405205,1.078996282527881,0.9602145730889584
2,19,semiregular,1,773,753,20,707,66,46,0.9146183699870634,0.9389110225763613,1.0265604249667994,0.926605504587156
2,19,irregular,1,105,245,140,95,10,150,0.9047619047619048,0.3877551020408163,0.42857142857142855,0.5428571428571428
2,19,regular,2,1172,1076,96,1075,97,1,0.9172354948805461,0.9990706319702602,1.0892193308550187,0.9564056939501779
2,19,semiregular,2,736,753,17,696,40,57,0.9456521739130435,0.9243027888446215,0.9774236387782205,0.9348556077904633
2,19,irregular,2,205,245,40,189,16,56,0.9219512195121952,0.7714285714285715,0.8367346938775511,0.8400000000000001
2,19,regular,3,1140,1076,64,1075,65,1,0.9429824561403509,0.9990706319702602,1.0594795539033457,0.970216606498195
2,19,semiregular,3,708,753,45,662,46,91,0.9350282485875706,0.8791500664010624,0.9402390438247012,0.9062286105407255
2,19,irregular,3,215,245,30,201,14,44,0.9348837209302325,0.8204081632653061,0.8775510204081632,0.8739130434782608
2,20,regular,1,1207,1251,44,1199,8,52,0.9933719966859983,0.9584332533972821,0.964828137490008,0.9755899104963384
2,20,semiregular,1,905,841,64,771,134,70,0.8519337016574585,0.9167657550535078,1.0760998810939357,0.8831615120274914
2,20,irregular,1,89,252,163,72,17,180,0.8089887640449438,0.2857142857142857,0.3531746031746032,0.4222873900293254
2,20,regular,2,1197,1251,54,1189,8,62,0.9933166248955723,0.950439648281375,0.9568345323741008,0.9714052287581699
2,20,semiregular,2,817,841,24,732,85,109,0.8959608323133414,0.8703923900118906,0.9714625445897741,0.8829915560916767
2,20,irregular,2,212,252,40,192,20,60,0.9056603773584906,0.7619047619047619,0.8412698412698413,0.8275862068965516
2,20,regular,3,1194,1251,57,1187,7,64,0.9941373534338358,0.9488409272581935,0.9544364508393285,0.970961145194274
2,20,semiregular,3,821,841,20,738,83,103,0.8989037758830695,0.8775267538644471,0.976218787158145,0.888086642599278
2,20,irregular,3,204,252,48,192,12,60,0.9411764705882353,0.7619047619047619,0.8095238095238095,0.8421052631578947
2,21,regular,1,1009,920,89,920,89,0,0.9117938553022795,1.0,1.0967391304347827,0.9538621047174702
2,21,semiregular,1,682,549,133,524,158,25,0.7683284457478006,0.9544626593806922,1.2422586520947176,0.851340373679935
2,21,irregular,1,91,204,113,81,10,123,0.8901098901098901,0.39705882352941174,0.44607843137254904,0.5491525423728814
2,21,regular,2,1006,920,86,920,86,0,0.9145129224652088,1.0,1.0934782608695652,0.9553478712357216
2,21,semiregular,2,613,549,64,516,97,33,0.8417618270799347,0.9398907103825137,1.116575591985428,0.8881239242685025
2,21,irregular,2,153,204,51,143,10,61,0.934640522875817,0.7009803921568627,0.75,0.8011204481792716
2,21,regular,3,970,920,50,920,50,0,0.9484536082474226,1.0,1.0543478260869565,0.9735449735449735
2,21,semiregular,3,621,549,72,513,108,36,0.8260869565217391,0.9344262295081968,1.1311475409836065,0.8769230769230769
2,21,irregular,3,196,204,8,185,11,19,0.9438775510204082,0.9068627450980392,0.9607843137254902,0.925
2,22,regular,1,1056,946,110,946,110,0,0.8958333333333334,1.0,1.1162790697674418,0.945054945054945
2,22,semiregular,1,799,703,96,679,120,24,0.8498122653316645,0.9658605974395448,1.1365576102418207,0.9041278295605858
2,22,irregular,1,79,247,168,74,5,173,0.9367088607594937,0.29959514170040485,0.31983805668016196,0.4539877300613497
2,22,regular,2,1045,946,99,946,99,0,0.9052631578947369,1.0,1.1046511627906976,0.9502762430939227
2,22,semiregular,2,726,703,23,664,62,39,0.9146005509641874,0.9445234708392604,1.0327169274537695,0.9293212036389084
2,22,irregular,2,160,247,87,149,11,98,0.93125,0.6032388663967612,0.6477732793522267,0.7321867321867322
2,22,regular,3,1005,946,59,946,59,0,0.9412935323383085,1.0,1.062367864693446,0.9697590978985136
2,22,semiregular,3,714,703,11,648,66,55,0.907563025210084,0.9217638691322901,1.0156472261735419,0.9146083274523642
2,22,irregular,3,223,247,24,204,19,43,0.9147982062780269,0.8259109311740891,0.902834008097166,0.8680851063829788
2,23,regular,1,1060,999,61,999,61,0,0.9424528301886792,1.0,1.0610610610610611,0.9703739679456046
2,23,semiregular,1,857,835,22,762,95,73,0.8891481913652275,0.9125748502994012,1.0263473053892216,0.900709219858156
2,23,irregular,1,21,266,245,3,18,263,0.14285714285714285,0.011278195488721804,0.07894736842105263,0.020905923344947733
2,23,regular,2,1060,999,61,999,61,0,0.9424528301886792,1.0,1.0610610610610611,0.9703739679456046
2,23,semiregular,2,854,835,19,769,85,66,0.9004683840749415,0.9209580838323354,1.022754491017964,0.9105979869745412
2,23,irregular,2,198,266,68,178,20,88,0.898989898989899,0.6691729323308271,0.7443609022556391,0.7672413793103449
2,23,regular,3,1070,999,71,999,71,0,0.9336448598130841,1.0,1.0710710710710711,0.9656839052682455
2,23,semiregular,3,851,835,16,790,61,45,0.9283196239717979,0.9461077844311377,1.0191616766467066,0.9371293001186239
2,23,irregular,3,222,266,44,205,17,61,0.9234234234234234,0.7706766917293233,0.8345864661654135,0.8401639344262296
2,24,regular,1,1104,1079,25,1079,25,0,0.9773550724637681,1.0,1.0231696014828544,0.9885478699038021
2,24,semiregular,1,686,680,6,613,73,67,0.8935860058309038,0.9014705882352941,1.0088235294117647,0.8975109809663251
2,24,irregular,1,69,247,178,62,7,185,0.8985507246376812,0.25101214574898784,0.2793522267206478,0.3924050632911392
2,24,regular,2,1084,1079,5,1071,13,8,0.9880073800738007,0.9925857275254866,1.0046339202965708,0.9902912621359223
2,24,semiregular,2,641,680,39,616,25,64,0.9609984399375975,0.9058823529411765,0.9426470588235294,0.9326267978803937
2,24,irregular,2,193,247,54,181,12,66,0.9378238341968912,0.7327935222672065,0.7813765182186235,0.8227272727272726
2,24,regular,3,1094,1079,15,1078,16,1,0.9853747714808044,0.9990732159406858,1.0139017608897127,0.9921767142199724
2,24,semiregular,3,658,680,22,631,27,49,0.958966565349544,0.9279411764705883,0.9676470588235294,0.9431988041853512
2,24,irregular,3,219,247,28,211,8,36,0.9634703196347032,0.854251012145749,0.8866396761133604,0.9055793991416309
2,25,regular,1,976,946,30,946,30,0,0.9692622950819673,1.0,1.0317124735729386,0.9843912591050988
2,25,semiregular,1,752,718,34,665,87,53,0.8843085106382979,0.9261838440111421,1.0473537604456824,0.9047619047619047
2,25,irregular,1,79,207,128,63,16,144,0.7974683544303798,0.30434782608695654,0.38164251207729466,0.4405594405594406
2,25,regular,2,960,946,14,945,15,1,0.984375,0.9989429175475687,1.014799154334038,0.9916054564533054
2,25,semiregular,2,718,718,0,663,55,55,0.9233983286908078,0.9233983286908078,1.0,0.9233983286908078
2,25,irregular,2,139,207,68,121,18,86,0.8705035971223022,0.5845410628019324,0.6714975845410628,0.6994219653179191
2,25,regular,3,971,946,25,946,25,0,0.9742533470648815,1.0,1.0264270613107822,0.9869587897756912
2,25,semiregular,3,722,718,4,664,58,54,0.9196675900277008,0.924791086350975,1.0055710306406684,0.9222222222222223
2,25,irregular,3,167,207,40,159,8,48,0.9520958083832335,0.7681159420289855,0.8067632850241546,0.8502673796791443
2,26,regular,1,1114,985,129,985,129,0,0.8842010771992819,1.0,1.1309644670050762,0.9385421629347308
2,26,semiregular,1,825,720,105,699,126,21,0.8472727272727273,0.9708333333333333,1.1458333333333333,0.9048543689320389
2,26,irregular,1,144,214,70,127,17,87,0.8819444444444444,0.5934579439252337,0.6728971962616822,0.7094972067039106
2,26,regular,2,1018,985,33,985,33,0,0.9675834970530451,1.0,1.033502538071066,0.9835247129306041
2,26,semiregular,2,769,720,49,687,82,33,0.893368010403121,0.9541666666666667,1.0680555555555555,0.9227669576897247
2,26,irregular,2,143,214,71,117,26,97,0.8181818181818182,0.5467289719626168,0.6682242990654206,0.6554621848739496
2,26,regular,3,1057,985,72,985,72,0,0.9318826868495743,1.0,1.0730964467005075,0.9647404505386875
2,26,semiregular,3,776,720,56,688,88,32,0.8865979381443299,0.9555555555555556,1.0777777777777777,0.9197860962566844
2,26,irregular,3,215,214,1,187,28,27,0.8697674418604651,0.8738317757009346,1.0046728971962617,0.8717948717948718
2,27,regular,1,1192,1166,26,1166,26,0,0.9781879194630873,1.0,1.0222984562607205,0.9889737065309585
2,27,semiregular,1,741,728,13,652,89,76,0.8798920377867746,0.8956043956043956,1.0178571428571428,0.8876786929884275
2,27,irregular,1,72,270,198,64,8,206,0.8888888888888888,0.23703703703703705,0.26666666666666666,0.37426900584795325
2,27,regular,2,1175,1166,9,1164,11,2,0.9906382978723405,0.9982847341337907,1.0077186963979416,0.9944468175993165
2,27,semiregular,2,731,728,3,679,52,49,0.9288645690834473,0.9326923076923077,1.004120879120879,0.9307745030843044
2,27,irregular,2,217,270,53,196,21,74,0.9032258064516129,0.725925925925926,0.8037037037037037,0.8049281314168378
2,27,regular,3,1193,1166,27,1166,27,0,0.9773679798826488,1.0,1.023156089193825,0.9885544722339974
2,27,semiregular,3,713,728,15,669,44,59,0.938288920056101,0.9189560439560439,0.9793956043956044,0.9285218598195697
2,27,irregular,3,228,270,42,221,7,49,0.9692982456140351,0.8185185185185185,0.8444444444444444,0.887550200803213
2,28,regular,1,1129,1098,31,1098,31,0,0.9725420726306466,1.0,1.0282331511839709,0.9860799281544679
2,28,semiregular,1,918,859,59,816,102,43,0.8888888888888888,0.9499417927823051,1.0686845168800931,0.9184018007878446
2,28,irregular,1,82,293,211,58,24,235,0.7073170731707317,0.19795221843003413,0.27986348122866894,0.30933333333333335
2,28,regular,2,1122,1098,24,1098,24,0,0.9786096256684492,1.0,1.0218579234972678,0.9891891891891893
2,28,semiregular,2,827,859,32,771,56,88,0.932285368802902,0.8975552968568102,0.9627473806752037,0.9145907473309609
2,28,irregular,2,190,293,103,166,24,127,0.8736842105263158,0.5665529010238908,0.6484641638225256,0.6873706004140787
2,28,regular,3,1134,1098,36,1098,36,0,0.9682539682539683,1.0,1.0327868852459017,0.9838709677419354
2,28,semiregular,3,860,859,1,803,57,56,0.9337209302325581,0.9348079161816065,1.0011641443538999,0.9342641070389761
2,28,irregular,3,222,293,71,207,15,86,0.9324324324324325,0.7064846416382252,0.757679180887372,0.803883495145631
2,29,regular,1,1176,1140,36,1140,36,0,0.9693877551020408,1.0,1.0315789473684212,0.9844559585492229
2,29,semiregular,1,997,869,128,839,158,30,0.8415245737211635,0.9654775604142692,1.147295742232451,0.8992497320471596
2,29,irregular,1,92,247,155,81,11,166,0.8804347826086957,0.32793522267206476,0.3724696356275304,0.4778761061946903
2,29,regular,2,1158,1140,18,1140,18,0,0.9844559585492227,1.0,1.0157894736842106,0.9921671018276762
2,29,semiregular,2,957,869,88,843,114,26,0.8808777429467085,0.9700805523590333,1.1012658227848102,0.9233296823658269
2,29,irregular,2,210,247,37,193,17,54,0.919047619047619,0.7813765182186235,0.8502024291497976,0.8446389496717724
2,29,regular,3,1155,1140,15,1140,15,0,0.987012987012987,1.0,1.013157894736842,0.9934640522875817
2,29,semiregular,3,909,869,40,807,102,62,0.8877887788778878,0.9286536248561565,1.046029919447641,0.9077615298087739
2,29,irregular,3,232,247,15,218,14,29,0.9396551724137931,0.8825910931174089,0.9392712550607287,0.9102296450939458
2,30,regular,1,1034,997,37,997,37,0,0.9642166344294004,1.0,1.037111334002006,0.9817823732151649
2,30,semiregular,1,826,810,16,748,78,62,0.9055690072639225,0.9234567901234568,1.019753086419753,0.9144254278728606
2,30,irregular,1,87,250,163,76,11,174,0.8735632183908046,0.304,0.348,0.45103857566765576
2,30,regular,2,1022,997,25,997,25,0,0.9755381604696673,1.0,1.025075225677031,0.9876176324913324
2,30,semiregular,2,791,810,19,740,51,70,0.9355246523388117,0.9135802469135802,0.9765432098765432,0.924422236102436
2,30,irregular,2,195,250,55,175,20,75,0.8974358974358975,0.7,0.78,0.7865168539325842
2,30,regular,3,1035,997,38,997,38,0,0.9632850241545894,1.0,1.0381143430290873,0.9812992125984252
2,30,semiregular,3,794,810,16,743,51,67,0.9357682619647355,0.917283950617284,0.980246913580247,0.9264339152119702
2,30,irregular,3,213,250,37,192,21,58,0.9014084507042254,0.768,0.852,0.8293736501079914
3,1,regular,1,1034,937,97,937,97,0,0.9061895551257253,1.0,1.103521878335112,0.9507864028411973
3,1,semiregular,1,762,703,59,635,127,68,0.8333333333333334,0.903271692745377,1.0839260312944523,0.8668941979522186
3,1,irregular,1,76,199,123,72,4,127,0.9473684210526315,0.36180904522613067,0.38190954773869346,0.5236363636363636
3,1,regular,2,1032,937,95,937,95,0,0.9079457364341085,1.0,1.1013874066168623,0.951752158456069
3,1,semiregular,2,796,703,93,673,123,30,0.8454773869346733,0.957325746799431,1.132290184921764,0.8979319546364243
3,1,irregular,2,153,199,46,146,7,53,0.954248366013072,0.7336683417085427,0.7688442211055276,0.8295454545454546
3,1,regular,3,1033,937,96,937,96,0,0.9070667957405615,1.0,1.1024546424759871,0.951269035532995
3,1,semiregular,3,724,703,21,640,84,63,0.8839779005524862,0.9103840682788051,1.0298719772403984,0.8969866853538894
3,1,irregular,3,167,199,32,155,12,44,0.9281437125748503,0.7788944723618091,0.8391959798994975,0.8469945355191256
3,2,regular,1,1232,1224,8,1214,18,10,0.9853896103896104,0.9918300653594772,1.0065359477124183,0.988599348534202
3,2,semiregular,1,564,647,83,536,28,111,0.950354609929078,0.8284389489953632,0.8717156105100463,0.8852188274153593
3,2,irregular,1,49,217,168,40,9,177,0.8163265306122449,0.18433179723502305,0.22580645161290322,0.3007518796992481
3,2,regular,2,1252,1224,28,1220,32,4,0.9744408945686901,0.9967320261437909,1.022875816993464,0.9854604200323102
3,2,semiregular,2,649,647,2,615,34,32,0.9476117103235747,0.9505409582689336,1.0030911901081916,0.9490740740740741
3,2,irregular,2,159,217,58,152,7,65,0.9559748427672956,0.7004608294930875,0.7327188940092166,0.8085106382978724
3,2,regular,3,1247,1224,23,1219,28,5,0.9775461106655974,0.9959150326797386,1.0187908496732025,0.9866450829623633
3,2,semiregular,3,633,647,14,610,23,37,0.9636650868878357,0.9428129829984544,0.9783616692426584,0.9531250000000001
3,2,irregular,3,182,217,35,172,10,45,0.945054945054945,0.7926267281105991,0.8387096774193549,0.862155388471178
3,3,regular,1,1043,1053,10,1039,4,14,0.9961649089165868,0.9867046533713201,0.9905033238366572,0.9914122137404581
3,3,semiregular,1,689,716,27,628,61,88,0.9114658925979681,0.8770949720670391,0.9622905027932961,0.8939501779359431
3,3,irregular,1,103,224,121,91,12,133,0.883495145631068,0.40625,0.45982142857142855,0.5565749235474006
3,3,regular,2,1054,1053,1,1047,7,6,0.9933586337760911,0.9943019943019943,1.0009496676163343,0.9938300901756051
3,3,semiregular,2,745,716,29,687,58,29,0.9221476510067114,0.9594972067039106,1.0405027932960893,0.9404517453798767
3,3,irregular,2,164,224,60,157,7,67,0.9573170731707317,0.7008928571428571,0.7321428571428571,0.8092783505154639
3,3,regular,3,1051,1053,2,1045,6,8,0.994291151284491,0.9924026590693258,0.9981006647673314,0.9933460076045628
3,3,semiregular,3,701,716,15,659,42,57,0.9400855920114123,0.9203910614525139,0.979050279329609,0.9301340860973888
3,3,irregular,3,182,224,42,177,5,47,0.9725274725274725,0.7901785714285714,0.8125,0.8719211822660099
3,4,regular,1,1158,1101,57,1101,57,0,0.9507772020725389,1.0,1.0517711171662125,0.9747675962815405
3,4,semiregular,1,658,614,44,536,122,78,0.8145896656534954,0.8729641693811075,1.0716612377850163,0.8427672955974842
3,4,irregular,1,46,228,182,35,11,193,0.7608695652173914,0.15350877192982457,0.20175438596491227,0.25547445255474455
3,4,regular,2,1172,1101,71,1101,71,0,0.939419795221843,1.0,1.064486830154405,0.968763748350198
3,4,semiregular,2,669,614,55,593,76,21,0.8863976083707026,0.9657980456026058,1.0895765472312704,0.9243959469992206
3,4,irregular,2,164,228,64,156,8,72,0.9512195121951219,0.6842105263157895,0.7192982456140351,0.7959183673469389
3,4,regular,3,1161,1101,60,1101,60,0,0.9483204134366925,1.0,1.0544959128065394,0.9734748010610079
3,4,semiregular,3,611,614,3,567,44,47,0.9279869067103109,0.9234527687296417,0.995114006514658,0.9257142857142858
3,4,irregular,3,178,228,50,169,9,59,0.949438202247191,0.7412280701754386,0.7807017543859649,0.8325123152709359
3,5,regular,1,1071,1044,27,1044,27,0,0.9747899159663865,1.0,1.0258620689655173,0.9872340425531915
3,5,semiregular,1,740,668,72,622,118,46,0.8405405405405405,0.9311377245508982,1.1077844311377245,0.8835227272727272
3,5,irregular,1,92,217,125,80,12,137,0.8695652173913043,0.3686635944700461,0.423963133640553,0.517799352750809
3,5,regular,2,1083,1044,39,1044,39,0,0.96398891966759,1.0,1.0373563218390804,0.9816643159379407
3,5,semiregular,2,778,668,110,656,122,12,0.8431876606683805,0.9820359281437125,1.1646706586826348,0.9073305670816043
3,5,irregular,2,167,217,50,159,8,58,0.9520958083832335,0.7327188940092166,0.7695852534562212,0.828125
3,5,regular,3,1085,1044,41,1044,41,0,0.9622119815668203,1.0,1.039272030651341,0.9807421324565524
3,5,semiregular,3,689,668,21,626,63,42,0.9085631349782293,0.937125748502994,1.031437125748503,0.922623434045689
3,5,irregular,3,171,217,46,162,9,55,0.9473684210526315,0.7465437788018433,0.7880184331797235,0.8350515463917525
3,6,regular,1,989,915,74,915,74,0,0.9251769464105156,1.0,1.0808743169398907,0.9611344537815125
3,6,semiregular,1,691,701,10,625,66,76,0.9044862518089725,0.891583452211127,0.985734664764622,0.8979885057471264
3,6,irregular,1,75,195,120,58,17,137,0.7733333333333333,0.29743589743589743,0.38461538461538464,0.42962962962962964
3,6,regular,2,1012,915,97,914,98,1,0.9031620553359684,0.9989071038251366,1.1060109289617486,0.9486248053969901
3,6,semiregular,2,754,701,53,678,76,23,0.8992042440318302,0.9671897289586305,1.0756062767475036,0.931958762886598
3,6,irregular,2,145,195,50,105,40,90,0.7241379310344828,0.5384615384615384,0.7435897435897436,0.6176470588235294
3,6,regular,3,1003,915,88,915,88,0,0.9122632103688934,1.0,1.0961748633879782,0.9541188738269031
3,6,semiregular,3,683,701,18,644,39,57,0.9428989751098097,0.9186875891583453,0.9743223965763196,0.9306358381502892
3,6,irregular,3,166,195,29,153,13,42,0.9216867469879518,0.7846153846153846,0.8512820512820513,0.8476454293628809
3,7,regular,1,1289,1230,59,1230,59,0,0.9542280837858805,1.0,1.0479674796747966,0.9765780071456928
3,7,semiregular,1,795,761,34,696,99,65,0.8754716981132076,0.9145860709592641,1.0446780551905388,0.8946015424164525
3,7,irregular,1,8,225,217,1,7,224,0.125,0.0044444444444444444,0.035555555555555556,0.008583690987124463
3,7,regular,2,1298,1230,68,1230,68,0,0.9476117103235747,1.0,1.0552845528455284,0.9731012658227848
3,7,semiregular,2,803,761,42,705,98,56,0.8779576587795765,0.926412614980289,1.055190538764783,0.9015345268542199
3,7,irregular,2,133,225,92,131,2,94,0.9849624060150376,0.5822222222222222,0.5911111111111111,0.7318435754189945
3,7,regular,3,1283,1230,53,1230,53,0,0.9586905689789555,1.0,1.0430894308943088,0.9789096697174692
3,7,semiregular,3,767,761,6,697,70,64,0.9087353324641461,0.9159001314060446,1.0078843626806833,0.912303664921466
3,7,irregular,3,179,225,46,168,11,57,0.9385474860335196,0.7466666666666667,0.7955555555555556,0.8316831683168316
3,8,regular,1,1067,1035,32,1034,33,1,0.9690721649484536,0.9990338164251208,1.0309178743961354,0.983824928639391
3,8,semiregular,1,820,827,7,737,83,90,0.8987804878048781,0.8911729141475212,0.9915356711003628,0.8949605343047967
3,8,irregular,1,79,243,164,66,13,177,0.8354430379746836,0.2716049382716049,0.32510288065843623,0.40993788819875776
3,8,regular,2,1081,1035,46,1034,47,1,0.9565217391304348,0.9990338164251208,1.0444444444444445,0.9773156899810963
3,8,semiregular,2,855,827,28,773,82,54,0.904093567251462,0.9347037484885127,1.0338573155985489,0.9191438763376932
3,8,irregular,2,174,243,69,168,6,75,0.9655172413793104,0.691358024691358,0.7160493827160493,0.8057553956834532
3,8,regular,3,1073,1035,38,1034,39,1,0.9636533084808947,0.9990338164251208,1.0367149758454106,0.9810246679316889
3,8,semiregular,3,815,827,12,760,55,67,0.9325153374233128,0.9189842805320435,0.9854897218863361,0.925700365408039
3,8,irregular,3,193,243,50,184,9,59,0.9533678756476683,0.757201646090535,0.7942386831275721,0.8440366972477064
3,9,regular,1,1099,1107,8,1092,7,15,0.9936305732484076,0.986449864498645,0.992773261065944,0.9900271985494107
3,9,semiregular,1,599,701,102,561,38,140,0.9365609348914858,0.8002853067047075,0.854493580599144,0.8630769230769231
3,9,irregular,1,84,266,182,77,7,189,0.9166666666666666,0.2894736842105263,0.3157894736842105,0.43999999999999995
3,9,regular,2,1111,1107,4,1102,9,5,0.991899189918992,0.995483288166215,1.003613369467028,0.9936880072137061
3,9,semiregular,2,640,701,61,613,27,88,0.9578125,0.8744650499286734,0.912981455064194,0.9142431021625653
3,9,irregular,2,193,266,73,186,7,80,0.9637305699481865,0.6992481203007519,0.7255639097744361,0.8104575163398693
3,9,regular,3,1103,1107,4,1095,8,12,0.9927470534904805,0.989159891598916,0.996386630532972,0.990950226244344
3,9,semiregular,3,669,701,32,649,20,52,0.9701046337817638,0.9258202567760342,0.9543509272467903,0.9474452554744525
3,9,irregular,3,208,266,58,200,8,66,0.9615384615384616,0.7518796992481203,0.7819548872180451,0.8438818565400844
3,10,regular,1,1118,1014,104,1014,104,0,0.9069767441860465,1.0,1.1025641025641026,0.951219512195122
3,10,semiregular,1,668,656,12,617,51,39,0.9236526946107785,0.9405487804878049,1.0182926829268293,0.9320241691842901
3,10,irregular,1,106,247,141,93,13,154,0.8773584905660378,0.3765182186234818,0.4291497975708502,0.5269121813031161
3,10,regular,2,1101,1014,87,1014,87,0,0.9209809264305178,1.0,1.0857988165680474,0.9588652482269504
3,10,semiregular,2,709,656,53,634,75,22,0.8942172073342737,0.9664634146341463,1.0807926829268293,0.928937728937729
3,10,irregular,2,190,247,57,173,17,74,0.9105263157894737,0.7004048582995951,0.7692307692307693,0.7917620137299771
3,10,regular,3,1091,1014,77,1014,77,0,0.9294225481209899,1.0,1.0759368836291914,0.9634204275534441
3,10,semiregular,3,643,656,13,603,40,53,0.937791601866252,0.9192073170731707,0.9801829268292683,0.9284064665127021
3,10,irregular,3,211,247,36,197,14,50,0.933649289099526,0.7975708502024291,0.854251012145749,0.8602620087336244
3,11,regular,1,1115,1070,45,1070,45,0,0.9596412556053812,1.0,1.0420560747663552,0.9794050343249427
3,11,semiregular,1,750,700,50,644,106,56,0.8586666666666667,0.92,1.0714285714285714,0.8882758620689656
3,11,irregular,1,90,239,149,78,12,161,0.8666666666666667,0.3263598326359833,0.37656903765690375,0.4741641337386019
3,11,regular,2,1119,1070,49,1070,49,0,0.9562109025915997,1.0,1.0457943925233646,0.977615349474646
3,11,semiregular,2,720,700,20,655,65,45,0.9097222222222222,0.9357142857142857,1.0285714285714285,0.9225352112676057
3,11,irregular,2,174,239,65,165,9,74,0.9482758620689655,0.6903765690376569,0.7280334728033473,0.7990314769975787
3,11,regular,3,1104,1070,34,1070,34,0,0.9692028985507246,1.0,1.0317757009345794,0.9843606255749769
3,11,semiregular,3,680,700,20,642,38,58,0.9441176470588235,0.9171428571428571,0.9714285714285714,0.9304347826086957
3,11,irregular,3,184,239,55,179,5,60,0.9728260869565217,0.7489539748953975,0.7698744769874477,0.8463356973995272
3,12,regular,1,1069,1007,62,1007,62,0,0.9420018709073901,1.0,1.0615690168818273,0.9701348747591522
3,12,semiregular,1,715,641,74,598,117,43,0.8363636363636363,0.9329173166926678,1.1154446177847115,0.8820058997050148
3,12,irregular,1,132,204,72,120,12,84,0.9090909090909091,0.5882352941176471,0.6470588235294118,0.7142857142857143
3,12,regular,2,1076,1007,69,1007,69,0,0.9358736059479554,1.0,1.0685203574975173,0.9668746999519924
3,12,semiregular,2,735,641,94,612,123,29,0.8326530612244898,0.9547581903276131,1.1466458658346335,0.8895348837209304
3,12,irregular,2,176,204,28,161,15,43,0.9147727272727273,0.7892156862745098,0.8627450980392157,0.8473684210526315
3,12,regular,3,1077,1007,70,1007,70,0,0.9350046425255338,1.0,1.0695134061569016,0.9664107485604606
3,12,semiregular,3,641,641,0,588,53,53,0.9173166926677067,0.9173166926677067,1.0,0.9173166926677067
3,12,irregular,3,183,204,21,176,7,28,0.9617486338797814,0.8627450980392157,0.8970588235294118,0.9095607235142119
3,13,regular,1,1027,1000,27,1000,27,0,0.9737098344693281,1.0,1.027,0.9866798223976319
3,13,semiregular,1,850,815,35,764,86,51,0.8988235294117647,0.9374233128834356,1.0429447852760736,0.9177177177177177
3,13,irregular,1,102,216,114,86,16,130,0.8431372549019608,0.39814814814814814,0.4722222222222222,0.5408805031446541
3,13,regular,2,1053,1000,53,1000,53,0,0.949667616334283,1.0,1.053,0.974184120798831
3,13,semiregular,2,861,815,46,793,68,22,0.9210220673635308,0.9730061349693252,1.056441717791411,0.9463007159904536
3,13,irregular,2,188,216,28,167,21,49,0.8882978723404256,0.7731481481481481,0.8703703703703703,0.8267326732673268
3,13,regular,3,1060,1000,60,1000,60,0,0.9433962264150944,1.0,1.06,0.970873786407767
3,13,semiregular,3,805,815,10,773,32,42,0.9602484472049689,0.9484662576687116,0.9877300613496932,0.9543209876543209
3,13,irregular,3,188,216,28,181,7,35,0.9627659574468085,0.8379629629629629,0.8703703703703703,0.896039603960396
3,14,regular,1,1060,1052,8,1052,8,0,0.9924528301886792,1.0,1.0076045627376427,0.9962121212121212
3,14,semiregular,1,857,913,56,795,62,118,0.9276546091015169,0.8707557502738226,0.9386637458926615,0.8983050847457628
3,14,irregular,1,74,217,143,67,7,150,0.9054054054054054,0.3087557603686636,0.34101382488479265,0.4604810996563574
3,14,regular,2,1076,1052,24,1052,24,0,0.9776951672862454,1.0,1.0228136882129277,0.9887218045112781
3,14,semiregular,2,972,913,59,887,85,26,0.9125514403292181,0.9715224534501643,1.0646221248630887,0.9411140583554376
3,14,irregular,2,175,217,42,168,7,49,0.96,0.7741935483870968,0.8064516129032258,0.8571428571428571
3,14,regular,3,1067,1052,15,1052,15,0,0.985941893158388,1.0,1.0142585551330798,0.9929211892402076
3,14,semiregular,3,879,913,34,837,42,76,0.9522184300341296,0.9167579408543264,0.9627601314348302,0.9341517857142858
3,14,irregular,3,168,217,49,161,7,56,0.9583333333333334,0.7419354838709677,0.7741935483870968,0.8363636363636364
3,15,regular,1,989,964,25,964,25,0,0.974721941354904,1.0,1.0259336099585061,0.9871991807475679
3,15,semiregular,1,795,774,21,729,66,45,0.9169811320754717,0.9418604651162791,1.0271317829457365,0.9292543021032506
3,15,irregular,1,114,218,104,108,6,110,0.9473684210526315,0.4954128440366973,0.5229357798165137,0.6506024096385542
3,15,regular,2,994,964,30,964,30,0,0.9698189134808853,1.0,1.0311203319502074,0.9846782431052095
3,15,semiregular,2,778,774,4,724,54,50,0.9305912596401028,0.9354005167958657,1.0051679586563307,0.9329896907216495
3,15,irregular,2,170,218,48,165,5,53,0.9705882352941176,0.7568807339449541,0.7798165137614679,0.8505154639175259
3,15,regular,3,984,964,20,964,20,0,0.9796747967479674,1.0,1.020746887966805,0.9897330595482546
3,15,semiregular,3,727,774,47,697,30,77,0.9587345254470426,0.900516795865633,0.9392764857881137,0.9287141905396402
3,15,irregular,3,178,218,40,172,6,46,0.9662921348314607,0.7889908256880734,0.8165137614678899,0.8686868686868687
3,16,regular,1,1173,1109,64,1109,64,0,0.9454390451832907,1.0,1.0577096483318305,0.971954425942156
3,16,semiregular,1,567,681,114,478,89,203,0.8430335097001763,0.7019089574155654,0.8325991189427313,0.7660256410256411
3,16,irregular,1,6,272,266,1,5,271,0.16666666666666666,0.003676470588235294,0.022058823529411766,0.007194244604316548
3,16,regular,2,1191,1109,82,1109,82,0,0.9311502938706969,1.0,1.0739404869251579,0.9643478260869566
3,16,semiregular,2,714,681,33,643,71,38,0.9005602240896359,0.9441997063142438,1.0484581497797356,0.9218637992831542
3,16,irregular,2,191,272,81,180,11,92,0.9424083769633508,0.6617647058823529,0.7022058823529411,0.7775377969762419
3,16,regular,3,1166,1109,57,1109,57,0,0.951114922813036,1.0,1.0513976555455364,0.9749450549450549
3,16,semiregular,3,654,681,27,611,43,70,0.9342507645259939,0.8972099853157122,0.960352422907489,0.9153558052434457
3,16,irregular,3,174,272,98,169,5,103,0.9712643678160919,0.6213235294117647,0.6397058823529411,0.757847533632287
3,17,regular,1,1097,1029,68,1029,68,0,0.9380127620783957,1.0,1.066083576287658,0.9680150517403575
3,17,semiregular,1,627,837,210,566,61,271,0.9027113237639554,0.6762246117084827,0.7491039426523297,0.773224043715847
3,17,irregular,1,24,240,216,16,8,224,0.6666666666666666,0.06666666666666667,0.1,0.1212121212121212
3,17,regular,2,1119,1029,90,1029,90,0,0.9195710455764075,1.0,1.087463556851312,0.9581005586592178
3,17,semiregular,2,871,837,34,796,75,41,0.9138920780711826,0.951015531660693,1.0406212664277181,0.9320843091334895
3,17,irregular,2,187,240,53,165,22,75,0.8823529411764706,0.6875,0.7791666666666667,0.7728337236533958
3,17,regular,3,1088,1029,59,1029,59,0,0.9457720588235294,1.0,1.0573372206025267,0.9721303731695796
3,17,semiregular,3,835,837,2,788,47,49,0.9437125748502994,0.9414575866188769,0.997610513739546,0.9425837320574163
3,17,irregular,3,191,240,49,181,10,59,0.9476439790575916,0.7541666666666667,0.7958333333333333,0.839907192575406
3,18,regular,1,1115,1044,71,1043,72,1,0.9354260089686098,0.9990421455938697,1.068007662835249,0.9661880500231589
3,18,semiregular,1,659,801,142,608,51,193,0.9226100151745068,0.7590511860174781,0.8227215980024969,0.8328767123287671
3,18,irregular,1,17,252,235,12,5,240,0.7058823529411765,0.047619047619047616,0.06746031746031746,0.08921933085501858
3,18,regular,2,1174,1044,130,1043,131,1,0.8884156729131175,0.9990421455938697,1.1245210727969348,0.9404869251577997
3,18,semiregular,2,865,801,64,782,83,19,0.9040462427745665,0.9762796504369539,1.079900124843945,0.9387755102040816
3,18,irregular,2,188,252,64,178,10,74,0.9468085106382979,0.7063492063492064,0.746031746031746,0.8090909090909091
3,18,regular,3,1123,1044,79,1044,79,0,0.9296527159394479,1.0,1.0756704980842913,0.9635440701430549
3,18,semiregular,3,811,801,10,764,47,37,0.9420468557336621,0.9538077403245943,1.0124843945068664,0.9478908188585606
3,18,irregular,3,203,252,49,193,10,59,0.9507389162561576,0.7658730158730159,0.8055555555555556,0.8483516483516483
3,19,regular,1,1144,1076,68,1075,69,1,0.9396853146853147,0.9990706319702602,1.063197026022305,0.9684684684684685
3,19,semiregular,1,715,753,38,647,68,106,0.9048951048951049,0.8592297476759628,0.949535192563081,0.8814713896457766
3,19,irregular,1,94,245,151,86,8,159,0.9148936170212766,0.3510204081632653,0.3836734693877551,0.5073746312684365
3,19,regular,2,1135,1076,59,1074,61,2,0.9462555066079296,0.9981412639405205,1.054832713754647,0.971506105834464
3,19,semiregular,2,759,753,6,711,48,42,0.9367588932806324,0.9442231075697212,1.0079681274900398,0.9404761904761906
3,19,irregular,2,202,245,43,184,18,61,0.9108910891089109,0.7510204081632653,0.8244897959183674,0.8232662192393736
3,19,regular,3,1134,1076,58,1075,59,1,0.9479717813051146,0.9990706319702602,1.053903345724907,0.9728506787330317
3,19,semiregular,3,705,753,48,671,34,82,0.9517730496453901,0.8911022576361222,0.9362549800796812,0.9204389574759946
3,19,irregular,3,185,245,60,180,5,65,0.972972972972973,0.7346938775510204,0.7551020408163265,0.8372093023255813
3,20,regular,1,1191,1251,60,1184,7,67,0.9941225860621327,0.9464428457234213,0.9520383693045563,0.9696969696969697
3,20,semiregular,1,858,841,17,740,118,101,0.8624708624708625,0.8799048751486326,1.0202140309155767,0.8711006474396704
3,20,irregular,1,86,252,166,73,13,179,0.8488372093023255,0.2896825396825397,0.3412698412698413,0.43195266272189353
3,20,regular,2,1208,1251,43,1200,8,51,0.9933774834437086,0.9592326139088729,0.9656274980015987,0.9760065067100447
3,20,semiregular,2,823,841,18,735,88,106,0.8930741190765492,0.8739595719381689,0.9785969084423306,0.8834134615384616
3,20,irregular,2,197,252,55,186,11,66,0.9441624365482234,0.7380952380952381,0.7817460317460317,0.8285077951002229
3,20,regular,3,1193,1251,58,1186,7,65,0.9941324392288349,0.9480415667466027,0.9536370903277378,0.9705400981996727
3,20,semiregular,3,817,841,24,752,65,89,0.9204406364749081,0.8941736028537456,0.9714625445897741,0.9071170084439083
3,20,irregular,3,193,252,59,182,11,70,0.9430051813471503,0.7222222222222222,0.7658730158730159,0.8179775280898877
3,21,regular,1,987,920,67,920,67,0,0.9321175278622087,1.0,1.0728260869565218,0.9648662821185108
3,21,semiregular,1,640,549,91,499,141,50,0.7796875,0.9089253187613844,1.1657559198542806,0.8393608074011775
3,21,irregular,1,107,204,97,100,7,104,0.9345794392523364,0.49019607843137253,0.5245098039215687,0.6430868167202572
3,21,regular,2,991,920,71,920,71,0,0.9283551967709385,1.0,1.0771739130434783,0.9628466771323915
3,21,semiregular,2,675,549,126,537,138,12,0.7955555555555556,0.9781420765027322,1.2295081967213115,0.8774509803921569
3,21,irregular,2,156,204,48,145,11,59,0.9294871794871795,0.7107843137254902,0.7647058823529411,0.8055555555555557
3,21,regular,3,981,920,61,920,61,0,0.9378185524974516,1.0,1.066304347826087,0.9679116254602841
3,21,semiregular,3,599,549,50,523,76,26,0.8731218697829716,0.9526411657559198,1.0910746812386156,0.9111498257839721
3,21,irregular,3,168,204,36,163,5,41,0.9702380952380952,0.7990196078431373,0.8235294117647058,0.8763440860215055
3,22,regular,1,1032,946,86,946,86,0,0.9166666666666666,1.0,1.0909090909090908,0.9565217391304348
3,22,semiregular,1,783,703,80,669,114,34,0.8544061302681992,0.9516358463726885,1.1137980085348507,0.9004037685060565
3,22,irregular,1,86,247,161,79,7,168,0.9186046511627907,0.31983805668016196,0.3481781376518219,0.4744744744744745
3,22,regular,2,1010,946,64,946,64,0,0.9366336633663367,1.0,1.0676532769556026,0.9672801635991821
3,22,semiregular,2,757,703,54,681,76,22,0.8996036988110965,0.968705547652916,1.0768136557610242,0.9328767123287671
3,22,irregular,2,160,247,87,150,10,97,0.9375,0.6072874493927125,0.6477732793522267,0.7371007371007371
3,22,regular,3,1009,946,63,946,63,0,0.9375619425173439,1.0,1.0665961945031712,0.9677749360613811
3,22,semiregular,3,710,703,7,654,56,49,0.9211267605633803,0.930298719772404,1.0099573257467995,0.9256900212314224
3,22,irregular,3,183,247,64,176,7,71,0.9617486338797814,0.7125506072874493,0.7408906882591093,0.8186046511627907
3,23,regular,1,1052,999,53,999,53,0,0.9496197718631179,1.0,1.053053053053053,0.9741589468551926
3,23,semiregular,1,890,835,55,775,115,60,0.8707865168539326,0.9281437125748503,1.0658682634730539,0.898550724637681
3,23,irregular,1,11,266,255,1,10,265,0.09090909090909091,0.0037593984962406013,0.041353383458646614,0.007220216606498194
3,23,regular,2,1073,999,74,999,74,0,0.9310344827586207,1.0,1.0740740740740742,0.9642857142857143
3,23,semiregular,2,863,835,28,790,73,45,0.9154113557358053,0.9461077844311377,1.0335329341317365,0.9305064782096584
3,23,irregular,2,216,266,50,203,13,63,0.9398148148148148,0.7631578947368421,0.8120300751879699,0.8423236514522822
3,23,regular,3,1068,999,69,999,69,0,0.9353932584269663,1.0,1.0690690690690692,0.9666182873730043
3,23,semiregular,3,833,835,2,778,55,57,0.9339735894357744,0.9317365269461078,0.9976047904191617,0.9328537170263789
3,23,irregular,3,206,266,60,190,16,76,0.9223300970873787,0.7142857142857143,0.7744360902255639,0.8050847457627118
3,24,regular,1,1091,1079,12,1077,14,2,0.9871677360219981,0.9981464318813716,1.0111214087117701,0.9926267281105992
3,24,semiregular,1,643,680,37,578,65,102,0.8989113530326595,0.85,0.9455882352941176,0.8737717309145882
3,24,irregular,1,82,247,165,74,8,173,0.9024390243902439,0.29959514170040485,0.3319838056680162,0.4498480243161094
3,24,regular,2,1101,1079,22,1079,22,0,0.9800181653042689,1.0,1.020389249304912,0.989908256880734
3,24,semiregular,2,666,680,14,628,38,52,0.9429429429429429,0.9235294117647059,0.9794117647058823,0.9331352154531946
3,24,irregular,2,188,247,59,184,4,63,0.9787234042553191,0.7449392712550608,0.7611336032388664,0.845977011494253
3,24,regular,3,1088,1079,9,1077,11,2,0.9898897058823529,0.9981464318813716,1.0083410565338276,0.994000922934933
3,24,semiregular,3,657,680,23,633,24,47,0.9634703196347032,0.9308823529411765,0.9661764705882353,0.9468960359012716
3,24,irregular,3,204,247,43,198,6,49,0.9705882352941176,0.8016194331983806,0.8259109311740891,0.8780487804878049
3,25,regular,1,965,946,19,946,19,0,0.9803108808290155,1.0,1.0200845665961944,0.9900575614861329
3,25,semiregular,1,706,718,12,618,88,100,0.8753541076487252,0.8607242339832869,0.9832869080779945,0.8679775280898877
3,25,irregular,1,88,207,119,72,16,135,0.8181818181818182,0.34782608695652173,0.4251207729468599,0.48813559322033906
3,25,regular,2,970,946,24,946,24,0,0.9752577319587629,1.0,1.025369978858351,0.987473903966597
3,25,semiregular,2,770,718,52,690,80,28,0.8961038961038961,0.9610027855153204,1.0724233983286908,0.9274193548387096
3,25,irregular,2,131,207,76,114,17,93,0.8702290076335878,0.5507246376811594,0.6328502415458938,0.6745562130177515
3,25,regular,3,970,946,24,946,24,0,0.9752577319587629,1.0,1.025369978858351,0.987473903966597
3,25,semiregular,3,687,718,31,647,40,71,0.9417758369723436,0.9011142061281338,0.9568245125348189,0.9209964412811389
3,25,irregular,3,136,207,71,130,6,77,0.9558823529411765,0.6280193236714976,0.6570048309178744,0.7580174927113703
3,26,regular,1,1051,985,66,985,66,0,0.9372026641294006,1.0,1.067005076142132,0.9675834970530452
3,26,semiregular,1,785,720,65,686,99,34,0.8738853503184714,0.9527777777777777,1.0902777777777777,0.9116279069767442
3,26,irregular,1,141,214,73,119,22,95,0.8439716312056738,0.5560747663551402,0.6588785046728972,0.6704225352112676
3,26,regular,2,1025,985,40,983,42,2,0.9590243902439024,0.9979695431472081,1.0406091370558375,0.9781094527363184
3,26,semiregular,2,802,720,82,697,105,23,0.8690773067331671,0.9680555555555556,1.113888888888889,0.9159001314060446
3,26,irregular,2,133,214,81,113,20,101,0.849624060150376,0.5280373831775701,0.6214953271028038,0.6512968299711815
3,26,regular,3,1070,985,85,985,85,0,0.9205607476635514,1.0,1.0862944162436547,0.9586374695863746
3,26,semiregular,3,734,720,14,683,51,37,0.9305177111716622,0.9486111111111111,1.0194444444444444,0.939477303988996
3,26,irregular,3,186,214,28,174,12,40,0.9354838709677419,0.8130841121495327,0.8691588785046729,0.8699999999999999
3,27,regular,1,1180,1166,14,1165,15,1,0.9872881355932204,0.9991423670668954,1.012006861063465,0.9931798806479114
3,27,semiregular,1,703,728,25,602,101,126,0.8563300142247511,0.8269230769230769,0.9656593406593407,0.8413696715583507
3,27,irregular,1,75,270,195,67,8,203,0.8933333333333333,0.24814814814814815,0.2777777777777778,0.38840579710144923
3,27,regular,2,1195,1166,29,1166,29,0,0.9757322175732217,1.0,1.0248713550600344,0.987717069038543
3,27,semiregular,2,764,728,36,690,74,38,0.9031413612565445,0.9478021978021978,1.0494505494505495,0.9249329758713136
3,27,irregular,2,198,270,72,185,13,85,0.9343434343434344,0.6851851851851852,0.7333333333333333,0.7905982905982907
3,27,regular,3,1190,1166,24,1166,24,0,0.9798319327731092,1.0,1.020583190394511,0.9898132427843802
3,27,semiregular,3,701,728,27,663,38,65,0.9457917261055635,0.9107142857142857,0.9629120879120879,0.9279216235129462
3,27,irregular,3,202,270,68,191,11,79,0.9455445544554455,0.7074074074074074,0.7481481481481481,0.809322033898305
3,28,regular,1,1112,1098,14,1095,17,3,0.9847122302158273,0.9972677595628415,1.0127504553734061,0.9909502262443439
3,28,semiregular,1,877,859,18,783,94,76,0.8928164196123147,0.9115250291036089,1.020954598370198,0.9020737327188941
3,28,irregular,1,83,293,210,67,16,226,0.8072289156626506,0.22866894197952217,0.2832764505119454,0.3563829787234042
3,28,regular,2,1137,1098,39,1098,39,0,0.9656992084432717,1.0,1.03551912568306,0.9825503355704697
3,28,semiregular,2,866,859,7,791,75,68,0.9133949191685913,0.9208381839348079,1.0081490104772992,0.9171014492753623
3,28,irregular,2,179,293,114,167,12,126,0.9329608938547486,0.5699658703071673,0.6109215017064846,0.7076271186440678
3,28,regular,3,1132,1098,34,1098,34,0,0.9699646643109541,1.0,1.0309653916211294,0.9847533632286996
3,28,semiregular,3,840,859,19,800,40,59,0.9523809523809523,0.9313154831199069,0.9778812572759022,0.9417304296645085
3,28,irregular,3,190,293,103,179,11,114,0.9421052631578948,0.6109215017064846,0.6484641638225256,0.7412008281573499
3,29,regular,1,1159,1140,19,1140,19,0,0.9836065573770492,1.0,1.0166666666666666,0.9917355371900827
3,29,semiregular,1,933,869,64,801,132,68,0.8585209003215434,0.9217491369390104,1.0736478711162256,0.8890122086570477
3,29,irregular,1,104,247,143,95,9,152,0.9134615384615384,0.38461538461538464,0.42105263157894735,0.5413105413105412
3,29,regular,2,1174,1140,34,1140,34,0,0.9710391822827938,1.0,1.0298245614035089,0.9853068280034571
3,29,semiregular,2,1052,869,183,863,189,6,0.8203422053231939,0.9930955120828538,1.2105868814729575,0.8984903695991671
3,29,irregular,2,201,247,46,185,16,62,0.9203980099502488,0.7489878542510121,0.8137651821862348,0.8258928571428572
3,29,regular,3,1151,1140,11,1137,14,3,0.9878366637706343,0.9973684210526316,1.0096491228070175,0.99257965953732
3,29,semiregular,3,893,869,24,817,76,52,0.9148936170212766,0.9401611047180668,1.0276179516685846,0.927355278093076
3,29,irregular,3,211,247,36,198,13,49,0.9383886255924171,0.8016194331983806,0.854251012145749,0.8646288209606987
3,30,regular,1,1019,997,22,997,22,0,0.9784102060843964,1.0,1.0220661985957873,0.9890873015873016
3,30,semiregular,1,787,810,23,724,63,86,0.9199491740787802,0.8938271604938272,0.971604938271605,0.9067000626174077
3,30,irregular,1,107,250,143,89,18,161,0.8317757009345794,0.356,0.428,0.4985994397759103
3,30,regular,2,1029,997,32,997,32,0,0.9689018464528668,1.0,1.0320962888665999,0.9842053307008884
3,30,semiregular,2,835,810,25,772,63,38,0.9245508982035928,0.9530864197530864,1.0308641975308641,0.9386018237082067
3,30,irregular,2,172,250,78,168,4,82,0.9767441860465116,0.672,0.688,0.7962085308056872
3,30,regular,3,1032,997,35,997,35,0,0.9660852713178295,1.0,1.0351053159478436,0.9827501232134056
3,30,semiregular,3,793,810,17,752,41,58,0.9482976040353089,0.928395061728395,0.9790123456790123,0.9382407985028073
3,30,irregular,3,202,250,48,180,22,70,0.8910891089108911,0.72,0.808,0.7964601769911505
4,1,regular,1,1044,937,107,937,107,0,0.8975095785440613,1.0,1.1141942369263607,0.9459868753154972
4,1,semiregular,1,791,703,88,661,130,42,0.8356510745891277,0.9402560455192034,1.1251778093883358,0.8848728246318609
4,1,irregular,1,74,199,125,60,14,139,0.8108108108108109,0.3015075376884422,0.37185929648241206,0.4395604395604395
4,1,regular,2,1026,937,89,937,89,0,0.9132553606237817,1.0,1.0949839914621131,0.9546612328069282
4,1,semiregular,2,772,703,69,664,108,39,0.8601036269430051,0.9445234708392604,1.0981507823613086,0.9003389830508475
4,1,irregular,2,15,199,184,6,9,193,0.4,0.03015075376884422,0.07537688442211055,0.05607476635514018
4,1,regular,3,1035,937,98,937,98,0,0.9053140096618357,1.0,1.104589114194237,0.9503042596348884
4,1,semiregular,3,746,703,43,661,85,42,0.886058981233244,0.9402560455192034,1.0611664295874823,0.9123533471359558
4,1,irregular,3,177,199,22,168,9,31,0.9491525423728814,0.8442211055276382,0.8894472361809045,0.8936170212765957
4,2,regular,1,1243,1224,19,1219,24,5,0.9806918744971842,0.9959150326797386,1.0155228758169934,0.9882448317794893
4,2,semiregular,1,600,647,47,569,31,78,0.9483333333333334,0.8794435857805255,0.9273570324574961,0.9125902165196472
4,2,irregular,1,56,217,161,33,23,184,0.5892857142857143,0.15207373271889402,0.25806451612903225,0.24175824175824176
4,2,regular,2,1241,1224,17,1218,23,6,0.9814665592264303,0.9950980392156863,1.0138888888888888,0.9882352941176471
4,2,semiregular,2,629,647,18,598,31,49,0.9507154213036566,0.9242658423493045,0.9721792890262752,0.9373040752351097
4,2,irregular,2,19,217,198,5,14,212,0.2631578947368421,0.02304147465437788,0.08755760368663594,0.04237288135593221
4,2,regular,3,1243,1224,19,1219,24,5,0.9806918744971842,0.9959150326797386,1.0155228758169934,0.9882448317794893
4,2,semiregular,3,631,647,16,606,25,41,0.9603803486529319,0.9366306027820711,0.9752704791344667,0.9483568075117371
4,2,irregular,3,187,217,30,182,5,35,0.9732620320855615,0.8387096774193549,0.8617511520737328,0.900990099009901
4,3,regular,1,1055,1053,2,1047,8,6,0.9924170616113744,0.9943019943019943,1.0018993352326686,0.9933586337760911
4,3,semiregular,1,723,716,7,660,63,56,0.9128630705394191,0.9217877094972067,1.0097765363128492,0.9173036831132729
4,3,irregular,1,89,224,135,65,24,159,0.7303370786516854,0.29017857142857145,0.39732142857142855,0.415335463258786
4,3,regular,2,1043,1053,10,1040,3,13,0.99712368168744,0.9876543209876543,0.9905033238366572,0.9923664122137403
4,3,semiregular,2,739,716,23,672,67,44,0.9093369418132612,0.9385474860335196,1.032122905027933,0.9237113402061855
4,3,irregular,2,8,224,216,4,4,220,0.5,0.017857142857142856,0.03571428571428571,0.03448275862068965
4,3,regular,3,1048,1053,5,1044,4,9,0.9961832061068703,0.9914529914529915,0.9952516619183286,0.9938124702522608
4,3,semiregular,3,704,716,12,660,44,56,0.9375,0.9217877094972067,0.9832402234636871,0.9295774647887324
4,3,irregular,3,199,224,25,193,6,31,0.9698492462311558,0.8616071428571429,0.8883928571428571,0.9125295508274232
4,4,regular,1,1157,1101,56,1101,56,0,0.9515989628349178,1.0,1.0508628519527703,0.975199291408326
4,4,semiregular,1,676,614,62,547,129,67,0.8091715976331361,0.8908794788273615,1.1009771986970684,0.8480620155038758
4,4,irregular,1,47,228,181,25,22,203,0.5319148936170213,0.10964912280701754,0.20614035087719298,0.1818181818181818
4,4,regular,2,1165,1101,64,1101,64,0,0.9450643776824035,1.0,1.0581289736603088,0.971756398940865
4,4,semiregular,2,656,614,42,581,75,33,0.885670731707317,0.9462540716612378,1.0684039087947883,0.9149606299212598
4,4,irregular,2,10,228,218,3,7,225,0.3,0.013157894736842105,0.043859649122807015,0.025210084033613443
4,4,regular,3,1154,1101,53,1101,53,0,0.9540727902946274,1.0,1.0481380563124432,0.9764966740576496
4,4,semiregular,3,612,614,2,562,50,52,0.9183006535947712,0.9153094462540716,0.996742671009772,0.9168026101141926
4,4,irregular,3,196,228,32,182,14,46,0.9285714285714286,0.7982456140350878,0.8596491228070176,0.8584905660377359
4,5,regular,1,1075,1044,31,1044,31,0,0.9711627906976744,1.0,1.0296934865900382,0.9853704577630957
4,5,semiregular,1,775,668,107,645,130,23,0.832258064516129,0.9655688622754491,1.160179640718563,0.8939708939708939
4,5,irregular,1,56,217,161,28,28,189,0.5,0.12903225806451613,0.25806451612903225,0.20512820512820512
4,5,regular,2,1074,1044,30,1044,30,0,0.9720670391061452,1.0,1.028735632183908,0.9858356940509915
4,5,semiregular,2,764,668,96,646,118,22,0.8455497382198953,0.9670658682634731,1.1437125748502994,0.9022346368715083
4,5,irregular,2,15,217,202,3,12,214,0.2,0.013824884792626729,0.06912442396313365,0.025862068965517244
4,5,regular,3,1078,1044,34,1044,34,0,0.9684601113172542,1.0,1.0325670498084292,0.9839773798303487
4,5,semiregular,3,712,668,44,639,73,29,0.8974719101123596,0.9565868263473054,1.0658682634730539,0.9260869565217391
4,5,irregular,3,187,217,30,180,7,37,0.9625668449197861,0.8294930875576036,0.8617511520737328,0.8910891089108911
4,6,regular,1,994,915,79,915,79,0,0.920523138832998,1.0,1.0863387978142076,0.9586170770036668
4,6,semiregular,1,717,701,16,652,65,49,0.9093444909344491,0.9300998573466477,1.0228245363766049,0.9196050775740481
4,6,irregular,1,49,195,146,15,34,180,0.30612244897959184,0.07692307692307693,0.2512820512820513,0.12295081967213116
4,6,regular,2,1001,915,86,915,86,0,0.9140859140859141,1.0,1.0939890710382514,0.9551148225469729
4,6,semiregular,2,720,701,19,658,62,43,0.9138888888888889,0.9386590584878745,1.0271041369472182,0.9261083743842365
4,6,irregular,2,3,195,192,2,1,193,0.6666666666666666,0.010256410256410256,0.015384615384615385,0.020202020202020204
4,6,regular,3,997,915,82,915,82,0,0.917753259779338,1.0,1.0896174863387977,0.9571129707112971
4,6,semiregular,3,693,701,8,651,42,50,0.9393939393939394,0.9286733238231099,0.9885877318116976,0.9340028694404591
4,6,irregular,3,183,195,12,169,14,26,0.9234972677595629,0.8666666666666667,0.9384615384615385,0.8941798941798943
4,7,regular,1,1255,1230,25,1224,31,6,0.9752988047808765,0.9951219512195122,1.0203252032520325,0.9851106639839033
4,7,semiregular,1,840,761,79,721,119,40,0.8583333333333333,0.9474375821287779,1.1038107752956636,0.9006870705808868
4,7,irregular,1,36,225,189,3,33,222,0.08333333333333333,0.013333333333333334,0.16,0.022988505747126436
4,7,regular,2,1281,1230,51,1229,52,1,0.9594067135050741,0.9991869918699187,1.0414634146341464,0.9788928713659896
4,7,semiregular,2,790,761,29,693,97,68,0.8772151898734177,0.9106438896189225,1.038107752956636,0.8936170212765957
4,7,irregular,2,20,225,205,3,17,222,0.15,0.013333333333333334,0.08888888888888889,0.02448979591836735
4,7,regular,3,1283,1230,53,1229,54,1,0.9579111457521434,0.9991869918699187,1.0430894308943088,0.9781138081973737
4,7,semiregular,3,780,761,19,705,75,56,0.9038461538461539,0.926412614980289,1.0249671484888305,0.9149902660609993
4,7,irregular,3,206,225,19,191,15,34,0.9271844660194175,0.8488888888888889,0.9155555555555556,0.8863109048723897
4,8,regular,1,1080,1035,45,1034,46,1,0.9574074074074074,0.9990338164251208,1.0434782608695652,0.9777777777777779
4,8,semiregular,1,863,827,36,759,104,68,0.8794901506373117,0.9177750906892382,1.0435308343409915,0.8982248520710059
4,8,irregular,1,88,243,155,52,36,191,0.5909090909090909,0.2139917695473251,0.36213991769547327,0.31419939577039274
4,8,regular,2,1069,1035,34,1034,35,1,0.9672591206735267,0.9990338164251208,1.0328502415458938,0.9828897338403043
4,8,semiregular,2,836,827,9,756,80,71,0.9043062200956937,0.9141475211608222,1.0108827085852479,0.909200240529164
4,8,irregular,2,30,243,213,3,27,240,0.1,0.012345679012345678,0.12345679012345678,0.021978021978021976
4,8,regular,3,1065,1035,30,1034,31,1,0.9708920187793427,0.9990338164251208,1.0289855072463767,0.9847619047619047
4,8,semiregular,3,822,827,5,758,64,69,0.9221411192214112,0.9165659008464329,0.9939540507859734,0.919345057610673
4,8,irregular,3,195,243,48,181,14,62,0.9282051282051282,0.7448559670781894,0.8024691358024691,0.8264840182648403
4,9,regular,1,1114,1107,7,1104,10,3,0.9910233393177738,0.997289972899729,1.006323396567299,0.9941467807294012
4,9,semiregular,1,632,701,69,597,35,104,0.944620253164557,0.8516405135520685,0.9015691868758916,0.8957239309827457
4,9,irregular,1,70,266,196,45,25,221,0.6428571428571429,0.16917293233082706,0.2631578947368421,0.26785714285714285
4,9,regular,2,1110,1107,3,1101,9,6,0.9918918918918919,0.994579945799458,1.002710027100271,0.993234100135318
4,9,semiregular,2,623,701,78,592,31,109,0.9502407704654896,0.8445078459343794,0.8887303851640513,0.8942598187311177
4,9,irregular,2,26,266,240,2,24,264,0.07692307692307693,0.007518796992481203,0.09774436090225563,0.0136986301369863
4,9,regular,3,1101,1107,6,1093,8,14,0.9927338782924614,0.987353206865402,0.994579945799458,0.990036231884058
4,9,semiregular,3,651,701,50,631,20,70,0.9692780337941628,0.9001426533523538,0.9286733238231099,0.9334319526627219
4,9,irregular,3,209,266,57,198,11,68,0.9473684210526315,0.7443609022556391,0.7857142857142857,0.8336842105263158
4,10,regular,1,1118,1014,104,1014,104,0,0.9069767441860465,1.0,1.1025641025641026,0.951219512195122
4,10,semiregular,1,696,656,40,632,64,24,0.9080459770114943,0.9634146341463414,1.0609756097560976,0.9349112426035503
4,10,irregular,1,77,247,170,55,22,192,0.7142857142857143,0.22267206477732793,0.3117408906882591,0.3395061728395062
4,10,regular,2,1096,1014,82,1014,82,0,0.9251824817518248,1.0,1.0808678500986193,0.9611374407582939
4,10,semiregular,2,698,656,42,630,68,26,0.9025787965616046,0.9603658536585366,1.0640243902439024,0.930576070901034
4,10,irregular,2,21,247,226,5,16,242,0.23809523809523808,0.020242914979757085,0.08502024291497975,0.03731343283582089
4,10,regular,3,1083,1014,69,1014,69,0,0.9362880886426593,1.0,1.0680473372781065,0.9670958512160229
4,10,semiregular,3,664,656,8,622,42,34,0.9367469879518072,0.948170731707317,1.0121951219512195,0.9424242424242424
4,10,irregular,3,210,247,37,200,10,47,0.9523809523809523,0.8097165991902834,0.8502024291497976,0.8752735229759301
4,11,regular,1,1117,1070,47,1070,47,0,0.9579230080572964,1.0,1.04392523364486,0.978509373571102
4,11,semiregular,1,772,700,72,666,106,34,0.8626943005181347,0.9514285714285714,1.1028571428571428,0.904891304347826
4,11,irregular,1,85,239,154,60,25,179,0.7058823529411765,0.2510460251046025,0.35564853556485354,0.37037037037037035
4,11,regular,2,1102,1070,32,1070,32,0,0.9709618874773139,1.0,1.0299065420560747,0.9852670349907919
4,11,semiregular,2,728,700,28,653,75,47,0.896978021978022,0.9328571428571428,1.04,0.9145658263305323
4,11,irregular,2,13,239,226,3,10,236,0.23076923076923078,0.012552301255230125,0.05439330543933055,0.023809523809523808
4,11,regular,3,1104,1070,34,1070,34,0,0.9692028985507246,1.0,1.0317757009345794,0.9843606255749769
4,11,semiregular,3,693,700,7,638,55,62,0.9206349206349206,0.9114285714285715,0.99,0.9160086145010768
4,11,irregular,3,192,239,47,178,14,61,0.9270833333333334,0.7447698744769874,0.803347280334728,0.8259860788863108
4,12,regular,1,1072,1007,65,1007,65,0,0.9393656716417911,1.0,1.0645481628599802,0.9687349687349688
4,12,semiregular,1,759,641,118,621,138,20,0.8181818181818182,0.968798751950078,1.1840873634945397,0.8871428571428572
4,12,irregular,1,106,204,98,73,33,131,0.6886792452830188,0.35784313725490197,0.5196078431372549,0.47096774193548385
4,12,regular,2,1083,1007,76,1007,76,0,0.9298245614035088,1.0,1.0754716981132075,0.9636363636363636
4,12,semiregular,2,713,641,72,602,111,39,0.844319775596073,0.9391575663026521,1.1123244929797191,0.8892171344165435
4,12,irregular,2,16,204,188,5,11,199,0.3125,0.024509803921568627,0.0784313725490196,0.04545454545454545
4,12,regular,3,1081,1007,74,1007,74,0,0.9315448658649399,1.0,1.0734856007944389,0.9645593869731801
4,12,semiregular,3,662,641,21,590,72,51,0.8912386706948641,0.9204368174726989,1.032761310452418,0.9056024558710667
4,12,irregular,3,202,204,2,188,14,16,0.9306930693069307,0.9215686274509803,0.9901960784313726,0.9261083743842364
4,13,regular,1,1028,1000,28,1000,28,0,0.9727626459143969,1.0,1.028,0.9861932938856015
4,13,semiregular,1,887,815,72,795,92,20,0.8962795941375423,0.9754601226993865,1.0883435582822085,0.9341950646298472
4,13,irregular,1,114,216,102,69,45,147,0.6052631578947368,0.3194444444444444,0.5277777777777778,0.41818181818181815
4,13,regular,2,1053,1000,53,1000,53,0,0.949667616334283,1.0,1.053,0.974184120798831
4,13,semiregular,2,842,815,27,775,67,40,0.9204275534441805,0.950920245398773,1.0331288343558283,0.9354254677127338
4,13,irregular,2,32,216,184,2,30,214,0.0625,0.009259259259259259,0.14814814814814814,0.016129032258064516
4,13,regular,3,1051,1000,51,1000,51,0,0.9514747859181731,1.0,1.051,0.9751340809361287
4,13,semiregular,3,806,815,9,774,32,41,0.9602977667493796,0.9496932515337423,0.9889570552147239,0.9549660703269586
4,13,irregular,3,195,216,21,189,6,27,0.9692307692307692,0.875,0.9027777777777778,0.9197080291970802
4,14,regular,1,1061,1052,9,1052,9,0,0.9915174363807728,1.0,1.008555133079848,0.995740653099858
4,14,semiregular,1,901,913,12,840,61,73,0.9322974472807991,0.9200438116100766,0.9868565169769989,0.9261300992282249
4,14,irregular,1,58,217,159,32,26,185,0.5517241379310345,0.14746543778801843,0.2672811059907834,0.23272727272727273
4,14,regular,2,1065,1052,13,1052,13,0,0.9877934272300469,1.0,1.0123574144486691,0.9938592347661785
4,14,semiregular,2,935,913,22,866,69,47,0.9262032085561497,0.9485213581599123,1.0240963855421688,0.9372294372294371
4,14,irregular,2,22,217,195,3,19,214,0.13636363636363635,0.013824884792626729,0.10138248847926268,0.025104602510460254
4,14,regular,3,1068,1052,16,1052,16,0,0.9850187265917603,1.0,1.015209125475285,0.9924528301886792
4,14,semiregular,3,882,913,31,835,47,78,0.9467120181405896,0.9145673603504929,0.9660460021905805,0.9303621169916434
4,14,irregular,3,177,217,40,176,1,41,0.9943502824858758,0.8110599078341014,0.815668202764977,0.8934010152284264
4,15,regular,1,1003,964,39,964,39,0,0.9611166500498505,1.0,1.0404564315352698,0.9801728520589731
4,15,semiregular,1,828,774,54,751,77,23,0.9070048309178744,0.9702842377260982,1.069767441860465,0.937578027465668
4,15,irregular,1,117,218,101,88,29,130,0.7521367521367521,0.4036697247706422,0.536697247706422,0.5253731343283582
4,15,regular,2,986,964,22,964,22,0,0.9776876267748479,1.0,1.0228215767634854,0.9887179487179487
4,15,semiregular,2,784,774,10,728,56,46,0.9285714285714286,0.9405684754521964,1.0129198966408268,0.9345314505776637
4,15,irregular,2,22,218,196,2,20,216,0.09090909090909091,0.009174311926605505,0.10091743119266056,0.016666666666666666
4,15,regular,3,978,964,14,964,14,0,0.9856850715746421,1.0,1.0145228215767634,0.9927909371781668
4,15,semiregular,3,742,774,32,708,34,66,0.954177897574124,0.9147286821705426,0.958656330749354,0.9340369393139842
4,15,irregular,3,190,218,28,180,10,38,0.9473684210526315,0.8256880733944955,0.8715596330275229,0.8823529411764707
4,16,regular,1,1158,1109,49,1109,49,0,0.957685664939551,1.0,1.0441839495040577,0.9783855315394795
4,16,semiregular,1,748,681,67,635,113,46,0.8489304812834224,0.9324522760646109,1.0983847283406756,0.8887333799860041
4,16,irregular,1,44,272,228,21,23,251,0.4772727272727273,0.07720588235294118,0.16176470588235295,0.1329113924050633
4,16,regular,2,1179,1109,70,1109,70,0,0.9406276505513147,1.0,1.0631199278629395,0.9694055944055944
4,16,semiregular,2,705,681,24,635,70,46,0.900709219858156,0.9324522760646109,1.0352422907488987,0.9163059163059164
4,16,irregular,2,19,272,253,5,14,267,0.2631578947368421,0.01838235294117647,0.06985294117647059,0.034364261168384876
4,16,regular,3,1140,1109,31,1109,31,0,0.9728070175438597,1.0,1.0279531109107305,0.9862160960426857
4,16,semiregular,3,654,681,27,605,49,76,0.9250764525993884,0.8883994126284875,0.960352422907489,0.9063670411985019
4,16,irregular,3,192,272,80,188,4,84,0.9791666666666666,0.6911764705882353,0.7058823529411765,0.8103448275862069
4,17,regular,1,1075,1029,46,1029,46,0,0.9572093023255814,1.0,1.0447035957240038,0.9781368821292776
4,17,semiregular,1,870,837,33,774,96,63,0.8896551724137931,0.9247311827956989,1.039426523297491,0.9068541300527241
4,17,irregular,1,90,240,150,63,27,177,0.7,0.2625,0.375,0.38181818181818183
4,17,regular,2,1077,1029,48,1029,48,0,0.9554317548746518,1.0,1.0466472303206997,0.9772079772079773
4,17,semiregular,2,858,837,21,788,70,49,0.9184149184149184,0.9414575866188769,1.025089605734767,0.9297935103244837
4,17,irregular,2,22,240,218,4,18,236,0.18181818181818182,0.016666666666666666,0.09166666666666666,0.030534351145038167
4,17,regular,3,1088,1029,59,1029,59,0,0.9457720588235294,1.0,1.0573372206025267,0.9721303731695796
4,17,semiregular,3,814,837,23,768,46,69,0.9434889434889435,0.9175627240143369,0.972520908004779,0.9303452453058753
4,17,irregular,3,203,240,37,186,17,54,0.916256157635468,0.775,0.8458333333333333,0.8397291196388262
4,18,regular,1,1090,1044,46,1044,46,0,0.9577981651376147,1.0,1.0440613026819923,0.978444236176195
4,18,semiregular,1,836,801,35,762,74,39,0.9114832535885168,0.951310861423221,1.0436953807740326,0.9309712889431888
4,18,irregular,1,104,252,148,75,29,177,0.7211538461538461,0.2976190476190476,0.4126984126984127,0.42134831460674155
4,18,regular,2,1115,1044,71,1044,71,0,0.9363228699551569,1.0,1.068007662835249,0.9671144048170449
4,18,semiregular,2,838,801,37,776,62,25,0.9260143198090692,0.968789013732834,1.0461922596754056,0.9469188529591214
4,18,irregular,2,21,252,231,5,16,247,0.23809523809523808,0.01984126984126984,0.08333333333333333,0.03663003663003663
4,18,regular,3,1091,1044,47,1043,48,1,0.9560036663611365,0.9990421455938697,1.0450191570881227,0.9770491803278688
4,18,semiregular,3,806,801,5,769,37,32,0.9540942928039702,0.9600499375780275,1.0062421972534332,0.9570628500311138
4,18,irregular,3,222,252,30,207,15,45,0.9324324324324325,0.8214285714285714,0.8809523809523809,0.8734177215189872
4,19,regular,1,1141,1076,65,1075,66,1,0.9421560035056967,0.9990706319702602,1.0604089219330854,0.9697789806044202
4,19,semiregular,1,766,753,13,698,68,55,0.9112271540469974,0.9269588313413014,1.0172642762284196,0.9190256747860435
4,19,irregular,1,59,245,186,39,20,206,0.6610169491525424,0.15918367346938775,0.24081632653061225,0.256578947368421
4,19,regular,2,1137,1076,61,1075,62,1,0.9454705364995603,0.9990706319702602,1.0566914498141264,0.9715318572074109
4,19,semiregular,2,738,753,15,685,53,68,0.9281842818428184,0.9096945551128818,0.9800796812749004,0.9188464118041583
4,19,irregular,2,11,245,234,0,11,245,-1,-1,0.044897959183673466,-1
4,19,regular,3,1127,1076,51,1075,52,1,0.9538598047914818,0.9990706319702602,1.0473977695167287,0.9759418974126192
4,19,semiregular,3,700,753,53,665,35,88,0.95,0.8831341301460823,0.9296148738379814,0.9153475567790778
4,19,irregular,3,200,245,45,193,7,52,0.965,0.7877551020408163,0.8163265306122449,0.8674157303370786
4,20,regular,1,1207,1251,44,1200,7,51,0.9942004971002486,0.9592326139088729,0.964828137490008,0.9764035801464607
4,20,semiregular,1,905,841,64,776,129,65,0.8574585635359117,0.9227110582639715,1.0760998810939357,0.888888888888889
4,20,irregular,1,78,252,174,56,22,196,0.717948717948718,0.2222222222222222,0.30952380952380953,0.3393939393939394
4,20,regular,2,1168,1251,83,1160,8,91,0.9931506849315068,0.9272581934452439,0.9336530775379697,0.9590739975196363
4,20,semiregular,2,803,841,38,720,83,121,0.8966376089663761,0.8561236623067776,0.9548156956004756,0.8759124087591241
4,20,irregular,2,21,252,231,2,19,250,0.09523809523809523,0.007936507936507936,0.08333333333333333,0.01465201465201465
4,20,regular,3,1183,1251,68,1175,8,76,0.9932375316990701,0.9392486011191047,0.9456434852118305,0.9654889071487264
4,20,semiregular,3,808,841,33,735,73,106,0.9096534653465347,0.8739595719381689,0.9607609988109393,0.8914493632504548
4,20,irregular,3,196,252,56,185,11,67,0.9438775510204082,0.7341269841269841,0.7777777777777778,0.8258928571428571
4,21,regular,1,999,920,79,920,79,0,0.9209209209209209,1.0,1.0858695652173913,0.9588327253778008
4,21,semiregular,1,664,549,115,524,140,25,0.7891566265060241,0.9544626593806922,1.209471766848816,0.8639736191261337
4,21,irregular,1,92,204,112,71,21,133,0.7717391304347826,0.3480392156862745,0.45098039215686275,0.4797297297297297
4,21,regular,2,978,920,58,920,58,0,0.9406952965235174,1.0,1.0630434782608695,0.9694415173867229
4,21,semiregular,2,652,549,103,527,125,22,0.808282208588957,0.9599271402550091,1.1876138433515482,0.8776019983347211
4,21,irregular,2,12,204,192,2,10,202,0.16666666666666666,0.00980392156862745,0.058823529411764705,0.018518518518518517
4,21,regular,3,970,920,50,920,50,0,0.9484536082474226,1.0,1.0543478260869565,0.9735449735449735
4,21,semiregular,3,625,549,76,531,94,18,0.8496,0.9672131147540983,1.138433515482696,0.9045996592844974
4,21,irregular,3,191,204,13,184,7,20,0.9633507853403142,0.9019607843137255,0.9362745098039216,0.9316455696202532
4,22,regular,1,1040,946,94,946,94,0,0.9096153846153846,1.0,1.0993657505285412,0.9526686807653576
4,22,semiregular,1,803,703,100,677,126,26,0.8430884184308842,0.9630156472261735,1.1422475106685632,0.899070385126162
4,22,irregular,1,65,247,182,43,22,204,0.6615384615384615,0.17408906882591094,0.2631578947368421,0.27564102564102566
4,22,regular,2,1009,946,63,946,63,0,0.9375619425173439,1.0,1.0665961945031712,0.9677749360613811
4,22,semiregular,2,758,703,55,674,84,29,0.8891820580474934,0.9587482219061166,1.0782361308677098,0.9226557152635182
4,22,irregular,2,13,247,234,3,10,244,0.23076923076923078,0.012145748987854251,0.05263157894736842,0.023076923076923078
4,22,regular,3,1012,946,66,946,66,0,0.9347826086956522,1.0,1.069767441860465,0.9662921348314606
4,22,semiregular,3,726,703,23,667,59,36,0.918732782369146,0.9487908961593172,1.0327169274537695,0.933519944016795
4,22,irregular,3,208,247,39,198,10,49,0.9519230769230769,0.8016194331983806,0.8421052631578947,0.8703296703296702
4,23,regular,1,1040,999,41,994,46,5,0.9557692307692308,0.994994994994995,1.0410410410410411,0.9749877390877881
4,23,semiregular,1,801,835,34,671,130,164,0.8377028714107366,0.8035928143712575,0.9592814371257485,0.8202933985330073
4,23,irregular,1,48,266,218,4,44,262,0.08333333333333333,0.015037593984962405,0.18045112781954886,0.025477707006369428
4,23,regular,2,894,999,105,878,16,121,0.9821029082774049,0.8788788788788788,0.8948948948948949,0.9276281035393554
4,23,semiregular,2,729,835,106,641,88,194,0.879286694101509,0.7676646706586826,0.8730538922155688,0.819693094629156
4,23,irregular,2,0,266,266,0,0,266,-1,-1,0.0,-1
4,23,regular,3,1062,999,63,999,63,0,0.940677966101695,1.0,1.063063063063063,0.9694323144104803
4,23,semiregular,3,851,835,16,787,64,48,0.9247943595769683,0.9425149700598803,1.0191616766467066,0.933570581257414
4,23,irregular,3,213,266,53,198,15,68,0.9295774647887324,0.7443609022556391,0.8007518796992481,0.826722338204593
4,24,regular,1,1108,1079,29,1079,29,0,0.973826714801444,1.0,1.0268767377201111,0.986739826245999
4,24,semiregular,1,672,680,8,600,72,80,0.8928571428571429,0.8823529411764706,0.9882352941176471,0.8875739644970414
4,24,irregular,1,87,247,160,55,32,192,0.632183908045977,0.22267206477732793,0.3522267206477733,0.32934131736526945
4,24,regular,2,1094,1079,15,1078,16,1,0.9853747714808044,0.9990732159406858,1.0139017608897127,0.9921767142199724
4,24,semiregular,2,642,680,38,602,40,78,0.9376947040498442,0.8852941176470588,0.9441176470588235,0.9107413010590015
4,24,irregular,2,28,247,219,5,23,242,0.17857142857142858,0.020242914979757085,0.11336032388663968,0.03636363636363636
4,24,regular,3,1083,1079,4,1073,10,6,0.9907663896583564,0.9944392956441149,1.0037071362372567,0.9925994449583718
4,24,semiregular,3,647,680,33,620,27,60,0.9582689335394127,0.9117647058823529,0.9514705882352941,0.9344385832705351
4,24,irregular,3,217,247,30,210,7,37,0.967741935483871,0.8502024291497976,0.8785425101214575,0.9051724137931035
4,25,regular,1,974,946,28,946,28,0,0.971252566735113,1.0,1.029598308668076,0.9854166666666667
4,25,semiregular,1,736,718,18,650,86,68,0.8831521739130435,0.9052924791086351,1.0250696378830084,0.8940852819807427
4,25,irregular,1,105,207,102,58,47,149,0.5523809523809524,0.28019323671497587,0.5072463768115942,0.3717948717948718
4,25,regular,2,957,946,11,946,11,0,0.9885057471264368,1.0,1.0116279069767442,0.9942196531791908
4,25,semiregular,2,751,718,33,679,72,39,0.9041278295605859,0.9456824512534819,1.0459610027855153,0.9244383934649422
4,25,irregular,2,13,207,194,1,12,206,0.07692307692307693,0.004830917874396135,0.06280193236714976,0.009090909090909092
4,25,regular,3,968,946,22,946,22,0,0.9772727272727273,1.0,1.0232558139534884,0.9885057471264368
4,25,semiregular,3,688,718,30,643,45,75,0.934593023255814,0.8955431754874652,0.958217270194986,0.9146514935988621
4,25,irregular,3,152,207,55,140,12,67,0.9210526315789473,0.6763285024154589,0.7342995169082126,0.7799442896935933
4,26,regular,1,1085,985,100,985,100,0,0.9078341013824884,1.0,1.101522842639594,0.9516908212560387
4,26,semiregular,1,818,720,98,699,119,21,0.8545232273838631,0.9708333333333333,1.136111111111111,0.9089726918075423
4,26,irregular,1,152,214,62,100,52,114,0.6578947368421053,0.4672897196261682,0.7102803738317757,0.5464480874316939
4,26,regular,2,1027,985,42,982,45,3,0.9561830574488802,0.9969543147208122,1.0426395939086295,0.9761431411530817
4,26,semiregular,2,776,720,56,687,89,33,0.8853092783505154,0.9541666666666667,1.0777777777777777,0.9184491978609627
4,26,irregular,2,24,214,190,3,21,211,0.125,0.014018691588785047,0.11214953271028037,0.025210084033613446
4,26,regular,3,1063,985,78,985,78,0,0.9266227657572906,1.0,1.0791878172588834,0.9619140625
4,26,semiregular,3,721,720,1,672,49,48,0.9320388349514563,0.9333333333333333,1.0013888888888889,0.9326856349757113
4,26,irregular,3,195,214,19,181,14,33,0.9282051282051282,0.8457943925233645,0.9112149532710281,0.8850855745721272
4,27,regular,1,1181,1166,15,1165,16,1,0.9864521591871296,0.9991423670668954,1.0128644939965694,0.9927567106945036
4,27,semiregular,1,729,728,1,641,88,87,0.879286694101509,0.8804945054945055,1.0013736263736264,0.8798901853122856
4,27,irregular,1,57,270,213,19,38,251,0.3333333333333333,0.07037037037037037,0.2111111111111111,0.11620795107033641
4,27,regular,2,1184,1166,18,1166,18,0,0.9847972972972973,1.0,1.0154373927958833,0.9923404255319148
4,27,semiregular,2,750,728,22,684,66,44,0.912,0.9395604395604396,1.0302197802197801,0.9255751014884979
4,27,irregular,2,34,270,236,3,31,267,0.08823529411764706,0.011111111111111112,0.1259259259259259,0.01973684210526316
4,27,regular,3,1183,1166,17,1166,17,0,0.9856297548605241,1.0,1.0145797598627788,0.992762877820349
4,27,semiregular,3,704,728,24,652,52,76,0.9261363636363636,0.8956043956043956,0.967032967032967,0.9106145251396649
4,27,irregular,3,218,270,52,206,12,64,0.944954128440367,0.762962962962963,0.8074074074074075,0.8442622950819672
4,28,regular,1,1119,1098,21,1097,22,1,0.9803395889186773,0.9990892531876139,1.0191256830601092,0.9896256202074876
4,28,semiregular,1,927,859,68,831,96,28,0.8964401294498382,0.9674039580908033,1.0791618160651921,0.9305711086226204
4,28,irregular,1,87,293,206,40,47,253,0.45977011494252873,0.13651877133105803,0.29692832764505117,0.21052631578947364
4,28,regular,2,1130,1098,32,1098,32,0,0.9716814159292035,1.0,1.029143897996357,0.9856373429084381
4,28,semiregular,2,844,859,15,776,68,83,0.919431279620853,0.9033760186263097,0.9825378346915018,0.9113329418672931
4,28,irregular,2,26,293,267,5,21,288,0.19230769230769232,0.017064846416382253,0.08873720136518772,0.03134796238244514
4,28,regular,3,1132,1098,34,1098,34,0,0.9699646643109541,1.0,1.0309653916211294,0.9847533632286996
4,28,semiregular,3,831,859,28,790,41,69,0.950661853188929,0.919674039580908,0.9674039580908033,0.9349112426035502
4,28,irregular,3,199,293,94,194,5,99,0.9748743718592965,0.6621160409556314,0.6791808873720137,0.7886178861788617
4,29,regular,1,1172,1140,32,1140,32,0,0.9726962457337884,1.0,1.0280701754385966,0.986159169550173
4,29,semiregular,1,979,869,110,837,142,32,0.8549540347293156,0.9631760644418872,1.1265822784810127,0.9058441558441559
4,29,irregular,1,102,247,145,72,30,175,0.7058823529411765,0.291497975708502,0.41295546558704455,0.41260744985673353
4,29,regular,2,1163,1140,23,1140,23,0,0.9802235597592434,1.0,1.0201754385964912,0.9900130264871906
4,29,semiregular,2,989,869,120,851,138,18,0.8604651162790697,0.9792865362485615,1.1380897583429228,0.9160387513455329
4,29,irregular,2,26,247,221,3,23,244,0.11538461538461539,0.012145748987854251,0.10526315789473684,0.021978021978021976
4,29,regular,3,1146,1140,6,1138,8,2,0.9930191972076788,0.9982456140350877,1.0052631578947369,0.9956255468066492
4,29,semiregular,3,905,869,36,819,86,50,0.9049723756906077,0.9424626006904487,1.041426927502877,0.923337091319053
4,29,irregular,3,224,247,23,210,14,37,0.9375,0.8502024291497976,0.9068825910931174,0.89171974522293
4,30,regular,1,1017,997,20,997,20,0,0.9803343166175025,1.0,1.020060180541625,0.9900695134061569
4,30,semiregular,1,828,810,18,748,80,62,0.9033816425120773,0.9234567901234568,1.0222222222222221,0.9133089133089134
4,30,irregular,1,142,250,108,91,51,159,0.6408450704225352,0.364,0.568,0.46428571428571425
4,30,regular,2,1018,997,21,997,21,0,0.9793713163064833,1.0,1.0210631895687061,0.9895781637717123
4,30,semiregular,2,815,810,5,756,59,54,0.9276073619631902,0.9333333333333333,1.0061728395061729,0.9304615384615386
4,30,irregular,2,30,250,220,1,29,249,0.03333333333333333,0.004,0.12,0.007142857142857144
4,30,regular,3,1030,997,33,997,33,0,0.9679611650485437,1.0,1.033099297893681,0.9837197829304392
4,30,semiregular,3,800,810,10,749,51,61,0.93625,0.9246913580246914,0.9876543209876543,0.9304347826086957
4,30,irregular,3,207,250,43,187,20,63,0.9033816425120773,0.748,0.828,0.8183807439824945
5,1,regular,1,1042,937,105,937,105,0,0.8992322456813819,1.0,1.112059765208111,0.9469429004547751
5,1,semiregular,1,785,703,82,652,133,51,0.8305732484076433,0.9274537695590327,1.1166429587482218,0.8763440860215054
5,1,irregular,1,82,199,117,70,12,129,0.8536585365853658,0.35175879396984927,0.4120603015075377,0.498220640569395
5,1,regular,2,1043,937,106,937,106,0,0.8983700862895494,1.0,1.1131270010672358,0.9464646464646465
5,1,semiregular,2,751,703,48,651,100,52,0.8668442077230359,0.9260312944523471,1.0682788051209104,0.8954607977991748
5,1,irregular,2,156,199,43,145,11,54,0.9294871794871795,0.7286432160804021,0.7839195979899497,0.8169014084507042
5,1,regular,3,1037,937,100,937,100,0,0.9035679845708775,1.0,1.1067235859124867,0.9493414387031408
5,1,semiregular,3,772,703,69,673,99,30,0.8717616580310881,0.957325746799431,1.0981507823613086,0.9125423728813559
5,1,irregular,3,13,199,186,2,11,197,0.15384615384615385,0.010050251256281407,0.06532663316582915,0.01886792452830189
5,2,regular,1,1237,1224,13,1217,20,7,0.9838318512530315,0.994281045751634,1.0106209150326797,0.9890288500609508
5,2,semiregular,1,592,647,55,561,31,86,0.9476351351351351,0.8670788253477589,0.9149922720247295,0.9055690072639225
5,2,irregular,1,56,217,161,42,14,175,0.75,0.1935483870967742,0.25806451612903225,0.30769230769230765
5,2,regular,2,1240,1224,16,1218,22,6,0.9822580645161291,0.9950980392156863,1.0130718954248366,0.9886363636363636
5,2,semiregular,2,625,647,22,598,27,49,0.9568,0.9242658423493045,0.9659969088098919,0.9402515723270441
5,2,irregular,2,163,217,54,157,6,60,0.9631901840490797,0.7235023041474654,0.7511520737327189,0.8263157894736841
5,2,regular,3,1247,1224,23,1219,28,5,0.9775461106655974,0.9959150326797386,1.0187908496732025,0.9866450829623633
5,2,semiregular,3,662,647,15,633,29,14,0.9561933534743202,0.9783616692426584,1.0231839258114375,0.9671504965622613
5,2,irregular,3,17,217,200,3,14,214,0.17647058823529413,0.013824884792626729,0.07834101382488479,0.025641025641025644
5,3,regular,1,1045,1053,8,1041,4,12,0.9961722488038277,0.9886039886039886,0.9924026590693258,0.9923736892278361
5,3,semiregular,1,699,716,17,634,65,82,0.9070100143061517,0.8854748603351955,0.9762569832402235,0.8961130742049469
5,3,irregular,1,89,224,135,75,14,149,0.8426966292134831,0.33482142857142855,0.39732142857142855,0.4792332268370607
5,3,regular,2,1041,1053,12,1037,4,16,0.9961575408261287,0.9848053181386515,0.9886039886039886,0.9904489016236868
5,3,semiregular,2,727,716,11,668,59,48,0.9188445667125172,0.9329608938547486,1.01536312849162,0.9258489258489259
5,3,irregular,2,174,224,50,167,7,57,0.9597701149425287,0.7455357142857143,0.7767857142857143,0.8391959798994975
5,3,regular,3,1046,1053,7,1043,3,10,0.997131931166348,0.9905033238366572,0.99335232668566,0.993806574559314
5,3,semiregular,3,737,716,21,687,50,29,0.932157394843962,0.9594972067039106,1.0293296089385475,0.9456297315898141
5,3,irregular,3,17,224,207,4,13,220,0.23529411764705882,0.017857142857142856,0.07589285714285714,0.03319502074688797
5,4,regular,1,1171,1101,70,1101,70,0,0.9402220324508966,1.0,1.0635785649409628,0.9691901408450705
5,4,semiregular,1,681,614,67,556,125,58,0.8164464023494861,0.9055374592833876,1.1091205211726385,0.8586872586872586
5,4,irregular,1,31,228,197,15,16,213,0.4838709677419355,0.06578947368421052,0.13596491228070176,0.11583011583011583
5,4,regular,2,1158,1101,57,1101,57,0,0.9507772020725389,1.0,1.0517711171662125,0.9747675962815405
5,4,semiregular,2,645,614,31,579,66,35,0.8976744186046511,0.9429967426710097,1.0504885993485342,0.9197776012708498
5,4,irregular,2,170,228,58,162,8,66,0.9529411764705882,0.7105263157894737,0.7456140350877193,0.814070351758794
5,4,regular,3,1156,1101,55,1101,55,0,0.9524221453287197,1.0,1.0499545867393278,0.9756313690739921
5,4,semiregular,3,637,614,23,579,58,35,0.9089481946624803,0.9429967426710097,1.0374592833876222,0.9256594724220624
5,4,irregular,3,18,228,210,2,16,226,0.1111111111111111,0.008771929824561403,0.07894736842105263,0.016260162601626018
5,5,regular,1,1072,1044,28,1044,28,0,0.9738805970149254,1.0,1.0268199233716475,0.9867674858223062
5,5,semiregular,1,773,668,105,636,137,32,0.8227684346701164,0.9520958083832335,1.157185628742515,0.8827203331020124
5,5,irregular,1,50,217,167,35,15,182,0.7,0.16129032258064516,0.2304147465437788,0.26217228464419473
5,5,regular,2,1084,1044,40,1044,40,0,0.9630996309963099,1.0,1.0383141762452108,0.9812030075187969
5,5,semiregular,2,752,668,84,646,106,22,0.8590425531914894,0.9670658682634731,1.125748502994012,0.9098591549295774
5,5,irregular,2,174,217,43,167,7,50,0.9597701149425287,0.7695852534562212,0.8018433179723502,0.8542199488491049
5,5,regular,3,1075,1044,31,1044,31,0,0.9711627906976744,1.0,1.0296934865900382,0.9853704577630957
5,5,semiregular,3,731,668,63,653,78,15,0.893296853625171,0.9775449101796407,1.094311377245509,0.9335239456754824
5,5,irregular,3,20,217,197,1,19,216,0.05,0.004608294930875576,0.09216589861751152,0.008438818565400843
5,6,regular,1,1009,915,94,915,94,0,0.9068384539147671,1.0,1.1027322404371585,0.9511434511434511
5,6,semiregular,1,725,701,24,647,78,54,0.8924137931034483,0.9229671897289586,1.0342368045649073,0.9074333800841515
5,6,irregular,1,30,195,165,14,16,181,0.4666666666666667,0.07179487179487179,0.15384615384615385,0.12444444444444443
5,6,regular,2,1005,915,90,915,90,0,0.9104477611940298,1.0,1.098360655737705,0.953125
5,6,semiregular,2,730,701,29,667,63,34,0.9136986301369863,0.9514978601997147,1.0413694721825963,0.9322152341020266
5,6,irregular,2,150,195,45,107,43,88,0.7133333333333334,0.5487179487179488,0.7692307692307693,0.6202898550724638
5,6,regular,3,995,915,80,915,80,0,0.9195979899497487,1.0,1.0874316939890711,0.9581151832460733
5,6,semiregular,3,728,701,27,669,59,32,0.9189560439560439,0.9543509272467903,1.0385164051355207,0.9363191042687194
5,6,irregular,3,19,195,176,2,17,193,0.10526315789473684,0.010256410256410256,0.09743589743589744,0.018691588785046728
5,7,regular,1,1282,1230,52,1230,52,0,0.9594383775351014,1.0,1.0422764227642276,0.9792993630573249
5,7,semiregular,1,787,761,26,700,87,61,0.8894536213468869,0.9198423127463863,1.0341655716162943,0.9043927648578811
5,7,irregular,1,75,225,150,58,17,167,0.7733333333333333,0.2577777777777778,0.3333333333333333,0.38666666666666666
5,7,regular,2,1279,1230,49,1229,50,1,0.9609069585613761,0.9991869918699187,1.0398373983739837,0.9796731765643684
5,7,semiregular,2,753,761,8,669,84,92,0.8884462151394422,0.8791064388961892,0.9894875164257556,0.8837516512549538
5,7,irregular,2,138,225,87,137,1,88,0.9927536231884058,0.6088888888888889,0.6133333333333333,0.7548209366391184
5,7,regular,3,1279,1230,49,1229,50,1,0.9609069585613761,0.9991869918699187,1.0398373983739837,0.9796731765643684
5,7,semiregular,3,823,761,62,732,91,29,0.8894289185905225,0.961892247043364,1.0814717477003941,0.9242424242424242
5,7,irregular,3,24,225,201,3,21,222,0.125,0.013333333333333334,0.10666666666666667,0.024096385542168676
5,8,regular,1,1068,1035,33,1035,33,0,0.9691011235955056,1.0,1.0318840579710145,0.9843081312410842
5,8,semiregular,1,829,827,2,736,93,91,0.887816646562123,0.8899637243047158,1.0024183796856105,0.8888888888888887
5,8,irregular,1,72,243,171,52,20,191,0.7222222222222222,0.2139917695473251,0.2962962962962963,0.33015873015873015
5,8,regular,2,1077,1035,42,1035,42,0,0.9610027855153204,1.0,1.0405797101449274,0.9801136363636364
5,8,semiregular,2,820,827,7,760,60,67,0.926829268292683,0.9189842805320435,0.9915356711003628,0.922890103217972
5,8,irregular,2,172,243,71,169,3,74,0.9825581395348837,0.6954732510288066,0.7078189300411523,0.8144578313253011
5,8,regular,3,1065,1035,30,1035,30,0,0.971830985915493,1.0,1.0289855072463767,0.9857142857142858
5,8,semiregular,3,861,827,34,791,70,36,0.9186991869918699,0.9564691656590084,1.041112454655381,0.9372037914691944
5,8,irregular,3,28,243,215,3,25,240,0.10714285714285714,0.012345679012345678,0.11522633744855967,0.02214022140221402
5,9,regular,1,1104,1107,3,1096,8,11,0.9927536231884058,0.990063233965673,0.997289972899729,0.9914066033469019
5,9,semiregular,1,627,701,74,586,41,115,0.9346092503987241,0.8359486447931527,0.8944365192582026,0.8825301204819278
5,9,irregular,1,57,266,209,46,11,220,0.8070175438596491,0.17293233082706766,0.21428571428571427,0.28482972136222906
5,9,regular,2,1113,1107,6,1103,10,4,0.9910152740341419,0.996386630532972,1.005420054200542,0.9936936936936938
5,9,semiregular,2,623,701,78,597,26,104,0.9582664526484751,0.8516405135520685,0.8887303851640513,0.9018126888217523
5,9,irregular,2,184,266,82,180,4,86,0.9782608695652174,0.6766917293233082,0.6917293233082706,0.7999999999999999
5,9,regular,3,1104,1107,3,1096,8,11,0.9927536231884058,0.990063233965673,0.997289972899729,0.9914066033469019
5,9,semiregular,3,703,701,2,675,28,26,0.9601706970128022,0.9629101283880172,1.0028530670470757,0.9615384615384615
5,9,irregular,3,22,266,244,3,19,263,0.13636363636363635,0.011278195488721804,0.08270676691729323,0.020833333333333332
5,10,regular,1,1122,1014,108,1014,108,0,0.9037433155080213,1.0,1.106508875739645,0.9494382022471909
5,10,semiregular,1,685,656,29,617,68,39,0.9007299270072993,0.9405487804878049,1.0442073170731707,0.9202087994034301
5,10,irregular,1,78,247,169,63,15,184,0.8076923076923077,0.2550607287449393,0.3157894736842105,0.38769230769230767
5,10,regular,2,1109,1014,95,1014,95,0,0.9143372407574392,1.0,1.093688362919132,0.9552520018841263
5,10,semiregular,2,696,656,40,628,68,28,0.9022988505747126,0.9573170731707317,1.0609756097560976,0.9289940828402367
5,10,irregular,2,197,247,50,179,18,68,0.9086294416243654,0.7246963562753036,0.7975708502024291,0.8063063063063063
5,10,regular,3,1097,1014,83,1014,83,0,0.9243391066545124,1.0,1.081854043392505,0.9606821411653245
5,10,semiregular,3,680,656,24,633,47,23,0.9308823529411765,0.9649390243902439,1.0365853658536586,0.9476047904191617
5,10,irregular,3,19,247,228,4,15,243,0.21052631578947367,0.016194331983805668,0.07692307692307693,0.030075187969924814
5,11,regular,1,1114,1070,44,1070,44,0,0.9605026929982047,1.0,1.0411214953271029,0.9798534798534799
5,11,semiregular,1,755,700,55,651,104,49,0.8622516556291391,0.93,1.0785714285714285,0.8948453608247423
5,11,irregular,1,86,239,153,72,14,167,0.8372093023255814,0.301255230125523,0.3598326359832636,0.4430769230769231
5,11,regular,2,1113,1070,43,1070,43,0,0.9613656783468104,1.0,1.0401869158878505,0.9803023362345396
5,11,semiregular,2,711,700,11,645,66,55,0.9071729957805907,0.9214285714285714,1.0157142857142858,0.9142452161587525
5,11,irregular,2,173,239,66,167,6,72,0.9653179190751445,0.698744769874477,0.7238493723849372,0.8106796116504854
5,11,regular,3,1106,1070,36,1070,36,0,0.9674502712477396,1.0,1.033644859813084,0.9834558823529411
5,11,semiregular,3,728,700,28,668,60,32,0.9175824175824175,0.9542857142857143,1.04,0.9355742296918768
5,11,irregular,3,19,239,220,2,17,237,0.10526315789473684,0.008368200836820083,0.0794979079497908,0.015503875968992248
5,12,regular,1,1085,1007,78,1007,78,0,0.928110599078341,1.0,1.0774577954319762,0.962715105162524
5,12,semiregular,1,751,641,110,616,135,25,0.8202396804260985,0.9609984399375975,1.171606864274571,0.8850574712643678
5,12,irregular,1,95,204,109,76,19,128,0.8,0.37254901960784315,0.46568627450980393,0.5083612040133779
5,12,regular,2,1086,1007,79,1007,79,0,0.927255985267035,1.0,1.0784508440913605,0.9622551361681797
5,12,semiregular,2,710,641,69,597,113,44,0.8408450704225352,0.9313572542901716,1.107644305772231,0.8837897853441894
5,12,irregular,2,181,204,23,162,19,42,0.8950276243093923,0.7941176470588235,0.8872549019607843,0.8415584415584416
5,12,regular,3,1076,1007,69,1007,69,0,0.9358736059479554,1.0,1.0685203574975173,0.9668746999519924
5,12,semiregular,3,691,641,50,608,83,33,0.8798842257597684,0.9485179407176287,1.078003120124805,0.9129129129129129
5,12,irregular,3,20,204,184,2,18,202,0.1,0.00980392156862745,0.09803921568627451,0.017857142857142856
5,13,regular,1,1033,1000,33,1000,33,0,0.968054211035818,1.0,1.033,0.9837678307919331
5,13,semiregular,1,859,815,44,774,85,41,0.9010477299185099,0.9496932515337423,1.0539877300613496,0.9247311827956989
5,13,irregular,1,97,216,119,72,25,144,0.7422680412371134,0.3333333333333333,0.44907407407407407,0.4600638977635783
5,13,regular,2,1052,1000,52,1000,52,0,0.9505703422053232,1.0,1.052,0.9746588693957116
5,13,semiregular,2,832,815,17,776,56,39,0.9326923076923077,0.9521472392638037,1.0208588957055216,0.9423193685488769
5,13,irregular,2,175,216,41,167,8,49,0.9542857142857143,0.7731481481481481,0.8101851851851852,0.8542199488491048
5,13,regular,3,1042,1000,42,1000,42,0,0.9596928982725528,1.0,1.042,0.9794319294809011
5,13,semiregular,3,843,815,28,797,46,18,0.9454329774614472,0.9779141104294479,1.034355828220859,0.9613992762364293
5,13,irregular,3,27,216,189,3,24,213,0.1111111111111111,0.013888888888888888,0.125,0.024691358024691357
5,14,regular,1,1066,1052,14,1052,14,0,0.9868667917448405,1.0,1.0133079847908746,0.9933899905571294
5,14,semiregular,1,894,913,19,832,62,81,0.930648769574944,0.9112814895947426,0.9791894852135816,0.9208633093525179
5,14,irregular,1,52,217,165,36,16,181,0.6923076923076923,0.16589861751152074,0.23963133640552994,0.2676579925650558
5,14,regular,2,1064,1052,12,1052,12,0,0.9887218045112782,1.0,1.0114068441064639,0.9943289224952742
5,14,semiregular,2,936,913,23,867,69,46,0.9262820512820513,0.9496166484118291,1.0251916757940853,0.9378042184964845
5,14,irregular,2,170,217,47,164,6,53,0.9647058823529412,0.7557603686635944,0.783410138248848,0.8475452196382429
5,14,regular,3,1070,1052,18,1052,18,0,0.983177570093458,1.0,1.0171102661596958,0.9915174363807728
5,14,semiregular,3,949,913,36,878,71,35,0.9251844046364595,0.9616648411829135,1.0394304490690034,0.9430719656283565
5,14,irregular,3,19,217,198,4,15,213,0.21052631578947367,0.018433179723502304,0.08755760368663594,0.03389830508474576
5,15,regular,1,997,964,33,964,33,0,0.966900702106319,1.0,1.0342323651452283,0.9831718510963794
5,15,semiregular,1,806,774,32,734,72,40,0.9106699751861043,0.9483204134366925,1.041343669250646,0.929113924050633
5,15,irregular,1,105,218,113,95,10,123,0.9047619047619048,0.43577981651376146,0.481651376146789,0.588235294117647
5,15,regular,2,986,964,22,964,22,0,0.9776876267748479,1.0,1.0228215767634854,0.9887179487179487
5,15,semiregular,2,771,774,3,726,45,48,0.9416342412451362,0.937984496124031,0.9961240310077519,0.9398058252427184
5,15,irregular,2,169,218,49,166,3,52,0.9822485207100592,0.7614678899082569,0.7752293577981652,0.8578811369509044
5,15,regular,3,983,964,19,964,19,0,0.9806714140386572,1.0,1.0197095435684647,0.9902413970210581
5,15,semiregular,3,774,774,0,733,41,41,0.9470284237726099,0.9470284237726099,1.0,0.9470284237726099
5,15,irregular,3,20,218,198,4,16,214,0.2,0.01834862385321101,0.09174311926605505,0.03361344537815126
5,16,regular,1,1179,1109,70,1109,70,0,0.9406276505513147,1.0,1.0631199278629395,0.9694055944055944
5,16,semiregular,1,655,681,26,575,80,106,0.8778625954198473,0.8443465491923642,0.9618208516886931,0.8607784431137725
5,16,irregular,1,51,272,221,37,14,235,0.7254901960784313,0.13602941176470587,0.1875,0.22910216718266255
5,16,regular,2,1179,1109,70,1109,70,0,0.9406276505513147,1.0,1.0631199278629395,0.9694055944055944
5,16,semiregular,2,696,681,15,642,54,39,0.9224137931034483,0.9427312775330396,1.0220264317180616,0.9324618736383442
5,16,irregular,2,190,272,82,182,8,90,0.9578947368421052,0.6691176470588235,0.6985294117647058,0.7878787878787878
5,16,regular,3,1155,1109,46,1109,46,0,0.9601731601731601,1.0,1.0414788097385033,0.9796819787985865
5,16,semiregular,3,695,681,14,644,51,37,0.9266187050359712,0.9456681350954479,1.0205580029368575,0.9360465116279071
5,16,irregular,3,18,272,254,3,15,269,0.16666666666666666,0.011029411764705883,0.0661764705882353,0.020689655172413796
5,17,regular,1,1081,1029,52,1029,52,0,0.9518963922294172,1.0,1.0505344995140913,0.9753554502369668
5,17,semiregular,1,777,837,60,709,68,128,0.9124839124839125,0.8470728793309439,0.9283154121863799,0.8785625774473359
5,17,irregular,1,75,240,165,63,12,177,0.84,0.2625,0.3125,0.39999999999999997
5,17,regular,2,1099,1029,70,1029,70,0,0.9363057324840764,1.0,1.0680272108843538,0.9671052631578947
5,17,semiregular,2,860,837,23,795,65,42,0.9244186046511628,0.9498207885304659,1.027479091995221,0.9369475545079551
5,17,irregular,2,194,240,46,172,22,68,0.8865979381443299,0.7166666666666667,0.8083333333333333,0.792626728110599
5,17,regular,3,1082,1029,53,1029,53,0,0.9510166358595195,1.0,1.0515063168124392,0.9748934154429181
5,17,semiregular,3,862,837,25,803,59,34,0.931554524361949,0.959378733572282,1.0298685782556751,0.9452619187757506
5,17,irregular,3,23,240,217,5,18,235,0.21739130434782608,0.020833333333333332,0.09583333333333334,0.03802281368821292
5,18,regular,1,1095,1044,51,1044,51,0,0.9534246575342465,1.0,1.0488505747126438,0.9761570827489481
5,18,semiregular,1,774,801,27,723,51,78,0.9341085271317829,0.9026217228464419,0.9662921348314607,0.9180952380952381
5,18,irregular,1,93,252,159,75,18,177,0.8064516129032258,0.2976190476190476,0.36904761904761907,0.4347826086956521
5,18,regular,2,1123,1044,79,1044,79,0,0.9296527159394479,1.0,1.0756704980842913,0.9635440701430549
5,18,semiregular,2,821,801,20,763,58,38,0.9293544457978076,0.9525593008739076,1.024968789013733,0.9408138101109742
5,18,irregular,2,202,252,50,188,14,64,0.9306930693069307,0.746031746031746,0.8015873015873016,0.8281938325991189
5,18,regular,3,1101,1044,57,1044,57,0,0.9482288828337875,1.0,1.0545977011494252,0.9734265734265735
5,18,semiregular,3,834,801,33,778,56,23,0.9328537170263789,0.9712858926342073,1.0411985018726593,0.9516819571865442
5,18,irregular,3,18,252,234,5,13,247,0.2777777777777778,0.01984126984126984,0.07142857142857142,0.037037037037037035
5,19,regular,1,1142,1076,66,1074,68,2,0.9404553415061296,0.9981412639405205,1.0613382899628252,0.9684400360685302
5,19,semiregular,1,759,753,6,689,70,64,0.9077733860342556,0.9150066401062417,1.0079681274900398,0.9113756613756614
5,19,irregular,1,63,245,182,53,10,192,0.8412698412698413,0.2163265306122449,0.2571428571428571,0.34415584415584416
5,19,regular,2,1141,1076,65,1075,66,1,0.9421560035056967,0.9990706319702602,1.0604089219330854,0.9697789806044202
5,19,semiregular,2,745,753,8,707,38,46,0.9489932885906041,0.9389110225763613,0.9893758300132802,0.9439252336448598
5,19,irregular,2,191,245,54,177,14,68,0.9267015706806283,0.7224489795918367,0.7795918367346939,0.8119266055045873
5,19,regular,3,1130,1076,54,1074,56,2,0.9504424778761061,0.9981412639405205,1.050185873605948,0.9737080689029919
5,19,semiregular,3,743,753,10,700,43,53,0.9421265141318977,0.9296148738379814,0.9867197875166003,0.9358288770053477
5,19,irregular,3,16,245,229,5,11,240,0.3125,0.02040816326530612,0.0653061224489796,0.03831417624521072
5,20,regular,1,1204,1251,47,1196,8,55,0.9933554817275747,0.95603517186251,0.9624300559552358,0.9743380855397149
5,20,semiregular,1,885,841,44,760,125,81,0.8587570621468926,0.9036860879904876,1.0523186682520809,0.8806488991888761
5,20,irregular,1,71,252,181,59,12,193,0.8309859154929577,0.23412698412698413,0.28174603174603174,0.3653250773993808
5,20,regular,2,1221,1251,30,1213,8,38,0.9934479934479934,0.9696243005595524,0.9760191846522782,0.9813915857605178
5,20,semiregular,2,819,841,22,750,69,91,0.9157509157509157,0.89179548156956,0.9738406658739596,0.9036144578313253
5,20,irregular,2,202,252,50,184,18,68,0.9108910891089109,0.7301587301587301,0.8015873015873016,0.8105726872246696
5,20,regular,3,1186,1251,65,1179,7,72,0.9940978077571669,0.9424460431654677,0.9480415667466027,0.9675830939679935
5,20,semiregular,3,848,841,7,773,75,68,0.9115566037735849,0.9191438763376932,1.0083234244946493,0.9153345174659563
5,20,irregular,3,18,252,234,3,15,249,0.16666666666666666,0.011904761904761904,0.07142857142857142,0.022222222222222223
5,21,regular,1,998,920,78,920,78,0,0.9218436873747495,1.0,1.0847826086956522,0.959332638164755
5,21,semiregular,1,655,549,106,511,144,38,0.7801526717557252,0.930783242258652,1.1930783242258651,0.8488372093023256
5,21,irregular,1,94,204,110,79,15,125,0.8404255319148937,0.3872549019607843,0.46078431372549017,0.5302013422818792
5,21,regular,2,979,920,59,920,59,0,0.9397344228804902,1.0,1.0641304347826086,0.9689310163243813
5,21,semiregular,2,639,549,90,524,115,25,0.8200312989045383,0.9544626593806922,1.1639344262295082,0.8821548821548821
5,21,irregular,2,167,204,37,156,11,48,0.9341317365269461,0.7647058823529411,0.8186274509803921,0.8409703504043126
5,21,regular,3,974,920,54,920,54,0,0.944558521560575,1.0,1.058695652173913,0.9714889123548046
5,21,semiregular,3,646,549,97,535,111,14,0.8281733746130031,0.9744990892531876,1.1766848816029143,0.895397489539749
5,21,irregular,3,18,204,186,5,13,199,0.2777777777777778,0.024509803921568627,0.08823529411764706,0.04504504504504504
5,22,regular,1,1033,946,87,946,87,0,0.9157792836398838,1.0,1.0919661733615222,0.9560384032339566
5,22,semiregular,1,777,703,74,664,113,39,0.8545688545688546,0.9445234708392604,1.105263157894737,0.8972972972972972
5,22,irregular,1,52,247,195,43,9,204,0.8269230769230769,0.17408906882591094,0.21052631578947367,0.2876254180602007
5,22,regular,2,1003,946,57,946,57,0,0.9431704885343968,1.0,1.0602536997885834,0.9707542329399692
5,22,semiregular,2,748,703,45,669,79,34,0.8943850267379679,0.9516358463726885,1.0640113798008535,0.9221226740179187
5,22,irregular,2,160,247,87,151,9,96,0.94375,0.611336032388664,0.6477732793522267,0.742014742014742
5,22,regular,3,1025,946,79,946,79,0,0.9229268292682927,1.0,1.0835095137420718,0.9599188229325216
5,22,semiregular,3,756,703,53,672,84,31,0.8888888888888888,0.9559032716927454,1.0753911806543386,0.9211788896504455
5,22,irregular,3,19,247,228,1,18,246,0.05263157894736842,0.004048582995951417,0.07692307692307693,0.0075187969924812035
5,23,regular,1,1065,999,66,999,66,0,0.9380281690140845,1.0,1.0660660660660661,0.9680232558139534
5,23,semiregular,1,898,835,63,778,120,57,0.8663697104677061,0.9317365269461078,1.0754491017964072,0.897864974033468
5,23,irregular,1,53,266,213,34,19,232,0.6415094339622641,0.12781954887218044,0.19924812030075187,0.21316614420062693
5,23,regular,2,1065,999,66,999,66,0,0.9380281690140845,1.0,1.0660660660660661,0.9680232558139534
5,23,semiregular,2,895,835,60,811,84,24,0.906145251396648,0.9712574850299401,1.0718562874251496,0.93757225433526
5,23,irregular,2,178,266,88,170,8,96,0.9550561797752809,0.6390977443609023,0.6691729323308271,0.7657657657657658
5,23,regular,3,1064,999,65,999,65,0,0.9389097744360902,1.0,1.065065065065065,0.9684924866698983
5,23,semiregular,3,880,835,45,808,72,27,0.9181818181818182,0.9676646706586827,1.0538922155688624,0.9422740524781341
5,23,irregular,3,32,266,234,4,28,262,0.125,0.015037593984962405,0.12030075187969924,0.026845637583892617
5,24,regular,1,1097,1079,18,1079,18,0,0.98359161349134,1.0,1.0166821130676553,0.9917279411764706
5,24,semiregular,1,652,680,28,588,64,92,0.901840490797546,0.8647058823529412,0.9588235294117647,0.8828828828828829
5,24,irregular,1,62,247,185,49,13,198,0.7903225806451613,0.19838056680161945,0.25101214574898784,0.31715210355987056
5,24,regular,2,1100,1079,21,1079,21,0,0.980909090909091,1.0,1.0194624652455977,0.9903625516291877
5,24,semiregular,2,657,680,23,624,33,56,0.9497716894977168,0.9176470588235294,0.9661764705882353,0.9334330590875094
5,24,irregular,2,185,247,62,181,4,66,0.9783783783783784,0.7327935222672065,0.7489878542510121,0.8379629629629629
5,24,regular,3,1079,1079,0,1068,11,11,0.989805375347544,0.989805375347544,1.0,0.989805375347544
5,24,semiregular,3,690,680,10,658,32,22,0.9536231884057971,0.9676470588235294,1.0147058823529411,0.9605839416058394
5,24,irregular,3,24,247,223,3,21,244,0.125,0.012145748987854251,0.09716599190283401,0.02214022140221402
5,25,regular,1,966,946,20,946,20,0,0.979296066252588,1.0,1.0211416490486258,0.9895397489539749
5,25,semiregular,1,726,718,8,641,85,77,0.8829201101928374,0.8927576601671309,1.011142061281337,0.8878116343490305
5,25,irregular,1,95,207,112,66,29,141,0.6947368421052632,0.3188405797101449,0.45893719806763283,0.43708609271523174
5,25,regular,2,967,946,21,946,21,0,0.9782833505687694,1.0,1.022198731501057,0.989022477783586
5,25,semiregular,2,743,718,25,676,67,42,0.9098250336473755,0.9415041782729805,1.0348189415041782,0.9253935660506502
5,25,irregular,2,155,207,52,127,28,80,0.8193548387096774,0.6135265700483091,0.748792270531401,0.7016574585635358
5,25,regular,3,965,946,19,946,19,0,0.9803108808290155,1.0,1.0200845665961944,0.9900575614861329
5,25,semiregular,3,660,718,58,614,46,104,0.9303030303030303,0.8551532033426184,0.9192200557103064,0.8911465892597968
5,25,irregular,3,31,207,176,5,26,202,0.16129032258064516,0.024154589371980676,0.1497584541062802,0.04201680672268908
5,26,regular,1,1162,985,177,985,177,0,0.8476764199655766,1.0,1.1796954314720811,0.9175593851886353
5,26,semiregular,1,804,720,84,684,120,36,0.8507462686567164,0.95,1.1166666666666667,0.8976377952755905
5,26,irregular,1,120,214,94,87,33,127,0.725,0.40654205607476634,0.5607476635514018,0.5209580838323354
5,26,regular,2,1146,985,161,985,161,0,0.8595113438045375,1.0,1.163451776649746,0.9244486156733928
5,26,semiregular,2,808,720,88,702,106,18,0.8688118811881188,0.975,1.1222222222222222,0.918848167539267
5,26,irregular,2,182,214,32,140,42,74,0.7692307692307693,0.6542056074766355,0.8504672897196262,0.7070707070707071
5,26,regular,3,1183,985,198,985,198,0,0.8326289095519864,1.0,1.201015228426396,0.9086715867158672
5,26,semiregular,3,754,720,34,682,72,38,0.9045092838196287,0.9472222222222222,1.0472222222222223,0.9253731343283582
5,26,irregular,3,21,214,193,3,18,211,0.14285714285714285,0.014018691588785047,0.09813084112149532,0.02553191489361702
5,27,regular,1,1181,1166,15,1165,16,1,0.9864521591871296,0.9991423670668954,1.0128644939965694,0.9927567106945036
5,27,semiregular,1,668,728,60,582,86,146,0.8712574850299402,0.7994505494505495,0.9175824175824175,0.8338108882521491
5,27,irregular,1,36,270,234,20,16,250,0.5555555555555556,0.07407407407407407,0.13333333333333333,0.13071895424836602
5,27,regular,2,1180,1166,14,1166,14,0,0.988135593220339,1.0,1.012006861063465,0.9940323955669225
5,27,semiregular,2,744,728,16,691,53,37,0.928763440860215,0.9491758241758241,1.021978021978022,0.9388586956521738
5,27,irregular,2,213,270,57,200,13,70,0.9389671361502347,0.7407407407407407,0.7888888888888889,0.8281573498964804
5,27,regular,3,1180,1166,14,1166,14,0,0.988135593220339,1.0,1.012006861063465,0.9940323955669225
5,27,semiregular,3,732,728,4,686,46,42,0.9371584699453552,0.9423076923076923,1.0054945054945055,0.9397260273972603
5,27,irregular,3,29,270,241,6,23,264,0.20689655172413793,0.022222222222222223,0.10740740740740741,0.04013377926421405
5,28,regular,1,1113,1098,15,1094,19,4,0.9829290206648698,0.9963570127504554,1.0136612021857923,0.9895974672094074
5,28,semiregular,1,880,859,21,789,91,70,0.8965909090909091,0.9185098952270081,1.0244470314318976,0.9074180563542265
5,28,irregular,1,97,293,196,50,47,243,0.5154639175257731,0.17064846416382254,0.3310580204778157,0.25641025641025644
5,28,regular,2,1136,1098,38,1098,38,0,0.9665492957746479,1.0,1.034608378870674,0.982990152193375
5,28,semiregular,2,840,859,19,785,55,74,0.9345238095238095,0.9138533178114087,0.9778812572759022,0.9240729841082991
5,28,irregular,2,195,293,98,170,25,123,0.8717948717948718,0.5802047781569966,0.6655290102389079,0.6967213114754098
5,28,regular,3,1134,1098,36,1098,36,0,0.9682539682539683,1.0,1.0327868852459017,0.9838709677419354
5,28,semiregular,3,831,859,28,791,40,68,0.9518652226233454,0.9208381839348079,0.9674039580908033,0.936094674556213
5,28,irregular,3,34,293,259,5,29,288,0.14705882352941177,0.017064846416382253,0.11604095563139932,0.03058103975535168
5,29,regular,1,1165,1140,25,1140,25,0,0.9785407725321889,1.0,1.0219298245614035,0.9891540130151844
5,29,semiregular,1,961,869,92,823,138,46,0.8563995837669095,0.9470655926352128,1.1058688147295743,0.8994535519125683
5,29,irregular,1,83,247,164,66,17,181,0.7951807228915663,0.26720647773279355,0.3360323886639676,0.4000000000000001
5,29,regular,2,1170,1140,30,1140,30,0,0.9743589743589743,1.0,1.0263157894736843,0.9870129870129869
5,29,semiregular,2,1006,869,137,853,153,16,0.8479125248508946,0.9815880322209436,1.1576524741081704,0.9098666666666666
5,29,irregular,2,195,247,52,182,13,65,0.9333333333333333,0.7368421052631579,0.7894736842105263,0.8235294117647058
5,29,regular,3,1147,1140,7,1137,10,3,0.99128160418483,0.9973684210526316,1.006140350877193,0.9943156974202011
5,29,semiregular,3,943,869,74,839,104,30,0.8897136797454931,0.9654775604142692,1.0851553509781358,0.9260485651214128
5,29,irregular,3,22,247,225,6,16,241,0.2727272727272727,0.024291497975708502,0.08906882591093117,0.04460966542750929
5,30,regular,1,1017,997,20,997,20,0,0.9803343166175025,1.0,1.020060180541625,0.9900695134061569
5,30,semiregular,1,804,810,6,730,74,80,0.9079601990049752,0.9012345679012346,0.9925925925925926,0.9045848822800495
5,30,irregular,1,120,250,130,94,26,156,0.7833333333333333,0.376,0.48,0.508108108108108
5,30,regular,2,1017,997,20,997,20,0,0.9803343166175025,1.0,1.020060180541625,0.9900695134061569
5,30,semiregular,2,804,810,6,747,57,63,0.9291044776119403,0.9222222222222223,0.9925925925925926,0.9256505576208178
5,30,irregular,2,168,250,82,162,6,88,0.9642857142857143,0.648,0.672,0.7751196172248804
5,30,regular,3,1031,997,34,997,34,0,0.9670223084384093,1.0,1.0341023069207622,0.9832347140039448
5,30,semiregular,3,840,810,30,781,59,29,0.9297619047619048,0.9641975308641976,1.037037037037037,0.9466666666666667
5,30,irregular,3,37,250,213,4,33,246,0.10810810810810811,0.016,0.148,0.027874564459930317
