Test fold number,Subject,Gait,Sensor,Predicted,Actual,Difference,TP,FP,FN,PPV,Sensitivity,RCA,SDA
1,1,regular,1,993,937,56,930,63,7,0.9365558912386707,0.9925293489861259,1.0597652081109925,0.9637305699481864
1,1,semiregular,1,749,703,46,636,113,67,0.8491321762349799,0.9046941678520626,1.065433854907539,0.8760330578512396
1,1,irregular,1,121,199,78,99,22,100,0.8181818181818182,0.49748743718592964,0.6080402010050251,0.61875
1,1,regular,2,972,937,35,910,62,27,0.9362139917695473,0.9711846318036286,1.0373532550693703,0.9533787323205867
1,1,semiregular,2,807,703,104,672,135,31,0.8327137546468402,0.9559032716927454,1.1479374110953058,0.890066225165563
1,1,irregular,2,163,199,36,151,12,48,0.9263803680981595,0.7587939698492462,0.8190954773869347,0.8342541436464088
1,1,regular,3,1009,937,72,937,72,0,0.9286422200198216,1.0,1.0768409818569904,0.9630010277492292
1,1,semiregular,3,748,703,45,652,96,51,0.8716577540106952,0.9274537695590327,1.0640113798008535,0.8986905582356995
1,1,irregular,3,8,199,191,1,7,198,0.125,0.005025125628140704,0.04020100502512563,0.009661835748792272
1,2,regular,1,1246,1224,22,1217,29,7,0.9767255216693419,0.994281045751634,1.0179738562091503,0.9854251012145748
1,2,semiregular,1,573,647,74,541,32,106,0.944153577661431,0.8361669242658424,0.8856259659969088,0.8868852459016393
1,2,irregular,1,71,217,146,56,15,161,0.7887323943661971,0.25806451612903225,0.3271889400921659,0.38888888888888884
1,2,regular,2,1226,1224,2,1207,19,17,0.9845024469820555,0.9861111111111112,1.0016339869281046,0.9853061224489796
1,2,semiregular,2,639,647,8,604,35,43,0.945226917057903,0.9335394126738794,0.9876352395672334,0.9393468118195956
1,2,irregular,2,186,217,31,170,16,47,0.9139784946236559,0.783410138248848,0.8571428571428571,0.8436724565756824
1,2,regular,3,1246,1224,22,1219,27,5,0.978330658105939,0.9959150326797386,1.0179738562091503,0.9870445344129555
1,2,semiregular,3,633,647,14,603,30,44,0.95260663507109,0.9319938176197836,0.9783616692426584,0.9421875000000001
1,2,irregular,3,11,217,206,1,10,216,0.09090909090909091,0.004608294930875576,0.05069124423963134,0.008771929824561403
1,3,regular,1,1043,1053,10,1036,7,17,0.9932885906040269,0.9838556505223172,0.9905033238366572,0.9885496183206107
1,3,semiregular,1,701,716,15,642,59,74,0.9158345221112696,0.8966480446927374,0.979050279329609,0.9061397318278052
1,3,irregular,1,120,224,104,105,15,119,0.875,0.46875,0.5357142857142857,0.6104651162790697
1,3,regular,2,1023,1053,30,1017,6,36,0.9941348973607038,0.9658119658119658,0.9715099715099715,0.9797687861271676
1,3,semiregular,2,736,716,20,667,69,49,0.90625,0.9315642458100558,1.0279329608938548,0.918732782369146
1,3,irregular,2,212,224,12,183,29,41,0.8632075471698113,0.8169642857142857,0.9464285714285714,0.8394495412844037
1,3,regular,3,1054,1053,1,1048,6,5,0.9943074003795066,0.9952516619183286,1.0009496676163343,0.9947793070716658
1,3,semiregular,3,722,716,6,671,51,45,0.9293628808864266,0.9371508379888268,1.0083798882681565,0.933240611961057
1,3,irregular,3,10,224,214,0,10,224,-1,-1,0.044642857142857144,-1
1,4,regular,1,1141,1101,40,1101,40,0,0.964943032427695,1.0,1.036330608537693,0.9821587867975021
1,4,semiregular,1,628,614,14,529,99,85,0.8423566878980892,0.8615635179153095,1.022801302931596,0.8518518518518519
1,4,irregular,1,72,228,156,52,20,176,0.7222222222222222,0.22807017543859648,0.3157894736842105,0.3466666666666667
1,4,regular,2,1149,1101,48,1101,48,0,0.95822454308094,1.0,1.0435967302452316,0.9786666666666667
1,4,semiregular,2,652,614,38,574,78,40,0.8803680981595092,0.9348534201954397,1.0618892508143323,0.9067930489731437
1,4,irregular,2,188,228,40,161,27,67,0.8563829787234043,0.706140350877193,0.8245614035087719,0.7740384615384617
1,4,regular,3,1129,1101,28,1101,28,0,0.975199291408326,1.0,1.025431425976385,0.9874439461883409
1,4,semiregular,3,604,614,10,548,56,66,0.9072847682119205,0.8925081433224755,0.9837133550488599,0.8998357963875204
1,4,irregular,3,11,228,217,2,9,226,0.18181818181818182,0.008771929824561403,0.04824561403508772,0.016736401673640166
1,5,regular,1,1026,1044,18,1020,6,24,0.9941520467836257,0.9770114942528736,0.9827586206896551,0.9855072463768115
1,5,semiregular,1,741,668,73,631,110,37,0.8515519568151148,0.9446107784431138,1.1092814371257484,0.8956706884315118
1,5,irregular,1,72,217,145,56,16,161,0.7777777777777778,0.25806451612903225,0.3317972350230415,0.38754325259515565
1,5,regular,2,1024,1044,20,1018,6,26,0.994140625,0.975095785440613,0.9808429118773946,0.9845261121856866
1,5,semiregular,2,780,668,112,659,121,9,0.8448717948717949,0.9865269461077845,1.1676646706586826,0.9102209944751382
1,5,irregular,2,199,217,18,179,20,38,0.8994974874371859,0.8248847926267281,0.9170506912442397,0.8605769230769229
1,5,regular,3,1051,1044,7,1044,7,0,0.9933396764985728,1.0,1.0067049808429118,0.9966587112171837
1,5,semiregular,3,710,668,42,634,76,34,0.8929577464788733,0.9491017964071856,1.062874251497006,0.9201741654571843
1,5,irregular,3,12,217,205,3,9,214,0.25,0.013824884792626729,0.055299539170506916,0.026200873362445417
1,6,regular,1,958,915,43,913,45,2,0.9530271398747391,0.9978142076502732,1.0469945355191257,0.974906567004805
1,6,semiregular,1,683,701,18,623,60,78,0.9121522693997072,0.8887303851640513,0.9743223965763196,0.9002890173410405
1,6,irregular,1,78,195,117,36,42,159,0.46153846153846156,0.18461538461538463,0.4,0.26373626373626374
1,6,regular,2,961,915,46,914,47,1,0.951092611862643,0.9989071038251366,1.0502732240437158,0.974413646055437
1,6,semiregular,2,766,701,65,682,84,19,0.8903394255874674,0.9728958630527818,1.0927246790299572,0.9297886843899115
1,6,irregular,2,229,195,34,126,103,69,0.5502183406113537,0.6461538461538462,1.1743589743589744,0.5943396226415093
1,6,regular,3,952,915,37,910,42,5,0.9558823529411765,0.994535519125683,1.0404371584699454,0.9748259239421533
1,6,semiregular,3,698,701,3,655,43,46,0.9383954154727794,0.9343794579172611,0.9957203994293866,0.9363831308077198
1,6,irregular,3,12,195,183,2,10,193,0.16666666666666666,0.010256410256410256,0.06153846153846154,0.019323671497584544
1,7,regular,1,1252,1230,22,1229,23,1,0.981629392971246,0.9991869918699187,1.0178861788617886,0.9903303787268332
1,7,semiregular,1,786,761,25,673,113,88,0.8562340966921119,0.8843626806833115,1.0328515111695138,0.870071105365223
1,7,irregular,1,7,225,218,2,5,223,0.2857142857142857,0.008888888888888889,0.03111111111111111,0.017241379310344827
1,7,regular,2,1252,1230,22,1227,25,3,0.9800319488817891,0.9975609756097561,1.0178861788617886,0.9887187751813055
1,7,semiregular,2,788,761,27,705,83,56,0.8946700507614214,0.926412614980289,1.0354796320630748,0.9102646868947708
1,7,irregular,2,147,225,78,136,11,89,0.9251700680272109,0.6044444444444445,0.6533333333333333,0.7311827956989247
1,7,regular,3,1252,1230,22,1228,24,2,0.9808306709265175,0.9983739837398374,1.0178861788617886,0.9895245769540693
1,7,semiregular,3,765,761,4,685,80,76,0.8954248366013072,0.900131406044678,1.0052562417871223,0.8977719528178244
1,7,irregular,3,15,225,210,5,10,220,0.3333333333333333,0.022222222222222223,0.06666666666666667,0.04166666666666667
1,8,regular,1,1049,1035,14,1030,19,5,0.9818875119161106,0.9951690821256038,1.0135265700483091,0.9884836852207294
1,8,semiregular,1,818,827,9,732,86,95,0.8948655256723717,0.8851269649334945,0.9891172914147521,0.8899696048632219
1,8,irregular,1,95,243,148,83,12,160,0.8736842105263158,0.34156378600823045,0.39094650205761317,0.4911242603550296
1,8,regular,2,1046,1035,11,1030,16,5,0.9847036328871893,0.9951690821256038,1.0106280193236714,0.9899086977414704
1,8,semiregular,2,850,827,23,772,78,55,0.908235294117647,0.9334945586457074,1.0278113663845223,0.9206917113893858
1,8,irregular,2,196,243,47,180,16,63,0.9183673469387755,0.7407407407407407,0.8065843621399177,0.8200455580865603
1,8,regular,3,1053,1035,18,1034,19,1,0.9819563152896487,0.9990338164251208,1.017391304347826,0.9904214559386972
1,8,semiregular,3,832,827,5,768,64,59,0.9230769230769231,0.9286577992744861,1.0060459492140266,0.9258589511754068
1,8,irregular,3,17,243,226,2,15,241,0.11764705882352941,0.00823045267489712,0.06995884773662552,0.015384615384615387
1,9,regular,1,1102,1107,5,1091,11,16,0.9900181488203267,0.985546522131888,0.995483288166215,0.9877772747849706
1,9,semiregular,1,620,701,81,586,34,115,0.9451612903225807,0.8359486447931527,0.884450784593438,0.8872066616199848
1,9,irregular,1,83,266,183,73,10,193,0.8795180722891566,0.2744360902255639,0.31203007518796994,0.4183381088825215
1,9,regular,2,1110,1107,3,1099,11,8,0.9900900900900901,0.992773261065944,1.002710027100271,0.9914298601714028
1,9,semiregular,2,635,701,66,602,33,99,0.9480314960629921,0.8587731811697575,0.905848787446505,0.9011976047904192
1,9,irregular,2,197,266,69,183,14,83,0.9289340101522843,0.6879699248120301,0.7406015037593985,0.7904967602591793
1,9,regular,3,1108,1107,1,1097,11,10,0.990072202166065,0.99096657633243,1.000903342366757,0.9905191873589165
1,9,semiregular,3,669,701,32,642,27,59,0.9596412556053812,0.9158345221112696,0.9543509272467903,0.9372262773722627
1,9,irregular,3,14,266,252,2,12,264,0.14285714285714285,0.007518796992481203,0.05263157894736842,0.014285714285714285
1,10,regular,1,1061,1014,47,1014,47,0,0.9557021677662583,1.0,1.0463510848126232,0.9773493975903614
1,10,semiregular,1,674,656,18,616,58,40,0.913946587537092,0.9390243902439024,1.0274390243902438,0.9263157894736842
1,10,irregular,1,92,247,155,80,12,167,0.8695652173913043,0.32388663967611336,0.3724696356275304,0.471976401179941
1,10,regular,2,1073,1014,59,1014,59,0,0.9450139794967382,1.0,1.0581854043392505,0.971729755630091
1,10,semiregular,2,696,656,40,630,66,26,0.9051724137931034,0.9603658536585366,1.0609756097560976,0.9319526627218935
1,10,irregular,2,210,247,37,190,20,57,0.9047619047619048,0.7692307692307693,0.8502024291497976,0.8315098468271336
1,10,regular,3,1068,1014,54,1014,54,0,0.949438202247191,1.0,1.0532544378698225,0.9740634005763689
1,10,semiregular,3,666,656,10,625,41,31,0.9384384384384384,0.9527439024390244,1.0152439024390243,0.9455370650529501
1,10,irregular,3,12,247,235,2,10,245,0.16666666666666666,0.008097165991902834,0.048582995951417005,0.015444015444015444
1,11,regular,1,1087,1070,17,1070,17,0,0.984360625574977,1.0,1.0158878504672897,0.9921186833565137
1,11,semiregular,1,742,700,42,644,98,56,0.8679245283018868,0.92,1.06,0.8932038834951457
1,11,irregular,1,131,239,108,109,22,130,0.8320610687022901,0.4560669456066946,0.5481171548117155,0.5891891891891893
1,11,regular,2,1084,1070,14,1070,14,0,0.9870848708487084,1.0,1.0130841121495326,0.9935004642525533
1,11,semiregular,2,733,700,33,662,71,38,0.903137789904502,0.9457142857142857,1.0471428571428572,0.9239357990230287
1,11,irregular,2,192,239,47,178,14,61,0.9270833333333334,0.7447698744769874,0.803347280334728,0.8259860788863108
1,11,regular,3,1079,1070,9,1070,9,0,0.9916589434661723,1.0,1.0084112149532711,0.9958120055839925
1,11,semiregular,3,693,700,7,639,54,61,0.922077922077922,0.9128571428571428,0.99,0.9174443646805456
1,11,irregular,3,12,239,227,1,11,238,0.08333333333333333,0.0041841004184100415,0.0502092050209205,0.00796812749003984
1,12,regular,1,1022,1007,15,1007,15,0,0.9853228962818004,1.0,1.0148957298907646,0.9926071956628881
1,12,semiregular,1,727,641,86,608,119,33,0.8363136176066025,0.9485179407176287,1.1341653666146645,0.8888888888888888
1,12,irregular,1,141,204,63,116,25,88,0.8226950354609929,0.5686274509803921,0.6911764705882353,0.6724637681159419
1,12,regular,2,1034,1007,27,1007,27,0,0.9738878143133463,1.0,1.0268123138033765,0.9867711905928467
1,12,semiregular,2,702,641,61,600,102,41,0.8547008547008547,0.9360374414976599,1.0951638065522622,0.8935219657483247
1,12,irregular,2,214,204,10,181,33,23,0.8457943925233645,0.8872549019607843,1.0490196078431373,0.8660287081339713
1,12,regular,3,1023,1007,16,1007,16,0,0.9843597262952102,1.0,1.015888778550149,0.9921182266009853
1,12,semiregular,3,641,641,0,581,60,60,0.906396255850234,0.906396255850234,1.0,0.906396255850234
1,12,irregular,3,12,204,192,1,11,203,0.08333333333333333,0.004901960784313725,0.058823529411764705,0.009259259259259259
1,13,regular,1,1014,1000,14,1000,14,0,0.9861932938856016,1.0,1.014,0.9930486593843098
1,13,semiregular,1,848,815,33,773,75,42,0.9115566037735849,0.9484662576687116,1.0404907975460123,0.9296452194828624
1,13,irregular,1,141,216,75,116,25,100,0.8226950354609929,0.5370370370370371,0.6527777777777778,0.6498599439775911
1,13,regular,2,1016,1000,16,999,17,1,0.9832677165354331,0.999,1.016,0.9910714285714286
1,13,semiregular,2,848,815,33,787,61,28,0.9280660377358491,0.9656441717791411,1.0404907975460123,0.946482260974143
1,13,irregular,2,234,216,18,196,38,20,0.8376068376068376,0.9074074074074074,1.0833333333333333,0.8711111111111111
1,13,regular,3,1014,1000,14,1000,14,0,0.9861932938856016,1.0,1.014,0.9930486593843098
1,13,semiregular,3,803,815,12,760,43,55,0.9464508094645081,0.9325153374233128,0.9852760736196319,0.9394313967861557
1,13,irregular,3,17,216,199,2,15,214,0.11764705882352941,0.009259259259259259,0.0787037037037037,0.017167381974248924
1,14,regular,1,1061,1052,9,1052,9,0,0.9915174363807728,1.0,1.008555133079848,0.995740653099858
1,14,semiregular,1,866,913,47,810,56,103,0.9353348729792148,0.8871851040525739,0.9485213581599123,0.9106239460370995
1,14,irregular,1,85,217,132,78,7,139,0.9176470588235294,0.35944700460829493,0.391705069124424,0.5165562913907286
1,14,regular,2,1057,1052,5,1050,7,2,0.9933774834437086,0.9980988593155894,1.0047528517110267,0.9957325746799431
1,14,semiregular,2,923,913,10,860,63,53,0.9317443120260022,0.9419496166484118,1.0109529025191675,0.9368191721132897
1,14,irregular,2,214,217,3,192,22,25,0.897196261682243,0.8847926267281107,0.9861751152073732,0.8909512761020881
1,14,regular,3,1062,1052,10,1052,10,0,0.9905838041431262,1.0,1.0095057034220531,0.9952696310312203
1,14,semiregular,3,880,913,33,834,46,79,0.9477272727272728,0.9134720700985761,0.963855421686747,0.9302844394868934
1,14,irregular,3,12,217,205,1,11,216,0.08333333333333333,0.004608294930875576,0.055299539170506916,0.008733624454148473
1,15,regular,1,967,964,3,961,6,3,0.9937952430196484,0.9968879668049793,1.0031120331950207,0.9953392024857587
1,15,semiregular,1,795,774,21,733,62,41,0.9220125786163522,0.9470284237726099,1.0271317829457365,0.9343530911408541
1,15,irregular,1,148,218,70,136,12,82,0.918918918918919,0.6238532110091743,0.6788990825688074,0.7431693989071038
1,15,regular,2,965,964,1,957,8,7,0.9917098445595854,0.9927385892116183,1.0010373443983402,0.9922239502332814
1,15,semiregular,2,797,774,23,736,61,38,0.9234629861982434,0.9509043927648578,1.0297157622739017,0.9369828134945893
1,15,irregular,2,222,218,4,195,27,23,0.8783783783783784,0.8944954128440367,1.018348623853211,0.8863636363636364
1,15,regular,3,970,964,6,963,7,1,0.9927835051546392,0.9989626556016598,1.0062240663900415,0.9958634953464323
1,15,semiregular,3,743,774,31,712,31,62,0.9582772543741588,0.9198966408268734,0.9599483204134367,0.9386947923533289
1,15,irregular,3,12,218,206,2,10,216,0.16666666666666666,0.009174311926605505,0.05504587155963303,0.017391304347826087
1,16,regular,1,1136,1109,27,1109,27,0,0.9762323943661971,1.0,1.024346257889991,0.9879732739420936
1,16,semiregular,1,704,681,23,607,97,74,0.8622159090909091,0.8913362701908958,1.0337738619676946,0.8765342960288809
1,16,irregular,1,48,272,224,36,12,236,0.75,0.1323529411764706,0.17647058823529413,0.22500000000000003
1,16,regular,2,1126,1109,17,1109,17,0,0.9849023090586145,1.0,1.0153291253381425,0.992393736017897
1,16,semiregular,2,692,681,11,624,68,57,0.9017341040462428,0.9162995594713657,1.0161527165932451,0.9089584850691915
1,16,irregular,2,192,272,80,175,17,97,0.9114583333333334,0.6433823529411765,0.7058823529411765,0.7543103448275863
1,16,regular,3,1133,1109,24,1109,24,0,0.9788172992056487,1.0,1.0216411181244365,0.9892952720785013
1,16,semiregular,3,667,681,14,609,58,72,0.9130434782608695,0.8942731277533039,0.9794419970631424,0.9035608308605342
1,16,irregular,3,11,272,261,4,7,268,0.36363636363636365,0.014705882352941176,0.04044117647058824,0.028268551236749113
1,17,regular,1,1040,1029,11,1028,12,1,0.9884615384615385,0.9990281827016521,1.010689990281827,0.9937167713871435
1,17,semiregular,1,822,837,15,744,78,93,0.9051094890510949,0.8888888888888888,0.982078853046595,0.8969258589511754
1,17,irregular,1,112,240,128,97,15,143,0.8660714285714286,0.4041666666666667,0.4666666666666667,0.5511363636363636
1,17,regular,2,1046,1029,17,1028,18,1,0.982791586998088,0.9990281827016521,1.0165208940719144,0.9908433734939759
1,17,semiregular,2,883,837,46,808,75,29,0.9150622876557192,0.965352449223417,1.054958183990442,0.9395348837209303
1,17,irregular,2,211,240,29,190,21,50,0.9004739336492891,0.7916666666666666,0.8791666666666667,0.8425720620842572
1,17,regular,3,1047,1029,18,1029,18,0,0.9828080229226361,1.0,1.0174927113702623,0.9913294797687862
1,17,semiregular,3,821,837,16,772,49,65,0.9403166869671132,0.9223416965352449,0.980884109916368,0.93124246079614
1,17,irregular,3,14,240,226,2,12,238,0.14285714285714285,0.008333333333333333,0.058333333333333334,0.015748031496062992
1,18,regular,1,1071,1044,27,1043,28,1,0.9738562091503268,0.9990421455938697,1.0258620689655173,0.9862884160756501
1,18,semiregular,1,811,801,10,751,60,50,0.9260172626387176,0.9375780274656679,1.0124843945068664,0.9317617866004962
1,18,irregular,1,112,252,140,99,13,153,0.8839285714285714,0.39285714285714285,0.4444444444444444,0.5439560439560439
1,18,regular,2,1065,1044,21,1043,22,1,0.9793427230046948,0.9990421455938697,1.0201149425287357,0.9890943575154102
1,18,semiregular,2,829,801,28,777,52,24,0.9372738238841978,0.9700374531835206,1.034956304619226,0.9533742331288343
1,18,irregular,2,234,252,18,207,27,45,0.8846153846153846,0.8214285714285714,0.9285714285714286,0.8518518518518519
1,18,regular,3,1057,1044,13,1042,15,2,0.9858088930936613,0.9980842911877394,1.0124521072796935,0.9919086149452642
1,18,semiregular,3,802,801,1,757,45,44,0.9438902743142145,0.9450686641697877,1.0012484394506866,0.9444791016843419
1,18,irregular,3,11,252,241,2,9,250,0.18181818181818182,0.007936507936507936,0.04365079365079365,0.015209125475285171
1,19,regular,1,1076,1076,0,1068,8,8,0.9925650557620818,0.9925650557620818,1.0,0.9925650557620818
1,19,semiregular,1,754,753,1,697,57,56,0.9244031830238727,0.9256308100929614,1.00132802124834,0.9250165892501658
1,19,irregular,1,98,245,147,84,14,161,0.8571428571428571,0.34285714285714286,0.4,0.4897959183673469
1,19,regular,2,1075,1076,1,1069,6,7,0.9944186046511628,0.9934944237918215,0.9990706319702602,0.99395629939563
1,19,semiregular,2,762,753,9,706,56,47,0.926509186351706,0.9375830013280213,1.0119521912350598,0.9320132013201321
1,19,irregular,2,236,245,9,197,39,48,0.8347457627118644,0.8040816326530612,0.963265306122449,0.8191268191268191
1,19,regular,3,1084,1076,8,1074,10,2,0.9907749077490775,0.9981412639405205,1.0074349442379182,0.9944444444444445
1,19,semiregular,3,730,753,23,686,44,67,0.9397260273972603,0.9110225763612217,0.9694555112881806,0.9251517194875252
1,19,irregular,3,10,245,235,2,8,243,0.2,0.00816326530612245,0.04081632653061224,0.015686274509803925
1,20,regular,1,1193,1251,58,1183,10,68,0.991617770326907,0.9456434852118305,0.9536370903277378,0.9680851063829787
1,20,semiregular,1,881,841,40,763,118,78,0.8660612939841089,0.9072532699167658,1.04756242568371,0.8861788617886179
1,20,irregular,1,115,252,137,104,11,148,0.9043478260869565,0.4126984126984127,0.45634920634920634,0.5667574931880108
1,20,regular,2,1229,1251,22,1217,12,34,0.9902359641985354,0.9728217426059153,0.982414068745004,0.9814516129032259
1,20,semiregular,2,861,841,20,765,96,76,0.8885017421602788,0.9096313912009513,1.0237812128418549,0.8989424206815512
1,20,irregular,2,233,252,19,209,24,43,0.8969957081545065,0.8293650793650794,0.9246031746031746,0.8618556701030928
1,20,regular,3,1206,1251,45,1194,12,57,0.9900497512437811,0.9544364508393285,0.9640287769784173,0.9719169719169718
1,20,semiregular,3,831,841,10,755,76,86,0.9085439229843562,0.8977407847800237,0.9881093935790726,0.9031100478468899
1,20,irregular,3,11,252,241,1,10,251,0.09090909090909091,0.003968253968253968,0.04365079365079365,0.0076045627376425855
1,21,regular,1,944,920,24,920,24,0,0.9745762711864406,1.0,1.0260869565217392,0.9871244635193133
1,21,semiregular,1,614,549,65,495,119,54,0.8061889250814332,0.9016393442622951,1.1183970856102003,0.8512467755803955
1,21,irregular,1,130,204,74,113,17,91,0.8692307692307693,0.553921568627451,0.6372549019607843,0.6766467065868264
1,21,regular,2,943,920,23,920,23,0,0.975609756097561,1.0,1.025,0.9876543209876543
1,21,semiregular,2,628,549,79,522,106,27,0.8312101910828026,0.9508196721311475,1.1438979963570128,0.887000849617672
1,21,irregular,2,214,204,10,189,25,15,0.883177570093458,0.9264705882352942,1.0490196078431373,0.904306220095694
1,21,regular,3,928,920,8,919,9,1,0.990301724137931,0.9989130434782608,1.008695652173913,0.9945887445887445
1,21,semiregular,3,598,549,49,516,82,33,0.862876254180602,0.9398907103825137,1.0892531876138434,0.8997384481255448
1,21,irregular,3,11,204,193,2,9,202,0.18181818181818182,0.00980392156862745,0.05392156862745098,0.018604651162790697
1,22,regular,1,977,946,31,946,31,0,0.9682702149437052,1.0,1.03276955602537,0.983879355174207
1,22,semiregular,1,742,703,39,652,90,51,0.8787061994609164,0.9274537695590327,1.0554765291607398,0.9024221453287196
1,22,irregular,1,83,247,164,71,12,176,0.8554216867469879,0.2874493927125506,0.3360323886639676,0.43030303030303035
1,22,regular,2,968,946,22,942,26,4,0.9731404958677686,0.9957716701902748,1.0232558139534884,0.9843260188087775
1,22,semiregular,2,752,703,49,665,87,38,0.8843085106382979,0.9459459459459459,1.069701280227596,0.9140893470790378
1,22,irregular,2,207,247,40,183,24,64,0.8840579710144928,0.7408906882591093,0.8380566801619433,0.8061674008810573
1,22,regular,3,977,946,31,946,31,0,0.9682702149437052,1.0,1.03276955602537,0.983879355174207
1,22,semiregular,3,710,703,7,662,48,41,0.9323943661971831,0.9416785206258891,1.0099573257467995,0.9370134465675867
1,22,irregular,3,12,247,235,6,6,241,0.5,0.024291497975708502,0.048582995951417005,0.04633204633204633
1,23,regular,1,1056,999,57,999,57,0,0.9460227272727273,1.0,1.057057057057057,0.9722627737226277
1,23,semiregular,1,873,835,38,755,118,80,0.8648339060710195,0.9041916167664671,1.0455089820359282,0.8840749414519906
1,23,irregular,1,11,266,255,2,9,264,0.18181818181818182,0.007518796992481203,0.041353383458646614,0.014440433212996389
1,23,regular,2,1022,999,23,992,30,7,0.9706457925636007,0.992992992992993,1.023023023023023,0.9816922315685305
1,23,semiregular,2,905,835,70,790,115,45,0.8729281767955801,0.9461077844311377,1.0838323353293413,0.9080459770114944
1,23,irregular,2,204,266,62,184,20,82,0.9019607843137255,0.6917293233082706,0.7669172932330827,0.7829787234042552
1,23,regular,3,1051,999,52,999,52,0,0.950523311132255,1.0,1.052052052052052,0.9746341463414634
1,23,semiregular,3,846,835,11,780,66,55,0.9219858156028369,0.9341317365269461,1.0131736526946107,0.9280190362879239
1,23,irregular,3,20,266,246,2,18,264,0.1,0.007518796992481203,0.07518796992481203,0.013986013986013986
1,24,regular,1,1096,1079,17,1078,18,1,0.9835766423357665,0.9990732159406858,1.015755329008341,0.991264367816092
1,24,semiregular,1,662,680,18,600,62,80,0.9063444108761329,0.8823529411764706,0.9735294117647059,0.894187779433681
1,24,irregular,1,102,247,145,95,7,152,0.9313725490196079,0.38461538461538464,0.41295546558704455,0.5444126074498568
1,24,regular,2,1091,1079,12,1076,15,3,0.9862511457378552,0.9972196478220574,1.0111214087117701,0.991705069124424
1,24,semiregular,2,675,680,5,638,37,42,0.9451851851851852,0.9382352941176471,0.9926470588235294,0.9416974169741699
1,24,irregular,2,199,247,48,189,10,58,0.949748743718593,0.7651821862348178,0.805668016194332,0.8475336322869955
1,24,regular,3,1088,1079,9,1078,10,1,0.9908088235294118,0.9990732159406858,1.0083410565338276,0.9949238578680203
1,24,semiregular,3,657,680,23,632,25,48,0.9619482496194824,0.9294117647058824,0.9661764705882353,0.9454001495886313
1,24,irregular,3,15,247,232,4,11,243,0.26666666666666666,0.016194331983805668,0.06072874493927125,0.03053435114503817
1,25,regular,1,960,946,14,946,14,0,0.9854166666666667,1.0,1.014799154334038,0.9926547743966423
1,25,semiregular,1,704,718,14,629,75,89,0.8934659090909091,0.8760445682451253,0.9805013927576601,0.8846694796061884
1,25,irregular,1,123,207,84,97,26,110,0.7886178861788617,0.46859903381642515,0.5942028985507246,0.5878787878787879
1,25,regular,2,948,946,2,940,8,6,0.9915611814345991,0.9936575052854123,1.0021141649048626,0.9926082365364309
1,25,semiregular,2,754,718,36,682,72,36,0.9045092838196287,0.9498607242339833,1.0501392757660166,0.9266304347826088
1,25,irregular,2,147,207,60,132,15,75,0.8979591836734694,0.6376811594202898,0.7101449275362319,0.7457627118644068
1,25,regular,3,952,946,6,944,8,2,0.9915966386554622,0.9978858350951374,1.0063424947145878,0.9947312961011591
1,25,semiregular,3,696,718,22,650,46,68,0.9339080459770115,0.9052924791086351,0.9693593314763231,0.9193776520509195
1,25,irregular,3,19,207,188,4,15,203,0.21052631578947367,0.01932367149758454,0.09178743961352658,0.035398230088495575
1,26,regular,1,1077,985,92,985,92,0,0.914577530176416,1.0,1.0934010152284264,0.9553831231813772
1,26,semiregular,1,769,720,49,672,97,48,0.8738621586475943,0.9333333333333333,1.0680555555555555,0.9026192075218267
1,26,irregular,1,187,214,27,137,50,77,0.732620320855615,0.6401869158878505,0.8738317757009346,0.683291770573566
1,26,regular,2,1050,985,65,985,65,0,0.9380952380952381,1.0,1.0659898477157361,0.9680589680589681
1,26,semiregular,2,769,720,49,693,76,27,0.9011703511053316,0.9625,1.0680555555555555,0.9308260577568839
1,26,irregular,2,169,214,45,139,30,75,0.8224852071005917,0.6495327102803738,0.7897196261682243,0.7258485639686685
1,26,regular,3,1105,985,120,985,120,0,0.8914027149321267,1.0,1.1218274111675126,0.9425837320574163
1,26,semiregular,3,732,720,12,674,58,46,0.9207650273224044,0.9361111111111111,1.0166666666666666,0.9283746556473829
1,26,irregular,3,13,214,201,2,11,212,0.15384615384615385,0.009345794392523364,0.06074766355140187,0.017621145374449337
1,27,regular,1,1181,1166,15,1164,17,2,0.9856054191363252,0.9982847341337907,1.0128644939965694,0.9919045590115041
1,27,semiregular,1,684,728,44,609,75,119,0.8903508771929824,0.8365384615384616,0.9395604395604396,0.8626062322946175
1,27,irregular,1,40,270,230,32,8,238,0.8,0.11851851851851852,0.14814814814814814,0.20645161290322583
1,27,regular,2,1167,1166,1,1156,11,10,0.9905741216795202,0.9914236706689536,1.0008576329331047,0.9909987141020146
1,27,semiregular,2,748,728,20,686,62,42,0.9171122994652406,0.9423076923076923,1.0274725274725274,0.9295392953929539
1,27,irregular,2,241,270,29,213,28,57,0.8838174273858921,0.7888888888888889,0.8925925925925926,0.8336594911937378
1,27,regular,3,1185,1166,19,1166,19,0,0.9839662447257383,1.0,1.016295025728988,0.9919183326244151
1,27,semiregular,3,711,728,17,672,39,56,0.9451476793248945,0.9230769230769231,0.9766483516483516,0.9339819318971507
1,27,irregular,3,18,270,252,3,15,267,0.16666666666666666,0.011111111111111112,0.06666666666666667,0.020833333333333336
1,28,regular,1,1105,1098,7,1085,20,13,0.9819004524886877,0.98816029143898,1.006375227686703,0.9850204266908761
1,28,semiregular,1,872,859,13,787,85,72,0.9025229357798165,0.9161816065192084,1.0151338766006985,0.9093009820912767
1,28,irregular,1,90,293,203,70,20,223,0.7777777777777778,0.23890784982935154,0.30716723549488056,0.3655352480417755
1,28,regular,2,1124,1098,26,1098,26,0,0.9768683274021353,1.0,1.02367941712204,0.9882988298829883
1,28,semiregular,2,859,859,0,796,63,63,0.9266589057043073,0.9266589057043073,1.0,0.9266589057043073
1,28,irregular,2,191,293,102,166,25,127,0.8691099476439791,0.5665529010238908,0.6518771331058021,0.6859504132231404
1,28,regular,3,1120,1098,22,1098,22,0,0.9803571428571428,1.0,1.0200364298724955,0.9900811541929667
1,28,semiregular,3,839,859,20,802,37,57,0.9558998808104887,0.9336437718277066,0.9767171129220024,0.944640753828033
1,28,irregular,3,21,293,272,5,16,288,0.23809523809523808,0.017064846416382253,0.07167235494880546,0.03184713375796179
1,29,regular,1,1154,1140,14,1140,14,0,0.9878682842287695,1.0,1.012280701754386,0.9938971229293809
1,29,semiregular,1,935,869,66,813,122,56,0.8695187165775401,0.9355581127733027,1.0759493670886076,0.9013303769401331
1,29,irregular,1,143,247,104,121,22,126,0.8461538461538461,0.4898785425101215,0.5789473684210527,0.6205128205128205
1,29,regular,2,1151,1140,11,1140,11,0,0.9904430929626412,1.0,1.0096491228070175,0.9951986032300306
1,29,semiregular,2,975,869,106,853,122,16,0.8748717948717949,0.9815880322209436,1.1219792865362486,0.9251626898047723
1,29,irregular,2,230,247,17,203,27,44,0.8826086956521739,0.8218623481781376,0.9311740890688259,0.8511530398322851
1,29,regular,3,1145,1140,5,1138,7,2,0.993886462882096,0.9982456140350877,1.0043859649122806,0.9960612691466083
1,29,semiregular,3,890,869,21,816,74,53,0.9168539325842696,0.9390103567318757,1.0241657077100115,0.9277998862990335
1,29,irregular,3,13,247,234,2,11,245,0.15384615384615385,0.008097165991902834,0.05263157894736842,0.015384615384615385
1,30,regular,1,1003,997,6,995,8,2,0.9920239282153539,0.9979939819458375,1.0060180541624875,0.995
1,30,semiregular,1,804,810,6,739,65,71,0.9191542288557214,0.9123456790123456,0.9925925925925926,0.915737298636927
1,30,irregular,1,143,250,107,118,25,132,0.8251748251748252,0.472,0.572,0.6005089058524173
1,30,regular,2,982,997,15,978,4,19,0.9959266802443992,0.9809428284854563,0.9849548645937813,0.988377968671046
1,30,semiregular,2,831,810,21,768,63,42,0.924187725631769,0.9481481481481482,1.025925925925926,0.9360146252285192
1,30,irregular,2,212,250,38,186,26,64,0.8773584905660378,0.744,0.848,0.8051948051948051
1,30,regular,3,1010,997,13,997,13,0,0.9871287128712871,1.0,1.013039117352056,0.9935226706527155
1,30,semiregular,3,799,810,11,755,44,55,0.9449311639549437,0.9320987654320988,0.9864197530864197,0.9384711000621505
1,30,irregular,3,23,250,227,3,20,247,0.13043478260869565,0.012,0.092,0.02197802197802198
2,1,regular,1,999,937,62,936,63,1,0.9369369369369369,0.9989327641408752,1.0661686232657417,0.9669421487603307
2,1,semiregular,1,766,703,63,656,110,47,0.856396866840731,0.9331436699857752,1.0896159317211949,0.8931245745405036
2,1,irregular,1,8,199,191,3,5,196,0.375,0.01507537688442211,0.04020100502512563,0.028985507246376812
2,1,regular,2,1000,937,63,936,64,1,0.936,0.9989327641408752,1.0672358591248665,0.9664429530201342
2,1,semiregular,2,746,703,43,647,99,56,0.8672922252010724,0.9203413940256046,1.0611664295874823,0.8930296756383712
2,1,irregular,2,170,199,29,156,14,43,0.9176470588235294,0.7839195979899497,0.8542713567839196,0.8455284552845528
2,1,regular,3,986,937,49,933,53,4,0.9462474645030426,0.9957310565635006,1.0522945570971185,0.9703588143525741
2,1,semiregular,3,734,703,31,653,81,50,0.8896457765667575,0.9288762446657184,1.0440967283072546,0.9088378566457899
2,1,irregular,3,185,199,14,169,16,30,0.9135135135135135,0.8492462311557789,0.9296482412060302,0.8802083333333334
2,2,regular,1,1228,1224,4,1209,19,15,0.9845276872964169,0.9877450980392157,1.0032679738562091,0.9861337683523653
2,2,semiregular,1,601,647,46,572,29,75,0.9517470881863561,0.884080370942813,0.9289026275115919,0.9166666666666667
2,2,irregular,1,10,217,207,4,6,213,0.4,0.018433179723502304,0.04608294930875576,0.03524229074889868
2,2,regular,2,1238,1224,14,1216,22,8,0.9822294022617124,0.9934640522875817,1.011437908496732,0.9878147847278635
2,2,semiregular,2,643,647,4,613,30,34,0.9533437013996889,0.9474497681607419,0.9938176197836167,0.9503875968992249
2,2,irregular,2,187,217,30,178,9,39,0.9518716577540107,0.8202764976958525,0.8617511520737328,0.8811881188118812
2,2,regular,3,1241,1224,17,1218,23,6,0.9814665592264303,0.9950980392156863,1.0138888888888888,0.9882352941176471
2,2,semiregular,3,636,647,11,603,33,44,0.9481132075471698,0.9319938176197836,0.9829984544049459,0.9399844115354636
2,2,irregular,3,199,217,18,185,14,32,0.9296482412060302,0.8525345622119815,0.9170506912442397,0.8894230769230769
2,3,regular,1,1053,1053,0,1044,9,9,0.9914529914529915,0.9914529914529915,1.0,0.9914529914529915
2,3,semiregular,1,707,716,9,644,63,72,0.9108910891089109,0.8994413407821229,0.9874301675977654,0.905130007027407
2,3,irregular,1,10,224,214,1,9,223,0.1,0.004464285714285714,0.044642857142857144,0.008547008547008546
2,3,regular,2,1042,1053,11,1036,6,17,0.9942418426103646,0.9838556505223172,0.9895536562203229,0.9890214797136038
2,3,semiregular,2,741,716,25,676,65,40,0.9122807017543859,0.9441340782122905,1.0349162011173185,0.9279341111873712
2,3,irregular,2,171,224,53,161,10,63,0.9415204678362573,0.71875,0.7633928571428571,0.8151898734177215
2,3,regular,3,1046,1053,7,1042,4,11,0.9961759082217974,0.9895536562203229,0.99335232668566,0.9928537398761316
2,3,semiregular,3,709,716,7,662,47,54,0.9337094499294781,0.9245810055865922,0.9902234636871509,0.9291228070175438
2,3,irregular,3,208,224,16,184,24,40,0.8846153846153846,0.8214285714285714,0.9285714285714286,0.8518518518518519
2,4,regular,1,1148,1101,47,1101,47,0,0.9590592334494773,1.0,1.0426884650317894,0.9791018230324587
2,4,semiregular,1,666,614,52,554,112,60,0.8318318318318318,0.9022801302931596,1.0846905537459284,0.865625
2,4,irregular,1,12,228,216,3,9,225,0.25,0.013157894736842105,0.05263157894736842,0.025
2,4,regular,2,1140,1101,39,1101,39,0,0.9657894736842105,1.0,1.0354223433242506,0.9825970548862115
2,4,semiregular,2,654,614,40,583,71,31,0.8914373088685015,0.9495114006514658,1.0651465798045603,0.919558359621451
2,4,irregular,2,184,228,44,172,12,56,0.9347826086956522,0.7543859649122807,0.8070175438596491,0.8349514563106796
2,4,regular,3,1117,1101,16,1101,16,0,0.9856759176365264,1.0,1.0145322434150772,0.9927862939585211
2,4,semiregular,3,628,614,14,572,56,42,0.910828025477707,0.9315960912052117,1.022801302931596,0.9210950080515298
2,4,irregular,3,206,228,22,187,19,41,0.9077669902912622,0.8201754385964912,0.9035087719298246,0.8617511520737328
2,5,regular,1,1049,1044,5,1042,7,2,0.9933269780743565,0.9980842911877394,1.0047892720306513,0.9956999522216914
2,5,semiregular,1,770,668,102,652,118,16,0.8467532467532467,0.9760479041916168,1.152694610778443,0.9068150208623088
2,5,irregular,1,11,217,206,2,9,215,0.18181818181818182,0.009216589861751152,0.05069124423963134,0.017543859649122806
2,5,regular,2,1041,1044,3,1034,7,10,0.9932756964457252,0.9904214559386973,0.9971264367816092,0.9918465227817745
2,5,semiregular,2,748,668,80,648,100,20,0.8663101604278075,0.9700598802395209,1.1197604790419162,0.9152542372881356
2,5,irregular,2,183,217,34,170,13,47,0.9289617486338798,0.783410138248848,0.8433179723502304,0.85
2,5,regular,3,1043,1044,1,1037,6,7,0.9942473633748802,0.9932950191570882,0.9990421455938697,0.9937709631049354
2,5,semiregular,3,697,668,29,629,68,39,0.9024390243902439,0.9416167664670658,1.0434131736526946,0.9216117216117216
2,5,irregular,3,194,217,23,179,15,38,0.9226804123711341,0.8248847926267281,0.8940092165898618,0.8710462287104623
2,6,regular,1,981,915,66,915,66,0,0.9327217125382263,1.0,1.0721311475409836,0.9651898734177216
2,6,semiregular,1,724,701,23,656,68,45,0.9060773480662984,0.9358059914407989,1.0328102710413696,0.920701754385965
2,6,irregular,1,10,195,185,2,8,193,0.2,0.010256410256410256,0.05128205128205128,0.01951219512195122
2,6,regular,2,966,915,51,915,51,0,0.9472049689440993,1.0,1.0557377049180328,0.9728867623604466
2,6,semiregular,2,738,701,37,669,69,32,0.9065040650406504,0.9543509272467903,1.0527817403708988,0.9298123697011813
2,6,irregular,2,151,195,44,118,33,77,0.7814569536423841,0.6051282051282051,0.7743589743589744,0.6820809248554912
2,6,regular,3,948,915,33,912,36,3,0.9620253164556962,0.9967213114754099,1.0360655737704918,0.9790660225442834
2,6,semiregular,3,703,701,2,652,51,49,0.9274537695590327,0.9300998573466477,1.0028530670470757,0.9287749287749287
2,6,irregular,3,192,195,3,171,21,24,0.890625,0.8769230769230769,0.9846153846153847,0.883720930232558
2,7,regular,1,1268,1230,38,1226,42,4,0.9668769716088328,0.9967479674796748,1.0308943089430895,0.9815852682145716
2,7,semiregular,1,539,761,222,463,76,298,0.8589981447124304,0.6084099868593955,0.7082785808147175,0.7123076923076923
2,7,irregular,1,33,225,192,6,27,219,0.18181818181818182,0.02666666666666667,0.14666666666666667,0.04651162790697675
2,7,regular,2,1278,1230,48,1228,50,2,0.9608763693270735,0.9983739837398374,1.0390243902439025,0.9792663476874003
2,7,semiregular,2,767,761,6,679,88,82,0.8852672750977836,0.8922470433639947,1.0078843626806833,0.8887434554973821
2,7,irregular,2,161,225,64,151,10,74,0.937888198757764,0.6711111111111111,0.7155555555555555,0.7823834196891192
2,7,regular,3,1242,1230,12,1228,14,2,0.9887278582930756,0.9983739837398374,1.0097560975609756,0.9935275080906147
2,7,semiregular,3,747,761,14,666,81,95,0.891566265060241,0.8751642575558476,0.9816031537450722,0.883289124668435
2,7,irregular,3,207,225,18,194,13,31,0.9371980676328503,0.8622222222222222,0.92,0.8981481481481483
2,8,regular,1,1063,1035,28,1035,28,0,0.973659454374412,1.0,1.0270531400966183,0.9866539561487131
2,8,semiregular,1,810,827,17,714,96,113,0.8814814814814815,0.8633615477629988,0.9794437726723095,0.872327428222358
2,8,irregular,1,15,243,228,2,13,241,0.13333333333333333,0.00823045267489712,0.06172839506172839,0.01550387596899225
2,8,regular,2,1052,1035,17,1033,19,2,0.9819391634980988,0.9980676328502416,1.0164251207729469,0.9899377096310493
2,8,semiregular,2,855,827,28,778,77,49,0.9099415204678363,0.9407496977025392,1.0338573155985489,0.9250891795481571
2,8,irregular,2,192,243,51,178,14,65,0.9270833333333334,0.7325102880658436,0.7901234567901234,0.8183908045977011
2,8,regular,3,1047,1035,12,1033,14,2,0.9866284622731614,0.9980676328502416,1.0115942028985507,0.9923150816522575
2,8,semiregular,3,824,827,3,763,61,64,0.9259708737864077,0.9226118500604595,0.9963724304715841,0.9242883101150817
2,8,irregular,3,202,243,41,182,20,61,0.900990099009901,0.7489711934156379,0.831275720164609,0.8179775280898877
2,9,regular,1,1099,1107,8,1087,12,20,0.989080982711556,0.98193315266486,0.992773261065944,0.985494106980961
2,9,semiregular,1,612,701,89,572,40,129,0.934640522875817,0.8159771754636234,0.8730385164051355,0.8712871287128713
2,9,irregular,1,14,266,252,5,9,261,0.35714285714285715,0.018796992481203006,0.05263157894736842,0.03571428571428571
2,9,regular,2,1104,1107,3,1093,11,14,0.990036231884058,0.987353206865402,0.997289972899729,0.9886928991406603
2,9,semiregular,2,629,701,72,600,29,101,0.9538950715421304,0.8559201141226819,0.8972895863052782,0.9022556390977443
2,9,irregular,2,205,266,61,194,11,72,0.9463414634146341,0.7293233082706767,0.7706766917293233,0.8237791932059448
2,9,regular,3,1098,1107,9,1090,8,17,0.9927140255009107,0.9846431797651309,0.991869918699187,0.9886621315192744
2,9,semiregular,3,653,701,48,621,32,80,0.9509954058192955,0.8858773181169758,0.9315263908701854,0.9172821270310191
2,9,irregular,3,215,266,51,202,13,64,0.9395348837209302,0.7593984962406015,0.8082706766917294,0.8399168399168399
2,10,regular,1,1082,1014,68,1014,68,0,0.9371534195933456,1.0,1.0670611439842208,0.9675572519083969
2,10,semiregular,1,687,656,31,623,64,33,0.9068413391557496,0.9496951219512195,1.0472560975609757,0.9277736411020103
2,10,irregular,1,10,247,237,1,9,246,0.1,0.004048582995951417,0.04048582995951417,0.007782101167315176
2,10,regular,2,1110,1014,96,1014,96,0,0.9135135135135135,1.0,1.0946745562130178,0.9548022598870056
2,10,semiregular,2,696,656,40,614,82,42,0.882183908045977,0.9359756097560976,1.0609756097560976,0.908284023668639
2,10,irregular,2,197,247,50,188,9,59,0.9543147208121827,0.7611336032388664,0.7975708502024291,0.846846846846847
2,10,regular,3,1059,1014,45,1014,45,0,0.9575070821529745,1.0,1.044378698224852,0.9782923299565847
2,10,semiregular,3,673,656,17,622,51,34,0.924219910846954,0.948170731707317,1.0259146341463414,0.9360421369450715
2,10,irregular,3,220,247,27,197,23,50,0.8954545454545455,0.7975708502024291,0.8906882591093117,0.8436830835117772
2,11,regular,1,1104,1070,34,1070,34,0,0.9692028985507246,1.0,1.0317757009345794,0.9843606255749769
2,11,semiregular,1,765,700,65,662,103,38,0.865359477124183,0.9457142857142857,1.0928571428571427,0.903754266211604
2,11,irregular,1,12,239,227,9,3,230,0.75,0.03765690376569038,0.0502092050209205,0.07171314741035856
2,11,regular,2,1110,1070,40,1070,40,0,0.963963963963964,1.0,1.0373831775700935,0.9816513761467891
2,11,semiregular,2,727,700,27,657,70,43,0.9037138927097662,0.9385714285714286,1.0385714285714285,0.920812894183602
2,11,irregular,2,169,239,70,164,5,75,0.9704142011834319,0.6861924686192469,0.7071129707112971,0.803921568627451
2,11,regular,3,1061,1070,9,1054,7,16,0.9934024505183789,0.9850467289719627,0.991588785046729,0.989206945096199
2,11,semiregular,3,681,700,19,630,51,70,0.9251101321585903,0.9,0.9728571428571429,0.9123823316437365
2,11,irregular,3,196,239,43,181,15,58,0.923469387755102,0.7573221757322176,0.8200836820083682,0.8321839080459771
2,12,regular,1,1048,1007,41,1007,41,0,0.9608778625954199,1.0,1.0407149950347567,0.9800486618004866
2,12,semiregular,1,748,641,107,616,132,25,0.8235294117647058,0.9609984399375975,1.1669266770670828,0.8869690424766019
2,12,irregular,1,11,204,193,1,10,203,0.09090909090909091,0.004901960784313725,0.05392156862745098,0.009302325581395349
2,12,regular,2,1057,1007,50,1007,50,0,0.9526963103122044,1.0,1.0496524329692154,0.9757751937984496
2,12,semiregular,2,707,641,66,597,110,44,0.8444130127298444,0.9313572542901716,1.1029641185647425,0.8857566765578635
2,12,irregular,2,192,204,12,173,19,31,0.9010416666666666,0.8480392156862745,0.9411764705882353,0.8737373737373737
2,12,regular,3,1022,1007,15,1007,15,0,0.9853228962818004,1.0,1.0148957298907646,0.9926071956628881
2,12,semiregular,3,642,641,1,569,73,72,0.8862928348909658,0.8876755070202809,1.001560062402496,0.886983632112237
2,12,irregular,3,207,204,3,186,21,18,0.8985507246376812,0.9117647058823529,1.0147058823529411,0.9051094890510949
2,13,regular,1,1005,1000,5,996,9,4,0.991044776119403,0.996,1.005,0.9935162094763091
2,13,semiregular,1,882,815,67,797,85,18,0.9036281179138322,0.9779141104294479,1.0822085889570552,0.9393046552740131
2,13,irregular,1,18,216,198,3,15,213,0.16666666666666666,0.013888888888888888,0.08333333333333333,0.02564102564102564
2,13,regular,2,1000,1000,0,990,10,10,0.99,0.99,1.0,0.99
2,13,semiregular,2,866,815,51,799,67,16,0.9226327944572749,0.9803680981595092,1.0625766871165645,0.9506246281975015
2,13,irregular,2,189,216,27,172,17,44,0.91005291005291,0.7962962962962963,0.875,0.8493827160493826
2,13,regular,3,1001,1000,1,994,7,6,0.993006993006993,0.994,1.001,0.993503248375812
2,13,semiregular,3,811,815,4,772,39,43,0.9519112207151664,0.947239263803681,0.9950920245398773,0.949569495694957
2,13,irregular,3,205,216,11,191,14,25,0.9317073170731708,0.8842592592592593,0.9490740740740741,0.9073634204275535
2,14,regular,1,1060,1052,8,1052,8,0,0.9924528301886792,1.0,1.0076045627376427,0.9962121212121212
2,14,semiregular,1,892,913,21,832,60,81,0.9327354260089686,0.9112814895947426,0.976998904709748,0.9218836565096953
2,14,irregular,1,10,217,207,3,7,214,0.3,0.013824884792626729,0.04608294930875576,0.026431718061674013
2,14,regular,2,1052,1052,0,1044,8,8,0.9923954372623575,0.9923954372623575,1.0,0.9923954372623575
2,14,semiregular,2,904,913,9,851,53,62,0.9413716814159292,0.932092004381161,0.9901423877327492,0.9367088607594937
2,14,irregular,2,198,217,19,184,14,33,0.9292929292929293,0.847926267281106,0.9124423963133641,0.8867469879518072
2,14,regular,3,1062,1052,10,1052,10,0,0.9905838041431262,1.0,1.0095057034220531,0.9952696310312203
2,14,semiregular,3,883,913,30,835,48,78,0.9456398640996603,0.9145673603504929,0.9671412924424972,0.9298440979955458
2,14,irregular,3,181,217,36,172,9,45,0.9502762430939227,0.7926267281105991,0.8341013824884793,0.864321608040201
2,15,regular,1,990,964,26,964,26,0,0.9737373737373738,1.0,1.0269709543568464,0.9866939611054248
2,15,semiregular,1,802,774,28,734,68,40,0.9152119700748129,0.9483204134366925,1.0361757105943152,0.9314720812182741
2,15,irregular,1,11,218,207,3,8,215,0.2727272727272727,0.013761467889908258,0.05045871559633028,0.026200873362445413
2,15,regular,2,956,964,8,949,7,15,0.9926778242677824,0.9844398340248963,0.991701244813278,0.9885416666666667
2,15,semiregular,2,790,774,16,741,49,33,0.9379746835443038,0.9573643410852714,1.020671834625323,0.9475703324808185
2,15,irregular,2,184,218,34,174,10,44,0.9456521739130435,0.7981651376146789,0.8440366972477065,0.8656716417910448
2,15,regular,3,964,964,0,959,5,5,0.9948132780082988,0.9948132780082988,1.0,0.9948132780082988
2,15,semiregular,3,733,774,41,695,38,79,0.9481582537517054,0.8979328165374677,0.9470284237726099,0.9223623092236232
2,15,irregular,3,198,218,20,185,13,33,0.9343434343434344,0.8486238532110092,0.908256880733945,0.889423076923077
2,16,regular,1,1144,1109,35,1109,35,0,0.9694055944055944,1.0,1.0315599639314699,0.9844651575676875
2,16,semiregular,1,733,681,52,639,94,42,0.8717598908594816,0.9383259911894273,1.0763582966226137,0.9038189533239037
2,16,irregular,1,25,272,247,6,19,266,0.24,0.022058823529411766,0.09191176470588236,0.04040404040404041
2,16,regular,2,1151,1109,42,1109,42,0,0.9635099913119027,1.0,1.0378719567177637,0.9814159292035398
2,16,semiregular,2,693,681,12,621,72,60,0.8961038961038961,0.9118942731277533,1.0176211453744493,0.9039301310043668
2,16,irregular,2,203,272,69,194,9,78,0.9556650246305419,0.7132352941176471,0.7463235294117647,0.8168421052631579
2,16,regular,3,1113,1109,4,1100,13,9,0.9883198562443846,0.9918845807033363,1.0036068530207394,0.9900990099009902
2,16,semiregular,3,655,681,26,601,54,80,0.917557251908397,0.882525697503671,0.9618208516886931,0.8997005988023953
2,16,irregular,3,195,272,77,189,6,83,0.9692307692307692,0.6948529411764706,0.7169117647058824,0.8094218415417558
2,17,regular,1,1059,1029,30,1029,30,0,0.9716713881019831,1.0,1.0291545189504374,0.985632183908046
2,17,semiregular,1,875,837,38,789,86,48,0.9017142857142857,0.942652329749104,1.045400238948626,0.9217289719626168
2,17,irregular,1,31,240,209,5,26,235,0.16129032258064516,0.020833333333333332,0.12916666666666668,0.03690036900369003
2,17,regular,2,1042,1029,13,1026,16,3,0.9846449136276392,0.9970845481049563,1.0126336248785228,0.9908256880733946
2,17,semiregular,2,862,837,25,789,73,48,0.9153132250580046,0.942652329749104,1.0298685782556751,0.9287816362566215
2,17,irregular,2,193,240,47,175,18,65,0.9067357512953368,0.7291666666666666,0.8041666666666667,0.8083140877598152
2,17,regular,3,1041,1029,12,1029,12,0,0.9884726224783862,1.0,1.0116618075801749,0.9942028985507246
2,17,semiregular,3,812,837,25,758,54,79,0.9334975369458128,0.9056152927120669,0.970131421744325,0.9193450576106731
2,17,irregular,3,205,240,35,187,18,53,0.9121951219512195,0.7791666666666667,0.8541666666666666,0.8404494382022473
2,18,regular,1,1085,1044,41,1043,42,1,0.9612903225806452,0.9990421455938697,1.039272030651341,0.9798027242837013
2,18,semiregular,1,842,801,41,775,67,26,0.9204275534441805,0.9675405742821473,1.0511860174781522,0.9433962264150944
2,18,irregular,1,24,252,228,4,20,248,0.16666666666666666,0.015873015873015872,0.09523809523809523,0.028985507246376812
2,18,regular,2,1057,1044,13,1043,14,1,0.9867549668874173,0.9990421455938697,1.0124521072796935,0.9928605425987626
2,18,semiregular,2,832,801,31,776,56,25,0.9326923076923077,0.968789013732834,1.038701622971286,0.9503980404164115
2,18,irregular,2,198,252,54,185,13,67,0.9343434343434344,0.7341269841269841,0.7857142857142857,0.8222222222222222
2,18,regular,3,1050,1044,6,1042,8,2,0.9923809523809524,0.9980842911877394,1.0057471264367817,0.9952244508118434
2,18,semiregular,3,798,801,3,754,44,47,0.9448621553884712,0.9413233458177278,0.9962546816479401,0.943089430894309
2,18,irregular,3,233,252,19,213,20,39,0.9141630901287554,0.8452380952380952,0.9246031746031746,0.8783505154639175
2,19,regular,1,1114,1076,38,1074,40,2,0.9640933572710951,0.9981412639405205,1.0353159851301115,0.9808219178082193
2,19,semiregular,1,767,753,14,702,65,51,0.9152542372881356,0.9322709163346613,1.0185922974767596,0.9236842105263158
2,19,irregular,1,8,245,237,1,7,244,0.125,0.004081632653061225,0.0326530612244898,0.00790513833992095
2,19,regular,2,1090,1076,14,1074,16,2,0.9853211009174312,0.9981412639405205,1.013011152416357,0.9916897506925207
2,19,semiregular,2,753,753,0,709,44,44,0.9415670650730412,0.9415670650730412,1.0,0.9415670650730412
2,19,irregular,2,210,245,35,191,19,54,0.9095238095238095,0.7795918367346939,0.8571428571428571,0.8395604395604396
2,19,regular,3,1081,1076,5,1072,9,4,0.9916743755781684,0.9962825278810409,1.004646840148699,0.9939731108020399
2,19,semiregular,3,712,753,41,676,36,77,0.949438202247191,0.897742363877822,0.9455511288180611,0.9228668941979522
2,19,irregular,3,211,245,34,190,21,55,0.9004739336492891,0.7755102040816326,0.8612244897959184,0.8333333333333333
2,20,regular,1,1191,1251,60,1181,10,70,0.9916036943744753,0.9440447641886491,0.9520383693045563,0.9672399672399673
2,20,semiregular,1,893,841,52,771,122,70,0.8633818589025756,0.9167657550535078,1.0618311533888227,0.8892733564013842
2,20,irregular,1,11,252,241,2,9,250,0.18181818181818182,0.007936507936507936,0.04365079365079365,0.015209125475285171
2,20,regular,2,1205,1251,46,1194,11,57,0.9908713692946058,0.9544364508393285,0.9632294164668266,0.9723127035830619
2,20,semiregular,2,806,841,35,724,82,117,0.8982630272952854,0.8608799048751486,0.9583828775267539,0.8791742562234366
2,20,irregular,2,208,252,44,190,18,62,0.9134615384615384,0.753968253968254,0.8253968253968254,0.8260869565217392
2,20,regular,3,1184,1251,67,1175,9,76,0.9923986486486487,0.9392486011191047,0.9464428457234213,0.9650924024640656
2,20,semiregular,3,819,841,22,740,79,101,0.9035409035409036,0.8799048751486326,0.9738406658739596,0.8915662650602411
2,20,irregular,3,212,252,40,190,22,62,0.8962264150943396,0.753968253968254,0.8412698412698413,0.8189655172413793
2,21,regular,1,966,920,46,920,46,0,0.9523809523809523,1.0,1.05,0.975609756097561
2,21,semiregular,1,637,549,88,512,125,37,0.8037676609105181,0.9326047358834244,1.1602914389799637,0.8634064080944351
2,21,irregular,1,13,204,191,3,10,201,0.23076923076923078,0.014705882352941176,0.06372549019607843,0.027649769585253454
2,21,regular,2,936,920,16,920,16,0,0.9829059829059829,1.0,1.017391304347826,0.9913793103448275
2,21,semiregular,2,630,549,81,526,104,23,0.834920634920635,0.9581056466302368,1.1475409836065573,0.892281594571671
2,21,irregular,2,172,204,32,165,7,39,0.9593023255813954,0.8088235294117647,0.8431372549019608,0.8776595744680851
2,21,regular,3,922,920,2,915,7,5,0.9924078091106291,0.9945652173913043,1.0021739130434784,0.993485342019544
2,21,semiregular,3,595,549,46,510,85,39,0.8571428571428571,0.9289617486338798,1.0837887067395264,0.8916083916083916
2,21,irregular,3,198,204,6,188,10,16,0.9494949494949495,0.9215686274509803,0.9705882352941176,0.9353233830845771
2,22,regular,1,1009,946,63,946,63,0,0.9375619425173439,1.0,1.0665961945031712,0.9677749360613811
2,22,semiregular,1,776,703,73,671,105,32,0.8646907216494846,0.9544807965860598,1.1038406827880511,0.90736984448952
2,22,irregular,1,11,247,236,0,11,247,-1,-1,0.044534412955465584,-1
2,22,regular,2,970,946,24,943,27,3,0.9721649484536082,0.9968287526427061,1.025369978858351,0.9843423799582464
2,22,semiregular,2,741,703,38,663,78,40,0.8947368421052632,0.9431009957325747,1.054054054054054,0.9182825484764543
2,22,irregular,2,169,247,78,158,11,89,0.9349112426035503,0.6396761133603239,0.6842105263157895,0.7596153846153847
2,22,regular,3,965,946,19,944,21,2,0.9782383419689119,0.9978858350951374,1.0200845665961944,0.9879644165358451
2,22,semiregular,3,696,703,7,639,57,64,0.9181034482758621,0.9089615931721194,0.9900426742532006,0.9135096497498213
2,22,irregular,3,222,247,25,193,29,54,0.8693693693693694,0.7813765182186235,0.8987854251012146,0.8230277185501066
2,23,regular,1,1035,999,36,987,48,12,0.9536231884057971,0.987987987987988,1.0360360360360361,0.9705014749262537
2,23,semiregular,1,885,835,50,782,103,53,0.8836158192090395,0.9365269461077844,1.0598802395209581,0.9093023255813953
2,23,irregular,1,44,266,222,6,38,260,0.13636363636363635,0.022556390977443608,0.16541353383458646,0.038709677419354833
2,23,regular,2,1048,999,49,998,50,1,0.9522900763358778,0.998998998998999,1.049049049049049,0.975085490962384
2,23,semiregular,2,828,835,7,763,65,72,0.9214975845410628,0.9137724550898204,0.9916167664670659,0.9176187612748047
2,23,irregular,2,211,266,55,190,21,76,0.9004739336492891,0.7142857142857143,0.793233082706767,0.7966457023060797
2,23,regular,3,1040,999,41,996,44,3,0.9576923076923077,0.996996996996997,1.0410410410410411,0.9769494850416872
2,23,semiregular,3,836,835,1,768,68,67,0.9186602870813397,0.9197604790419162,1.0011976047904192,0.9192100538599641
2,23,irregular,3,219,266,47,198,21,68,0.9041095890410958,0.7443609022556391,0.8233082706766918,0.8164948453608247
2,24,regular,1,1102,1079,23,1079,23,0,0.9791288566243194,1.0,1.0213160333642262,0.9894543787253554
2,24,semiregular,1,675,680,5,607,68,73,0.8992592592592593,0.8926470588235295,0.9926470588235294,0.8959409594095942
2,24,irregular,1,15,247,232,4,11,243,0.26666666666666666,0.016194331983805668,0.06072874493927125,0.03053435114503817
2,24,regular,2,1091,1079,12,1076,15,3,0.9862511457378552,0.9972196478220574,1.0111214087117701,0.991705069124424
2,24,semiregular,2,654,680,26,620,34,60,0.9480122324159022,0.9117647058823529,0.961764705882353,0.929535232383808
2,24,irregular,2,202,247,45,194,8,53,0.9603960396039604,0.7854251012145749,0.8178137651821862,0.8641425389755011
2,24,regular,3,1074,1079,5,1063,11,16,0.9897579143389199,0.9851714550509731,0.995366079703429,0.9874593590339061
2,24,semiregular,3,663,680,17,631,32,49,0.951734539969834,0.9279411764705883,0.975,0.9396872673119882
2,24,irregular,3,226,247,21,212,14,35,0.9380530973451328,0.8582995951417004,0.9149797570850202,0.8964059196617337
2,25,regular,1,972,946,26,946,26,0,0.9732510288065843,1.0,1.0274841437632136,0.986444212721585
2,25,semiregular,1,731,718,13,658,73,60,0.9001367989056087,0.9164345403899722,1.0181058495821727,0.9082125603864735
2,25,irregular,1,18,207,189,4,14,203,0.2222222222222222,0.01932367149758454,0.08695652173913043,0.035555555555555556
2,25,regular,2,943,946,3,936,7,10,0.9925768822905621,0.9894291754756871,0.9968287526427061,0.9910005293806247
2,25,semiregular,2,744,718,26,681,63,37,0.9153225806451613,0.9484679665738162,1.0362116991643453,0.9316005471956224
2,25,irregular,2,151,207,56,137,14,70,0.9072847682119205,0.6618357487922706,0.7294685990338164,0.7653631284916201
2,25,regular,3,947,946,1,941,6,5,0.9936642027455121,0.9947145877378436,1.0010570824524312,0.9941891178024301
2,25,semiregular,3,725,718,7,671,54,47,0.9255172413793104,0.9345403899721448,1.00974930362117,0.93000693000693
2,25,irregular,3,164,207,43,147,17,60,0.8963414634146342,0.7101449275362319,0.7922705314009661,0.7924528301886792
2,26,regular,1,1086,985,101,985,101,0,0.9069981583793738,1.0,1.1025380710659898,0.951231289232255
2,26,semiregular,1,801,720,81,688,113,32,0.8589263420724095,0.9555555555555556,1.1125,0.9046679815910584
2,26,irregular,1,13,214,201,4,9,210,0.3076923076923077,0.018691588785046728,0.06074766355140187,0.035242290748898675
2,26,regular,2,1065,985,80,985,80,0,0.9248826291079812,1.0,1.0812182741116751,0.9609756097560975
2,26,semiregular,2,761,720,41,684,77,36,0.8988173455978975,0.95,1.0569444444444445,0.923700202565834
2,26,irregular,2,145,214,69,122,23,92,0.8413793103448276,0.5700934579439252,0.677570093457944,0.6796657381615597
2,26,regular,3,1104,985,119,985,119,0,0.8922101449275363,1.0,1.1208121827411168,0.9430349449497368
2,26,semiregular,3,711,720,9,655,56,65,0.9212376933895922,0.9097222222222222,0.9875,0.9154437456324248
2,26,irregular,3,216,214,2,186,30,28,0.8611111111111112,0.8691588785046729,1.0093457943925233,0.8651162790697675
2,27,regular,1,1173,1166,7,1160,13,6,0.9889173060528559,0.9948542024013722,1.0060034305317325,0.9918768704574605
2,27,semiregular,1,716,728,12,643,73,85,0.8980446927374302,0.8832417582417582,0.9835164835164835,0.8905817174515235
2,27,irregular,1,15,270,255,4,11,266,0.26666666666666666,0.014814814814814815,0.05555555555555555,0.028070175438596492
2,27,regular,2,1173,1166,7,1162,11,4,0.9906223358908781,0.9965694682675815,1.0060034305317325,0.993587002992732
2,27,semiregular,2,730,728,2,670,60,58,0.9178082191780822,0.9203296703296703,1.0027472527472527,0.9190672153635115
2,27,irregular,2,224,270,46,205,19,65,0.9151785714285714,0.7592592592592593,0.8296296296296296,0.8299595141700405
2,27,regular,3,1166,1166,0,1157,9,9,0.9922813036020584,0.9922813036020584,1.0,0.9922813036020584
2,27,semiregular,3,709,728,19,661,48,67,0.9322990126939351,0.907967032967033,0.9739010989010989,0.9199721642310369
2,27,irregular,3,231,270,39,210,21,60,0.9090909090909091,0.7777777777777778,0.8555555555555555,0.8383233532934132
2,28,regular,1,1117,1098,19,1094,23,4,0.9794091316025068,0.9963570127504554,1.017304189435337,0.9878103837471783
2,28,semiregular,1,898,859,39,810,88,49,0.9020044543429844,0.9429569266589057,1.0454016298020954,0.9220261809903244
2,28,irregular,1,21,293,272,3,18,290,0.14285714285714285,0.010238907849829351,0.07167235494880546,0.019108280254777073
2,28,regular,2,1125,1098,27,1098,27,0,0.976,1.0,1.0245901639344261,0.9878542510121457
2,28,semiregular,2,833,859,26,775,58,84,0.9303721488595438,0.9022118742724098,0.969732246798603,0.9160756501182034
2,28,irregular,2,194,293,99,178,16,115,0.9175257731958762,0.6075085324232082,0.6621160409556314,0.7310061601642711
2,28,regular,3,1117,1098,19,1097,20,1,0.982094897045658,0.9990892531876139,1.017304189435337,0.9905191873589164
2,28,semiregular,3,857,859,2,815,42,44,0.9509918319719953,0.9487776484284052,0.9976717112922002,0.94988344988345
2,28,irregular,3,219,293,74,195,24,98,0.8904109589041096,0.6655290102389079,0.7474402730375427,0.7617187500000001
2,29,regular,1,1161,1140,21,1140,21,0,0.9819121447028424,1.0,1.018421052631579,0.9908735332464146
2,29,semiregular,1,961,869,92,836,125,33,0.8699271592091571,0.9620253164556962,1.1058688147295743,0.9136612021857923
2,29,irregular,1,13,247,234,3,10,244,0.23076923076923078,0.012145748987854251,0.05263157894736842,0.023076923076923078
2,29,regular,2,1147,1140,7,1137,10,3,0.99128160418483,0.9973684210526316,1.006140350877193,0.9943156974202011
2,29,semiregular,2,981,869,112,849,132,20,0.8654434250764526,0.9769850402761795,1.1288837744533946,0.9178378378378379
2,29,irregular,2,217,247,30,202,15,45,0.9308755760368663,0.8178137651821862,0.8785425101214575,0.8706896551724138
2,29,regular,3,1125,1140,15,1119,6,21,0.9946666666666667,0.9815789473684211,0.9868421052631579,0.9880794701986756
2,29,semiregular,3,890,869,21,799,91,70,0.8977528089887641,0.9194476409666283,1.0241657077100115,0.908470722001137
2,29,irregular,3,231,247,16,213,18,34,0.922077922077922,0.8623481781376519,0.9352226720647774,0.8912133891213389
2,30,regular,1,1012,997,15,997,15,0,0.9851778656126482,1.0,1.0150451354062187,0.9925335988053758
2,30,semiregular,1,821,810,11,749,72,61,0.9123020706455542,0.9246913580246914,1.0135802469135802,0.9184549356223176
2,30,irregular,1,21,250,229,3,18,247,0.14285714285714285,0.012,0.084,0.02214022140221402
2,30,regular,2,996,997,1,989,7,8,0.9929718875502008,0.9919759277833501,0.9989969909729187,0.9924736578023081
2,30,semiregular,2,832,810,22,768,64,42,0.9230769230769231,0.9481481481481482,1.0271604938271606,0.9354445797807552
2,30,irregular,2,188,250,62,171,17,79,0.9095744680851063,0.684,0.752,0.7808219178082192
2,30,regular,3,1003,997,6,997,6,0,0.9940179461615155,1.0,1.0060180541624875,0.997
2,30,semiregular,3,798,810,12,747,51,63,0.9360902255639098,0.9222222222222223,0.9851851851851852,0.9291044776119405
2,30,irregular,3,213,250,37,194,19,56,0.9107981220657277,0.776,0.852,0.838012958963283
3,1,regular,1,985,937,48,926,59,11,0.9401015228426396,0.9882604055496265,1.0512273212379937,0.963579604578564
3,1,semiregular,1,776,703,73,657,119,46,0.8466494845360825,0.9345661450924608,1.1038406827880511,0.8884381338742393
3,1,irregular,1,85,199,114,75,10,124,0.8823529411764706,0.3768844221105528,0.4271356783919598,0.5281690140845071
3,1,regular,2,1010,937,73,937,73,0,0.9277227722772278,1.0,1.0779082177161152,0.9625064201335388
3,1,semiregular,2,773,703,70,663,110,40,0.8576972833117723,0.9431009957325747,1.0995732574679944,0.8983739837398373
3,1,irregular,2,159,199,40,149,10,50,0.9371069182389937,0.7487437185929648,0.7989949748743719,0.8324022346368716
3,1,regular,3,1008,937,71,937,71,0,0.9295634920634921,1.0,1.0757737459978656,0.963496143958869
3,1,semiregular,3,740,703,37,655,85,48,0.8851351351351351,0.9317211948790897,1.0526315789473684,0.9078309078309077
3,1,irregular,3,175,199,24,159,16,40,0.9085714285714286,0.7989949748743719,0.8793969849246231,0.8502673796791445
3,2,regular,1,1232,1224,8,1212,20,12,0.9837662337662337,0.9901960784313726,1.0065359477124183,0.986970684039088
3,2,semiregular,1,608,647,39,574,34,73,0.944078947368421,0.8871715610510046,0.9397217928902627,0.9147410358565737
3,2,irregular,1,75,217,142,64,11,153,0.8533333333333334,0.29493087557603687,0.3456221198156682,0.4383561643835616
3,2,regular,2,1232,1224,8,1214,18,10,0.9853896103896104,0.9918300653594772,1.0065359477124183,0.988599348534202
3,2,semiregular,2,636,647,11,603,33,44,0.9481132075471698,0.9319938176197836,0.9829984544049459,0.9399844115354636
3,2,irregular,2,162,217,55,152,10,65,0.9382716049382716,0.7004608294930875,0.7465437788018433,0.8021108179419526
3,2,regular,3,1248,1224,24,1220,28,4,0.9775641025641025,0.9967320261437909,1.0196078431372548,0.9870550161812297
3,2,semiregular,3,659,647,12,622,37,25,0.9438543247344461,0.9613601236476044,1.01854714064915,0.9525267993874426
3,2,irregular,3,187,217,30,175,12,42,0.9358288770053476,0.8064516129032258,0.8617511520737328,0.8663366336633663
3,3,regular,1,1047,1053,6,1040,7,13,0.9933142311365807,0.9876543209876543,0.9943019943019943,0.9904761904761904
3,3,semiregular,1,730,716,14,668,62,48,0.915068493150685,0.9329608938547486,1.0195530726256983,0.9239280774550485
3,3,irregular,1,98,224,126,93,5,131,0.9489795918367347,0.41517857142857145,0.4375,0.5776397515527951
3,3,regular,2,1045,1053,8,1039,6,14,0.9942583732057416,0.9867046533713201,0.9924026590693258,0.990467111534795
3,3,semiregular,2,735,716,19,679,56,37,0.9238095238095239,0.9483240223463687,1.026536312849162,0.9359062715368712
3,3,irregular,2,167,224,57,159,8,65,0.9520958083832335,0.7098214285714286,0.7455357142857143,0.8132992327365729
3,3,regular,3,1053,1053,0,1044,9,9,0.9914529914529915,0.9914529914529915,1.0,0.9914529914529915
3,3,semiregular,3,731,716,15,678,53,38,0.9274965800273598,0.946927374301676,1.020949720670391,0.9371112646855563
3,3,irregular,3,194,224,30,181,13,43,0.9329896907216495,0.8080357142857143,0.8660714285714286,0.8660287081339714
3,4,regular,1,1127,1101,26,1101,26,0,0.976929902395741,1.0,1.0236148955495004,0.9883303411131059
3,4,semiregular,1,664,614,50,543,121,71,0.8177710843373494,0.8843648208469055,1.0814332247557004,0.8497652582159624
3,4,irregular,1,40,228,188,30,10,198,0.75,0.13157894736842105,0.17543859649122806,0.22388059701492538
3,4,regular,2,1111,1101,10,1095,16,6,0.9855985598559855,0.9945504087193461,1.0090826521344232,0.9900542495479204
3,4,semiregular,2,633,614,19,579,54,35,0.9146919431279621,0.9429967426710097,1.0309446254071661,0.9286287089013632
3,4,irregular,2,159,228,69,150,9,78,0.9433962264150944,0.6578947368421053,0.6973684210526315,0.7751937984496124
3,4,regular,3,1128,1101,27,1101,27,0,0.976063829787234,1.0,1.0245231607629428,0.9878869448183042
3,4,semiregular,3,617,614,3,567,50,47,0.9189627228525121,0.9234527687296417,1.004885993485342,0.9212022745735174
3,4,irregular,3,196,228,32,178,18,50,0.9081632653061225,0.7807017543859649,0.8596491228070176,0.8396226415094339
3,5,regular,1,1045,1044,1,1039,6,5,0.9942583732057416,0.9952107279693486,1.0009578544061302,0.9947343226424126
3,5,semiregular,1,773,668,105,650,123,18,0.8408796895213454,0.9730538922155688,1.157185628742515,0.9021512838306731
3,5,irregular,1,56,217,161,47,9,170,0.8392857142857143,0.21658986175115208,0.25806451612903225,0.3443223443223443
3,5,regular,2,1049,1044,5,1041,8,3,0.9923736892278361,0.9971264367816092,1.0047892720306513,0.9947443860487339
3,5,semiregular,2,735,668,67,641,94,27,0.8721088435374149,0.9595808383233533,1.1002994011976048,0.9137562366357804
3,5,irregular,2,166,217,51,160,6,57,0.963855421686747,0.7373271889400922,0.7649769585253456,0.8355091383812011
3,5,regular,3,1056,1044,12,1044,12,0,0.9886363636363636,1.0,1.0114942528735633,0.9942857142857142
3,5,semiregular,3,706,668,38,636,70,32,0.9008498583569405,0.9520958083832335,1.0568862275449102,0.9257641921397379
3,5,irregular,3,182,217,35,166,16,51,0.9120879120879121,0.7649769585253456,0.8387096774193549,0.8320802005012532
3,6,regular,1,961,915,46,914,47,1,0.951092611862643,0.9989071038251366,1.0502732240437158,0.974413646055437
3,6,semiregular,1,726,701,25,664,62,37,0.9146005509641874,0.9472182596291013,1.035663338088445,0.9306236860546602
3,6,irregular,1,42,195,153,20,22,175,0.47619047619047616,0.10256410256410256,0.2153846153846154,0.16877637130801687
3,6,regular,2,967,915,52,915,52,0,0.9462254395036195,1.0,1.0568306010928963,0.9723698193411265
3,6,semiregular,2,732,701,31,677,55,24,0.924863387978142,0.9657631954350927,1.0442225392296718,0.944870900209351
3,6,irregular,2,131,195,64,99,32,96,0.7557251908396947,0.5076923076923077,0.6717948717948717,0.607361963190184
3,6,regular,3,958,915,43,915,43,0,0.9551148225469729,1.0,1.0469945355191257,0.9770421783235452
3,6,semiregular,3,712,701,11,672,40,29,0.9438202247191011,0.9586305278174037,1.0156918687589158,0.9511677282377919
3,6,irregular,3,177,195,18,160,17,35,0.903954802259887,0.8205128205128205,0.9076923076923077,0.860215053763441
3,7,regular,1,1273,1230,43,1228,45,2,0.9646504320502749,0.9983739837398374,1.034959349593496,0.9812225329604474
3,7,semiregular,1,815,761,54,712,103,49,0.8736196319018404,0.9356110381077529,1.0709592641261498,0.9035532994923857
3,7,irregular,1,0,225,225,0,0,225,-1,-1,0.0,-1
3,7,regular,2,1276,1230,46,1230,46,0,0.9639498432601881,1.0,1.0373983739837398,0.9816440542697525
3,7,semiregular,2,756,761,5,674,82,87,0.8915343915343915,0.885676741130092,0.9934296977660972,0.8885959129861569
3,7,irregular,2,137,225,88,136,1,89,0.9927007299270073,0.6044444444444445,0.6088888888888889,0.7513812154696132
3,7,regular,3,1260,1230,30,1230,30,0,0.9761904761904762,1.0,1.024390243902439,0.9879518072289156
3,7,semiregular,3,784,761,23,703,81,58,0.8966836734693877,0.923784494086728,1.0302233902759528,0.910032362459547
3,7,irregular,3,198,225,27,184,14,41,0.9292929292929293,0.8177777777777778,0.88,0.8699763593380615
3,8,regular,1,1059,1035,24,1034,25,1,0.9763928234183191,0.9990338164251208,1.0231884057971015,0.9875835721107927
3,8,semiregular,1,855,827,28,758,97,69,0.8865497076023392,0.9165659008464329,1.0338573155985489,0.901307966706302
3,8,irregular,1,70,243,173,63,7,180,0.9,0.25925925925925924,0.2880658436213992,0.402555910543131
3,8,regular,2,1051,1035,16,1033,18,2,0.9828734538534729,0.9980676328502416,1.0154589371980676,0.9904122722914669
3,8,semiregular,2,836,827,9,773,63,54,0.9246411483253588,0.9347037484885127,1.0108827085852479,0.9296452194828622
3,8,irregular,2,170,243,73,160,10,83,0.9411764705882353,0.6584362139917695,0.6995884773662552,0.774818401937046
3,8,regular,3,1056,1035,21,1034,22,1,0.9791666666666666,0.9990338164251208,1.0202898550724637,0.9890004782400765
3,8,semiregular,3,847,827,20,777,70,50,0.9173553719008265,0.939540507859734,1.0241837968561065,0.9283154121863799
3,8,irregular,3,198,243,45,176,22,67,0.8888888888888888,0.7242798353909465,0.8148148148148148,0.7981859410430838
3,9,regular,1,1095,1107,12,1085,10,22,0.9908675799086758,0.980126467931346,0.989159891598916,0.9854677565849227
3,9,semiregular,1,651,701,50,612,39,89,0.9400921658986175,0.8730385164051355,0.9286733238231099,0.9053254437869822
3,9,irregular,1,63,266,203,59,4,207,0.9365079365079365,0.22180451127819548,0.23684210526315788,0.3586626139817629
3,9,regular,2,1112,1107,5,1101,11,6,0.9901079136690647,0.994579945799458,1.004516711833785,0.9923388913925192
3,9,semiregular,2,635,701,66,609,26,92,0.9590551181102362,0.8687589158345221,0.905848787446505,0.9116766467065868
3,9,irregular,2,193,266,73,186,7,80,0.9637305699481865,0.6992481203007519,0.7255639097744361,0.8104575163398693
3,9,regular,3,1107,1107,0,1095,12,12,0.989159891598916,0.989159891598916,1.0,0.989159891598916
3,9,semiregular,3,701,701,0,673,28,28,0.9600570613409415,0.9600570613409415,1.0,0.9600570613409415
3,9,irregular,3,210,266,56,195,15,71,0.9285714285714286,0.7330827067669173,0.7894736842105263,0.8193277310924371
3,10,regular,1,1088,1014,74,1014,74,0,0.9319852941176471,1.0,1.0729783037475344,0.9647954329210275
3,10,semiregular,1,703,656,47,636,67,20,0.9046941678520626,0.9695121951219512,1.0716463414634145,0.9359823399558499
3,10,irregular,1,105,247,142,90,15,157,0.8571428571428571,0.3643724696356275,0.4251012145748988,0.5113636363636364
3,10,regular,2,1068,1014,54,1014,54,0,0.949438202247191,1.0,1.0532544378698225,0.9740634005763689
3,10,semiregular,2,677,656,21,625,52,31,0.9231905465288035,0.9527439024390244,1.0320121951219512,0.9377344336084021
3,10,irregular,2,175,247,72,171,4,76,0.9771428571428571,0.6923076923076923,0.708502024291498,0.8104265402843602
3,10,regular,3,1070,1014,56,1014,56,0,0.9476635514018692,1.0,1.0552268244575937,0.9731285988483686
3,10,semiregular,3,670,656,14,625,45,31,0.9328358208955224,0.9527439024390244,1.021341463414634,0.9426847662141781
3,10,irregular,3,207,247,40,193,14,54,0.9323671497584541,0.7813765182186235,0.8380566801619433,0.8502202643171807
3,11,regular,1,1083,1070,13,1070,13,0,0.9879963065558633,1.0,1.0121495327102803,0.9939619136089178
3,11,semiregular,1,770,700,70,665,105,35,0.8636363636363636,0.95,1.1,0.9047619047619048
3,11,irregular,1,80,239,159,72,8,167,0.9,0.301255230125523,0.33472803347280333,0.45141065830721006
3,11,regular,2,1090,1070,20,1070,20,0,0.981651376146789,1.0,1.0186915887850467,0.9907407407407407
3,11,semiregular,2,720,700,20,660,60,40,0.9166666666666666,0.9428571428571428,1.0285714285714285,0.9295774647887323
3,11,irregular,2,172,239,67,168,4,71,0.9767441860465116,0.702928870292887,0.7196652719665272,0.8175182481751824
3,11,regular,3,1083,1070,13,1070,13,0,0.9879963065558633,1.0,1.0121495327102803,0.9939619136089178
3,11,semiregular,3,705,700,5,650,55,50,0.9219858156028369,0.9285714285714286,1.0071428571428571,0.9252669039145908
3,11,irregular,3,192,239,47,176,16,63,0.9166666666666666,0.7364016736401674,0.803347280334728,0.8167053364269141
3,12,regular,1,1029,1007,22,1007,22,0,0.9786200194363459,1.0,1.0218470705064548,0.9891944990176817
3,12,semiregular,1,747,641,106,619,128,22,0.8286479250334672,0.9656786271450858,1.1653666146645867,0.8919308357348703
3,12,irregular,1,124,204,80,102,22,102,0.8225806451612904,0.5,0.6078431372549019,0.6219512195121951
3,12,regular,2,1043,1007,36,1007,36,0,0.965484180249281,1.0,1.0357497517378351,0.982439024390244
3,12,semiregular,2,690,641,49,602,88,39,0.8724637681159421,0.9391575663026521,1.076443057722309,0.9045830202854996
3,12,irregular,2,180,204,24,165,15,39,0.9166666666666666,0.8088235294117647,0.8823529411764706,0.859375
3,12,regular,3,1027,1007,20,1007,20,0,0.9805258033106135,1.0,1.0198609731876862,0.9901671583087512
3,12,semiregular,3,660,641,19,598,62,43,0.906060606060606,0.9329173166926678,1.029641185647426,0.919292851652575
3,12,irregular,3,192,204,12,173,19,31,0.9010416666666666,0.8480392156862745,0.9411764705882353,0.8737373737373737
3,13,regular,1,986,1000,14,979,7,21,0.9929006085192698,0.979,0.986,0.985901309164149
3,13,semiregular,1,854,815,39,774,80,41,0.9063231850117096,0.9496932515337423,1.0478527607361963,0.9275014979029359
3,13,irregular,1,101,216,115,75,26,141,0.7425742574257426,0.3472222222222222,0.4675925925925926,0.47318611987381703
3,13,regular,2,995,1000,5,986,9,14,0.9909547738693467,0.986,0.995,0.9884711779448622
3,13,semiregular,2,848,815,33,793,55,22,0.9351415094339622,0.9730061349693252,1.0404907975460123,0.9536981358989778
3,13,irregular,2,161,216,55,147,14,69,0.9130434782608695,0.6805555555555556,0.7453703703703703,0.7798408488063661
3,13,regular,3,1040,1000,40,1000,40,0,0.9615384615384616,1.0,1.04,0.9803921568627451
3,13,semiregular,3,840,815,25,793,47,22,0.944047619047619,0.9730061349693252,1.030674846625767,0.958308157099698
3,13,irregular,3,191,216,25,181,10,35,0.9476439790575916,0.8379629629629629,0.8842592592592593,0.8894348894348894
3,14,regular,1,1056,1052,4,1048,8,4,0.9924242424242424,0.9961977186311787,1.0038022813688212,0.9943074003795065
3,14,semiregular,1,902,913,11,848,54,65,0.9401330376940134,0.9288061336254108,0.9879518072289156,0.9344352617079891
3,14,irregular,1,78,217,139,67,11,150,0.8589743589743589,0.3087557603686636,0.35944700460829493,0.4542372881355932
3,14,regular,2,1053,1052,1,1046,7,6,0.99335232668566,0.9942965779467681,1.0009505703422052,0.9938242280285035
3,14,semiregular,2,924,913,11,871,53,42,0.9426406926406926,0.9539978094194962,1.0120481927710843,0.9482852476864453
3,14,irregular,2,183,217,34,177,6,40,0.9672131147540983,0.815668202764977,0.8433179723502304,0.885
3,14,regular,3,1069,1052,17,1052,17,0,0.9840972871842844,1.0,1.0161596958174905,0.991984912776992
3,14,semiregular,3,910,913,3,856,54,57,0.9406593406593406,0.9375684556407448,0.9967141292442497,0.9391113549094899
3,14,irregular,3,177,217,40,164,13,53,0.9265536723163842,0.7557603686635944,0.815668202764977,0.83248730964467
3,15,regular,1,981,964,17,964,17,0,0.9826707441386341,1.0,1.0176348547717842,0.9912596401028279
3,15,semiregular,1,839,774,65,754,85,20,0.8986889153754469,0.9741602067183462,1.0839793281653747,0.934903905765654
3,15,irregular,1,129,218,89,113,16,105,0.875968992248062,0.518348623853211,0.591743119266055,0.6512968299711815
3,15,regular,2,956,964,8,949,7,15,0.9926778242677824,0.9844398340248963,0.991701244813278,0.9885416666666667
3,15,semiregular,2,772,774,2,730,42,44,0.9455958549222798,0.9431524547803618,0.9974160206718347,0.944372574385511
3,15,irregular,2,146,218,72,142,4,76,0.9726027397260274,0.6513761467889908,0.6697247706422018,0.7802197802197802
3,15,regular,3,971,964,7,964,7,0,0.9927909371781668,1.0,1.0072614107883817,0.9963824289405684
3,15,semiregular,3,756,774,18,715,41,59,0.9457671957671958,0.9237726098191215,0.9767441860465116,0.934640522875817
3,15,irregular,3,188,218,30,175,13,43,0.9308510638297872,0.8027522935779816,0.8623853211009175,0.8620689655172414
3,16,regular,1,1159,1109,50,1109,50,0,0.9568593615185504,1.0,1.0450856627592426,0.9779541446208113
3,16,semiregular,1,616,681,65,542,74,139,0.8798701298701299,0.7958883994126285,0.9045521292217328,0.8357748650732459
3,16,irregular,1,6,272,266,3,3,269,0.5,0.011029411764705883,0.022058823529411766,0.021582733812949645
3,16,regular,2,1154,1109,45,1109,45,0,0.9610051993067591,1.0,1.0405770964833183,0.9801148917366327
3,16,semiregular,2,674,681,7,623,51,58,0.9243323442136498,0.9148311306901615,0.9897209985315712,0.9195571955719556
3,16,irregular,2,186,272,86,179,7,93,0.9623655913978495,0.6580882352941176,0.6838235294117647,0.7816593886462881
3,16,regular,3,1156,1109,47,1109,47,0,0.9593425605536332,1.0,1.042380522993688,0.9792494481236202
3,16,semiregular,3,669,681,12,616,53,65,0.9207772795216741,0.9045521292217328,0.9823788546255506,0.9125925925925926
3,16,irregular,3,192,272,80,182,10,90,0.9479166666666666,0.6691176470588235,0.7058823529411765,0.7844827586206896
3,17,regular,1,1076,1029,47,1029,47,0,0.9563197026022305,1.0,1.0456754130223518,0.9776722090261283
3,17,semiregular,1,548,837,289,489,59,348,0.8923357664233577,0.5842293906810035,0.6547192353643967,0.7061371841155234
3,17,irregular,1,16,240,224,13,3,227,0.8125,0.05416666666666667,0.06666666666666667,0.1015625
3,17,regular,2,1084,1029,55,1029,55,0,0.9492619926199262,1.0,1.053449951409135,0.9739706578324657
3,17,semiregular,2,875,837,38,798,77,39,0.912,0.953405017921147,1.045400238948626,0.9322429906542057
3,17,irregular,2,189,240,51,174,15,66,0.9206349206349206,0.725,0.7875,0.8111888111888111
3,17,regular,3,1067,1029,38,1029,38,0,0.9643861293345829,1.0,1.0369290573372205,0.9818702290076337
3,17,semiregular,3,852,837,15,794,58,43,0.931924882629108,0.948626045400239,1.017921146953405,0.9402013025458851
3,17,irregular,3,200,240,40,182,18,58,0.91,0.7583333333333333,0.8333333333333334,0.8272727272727273
3,18,regular,1,1075,1044,31,1043,32,1,0.9702325581395349,0.9990421455938697,1.0296934865900382,0.9844266163284567
3,18,semiregular,1,653,801,148,607,46,194,0.9295558958652373,0.7578027465667915,0.815230961298377,0.8349381017881705
3,18,irregular,1,10,252,242,8,2,244,0.8,0.031746031746031744,0.03968253968253968,0.061068702290076333
3,18,regular,2,1086,1044,42,1044,42,0,0.9613259668508287,1.0,1.0402298850574712,0.9802816901408451
3,18,semiregular,2,833,801,32,775,58,26,0.9303721488595438,0.9675405742821473,1.0399500624219726,0.9485924112607098
3,18,irregular,2,182,252,70,173,9,79,0.9505494505494505,0.6865079365079365,0.7222222222222222,0.7972350230414746
3,18,regular,3,1069,1044,25,1043,26,1,0.9756782039289055,0.9990421455938697,1.0239463601532568,0.987221959299574
3,18,semiregular,3,836,801,35,779,57,22,0.9318181818181818,0.9725343320848939,1.0436953807740326,0.9517409896151496
3,18,irregular,3,213,252,39,202,11,50,0.9483568075117371,0.8015873015873016,0.8452380952380952,0.8688172043010752
3,19,regular,1,1111,1076,35,1075,36,1,0.9675967596759676,0.9990706319702602,1.0325278810408922,0.9830818472793781
3,19,semiregular,1,759,753,6,704,55,49,0.927536231884058,0.9349269588313412,1.0079681274900398,0.9312169312169312
3,19,irregular,1,82,245,163,72,10,173,0.8780487804878049,0.2938775510204082,0.3346938775510204,0.44036697247706424
3,19,regular,2,1090,1076,14,1074,16,2,0.9853211009174312,0.9981412639405205,1.013011152416357,0.9916897506925207
3,19,semiregular,2,747,753,6,699,48,54,0.9357429718875502,0.9282868525896414,0.9920318725099602,0.932
3,19,irregular,2,201,245,44,186,15,59,0.9253731343283582,0.7591836734693878,0.8204081632653061,0.8340807174887892
3,19,regular,3,1090,1076,14,1074,16,2,0.9853211009174312,0.9981412639405205,1.013011152416357,0.9916897506925207
3,19,semiregular,3,736,753,17,692,44,61,0.9402173913043478,0.9189907038512616,0.9774236387782205,0.9294828744123572
3,19,irregular,3,198,245,47,179,19,66,0.9040404040404041,0.7306122448979592,0.8081632653061225,0.8081264108352144
3,20,regular,1,1191,1251,60,1181,10,70,0.9916036943744753,0.9440447641886491,0.9520383693045563,0.9672399672399673
3,20,semiregular,1,881,841,40,766,115,75,0.8694665153234961,0.9108204518430439,1.04756242568371,0.8896631823461092
3,20,irregular,1,73,252,179,71,2,181,0.9726027397260274,0.28174603174603174,0.2896825396825397,0.43692307692307697
3,20,regular,2,1182,1251,69,1170,12,81,0.9898477157360406,0.935251798561151,0.9448441247002398,0.9617755856966708
3,20,semiregular,2,839,841,2,755,84,86,0.899880810488677,0.8977407847800237,0.9976218787158145,0.8988095238095237
3,20,irregular,2,198,252,54,187,11,65,0.9444444444444444,0.7420634920634921,0.7857142857142857,0.8311111111111111
3,20,regular,3,1200,1251,51,1188,12,63,0.99,0.9496402877697842,0.9592326139088729,0.9694002447980415
3,20,semiregular,3,844,841,3,767,77,74,0.9087677725118484,0.9120095124851367,1.0035671819262781,0.9103857566765579
3,20,irregular,3,206,252,46,185,21,67,0.8980582524271845,0.7341269841269841,0.8174603174603174,0.8078602620087336
3,21,regular,1,957,920,37,920,37,0,0.9613375130616509,1.0,1.0402173913043478,0.9802876931273309
3,21,semiregular,1,652,549,103,517,135,32,0.7929447852760736,0.941712204007286,1.1876138433515482,0.8609492089925063
3,21,irregular,1,128,204,76,106,22,98,0.828125,0.5196078431372549,0.6274509803921569,0.6385542168674699
3,21,regular,2,928,920,8,919,9,1,0.990301724137931,0.9989130434782608,1.008695652173913,0.9945887445887445
3,21,semiregular,2,608,549,59,520,88,29,0.8552631578947368,0.9471766848816029,1.1074681238615665,0.898876404494382
3,21,irregular,2,157,204,47,148,9,56,0.9426751592356688,0.7254901960784313,0.7696078431372549,0.8199445983379502
3,21,regular,3,932,920,12,920,12,0,0.9871244635193133,1.0,1.0130434782608695,0.9935205183585313
3,21,semiregular,3,600,549,51,525,75,24,0.875,0.9562841530054644,1.092896174863388,0.9138381201044387
3,21,irregular,3,180,204,24,167,13,37,0.9277777777777778,0.8186274509803921,0.8823529411764706,0.8697916666666667
3,22,regular,1,1000,946,54,946,54,0,0.946,1.0,1.0570824524312896,0.9722507708119219
3,22,semiregular,1,772,703,69,670,102,33,0.8678756476683938,0.9530583214793741,1.0981507823613086,0.9084745762711863
3,22,irregular,1,62,247,185,51,11,196,0.8225806451612904,0.20647773279352227,0.25101214574898784,0.3300970873786408
3,22,regular,2,959,946,13,935,24,11,0.9749739311783108,0.9883720930232558,1.0137420718816068,0.9816272965879266
3,22,semiregular,2,724,703,21,665,59,38,0.9185082872928176,0.9459459459459459,1.0298719772403984,0.9320252277505254
3,22,irregular,2,153,247,94,146,7,101,0.954248366013072,0.5910931174089069,0.6194331983805668,0.7300000000000001
3,22,regular,3,977,946,31,946,31,0,0.9682702149437052,1.0,1.03276955602537,0.983879355174207
3,22,semiregular,3,721,703,18,659,62,44,0.9140083217753121,0.9374110953058321,1.0256045519203414,0.925561797752809
3,22,irregular,3,203,247,44,182,21,65,0.896551724137931,0.7368421052631579,0.8218623481781376,0.8088888888888889
3,23,regular,1,1040,999,41,991,49,8,0.9528846153846153,0.991991991991992,1.0410410410410411,0.9720451201569396
3,23,semiregular,1,887,835,52,771,116,64,0.8692220969560316,0.9233532934131736,1.0622754491017965,0.8954703832752613
3,23,irregular,1,5,266,261,2,3,264,0.4,0.007518796992481203,0.018796992481203006,0.014760147601476014
3,23,regular,2,1039,999,40,995,44,4,0.9576515880654476,0.995995995995996,1.04004004004004,0.9764474975466144
3,23,semiregular,2,858,835,23,787,71,48,0.9172494172494172,0.9425149700598803,1.0275449101796408,0.9297105729474305
3,23,irregular,2,177,266,89,168,9,98,0.9491525423728814,0.631578947368421,0.6654135338345865,0.7584650112866818
3,23,regular,3,1056,999,57,999,57,0,0.9460227272727273,1.0,1.057057057057057,0.9722627737226277
3,23,semiregular,3,868,835,33,806,62,29,0.9285714285714286,0.9652694610778443,1.0395209580838323,0.9465648854961832
3,23,irregular,3,221,266,45,201,20,65,0.9095022624434389,0.7556390977443609,0.8308270676691729,0.8254620123203285
3,24,regular,1,1095,1079,16,1079,16,0,0.9853881278538813,1.0,1.0148285449490269,0.9926402943882245
3,24,semiregular,1,679,680,1,617,62,63,0.9086892488954345,0.9073529411764706,0.9985294117647059,0.9080206033848418
3,24,irregular,1,95,247,152,86,9,161,0.9052631578947369,0.3481781376518219,0.38461538461538464,0.5029239766081871
3,24,regular,2,1089,1079,10,1074,15,5,0.9862258953168044,0.995366079703429,1.009267840593142,0.9907749077490775
3,24,semiregular,2,660,680,20,627,33,53,0.95,0.9220588235294118,0.9705882352941176,0.9358208955223881
3,24,irregular,2,192,247,55,186,6,61,0.96875,0.7530364372469636,0.7773279352226721,0.8473804100227791
3,24,regular,3,1092,1079,13,1078,14,1,0.9871794871794872,0.9990732159406858,1.0120481927710843,0.9930907415937356
3,24,semiregular,3,684,680,4,654,30,26,0.956140350877193,0.961764705882353,1.0058823529411764,0.9589442815249267
3,24,irregular,3,212,247,35,200,12,47,0.9433962264150944,0.8097165991902834,0.8582995951417004,0.8714596949891068
3,25,regular,1,963,946,17,946,17,0,0.9823468328141225,1.0,1.017970401691332,0.9910948140387638
3,25,semiregular,1,738,718,20,658,80,60,0.8915989159891599,0.9164345403899722,1.0278551532033426,0.9038461538461539
3,25,irregular,1,106,207,101,85,21,122,0.8018867924528302,0.4106280193236715,0.5120772946859904,0.5431309904153355
3,25,regular,2,949,946,3,942,7,4,0.9926238145416227,0.9957716701902748,1.0031712473572938,0.9941952506596307
3,25,semiregular,2,730,718,12,671,59,47,0.9191780821917809,0.9345403899721448,1.0167130919220055,0.9267955801104972
3,25,irregular,2,139,207,68,125,14,82,0.8992805755395683,0.6038647342995169,0.6714975845410628,0.7225433526011561
3,25,regular,3,958,946,12,946,12,0,0.9874739039665971,1.0,1.0126849894291754,0.9936974789915966
3,25,semiregular,3,709,718,9,658,51,60,0.9280677009873061,0.9164345403899722,0.9874651810584958,0.9222144358794674
3,25,irregular,3,160,207,47,142,18,65,0.8875,0.6859903381642513,0.7729468599033816,0.773841961852861
3,26,regular,1,1092,985,107,985,107,0,0.902014652014652,1.0,1.1086294416243654,0.9484833895040925
3,26,semiregular,1,799,720,79,692,107,28,0.8660826032540676,0.9611111111111111,1.1097222222222223,0.9111257406188282
3,26,irregular,1,148,214,66,111,37,103,0.75,0.5186915887850467,0.6915887850467289,0.6132596685082873
3,26,regular,2,1063,985,78,985,78,0,0.9266227657572906,1.0,1.0791878172588834,0.9619140625
3,26,semiregular,2,753,720,33,680,73,40,0.9030544488711819,0.9444444444444444,1.0458333333333334,0.923285811269518
3,26,irregular,2,137,214,77,117,20,97,0.8540145985401459,0.5467289719626168,0.6401869158878505,0.6666666666666667
3,26,regular,3,1119,985,134,985,134,0,0.8802502234137622,1.0,1.1360406091370558,0.9363117870722433
3,26,semiregular,3,736,720,16,676,60,44,0.9184782608695652,0.9388888888888889,1.0222222222222221,0.9285714285714286
3,26,irregular,3,194,214,20,170,24,44,0.8762886597938144,0.794392523364486,0.9065420560747663,0.8333333333333333
3,27,regular,1,1171,1166,5,1159,12,7,0.9897523484201537,0.9939965694682675,1.004288164665523,0.991869918699187
3,27,semiregular,1,714,728,14,634,80,94,0.8879551820728291,0.8708791208791209,0.9807692307692307,0.8793342579750346
3,27,irregular,1,34,270,236,32,2,238,0.9411764705882353,0.11851851851851852,0.1259259259259259,0.2105263157894737
3,27,regular,2,1170,1166,4,1159,11,7,0.9905982905982906,0.9939965694682675,1.0034305317324186,0.9922945205479452
3,27,semiregular,2,737,728,9,681,56,47,0.9240162822252375,0.9354395604395604,1.0123626373626373,0.9296928327645051
3,27,irregular,2,212,270,58,198,14,72,0.9339622641509434,0.7333333333333333,0.7851851851851852,0.8215767634854771
3,27,regular,3,1187,1166,21,1166,21,0,0.9823083403538332,1.0,1.0180102915951972,0.991075223119422
3,27,semiregular,3,731,728,3,681,50,47,0.9316005471956225,0.9354395604395604,1.004120879120879,0.9335161069225497
3,27,irregular,3,221,270,49,205,16,65,0.9276018099547512,0.7592592592592593,0.8185185185185185,0.835030549898167
3,28,regular,1,1108,1098,10,1087,21,11,0.9810469314079422,0.9899817850637522,1.0091074681238617,0.985494106980961
3,28,semiregular,1,904,859,45,812,92,47,0.8982300884955752,0.9452852153667055,1.0523864959254947,0.9211571185479296
3,28,irregular,1,66,293,227,49,17,244,0.7424242424242424,0.16723549488054607,0.22525597269624573,0.27298050139275765
3,28,regular,2,1128,1098,30,1098,30,0,0.973404255319149,1.0,1.0273224043715847,0.986522911051213
3,28,semiregular,2,850,859,9,796,54,63,0.9364705882352942,0.9266589057043073,0.989522700814901,0.9315389116442364
3,28,irregular,2,183,293,110,170,13,123,0.9289617486338798,0.5802047781569966,0.6245733788395904,0.7142857142857143
3,28,regular,3,1124,1098,26,1098,26,0,0.9768683274021353,1.0,1.02367941712204,0.9882988298829883
3,28,semiregular,3,859,859,0,816,43,43,0.9499417927823051,0.9499417927823051,1.0,0.9499417927823051
3,28,irregular,3,204,293,89,187,17,106,0.9166666666666666,0.6382252559726962,0.6962457337883959,0.7525150905432596
3,29,regular,1,1151,1140,11,1140,11,0,0.9904430929626412,1.0,1.0096491228070175,0.9951986032300306
3,29,semiregular,1,974,869,105,839,135,30,0.8613963039014374,0.9654775604142692,1.1208285385500576,0.9104720564297342
3,29,irregular,1,115,247,132,102,13,145,0.8869565217391304,0.41295546558704455,0.46558704453441296,0.56353591160221
3,29,regular,2,1149,1140,9,1139,10,1,0.9912967798085291,0.9991228070175439,1.0078947368421052,0.9951944080384447
3,29,semiregular,2,953,869,84,838,115,31,0.8793284365162645,0.9643268124280783,1.0966628308400461,0.9198682766190999
3,29,irregular,2,202,247,45,190,12,57,0.9405940594059405,0.7692307692307693,0.8178137651821862,0.8463251670378621
3,29,regular,3,1149,1140,9,1138,11,2,0.9904264577893821,0.9982456140350877,1.0078947368421052,0.9943206640454347
3,29,semiregular,3,899,869,30,810,89,59,0.9010011123470523,0.9321058688147296,1.0345224395857306,0.916289592760181
3,29,irregular,3,216,247,31,199,17,48,0.9212962962962963,0.805668016194332,0.8744939271255061,0.859611231101512
3,30,regular,1,999,997,2,992,7,5,0.992992992992993,0.9949849548645938,1.0020060180541626,0.9939879759519038
3,30,semiregular,1,826,810,16,752,74,58,0.910411622276029,0.928395061728395,1.019753086419753,0.9193154034229828
3,30,irregular,1,116,250,134,102,14,148,0.8793103448275862,0.408,0.464,0.5573770491803278
3,30,regular,2,986,997,11,980,6,17,0.9939148073022313,0.9829488465396189,0.9889669007021064,0.9884014120020171
3,30,semiregular,2,825,810,15,769,56,41,0.9321212121212121,0.9493827160493827,1.0185185185185186,0.9406727828746176
3,30,irregular,2,170,250,80,160,10,90,0.9411764705882353,0.64,0.68,0.7619047619047621
3,30,regular,3,1014,997,17,997,17,0,0.9832347140039448,1.0,1.0170511534603812,0.991546494281452
3,30,semiregular,3,820,810,10,776,44,34,0.9463414634146341,0.9580246913580247,1.0123456790123457,0.9521472392638037
3,30,irregular,3,212,250,38,187,25,63,0.8820754716981132,0.748,0.848,0.8095238095238094
4,1,regular,1,983,937,46,924,59,13,0.9399796541200407,0.9861259338313767,1.0490928495197438,0.9625
4,1,semiregular,1,761,703,58,644,117,59,0.8462549277266754,0.9160739687055477,1.0825035561877667,0.8797814207650273
4,1,irregular,1,111,199,88,105,6,94,0.9459459459459459,0.5276381909547738,0.5577889447236181,0.6774193548387096
4,1,regular,2,1004,937,67,936,68,1,0.9322709163346613,0.9989327641408752,1.071504802561366,0.964451313755796
4,1,semiregular,2,678,703,25,595,83,108,0.8775811209439528,0.8463726884779517,0.9644381223328592,0.8616944243301955
4,1,irregular,2,141,199,58,134,7,65,0.950354609929078,0.6733668341708543,0.7085427135678392,0.7882352941176471
4,1,regular,3,992,937,55,934,58,3,0.9415322580645161,0.9967982924226254,1.0586979722518677,0.9683773976153448
4,1,semiregular,3,749,703,46,665,84,38,0.8878504672897196,0.9459459459459459,1.065433854907539,0.9159779614325069
4,1,irregular,3,9,199,190,1,8,198,0.1111111111111111,0.005025125628140704,0.04522613065326633,0.009615384615384616
4,2,regular,1,1217,1224,7,1200,17,24,0.9860312243221035,0.9803921568627451,0.994281045751634,0.9832036050798852
4,2,semiregular,1,597,647,50,563,34,84,0.9430485762144054,0.8701700154559505,0.9227202472952086,0.9051446945337621
4,2,irregular,1,71,217,146,64,7,153,0.9014084507042254,0.29493087557603687,0.3271889400921659,0.4444444444444445
4,2,regular,2,1230,1224,6,1211,19,13,0.9845528455284552,0.9893790849673203,1.0049019607843137,0.986960065199674
4,2,semiregular,2,599,647,48,569,30,78,0.9499165275459098,0.8794435857805255,0.9258114374034003,0.913322632423756
4,2,irregular,2,145,217,72,139,6,78,0.9586206896551724,0.6405529953917051,0.6682027649769585,0.7679558011049724
4,2,regular,3,1246,1224,22,1219,27,5,0.978330658105939,0.9959150326797386,1.0179738562091503,0.9870445344129555
4,2,semiregular,3,649,647,2,619,30,28,0.9537750385208013,0.9567233384853169,1.0030911901081916,0.9552469135802469
4,2,irregular,3,11,217,206,5,6,212,0.45454545454545453,0.02304147465437788,0.05069124423963134,0.04385964912280702
4,3,regular,1,1037,1053,16,1031,6,22,0.9942140790742526,0.9791073124406457,0.9848053181386515,0.9866028708133971
4,3,semiregular,1,721,716,5,654,67,62,0.9070735090152566,0.9134078212290503,1.0069832402234637,0.9102296450939458
4,3,irregular,1,123,224,101,114,9,110,0.926829268292683,0.5089285714285714,0.5491071428571429,0.6570605187319883
4,3,regular,2,1052,1053,1,1045,7,8,0.9933460076045627,0.9924026590693258,0.9990503323836657,0.9928741092636579
4,3,semiregular,2,705,716,11,646,59,70,0.9163120567375886,0.9022346368715084,0.9846368715083799,0.9092188599577763
4,3,irregular,2,148,224,76,137,11,87,0.9256756756756757,0.6116071428571429,0.6607142857142857,0.7365591397849462
4,3,regular,3,1047,1053,6,1042,5,11,0.9952244508118434,0.9895536562203229,0.9943019943019943,0.9923809523809525
4,3,semiregular,3,722,716,6,676,46,40,0.9362880886426593,0.9441340782122905,1.0083798882681565,0.9401947148817804
4,3,irregular,3,11,224,213,0,11,224,-1,-1,0.049107142857142856,-1
4,4,regular,1,1118,1101,17,1098,20,3,0.9821109123434705,0.997275204359673,1.0154405086285194,0.9896349707075258
4,4,semiregular,1,665,614,51,541,124,73,0.8135338345864662,0.8811074918566775,1.0830618892508144,0.8459734167318218
4,4,irregular,1,78,228,150,66,12,162,0.8461538461538461,0.2894736842105263,0.34210526315789475,0.4313725490196079
4,4,regular,2,1115,1101,14,1100,15,1,0.9865470852017937,0.9990917347865577,1.0127157129881925,0.9927797833935018
4,4,semiregular,2,603,614,11,542,61,72,0.8988391376451078,0.8827361563517915,0.9820846905537459,0.8907148726376334
4,4,irregular,2,152,228,76,139,13,89,0.9144736842105263,0.6096491228070176,0.6666666666666666,0.7315789473684211
4,4,regular,3,1125,1101,24,1101,24,0,0.9786666666666667,1.0,1.021798365122616,0.9892183288409703
4,4,semiregular,3,628,614,14,573,55,41,0.9124203821656051,0.9332247557003257,1.022801302931596,0.9227053140096617
4,4,irregular,3,12,228,216,1,11,227,0.08333333333333333,0.0043859649122807015,0.05263157894736842,0.008333333333333333
4,5,regular,1,1034,1044,10,1028,6,16,0.9941972920696325,0.9846743295019157,0.9904214559386973,0.9894128970163618
4,5,semiregular,1,759,668,91,636,123,32,0.8379446640316206,0.9520958083832335,1.1362275449101797,0.8913805185704274
4,5,irregular,1,118,217,99,105,13,112,0.8898305084745762,0.4838709677419355,0.543778801843318,0.6268656716417912
4,5,regular,2,1051,1044,7,1042,9,2,0.9914367269267365,0.9980842911877394,1.0067049808429118,0.9947494033412887
4,5,semiregular,2,701,668,33,610,91,58,0.8701854493580599,0.9131736526946108,1.0494011976047903,0.8911614317019723
4,5,irregular,2,147,217,70,141,6,76,0.9591836734693877,0.6497695852534562,0.6774193548387096,0.7747252747252747
4,5,regular,3,1051,1044,7,1044,7,0,0.9933396764985728,1.0,1.0067049808429118,0.9966587112171837
4,5,semiregular,3,715,668,47,639,76,29,0.8937062937062937,0.9565868263473054,1.0703592814371257,0.9240780911062906
4,5,irregular,3,13,217,204,3,10,214,0.23076923076923078,0.013824884792626729,0.059907834101382486,0.026086956521739132
4,6,regular,1,957,915,42,914,43,1,0.955067920585162,0.9989071038251366,1.0459016393442624,0.9764957264957266
4,6,semiregular,1,705,701,4,637,68,64,0.9035460992907801,0.9087018544935807,1.005706134094151,0.9061166429587483
4,6,irregular,1,99,195,96,73,26,122,0.7373737373737373,0.37435897435897436,0.5076923076923077,0.4965986394557823
4,6,regular,2,969,915,54,915,54,0,0.9442724458204335,1.0,1.0590163934426229,0.9713375796178344
4,6,semiregular,2,694,701,7,647,47,54,0.9322766570605188,0.9229671897289586,0.9900142653352354,0.9275985663082438
4,6,irregular,2,118,195,77,95,23,100,0.8050847457627118,0.48717948717948717,0.6051282051282051,0.6070287539936102
4,6,regular,3,962,915,47,915,47,0,0.9511434511434511,1.0,1.0513661202185793,0.9749600426212041
4,6,semiregular,3,720,701,19,674,46,27,0.9361111111111111,0.9614835948644793,1.0271041369472182,0.94862772695285
4,6,irregular,3,13,195,182,1,12,194,0.07692307692307693,0.005128205128205128,0.06666666666666667,0.009615384615384616
4,7,regular,1,1247,1230,17,1227,20,3,0.9839615076182838,0.9975609756097561,1.0138211382113822,0.9907145740815503
4,7,semiregular,1,844,761,83,686,158,75,0.8127962085308057,0.9014454664914586,1.1090670170827859,0.8548286604361371
4,7,irregular,1,3,225,222,3,0,222,1.0,0.013333333333333334,0.013333333333333334,0.02631578947368421
4,7,regular,2,1253,1230,23,1226,27,4,0.9784517158818835,0.9967479674796748,1.01869918699187,0.9875151026983486
4,7,semiregular,2,719,761,42,642,77,119,0.8929068150208623,0.8436268068331143,0.9448094612352168,0.8675675675675676
4,7,irregular,2,131,225,94,127,4,98,0.9694656488549618,0.5644444444444444,0.5822222222222222,0.7134831460674157
4,7,regular,3,1255,1230,25,1229,26,1,0.9792828685258964,0.9991869918699187,1.0203252032520325,0.9891348088531188
4,7,semiregular,3,797,761,36,712,85,49,0.8933500627352572,0.9356110381077529,1.0473061760840998,0.9139922978177151
4,7,irregular,3,16,225,209,2,14,223,0.125,0.008888888888888889,0.07111111111111111,0.016597510373443983
4,8,regular,1,1055,1035,20,1032,23,3,0.9781990521327014,0.9971014492753624,1.0193236714975846,0.9875598086124402
4,8,semiregular,1,836,827,9,740,96,87,0.8851674641148325,0.8948004836759371,1.0108827085852479,0.8899579073962719
4,8,irregular,1,81,243,162,74,7,169,0.9135802469135802,0.3045267489711934,0.3333333333333333,0.4567901234567901
4,8,regular,2,1055,1035,20,1034,21,1,0.9800947867298578,0.9990338164251208,1.0193236714975846,0.9894736842105264
4,8,semiregular,2,811,827,16,753,58,74,0.9284833538840938,0.9105199516324063,0.9806529625151149,0.9194139194139194
4,8,irregular,2,159,243,84,151,8,92,0.949685534591195,0.6213991769547325,0.654320987654321,0.7512437810945273
4,8,regular,3,1051,1035,16,1034,17,1,0.9838249286393911,0.9990338164251208,1.0154589371980676,0.9913710450623203
4,8,semiregular,3,853,827,26,785,68,42,0.9202813599062134,0.9492140266021766,1.0314389359129383,0.9345238095238096
4,8,irregular,3,19,243,224,3,16,240,0.15789473684210525,0.012345679012345678,0.07818930041152264,0.022900763358778626
4,9,regular,1,1084,1107,23,1074,10,33,0.9907749077490775,0.9701897018970189,0.979223125564589,0.9803742583295298
4,9,semiregular,1,607,701,94,571,36,130,0.9406919275123559,0.8145506419400856,0.8659058487874465,0.8730886850152905
4,9,irregular,1,97,266,169,89,8,177,0.9175257731958762,0.33458646616541354,0.36466165413533835,0.49035812672176304
4,9,regular,2,1111,1107,4,1100,11,7,0.9900990099009901,0.993676603432701,1.003613369467028,0.9918845807033364
4,9,semiregular,2,595,701,106,568,27,133,0.9546218487394958,0.8102710413694721,0.8487874465049928,0.8765432098765432
4,9,irregular,2,173,266,93,167,6,99,0.9653179190751445,0.6278195488721805,0.650375939849624,0.7608200455580866
4,9,regular,3,1105,1107,2,1094,11,13,0.9900452488687783,0.988256549232159,0.998193315266486,0.9891500904159132
4,9,semiregular,3,686,701,15,658,28,43,0.9591836734693877,0.9386590584878745,0.978601997146933,0.9488103821196827
4,9,irregular,3,15,266,251,3,12,263,0.2,0.011278195488721804,0.05639097744360902,0.021352313167259787
4,10,regular,1,1065,1014,51,1014,51,0,0.952112676056338,1.0,1.0502958579881656,0.9754689754689754
4,10,semiregular,1,680,656,24,616,64,40,0.9058823529411765,0.9390243902439024,1.0365853658536586,0.9221556886227545
4,10,irregular,1,135,247,112,125,10,122,0.9259259259259259,0.5060728744939271,0.5465587044534413,0.6544502617801047
4,10,regular,2,1060,1014,46,1014,46,0,0.9566037735849057,1.0,1.0453648915187377,0.9778206364513018
4,10,semiregular,2,623,656,33,583,40,73,0.9357945425361156,0.8887195121951219,0.9496951219512195,0.91164972634871
4,10,irregular,2,174,247,73,165,9,82,0.9482758620689655,0.6680161943319838,0.7044534412955465,0.7838479809976248
4,10,regular,3,1066,1014,52,1014,52,0,0.9512195121951219,1.0,1.0512820512820513,0.975
4,10,semiregular,3,675,656,19,632,43,24,0.9362962962962963,0.9634146341463414,1.0289634146341464,0.9496619083395942
4,10,irregular,3,13,247,234,3,10,244,0.23076923076923078,0.012145748987854251,0.05263157894736842,0.023076923076923078
4,11,regular,1,1074,1070,4,1066,8,4,0.9925512104283054,0.9962616822429906,1.0037383177570094,0.9944029850746269
4,11,semiregular,1,769,700,69,658,111,42,0.8556566970091027,0.94,1.0985714285714285,0.8958475153165419
4,11,irregular,1,116,239,123,104,12,135,0.896551724137931,0.4351464435146444,0.48535564853556484,0.5859154929577466
4,11,regular,2,1077,1070,7,1066,11,4,0.989786443825441,0.9962616822429906,1.0065420560747664,0.993013507219376
4,11,semiregular,2,682,700,18,619,63,81,0.907624633431085,0.8842857142857142,0.9742857142857143,0.8958031837916064
4,11,irregular,2,153,239,86,146,7,93,0.954248366013072,0.6108786610878661,0.6401673640167364,0.7448979591836736
4,11,regular,3,1078,1070,8,1070,8,0,0.9925788497217068,1.0,1.0074766355140188,0.9962756052141527
4,11,semiregular,3,716,700,16,655,61,45,0.914804469273743,0.9357142857142857,1.022857142857143,0.9251412429378532
4,11,irregular,3,13,239,226,3,10,236,0.23076923076923078,0.012552301255230125,0.05439330543933055,0.023809523809523808
4,12,regular,1,1025,1007,18,1007,18,0,0.9824390243902439,1.0,1.0178748758689176,0.9911417322834646
4,12,semiregular,1,744,641,103,611,133,30,0.821236559139785,0.953198127925117,1.1606864274570983,0.8823104693140794
4,12,irregular,1,170,204,34,149,21,55,0.8764705882352941,0.7303921568627451,0.8333333333333334,0.7967914438502673
4,12,regular,2,1040,1007,33,1007,33,0,0.9682692307692308,1.0,1.0327706057596822,0.9838788470933073
4,12,semiregular,2,654,641,13,567,87,74,0.8669724770642202,0.8845553822152886,1.0202808112324493,0.8756756756756758
4,12,irregular,2,142,204,62,127,15,77,0.8943661971830986,0.6225490196078431,0.696078431372549,0.7341040462427747
4,12,regular,3,1035,1007,28,1007,28,0,0.9729468599033816,1.0,1.0278053624627608,0.9862879529872673
4,12,semiregular,3,675,641,34,597,78,44,0.8844444444444445,0.9313572542901716,1.0530421216848673,0.9072948328267478
4,12,irregular,3,13,204,191,1,12,203,0.07692307692307693,0.004901960784313725,0.06372549019607843,0.009216589861751152
4,13,regular,1,998,1000,2,991,7,9,0.9929859719438878,0.991,0.998,0.9919919919919921
4,13,semiregular,1,859,815,44,778,81,37,0.9057043073341094,0.9546012269938651,1.0539877300613496,0.9295101553166069
4,13,irregular,1,130,216,86,114,16,102,0.8769230769230769,0.5277777777777778,0.6018518518518519,0.6589595375722545
4,13,regular,2,1009,1000,9,998,11,2,0.9890981169474727,0.998,1.009,0.9935291189646591
4,13,semiregular,2,789,815,26,741,48,74,0.9391634980988594,0.90920245398773,0.9680981595092024,0.9239401496259352
4,13,irregular,2,141,216,75,130,11,86,0.9219858156028369,0.6018518518518519,0.6527777777777778,0.7282913165266106
4,13,regular,3,1017,1000,17,1000,17,0,0.983284169124877,1.0,1.017,0.9915716410510659
4,13,semiregular,3,827,815,12,776,51,39,0.9383313180169287,0.9521472392638037,1.014723926380368,0.9451887941534713
4,13,irregular,3,18,216,198,4,14,212,0.2222222222222222,0.018518518518518517,0.08333333333333333,0.034188034188034185
4,14,regular,1,1046,1052,6,1038,8,14,0.9923518164435946,0.9866920152091255,0.9942965779467681,0.9895138226882745
4,14,semiregular,1,872,913,41,810,62,103,0.9288990825688074,0.8871851040525739,0.9550930996714129,0.907563025210084
4,14,irregular,1,109,217,108,102,7,115,0.9357798165137615,0.4700460829493088,0.5023041474654378,0.6257668711656442
4,14,regular,2,1061,1052,9,1052,9,0,0.9915174363807728,1.0,1.008555133079848,0.995740653099858
4,14,semiregular,2,876,913,37,824,52,89,0.9406392694063926,0.9025191675794085,0.9594742606790799,0.9211850195640021
4,14,irregular,2,158,217,59,152,6,65,0.9620253164556962,0.7004608294930875,0.728110599078341,0.8106666666666666
4,14,regular,3,1065,1052,13,1052,13,0,0.9877934272300469,1.0,1.0123574144486691,0.9938592347661785
4,14,semiregular,3,905,913,8,850,55,63,0.9392265193370166,0.9309967141292442,0.9912376779846659,0.9350935093509352
4,14,irregular,3,13,217,204,5,8,212,0.38461538461538464,0.02304147465437788,0.059907834101382486,0.043478260869565216
4,15,regular,1,971,964,7,963,8,1,0.9917610710607621,0.9989626556016598,1.0072614107883817,0.9953488372093022
4,15,semiregular,1,809,774,35,740,69,34,0.9147095179233622,0.9560723514211886,1.045219638242894,0.9349336702463676
4,15,irregular,1,134,218,84,130,4,88,0.9701492537313433,0.5963302752293578,0.6146788990825688,0.7386363636363635
4,15,regular,2,957,964,7,950,7,14,0.9926854754440961,0.9854771784232366,0.9927385892116183,0.9890681936491411
4,15,semiregular,2,754,774,20,705,49,69,0.9350132625994695,0.9108527131782945,0.9741602067183462,0.9227748691099477
4,15,irregular,2,150,218,68,141,9,77,0.94,0.6467889908256881,0.6880733944954128,0.766304347826087
4,15,regular,3,969,964,5,963,6,1,0.9938080495356038,0.9989626556016598,1.0051867219917012,0.9963786859803415
4,15,semiregular,3,759,774,15,717,42,57,0.9446640316205533,0.9263565891472868,0.9806201550387597,0.9354207436399217
4,15,irregular,3,13,218,205,3,10,215,0.23076923076923078,0.013761467889908258,0.05963302752293578,0.025974025974025976
4,16,regular,1,1126,1109,17,1107,19,2,0.9831261101243339,0.9981965734896303,1.0153291253381425,0.9906040268456376
4,16,semiregular,1,732,681,51,611,121,70,0.8346994535519126,0.8972099853157122,1.0748898678414096,0.8648266100495399
4,16,irregular,1,66,272,206,59,7,213,0.8939393939393939,0.21691176470588236,0.2426470588235294,0.34911242603550297
4,16,regular,2,1156,1109,47,1109,47,0,0.9593425605536332,1.0,1.042380522993688,0.9792494481236202
4,16,semiregular,2,654,681,27,597,57,84,0.9128440366972477,0.8766519823788547,0.960352422907489,0.8943820224719101
4,16,irregular,2,174,272,98,163,11,109,0.9367816091954023,0.5992647058823529,0.6397058823529411,0.7309417040358744
4,16,regular,3,1131,1109,22,1109,22,0,0.9805481874447391,1.0,1.0198376916140668,0.9901785714285715
4,16,semiregular,3,695,681,14,629,66,52,0.9050359712230216,0.9236417033773862,1.0205580029368575,0.9142441860465116
4,16,irregular,3,12,272,260,3,9,269,0.25,0.011029411764705883,0.04411764705882353,0.02112676056338028
4,17,regular,1,1029,1029,0,1020,9,9,0.9912536443148688,0.9912536443148688,1.0,0.9912536443148688
4,17,semiregular,1,845,837,8,755,90,82,0.893491124260355,0.9020310633213859,1.009557945041816,0.8977407847800238
4,17,irregular,1,100,240,140,93,7,147,0.93,0.3875,0.4166666666666667,0.5470588235294118
4,17,regular,2,1053,1029,24,1029,24,0,0.9772079772079773,1.0,1.0233236151603498,0.9884726224783863
4,17,semiregular,2,805,837,32,751,54,86,0.9329192546583851,0.8972520908004779,0.961768219832736,0.9147381242387334
4,17,irregular,2,172,240,68,162,10,78,0.9418604651162791,0.675,0.7166666666666667,0.7864077669902912
4,17,regular,3,1052,1029,23,1029,23,0,0.9781368821292775,1.0,1.022351797862002,0.9889476213358962
4,17,semiregular,3,834,837,3,778,56,59,0.9328537170263789,0.929510155316607,0.996415770609319,0.9311789347695991
4,17,irregular,3,15,240,225,2,13,238,0.13333333333333333,0.008333333333333333,0.0625,0.01568627450980392
4,18,regular,1,1055,1044,11,1040,15,4,0.985781990521327,0.9961685823754789,1.010536398467433,0.9909480705097665
4,18,semiregular,1,817,801,16,748,69,53,0.9155446756425949,0.9338327091136079,1.0199750312109863,0.9245982694684796
4,18,irregular,1,102,252,150,93,9,159,0.9117647058823529,0.36904761904761907,0.40476190476190477,0.5254237288135594
4,18,regular,2,1075,1044,31,1044,31,0,0.9711627906976744,1.0,1.0296934865900382,0.9853704577630957
4,18,semiregular,2,796,801,5,748,48,53,0.9396984924623115,0.9338327091136079,0.9937578027465668,0.9367564182842831
4,18,irregular,2,176,252,76,166,10,86,0.9431818181818182,0.6587301587301587,0.6984126984126984,0.7757009345794393
4,18,regular,3,1063,1044,19,1044,19,0,0.9821260583254939,1.0,1.0181992337164751,0.9909824394874229
4,18,semiregular,3,818,801,17,775,43,26,0.9474327628361858,0.9675405742821473,1.021223470661673,0.9573810994441013
4,18,irregular,3,12,252,240,3,9,249,0.25,0.011904761904761904,0.047619047619047616,0.022727272727272724
4,19,regular,1,1089,1076,13,1074,15,2,0.9862258953168044,0.9981412639405205,1.012081784386617,0.9921478060046189
4,19,semiregular,1,745,753,8,677,68,76,0.9087248322147651,0.899070385126162,0.9893758300132802,0.903871829105474
4,19,irregular,1,133,245,112,120,13,125,0.9022556390977443,0.4897959183673469,0.5428571428571428,0.6349206349206348
4,19,regular,2,1096,1076,20,1075,21,1,0.9808394160583942,0.9990706319702602,1.0185873605947955,0.9898710865561694
4,19,semiregular,2,697,753,56,655,42,98,0.93974175035868,0.8698539176626826,0.9256308100929614,0.903448275862069
4,19,irregular,2,158,245,87,141,17,104,0.8924050632911392,0.5755102040816327,0.6448979591836734,0.6997518610421836
4,19,regular,3,1092,1076,16,1074,18,2,0.9835164835164835,0.9981412639405205,1.0148698884758365,0.9907749077490774
4,19,semiregular,3,714,753,39,667,47,86,0.9341736694677871,0.8857901726427623,0.9482071713147411,0.9093387866394003
4,19,irregular,3,10,245,235,3,7,242,0.3,0.012244897959183673,0.04081632653061224,0.023529411764705882
4,20,regular,1,1169,1251,82,1159,10,92,0.9914456800684346,0.926458832933653,0.9344524380495604,0.9578512396694215
4,20,semiregular,1,866,841,25,742,124,99,0.8568129330254042,0.882282996432818,1.0297265160523186,0.869361452841242
4,20,irregular,1,112,252,140,100,12,152,0.8928571428571429,0.3968253968253968,0.4444444444444444,0.5494505494505494
4,20,regular,2,1140,1251,111,1130,10,121,0.9912280701754386,0.903277378097522,0.9112709832134293,0.9452112086992889
4,20,semiregular,2,737,841,104,663,74,178,0.8995929443690638,0.7883472057074911,0.8763376932223543,0.8403041825095057
4,20,irregular,2,174,252,78,166,8,86,0.9540229885057471,0.6587301587301587,0.6904761904761905,0.7793427230046948
4,20,regular,3,1173,1251,78,1163,10,88,0.9914748508098892,0.929656274980016,0.9376498800959233,0.9595709570957096
4,20,semiregular,3,824,841,17,747,77,94,0.9065533980582524,0.8882282996432818,0.9797859690844233,0.8972972972972972
4,20,irregular,3,12,252,240,3,9,249,0.25,0.011904761904761904,0.047619047619047616,0.022727272727272724
4,21,regular,1,946,920,26,920,26,0,0.9725158562367865,1.0,1.0282608695652173,0.9860664523043945
4,21,semiregular,1,649,549,100,512,137,37,0.7889060092449923,0.9326047358834244,1.1821493624772312,0.8547579298831386
4,21,irregular,1,122,204,82,115,7,89,0.9426229508196722,0.5637254901960784,0.5980392156862745,0.705521472392638
4,21,regular,2,936,920,16,920,16,0,0.9829059829059829,1.0,1.017391304347826,0.9913793103448275
4,21,semiregular,2,580,549,31,492,88,57,0.8482758620689655,0.8961748633879781,1.0564663023679417,0.8715677590788308
4,21,irregular,2,131,204,73,122,9,82,0.9312977099236641,0.5980392156862745,0.6421568627450981,0.7283582089552237
4,21,regular,3,939,920,19,920,19,0,0.979765708200213,1.0,1.0206521739130434,0.9897794513179128
4,21,semiregular,3,636,549,87,536,100,13,0.8427672955974843,0.97632058287796,1.1584699453551912,0.9046413502109706
4,21,irregular,3,12,204,192,2,10,202,0.16666666666666666,0.00980392156862745,0.058823529411764705,0.018518518518518517
4,22,regular,1,999,946,53,946,53,0,0.9469469469469469,1.0,1.0560253699788584,0.9727506426735218
4,22,semiregular,1,800,703,97,669,131,34,0.83625,0.9516358463726885,1.1379800853485065,0.8902195608782435
4,22,irregular,1,106,247,141,97,9,150,0.9150943396226415,0.39271255060728744,0.4291497975708502,0.5495750708215298
4,22,regular,2,965,946,19,939,26,7,0.9730569948186528,0.992600422832981,1.0200845665961944,0.9827315541601256
4,22,semiregular,2,701,703,2,642,59,61,0.9158345221112696,0.9132290184921764,0.9971550497866287,0.9145299145299145
4,22,irregular,2,134,247,113,127,7,120,0.9477611940298507,0.5141700404858299,0.5425101214574899,0.6666666666666667
4,22,regular,3,971,946,25,945,26,1,0.9732234809474768,0.9989429175475687,1.0264270613107822,0.9859154929577465
4,22,semiregular,3,741,703,38,660,81,43,0.8906882591093117,0.9388335704125178,1.054054054054054,0.9141274238227146
4,22,irregular,3,13,247,234,2,11,245,0.15384615384615385,0.008097165991902834,0.05263157894736842,0.015384615384615385
4,23,regular,1,1081,999,82,999,82,0,0.9241443108233117,1.0,1.082082082082082,0.9605769230769231
4,23,semiregular,1,847,835,12,694,153,141,0.8193624557260921,0.8311377245508982,1.0143712574850299,0.8252080856123661
4,23,irregular,1,9,266,257,1,8,265,0.1111111111111111,0.0037593984962406013,0.03383458646616541,0.007272727272727273
4,23,regular,2,989,999,10,950,39,49,0.9605662285136501,0.950950950950951,0.98998998998999,0.9557344064386318
4,23,semiregular,2,237,835,598,194,43,641,0.8185654008438819,0.23233532934131737,0.2838323353293413,0.3619402985074627
4,23,irregular,2,0,266,266,0,0,266,-1,-1,0.0,-1
4,23,regular,3,1046,999,47,997,49,2,0.9531548757170172,0.997997997997998,1.047047047047047,0.9750611246943764
4,23,semiregular,3,873,835,38,796,77,39,0.9117983963344788,0.9532934131736527,1.0455089820359282,0.9320843091334894
4,23,irregular,3,22,266,244,2,20,264,0.09090909090909091,0.007518796992481203,0.08270676691729323,0.013888888888888888
4,24,regular,1,1085,1079,6,1071,14,8,0.9870967741935484,0.9925857275254866,1.0055607043558852,0.9898336414048059
4,24,semiregular,1,671,680,9,603,68,77,0.8986587183308494,0.8867647058823529,0.986764705882353,0.8926720947446335
4,24,irregular,1,102,247,145,95,7,152,0.9313725490196079,0.38461538461538464,0.41295546558704455,0.5444126074498568
4,24,regular,2,1097,1079,18,1079,18,0,0.98359161349134,1.0,1.0166821130676553,0.9917279411764706
4,24,semiregular,2,613,680,67,580,33,100,0.9461663947797716,0.8529411764705882,0.9014705882352941,0.8971384377416861
4,24,irregular,2,162,247,85,154,8,93,0.9506172839506173,0.6234817813765182,0.6558704453441295,0.7530562347188263
4,24,regular,3,1083,1079,4,1070,13,9,0.9879963065558633,0.9916589434661723,1.0037071362372567,0.9898242368177613
4,24,semiregular,3,670,680,10,633,37,47,0.9447761194029851,0.9308823529411765,0.9852941176470589,0.9377777777777778
4,24,irregular,3,16,247,231,3,13,244,0.1875,0.012145748987854251,0.06477732793522267,0.022813688212927754
4,25,regular,1,954,946,8,945,9,1,0.9905660377358491,0.9989429175475687,1.0084566596194504,0.9947368421052631
4,25,semiregular,1,736,718,18,651,85,67,0.8845108695652174,0.9066852367688022,1.0250696378830084,0.8954607977991748
4,25,irregular,1,103,207,104,87,16,120,0.8446601941747572,0.42028985507246375,0.4975845410628019,0.5612903225806452
4,25,regular,2,953,946,7,945,8,1,0.9916054564533053,0.9989429175475687,1.007399577167019,0.995260663507109
4,25,semiregular,2,705,718,13,653,52,65,0.926241134751773,0.9094707520891365,0.9818941504178273,0.9177793394237527
4,25,irregular,2,123,207,84,111,12,96,0.9024390243902439,0.5362318840579711,0.5942028985507246,0.6727272727272728
4,25,regular,3,960,946,14,946,14,0,0.9854166666666667,1.0,1.014799154334038,0.9926547743966423
4,25,semiregular,3,715,718,3,664,51,54,0.9286713286713286,0.924791086350975,0.9958217270194986,0.9267271458478715
4,25,irregular,3,20,207,187,3,17,204,0.15,0.014492753623188406,0.0966183574879227,0.02643171806167401
4,26,regular,1,1078,985,93,985,93,0,0.9137291280148423,1.0,1.0944162436548224,0.954920019389239
4,26,semiregular,1,805,720,85,691,114,29,0.8583850931677018,0.9597222222222223,1.1180555555555556,0.9062295081967212
4,26,irregular,1,177,214,37,148,29,66,0.8361581920903954,0.6915887850467289,0.8271028037383178,0.7570332480818415
4,26,regular,2,1067,985,82,985,82,0,0.9231490159325211,1.0,1.083248730964467,0.9600389863547758
4,26,semiregular,2,380,720,340,340,40,380,0.8947368421052632,0.4722222222222222,0.5277777777777778,0.6181818181818182
4,26,irregular,2,137,214,77,120,17,94,0.8759124087591241,0.5607476635514018,0.6401869158878505,0.6837606837606838
4,26,regular,3,1116,985,131,985,131,0,0.8826164874551972,1.0,1.132994923857868,0.9376487386958592
4,26,semiregular,3,754,720,34,690,64,30,0.9151193633952255,0.9583333333333334,1.0472222222222223,0.9362279511533244
4,26,irregular,3,14,214,200,3,11,211,0.21428571428571427,0.014018691588785047,0.06542056074766354,0.02631578947368421
4,27,regular,1,1165,1166,1,1155,10,11,0.9914163090128756,0.9905660377358491,0.9991423670668954,0.990990990990991
4,27,semiregular,1,695,728,33,604,91,124,0.8690647482014389,0.8296703296703297,0.9546703296703297,0.848910751932537
4,27,irregular,1,81,270,189,73,8,197,0.9012345679012346,0.27037037037037037,0.3,0.41595441595441596
4,27,regular,2,1172,1166,6,1161,11,5,0.9906143344709898,0.9957118353344768,1.0051457975986278,0.9931565440547476
4,27,semiregular,2,687,728,41,639,48,89,0.9301310043668122,0.8777472527472527,0.9436813186813187,0.9031802120141343
4,27,irregular,2,195,270,75,183,12,87,0.9384615384615385,0.6777777777777778,0.7222222222222222,0.7870967741935484
4,27,regular,3,1178,1166,12,1165,13,1,0.9889643463497453,0.9991423670668954,1.0102915951972555,0.9940273037542663
4,27,semiregular,3,726,728,2,673,53,55,0.9269972451790633,0.9244505494505495,0.9972527472527473,0.9257221458046768
4,27,irregular,3,19,270,251,5,14,265,0.2631578947368421,0.018518518518518517,0.07037037037037037,0.03460207612456747
4,28,regular,1,1103,1098,5,1083,20,15,0.9818676337262012,0.9863387978142076,1.0045537340619308,0.984098137210359
4,28,semiregular,1,896,859,37,805,91,54,0.8984375,0.9371362048894063,1.0430733410942956,0.9173789173789174
4,28,irregular,1,101,293,192,79,22,214,0.7821782178217822,0.2696245733788396,0.3447098976109215,0.401015228426396
4,28,regular,2,1128,1098,30,1098,30,0,0.973404255319149,1.0,1.0273224043715847,0.986522911051213
4,28,semiregular,2,800,859,59,750,50,109,0.9375,0.8731082654249127,0.9313154831199069,0.9041591320072333
4,28,irregular,2,160,293,133,151,9,142,0.94375,0.515358361774744,0.5460750853242321,0.6666666666666666
4,28,regular,3,1125,1098,27,1098,27,0,0.976,1.0,1.0245901639344261,0.9878542510121457
4,28,semiregular,3,849,859,10,796,53,63,0.9375736160188457,0.9266589057043073,0.9883585564610011,0.9320843091334895
4,28,irregular,3,23,293,270,3,20,290,0.13043478260869565,0.010238907849829351,0.07849829351535836,0.018987341772151896
4,29,regular,1,1143,1140,3,1134,9,6,0.9921259842519685,0.9947368421052631,1.0026315789473683,0.9934296977660972
4,29,semiregular,1,966,869,97,831,135,38,0.860248447204969,0.956271576524741,1.1116225546605294,0.9057220708446867
4,29,irregular,1,135,247,112,124,11,123,0.9185185185185185,0.5020242914979757,0.5465587044534413,0.6492146596858639
4,29,regular,2,1151,1140,11,1139,12,1,0.9895742832319722,0.9991228070175439,1.0096491228070175,0.994325621999127
4,29,semiregular,2,920,869,51,815,105,54,0.8858695652173914,0.9378596087456847,1.0586881472957423,0.9111235326998324
4,29,irregular,2,178,247,69,168,10,79,0.9438202247191011,0.680161943319838,0.7206477732793523,0.7905882352941177
4,29,regular,3,1141,1140,1,1133,8,7,0.992988606485539,0.993859649122807,1.000877192982456,0.9934239368697939
4,29,semiregular,3,913,869,44,824,89,45,0.9025191675794085,0.9482163406214039,1.0506329113924051,0.9248035914702581
4,29,irregular,3,15,247,232,6,9,241,0.4,0.024291497975708502,0.06072874493927125,0.04580152671755725
4,30,regular,1,997,997,0,991,6,6,0.9939819458375125,0.9939819458375125,1.0,0.9939819458375125
4,30,semiregular,1,822,810,12,749,73,61,0.9111922141119222,0.9246913580246914,1.0148148148148148,0.9178921568627451
4,30,irregular,1,120,250,130,102,18,148,0.85,0.408,0.48,0.5513513513513513
4,30,regular,2,998,997,1,992,6,5,0.9939879759519038,0.9949849548645938,1.0010030090270812,0.9944862155388471
4,30,semiregular,2,767,810,43,719,48,91,0.9374185136897001,0.8876543209876543,0.9469135802469136,0.911857958148383
4,30,irregular,2,152,250,98,144,8,106,0.9473684210526315,0.576,0.608,0.7164179104477613
4,30,regular,3,1009,997,12,997,12,0,0.9881070366699702,1.0,1.012036108324975,0.9940179461615154
4,30,semiregular,3,824,810,14,769,55,41,0.933252427184466,0.9493827160493827,1.017283950617284,0.9412484700122398
4,30,irregular,3,25,250,225,3,22,247,0.12,0.012,0.1,0.021818181818181816
5,1,regular,1,977,937,40,921,56,16,0.9426816786079836,0.9829242262540021,1.0426894343649946,0.9623824451410657
5,1,semiregular,1,824,703,121,683,141,20,0.8288834951456311,0.9715504978662873,1.1721194879089616,0.8945645055664703
5,1,irregular,1,95,199,104,87,8,112,0.9157894736842105,0.4371859296482412,0.47738693467336685,0.5918367346938775
5,1,regular,2,1001,937,64,937,64,0,0.936063936063936,1.0,1.0683030949839916,0.9669762641898865
5,1,semiregular,2,741,703,38,644,97,59,0.8690958164642375,0.9160739687055477,1.054054054054054,0.89196675900277
5,1,irregular,2,176,199,23,161,15,38,0.9147727272727273,0.8090452261306532,0.8844221105527639,0.8586666666666666
5,1,regular,3,992,937,55,936,56,1,0.9435483870967742,0.9989327641408752,1.0586979722518677,0.9704510108864697
5,1,semiregular,3,770,703,67,673,97,30,0.874025974025974,0.957325746799431,1.0953058321479374,0.9137813985064495
5,1,irregular,3,192,199,7,171,21,28,0.890625,0.8592964824120602,0.964824120603015,0.8746803069053709
5,2,regular,1,1212,1224,12,1195,17,29,0.985973597359736,0.9763071895424836,0.9901960784313726,0.9811165845648604
5,2,semiregular,1,633,647,14,594,39,53,0.9383886255924171,0.9180834621329211,0.9783616692426584,0.9281250000000001
5,2,irregular,1,73,217,144,66,7,151,0.9041095890410958,0.30414746543778803,0.33640552995391704,0.4551724137931035
5,2,regular,2,1225,1224,1,1206,19,18,0.9844897959183674,0.9852941176470589,1.0008169934640523,0.9848917925683953
5,2,semiregular,2,631,647,16,607,24,40,0.9619651347068146,0.9381761978361669,0.9752704791344667,0.9499217527386542
5,2,irregular,2,186,217,31,172,14,45,0.9247311827956989,0.7926267281105991,0.8571428571428571,0.8535980148883374
5,2,regular,3,1244,1224,20,1219,25,5,0.979903536977492,0.9959150326797386,1.0163398692810457,0.9878444084278768
5,2,semiregular,3,654,647,7,625,29,22,0.9556574923547401,0.9659969088098919,1.010819165378671,0.9607993850883936
5,2,irregular,3,201,217,16,184,17,33,0.9154228855721394,0.847926267281106,0.9262672811059908,0.8803827751196173
5,3,regular,1,1021,1053,32,1016,5,37,0.9951028403525954,0.9648622981956315,0.9696106362773029,0.9797492767598842
5,3,semiregular,1,747,716,31,673,74,43,0.9009370816599732,0.9399441340782123,1.0432960893854748,0.9200273410799726
5,3,irregular,1,125,224,99,114,11,110,0.912,0.5089285714285714,0.5580357142857143,0.653295128939828
5,3,regular,2,1033,1053,20,1028,5,25,0.995159728944821,0.976258309591643,0.9810066476733144,0.9856184084372005
5,3,semiregular,2,734,716,18,678,56,38,0.9237057220708447,0.946927374301676,1.0251396648044693,0.9351724137931035
5,3,irregular,2,176,224,48,166,10,58,0.9431818181818182,0.7410714285714286,0.7857142857142857,0.8300000000000001
5,3,regular,3,1050,1053,3,1044,6,9,0.9942857142857143,0.9914529914529915,0.9971509971509972,0.9928673323823112
5,3,semiregular,3,736,716,20,677,59,39,0.9198369565217391,0.9455307262569832,1.0279329608938548,0.9325068870523415
5,3,irregular,3,210,224,14,190,20,34,0.9047619047619048,0.8482142857142857,0.9375,0.8755760368663595
5,4,regular,1,1116,1101,15,1097,19,4,0.9829749103942652,0.9963669391462306,1.013623978201635,0.9896256202074875
5,4,semiregular,1,701,614,87,568,133,46,0.8102710413694721,0.9250814332247557,1.1416938110749186,0.8638783269961977
5,4,irregular,1,66,228,162,60,6,168,0.9090909090909091,0.2631578947368421,0.2894736842105263,0.4081632653061224
5,4,regular,2,1121,1101,20,1101,20,0,0.9821587867975022,1.0,1.0181653042688465,0.9909990999099909
5,4,semiregular,2,626,614,12,571,55,43,0.9121405750798722,0.9299674267100977,1.019543973941368,0.9209677419354838
5,4,irregular,2,186,228,42,169,17,59,0.9086021505376344,0.7412280701754386,0.8157894736842105,0.8164251207729468
5,4,regular,3,1114,1101,13,1100,14,1,0.9874326750448833,0.9990917347865577,1.0118074477747503,0.9932279909706546
5,4,semiregular,3,629,614,15,569,60,45,0.904610492845787,0.9267100977198697,1.02442996742671,0.915526950925181
5,4,irregular,3,207,228,21,190,17,38,0.9178743961352657,0.8333333333333334,0.9078947368421053,0.8735632183908045
5,5,regular,1,1030,1044,14,1024,6,20,0.9941747572815534,0.9808429118773946,0.9865900383141762,0.987463837994214
5,5,semiregular,1,829,668,161,661,168,7,0.7973462002412546,0.9895209580838323,1.2410179640718564,0.8830995323981297
5,5,irregular,1,118,217,99,104,14,113,0.8813559322033898,0.4792626728110599,0.543778801843318,0.6208955223880597
5,5,regular,2,1041,1044,3,1034,7,10,0.9932756964457252,0.9904214559386973,0.9971264367816092,0.9918465227817745
5,5,semiregular,2,719,668,51,639,80,29,0.8887343532684284,0.9565868263473054,1.0763473053892216,0.9214131218457102
5,5,irregular,2,185,217,32,173,12,44,0.9351351351351351,0.7972350230414746,0.8525345622119815,0.8606965174129354
5,5,regular,3,1048,1044,4,1043,5,1,0.9952290076335878,0.9990421455938697,1.003831417624521,0.997131931166348
5,5,semiregular,3,731,668,63,643,88,25,0.8796169630642955,0.9625748502994012,1.094311377245509,0.9192280200142959
5,5,irregular,3,204,217,13,181,23,36,0.8872549019607843,0.8341013824884793,0.9400921658986175,0.8598574821852731
5,6,regular,1,946,915,31,907,39,8,0.9587737843551797,0.9912568306010929,1.033879781420765,0.9747447608812467
5,6,semiregular,1,773,701,72,679,94,22,0.8783958602846055,0.9686162624821684,1.102710413694722,0.921302578018996
5,6,irregular,1,105,195,90,81,24,114,0.7714285714285715,0.4153846153846154,0.5384615384615384,0.54
5,6,regular,2,963,915,48,915,48,0,0.9501557632398754,1.0,1.0524590163934426,0.9744408945686901
5,6,semiregular,2,707,701,6,661,46,40,0.9349363507779349,0.9429386590584878,1.0085592011412268,0.9389204545454545
5,6,irregular,2,158,195,37,115,43,80,0.7278481012658228,0.5897435897435898,0.8102564102564103,0.651558073654391
5,6,regular,3,955,915,40,915,40,0,0.9581151832460733,1.0,1.0437158469945356,0.9786096256684492
5,6,semiregular,3,726,701,25,677,49,24,0.9325068870523416,0.9657631954350927,1.035663338088445,0.948843728100911
5,6,irregular,3,198,195,3,173,25,22,0.8737373737373737,0.8871794871794871,1.0153846153846153,0.8804071246819338
5,7,regular,1,1234,1230,4,1214,20,16,0.9837925445705025,0.9869918699186991,1.0032520325203251,0.9853896103896103
5,7,semiregular,1,789,761,28,693,96,68,0.8783269961977186,0.9106438896189225,1.0367936925098555,0.8941935483870967
5,7,irregular,1,3,225,222,0,3,225,-1,-1,0.013333333333333334,-1
5,7,regular,2,1241,1230,11,1222,19,8,0.984689766317486,0.9934959349593496,1.0089430894308944,0.9890732496964791
5,7,semiregular,2,757,761,4,677,80,84,0.8943196829590488,0.8896189224704336,0.9947437582128777,0.8919631093544136
5,7,irregular,2,164,225,61,155,9,70,0.9451219512195121,0.6888888888888889,0.7288888888888889,0.7969151670951157
5,7,regular,3,1244,1230,14,1227,17,3,0.9863344051446945,0.9975609756097561,1.0113821138211383,0.9919159256265156
5,7,semiregular,3,797,761,36,713,84,48,0.8946047678795483,0.9369250985545335,1.0473061760840998,0.9152759948652117
5,7,irregular,3,212,225,13,192,20,33,0.9056603773584906,0.8533333333333334,0.9422222222222222,0.8787185354691076
5,8,regular,1,1038,1035,3,1023,15,12,0.9855491329479769,0.9884057971014493,1.0028985507246377,0.9869753979739507
5,8,semiregular,1,888,827,61,782,106,45,0.8806306306306306,0.9455864570737605,1.0737605804111245,0.9119533527696794
5,8,irregular,1,101,243,142,93,8,150,0.9207920792079208,0.38271604938271603,0.4156378600823045,0.5406976744186046
5,8,regular,2,1046,1035,11,1032,14,3,0.9866156787762906,0.9971014492753624,1.0106280193236714,0.991830850552619
5,8,semiregular,2,828,827,1,767,61,60,0.9263285024154589,0.9274486094316807,1.0012091898428053,0.9268882175226587
5,8,irregular,2,187,243,56,172,15,71,0.9197860962566845,0.7078189300411523,0.7695473251028807,0.7999999999999999
5,8,regular,3,1047,1035,12,1034,13,1,0.9875835721107927,0.9990338164251208,1.0115942028985507,0.9932756964457252
5,8,semiregular,3,857,827,30,788,69,39,0.9194865810968494,0.9528415961305925,1.0362756952841596,0.9358669833729216
5,8,irregular,3,215,243,28,192,23,51,0.8930232558139535,0.7901234567901234,0.8847736625514403,0.8384279475982532
5,9,regular,1,1092,1107,15,1081,11,26,0.98992673992674,0.976513098464318,0.986449864498645,0.9831741700773079
5,9,semiregular,1,658,701,43,610,48,91,0.9270516717325228,0.8701854493580599,0.9386590584878745,0.8977189109639441
5,9,irregular,1,115,266,151,111,4,155,0.9652173913043478,0.41729323308270677,0.4323308270676692,0.5826771653543307
5,9,regular,2,1088,1107,19,1077,11,30,0.9898897058823529,0.9728997289972899,0.982836495031617,0.9813211845102505
5,9,semiregular,2,610,701,91,582,28,119,0.9540983606557377,0.8302425106990015,0.8701854493580599,0.8878718535469107
5,9,irregular,2,220,266,46,207,13,59,0.9409090909090909,0.7781954887218046,0.8270676691729323,0.851851851851852
5,9,regular,3,1101,1107,6,1092,9,15,0.9918256130790191,0.986449864498645,0.994579945799458,0.9891304347826086
5,9,semiregular,3,690,701,11,660,30,41,0.9565217391304348,0.9415121255349501,0.9843081312410842,0.9489575844716033
5,9,irregular,3,227,266,39,208,19,58,0.9162995594713657,0.7819548872180451,0.8533834586466166,0.8438133874239351
5,10,regular,1,1063,1014,49,1014,49,0,0.9539040451552211,1.0,1.0483234714003944,0.9764082811747714
5,10,semiregular,1,732,656,76,641,91,15,0.8756830601092896,0.9771341463414634,1.1158536585365855,0.9236311239193083
5,10,irregular,1,118,247,129,109,9,138,0.923728813559322,0.44129554655870445,0.4777327935222672,0.5972602739726027
5,10,regular,2,1065,1014,51,1013,52,1,0.9511737089201878,0.9990138067061144,1.0502958579881656,0.9745069745069745
5,10,semiregular,2,686,656,30,618,68,38,0.9008746355685131,0.9420731707317073,1.045731707317073,0.9210134128166915
5,10,irregular,2,206,247,41,193,13,54,0.9368932038834952,0.7813765182186235,0.8340080971659919,0.8520971302428255
5,10,regular,3,1061,1014,47,1014,47,0,0.9557021677662583,1.0,1.0463510848126232,0.9773493975903614
5,10,semiregular,3,691,656,35,632,59,24,0.914616497829233,0.9634146341463414,1.0533536585365855,0.9383815887156645
5,10,irregular,3,231,247,16,207,24,40,0.8961038961038961,0.8380566801619433,0.9352226720647774,0.8661087866108786
5,11,regular,1,1067,1070,3,1062,5,8,0.9953139643861293,0.9925233644859813,0.997196261682243,0.9939167056621431
5,11,semiregular,1,805,700,105,678,127,22,0.8422360248447205,0.9685714285714285,1.15,0.9009966777408637
5,11,irregular,1,116,239,123,106,10,133,0.9137931034482759,0.4435146443514644,0.48535564853556484,0.5971830985915493
5,11,regular,2,1078,1070,8,1067,11,3,0.9897959183673469,0.997196261682243,1.0074766355140188,0.9934823091247672
5,11,semiregular,2,703,700,3,644,59,56,0.9160739687055477,0.92,1.0042857142857142,0.918032786885246
5,11,irregular,2,184,239,55,177,7,62,0.9619565217391305,0.7405857740585774,0.7698744769874477,0.8368794326241136
5,11,regular,3,1069,1070,1,1064,5,6,0.9953227315247896,0.994392523364486,0.9990654205607477,0.9948574100046751
5,11,semiregular,3,719,700,19,657,62,43,0.913769123783032,0.9385714285714286,1.0271428571428571,0.9260042283298098
5,11,irregular,3,205,239,34,188,17,51,0.9170731707317074,0.7866108786610879,0.8577405857740585,0.846846846846847
5,12,regular,1,1012,1007,5,1002,10,5,0.9901185770750988,0.9950347567030785,1.0049652432969216,0.9925705794947993
5,12,semiregular,1,799,641,158,633,166,8,0.7922403003754693,0.9875195007800313,1.2464898595943839,0.8791666666666668
5,12,irregular,1,153,204,51,140,13,64,0.9150326797385621,0.6862745098039216,0.75,0.784313725490196
5,12,regular,2,1040,1007,33,1007,33,0,0.9682692307692308,1.0,1.0327706057596822,0.9838788470933073
5,12,semiregular,2,686,641,45,591,95,50,0.8615160349854227,0.921996879875195,1.0702028081123245,0.8907309721175584
5,12,irregular,2,200,204,4,176,24,28,0.88,0.8627450980392157,0.9803921568627451,0.8712871287128714
5,12,regular,3,1027,1007,20,1007,20,0,0.9805258033106135,1.0,1.0198609731876862,0.9901671583087512
5,12,semiregular,3,670,641,29,597,73,44,0.891044776119403,0.9313572542901716,1.045241809672387,0.9107551487414187
5,12,irregular,3,211,204,7,188,23,16,0.8909952606635071,0.9215686274509803,1.0343137254901962,0.9060240963855422
5,13,regular,1,997,1000,3,990,7,10,0.9929789368104313,0.99,0.997,0.9914872308462694
5,13,semiregular,1,927,815,112,812,115,3,0.8759439050701187,0.996319018404908,1.1374233128834357,0.9322617680826636
5,13,irregular,1,136,216,80,128,8,88,0.9411764705882353,0.5925925925925926,0.6296296296296297,0.7272727272727272
5,13,regular,2,989,1000,11,980,9,20,0.9908998988877654,0.98,0.989,0.9854198089492208
5,13,semiregular,2,819,815,4,773,46,42,0.9438339438339438,0.9484662576687116,1.0049079754601227,0.9461444308445531
5,13,irregular,2,207,216,9,188,19,28,0.9082125603864735,0.8703703703703703,0.9583333333333334,0.888888888888889
5,13,regular,3,1015,1000,15,1000,15,0,0.9852216748768473,1.0,1.015,0.9925558312655086
5,13,semiregular,3,838,815,23,786,52,29,0.9379474940334129,0.9644171779141104,1.0282208588957056,0.9509981851179673
5,13,irregular,3,210,216,6,193,17,23,0.919047619047619,0.8935185185185185,0.9722222222222222,0.9061032863849765
5,14,regular,1,1032,1052,20,1025,7,27,0.9932170542635659,0.9743346007604563,0.9809885931558935,0.9836852207293666
5,14,semiregular,1,953,913,40,863,90,50,0.9055613850996852,0.9452354874041621,1.0438116100766703,0.92497320471597
5,14,irregular,1,91,217,126,88,3,129,0.967032967032967,0.4055299539170507,0.41935483870967744,0.5714285714285714
5,14,regular,2,1036,1052,16,1029,7,23,0.9932432432432432,0.9781368821292775,0.9847908745247148,0.985632183908046
5,14,semiregular,2,917,913,4,859,58,54,0.9367502726281353,0.940854326396495,1.004381161007667,0.9387978142076504
5,14,irregular,2,197,217,20,182,15,35,0.9238578680203046,0.8387096774193549,0.9078341013824884,0.8792270531400966
5,14,regular,3,1062,1052,10,1051,11,1,0.9896421845574388,0.9990494296577946,1.0095057034220531,0.9943235572374645
5,14,semiregular,3,921,913,8,864,57,49,0.9381107491856677,0.9463307776560789,1.0087623220153341,0.9422028353326063
5,14,irregular,3,195,217,22,180,15,37,0.9230769230769231,0.8294930875576036,0.8986175115207373,0.8737864077669903
5,15,regular,1,973,964,9,963,10,1,0.9897225077081192,0.9989626556016598,1.0093360995850622,0.9943211151264842
5,15,semiregular,1,879,774,105,763,116,11,0.8680318543799772,0.9857881136950905,1.1356589147286822,0.9231699939503931
5,15,irregular,1,152,218,66,146,6,72,0.9605263157894737,0.6697247706422018,0.6972477064220184,0.7891891891891892
5,15,regular,2,961,964,3,954,7,10,0.9927159209157128,0.9896265560165975,0.9968879668049793,0.9911688311688311
5,15,semiregular,2,764,774,10,723,41,51,0.9463350785340314,0.9341085271317829,0.9870801033591732,0.9401820546163848
5,15,irregular,2,190,218,28,177,13,41,0.9315789473684211,0.8119266055045872,0.8715596330275229,0.8676470588235295
5,15,regular,3,970,964,6,964,6,0,0.9938144329896907,1.0,1.0062240663900415,0.9968976215098242
5,15,semiregular,3,776,774,2,731,45,43,0.9420103092783505,0.9444444444444444,1.0025839793281655,0.9432258064516129
5,15,irregular,3,203,218,15,188,15,30,0.9261083743842364,0.8623853211009175,0.9311926605504587,0.8931116389548694
5,16,regular,1,1112,1109,3,1098,14,11,0.987410071942446,0.9900811541929666,1.0027051397655546,0.9887438090950021
5,16,semiregular,1,824,681,143,670,154,11,0.8131067961165048,0.9838472834067548,1.209985315712188,0.8903654485049834
5,16,irregular,1,40,272,232,36,4,236,0.9,0.1323529411764706,0.14705882352941177,0.23076923076923075
5,16,regular,2,1141,1109,32,1109,32,0,0.971954425942156,1.0,1.0288548241659152,0.9857777777777778
5,16,semiregular,2,681,681,0,621,60,60,0.9118942731277533,0.9118942731277533,1.0,0.9118942731277533
5,16,irregular,2,203,272,69,188,15,84,0.9261083743842364,0.6911764705882353,0.7463235294117647,0.791578947368421
5,16,regular,3,1132,1109,23,1109,23,0,0.9796819787985865,1.0,1.0207394048692515,0.9897367246764838
5,16,semiregular,3,692,681,11,641,51,40,0.9263005780346821,0.9412628487518355,1.0161527165932451,0.9337217771303714
5,16,irregular,3,217,272,55,203,14,69,0.9354838709677419,0.7463235294117647,0.7977941176470589,0.8302658486707567
5,17,regular,1,1028,1029,1,1021,7,8,0.9931906614785992,0.9922254616132167,0.9990281827016521,0.9927078269324259
5,17,semiregular,1,935,837,98,812,123,25,0.8684491978609625,0.970131421744325,1.1170848267622462,0.9164785553047405
5,17,irregular,1,83,240,157,76,7,164,0.9156626506024096,0.31666666666666665,0.3458333333333333,0.4705882352941176
5,17,regular,2,1044,1029,15,1028,16,1,0.9846743295019157,0.9990281827016521,1.0145772594752187,0.9917993246502653
5,17,semiregular,2,834,837,3,767,67,70,0.919664268585132,0.9163679808841099,0.996415770609319,0.9180131657690007
5,17,irregular,2,210,240,30,181,29,59,0.861904761904762,0.7541666666666667,0.875,0.8044444444444444
5,17,regular,3,1038,1029,9,1029,9,0,0.9913294797687862,1.0,1.0087463556851313,0.9956458635703919
5,17,semiregular,3,865,837,28,810,55,27,0.9364161849710982,0.967741935483871,1.033452807646356,0.9518213866039953
5,17,irregular,3,225,240,15,198,27,42,0.88,0.825,0.9375,0.8516129032258064
5,18,regular,1,1059,1044,15,1043,16,1,0.9848914069877243,0.9990421455938697,1.014367816091954,0.9919163100332857
5,18,semiregular,1,896,801,95,784,112,17,0.875,0.978776529338327,1.118601747815231,0.9239835002946376
5,18,irregular,1,94,252,158,88,6,164,0.9361702127659575,0.3492063492063492,0.373015873015873,0.5086705202312138
5,18,regular,2,1054,1044,10,1042,12,2,0.9886148007590133,0.9980842911877394,1.0095785440613028,0.9933269780743565
5,18,semiregular,2,813,801,12,762,51,39,0.9372693726937269,0.951310861423221,1.0149812734082397,0.9442379182156134
5,18,irregular,2,222,252,30,203,19,49,0.9144144144144144,0.8055555555555556,0.8809523809523809,0.8565400843881856
5,18,regular,3,1055,1044,11,1042,13,2,0.9876777251184834,0.9980842911877394,1.010536398467433,0.9928537398761315
5,18,semiregular,3,837,801,36,780,57,21,0.931899641577061,0.9737827715355806,1.0449438202247192,0.9523809523809524
5,18,irregular,3,236,252,16,216,20,36,0.9152542372881356,0.8571428571428571,0.9365079365079365,0.8852459016393444
5,19,regular,1,1084,1076,8,1072,12,4,0.988929889298893,0.9962825278810409,1.0074349442379182,0.9925925925925927
5,19,semiregular,1,800,753,47,726,74,27,0.9075,0.9641434262948207,1.0624169986719787,0.9349645846748229
5,19,irregular,1,130,245,115,121,9,124,0.9307692307692308,0.49387755102040815,0.5306122448979592,0.6453333333333333
5,19,regular,2,1085,1076,9,1073,12,3,0.9889400921658986,0.9972118959107806,1.008364312267658,0.9930587690883851
5,19,semiregular,2,732,753,21,691,41,62,0.9439890710382514,0.9176626826029216,0.9721115537848606,0.9306397306397306
5,19,irregular,2,219,245,26,195,24,50,0.8904109589041096,0.7959183673469388,0.8938775510204081,0.8405172413793103
5,19,regular,3,1083,1076,7,1073,10,3,0.9907663896583564,0.9972118959107806,1.0065055762081785,0.9939786938397406
5,19,semiregular,3,749,753,4,702,47,51,0.9372496662216289,0.9322709163346613,0.9946879150066401,0.9347536617842875
5,19,irregular,3,221,245,24,196,25,49,0.8868778280542986,0.8,0.9020408163265307,0.8412017167381974
5,20,regular,1,1195,1251,56,1185,10,66,0.9916317991631799,0.947242206235012,0.9552358113509193,0.9689288634505314
5,20,semiregular,1,946,841,105,798,148,43,0.8435517970401691,0.9488703923900119,1.1248513674197385,0.8931169557918299
5,20,irregular,1,129,252,123,113,16,139,0.875968992248062,0.44841269841269843,0.5119047619047619,0.5931758530183728
5,20,regular,2,1189,1251,62,1177,12,74,0.9899074852817493,0.9408473221422862,0.950439648281375,0.9647540983606557
5,20,semiregular,2,777,841,64,702,75,139,0.9034749034749034,0.8347205707491082,0.9239001189060642,0.8677379480840544
5,20,irregular,2,234,252,18,211,23,41,0.9017094017094017,0.8373015873015873,0.9285714285714286,0.8683127572016461
5,20,regular,3,1186,1251,65,1176,10,75,0.9915682967959528,0.9400479616306955,0.9480415667466027,0.9651210504718918
5,20,semiregular,3,855,841,14,773,82,68,0.904093567251462,0.9191438763376932,1.0166468489892984,0.9115566037735849
5,20,irregular,3,213,252,39,191,22,61,0.8967136150234741,0.7579365079365079,0.8452380952380952,0.821505376344086
5,21,regular,1,938,920,18,920,18,0,0.9808102345415778,1.0,1.0195652173913043,0.9903121636167923
5,21,semiregular,1,681,549,132,524,157,25,0.7694566813509545,0.9544626593806922,1.2404371584699454,0.8520325203252033
5,21,irregular,1,125,204,79,119,6,85,0.952,0.5833333333333334,0.6127450980392157,0.7234042553191489
5,21,regular,2,915,920,5,908,7,12,0.9923497267759562,0.9869565217391304,0.9945652173913043,0.9896457765667575
5,21,semiregular,2,614,549,65,520,94,29,0.8469055374592834,0.9471766848816029,1.1183970856102003,0.8942390369733448
5,21,irregular,2,172,204,32,163,9,41,0.9476744186046512,0.7990196078431373,0.8431372549019608,0.8670212765957447
5,21,regular,3,933,920,13,920,13,0,0.9860664523043944,1.0,1.0141304347826088,0.9929843497031839
5,21,semiregular,3,622,549,73,523,99,26,0.8408360128617364,0.9526411657559198,1.132969034608379,0.8932536293766012
5,21,irregular,3,199,204,5,182,17,22,0.914572864321608,0.8921568627450981,0.9754901960784313,0.9032258064516129
5,22,regular,1,979,946,33,946,33,0,0.9662921348314607,1.0,1.0348837209302326,0.9828571428571428
5,22,semiregular,1,825,703,122,681,144,22,0.8254545454545454,0.968705547652916,1.1735419630156472,0.8913612565445026
5,22,irregular,1,98,247,149,90,8,157,0.9183673469387755,0.3643724696356275,0.3967611336032389,0.5217391304347826
5,22,regular,2,958,946,12,933,25,13,0.9739039665970772,0.9862579281183932,1.0126849894291754,0.9800420168067226
5,22,semiregular,2,714,703,11,655,59,48,0.9173669467787114,0.9317211948790897,1.0156472261735419,0.9244883556810163
5,22,irregular,2,188,247,59,174,14,73,0.925531914893617,0.7044534412955465,0.7611336032388664,0.7999999999999999
5,22,regular,3,973,946,27,946,27,0,0.9722507708119219,1.0,1.0285412262156448,0.9859301719645649
5,22,semiregular,3,734,703,31,664,70,39,0.9046321525885559,0.9445234708392604,1.0440967283072546,0.9241475295755046
5,22,irregular,3,225,247,22,199,26,48,0.8844444444444445,0.805668016194332,0.9109311740890689,0.8432203389830509
5,23,regular,1,1032,999,33,985,47,14,0.9544573643410853,0.985985985985986,1.033033033033033,0.9699655342195962
5,23,semiregular,1,854,835,19,755,99,80,0.8840749414519906,0.9041916167664671,1.022754491017964,0.8940201302545885
5,23,irregular,1,4,266,262,1,3,265,0.25,0.0037593984962406013,0.015037593984962405,0.007407407407407406
5,23,regular,2,1037,999,38,988,49,11,0.95274831243973,0.988988988988989,1.038038038038038,0.9705304518664046
5,23,semiregular,2,854,835,19,782,72,53,0.9156908665105387,0.9365269461077844,1.022754491017964,0.92599171107164
5,23,irregular,2,208,266,58,190,18,76,0.9134615384615384,0.7142857142857143,0.7819548872180451,0.8016877637130801
5,23,regular,3,1050,999,51,999,51,0,0.9514285714285714,1.0,1.0510510510510511,0.9751098096632503
5,23,semiregular,3,874,835,39,797,77,38,0.9118993135011442,0.9544910179640719,1.0467065868263472,0.9327091866588648
5,23,irregular,3,242,266,24,211,31,55,0.871900826446281,0.793233082706767,0.9097744360902256,0.8307086614173229
5,24,regular,1,1072,1079,7,1057,15,22,0.9860074626865671,0.9796107506950881,0.9935125115848007,0.98279869827987
5,24,semiregular,1,684,680,4,609,75,71,0.8903508771929824,0.8955882352941177,1.0058823529411764,0.8929618768328447
5,24,irregular,1,99,247,148,97,2,150,0.9797979797979798,0.39271255060728744,0.4008097165991903,0.5606936416184971
5,24,regular,2,1074,1079,5,1060,14,19,0.9869646182495344,0.9823911028730306,0.995366079703429,0.9846725499303297
5,24,semiregular,2,642,680,38,615,27,65,0.9579439252336449,0.9044117647058824,0.9441176470588235,0.9304084720121029
5,24,irregular,2,207,247,40,198,9,49,0.9565217391304348,0.8016194331983806,0.8380566801619433,0.8722466960352423
5,24,regular,3,1083,1079,4,1074,9,5,0.9916897506925207,0.995366079703429,1.0037071362372567,0.9935245143385754
5,24,semiregular,3,690,680,10,652,38,28,0.9449275362318841,0.9588235294117647,1.0147058823529411,0.9518248175182481
5,24,irregular,3,223,247,24,213,10,34,0.9551569506726457,0.8623481781376519,0.902834008097166,0.9063829787234041
5,25,regular,1,930,946,16,924,6,22,0.9935483870967742,0.9767441860465116,0.9830866807610994,0.9850746268656716
5,25,semiregular,1,775,718,57,683,92,35,0.8812903225806452,0.9512534818941504,1.0793871866295264,0.9149363697253852
5,25,irregular,1,102,207,105,89,13,118,0.8725490196078431,0.42995169082125606,0.4927536231884058,0.576051779935275
5,25,regular,2,934,946,12,927,7,19,0.9925053533190579,0.9799154334038055,0.9873150105708245,0.9861702127659574
5,25,semiregular,2,714,718,4,657,57,61,0.9201680672268907,0.915041782729805,0.9944289693593314,0.9175977653631284
5,25,irregular,2,147,207,60,123,24,84,0.8367346938775511,0.5942028985507246,0.7101449275362319,0.6949152542372882
5,25,regular,3,965,946,19,946,19,0,0.9803108808290155,1.0,1.0200845665961944,0.9900575614861329
5,25,semiregular,3,667,718,51,609,58,109,0.9130434782608695,0.8481894150417827,0.9289693593314763,0.87942238267148
5,25,irregular,3,154,207,53,134,20,73,0.8701298701298701,0.6473429951690821,0.7439613526570048,0.7423822714681441
5,26,regular,1,1073,985,88,985,88,0,0.9179869524697111,1.0,1.0893401015228426,0.9572400388726919
5,26,semiregular,1,858,720,138,706,152,14,0.8228438228438228,0.9805555555555555,1.1916666666666667,0.8948035487959444
5,26,irregular,1,202,214,12,151,51,63,0.7475247524752475,0.705607476635514,0.9439252336448598,0.7259615384615384
5,26,regular,2,1111,985,126,985,126,0,0.8865886588658866,1.0,1.1279187817258882,0.9398854961832062
5,26,semiregular,2,777,720,57,690,87,30,0.888030888030888,0.9583333333333334,1.0791666666666666,0.9218436873747494
5,26,irregular,2,173,214,41,132,41,82,0.7630057803468208,0.616822429906542,0.8084112149532711,0.6821705426356589
5,26,regular,3,1140,985,155,985,155,0,0.8640350877192983,1.0,1.1573604060913705,0.9270588235294117
5,26,semiregular,3,770,720,50,684,86,36,0.8883116883116883,0.95,1.0694444444444444,0.9181208053691275
5,26,irregular,3,210,214,4,184,26,30,0.8761904761904762,0.8598130841121495,0.9813084112149533,0.8679245283018867
5,27,regular,1,1155,1166,11,1145,10,21,0.9913419913419913,0.9819897084048027,0.9905660377358491,0.986643688065489
5,27,semiregular,1,665,728,63,586,79,142,0.881203007518797,0.804945054945055,0.9134615384615384,0.8413496051687006
5,27,irregular,1,96,270,174,87,9,183,0.90625,0.32222222222222224,0.35555555555555557,0.4754098360655738
5,27,regular,2,1156,1166,10,1145,11,21,0.990484429065744,0.9819897084048027,0.9914236706689536,0.9862187769164513
5,27,semiregular,2,720,728,8,666,54,62,0.925,0.9148351648351648,0.989010989010989,0.9198895027624309
5,27,irregular,2,257,270,13,224,33,46,0.8715953307392996,0.8296296296296296,0.9518518518518518,0.8500948766603417
5,27,regular,3,1178,1166,12,1166,12,0,0.9898132427843803,1.0,1.0102915951972555,0.9948805460750852
5,27,semiregular,3,739,728,11,683,56,45,0.9242219215155616,0.9381868131868132,1.01510989010989,0.9311520109066121
5,27,irregular,3,236,270,34,214,22,56,0.9067796610169492,0.7925925925925926,0.8740740740740741,0.8458498023715416
5,28,regular,1,1093,1098,5,1073,20,25,0.9817017383348582,0.9772313296903461,0.9954462659380692,0.9794614331355547
5,28,semiregular,1,952,859,93,834,118,25,0.8760504201680672,0.9708963911525029,1.108265424912689,0.9210381004969629
5,28,irregular,1,94,293,199,74,20,219,0.7872340425531915,0.2525597269624573,0.32081911262798635,0.3824289405684754
5,28,regular,2,1107,1098,9,1085,22,13,0.980126467931346,0.98816029143898,1.0081967213114753,0.9841269841269841
5,28,semiregular,2,824,859,35,768,56,91,0.9320388349514563,0.8940628637951106,0.959254947613504,0.912655971479501
5,28,irregular,2,196,293,97,170,26,123,0.8673469387755102,0.5802047781569966,0.6689419795221843,0.6952965235173824
5,28,regular,3,1128,1098,30,1098,30,0,0.973404255319149,1.0,1.0273224043715847,0.986522911051213
5,28,semiregular,3,827,859,32,778,49,81,0.9407496977025392,0.9057043073341094,0.9627473806752037,0.9228944246737841
5,28,irregular,3,226,293,67,201,25,92,0.8893805309734514,0.6860068259385665,0.7713310580204779,0.7745664739884395
5,29,regular,1,1123,1140,17,1116,7,24,0.993766696349065,0.9789473684210527,0.9850877192982456,0.9863013698630138
5,29,semiregular,1,1031,869,162,858,173,11,0.8322017458777885,0.9873417721518988,1.186421173762946,0.903157894736842
5,29,irregular,1,133,247,114,118,15,129,0.8872180451127819,0.4777327935222672,0.5384615384615384,0.6210526315789474
5,29,regular,2,1132,1140,8,1124,8,16,0.9929328621908127,0.9859649122807017,0.9929824561403509,0.9894366197183098
5,29,semiregular,2,972,869,103,849,123,20,0.8734567901234568,0.9769850402761795,1.1185270425776754,0.9223248234655079
5,29,irregular,2,208,247,39,189,19,58,0.9086538461538461,0.7651821862348178,0.8421052631578947,0.8307692307692308
5,29,regular,3,1132,1140,8,1125,7,15,0.9938162544169611,0.9868421052631579,0.9929824561403509,0.9903169014084506
5,29,semiregular,3,926,869,57,826,100,43,0.8920086393088553,0.950517836593786,1.0655926352128884,0.9203342618384402
5,29,irregular,3,234,247,13,208,26,39,0.8888888888888888,0.8421052631578947,0.9473684210526315,0.8648648648648649
5,30,regular,1,997,997,0,991,6,6,0.9939819458375125,0.9939819458375125,1.0,0.9939819458375125
5,30,semiregular,1,876,810,66,782,94,28,0.8926940639269406,0.9654320987654321,1.0814814814814815,0.9276393831553973
5,30,irregular,1,125,250,125,111,14,139,0.888,0.444,0.5,0.592
5,30,regular,2,985,997,12,979,6,18,0.9939086294416244,0.9819458375125376,0.9879638916750251,0.987891019172553
5,30,semiregular,2,800,810,10,745,55,65,0.93125,0.9197530864197531,0.9876543209876543,0.9254658385093167
5,30,irregular,2,186,250,64,175,11,75,0.9408602150537635,0.7,0.744,0.8027522935779816
5,30,regular,3,1004,997,7,997,7,0,0.9930278884462151,1.0,1.0070210631895686,0.9965017491254373
5,30,semiregular,3,829,810,19,775,54,35,0.9348612786489746,0.9567901234567902,1.0234567901234568,0.9456985967053081
5,30,irregular,3,229,250,21,199,30,51,0.868995633187773,0.796,0.916,0.8308977035490606
