Test fold number,Subject,Gait,Sensor,Predicted,Actual,Difference,TP,FP,FN,PPV,Sensitivity,RCA,SDA
1,1,regular,1,982,937,45,916,66,21,0.9327902240325866,0.9775880469583778,1.048025613660619,0.9546638874413756
1,1,semiregular,1,735,703,32,629,106,74,0.85578231292517,0.8947368421052632,1.0455192034139402,0.874826147426982
1,1,irregular,1,6,199,193,1,5,198,0.16666666666666666,0.005025125628140704,0.03015075376884422,0.009756097560975611
1,1,regular,2,992,937,55,922,70,15,0.9294354838709677,0.983991462113127,1.0586979722518677,0.9559357179885951
1,1,semiregular,2,752,703,49,637,115,66,0.8470744680851063,0.9061166429587483,1.069701280227596,0.8756013745704466
1,1,irregular,2,173,199,26,145,28,54,0.838150289017341,0.7286432160804021,0.8693467336683417,0.7795698924731183
1,1,regular,3,1004,937,67,937,67,0,0.9332669322709163,1.0,1.071504802561366,0.9654817104585266
1,1,semiregular,3,737,703,34,631,106,72,0.8561736770691994,0.8975817923186344,1.0483641536273116,0.8763888888888889
1,1,irregular,3,189,199,10,153,36,46,0.8095238095238095,0.7688442211055276,0.949748743718593,0.7886597938144331
1,2,regular,1,1208,1224,16,1185,23,39,0.9809602649006622,0.9681372549019608,0.9869281045751634,0.9745065789473685
1,2,semiregular,1,583,647,64,548,35,99,0.9399656946826758,0.8469860896445132,0.9010819165378671,0.8910569105691056
1,2,irregular,1,8,217,209,3,5,214,0.375,0.013824884792626729,0.03686635944700461,0.02666666666666667
1,2,regular,2,1243,1224,19,1216,27,8,0.9782783588093322,0.9934640522875817,1.0155228758169934,0.9858127280097284
1,2,semiregular,2,612,647,35,585,27,62,0.9558823529411765,0.9041731066460588,0.9459041731066461,0.9293089753772835
1,2,irregular,2,181,217,36,154,27,63,0.850828729281768,0.7096774193548387,0.8341013824884793,0.7738693467336684
1,2,regular,3,1250,1224,26,1219,31,5,0.9752,0.9959150326797386,1.0212418300653594,0.9854486661277283
1,2,semiregular,3,653,647,6,605,48,42,0.9264931087289433,0.9350850077279753,1.009273570324575,0.9307692307692308
1,2,irregular,3,212,217,5,178,34,39,0.839622641509434,0.8202764976958525,0.9769585253456221,0.8298368298368298
1,3,regular,1,1030,1053,23,1019,11,34,0.9893203883495145,0.9677113010446344,0.9781576448243114,0.9783965434469514
1,3,semiregular,1,693,716,23,622,71,94,0.8975468975468975,0.8687150837988827,0.9678770949720671,0.8828956706884316
1,3,irregular,1,8,224,216,2,6,222,0.25,0.008928571428571428,0.03571428571428571,0.017241379310344824
1,3,regular,2,1036,1053,17,1024,12,29,0.9884169884169884,0.9724596391263058,0.9838556505223172,0.9803733843944472
1,3,semiregular,2,771,716,55,677,94,39,0.8780804150453956,0.9455307262569832,1.0768156424581006,0.9105581708137188
1,3,irregular,2,202,224,22,169,33,55,0.8366336633663366,0.7544642857142857,0.9017857142857143,0.7934272300469484
1,3,regular,3,1053,1053,0,1042,11,11,0.9895536562203229,0.9895536562203229,1.0,0.9895536562203229
1,3,semiregular,3,719,716,3,655,64,61,0.9109874826147427,0.914804469273743,1.0041899441340782,0.9128919860627178
1,3,irregular,3,206,224,18,172,34,52,0.8349514563106796,0.7678571428571429,0.9196428571428571,0.8
1,4,regular,1,1145,1101,44,1101,44,0,0.9615720524017467,1.0,1.0399636693914622,0.9804096170970614
1,4,semiregular,1,634,614,20,529,105,85,0.8343848580441641,0.8615635179153095,1.0325732899022801,0.8477564102564102
1,4,irregular,1,8,228,220,2,6,226,0.25,0.008771929824561403,0.03508771929824561,0.016949152542372878
1,4,regular,2,1157,1101,56,1101,56,0,0.9515989628349178,1.0,1.0508628519527703,0.975199291408326
1,4,semiregular,2,576,614,38,523,53,91,0.9079861111111112,0.8517915309446255,0.9381107491856677,0.8789915966386554
1,4,irregular,2,185,228,43,150,35,78,0.8108108108108109,0.6578947368421053,0.8114035087719298,0.7263922518159807
1,4,regular,3,1138,1101,37,1101,37,0,0.9674868189806678,1.0,1.033605812897366,0.9834747655203215
1,4,semiregular,3,616,614,2,545,71,69,0.8847402597402597,0.8876221498371335,1.003257328990228,0.8861788617886178
1,4,irregular,3,210,228,18,173,37,55,0.8238095238095238,0.7587719298245614,0.9210526315789473,0.7899543378995434
1,5,regular,1,1027,1044,17,1015,12,29,0.9883154819863681,0.9722222222222222,0.9837164750957854,0.9802028005794302
1,5,semiregular,1,750,668,82,630,120,38,0.84,0.9431137724550899,1.122754491017964,0.8885754583921016
1,5,irregular,1,9,217,208,0,9,217,-1,-1,0.041474654377880185,-1
1,5,regular,2,1037,1044,7,1025,12,19,0.9884281581485053,0.9818007662835249,0.9932950191570882,0.9851033157135992
1,5,semiregular,2,757,668,89,638,119,30,0.8428005284015853,0.9550898203592815,1.1332335329341316,0.8954385964912281
1,5,irregular,2,207,217,10,173,34,44,0.8357487922705314,0.7972350230414746,0.9539170506912442,0.8160377358490565
1,5,regular,3,1056,1044,12,1044,12,0,0.9886363636363636,1.0,1.0114942528735633,0.9942857142857142
1,5,semiregular,3,700,668,32,615,85,53,0.8785714285714286,0.9206586826347305,1.0479041916167664,0.8991228070175438
1,5,irregular,3,210,217,7,173,37,44,0.8238095238095238,0.7972350230414746,0.967741935483871,0.810304449648712
1,6,regular,1,980,915,65,914,66,1,0.9326530612244898,0.9989071038251366,1.0710382513661203,0.9646437994722955
1,6,semiregular,1,707,701,6,634,73,67,0.8967468175388967,0.9044222539229672,1.0085592011412268,0.9005681818181819
1,6,irregular,1,9,195,186,1,8,194,0.1111111111111111,0.005128205128205128,0.046153846153846156,0.00980392156862745
1,6,regular,2,975,915,60,915,60,0,0.9384615384615385,1.0,1.0655737704918034,0.9682539682539683
1,6,semiregular,2,758,701,57,675,83,26,0.8905013192612137,0.9629101283880172,1.0813124108416547,0.9252912954078135
1,6,irregular,2,222,195,27,135,87,60,0.6081081081081081,0.6923076923076923,1.1384615384615384,0.6474820143884892
1,6,regular,3,966,915,51,914,52,1,0.9461697722567288,0.9989071038251366,1.0557377049180328,0.9718234981392876
1,6,semiregular,3,693,701,8,635,58,66,0.9163059163059163,0.905848787446505,0.9885877318116976,0.9110473457675753
1,6,irregular,3,205,195,10,167,38,28,0.8146341463414634,0.8564102564102564,1.0512820512820513,0.835
1,7,regular,1,1245,1230,15,1216,29,14,0.976706827309237,0.9886178861788618,1.0121951219512195,0.9826262626262626
1,7,semiregular,1,751,761,10,653,98,108,0.8695073235685752,0.8580814717477004,0.9868593955321945,0.8637566137566137
1,7,irregular,1,11,225,214,2,9,223,0.18181818181818182,0.008888888888888889,0.04888888888888889,0.01694915254237288
1,7,regular,2,1269,1230,39,1229,40,1,0.9684791174152876,0.9991869918699187,1.0317073170731708,0.98359343737495
1,7,semiregular,2,764,761,3,677,87,84,0.8861256544502618,0.8896189224704336,1.0039421813403417,0.8878688524590164
1,7,irregular,2,152,225,73,132,20,93,0.868421052631579,0.5866666666666667,0.6755555555555556,0.7002652519893899
1,7,regular,3,1254,1230,24,1228,26,2,0.9792663476874003,0.9983739837398374,1.0195121951219512,0.9887278582930756
1,7,semiregular,3,736,761,25,656,80,105,0.8913043478260869,0.8620236530880421,0.9671484888304862,0.8764195056780227
1,7,irregular,3,205,225,20,178,27,47,0.8682926829268293,0.7911111111111111,0.9111111111111111,0.827906976744186
1,8,regular,1,1043,1035,8,1024,19,11,0.9817833173537871,0.9893719806763285,1.007729468599034,0.985563041385948
1,8,semiregular,1,809,827,18,725,84,102,0.896168108776267,0.8766626360338573,0.9782345828295043,0.8863080684596577
1,8,irregular,1,13,243,230,1,12,242,0.07692307692307693,0.00411522633744856,0.053497942386831275,0.007812500000000002
1,8,regular,2,1054,1035,19,1033,21,2,0.9800759013282733,0.9980676328502416,1.0183574879227053,0.9889899473432264
1,8,semiregular,2,830,827,3,765,65,62,0.9216867469879518,0.9250302297460702,1.003627569528416,0.9233554616777309
1,8,irregular,2,203,243,40,169,34,74,0.8325123152709359,0.6954732510288066,0.8353909465020576,0.7578475336322871
1,8,regular,3,1054,1035,19,1033,21,2,0.9800759013282733,0.9980676328502416,1.0183574879227053,0.9889899473432264
1,8,semiregular,3,836,827,9,765,71,62,0.9150717703349283,0.9250302297460702,1.0108827085852479,0.9200240529164161
1,8,irregular,3,214,243,29,171,43,72,0.7990654205607477,0.7037037037037037,0.8806584362139918,0.7483588621444202
1,9,regular,1,1098,1107,9,1082,16,25,0.9854280510018215,0.9774164408310749,0.991869918699187,0.98140589569161
1,9,semiregular,1,627,701,74,589,38,112,0.9393939393939394,0.8402282453637661,0.8944365192582026,0.8870481927710845
1,9,irregular,1,10,266,256,2,8,264,0.2,0.007518796992481203,0.03759398496240601,0.014492753623188406
1,9,regular,2,1113,1107,6,1096,17,11,0.9847259658580413,0.990063233965673,1.005420054200542,0.9873873873873873
1,9,semiregular,2,641,701,60,602,39,99,0.9391575663026521,0.8587731811697575,0.9144079885877318,0.8971684053651267
1,9,irregular,2,214,266,52,188,26,78,0.8785046728971962,0.706766917293233,0.8045112781954887,0.7833333333333333
1,9,regular,3,1109,1107,2,1093,16,14,0.9855725879170424,0.987353206865402,1.001806684733514,0.9864620938628158
1,9,semiregular,3,681,701,20,645,36,56,0.947136563876652,0.920114122681883,0.9714693295292439,0.9334298118668596
1,9,irregular,3,231,266,35,198,33,68,0.8571428571428571,0.7443609022556391,0.868421052631579,0.7967806841046278
1,10,regular,1,1057,1014,43,1013,44,1,0.9583727530747398,0.9990138067061144,1.042406311637081,0.9782713664896184
1,10,semiregular,1,665,656,9,605,60,51,0.9097744360902256,0.9222560975609756,1.013719512195122,0.9159727479182439
1,10,irregular,1,9,247,238,1,8,246,0.1111111111111111,0.004048582995951417,0.03643724696356275,0.0078125
1,10,regular,2,1084,1014,70,1014,70,0,0.9354243542435424,1.0,1.069033530571992,0.9666348903717827
1,10,semiregular,2,662,656,6,603,59,53,0.9108761329305136,0.9192073170731707,1.0091463414634145,0.9150227617602429
1,10,irregular,2,214,247,33,190,24,57,0.8878504672897196,0.7692307692307693,0.8663967611336032,0.824295010845987
1,10,regular,3,1064,1014,50,1014,50,0,0.9530075187969925,1.0,1.04930966469428,0.9759384023099135
1,10,semiregular,3,658,656,2,608,50,48,0.9240121580547113,0.926829268292683,1.0030487804878048,0.9254185692541858
1,10,irregular,3,222,247,25,195,27,52,0.8783783783783784,0.7894736842105263,0.8987854251012146,0.8315565031982943
1,11,regular,1,1080,1070,10,1068,12,2,0.9888888888888889,0.9981308411214953,1.0093457943925233,0.9934883720930233
1,11,semiregular,1,731,700,31,637,94,63,0.8714090287277702,0.91,1.0442857142857143,0.8902865129280223
1,11,irregular,1,9,239,230,2,7,237,0.2222222222222222,0.008368200836820083,0.03765690376569038,0.016129032258064516
1,11,regular,2,1094,1070,24,1070,24,0,0.9780621572212066,1.0,1.0224299065420561,0.988909426987061
1,11,semiregular,2,727,700,27,646,81,54,0.8885832187070152,0.9228571428571428,1.0385714285714285,0.905395935529082
1,11,irregular,2,199,239,40,175,24,64,0.8793969849246231,0.7322175732217573,0.8326359832635983,0.7990867579908675
1,11,regular,3,1087,1070,17,1069,18,1,0.983440662373505,0.9990654205607477,1.0158878504672897,0.9911914696337505
1,11,semiregular,3,683,700,17,619,64,81,0.9062957540263543,0.8842857142857142,0.9757142857142858,0.8951554591467823
1,11,irregular,3,207,239,32,173,34,66,0.8357487922705314,0.7238493723849372,0.8661087866108786,0.7757847533632286
1,12,regular,1,1029,1007,22,1007,22,0,0.9786200194363459,1.0,1.0218470705064548,0.9891944990176817
1,12,semiregular,1,710,641,69,593,117,48,0.8352112676056338,0.9251170046801872,1.107644305772231,0.8778682457438935
1,12,irregular,1,9,204,195,1,8,203,0.1111111111111111,0.004901960784313725,0.04411764705882353,0.009389671361502348
1,12,regular,2,1062,1007,55,1007,55,0,0.948210922787194,1.0,1.054617676266137,0.9734171097148381
1,12,semiregular,2,673,641,32,576,97,65,0.8558692421991084,0.8985959438377535,1.0499219968798752,0.8767123287671232
1,12,irregular,2,220,204,16,178,42,26,0.8090909090909091,0.8725490196078431,1.0784313725490196,0.8396226415094339
1,12,regular,3,1040,1007,33,1007,33,0,0.9682692307692308,1.0,1.0327706057596822,0.9838788470933073
1,12,semiregular,3,629,641,12,552,77,89,0.8775834658187599,0.8611544461778471,0.9812792511700468,0.869291338582677
1,12,irregular,3,211,204,7,171,40,33,0.8104265402843602,0.8382352941176471,1.0343137254901962,0.8240963855421687
1,13,regular,1,1018,1000,18,999,19,1,0.981335952848723,0.999,1.018,0.9900891972249751
1,13,semiregular,1,843,815,28,766,77,49,0.9086595492289442,0.939877300613497,1.034355828220859,0.9240048250904704
1,13,irregular,1,13,216,203,2,11,214,0.15384615384615385,0.009259259259259259,0.06018518518518518,0.017467248908296946
1,13,regular,2,1031,1000,31,999,32,1,0.9689621726479146,0.999,1.031,0.983751846381093
1,13,semiregular,2,853,815,38,787,66,28,0.9226260257913247,0.9656441717791411,1.0466257668711656,0.9436450839328537
1,13,irregular,2,240,216,24,196,44,20,0.8166666666666667,0.9074074074074074,1.1111111111111112,0.8596491228070176
1,13,regular,3,1028,1000,28,1000,28,0,0.9727626459143969,1.0,1.028,0.9861932938856015
1,13,semiregular,3,805,815,10,754,51,61,0.9366459627329192,0.9251533742331288,0.9877300613496932,0.9308641975308642
1,13,irregular,3,217,216,1,187,30,29,0.8617511520737328,0.8657407407407407,1.0046296296296295,0.8637413394919169
1,14,regular,1,1055,1052,3,1042,13,10,0.9876777251184834,0.9904942965779467,1.002851711026616,0.9890840056953012
1,14,semiregular,1,878,913,35,815,63,98,0.928246013667426,0.8926615553121577,0.9616648411829135,0.910106085985483
1,14,irregular,1,9,217,208,1,8,216,0.1111111111111111,0.004608294930875576,0.041474654377880185,0.008849557522123895
1,14,regular,2,1056,1052,4,1043,13,9,0.9876893939393939,0.9914448669201521,1.0038022813688212,0.9895635673624288
1,14,semiregular,2,915,913,2,850,65,63,0.9289617486338798,0.9309967141292442,1.0021905805038336,0.9299781181619257
1,14,irregular,2,218,217,1,185,33,32,0.8486238532110092,0.8525345622119815,1.0046082949308757,0.8505747126436782
1,14,regular,3,1068,1052,16,1052,16,0,0.9850187265917603,1.0,1.015209125475285,0.9924528301886792
1,14,semiregular,3,886,913,27,833,53,80,0.9401805869074492,0.9123767798466593,0.9704271631982475,0.9260700389105058
1,14,irregular,3,191,217,26,166,25,51,0.8691099476439791,0.7649769585253456,0.880184331797235,0.8137254901960784
1,15,regular,1,972,964,8,960,12,4,0.9876543209876543,0.995850622406639,1.008298755186722,0.9917355371900826
1,15,semiregular,1,783,774,9,721,62,53,0.9208173690932312,0.9315245478036176,1.0116279069767442,0.9261400128452153
1,15,irregular,1,9,218,209,2,7,216,0.2222222222222222,0.009174311926605505,0.04128440366972477,0.01762114537444934
1,15,regular,2,966,964,2,954,12,10,0.9875776397515528,0.9896265560165975,1.0020746887966805,0.9886010362694301
1,15,semiregular,2,783,774,9,727,56,47,0.9284802043422733,0.9392764857881137,1.0116279069767442,0.9338471419396275
1,15,irregular,2,218,218,0,186,32,32,0.8532110091743119,0.8532110091743119,1.0,0.8532110091743119
1,15,regular,3,971,964,7,960,11,4,0.9886714727085479,0.995850622406639,1.0072614107883817,0.9922480620155039
1,15,semiregular,3,744,774,30,695,49,79,0.9341397849462365,0.8979328165374677,0.9612403100775194,0.9156785243741765
1,15,irregular,3,209,218,9,185,24,33,0.8851674641148325,0.8486238532110092,0.9587155963302753,0.8665105386416861
1,16,regular,1,1117,1109,8,1097,20,12,0.982094897045658,0.9891794409377818,1.0072137060414788,0.9856244384546271
1,16,semiregular,1,723,681,42,611,112,70,0.8450899031811895,0.8972099853157122,1.0616740088105727,0.8703703703703703
1,16,irregular,1,8,272,264,1,7,271,0.125,0.003676470588235294,0.029411764705882353,0.0071428571428571435
1,16,regular,2,1156,1109,47,1109,47,0,0.9593425605536332,1.0,1.042380522993688,0.9792494481236202
1,16,semiregular,2,687,681,6,613,74,68,0.8922852983988355,0.9001468428781204,1.0088105726872247,0.8961988304093568
1,16,irregular,2,203,272,69,177,26,95,0.8719211822660099,0.6507352941176471,0.7463235294117647,0.7452631578947368
1,16,regular,3,1138,1109,29,1109,29,0,0.9745166959578208,1.0,1.0261496844003606,0.9870939029817535
1,16,semiregular,3,646,681,35,587,59,94,0.9086687306501547,0.8619676945668135,0.9486049926578561,0.8847023360964581
1,16,irregular,3,216,272,56,188,28,84,0.8703703703703703,0.6911764705882353,0.7941176470588235,0.7704918032786884
1,17,regular,1,1041,1029,12,1025,16,4,0.9846301633045149,0.9961127308066083,1.0116618075801749,0.9903381642512078
1,17,semiregular,1,890,837,53,790,100,47,0.8876404494382022,0.9438470728793309,1.063321385902031,0.9148812970469021
1,17,irregular,1,11,240,229,4,7,236,0.36363636363636365,0.016666666666666666,0.04583333333333333,0.03187250996015936
1,17,regular,2,1062,1029,33,1029,33,0,0.9689265536723164,1.0,1.032069970845481,0.9842180774748924
1,17,semiregular,2,845,837,8,770,75,67,0.9112426035502958,0.9199522102747909,1.009557945041816,0.915576694411415
1,17,irregular,2,221,240,19,181,40,59,0.8190045248868778,0.7541666666666667,0.9208333333333333,0.7852494577006507
1,17,regular,3,1056,1029,27,1029,27,0,0.9744318181818182,1.0,1.0262390670553936,0.9870503597122302
1,17,semiregular,3,839,837,2,776,63,61,0.9249106078665077,0.927120669056153,1.002389486260454,0.9260143198090693
1,17,irregular,3,213,240,27,186,27,54,0.8732394366197183,0.775,0.8875,0.8211920529801324
1,18,regular,1,1084,1044,40,1044,40,0,0.9630996309963099,1.0,1.0383141762452108,0.9812030075187969
1,18,semiregular,1,812,801,11,747,65,54,0.9199507389162561,0.9325842696629213,1.013732833957553,0.9262244265344078
1,18,irregular,1,8,252,244,2,6,250,0.25,0.007936507936507936,0.031746031746031744,0.015384615384615385
1,18,regular,2,1080,1044,36,1044,36,0,0.9666666666666667,1.0,1.0344827586206897,0.983050847457627
1,18,semiregular,2,815,801,14,765,50,36,0.9386503067484663,0.9550561797752809,1.017478152309613,0.9467821782178218
1,18,irregular,2,229,252,23,196,33,56,0.8558951965065502,0.7777777777777778,0.9087301587301587,0.8149688149688149
1,18,regular,3,1079,1044,35,1043,36,1,0.9666357738646896,0.9990421455938697,1.0335249042145593,0.9825718323127649
1,18,semiregular,3,814,801,13,757,57,44,0.9299754299754299,0.9450686641697877,1.0162297128589264,0.9374613003095974
1,18,irregular,3,243,252,9,208,35,44,0.8559670781893004,0.8253968253968254,0.9642857142857143,0.8404040404040405
1,19,regular,1,1107,1076,31,1073,34,3,0.969286359530262,0.9972118959107806,1.028810408921933,0.983050847457627
1,19,semiregular,1,726,753,27,669,57,84,0.9214876033057852,0.8884462151394422,0.9641434262948207,0.9046653144016228
1,19,irregular,1,7,245,238,3,4,242,0.42857142857142855,0.012244897959183673,0.02857142857142857,0.023809523809523808
1,19,regular,2,1099,1076,23,1075,24,1,0.978161965423112,0.9990706319702602,1.021375464684015,0.9885057471264368
1,19,semiregular,2,742,753,11,678,64,75,0.9137466307277629,0.900398406374502,0.9853917662682603,0.9070234113712375
1,19,irregular,2,232,245,13,189,43,56,0.8146551724137931,0.7714285714285715,0.9469387755102041,0.7924528301886794
1,19,regular,3,1101,1076,25,1074,27,2,0.9754768392370572,0.9981412639405205,1.0232342007434945,0.9866789159393661
1,19,semiregular,3,723,753,30,677,46,76,0.9363762102351314,0.899070385126162,0.9601593625498008,0.9173441734417345
1,19,irregular,3,219,245,26,184,35,61,0.8401826484018264,0.7510204081632653,0.8938775510204081,0.7931034482758621
1,20,regular,1,1197,1251,54,1181,16,70,0.9866332497911445,0.9440447641886491,0.9568345323741008,0.9648692810457516
1,20,semiregular,1,850,841,9,733,117,108,0.8623529411764705,0.8715814506539834,1.0107015457788346,0.866942637492608
1,20,irregular,1,8,252,244,2,6,250,0.25,0.007936507936507936,0.031746031746031744,0.015384615384615385
1,20,regular,2,1229,1251,22,1211,18,40,0.985353946297803,0.9680255795363709,0.982414068745004,0.9766129032258065
1,20,semiregular,2,807,841,34,721,86,120,0.8934324659231723,0.8573127229488704,0.9595719381688466,0.8750000000000001
1,20,irregular,2,229,252,23,189,40,63,0.8253275109170306,0.75,0.9087301587301587,0.7858627858627859
1,20,regular,3,1220,1251,31,1204,16,47,0.9868852459016394,0.9624300559552358,0.9752198241406874,0.9745042492917847
1,20,semiregular,3,822,841,19,730,92,111,0.8880778588807786,0.8680142687277052,0.9774078478002378,0.8779314491882142
1,20,irregular,3,228,252,24,188,40,64,0.8245614035087719,0.746031746031746,0.9047619047619048,0.7833333333333334
1,21,regular,1,943,920,23,920,23,0,0.975609756097561,1.0,1.025,0.9876543209876543
1,21,semiregular,1,603,549,54,487,116,62,0.8076285240464345,0.8870673952641166,1.098360655737705,0.845486111111111
1,21,irregular,1,8,204,196,0,8,204,-1,-1,0.0392156862745098,-1
1,21,regular,2,954,920,34,920,34,0,0.9643605870020965,1.0,1.0369565217391303,0.9818569903948774
1,21,semiregular,2,592,549,43,494,98,55,0.8344594594594594,0.8998178506375227,1.0783242258652095,0.8659070990359334
1,21,irregular,2,205,204,1,179,26,25,0.8731707317073171,0.8774509803921569,1.0049019607843137,0.8753056234718827
1,21,regular,3,946,920,26,920,26,0,0.9725158562367865,1.0,1.0282608695652173,0.9860664523043945
1,21,semiregular,3,577,549,28,485,92,64,0.8405545927209706,0.8834244080145719,1.0510018214936248,0.8614564831261101
1,21,irregular,3,202,204,2,176,26,28,0.8712871287128713,0.8627450980392157,0.9901960784313726,0.8669950738916257
1,22,regular,1,991,946,45,946,45,0,0.9545913218970736,1.0,1.047568710359408,0.9767681982447083
1,22,semiregular,1,725,703,22,634,91,69,0.8744827586206897,0.9018492176386913,1.031294452347084,0.8879551820728291
1,22,irregular,1,9,247,238,3,6,244,0.3333333333333333,0.012145748987854251,0.03643724696356275,0.0234375
1,22,regular,2,990,946,44,945,45,1,0.9545454545454546,0.9989429175475687,1.0465116279069768,0.9762396694214877
1,22,semiregular,2,712,703,9,641,71,62,0.9002808988764045,0.9118065433854907,1.0128022759601707,0.9060070671378092
1,22,irregular,2,201,247,46,170,31,77,0.845771144278607,0.6882591093117408,0.8137651821862348,0.7589285714285715
1,22,regular,3,988,946,42,946,42,0,0.9574898785425101,1.0,1.0443974630021142,0.9782833505687694
1,22,semiregular,3,683,703,20,629,54,74,0.9209370424597365,0.8947368421052632,0.9715504978662873,0.9076479076479077
1,22,irregular,3,233,247,14,194,39,53,0.8326180257510729,0.7854251012145749,0.9433198380566802,0.8083333333333333
1,23,regular,1,1040,999,41,989,51,10,0.9509615384615384,0.98998998998999,1.0410410410410411,0.9700833742030407
1,23,semiregular,1,846,835,11,740,106,95,0.8747044917257684,0.8862275449101796,1.0131736526946107,0.8804283164782868
1,23,irregular,1,15,266,251,5,10,261,0.3333333333333333,0.018796992481203006,0.05639097744360902,0.03558718861209965
1,23,regular,2,1047,999,48,996,51,3,0.9512893982808023,0.996996996996997,1.048048048048048,0.9736070381231671
1,23,semiregular,2,819,835,16,735,84,100,0.8974358974358975,0.8802395209580839,0.9808383233532935,0.8887545344619106
1,23,irregular,2,195,266,71,165,30,101,0.8461538461538461,0.6203007518796992,0.7330827067669173,0.7158351409978307
1,23,regular,3,1051,999,52,998,53,1,0.9495718363463368,0.998998998998999,1.052052052052052,0.9736585365853658
1,23,semiregular,3,851,835,16,768,83,67,0.9024676850763808,0.9197604790419162,1.0191616766467066,0.9110320284697508
1,23,irregular,3,238,266,28,189,49,77,0.7941176470588235,0.7105263157894737,0.8947368421052632,0.7499999999999999
1,24,regular,1,1090,1079,11,1072,18,7,0.9834862385321101,0.9935125115848007,1.010194624652456,0.9884739511295528
1,24,semiregular,1,650,680,30,592,58,88,0.9107692307692308,0.8705882352941177,0.9558823529411765,0.8902255639097745
1,24,irregular,1,11,247,236,0,11,247,-1,-1,0.044534412955465584,-1
1,24,regular,2,1087,1079,8,1067,20,12,0.9816007359705612,0.9888785912882299,1.0074142724745134,0.9852262234533703
1,24,semiregular,2,670,680,10,624,46,56,0.9313432835820895,0.9176470588235294,0.9852941176470589,0.9244444444444444
1,24,irregular,2,208,247,39,185,23,62,0.8894230769230769,0.7489878542510121,0.8421052631578947,0.8131868131868132
1,24,regular,3,1086,1079,7,1068,18,11,0.9834254143646409,0.989805375347544,1.0064874884151993,0.9866050808314087
1,24,semiregular,3,662,680,18,620,42,60,0.9365558912386707,0.9117647058823529,0.9735294117647059,0.9239940387481371
1,24,irregular,3,230,247,17,202,28,45,0.8782608695652174,0.8178137651821862,0.9311740890688259,0.8469601677148847
1,25,regular,1,950,946,4,938,12,8,0.9873684210526316,0.9915433403805497,1.0042283298097252,0.989451476793249
1,25,semiregular,1,715,718,3,630,85,88,0.8811188811188811,0.8774373259052924,0.9958217270194986,0.8792742498255408
1,25,irregular,1,14,207,193,1,13,206,0.07142857142857142,0.004830917874396135,0.06763285024154589,0.00904977375565611
1,25,regular,2,953,946,7,940,13,6,0.9863588667366212,0.9936575052854123,1.007399577167019,0.9899947340705634
1,25,semiregular,2,743,718,25,667,76,51,0.8977119784656796,0.9289693593314763,1.0348189415041782,0.9130732375085558
1,25,irregular,2,159,207,48,128,31,79,0.8050314465408805,0.6183574879227053,0.7681159420289855,0.6994535519125684
1,25,regular,3,954,946,8,941,13,5,0.9863731656184487,0.9947145877378436,1.0084566596194504,0.9905263157894738
1,25,semiregular,3,698,718,20,632,66,86,0.9054441260744985,0.8802228412256268,0.9721448467966574,0.8926553672316384
1,25,irregular,3,162,207,45,130,32,77,0.8024691358024691,0.6280193236714976,0.782608695652174,0.7046070460704607
1,26,regular,1,1067,985,82,985,82,0,0.9231490159325211,1.0,1.083248730964467,0.9600389863547758
1,26,semiregular,1,770,720,50,672,98,48,0.8727272727272727,0.9333333333333333,1.0694444444444444,0.9020134228187919
1,26,irregular,1,10,214,204,3,7,211,0.3,0.014018691588785047,0.04672897196261682,0.026785714285714288
1,26,regular,2,1065,985,80,985,80,0,0.9248826291079812,1.0,1.0812182741116751,0.9609756097560975
1,26,semiregular,2,692,720,28,630,62,90,0.9104046242774566,0.875,0.9611111111111111,0.8923512747875355
1,26,irregular,2,187,214,27,148,39,66,0.7914438502673797,0.6915887850467289,0.8738317757009346,0.7381546134663343
1,26,regular,3,1057,985,72,985,72,0,0.9318826868495743,1.0,1.0730964467005075,0.9647404505386875
1,26,semiregular,3,679,720,41,620,59,100,0.9131075110456554,0.8611111111111112,0.9430555555555555,0.8863473909935669
1,26,irregular,3,223,214,9,175,48,39,0.7847533632286996,0.8177570093457944,1.0420560747663552,0.8009153318077803
1,27,regular,1,1159,1166,7,1144,15,22,0.9870578084555651,0.9811320754716981,0.9939965694682675,0.9840860215053764
1,27,semiregular,1,666,728,62,598,68,130,0.8978978978978979,0.8214285714285714,0.9148351648351648,0.8579626972740315
1,27,irregular,1,13,270,257,2,11,268,0.15384615384615385,0.007407407407407408,0.04814814814814815,0.014134275618374558
1,27,regular,2,1177,1166,11,1160,17,6,0.9855564995751912,0.9948542024013722,1.009433962264151,0.9901835253947929
1,27,semiregular,2,731,728,3,667,64,61,0.9124487004103967,0.9162087912087912,1.004120879120879,0.9143248800548321
1,27,irregular,2,236,270,34,206,30,64,0.8728813559322034,0.762962962962963,0.8740740740740741,0.8142292490118577
1,27,regular,3,1184,1166,18,1166,18,0,0.9847972972972973,1.0,1.0154373927958833,0.9923404255319148
1,27,semiregular,3,718,728,10,662,56,66,0.9220055710306406,0.9093406593406593,0.9862637362637363,0.9156293222683264
1,27,irregular,3,240,270,30,209,31,61,0.8708333333333333,0.774074074074074,0.8888888888888888,0.8196078431372549
1,28,regular,1,1102,1098,4,1078,24,20,0.9782214156079855,0.9817850637522769,1.0036429872495447,0.98
1,28,semiregular,1,876,859,17,784,92,75,0.8949771689497716,0.9126891734575088,1.019790454016298,0.9037463976945245
1,28,irregular,1,16,293,277,2,14,291,0.125,0.006825938566552901,0.05460750853242321,0.012944983818770227
1,28,regular,2,1123,1098,25,1095,28,3,0.97506678539626,0.9972677595628415,1.022768670309654,0.9860423232778028
1,28,semiregular,2,846,859,13,784,62,75,0.9267139479905437,0.9126891734575088,0.9848661233993015,0.9196480938416423
1,28,irregular,2,202,293,91,163,39,130,0.806930693069307,0.5563139931740614,0.689419795221843,0.6585858585858586
1,28,regular,3,1122,1098,24,1095,27,3,0.9759358288770054,0.9972677595628415,1.0218579234972678,0.9864864864864865
1,28,semiregular,3,852,859,7,794,58,65,0.931924882629108,0.9243306169965075,0.9918509895227008,0.9281122150789012
1,28,irregular,3,234,293,59,191,43,102,0.8162393162393162,0.6518771331058021,0.7986348122866894,0.7248576850094877
1,29,regular,1,1140,1140,0,1127,13,13,0.9885964912280701,0.9885964912280701,1.0,0.9885964912280701
1,29,semiregular,1,931,869,62,806,125,63,0.8657357679914071,0.9275028768699655,1.0713463751438435,0.8955555555555555
1,29,irregular,1,10,247,237,3,7,244,0.3,0.012145748987854251,0.04048582995951417,0.023346303501945526
1,29,regular,2,1156,1140,16,1140,16,0,0.986159169550173,1.0,1.0140350877192983,0.9930313588850175
1,29,semiregular,2,942,869,73,827,115,42,0.8779193205944799,0.9516685845799769,1.0840046029919448,0.9133075648812811
1,29,irregular,2,239,247,8,197,42,50,0.8242677824267782,0.7975708502024291,0.9676113360323887,0.8106995884773662
1,29,regular,3,1140,1140,0,1127,13,13,0.9885964912280701,0.9885964912280701,1.0,0.9885964912280701
1,29,semiregular,3,864,869,5,773,91,96,0.8946759259259259,0.8895281933256617,0.9942462600690449,0.8920946335833814
1,29,irregular,3,238,247,9,200,38,47,0.8403361344537815,0.8097165991902834,0.9635627530364372,0.8247422680412371
1,30,regular,1,996,997,1,985,11,12,0.9889558232931727,0.9879638916750251,0.9989969909729187,0.9884596086302058
1,30,semiregular,1,811,810,1,743,68,67,0.9161528976572133,0.917283950617284,1.0012345679012347,0.9167180752621839
1,30,irregular,1,17,250,233,3,14,247,0.17647058823529413,0.012,0.068,0.02247191011235955
1,30,regular,2,1016,997,19,997,19,0,0.9812992125984252,1.0,1.0190571715145436,0.990561351217089
1,30,semiregular,2,819,810,9,754,65,56,0.9206349206349206,0.9308641975308642,1.011111111111111,0.9257213014119092
1,30,irregular,2,210,250,40,177,33,73,0.8428571428571429,0.708,0.84,0.7695652173913045
1,30,regular,3,1011,997,14,997,14,0,0.9861523244312562,1.0,1.0140421263791375,0.9930278884462151
1,30,semiregular,3,808,810,2,745,63,65,0.9220297029702971,0.9197530864197531,0.9975308641975309,0.9208899876390606
1,30,irregular,3,228,250,22,182,46,68,0.7982456140350878,0.728,0.912,0.7615062761506276
2,1,regular,1,1009,937,72,937,72,0,0.9286422200198216,1.0,1.0768409818569904,0.9630010277492292
2,1,semiregular,1,782,703,79,645,137,58,0.8248081841432225,0.9174964438122333,1.112375533428165,0.8686868686868687
2,1,irregular,1,7,199,192,4,3,195,0.5714285714285714,0.020100502512562814,0.035175879396984924,0.038834951456310676
2,1,regular,2,1008,937,71,936,72,1,0.9285714285714286,0.9989327641408752,1.0757737459978656,0.9624678663239075
2,1,semiregular,2,726,703,23,627,99,76,0.8636363636363636,0.8918918918918919,1.0327169274537695,0.8775367389783065
2,1,irregular,2,184,199,15,157,27,42,0.8532608695652174,0.7889447236180904,0.9246231155778895,0.8198433420365535
2,1,regular,3,1003,937,66,936,67,1,0.9332003988035892,0.9989327641408752,1.0704375667022412,0.9649484536082474
2,1,semiregular,3,755,703,52,644,111,59,0.8529801324503311,0.9160739687055477,1.073968705547653,0.8834019204389574
2,1,irregular,3,7,199,192,1,6,198,0.14285714285714285,0.005025125628140704,0.035175879396984924,0.009708737864077669
2,2,regular,1,1222,1224,2,1200,22,24,0.9819967266775778,0.9803921568627451,0.9983660130718954,0.98119378577269
2,2,semiregular,1,628,647,19,582,46,65,0.9267515923566879,0.8995363214837713,0.9706336939721792,0.9129411764705884
2,2,irregular,1,9,217,208,0,9,217,-1,-1,0.041474654377880185,-1
2,2,regular,2,1236,1224,12,1210,26,14,0.9789644012944984,0.988562091503268,1.0098039215686274,0.983739837398374
2,2,semiregular,2,636,647,11,603,33,44,0.9481132075471698,0.9319938176197836,0.9829984544049459,0.9399844115354636
2,2,irregular,2,191,217,26,168,23,49,0.8795811518324608,0.7741935483870968,0.880184331797235,0.823529411764706
2,2,regular,3,1221,1224,3,1197,24,27,0.9803439803439803,0.9779411764705882,0.9975490196078431,0.9791411042944784
2,2,semiregular,3,670,647,23,627,43,20,0.935820895522388,0.9690880989180835,1.035548686244204,0.9521640091116172
2,2,irregular,3,9,217,208,1,8,216,0.1111111111111111,0.004608294930875576,0.041474654377880185,0.008849557522123895
2,3,regular,1,1040,1053,13,1029,11,24,0.989423076923077,0.9772079772079773,0.9876543209876543,0.983277591973244
2,3,semiregular,1,742,716,26,662,80,54,0.8921832884097035,0.9245810055865922,1.0363128491620113,0.9080932784636488
2,3,irregular,1,9,224,215,2,7,222,0.2222222222222222,0.008928571428571428,0.04017857142857143,0.017167381974248927
2,3,regular,2,1040,1053,13,1029,11,24,0.989423076923077,0.9772079772079773,0.9876543209876543,0.983277591973244
2,3,semiregular,2,725,716,9,660,65,56,0.9103448275862069,0.9217877094972067,1.0125698324022345,0.916030534351145
2,3,irregular,2,191,224,33,164,27,60,0.8586387434554974,0.7321428571428571,0.8526785714285714,0.7903614457831325
2,3,regular,3,1033,1053,20,1022,11,31,0.989351403678606,0.9705603038936372,0.9810066476733144,0.9798657718120806
2,3,semiregular,3,738,716,22,664,74,52,0.8997289972899729,0.9273743016759777,1.0307262569832403,0.9133425034387895
2,3,irregular,3,9,224,215,4,5,220,0.4444444444444444,0.017857142857142856,0.04017857142857143,0.034334763948497854
2,4,regular,1,1120,1101,19,1097,23,4,0.9794642857142857,0.9963669391462306,1.017257039055404,0.9878433138226024
2,4,semiregular,1,680,614,66,557,123,57,0.8191176470588235,0.9071661237785016,1.1074918566775245,0.8608964451313755
2,4,irregular,1,9,228,219,0,9,228,-1,-1,0.039473684210526314,-1
2,4,regular,2,1121,1101,20,1100,21,1,0.9812667261373773,0.9990917347865577,1.0181653042688465,0.9900990099009901
2,4,semiregular,2,622,614,8,556,66,58,0.8938906752411575,0.9055374592833876,1.013029315960912,0.8996763754045307
2,4,irregular,2,189,228,39,169,20,59,0.8941798941798942,0.7412280701754386,0.8289473684210527,0.8105515587529977
2,4,regular,3,1097,1101,4,1079,18,22,0.98359161349134,0.9800181653042689,0.9963669391462306,0.9818016378525933
2,4,semiregular,3,629,614,15,557,72,57,0.8855325914149443,0.9071661237785016,1.02442996742671,0.8962188254223653
2,4,irregular,3,10,228,218,0,10,228,-1,-1,0.043859649122807015,-1
2,5,regular,1,1049,1044,5,1037,12,7,0.988560533841754,0.9932950191570882,1.0047892720306513,0.990922121356904
2,5,semiregular,1,792,668,124,649,143,19,0.8194444444444444,0.9715568862275449,1.18562874251497,0.8890410958904109
2,5,irregular,1,10,217,207,1,9,216,0.1,0.004608294930875576,0.04608294930875576,0.00881057268722467
2,5,regular,2,1052,1044,8,1040,12,4,0.9885931558935361,0.9961685823754789,1.0076628352490422,0.9923664122137406
2,5,semiregular,2,698,668,30,612,86,56,0.8767908309455588,0.9161676646706587,1.0449101796407185,0.8960468521229868
2,5,irregular,2,190,217,27,168,22,49,0.8842105263157894,0.7741935483870968,0.8755760368663594,0.8255528255528256
2,5,regular,3,1038,1044,6,1026,12,18,0.9884393063583815,0.9827586206896551,0.9942528735632183,0.9855907780979827
2,5,semiregular,3,725,668,57,634,91,34,0.8744827586206897,0.9491017964071856,1.0853293413173652,0.9102656137832017
2,5,irregular,3,11,217,206,4,7,213,0.36363636363636365,0.018433179723502304,0.05069124423963134,0.03508771929824561
2,6,regular,1,977,915,62,915,62,0,0.9365404298874105,1.0,1.06775956284153,0.9672304439746301
2,6,semiregular,1,746,701,45,663,83,38,0.8887399463806971,0.9457917261055635,1.0641940085592012,0.9163787145818936
2,6,irregular,1,10,195,185,0,10,195,-1,-1,0.05128205128205128,-1
2,6,regular,2,972,915,57,914,58,1,0.9403292181069959,0.9989071038251366,1.062295081967213,0.9687334393216745
2,6,semiregular,2,712,701,11,657,55,44,0.922752808988764,0.9372325249643366,1.0156918687589158,0.929936305732484
2,6,irregular,2,163,195,32,128,35,67,0.7852760736196319,0.6564102564102564,0.8358974358974359,0.7150837988826815
2,6,regular,3,957,915,42,910,47,5,0.9508881922675027,0.994535519125683,1.0459016393442624,0.9722222222222223
2,6,semiregular,3,727,701,26,658,69,43,0.9050894085281981,0.9386590584878745,1.037089871611983,0.9215686274509803
2,6,irregular,3,10,195,185,0,10,195,-1,-1,0.05128205128205128,-1
2,7,regular,1,1247,1230,17,1219,28,11,0.9775461106655974,0.9910569105691057,1.0138211382113822,0.9842551473556721
2,7,semiregular,1,444,761,317,368,76,393,0.8288288288288288,0.4835742444152431,0.5834428383705651,0.6107883817427385
2,7,irregular,1,13,225,212,2,11,223,0.15384615384615385,0.008888888888888889,0.057777777777777775,0.01680672268907563
2,7,regular,2,1273,1230,43,1229,44,1,0.9654359780047133,0.9991869918699187,1.034959349593496,0.9820215741110666
2,7,semiregular,2,751,761,10,679,72,82,0.9041278295605859,0.8922470433639947,0.9868593955321945,0.8981481481481481
2,7,irregular,2,173,225,52,161,12,64,0.930635838150289,0.7155555555555555,0.7688888888888888,0.8090452261306532
2,7,regular,3,1231,1230,1,1211,20,19,0.983753046303818,0.9845528455284552,1.0008130081300812,0.9841527834213732
2,7,semiregular,3,786,761,25,693,93,68,0.8816793893129771,0.9106438896189225,1.0328515111695138,0.8959276018099548
2,7,irregular,3,13,225,212,3,10,222,0.23076923076923078,0.013333333333333334,0.057777777777777775,0.025210084033613446
2,8,regular,1,1054,1035,19,1028,26,7,0.9753320683111955,0.9932367149758454,1.0183574879227053,0.9842029679272379
2,8,semiregular,1,835,827,8,746,89,81,0.8934131736526946,0.9020556227327691,1.0096735187424426,0.8977135980746088
2,8,irregular,1,15,243,228,3,12,240,0.2,0.012345679012345678,0.06172839506172839,0.023255813953488372
2,8,regular,2,1044,1035,9,1025,19,10,0.9818007662835249,0.9903381642512077,1.008695652173913,0.986050986050986
2,8,semiregular,2,803,827,24,740,63,87,0.9215442092154421,0.8948004836759371,0.9709794437726723,0.9079754601226994
2,8,irregular,2,191,243,52,167,24,76,0.8743455497382199,0.6872427983539094,0.7860082304526749,0.7695852534562212
2,8,regular,3,1034,1035,1,1016,18,19,0.9825918762088974,0.9816425120772947,0.9990338164251208,0.9821169647172546
2,8,semiregular,3,871,827,44,782,89,45,0.8978185993111366,0.9455864570737605,1.053204353083434,0.9210836277974087
2,8,irregular,3,15,243,228,0,15,243,-1,-1,0.06172839506172839,-1
2,9,regular,1,1092,1107,15,1076,16,31,0.9853479853479854,0.971996386630533,0.986449864498645,0.9786266484765803
2,9,semiregular,1,632,701,69,589,43,112,0.9319620253164557,0.8402282453637661,0.9015691868758916,0.8837209302325582
2,9,irregular,1,12,266,254,0,12,266,-1,-1,0.045112781954887216,-1
2,9,regular,2,1100,1107,7,1084,16,23,0.9854545454545455,0.979223125564589,0.993676603432701,0.9823289533303127
2,9,semiregular,2,630,701,71,592,38,109,0.9396825396825397,0.8445078459343794,0.8987161198288159,0.8895567242674681
2,9,irregular,2,210,266,56,189,21,77,0.9,0.7105263157894737,0.7894736842105263,0.7941176470588235
2,9,regular,3,1084,1107,23,1068,16,39,0.985239852398524,0.964769647696477,0.979223125564589,0.9748973071656778
2,9,semiregular,3,702,701,1,658,44,43,0.9373219373219374,0.9386590584878745,1.0014265335235377,0.9379900213827513
2,9,irregular,3,12,266,254,3,9,263,0.25,0.011278195488721804,0.045112781954887216,0.02158273381294964
2,10,regular,1,1089,1014,75,1014,75,0,0.931129476584022,1.0,1.0739644970414202,0.964336661911555
2,10,semiregular,1,705,656,49,630,75,26,0.8936170212765957,0.9603658536585366,1.0746951219512195,0.9257898603967671
2,10,irregular,1,10,247,237,3,7,244,0.3,0.012145748987854251,0.04048582995951417,0.023346303501945526
2,10,regular,2,1097,1014,83,1014,83,0,0.9243391066545124,1.0,1.081854043392505,0.9606821411653245
2,10,semiregular,2,687,656,31,613,74,43,0.8922852983988355,0.9344512195121951,1.0472560975609757,0.9128816083395384
2,10,irregular,2,200,247,47,183,17,64,0.915,0.7408906882591093,0.8097165991902834,0.8187919463087249
2,10,regular,3,1069,1014,55,1014,55,0,0.9485500467726847,1.0,1.054240631163708,0.9735957753240517
2,10,semiregular,3,677,656,21,612,65,44,0.9039881831610044,0.9329268292682927,1.0320121951219512,0.9182295573893474
2,10,irregular,3,10,247,237,1,9,246,0.1,0.004048582995951417,0.04048582995951417,0.007782101167315176
2,11,regular,1,1079,1070,9,1067,12,3,0.9888785912882299,0.997196261682243,1.0084112149532711,0.9930200093066543
2,11,semiregular,1,782,700,82,671,111,29,0.8580562659846548,0.9585714285714285,1.1171428571428572,0.9055330634278003
2,11,irregular,1,10,239,229,2,8,237,0.2,0.008368200836820083,0.04184100418410042,0.01606425702811245
2,11,regular,2,1094,1070,24,1070,24,0,0.9780621572212066,1.0,1.0224299065420561,0.988909426987061
2,11,semiregular,2,700,700,0,630,70,70,0.9,0.9,1.0,0.9
2,11,irregular,2,189,239,50,162,27,77,0.8571428571428571,0.6778242677824268,0.7907949790794979,0.7570093457943926
2,11,regular,3,1052,1070,18,1039,13,31,0.9876425855513308,0.9710280373831776,0.983177570093458,0.9792648444863336
2,11,semiregular,3,723,700,23,639,84,61,0.8838174273858921,0.9128571428571428,1.032857142857143,0.8981026001405481
2,11,irregular,3,10,239,229,3,7,236,0.3,0.012552301255230125,0.04184100418410042,0.024096385542168676
2,12,regular,1,1039,1007,32,1007,32,0,0.9692011549566891,1.0,1.0317775571002978,0.9843597262952101
2,12,semiregular,1,759,641,118,613,146,28,0.8076416337285902,0.9563182527301092,1.1840873634945397,0.8757142857142857
2,12,irregular,1,10,204,194,3,7,201,0.3,0.014705882352941176,0.049019607843137254,0.028037383177570093
2,12,regular,2,1075,1007,68,1007,68,0,0.9367441860465117,1.0,1.067527308838133,0.9673390970220942
2,12,semiregular,2,665,641,24,573,92,68,0.8616541353383459,0.8939157566302652,1.0374414976599065,0.877488514548239
2,12,irregular,2,203,204,1,168,35,36,0.8275862068965517,0.8235294117647058,0.9950980392156863,0.8255528255528255
2,12,regular,3,1028,1007,21,1007,21,0,0.9795719844357976,1.0,1.0208540218470705,0.9896805896805896
2,12,semiregular,3,668,641,27,582,86,59,0.8712574850299402,0.9079563182527302,1.0421216848673946,0.8892284186401834
2,12,irregular,3,11,204,193,3,8,201,0.2727272727272727,0.014705882352941176,0.05392156862745098,0.027906976744186046
2,13,regular,1,1018,1000,18,1000,18,0,0.9823182711198428,1.0,1.018,0.9910802775024777
2,13,semiregular,1,894,815,79,793,101,22,0.8870246085011185,0.9730061349693252,1.0969325153374234,0.9280280866003511
2,13,irregular,1,14,216,202,3,11,213,0.21428571428571427,0.013888888888888888,0.06481481481481481,0.02608695652173913
2,13,regular,2,1010,1000,10,997,13,3,0.9871287128712871,0.997,1.01,0.992039800995025
2,13,semiregular,2,821,815,6,764,57,51,0.9305724725943971,0.9374233128834356,1.007361963190184,0.9339853300733497
2,13,irregular,2,199,216,17,173,26,43,0.8693467336683417,0.8009259259259259,0.9212962962962963,0.8337349397590362
2,13,regular,3,1014,1000,14,998,16,2,0.9842209072978304,0.998,1.014,0.9910625620655412
2,13,semiregular,3,847,815,32,781,66,34,0.922077922077922,0.9582822085889571,1.0392638036809816,0.9398315282791817
2,13,irregular,3,15,216,201,2,13,214,0.13333333333333333,0.009259259259259259,0.06944444444444445,0.017316017316017313
2,14,regular,1,1052,1052,0,1039,13,13,0.9876425855513308,0.9876425855513308,1.0,0.9876425855513308
2,14,semiregular,1,951,913,38,862,89,51,0.9064143007360673,0.9441401971522454,1.0416210295728368,0.9248927038626611
2,14,irregular,1,10,217,207,3,7,214,0.3,0.013824884792626729,0.04608294930875576,0.026431718061674013
2,14,regular,2,1053,1052,1,1040,13,12,0.9876543209876543,0.9885931558935361,1.0009505703422052,0.98812351543943
2,14,semiregular,2,891,913,22,838,53,75,0.9405162738496072,0.9178532311062432,0.9759036144578314,0.9290465631929047
2,14,irregular,2,202,217,15,176,26,41,0.8712871287128713,0.8110599078341014,0.9308755760368663,0.8400954653937948
2,14,regular,3,1041,1052,11,1030,11,22,0.989433237271854,0.9790874524714829,0.9895437262357415,0.9842331581462015
2,14,semiregular,3,915,913,2,852,63,61,0.9311475409836065,0.9331872946330778,1.0021905805038336,0.9321663019693656
2,14,irregular,3,10,217,207,2,8,215,0.2,0.009216589861751152,0.04608294930875576,0.01762114537444934
2,15,regular,1,972,964,8,960,12,4,0.9876543209876543,0.995850622406639,1.008298755186722,0.9917355371900826
2,15,semiregular,1,829,774,55,740,89,34,0.8926417370325693,0.9560723514211886,1.0710594315245479,0.9232688708671242
2,15,irregular,1,10,218,208,0,10,218,-1,-1,0.045871559633027525,-1
2,15,regular,2,962,964,2,949,13,15,0.9864864864864865,0.9844398340248963,0.9979253112033195,0.9854620976116304
2,15,semiregular,2,764,774,10,715,49,59,0.9358638743455497,0.9237726098191215,0.9870801033591732,0.9297789336801041
2,15,irregular,2,191,218,27,166,25,52,0.8691099476439791,0.7614678899082569,0.8761467889908257,0.8117359413202934
2,15,regular,3,951,964,13,940,11,24,0.9884332281808622,0.975103734439834,0.9865145228215768,0.9817232375979112
2,15,semiregular,3,779,774,5,718,61,56,0.9216944801026957,0.9276485788113695,1.0064599483204135,0.9246619446233096
2,15,irregular,3,11,218,207,0,11,218,-1,-1,0.05045871559633028,-1
2,16,regular,1,1135,1109,26,1109,26,0,0.9770925110132158,1.0,1.0234445446348062,0.9884135472370766
2,16,semiregular,1,777,681,96,652,125,29,0.8391248391248392,0.9574155653450808,1.1409691629955947,0.8943758573388203
2,16,irregular,1,10,272,262,1,9,271,0.1,0.003676470588235294,0.03676470588235294,0.0070921985815602835
2,16,regular,2,1150,1109,41,1109,41,0,0.9643478260869566,1.0,1.036970243462579,0.981850376272687
2,16,semiregular,2,664,681,17,596,68,85,0.8975903614457831,0.8751835535976505,0.9750367107195301,0.8862453531598513
2,16,irregular,2,214,272,58,193,21,79,0.9018691588785047,0.7095588235294118,0.7867647058823529,0.7942386831275721
2,16,regular,3,1120,1109,11,1099,21,10,0.98125,0.9909828674481514,1.0099188458070334,0.9860924181247195
2,16,semiregular,3,697,681,16,617,80,64,0.8852223816355811,0.9060205580029369,1.0234948604992657,0.8955007256894049
2,16,irregular,3,10,272,262,2,8,270,0.2,0.007352941176470588,0.03676470588235294,0.014184397163120567
2,17,regular,1,1044,1029,15,1027,17,2,0.9837164750957854,0.9980563654033042,1.0145772594752187,0.9908345393150023
2,17,semiregular,1,900,837,63,791,109,46,0.8788888888888889,0.945041816009558,1.075268817204301,0.9107656879677605
2,17,irregular,1,12,240,228,3,9,237,0.25,0.0125,0.05,0.023809523809523808
2,17,regular,2,1053,1029,24,1029,24,0,0.9772079772079773,1.0,1.0233236151603498,0.9884726224783863
2,17,semiregular,2,841,837,4,772,69,65,0.9179548156956004,0.9223416965352449,1.004778972520908,0.9201430274135877
2,17,irregular,2,208,240,32,177,31,63,0.8509615384615384,0.7375,0.8666666666666667,0.7901785714285714
2,17,regular,3,1050,1029,21,1029,21,0,0.98,1.0,1.0204081632653061,0.98989898989899
2,17,semiregular,3,854,837,17,788,66,49,0.9227166276346604,0.9414575866188769,1.020310633213859,0.9319929036073329
2,17,irregular,3,12,240,228,3,9,237,0.25,0.0125,0.05,0.023809523809523808
2,18,regular,1,1065,1044,21,1040,25,4,0.9765258215962441,0.9961685823754789,1.0201149425287357,0.9862494073020389
2,18,semiregular,1,850,801,49,768,82,33,0.9035294117647059,0.9588014981273408,1.0611735330836454,0.9303452453058753
2,18,irregular,1,9,252,243,2,7,250,0.2222222222222222,0.007936507936507936,0.03571428571428571,0.01532567049808429
2,18,regular,2,1067,1044,23,1043,24,1,0.9775070290534208,0.9990421455938697,1.0220306513409962,0.9881572714353387
2,18,semiregular,2,798,801,3,745,53,56,0.9335839598997494,0.9300873907615481,0.9962546816479401,0.9318323952470294
2,18,irregular,2,222,252,30,195,27,57,0.8783783783783784,0.7738095238095238,0.8809523809523809,0.8227848101265823
2,18,regular,3,1069,1044,25,1042,27,2,0.9747427502338635,0.9980842911877394,1.0239463601532568,0.9862754377662092
2,18,semiregular,3,826,801,25,764,62,37,0.9249394673123487,0.9538077403245943,1.0312109862671661,0.9391518131530424
2,18,irregular,3,10,252,242,5,5,247,0.5,0.01984126984126984,0.03968253968253968,0.038167938931297704
2,19,regular,1,1107,1076,31,1073,34,3,0.969286359530262,0.9972118959107806,1.028810408921933,0.983050847457627
2,19,semiregular,1,790,753,37,721,69,32,0.9126582278481012,0.9575033200531209,1.049136786188579,0.9345430978613091
2,19,irregular,1,8,245,237,0,8,245,-1,-1,0.0326530612244898,-1
2,19,regular,2,1108,1076,32,1074,34,2,0.9693140794223827,0.9981412639405205,1.029739776951673,0.9835164835164836
2,19,semiregular,2,723,753,30,674,49,79,0.9322268326417704,0.8950863213811421,0.9601593625498008,0.9132791327913279
2,19,irregular,2,217,245,28,181,36,64,0.8341013824884793,0.7387755102040816,0.8857142857142857,0.7835497835497836
2,19,regular,3,1085,1076,9,1070,15,6,0.9861751152073732,0.9944237918215614,1.008364312267658,0.9902822767237389
2,19,semiregular,3,748,753,5,694,54,59,0.9278074866310161,0.9216467463479415,0.9933598937583001,0.9247168554297135
2,19,irregular,3,9,245,236,0,9,245,-1,-1,0.036734693877551024,-1
2,20,regular,1,1206,1251,45,1190,16,61,0.9867330016583747,0.9512390087929656,0.9640287769784173,0.9686609686609686
2,20,semiregular,1,917,841,76,780,137,61,0.8505997818974919,0.9274673008323424,1.0903686087990487,0.8873720136518772
2,20,irregular,1,9,252,243,0,9,252,-1,-1,0.03571428571428571,-1
2,20,regular,2,1222,1251,29,1205,17,46,0.986088379705401,0.9632294164668266,0.9768185451638689,0.9745248685806713
2,20,semiregular,2,819,841,22,731,88,110,0.8925518925518926,0.8692033293697978,0.9738406658739596,0.880722891566265
2,20,irregular,2,227,252,25,195,32,57,0.8590308370044053,0.7738095238095238,0.9007936507936508,0.8141962421711899
2,20,regular,3,1187,1251,64,1170,17,81,0.9856781802864364,0.935251798561151,0.9488409272581935,0.9598031173092698
2,20,semiregular,3,852,841,11,754,98,87,0.8849765258215962,0.896551724137931,1.0130796670630202,0.8907265209686946
2,20,irregular,3,10,252,242,1,9,251,0.1,0.003968253968253968,0.03968253968253968,0.007633587786259542
2,21,regular,1,951,920,31,920,31,0,0.9674027339642481,1.0,1.0336956521739131,0.9834313201496526
2,21,semiregular,1,645,549,96,503,142,46,0.7798449612403101,0.9162112932604736,1.174863387978142,0.8425460636515913
2,21,irregular,1,9,204,195,2,7,202,0.2222222222222222,0.00980392156862745,0.04411764705882353,0.018779342723004695
2,21,regular,2,946,920,26,920,26,0,0.9725158562367865,1.0,1.0282608695652173,0.9860664523043945
2,21,semiregular,2,583,549,34,488,95,61,0.8370497427101201,0.8888888888888888,1.0619307832422586,0.8621908127208481
2,21,irregular,2,178,204,26,160,18,44,0.898876404494382,0.7843137254901961,0.8725490196078431,0.837696335078534
2,21,regular,3,933,920,13,920,13,0,0.9860664523043944,1.0,1.0141304347826088,0.9929843497031839
2,21,semiregular,3,628,549,79,516,112,33,0.821656050955414,0.9398907103825137,1.1438979963570128,0.8768054375531011
2,21,irregular,3,10,204,194,1,9,203,0.1,0.004901960784313725,0.049019607843137254,0.009345794392523364
2,22,regular,1,999,946,53,946,53,0,0.9469469469469469,1.0,1.0560253699788584,0.9727506426735218
2,22,semiregular,1,809,703,106,676,133,27,0.8355995055624228,0.9615931721194879,1.1507823613086772,0.8941798941798942
2,22,irregular,1,10,247,237,2,8,245,0.2,0.008097165991902834,0.04048582995951417,0.015564202334630352
2,22,regular,2,995,946,49,946,49,0,0.9507537688442211,1.0,1.0517970401691332,0.9747552807831015
2,22,semiregular,2,702,703,1,641,61,62,0.9131054131054132,0.9118065433854907,0.9985775248933144,0.9124555160142348
2,22,irregular,2,177,247,70,156,21,91,0.8813559322033898,0.631578947368421,0.7165991902834008,0.7358490566037735
2,22,regular,3,974,946,28,944,30,2,0.9691991786447639,0.9978858350951374,1.029598308668076,0.9833333333333334
2,22,semiregular,3,749,703,46,660,89,43,0.8811748998664887,0.9388335704125178,1.065433854907539,0.9090909090909091
2,22,irregular,3,10,247,237,3,7,244,0.3,0.012145748987854251,0.04048582995951417,0.023346303501945526
2,23,regular,1,1019,999,20,967,52,32,0.9489695780176644,0.9679679679679679,1.02002002002002,0.958374628344896
2,23,semiregular,1,942,835,107,787,155,48,0.8354564755838642,0.9425149700598803,1.1281437125748504,0.8857625211029826
2,23,irregular,1,17,266,249,2,15,264,0.11764705882352941,0.007518796992481203,0.06390977443609022,0.014134275618374558
2,23,regular,2,1036,999,37,990,46,9,0.9555984555984556,0.990990990990991,1.037037037037037,0.9729729729729729
2,23,semiregular,2,849,835,14,759,90,76,0.8939929328621908,0.9089820359281438,1.0167664670658683,0.9014251781472684
2,23,irregular,2,225,266,41,190,35,76,0.8444444444444444,0.7142857142857143,0.8458646616541353,0.7739307535641547
2,23,regular,3,1035,999,36,982,53,17,0.9487922705314009,0.982982982982983,1.0360360360360361,0.9655850540806293
2,23,semiregular,3,872,835,37,787,85,48,0.9025229357798165,0.9425149700598803,1.044311377245509,0.9220855301698887
2,23,irregular,3,18,266,248,3,15,263,0.16666666666666666,0.011278195488721804,0.06766917293233082,0.02112676056338028
2,24,regular,1,1088,1079,9,1069,19,10,0.9825367647058824,0.9907321594068582,1.0083410565338276,0.9866174434702354
2,24,semiregular,1,693,680,13,618,75,62,0.8917748917748918,0.9088235294117647,1.0191176470588235,0.9002184996358338
2,24,irregular,1,12,247,235,4,8,243,0.3333333333333333,0.016194331983805668,0.048582995951417005,0.03088803088803089
2,24,regular,2,1087,1079,8,1067,20,12,0.9816007359705612,0.9888785912882299,1.0074142724745134,0.9852262234533703
2,24,semiregular,2,657,680,23,613,44,67,0.9330289193302892,0.9014705882352941,0.9661764705882353,0.9169783096484667
2,24,irregular,2,208,247,39,187,21,60,0.8990384615384616,0.757085020242915,0.8421052631578947,0.8219780219780219
2,24,regular,3,1066,1079,13,1049,17,30,0.9840525328330206,0.9721964782205746,0.9879518072289156,0.9780885780885781
2,24,semiregular,3,695,680,15,645,50,35,0.9280575539568345,0.9485294117647058,1.0220588235294117,0.9381818181818181
2,24,irregular,3,13,247,234,3,10,244,0.23076923076923078,0.012145748987854251,0.05263157894736842,0.023076923076923078
2,25,regular,1,955,946,9,942,13,4,0.9863874345549738,0.9957716701902748,1.0095137420718816,0.9910573382430299
2,25,semiregular,1,756,718,38,674,82,44,0.8915343915343915,0.9387186629526463,1.052924791086351,0.9145183175033921
2,25,irregular,1,16,207,191,1,15,206,0.0625,0.004830917874396135,0.07729468599033816,0.008968609865470852
2,25,regular,2,945,946,1,934,11,12,0.9883597883597883,0.9873150105708245,0.9989429175475687,0.98783712321523
2,25,semiregular,2,714,718,4,647,67,71,0.9061624649859944,0.9011142061281338,0.9944289693593314,0.9036312849162011
2,25,irregular,2,158,207,49,131,27,76,0.8291139240506329,0.6328502415458938,0.7632850241545893,0.7178082191780822
2,25,regular,3,928,946,18,916,12,30,0.9870689655172413,0.9682875264270613,0.9809725158562368,0.9775880469583778
2,25,semiregular,3,711,718,7,642,69,76,0.9029535864978903,0.8941504178272981,0.9902506963788301,0.8985304408677397
2,25,irregular,3,17,207,190,1,16,206,0.058823529411764705,0.004830917874396135,0.0821256038647343,0.00892857142857143
2,26,regular,1,1057,985,72,985,72,0,0.9318826868495743,1.0,1.0730964467005075,0.9647404505386875
2,26,semiregular,1,822,720,102,698,124,22,0.8491484184914841,0.9694444444444444,1.1416666666666666,0.9053177691309986
2,26,irregular,1,11,214,203,3,8,211,0.2727272727272727,0.014018691588785047,0.0514018691588785,0.026666666666666665
2,26,regular,2,1010,985,25,984,26,1,0.9742574257425742,0.9989847715736041,1.0253807106598984,0.9864661654135337
2,26,semiregular,2,729,720,9,656,73,64,0.8998628257887518,0.9111111111111111,1.0125,0.9054520358868186
2,26,irregular,2,162,214,52,140,22,74,0.8641975308641975,0.6542056074766355,0.7570093457943925,0.7446808510638298
2,26,regular,3,1073,985,88,985,88,0,0.9179869524697111,1.0,1.0893401015228426,0.9572400388726919
2,26,semiregular,3,733,720,13,662,71,58,0.903137789904502,0.9194444444444444,1.0180555555555555,0.9112181693048864
2,26,irregular,3,11,214,203,0,11,214,-1,-1,0.0514018691588785,-1
2,27,regular,1,1160,1166,6,1143,17,23,0.9853448275862069,0.9802744425385935,0.9948542024013722,0.9828030954428202
2,27,semiregular,1,717,728,11,615,102,113,0.8577405857740585,0.8447802197802198,0.9848901098901099,0.8512110726643599
2,27,irregular,1,15,270,255,2,13,268,0.13333333333333333,0.007407407407407408,0.05555555555555555,0.014035087719298246
2,27,regular,2,1170,1166,4,1153,17,13,0.9854700854700855,0.9888507718696398,1.0034305317324186,0.9871575342465754
2,27,semiregular,2,710,728,18,649,61,79,0.9140845070422535,0.8914835164835165,0.9752747252747253,0.9026425591098748
2,27,irregular,2,242,270,28,213,29,57,0.8801652892561983,0.7888888888888889,0.8962962962962963,0.8320312499999999
2,27,regular,3,1159,1166,7,1143,16,23,0.9861949956859362,0.9802744425385935,0.9939965694682675,0.983225806451613
2,27,semiregular,3,743,728,15,675,68,53,0.9084791386271871,0.9271978021978022,1.0206043956043955,0.9177430319510538
2,27,irregular,3,16,270,254,3,13,267,0.1875,0.011111111111111112,0.05925925925925926,0.02097902097902098
2,28,regular,1,1105,1098,7,1078,27,20,0.9755656108597285,0.9817850637522769,1.006375227686703,0.9786654561960964
2,28,semiregular,1,925,859,66,816,109,43,0.8821621621621621,0.9499417927823051,1.0768335273573924,0.914798206278027
2,28,irregular,1,18,293,275,3,15,290,0.16666666666666666,0.010238907849829351,0.06143344709897611,0.019292604501607715
2,28,regular,2,1111,1098,13,1092,19,6,0.9828982898289829,0.994535519125683,1.01183970856102,0.9886826618379356
2,28,semiregular,2,833,859,26,767,66,92,0.9207683073229291,0.8928987194412107,0.969732246798603,0.9066193853427895
2,28,irregular,2,210,293,83,186,24,107,0.8857142857142857,0.6348122866894198,0.7167235494880546,0.7395626242544731
2,28,regular,3,1096,1098,2,1069,27,29,0.9753649635036497,0.9735883424408015,0.9981785063752276,0.9744758432087512
2,28,semiregular,3,860,859,1,804,56,55,0.9348837209302325,0.9359720605355064,1.0011641443538999,0.9354275741710297
2,28,irregular,3,19,293,274,0,19,293,-1,-1,0.06484641638225255,-1
2,29,regular,1,1143,1140,3,1129,14,11,0.9877515310586177,0.9903508771929824,1.0026315789473683,0.9890494962768287
2,29,semiregular,1,1014,869,145,847,167,22,0.8353057199211046,0.9746835443037974,1.1668584579976986,0.8996282527881041
2,29,irregular,1,11,247,236,4,7,243,0.36363636363636365,0.016194331983805668,0.044534412955465584,0.031007751937984496
2,29,regular,2,1147,1140,7,1132,15,8,0.986922406277245,0.9929824561403509,1.006140350877193,0.9899431569742021
2,29,semiregular,2,918,869,49,814,104,55,0.8867102396514162,0.9367088607594937,1.0563866513233602,0.9110240626748741
2,29,irregular,2,224,247,23,194,30,53,0.8660714285714286,0.7854251012145749,0.9068825910931174,0.823779193205945
2,29,regular,3,1121,1140,19,1107,14,33,0.9875111507582516,0.9710526315789474,0.9833333333333333,0.9792127377266696
2,29,semiregular,3,924,869,55,803,121,66,0.8690476190476191,0.9240506329113924,1.0632911392405062,0.8957055214723927
2,29,irregular,3,12,247,235,2,10,245,0.16666666666666666,0.008097165991902834,0.048582995951417005,0.015444015444015444
2,30,regular,1,997,997,0,985,12,12,0.9879638916750251,0.9879638916750251,1.0,0.9879638916750251
2,30,semiregular,1,850,810,40,760,90,50,0.8941176470588236,0.9382716049382716,1.0493827160493827,0.9156626506024096
2,30,irregular,1,19,250,231,0,19,250,-1,-1,0.076,-1
2,30,regular,2,998,997,1,992,6,5,0.9939879759519038,0.9949849548645938,1.0010030090270812,0.9944862155388471
2,30,semiregular,2,808,810,2,747,61,63,0.9245049504950495,0.9222222222222223,0.9975308641975309,0.92336217552534
2,30,irregular,2,193,250,57,169,24,81,0.8756476683937824,0.676,0.772,0.7629796839729119
2,30,regular,3,995,997,2,983,12,14,0.9879396984924623,0.9859578736208626,0.9979939819458375,0.9869477911646587
2,30,semiregular,3,853,810,43,772,81,38,0.9050410316529894,0.9530864197530864,1.0530864197530865,0.9284425736620565
2,30,irregular,3,20,250,230,3,17,247,0.15,0.012,0.08,0.02222222222222222
3,1,regular,1,1004,937,67,937,67,0,0.9332669322709163,1.0,1.071504802561366,0.9654817104585266
3,1,semiregular,1,746,703,43,629,117,74,0.8431635388739946,0.8947368421052632,1.0611664295874823,0.868184955141477
3,1,irregular,1,141,199,58,113,28,86,0.8014184397163121,0.5678391959798995,0.7085427135678392,0.6647058823529413
3,1,regular,2,1027,937,90,937,90,0,0.9123661148977604,1.0,1.096051227321238,0.9541751527494908
3,1,semiregular,2,747,703,44,637,110,66,0.8527443105756358,0.9061166429587483,1.062588904694168,0.8786206896551723
3,1,irregular,2,184,199,15,156,28,43,0.8478260869565217,0.7839195979899497,0.9246231155778895,0.8146214099216709
3,1,regular,3,950,937,13,935,15,2,0.9842105263157894,0.9978655282817502,1.0138740661686232,0.990990990990991
3,1,semiregular,3,738,703,35,631,107,72,0.8550135501355014,0.8975817923186344,1.0497866287339972,0.8757807078417765
3,1,irregular,3,182,199,17,149,33,50,0.8186813186813187,0.7487437185929648,0.914572864321608,0.7821522309711285
3,2,regular,1,1238,1224,14,1213,25,11,0.9798061389337641,0.9910130718954249,1.011437908496732,0.9853777416734364
3,2,semiregular,1,597,647,50,561,36,86,0.9396984924623115,0.8670788253477589,0.9227202472952086,0.9019292604501606
3,2,irregular,1,96,217,121,80,16,137,0.8333333333333334,0.3686635944700461,0.4423963133640553,0.5111821086261981
3,2,regular,2,1249,1224,25,1220,29,4,0.9767814251401121,0.9967320261437909,1.0204248366013071,0.9866558835422564
3,2,semiregular,2,627,647,20,595,32,52,0.94896331738437,0.919629057187017,0.9690880989180835,0.9340659340659341
3,2,irregular,2,194,217,23,171,23,46,0.8814432989690721,0.7880184331797235,0.8940092165898618,0.8321167883211679
3,2,regular,3,1215,1224,9,1211,4,13,0.9967078189300411,0.9893790849673203,0.9926470588235294,0.993029930299303
3,2,semiregular,3,661,647,14,617,44,30,0.9334341906202723,0.9536321483771252,1.0216383307573416,0.9434250764525993
3,2,irregular,3,208,217,9,175,33,42,0.8413461538461539,0.8064516129032258,0.9585253456221198,0.8235294117647058
3,3,regular,1,1053,1053,0,1040,13,13,0.9876543209876543,0.9876543209876543,1.0,0.9876543209876543
3,3,semiregular,1,716,716,0,643,73,73,0.8980446927374302,0.8980446927374302,1.0,0.8980446927374302
3,3,irregular,1,118,224,106,107,11,117,0.9067796610169492,0.47767857142857145,0.5267857142857143,0.6257309941520468
3,3,regular,2,1056,1053,3,1045,11,8,0.9895833333333334,0.9924026590693258,1.002849002849003,0.9909909909909911
3,3,semiregular,2,738,716,22,663,75,53,0.8983739837398373,0.9259776536312849,1.0307262569832403,0.9119669876203577
3,3,irregular,2,188,224,36,164,24,60,0.8723404255319149,0.7321428571428571,0.8392857142857143,0.7961165048543688
3,3,regular,3,1046,1053,7,1043,3,10,0.997131931166348,0.9905033238366572,0.99335232668566,0.993806574559314
3,3,semiregular,3,726,716,10,668,58,48,0.9201101928374655,0.9329608938547486,1.0139664804469273,0.9264909847434117
3,3,irregular,3,210,224,14,173,37,51,0.8238095238095238,0.7723214285714286,0.9375,0.7972350230414746
3,4,regular,1,1137,1101,36,1101,36,0,0.9683377308707124,1.0,1.0326975476839237,0.9839142091152815
3,4,semiregular,1,647,614,33,541,106,73,0.8361669242658424,0.8811074918566775,1.0537459283387622,0.8580491673275179
3,4,irregular,1,58,228,170,48,10,180,0.8275862068965517,0.21052631578947367,0.2543859649122807,0.3356643356643356
3,4,regular,2,1138,1101,37,1100,38,1,0.9666080843585237,0.9990917347865577,1.033605812897366,0.9825815096025011
3,4,semiregular,2,634,614,20,559,75,55,0.8817034700315457,0.9104234527687296,1.0325732899022801,0.8958333333333333
3,4,irregular,2,192,228,36,165,27,63,0.859375,0.7236842105263158,0.8421052631578947,0.7857142857142857
3,4,regular,3,1106,1101,5,1100,6,1,0.9945750452079566,0.9990917347865577,1.0045413260672116,0.9968282736746714
3,4,semiregular,3,614,614,0,555,59,59,0.9039087947882736,0.9039087947882736,1.0,0.9039087947882736
3,4,irregular,3,208,228,20,177,31,51,0.8509615384615384,0.7763157894736842,0.9122807017543859,0.8119266055045872
3,5,regular,1,1058,1044,14,1044,14,0,0.9867674858223062,1.0,1.0134099616858236,0.9933396764985727
3,5,semiregular,1,745,668,77,626,119,42,0.8402684563758389,0.937125748502994,1.1152694610778444,0.8860580325548478
3,5,irregular,1,85,217,132,70,15,147,0.8235294117647058,0.3225806451612903,0.391705069124424,0.46357615894039733
3,5,regular,2,1061,1044,17,1044,17,0,0.9839773798303487,1.0,1.0162835249042146,0.9919239904988123
3,5,semiregular,2,743,668,75,631,112,37,0.8492597577388964,0.9446107784431138,1.1122754491017963,0.8944011339475549
3,5,irregular,2,194,217,23,172,22,45,0.8865979381443299,0.7926267281105991,0.8940092165898618,0.8369829683698297
3,5,regular,3,1045,1044,1,1043,2,1,0.9980861244019139,0.9990421455938697,1.0009578544061302,0.9985639061752035
3,5,semiregular,3,694,668,26,617,77,51,0.8890489913544669,0.9236526946107785,1.0389221556886228,0.9060205580029369
3,5,irregular,3,196,217,21,166,30,51,0.8469387755102041,0.7649769585253456,0.9032258064516129,0.8038740920096853
3,6,regular,1,973,915,58,915,58,0,0.9403905447070915,1.0,1.0633879781420765,0.9692796610169492
3,6,semiregular,1,694,701,7,626,68,75,0.9020172910662824,0.8930099857346647,0.9900142653352354,0.8974910394265232
3,6,irregular,1,67,195,128,39,28,156,0.582089552238806,0.2,0.3435897435897436,0.29770992366412213
3,6,regular,2,977,915,62,915,62,0,0.9365404298874105,1.0,1.06775956284153,0.9672304439746301
3,6,semiregular,2,727,701,26,663,64,38,0.9119669876203577,0.9457917261055635,1.037089871611983,0.9285714285714286
3,6,irregular,2,159,195,36,122,37,73,0.7672955974842768,0.6256410256410256,0.8153846153846154,0.6892655367231638
3,6,regular,3,929,915,14,914,15,1,0.9838536060279871,0.9989071038251366,1.0153005464480875,0.9913232104121474
3,6,semiregular,3,714,701,13,660,54,41,0.9243697478991597,0.9415121255349501,1.0185449358059915,0.9328621908127209
3,6,irregular,3,197,195,2,162,35,33,0.8223350253807107,0.8307692307692308,1.0102564102564102,0.8265306122448979
3,7,regular,1,1260,1230,30,1223,37,7,0.9706349206349206,0.9943089430894309,1.024390243902439,0.9823293172690762
3,7,semiregular,1,806,761,45,664,142,97,0.8238213399503722,0.8725361366622865,1.0591327201051248,0.847479259731972
3,7,irregular,1,4,225,221,1,3,224,0.25,0.0044444444444444444,0.017777777777777778,0.008733624454148473
3,7,regular,2,1251,1230,21,1224,27,6,0.9784172661870504,0.9951219512195122,1.0170731707317073,0.9866989117291415
3,7,semiregular,2,753,761,8,670,83,91,0.8897742363877822,0.8804204993429697,0.9894875164257556,0.8850726552179656
3,7,irregular,2,171,225,54,156,15,69,0.9122807017543859,0.6933333333333334,0.76,0.7878787878787878
3,7,regular,3,1238,1230,8,1224,14,6,0.9886914378029079,0.9951219512195122,1.0065040650406505,0.9918962722852512
3,7,semiregular,3,779,761,18,681,98,80,0.8741976893453145,0.8948751642575559,1.02365308804205,0.8844155844155843
3,7,irregular,3,204,225,21,172,32,53,0.8431372549019608,0.7644444444444445,0.9066666666666666,0.8018648018648018
3,8,regular,1,1057,1035,22,1034,23,1,0.978240302743614,0.9990338164251208,1.021256038647343,0.9885277246653918
3,8,semiregular,1,836,827,9,735,101,92,0.8791866028708134,0.8887545344619106,1.0108827085852479,0.883944678292243
3,8,irregular,1,105,243,138,93,12,150,0.8857142857142857,0.38271604938271603,0.43209876543209874,0.5344827586206897
3,8,regular,2,1064,1035,29,1034,30,1,0.9718045112781954,0.9990338164251208,1.0280193236714976,0.9852310624106718
3,8,semiregular,2,834,827,7,760,74,67,0.9112709832134293,0.9189842805320435,1.0084643288996373,0.9151113786875376
3,8,irregular,2,205,243,38,173,32,70,0.8439024390243902,0.7119341563786008,0.8436213991769548,0.7723214285714285
3,8,regular,3,1034,1035,1,1029,5,6,0.995164410058027,0.9942028985507246,0.9990338164251208,0.9946834219429677
3,8,semiregular,3,844,827,17,768,76,59,0.909952606635071,0.9286577992744861,1.0205562273276905,0.919210053859964
3,8,irregular,3,218,243,25,175,43,68,0.8027522935779816,0.720164609053498,0.897119341563786,0.7592190889370932
3,9,regular,1,1133,1107,26,1106,27,1,0.9761694616063548,0.999096657633243,1.023486901535682,0.9874999999999999
3,9,semiregular,1,637,701,64,592,45,109,0.9293563579277865,0.8445078459343794,0.9087018544935807,0.8849028400597907
3,9,irregular,1,80,266,186,72,8,194,0.9,0.2706766917293233,0.3007518796992481,0.41618497109826585
3,9,regular,2,1123,1107,16,1103,20,4,0.9821905609973286,0.996386630532972,1.014453477868112,0.9892376681614351
3,9,semiregular,2,624,701,77,585,39,116,0.9375,0.8345221112696148,0.8901569186875892,0.8830188679245282
3,9,irregular,2,235,266,31,209,26,57,0.8893617021276595,0.7857142857142857,0.8834586466165414,0.8343313373253493
3,9,regular,3,1088,1107,19,1085,3,22,0.9972426470588235,0.980126467931346,0.982836495031617,0.9886104783599089
3,9,semiregular,3,708,701,7,668,40,33,0.943502824858757,0.9529243937232525,1.0099857346647647,0.9481902058197303
3,9,irregular,3,233,266,33,192,41,74,0.8240343347639485,0.7218045112781954,0.8759398496240601,0.7695390781563126
3,10,regular,1,1077,1014,63,1014,63,0,0.9415041782729805,1.0,1.0621301775147929,0.96987087517934
3,10,semiregular,1,671,656,15,616,55,40,0.9180327868852459,0.9390243902439024,1.0228658536585367,0.9284099472494348
3,10,irregular,1,133,247,114,114,19,133,0.8571428571428571,0.46153846153846156,0.5384615384615384,0.6
3,10,regular,2,1092,1014,78,1014,78,0,0.9285714285714286,1.0,1.0769230769230769,0.962962962962963
3,10,semiregular,2,680,656,24,612,68,44,0.9,0.9329268292682927,1.0365853658536586,0.9161676646706587
3,10,irregular,2,210,247,37,189,21,58,0.9,0.7651821862348178,0.8502024291497976,0.8271334792122538
3,10,regular,3,1034,1014,20,1012,22,2,0.9787234042553191,0.9980276134122288,1.0197238658777121,0.9882812499999999
3,10,semiregular,3,667,656,11,611,56,45,0.9160419790104948,0.9314024390243902,1.016768292682927,0.9236583522297809
3,10,irregular,3,228,247,19,195,33,52,0.8552631578947368,0.7894736842105263,0.9230769230769231,0.8210526315789474
3,11,regular,1,1099,1070,29,1070,29,0,0.9736123748862603,1.0,1.0271028037383179,0.9866297833102812
3,11,semiregular,1,749,700,49,643,106,57,0.8584779706275033,0.9185714285714286,1.07,0.8875086266390614
3,11,irregular,1,125,239,114,111,14,128,0.888,0.46443514644351463,0.5230125523012552,0.6098901098901098
3,11,regular,2,1091,1070,21,1070,21,0,0.9807516040329972,1.0,1.019626168224299,0.990282276723739
3,11,semiregular,2,700,700,0,628,72,72,0.8971428571428571,0.8971428571428571,1.0,0.8971428571428571
3,11,irregular,2,197,239,42,170,27,69,0.8629441624365483,0.7112970711297071,0.8242677824267782,0.7798165137614679
3,11,regular,3,1074,1070,4,1069,5,1,0.9953445065176909,0.9990654205607477,1.0037383177570094,0.9972014925373135
3,11,semiregular,3,707,700,7,645,62,55,0.9123055162659123,0.9214285714285714,1.01,0.9168443496801705
3,11,irregular,3,206,239,33,174,32,65,0.8446601941747572,0.7280334728033473,0.8619246861924686,0.7820224719101124
3,12,regular,1,1046,1007,39,1007,39,0,0.9627151051625239,1.0,1.038728897715988,0.9810034096444229
3,12,semiregular,1,712,641,71,601,111,40,0.8441011235955056,0.9375975039001561,1.110764430577223,0.8883961566888396
3,12,irregular,1,165,204,39,132,33,72,0.8,0.6470588235294118,0.8088235294117647,0.7154471544715447
3,12,regular,2,1059,1007,52,1007,52,0,0.9508970727101038,1.0,1.051638530287984,0.9748305905130688
3,12,semiregular,2,680,641,39,580,100,61,0.8529411764705882,0.9048361934477379,1.0608424336973479,0.878122634367903
3,12,irregular,2,211,204,7,176,35,28,0.8341232227488151,0.8627450980392157,1.0343137254901962,0.8481927710843374
3,12,regular,3,1033,1007,26,1007,26,0,0.9748305905130688,1.0,1.0258192651439921,0.9872549019607844
3,12,semiregular,3,649,641,8,574,75,67,0.884437596302003,0.8954758190327613,1.0124804992199687,0.889922480620155
3,12,irregular,3,212,204,8,168,44,36,0.7924528301886793,0.8235294117647058,1.0392156862745099,0.8076923076923077
3,13,regular,1,1000,1000,0,987,13,13,0.987,0.987,1.0,0.987
3,13,semiregular,1,871,815,56,780,91,35,0.8955223880597015,0.9570552147239264,1.0687116564417178,0.9252669039145908
3,13,irregular,1,164,216,52,120,44,96,0.7317073170731707,0.5555555555555556,0.7592592592592593,0.631578947368421
3,13,regular,2,1033,1000,33,1000,33,0,0.968054211035818,1.0,1.033,0.9837678307919331
3,13,semiregular,2,843,815,28,770,73,45,0.9134045077105575,0.9447852760736196,1.034355828220859,0.9288299155609168
3,13,irregular,2,213,216,3,181,32,35,0.8497652582159625,0.8379629629629629,0.9861111111111112,0.8438228438228439
3,13,regular,3,1026,1000,26,998,28,2,0.9727095516569201,0.998,1.026,0.985192497532083
3,13,semiregular,3,829,815,14,764,65,51,0.9215922798552473,0.9374233128834356,1.0171779141104293,0.9294403892944039
3,13,irregular,3,206,216,10,178,28,38,0.8640776699029126,0.8240740740740741,0.9537037037037037,0.8436018957345971
3,14,regular,1,1050,1052,2,1037,13,15,0.9876190476190476,0.9857414448669202,0.9980988593155894,0.9866793529971456
3,14,semiregular,1,854,913,59,792,62,121,0.927400468384075,0.8674698795180723,0.9353778751369113,0.8964346349745331
3,14,irregular,1,73,217,144,63,10,154,0.863013698630137,0.2903225806451613,0.33640552995391704,0.4344827586206897
3,14,regular,2,1064,1052,12,1051,13,1,0.9877819548872181,0.9990494296577946,1.0114068441064639,0.9933837429111531
3,14,semiregular,2,903,913,10,843,60,70,0.9335548172757475,0.9233296823658269,0.9890470974808324,0.9284140969162995
3,14,irregular,2,204,217,13,176,28,41,0.8627450980392157,0.8110599078341014,0.9400921658986175,0.836104513064133
3,14,regular,3,1055,1052,3,1050,5,2,0.995260663507109,0.9980988593155894,1.002851711026616,0.9966777408637874
3,14,semiregular,3,897,913,16,835,62,78,0.9308807134894092,0.9145673603504929,0.9824753559693319,0.9226519337016575
3,14,irregular,3,189,217,28,162,27,55,0.8571428571428571,0.7465437788018433,0.8709677419354839,0.7980295566502463
3,15,regular,1,999,964,35,964,35,0,0.964964964964965,1.0,1.0363070539419088,0.9821701477330617
3,15,semiregular,1,823,774,49,739,84,35,0.8979343863912516,0.9547803617571059,1.0633074935400517,0.9254852849092048
3,15,irregular,1,161,218,57,141,20,77,0.8757763975155279,0.6467889908256881,0.7385321100917431,0.7440633245382586
3,15,regular,2,975,964,11,962,13,2,0.9866666666666667,0.9979253112033195,1.0114107883817427,0.9922640536358948
3,15,semiregular,2,773,774,1,711,62,63,0.9197930142302717,0.9186046511627907,0.9987080103359173,0.9191984486102133
3,15,irregular,2,192,218,26,170,22,48,0.8854166666666666,0.7798165137614679,0.8807339449541285,0.8292682926829269
3,15,regular,3,956,964,8,953,3,11,0.9968619246861925,0.9885892116182573,0.991701244813278,0.9927083333333333
3,15,semiregular,3,753,774,21,707,46,67,0.9389110225763613,0.91343669250646,0.9728682170542635,0.9259986902423052
3,15,irregular,3,199,218,19,173,26,45,0.8693467336683417,0.7935779816513762,0.9128440366972477,0.829736211031175
3,16,regular,1,1192,1109,83,1109,83,0,0.9303691275167785,1.0,1.0748422001803426,0.963928726640591
3,16,semiregular,1,470,681,211,401,69,280,0.8531914893617021,0.5888399412628488,0.6901615271659325,0.6967854039965249
3,16,irregular,1,4,272,268,2,2,270,0.5,0.007352941176470588,0.014705882352941176,0.014492753623188406
3,16,regular,2,1171,1109,62,1109,62,0,0.9470538001707942,1.0,1.0559062218214608,0.9728070175438597
3,16,semiregular,2,683,681,2,608,75,73,0.890190336749634,0.8928046989720999,1.0029368575624082,0.8914956011730205
3,16,irregular,2,222,272,50,196,26,76,0.8828828828828829,0.7205882352941176,0.8161764705882353,0.7935222672064777
3,16,regular,3,1133,1109,24,1105,28,4,0.9752868490732568,0.9963931469792606,1.0216411181244365,0.9857270294380018
3,16,semiregular,3,664,681,17,592,72,89,0.891566265060241,0.869309838472834,0.9750367107195301,0.8802973977695167
3,16,irregular,3,209,272,63,185,24,87,0.8851674641148325,0.6801470588235294,0.7683823529411765,0.7692307692307693
3,17,regular,1,1085,1029,56,1029,56,0,0.9483870967741935,1.0,1.054421768707483,0.9735099337748345
3,17,semiregular,1,595,837,242,534,61,303,0.8974789915966387,0.6379928315412187,0.7108721624850657,0.7458100558659219
3,17,irregular,1,16,240,224,11,5,229,0.6875,0.04583333333333333,0.06666666666666667,0.0859375
3,17,regular,2,1100,1029,71,1029,71,0,0.9354545454545454,1.0,1.0689990281827018,0.9666510098637857
3,17,semiregular,2,867,837,30,777,90,60,0.8961937716262975,0.9283154121863799,1.03584229390681,0.9119718309859154
3,17,irregular,2,224,240,16,177,47,63,0.7901785714285714,0.7375,0.9333333333333333,0.7629310344827586
3,17,regular,3,1046,1029,17,1027,19,2,0.9818355640535373,0.9980563654033042,1.0165208940719144,0.9898795180722892
3,17,semiregular,3,880,837,43,793,87,44,0.9011363636363636,0.9474313022700119,1.0513739545997611,0.9237041351193943
3,17,irregular,3,213,240,27,178,35,62,0.8356807511737089,0.7416666666666667,0.8875,0.7858719646799116
3,18,regular,1,1087,1044,43,1044,43,0,0.9604415823367065,1.0,1.0411877394636015,0.979821679962459
3,18,semiregular,1,735,801,66,674,61,127,0.9170068027210885,0.8414481897627965,0.9176029962546817,0.8776041666666667
3,18,irregular,1,15,252,237,9,6,243,0.6,0.03571428571428571,0.05952380952380952,0.06741573033707865
3,18,regular,2,1117,1044,73,1044,73,0,0.9346463742166518,1.0,1.0699233716475096,0.966219342896807
3,18,semiregular,2,820,801,19,770,50,31,0.9390243902439024,0.9612983770287141,1.0237203495630463,0.9500308451573103
3,18,irregular,2,231,252,21,202,29,50,0.8744588744588745,0.8015873015873016,0.9166666666666666,0.8364389233954451
3,18,regular,3,1070,1044,26,1043,27,1,0.974766355140187,0.9990421455938697,1.024904214559387,0.9867549668874172
3,18,semiregular,3,868,801,67,782,86,19,0.9009216589861752,0.9762796504369539,1.083645443196005,0.9370880766926303
3,18,irregular,3,234,252,18,205,29,47,0.8760683760683761,0.8134920634920635,0.9285714285714286,0.8436213991769547
3,19,regular,1,1118,1076,42,1074,44,2,0.960644007155635,0.9981412639405205,1.0390334572490707,0.9790337283500455
3,19,semiregular,1,745,753,8,685,60,68,0.9194630872483222,0.9096945551128818,0.9893758300132802,0.9145527369826435
3,19,irregular,1,102,245,143,86,16,159,0.8431372549019608,0.3510204081632653,0.4163265306122449,0.4956772334293949
3,19,regular,2,1103,1076,27,1072,31,4,0.971894832275612,0.9962825278810409,1.025092936802974,0.9839375860486462
3,19,semiregular,2,721,753,32,673,48,80,0.9334257975034674,0.8937583001328021,0.9575033200531209,0.9131614654002713
3,19,irregular,2,229,245,16,191,38,54,0.834061135371179,0.7795918367346939,0.9346938775510204,0.8059071729957806
3,19,regular,3,1098,1076,22,1073,25,3,0.9772313296903461,0.9972118959107806,1.020446096654275,0.9871205151793929
3,19,semiregular,3,742,753,11,693,49,60,0.9339622641509434,0.9203187250996016,0.9853917662682603,0.9270903010033446
3,19,irregular,3,215,245,30,182,33,63,0.8465116279069768,0.7428571428571429,0.8775510204081632,0.7913043478260869
3,20,regular,1,1233,1251,18,1218,15,33,0.9878345498783455,0.973621103117506,0.9856115107913669,0.9806763285024155
3,20,semiregular,1,865,841,24,748,117,93,0.8647398843930636,0.8894173602853745,1.028537455410226,0.876905041031653
3,20,irregular,1,116,252,136,110,6,142,0.9482758620689655,0.4365079365079365,0.4603174603174603,0.5978260869565217
3,20,regular,2,1253,1251,2,1235,18,16,0.985634477254589,0.9872102318145484,1.0015987210231814,0.9864217252396166
3,20,semiregular,2,789,841,52,696,93,145,0.8821292775665399,0.8275862068965517,0.9381688466111772,0.8539877300613498
3,20,irregular,2,240,252,12,201,39,51,0.8375,0.7976190476190477,0.9523809523809523,0.8170731707317073
3,20,regular,3,1173,1251,78,1169,4,82,0.9965899403239556,0.9344524380495604,0.9376498800959233,0.9645214521452145
3,20,semiregular,3,833,841,8,749,84,92,0.8991596638655462,0.8906064209274673,0.990487514863258,0.8948626045400239
3,20,irregular,3,221,252,31,176,45,76,0.7963800904977375,0.6984126984126984,0.876984126984127,0.7441860465116278
3,21,regular,1,960,920,40,920,40,0,0.9583333333333334,1.0,1.0434782608695652,0.9787234042553191
3,21,semiregular,1,631,549,82,501,130,48,0.7939778129952456,0.912568306010929,1.1493624772313298,0.8491525423728814
3,21,irregular,1,125,204,79,111,14,93,0.888,0.5441176470588235,0.6127450980392157,0.6747720364741641
3,21,regular,2,961,920,41,920,41,0,0.9573361082206036,1.0,1.0445652173913043,0.9782030834662414
3,21,semiregular,2,600,549,51,499,101,50,0.8316666666666667,0.9089253187613844,1.092896174863388,0.8685813751087903
3,21,irregular,2,185,204,19,162,23,42,0.8756756756756757,0.7941176470588235,0.9068627450980392,0.832904884318766
3,21,regular,3,933,920,13,920,13,0,0.9860664523043944,1.0,1.0141304347826088,0.9929843497031839
3,21,semiregular,3,590,549,41,504,86,45,0.8542372881355932,0.9180327868852459,1.0746812386156648,0.8849868305531168
3,21,irregular,3,192,204,12,168,24,36,0.875,0.8235294117647058,0.9411764705882353,0.8484848484848485
3,22,regular,1,1006,946,60,946,60,0,0.9403578528827038,1.0,1.0634249471458774,0.9692622950819673
3,22,semiregular,1,753,703,50,650,103,53,0.8632138114209827,0.9246088193456614,1.0711237553342816,0.8928571428571429
3,22,irregular,1,80,247,167,73,7,174,0.9125,0.29554655870445345,0.32388663967611336,0.4464831804281346
3,22,regular,2,994,946,48,946,48,0,0.9517102615694165,1.0,1.0507399577167018,0.9752577319587629
3,22,semiregular,2,708,703,5,640,68,63,0.903954802259887,0.9103840682788051,1.0071123755334281,0.9071580439404678
3,22,irregular,2,183,247,64,161,22,86,0.8797814207650273,0.6518218623481782,0.7408906882591093,0.7488372093023257
3,22,regular,3,958,946,12,944,14,2,0.9853862212943633,0.9978858350951374,1.0126849894291754,0.9915966386554623
3,22,semiregular,3,716,703,13,646,70,57,0.9022346368715084,0.918918918918919,1.0184921763869133,0.9105003523608176
3,22,irregular,3,223,247,24,186,37,61,0.8340807174887892,0.7530364372469636,0.902834008097166,0.7914893617021276
3,23,regular,1,1055,999,56,999,56,0,0.9469194312796209,1.0,1.0560560560560561,0.9727361246348589
3,23,semiregular,1,839,835,4,711,128,124,0.8474374255065554,0.8514970059880239,1.0047904191616766,0.8494623655913979
3,23,irregular,1,6,266,260,0,6,266,-1,-1,0.022556390977443608,-1
3,23,regular,2,1037,999,38,998,39,1,0.9623915139826422,0.998998998998999,1.038038038038038,0.980353634577603
3,23,semiregular,2,843,835,8,721,122,114,0.8552787663107948,0.8634730538922155,1.0095808383233533,0.8593563766388558
3,23,irregular,2,230,266,36,193,37,73,0.8391304347826087,0.7255639097744361,0.8646616541353384,0.7782258064516129
3,23,regular,3,1008,999,9,994,14,5,0.9861111111111112,0.994994994994995,1.009009009009009,0.9905331340308918
3,23,semiregular,3,864,835,29,781,83,54,0.9039351851851852,0.9353293413173652,1.0347305389221557,0.9193643319599764
3,23,irregular,3,238,266,28,189,49,77,0.7941176470588235,0.7105263157894737,0.8947368421052632,0.7499999999999999
3,24,regular,1,1106,1079,27,1079,27,0,0.9755877034358047,1.0,1.0250231696014829,0.9876430205949657
3,24,semiregular,1,662,680,18,598,64,82,0.9033232628398792,0.8794117647058823,0.9735294117647059,0.8912071535022356
3,24,irregular,1,113,247,134,109,4,138,0.9646017699115044,0.44129554655870445,0.4574898785425101,0.6055555555555555
3,24,regular,2,1101,1079,22,1079,22,0,0.9800181653042689,1.0,1.020389249304912,0.989908256880734
3,24,semiregular,2,659,680,21,618,41,62,0.9377845220030349,0.9088235294117647,0.9691176470588235,0.9230769230769231
3,24,irregular,2,220,247,27,195,25,52,0.8863636363636364,0.7894736842105263,0.8906882591093117,0.8351177730192719
3,24,regular,3,1072,1079,7,1067,5,12,0.9953358208955224,0.9888785912882299,0.9935125115848007,0.99209669920967
3,24,semiregular,3,689,680,9,647,42,33,0.9390420899854862,0.9514705882352941,1.013235294117647,0.9452154857560263
3,24,irregular,3,222,247,25,197,25,50,0.8873873873873874,0.7975708502024291,0.8987854251012146,0.8400852878464818
3,25,regular,1,966,946,20,946,20,0,0.979296066252588,1.0,1.0211416490486258,0.9895397489539749
3,25,semiregular,1,717,718,1,633,84,85,0.8828451882845189,0.8816155988857939,0.9986072423398329,0.8822299651567945
3,25,irregular,1,124,207,83,98,26,109,0.7903225806451613,0.47342995169082125,0.5990338164251208,0.5921450151057401
3,25,regular,2,960,946,14,945,15,1,0.984375,0.9989429175475687,1.014799154334038,0.9916054564533054
3,25,semiregular,2,729,718,11,655,74,63,0.8984910836762688,0.9122562674094707,1.0153203342618384,0.9053213545266068
3,25,irregular,2,152,207,55,122,30,85,0.8026315789473685,0.5893719806763285,0.7342995169082126,0.6796657381615598
3,25,regular,3,940,946,6,938,2,8,0.997872340425532,0.9915433403805497,0.9936575052854123,0.9946977730646872
3,25,semiregular,3,710,718,8,647,63,71,0.9112676056338028,0.9011142061281338,0.9888579387186629,0.9061624649859945
3,25,irregular,3,171,207,36,132,39,75,0.7719298245614035,0.6376811594202898,0.8260869565217391,0.6984126984126984
3,26,regular,1,1065,985,80,985,80,0,0.9248826291079812,1.0,1.0812182741116751,0.9609756097560975
3,26,semiregular,1,779,720,59,672,107,48,0.8626444159178434,0.9333333333333333,1.0819444444444444,0.8965977318212142
3,26,irregular,1,196,214,18,142,54,72,0.7244897959183674,0.6635514018691588,0.9158878504672897,0.6926829268292682
3,26,regular,2,1040,985,55,985,55,0,0.9471153846153846,1.0,1.0558375634517767,0.9728395061728395
3,26,semiregular,2,708,720,12,637,71,83,0.8997175141242938,0.8847222222222222,0.9833333333333333,0.892156862745098
3,26,irregular,2,164,214,50,133,31,81,0.8109756097560976,0.6214953271028038,0.7663551401869159,0.7037037037037037
3,26,regular,3,1028,985,43,985,43,0,0.958171206225681,1.0,1.0436548223350255,0.9786388474913065
3,26,semiregular,3,743,720,23,664,79,56,0.8936742934051144,0.9222222222222223,1.0319444444444446,0.9077238550922762
3,26,irregular,3,215,214,1,170,45,44,0.7906976744186046,0.794392523364486,1.0046728971962617,0.7925407925407926
3,27,regular,1,1181,1166,15,1164,17,2,0.9856054191363252,0.9982847341337907,1.0128644939965694,0.9919045590115041
3,27,semiregular,1,656,728,72,572,84,156,0.8719512195121951,0.7857142857142857,0.9010989010989011,0.8265895953757225
3,27,irregular,1,49,270,221,43,6,227,0.8775510204081632,0.15925925925925927,0.1814814814814815,0.2695924764890282
3,27,regular,2,1186,1166,20,1166,20,0,0.9831365935919055,1.0,1.0171526586620927,0.9914965986394558
3,27,semiregular,2,709,728,19,646,63,82,0.9111424541607899,0.8873626373626373,0.9739010989010989,0.8990953375086987
3,27,irregular,2,235,270,35,212,23,58,0.902127659574468,0.7851851851851852,0.8703703703703703,0.8396039603960396
3,27,regular,3,1167,1166,1,1165,2,1,0.998286203941731,0.9991423670668954,1.0008576329331047,0.9987141020145736
3,27,semiregular,3,726,728,2,665,61,63,0.9159779614325069,0.9134615384615384,0.9972527472527473,0.9147180192572214
3,27,irregular,3,237,270,33,206,31,64,0.869198312236287,0.762962962962963,0.8777777777777778,0.8126232741617356
3,28,regular,1,1119,1098,21,1093,26,5,0.9767649687220733,0.9954462659380692,1.0191256830601092,0.9860171402796571
3,28,semiregular,1,897,859,38,801,96,58,0.8929765886287625,0.9324796274738067,1.0442374854481955,0.9123006833712984
3,28,irregular,1,90,293,203,73,17,220,0.8111111111111111,0.24914675767918087,0.30716723549488056,0.381201044386423
3,28,regular,2,1139,1098,41,1098,41,0,0.9640035118525022,1.0,1.0373406193078325,0.9816718819848012
3,28,semiregular,2,821,859,38,753,68,106,0.9171741778319124,0.8766006984866124,0.9557625145518044,0.8964285714285714
3,28,irregular,2,216,293,77,177,39,116,0.8194444444444444,0.6040955631399317,0.7372013651877133,0.6954813359528487
3,28,regular,3,1098,1098,0,1090,8,8,0.9927140255009107,0.9927140255009107,1.0,0.9927140255009107
3,28,semiregular,3,866,859,7,813,53,46,0.9387990762124712,0.9464493597206054,1.0081490104772992,0.9426086956521739
3,28,irregular,3,232,293,61,194,38,99,0.8362068965517241,0.6621160409556314,0.7918088737201365,0.739047619047619
3,29,regular,1,1158,1140,18,1140,18,0,0.9844559585492227,1.0,1.0157894736842106,0.9921671018276762
3,29,semiregular,1,953,869,84,818,135,51,0.8583420776495279,0.9413118527042578,1.0966628308400461,0.8979143798024148
3,29,irregular,1,154,247,93,134,20,113,0.8701298701298701,0.5425101214574899,0.6234817813765182,0.6683291770573566
3,29,regular,2,1161,1140,21,1140,21,0,0.9819121447028424,1.0,1.018421052631579,0.9908735332464146
3,29,semiregular,2,951,869,82,829,122,40,0.8717139852786541,0.953970080552359,1.094361334867664,0.910989010989011
3,29,irregular,2,230,247,17,196,34,51,0.8521739130434782,0.7935222672064778,0.9311740890688259,0.8218029350104822
3,29,regular,3,1135,1140,5,1130,5,10,0.9955947136563876,0.9912280701754386,0.9956140350877193,0.9934065934065934
3,29,semiregular,3,894,869,25,812,82,57,0.9082774049217002,0.9344073647871116,1.0287686996547756,0.9211571185479296
3,29,irregular,3,234,247,13,189,45,58,0.8076923076923077,0.7651821862348178,0.9473684210526315,0.7858627858627858
3,30,regular,1,1012,997,15,997,15,0,0.9851778656126482,1.0,1.0150451354062187,0.9925335988053758
3,30,semiregular,1,822,810,12,745,77,65,0.9063260340632603,0.9197530864197531,1.0148148148148148,0.9129901960784313
3,30,irregular,1,134,250,116,112,22,138,0.835820895522388,0.448,0.536,0.5833333333333334
3,30,regular,2,1010,997,13,997,13,0,0.9871287128712871,1.0,1.013039117352056,0.9935226706527155
3,30,semiregular,2,813,810,3,743,70,67,0.9138991389913899,0.917283950617284,1.0037037037037038,0.915588416512631
3,30,irregular,2,207,250,43,180,27,70,0.8695652173913043,0.72,0.828,0.7877461706783369
3,30,regular,3,1001,997,4,995,6,2,0.994005994005994,0.9979939819458375,1.004012036108325,0.995995995995996
3,30,semiregular,3,834,810,24,762,72,48,0.9136690647482014,0.9407407407407408,1.0296296296296297,0.927007299270073
3,30,irregular,3,229,250,21,183,46,67,0.7991266375545851,0.732,0.916,0.7640918580375782
4,1,regular,1,1012,937,75,937,75,0,0.9258893280632411,1.0,1.080042689434365,0.961518727552591
4,1,semiregular,1,766,703,63,644,122,59,0.8407310704960835,0.9160739687055477,1.0896159317211949,0.876786929884275
4,1,irregular,1,6,199,193,3,3,196,0.5,0.01507537688442211,0.03015075376884422,0.02926829268292683
4,1,regular,2,1009,937,72,937,72,0,0.9286422200198216,1.0,1.0768409818569904,0.9630010277492292
4,1,semiregular,2,763,703,60,650,113,53,0.8519003931847968,0.9246088193456614,1.085348506401138,0.8867667121418827
4,1,irregular,2,182,199,17,155,27,44,0.8516483516483516,0.7788944723618091,0.914572864321608,0.8136482939632547
4,1,regular,3,1006,937,69,936,70,1,0.9304174950298211,0.9989327641408752,1.0736392742796157,0.9634585692228512
4,1,semiregular,3,714,703,11,623,91,80,0.8725490196078431,0.8862019914651493,1.0156472261735419,0.8793225123500353
4,1,irregular,3,6,199,193,2,4,197,0.3333333333333333,0.010050251256281407,0.03015075376884422,0.019512195121951223
4,2,regular,1,1233,1224,9,1208,25,16,0.9797242497972425,0.9869281045751634,1.0073529411764706,0.9833129833129833
4,2,semiregular,1,615,647,32,576,39,71,0.9365853658536586,0.8902627511591963,0.9505409582689336,0.9128367670364501
4,2,irregular,1,8,217,209,1,7,216,0.125,0.004608294930875576,0.03686635944700461,0.008888888888888889
4,2,regular,2,1233,1224,9,1209,24,15,0.9805352798053528,0.9877450980392157,1.0073529411764706,0.9841269841269842
4,2,semiregular,2,650,647,3,614,36,33,0.9446153846153846,0.9489953632148377,1.0046367851622875,0.9468003084040092
4,2,irregular,2,197,217,20,172,25,45,0.8730964467005076,0.7926267281105991,0.9078341013824884,0.8309178743961352
4,2,regular,3,1236,1224,12,1211,25,13,0.9797734627831716,0.9893790849673203,1.0098039215686274,0.9845528455284553
4,2,semiregular,3,632,647,15,600,32,47,0.9493670886075949,0.9273570324574961,0.9768160741885626,0.9382329945269742
4,2,irregular,3,8,217,209,3,5,214,0.375,0.013824884792626729,0.03686635944700461,0.02666666666666667
4,3,regular,1,1042,1053,11,1031,11,22,0.989443378119002,0.9791073124406457,0.9895536562203229,0.9842482100238663
4,3,semiregular,1,720,716,4,644,76,72,0.8944444444444445,0.8994413407821229,1.005586592178771,0.8969359331476323
4,3,irregular,1,7,224,217,1,6,223,0.14285714285714285,0.004464285714285714,0.03125,0.008658008658008656
4,3,regular,2,1041,1053,12,1030,11,23,0.989433237271854,0.9781576448243114,0.9886039886039886,0.9837631327602674
4,3,semiregular,2,736,716,20,663,73,53,0.9008152173913043,0.9259776536312849,1.0279329608938548,0.9132231404958677
4,3,irregular,2,189,224,35,164,25,60,0.8677248677248677,0.7321428571428571,0.84375,0.7941888619854722
4,3,regular,3,1046,1053,7,1035,11,18,0.9894837476099426,0.9829059829059829,0.99335232668566,0.9861838970938542
4,3,semiregular,3,709,716,7,652,57,64,0.919605077574048,0.9106145251396648,0.9902234636871509,0.9150877192982456
4,3,irregular,3,8,224,216,2,6,222,0.25,0.008928571428571428,0.03571428571428571,0.017241379310344824
4,4,regular,1,1138,1101,37,1101,37,0,0.9674868189806678,1.0,1.033605812897366,0.9834747655203215
4,4,semiregular,1,653,614,39,538,115,76,0.8238897396630934,0.8762214983713354,1.0635179153094463,0.8492501973164958
4,4,irregular,1,8,228,220,3,5,225,0.375,0.013157894736842105,0.03508771929824561,0.02542372881355932
4,4,regular,2,1124,1101,23,1101,23,0,0.9795373665480427,1.0,1.0208900999091735,0.9896629213483146
4,4,semiregular,2,639,614,25,566,73,48,0.8857589984350548,0.9218241042345277,1.0407166123778502,0.9034317637669593
4,4,irregular,2,203,228,25,173,30,55,0.8522167487684729,0.7587719298245614,0.8903508771929824,0.802784222737819
4,4,regular,3,1119,1101,18,1100,19,1,0.9830205540661304,0.9990917347865577,1.0163487738419619,0.990990990990991
4,4,semiregular,3,617,614,3,557,60,57,0.9027552674230146,0.9071661237785016,1.004885993485342,0.9049553208773354
4,4,irregular,3,9,228,219,1,8,227,0.1111111111111111,0.0043859649122807015,0.039473684210526314,0.008438818565400843
4,5,regular,1,1060,1044,16,1044,16,0,0.9849056603773585,1.0,1.0153256704980842,0.9923954372623575
4,5,semiregular,1,768,668,100,644,124,24,0.8385416666666666,0.9640718562874252,1.1497005988023952,0.8969359331476322
4,5,irregular,1,9,217,208,0,9,217,-1,-1,0.041474654377880185,-1
4,5,regular,2,1048,1044,4,1035,13,9,0.9875954198473282,0.9913793103448276,1.003831417624521,0.9894837476099427
4,5,semiregular,2,729,668,61,629,100,39,0.8628257887517147,0.9416167664670658,1.091317365269461,0.9005010737294201
4,5,irregular,2,197,217,20,172,25,45,0.8730964467005076,0.7926267281105991,0.9078341013824884,0.8309178743961352
4,5,regular,3,1045,1044,1,1041,4,3,0.9961722488038277,0.9971264367816092,1.0009578544061302,0.996649114408808
4,5,semiregular,3,689,668,21,607,82,61,0.8809869375907112,0.9086826347305389,1.031437125748503,0.8946204863669861
4,5,irregular,3,9,217,208,0,9,217,-1,-1,0.041474654377880185,-1
4,6,regular,1,979,915,64,915,64,0,0.9346271705822268,1.0,1.0699453551912568,0.9662090813093981
4,6,semiregular,1,715,701,14,641,74,60,0.8965034965034965,0.9144079885877318,1.0199714693295292,0.905367231638418
4,6,irregular,1,8,195,187,0,8,195,-1,-1,0.041025641025641026,-1
4,6,regular,2,962,915,47,914,48,1,0.9501039501039501,0.9989071038251366,1.0513661202185793,0.9738945125199787
4,6,semiregular,2,727,701,26,661,66,40,0.9092159559834938,0.9429386590584878,1.037089871611983,0.9257703081232492
4,6,irregular,2,155,195,40,122,33,73,0.7870967741935484,0.6256410256410256,0.7948717948717948,0.6971428571428572
4,6,regular,3,976,915,61,914,62,1,0.9364754098360656,0.9989071038251366,1.0666666666666667,0.9666842940243258
4,6,semiregular,3,705,701,4,651,54,50,0.9234042553191489,0.9286733238231099,1.005706134094151,0.9260312944523471
4,6,irregular,3,9,195,186,1,8,194,0.1111111111111111,0.005128205128205128,0.046153846153846156,0.00980392156862745
4,7,regular,1,1258,1230,28,1224,34,6,0.972972972972973,0.9951219512195122,1.0227642276422764,0.9839228295819936
4,7,semiregular,1,764,761,3,672,92,89,0.8795811518324608,0.8830486202365309,1.0039421813403417,0.8813114754098361
4,7,irregular,1,11,225,214,1,10,224,0.09090909090909091,0.0044444444444444444,0.04888888888888889,0.00847457627118644
4,7,regular,2,1243,1230,13,1218,25,12,0.9798873692679002,0.9902439024390244,1.0105691056910568,0.9850384148807116
4,7,semiregular,2,786,761,25,691,95,70,0.8791348600508906,0.9080157687253614,1.0328515111695138,0.8933419521654816
4,7,irregular,2,182,225,43,167,15,58,0.9175824175824175,0.7422222222222222,0.8088888888888889,0.8206388206388207
4,7,regular,3,1245,1230,15,1225,20,5,0.9839357429718876,0.9959349593495935,1.0121951219512195,0.98989898989899
4,7,semiregular,3,757,761,4,675,82,86,0.8916776750330251,0.8869908015768725,0.9947437582128777,0.8893280632411068
4,7,irregular,3,11,225,214,0,11,225,-1,-1,0.04888888888888889,-1
4,8,regular,1,1053,1035,18,1028,25,7,0.976258309591643,0.9932367149758454,1.017391304347826,0.9846743295019158
4,8,semiregular,1,847,827,20,754,93,73,0.8902007083825265,0.9117291414752116,1.0241837968561065,0.9008363201911588
4,8,irregular,1,13,243,230,0,13,243,-1,-1,0.053497942386831275,-1
4,8,regular,2,1028,1035,7,1019,9,16,0.9912451361867705,0.9845410628019323,0.9932367149758454,0.9878817256422686
4,8,semiregular,2,832,827,5,762,70,65,0.9158653846153846,0.9214026602176542,1.0060459492140266,0.9186256781193489
4,8,irregular,2,191,243,52,165,26,78,0.8638743455497382,0.6790123456790124,0.7860082304526749,0.7603686635944701
4,8,regular,3,1035,1035,0,1028,7,7,0.9932367149758454,0.9932367149758454,1.0,0.9932367149758454
4,8,semiregular,3,828,827,1,760,68,67,0.9178743961352657,0.9189842805320435,1.0012091898428053,0.918429003021148
4,8,irregular,3,13,243,230,1,12,242,0.07692307692307693,0.00411522633744856,0.053497942386831275,0.007812500000000002
4,9,regular,1,1108,1107,1,1092,16,15,0.9855595667870036,0.986449864498645,1.000903342366757,0.9860045146726862
4,9,semiregular,1,654,701,47,609,45,92,0.9311926605504587,0.8687589158345221,0.9329529243937232,0.8988929889298893
4,9,irregular,1,10,266,256,3,7,263,0.3,0.011278195488721804,0.03759398496240601,0.021739130434782605
4,9,regular,2,1096,1107,11,1086,10,21,0.9908759124087592,0.981029810298103,0.990063233965673,0.9859282796187018
4,9,semiregular,2,645,701,56,605,40,96,0.937984496124031,0.8630527817403709,0.920114122681883,0.8989598811292719
4,9,irregular,2,221,266,45,199,22,67,0.9004524886877828,0.7481203007518797,0.8308270676691729,0.8172484599589321
4,9,regular,3,1097,1107,10,1083,14,24,0.9872379216043756,0.978319783197832,0.99096657633243,0.9827586206896551
4,9,semiregular,3,677,701,24,640,37,61,0.9453471196454948,0.912981455064194,0.9657631954350927,0.9288824383164005
4,9,irregular,3,10,266,256,0,10,266,-1,-1,0.03759398496240601,-1
4,10,regular,1,1083,1014,69,1014,69,0,0.9362880886426593,1.0,1.0680473372781065,0.9670958512160229
4,10,semiregular,1,686,656,30,618,68,38,0.9008746355685131,0.9420731707317073,1.045731707317073,0.9210134128166915
4,10,irregular,1,8,247,239,2,6,245,0.25,0.008097165991902834,0.032388663967611336,0.01568627450980392
4,10,regular,2,1051,1014,37,1013,38,1,0.9638439581351094,0.9990138067061144,1.0364891518737673,0.9811138014527845
4,10,semiregular,2,683,656,27,616,67,40,0.9019033674963397,0.9390243902439024,1.041158536585366,0.9200896191187453
4,10,irregular,2,220,247,27,198,22,49,0.9,0.8016194331983806,0.8906882591093117,0.8479657387580299
4,10,regular,3,1056,1014,42,1014,42,0,0.9602272727272727,1.0,1.0414201183431953,0.9797101449275363
4,10,semiregular,3,646,656,10,598,48,58,0.9256965944272446,0.9115853658536586,0.9847560975609756,0.9185867895545315
4,10,irregular,3,9,247,238,1,8,246,0.1111111111111111,0.004048582995951417,0.03643724696356275,0.0078125
4,11,regular,1,1093,1070,23,1070,23,0,0.9789569990850869,1.0,1.0214953271028038,0.9893666204345817
4,11,semiregular,1,759,700,59,650,109,50,0.8563899868247694,0.9285714285714286,1.0842857142857143,0.8910212474297465
4,11,irregular,1,8,239,231,0,8,239,-1,-1,0.03347280334728033,-1
4,11,regular,2,1070,1070,0,1060,10,10,0.9906542056074766,0.9906542056074766,1.0,0.9906542056074766
4,11,semiregular,2,730,700,30,652,78,48,0.8931506849315068,0.9314285714285714,1.042857142857143,0.9118881118881118
4,11,irregular,2,196,239,43,171,25,68,0.8724489795918368,0.7154811715481172,0.8200836820083682,0.7862068965517242
4,11,regular,3,1077,1070,7,1069,8,1,0.9925719591457753,0.9990654205607477,1.0065420560747664,0.9958081043316256
4,11,semiregular,3,696,700,4,626,70,74,0.8994252873563219,0.8942857142857142,0.9942857142857143,0.8968481375358166
4,11,irregular,3,9,239,230,2,7,237,0.2222222222222222,0.008368200836820083,0.03765690376569038,0.016129032258064516
4,12,regular,1,1043,1007,36,1007,36,0,0.965484180249281,1.0,1.0357497517378351,0.982439024390244
4,12,semiregular,1,742,641,101,605,137,36,0.8153638814016172,0.9438377535101404,1.1575663026521061,0.8749096167751266
4,12,irregular,1,9,204,195,2,7,202,0.2222222222222222,0.00980392156862745,0.04411764705882353,0.018779342723004695
4,12,regular,2,1043,1007,36,1007,36,0,0.965484180249281,1.0,1.0357497517378351,0.982439024390244
4,12,semiregular,2,680,641,39,581,99,60,0.8544117647058823,0.906396255850234,1.0608424336973479,0.8796366389099167
4,12,irregular,2,211,204,7,170,41,34,0.8056872037914692,0.8333333333333334,1.0343137254901962,0.8192771084337349
4,12,regular,3,1049,1007,42,1007,42,0,0.9599618684461392,1.0,1.041708043694141,0.9795719844357976
4,12,semiregular,3,647,641,6,565,82,76,0.8732612055641422,0.8814352574102964,1.0093603744149766,0.8773291925465838
4,12,irregular,3,9,204,195,1,8,203,0.1111111111111111,0.004901960784313725,0.04411764705882353,0.009389671361502348
4,13,regular,1,1026,1000,26,1000,26,0,0.9746588693957114,1.0,1.026,0.9871668311944718
4,13,semiregular,1,876,815,61,795,81,20,0.9075342465753424,0.9754601226993865,1.0748466257668712,0.9402720283855707
4,13,irregular,1,12,216,204,2,10,214,0.16666666666666666,0.009259259259259259,0.05555555555555555,0.017543859649122806
4,13,regular,2,1021,1000,21,1000,21,0,0.9794319294809011,1.0,1.021,0.9896091044037605
4,13,semiregular,2,843,815,28,773,70,42,0.9169632265717675,0.9484662576687116,1.034355828220859,0.9324487334137516
4,13,irregular,2,212,216,4,179,33,37,0.8443396226415094,0.8287037037037037,0.9814814814814815,0.8364485981308412
4,13,regular,3,1010,1000,10,998,12,2,0.9881188118811881,0.998,1.01,0.9930348258706467
4,13,semiregular,3,809,815,6,756,53,59,0.934487021013597,0.9276073619631902,0.992638036809816,0.9310344827586207
4,13,irregular,3,13,216,203,1,12,215,0.07692307692307693,0.004629629629629629,0.06018518518518518,0.008733624454148473
4,14,regular,1,1062,1052,10,1050,12,2,0.9887005649717514,0.9980988593155894,1.0095057034220531,0.9933774834437087
4,14,semiregular,1,893,913,20,827,66,86,0.9260918253079508,0.9058050383351588,0.9780941949616648,0.9158361018826136
4,14,irregular,1,8,217,209,1,7,216,0.125,0.004608294930875576,0.03686635944700461,0.008888888888888889
4,14,regular,2,1053,1052,1,1039,14,13,0.9867046533713201,0.9876425855513308,1.0009505703422052,0.9871733966745844
4,14,semiregular,2,916,913,3,851,65,62,0.9290393013100436,0.932092004381161,1.0032858707557504,0.9305631492618918
4,14,irregular,2,210,217,7,179,31,38,0.8523809523809524,0.8248847926267281,0.967741935483871,0.8384074941451991
4,14,regular,3,1053,1052,1,1045,8,7,0.9924026590693258,0.9933460076045627,1.0009505703422052,0.9928741092636579
4,14,semiregular,3,889,913,24,842,47,71,0.9471316085489314,0.9222343921139102,0.9737130339539978,0.9345172031076582
4,14,irregular,3,9,217,208,1,8,216,0.1111111111111111,0.004608294930875576,0.041474654377880185,0.008849557522123895
4,15,regular,1,978,964,14,964,14,0,0.9856850715746421,1.0,1.0145228215767634,0.9927909371781668
4,15,semiregular,1,810,774,36,732,78,42,0.9037037037037037,0.9457364341085271,1.0465116279069768,0.9242424242424242
4,15,irregular,1,9,218,209,2,7,216,0.2222222222222222,0.009174311926605505,0.04128440366972477,0.01762114537444934
4,15,regular,2,959,964,5,949,10,15,0.9895724713242962,0.9844398340248963,0.9948132780082988,0.9869994799791991
4,15,semiregular,2,785,774,11,719,66,55,0.9159235668789809,0.9289405684754521,1.0142118863049097,0.9223861449647209
4,15,irregular,2,184,218,34,164,20,54,0.8913043478260869,0.7522935779816514,0.8440366972477065,0.8159203980099503
4,15,regular,3,965,964,1,959,6,5,0.9937823834196892,0.9948132780082988,1.0010373443983402,0.9942975635044065
4,15,semiregular,3,736,774,38,689,47,85,0.936141304347826,0.8901808785529716,0.9509043927648578,0.9125827814569537
4,15,irregular,3,9,218,209,1,8,217,0.1111111111111111,0.0045871559633027525,0.04128440366972477,0.00881057268722467
4,16,regular,1,1148,1109,39,1109,39,0,0.9660278745644599,1.0,1.0351668169522092,0.9827204253433761
4,16,semiregular,1,731,681,50,628,103,53,0.8590971272229823,0.922173274596182,1.0734214390602055,0.8895184135977338
4,16,irregular,1,8,272,264,2,6,270,0.25,0.007352941176470588,0.029411764705882353,0.014285714285714287
4,16,regular,2,1129,1109,20,1109,20,0,0.9822852081488043,1.0,1.018034265103697,0.9910634495084897
4,16,semiregular,2,690,681,9,605,85,76,0.8768115942028986,0.8883994126284875,1.013215859030837,0.8825674690007295
4,16,irregular,2,227,272,45,199,28,73,0.8766519823788547,0.7316176470588235,0.8345588235294118,0.7975951903807615
4,16,regular,3,1121,1109,12,1107,14,2,0.9875111507582516,0.9981965734896303,1.0108205590622181,0.9928251121076234
4,16,semiregular,3,663,681,18,600,63,81,0.9049773755656109,0.8810572687224669,0.973568281938326,0.8928571428571428
4,16,irregular,3,9,272,263,2,7,270,0.2222222222222222,0.007352941176470588,0.03308823529411765,0.014234875444839857
4,17,regular,1,1064,1029,35,1029,35,0,0.9671052631578947,1.0,1.034013605442177,0.9832775919732442
4,17,semiregular,1,859,837,22,775,84,62,0.9022118742724098,0.9259259259259259,1.026284348864994,0.9139150943396226
4,17,irregular,1,10,240,230,3,7,237,0.3,0.0125,0.041666666666666664,0.024
4,17,regular,2,1046,1029,17,1028,18,1,0.982791586998088,0.9990281827016521,1.0165208940719144,0.9908433734939759
4,17,semiregular,2,854,837,17,781,73,56,0.914519906323185,0.9330943847072879,1.020310633213859,0.9237137788290952
4,17,irregular,2,209,240,31,177,32,63,0.84688995215311,0.7375,0.8708333333333333,0.7884187082405346
4,17,regular,3,1054,1029,25,1028,26,1,0.9753320683111955,0.9990281827016521,1.0242954324586977,0.987037926068171
4,17,semiregular,3,818,837,19,759,59,78,0.9278728606356969,0.9068100358422939,0.977299880525687,0.9172205438066465
4,17,irregular,3,11,240,229,2,9,238,0.18181818181818182,0.008333333333333333,0.04583333333333333,0.01593625498007968
4,18,regular,1,1080,1044,36,1043,37,1,0.9657407407407408,0.9990421455938697,1.0344827586206897,0.9821092278719398
4,18,semiregular,1,807,801,6,746,61,55,0.9244114002478315,0.9313358302122348,1.0074906367041199,0.9278606965174131
4,18,irregular,1,8,252,244,1,7,251,0.125,0.003968253968253968,0.031746031746031744,0.007692307692307693
4,18,regular,2,1076,1044,32,1043,33,1,0.9693308550185874,0.9990421455938697,1.0306513409961686,0.9839622641509435
4,18,semiregular,2,822,801,21,764,58,37,0.9294403892944039,0.9538077403245943,1.0262172284644195,0.9414664202094886
4,18,irregular,2,223,252,29,199,24,53,0.8923766816143498,0.7896825396825397,0.8849206349206349,0.8378947368421052
4,18,regular,3,1079,1044,35,1044,35,0,0.9675625579240037,1.0,1.0335249042145593,0.9835138954309939
4,18,semiregular,3,792,801,9,745,47,56,0.9406565656565656,0.9300873907615481,0.9887640449438202,0.9353421217827997
4,18,irregular,3,8,252,244,3,5,249,0.375,0.011904761904761904,0.031746031746031744,0.023076923076923075
4,19,regular,1,1120,1076,44,1074,46,2,0.9589285714285715,0.9981412639405205,1.0408921933085502,0.9781420765027323
4,19,semiregular,1,762,753,9,693,69,60,0.9094488188976378,0.9203187250996016,1.0119521912350598,0.9148514851485149
4,19,irregular,1,7,245,238,1,6,244,0.14285714285714285,0.004081632653061225,0.02857142857142857,0.007936507936507938
4,19,regular,2,1108,1076,32,1074,34,2,0.9693140794223827,0.9981412639405205,1.029739776951673,0.9835164835164836
4,19,semiregular,2,737,753,16,681,56,72,0.9240162822252375,0.9043824701195219,0.9787516600265604,0.9140939597315436
4,19,irregular,2,240,245,5,200,40,45,0.8333333333333334,0.8163265306122449,0.9795918367346939,0.8247422680412372
4,19,regular,3,1102,1076,26,1074,28,2,0.9745916515426497,0.9981412639405205,1.0241635687732342,0.9862258953168044
4,19,semiregular,3,699,753,54,645,54,108,0.9227467811158798,0.8565737051792829,0.9282868525896414,0.8884297520661159
4,19,irregular,3,7,245,238,3,4,242,0.42857142857142855,0.012244897959183673,0.02857142857142857,0.023809523809523808
4,20,regular,1,1199,1251,52,1184,15,67,0.987489574645538,0.9464428457234213,0.9584332533972821,0.9665306122448981
4,20,semiregular,1,900,841,59,769,131,72,0.8544444444444445,0.9143876337693222,1.070154577883472,0.8834003446295232
4,20,irregular,1,8,252,244,1,7,251,0.125,0.003968253968253968,0.031746031746031744,0.007692307692307693
4,20,regular,2,1071,1251,180,1057,14,194,0.9869281045751634,0.8449240607513989,0.8561151079136691,0.9104220499569338
4,20,semiregular,2,796,841,45,704,92,137,0.8844221105527639,0.8370986920332937,0.9464922711058263,0.8601099572388515
4,20,irregular,2,239,252,13,204,35,48,0.8535564853556485,0.8095238095238095,0.9484126984126984,0.8309572301425662
4,20,regular,3,1167,1251,84,1150,17,101,0.9854327335047129,0.9192645883293366,0.9328537170263789,0.9511993382961125
4,20,semiregular,3,811,841,30,720,91,121,0.8877928483353884,0.8561236623067776,0.9643281807372176,0.8716707021791769
4,20,irregular,3,8,252,244,3,5,249,0.375,0.011904761904761904,0.031746031746031744,0.023076923076923075
4,21,regular,1,976,920,56,920,56,0,0.9426229508196722,1.0,1.0608695652173914,0.9704641350210971
4,21,semiregular,1,635,549,86,504,131,45,0.7937007874015748,0.9180327868852459,1.156648451730419,0.8513513513513513
4,21,irregular,1,8,204,196,2,6,202,0.25,0.00980392156862745,0.0392156862745098,0.018867924528301886
4,21,regular,2,928,920,8,915,13,5,0.9859913793103449,0.9945652173913043,1.008695652173913,0.9902597402597402
4,21,semiregular,2,602,549,53,500,102,49,0.8305647840531561,0.9107468123861566,1.0965391621129326,0.8688097306689835
4,21,irregular,2,178,204,26,152,26,52,0.8539325842696629,0.7450980392156863,0.8725490196078431,0.7958115183246073
4,21,regular,3,951,920,31,920,31,0,0.9674027339642481,1.0,1.0336956521739131,0.9834313201496526
4,21,semiregular,3,603,549,54,507,96,42,0.8407960199004975,0.9234972677595629,1.098360655737705,0.8802083333333334
4,21,irregular,3,8,204,196,0,8,204,-1,-1,0.0392156862745098,-1
4,22,regular,1,1011,946,65,946,65,0,0.9357072205736894,1.0,1.0687103594080338,0.9667858967807869
4,22,semiregular,1,764,703,61,657,107,46,0.8599476439790575,0.9345661450924608,1.0867709815078237,0.8957055214723926
4,22,irregular,1,8,247,239,1,7,246,0.125,0.004048582995951417,0.032388663967611336,0.00784313725490196
4,22,regular,2,966,946,20,936,30,10,0.968944099378882,0.9894291754756871,1.0211416490486258,0.9790794979079498
4,22,semiregular,2,718,703,15,646,72,57,0.8997214484679665,0.918918918918919,1.0213371266002844,0.9092188599577762
4,22,irregular,2,190,247,57,165,25,82,0.868421052631579,0.6680161943319838,0.7692307692307693,0.7551487414187643
4,22,regular,3,990,946,44,946,44,0,0.9555555555555556,1.0,1.0465116279069768,0.9772727272727273
4,22,semiregular,3,706,703,3,638,68,65,0.9036827195467422,0.9075391180654339,1.004267425320057,0.9056068133427962
4,22,irregular,3,9,247,238,3,6,244,0.3333333333333333,0.012145748987854251,0.03643724696356275,0.0234375
4,23,regular,1,1069,999,70,999,70,0,0.9345182413470533,1.0,1.07007007007007,0.9661508704061896
4,23,semiregular,1,895,835,60,744,151,91,0.8312849162011173,0.8910179640718563,1.0718562874251496,0.8601156069364162
4,23,irregular,1,14,266,252,1,13,265,0.07142857142857142,0.0037593984962406013,0.05263157894736842,0.007142857142857143
4,23,regular,2,845,999,154,840,5,159,0.9940828402366864,0.8408408408408409,0.8458458458458459,0.911062906724512
4,23,semiregular,2,554,835,281,496,58,339,0.8953068592057761,0.5940119760479042,0.6634730538922156,0.7141828653707705
4,23,irregular,2,68,266,198,65,3,201,0.9558823529411765,0.24436090225563908,0.2556390977443609,0.38922155688622756
4,23,regular,3,1047,999,48,993,54,6,0.9484240687679083,0.993993993993994,1.048048048048048,0.9706744868035191
4,23,semiregular,3,851,835,16,773,78,62,0.9083431257344301,0.925748502994012,1.0191616766467066,0.9169632265717675
4,23,irregular,3,15,266,251,1,14,265,0.06666666666666667,0.0037593984962406013,0.05639097744360902,0.0071174377224199285
4,24,regular,1,1100,1079,21,1079,21,0,0.980909090909091,1.0,1.0194624652455977,0.9903625516291877
4,24,semiregular,1,675,680,5,607,68,73,0.8992592592592593,0.8926470588235295,0.9926470588235294,0.8959409594095942
4,24,irregular,1,11,247,236,2,9,245,0.18181818181818182,0.008097165991902834,0.044534412955465584,0.015503875968992248
4,24,regular,2,1086,1079,7,1066,20,13,0.9815837937384899,0.9879518072289156,1.0064874884151993,0.984757505773672
4,24,semiregular,2,658,680,22,613,45,67,0.9316109422492401,0.9014705882352941,0.9676470588235294,0.9162929745889388
4,24,irregular,2,219,247,28,191,28,56,0.8721461187214612,0.7732793522267206,0.8866396761133604,0.8197424892703863
4,24,regular,3,1068,1079,11,1059,9,20,0.9915730337078652,0.9814643188137164,0.989805375347544,0.9864927806241267
4,24,semiregular,3,665,680,15,624,41,56,0.9383458646616541,0.9176470588235294,0.9779411764705882,0.9278810408921934
4,24,irregular,3,11,247,236,0,11,247,-1,-1,0.044534412955465584,-1
4,25,regular,1,962,946,16,945,17,1,0.9823284823284824,0.9989429175475687,1.0169133192389006,0.9905660377358492
4,25,semiregular,1,727,718,9,640,87,78,0.8803301237964236,0.8913649025069638,1.0125348189415042,0.8858131487889274
4,25,irregular,1,14,207,193,1,13,206,0.07142857142857142,0.004830917874396135,0.06763285024154589,0.00904977375565611
4,25,regular,2,942,946,4,932,10,14,0.9893842887473461,0.985200845665962,0.9957716701902748,0.9872881355932204
4,25,semiregular,2,732,718,14,660,72,58,0.9016393442622951,0.9192200557103064,1.0194986072423398,0.9103448275862068
4,25,irregular,2,156,207,51,132,24,75,0.8461538461538461,0.6376811594202898,0.7536231884057971,0.7272727272727273
4,25,regular,3,949,946,3,937,12,9,0.9873551106427819,0.9904862579281184,1.0031712473572938,0.9889182058047494
4,25,semiregular,3,696,718,22,629,67,89,0.9037356321839081,0.8760445682451253,0.9693593314763231,0.8896746817538896
4,25,irregular,3,15,207,192,4,11,203,0.26666666666666666,0.01932367149758454,0.07246376811594203,0.036036036036036036
4,26,regular,1,1055,985,70,985,70,0,0.933649289099526,1.0,1.0710659898477157,0.9656862745098039
4,26,semiregular,1,793,720,73,685,108,35,0.8638083228247163,0.9513888888888888,1.101388888888889,0.9054857898215466
4,26,irregular,1,9,214,205,2,7,212,0.2222222222222222,0.009345794392523364,0.04205607476635514,0.017937219730941704
4,26,regular,2,1030,985,45,985,45,0,0.9563106796116505,1.0,1.0456852791878173,0.9776674937965261
4,26,semiregular,2,743,720,23,664,79,56,0.8936742934051144,0.9222222222222223,1.0319444444444446,0.9077238550922762
4,26,irregular,2,190,214,24,156,34,58,0.8210526315789474,0.7289719626168224,0.8878504672897196,0.7722772277227723
4,26,regular,3,1040,985,55,984,56,1,0.9461538461538461,0.9989847715736041,1.0558375634517767,0.9718518518518519
4,26,semiregular,3,712,720,8,657,55,63,0.922752808988764,0.9125,0.9888888888888889,0.9175977653631284
4,26,irregular,3,10,214,204,2,8,212,0.2,0.009345794392523364,0.04672897196261682,0.017857142857142856
4,27,regular,1,1178,1166,12,1160,18,6,0.9847198641765704,0.9948542024013722,1.0102915951972555,0.9897610921501706
4,27,semiregular,1,702,728,26,619,83,109,0.8817663817663818,0.8502747252747253,0.9642857142857143,0.8657342657342658
4,27,irregular,1,13,270,257,3,10,267,0.23076923076923078,0.011111111111111112,0.04814814814814815,0.021201413427561842
4,27,regular,2,1167,1166,1,1150,17,16,0.9854327335047129,0.9862778730703259,1.0008576329331047,0.9858551221603086
4,27,semiregular,2,726,728,2,662,64,66,0.9118457300275482,0.9093406593406593,0.9972527472527473,0.9105914718019257
4,27,irregular,2,242,270,28,207,35,63,0.8553719008264463,0.7666666666666667,0.8962962962962963,0.80859375
4,27,regular,3,1166,1166,0,1157,9,9,0.9922813036020584,0.9922813036020584,1.0,0.9922813036020584
4,27,semiregular,3,704,728,24,650,54,78,0.9232954545454546,0.8928571428571429,0.967032967032967,0.9078212290502794
4,27,irregular,3,14,270,256,0,14,270,-1,-1,0.05185185185185185,-1
4,28,regular,1,1112,1098,14,1085,27,13,0.9757194244604317,0.98816029143898,1.0127504553734061,0.9819004524886878
4,28,semiregular,1,902,859,43,806,96,53,0.893569844789357,0.9383003492433062,1.050058207217695,0.915388983532084
4,28,irregular,1,15,293,278,2,13,291,0.13333333333333333,0.006825938566552901,0.051194539249146756,0.012987012987012988
4,28,regular,2,1112,1098,14,1089,23,9,0.97931654676259,0.9918032786885246,1.0127504553734061,0.9855203619909503
4,28,semiregular,2,847,859,12,772,75,87,0.911452184179457,0.8987194412107101,0.9860302677532014,0.9050410316529894
4,28,irregular,2,224,293,69,192,32,101,0.8571428571428571,0.6552901023890785,0.764505119453925,0.7427466150870404
4,28,regular,3,1107,1098,9,1087,20,11,0.98193315266486,0.9899817850637522,1.0081967213114753,0.9859410430839002
4,28,semiregular,3,843,859,16,786,57,73,0.9323843416370107,0.9150174621653085,0.9813736903376019,0.9236192714453584
4,28,irregular,3,16,293,277,2,14,291,0.125,0.006825938566552901,0.05460750853242321,0.012944983818770227
4,29,regular,1,1150,1140,10,1136,14,4,0.9878260869565217,0.9964912280701754,1.0087719298245614,0.9921397379912664
4,29,semiregular,1,951,869,82,826,125,43,0.868559411146162,0.950517836593786,1.094361334867664,0.9076923076923077
4,29,irregular,1,10,247,237,1,9,246,0.1,0.004048582995951417,0.04048582995951417,0.007782101167315176
4,29,regular,2,1138,1140,2,1126,12,14,0.9894551845342706,0.987719298245614,0.9982456140350877,0.9885864793678665
4,29,semiregular,2,952,869,83,834,118,35,0.8760504201680672,0.9597238204833142,1.095512082853855,0.9159802306425042
4,29,irregular,2,229,247,18,199,30,48,0.868995633187773,0.805668016194332,0.9271255060728745,0.8361344537815126
4,29,regular,3,1134,1140,6,1126,8,14,0.9929453262786596,0.987719298245614,0.9947368421052631,0.990325417766051
4,29,semiregular,3,883,869,14,788,95,81,0.8924122310305775,0.906789413118527,1.0161104718066742,0.8995433789954337
4,29,irregular,3,10,247,237,0,10,247,-1,-1,0.04048582995951417,-1
4,30,regular,1,1007,997,10,995,12,2,0.9880834160873883,0.9979939819458375,1.0100300902708124,0.9930139720558881
4,30,semiregular,1,832,810,22,753,79,57,0.9050480769230769,0.9296296296296296,1.0271604938271606,0.9171741778319122
4,30,irregular,1,17,250,233,3,14,247,0.17647058823529413,0.012,0.068,0.02247191011235955
4,30,regular,2,998,997,1,988,10,9,0.9899799599198397,0.9909729187562688,1.0010030090270812,0.9904761904761904
4,30,semiregular,2,825,810,15,755,70,55,0.9151515151515152,0.9320987654320988,1.0185185185185186,0.9235474006116208
4,30,irregular,2,195,250,55,169,26,81,0.8666666666666667,0.676,0.78,0.7595505617977528
4,30,regular,3,1002,997,5,994,8,3,0.9920159680638723,0.9969909729187563,1.0050150451354063,0.9944972486243122
4,30,semiregular,3,807,810,3,752,55,58,0.9318463444857497,0.928395061728395,0.9962962962962963,0.9301175015460729
4,30,irregular,3,18,250,232,1,17,249,0.05555555555555555,0.004,0.072,0.007462686567164178
5,1,regular,1,997,937,60,937,60,0,0.9398194583751254,1.0,1.064034151547492,0.9689762150982419
5,1,semiregular,1,741,703,38,624,117,79,0.8421052631578947,0.887624466571835,1.054054054054054,0.8642659279778392
5,1,irregular,1,8,199,191,3,5,196,0.375,0.01507537688442211,0.04020100502512563,0.028985507246376812
5,1,regular,2,1008,937,71,937,71,0,0.9295634920634921,1.0,1.0757737459978656,0.963496143958869
5,1,semiregular,2,738,703,35,638,100,65,0.8644986449864499,0.9075391180654339,1.0497866287339972,0.8854961832061069
5,1,irregular,2,188,199,11,157,31,42,0.8351063829787234,0.7889447236180904,0.9447236180904522,0.8113695090439277
5,1,regular,3,940,937,3,934,6,3,0.9936170212765958,0.9967982924226254,1.0032017075773747,0.9952051145444859
5,1,semiregular,3,718,703,15,633,85,70,0.8816155988857939,0.9004267425320057,1.0213371266002844,0.8909218859957777
5,1,irregular,3,178,199,21,153,25,46,0.8595505617977528,0.7688442211055276,0.8944723618090452,0.8116710875331564
5,2,regular,1,1211,1224,13,1195,16,29,0.9867877786952931,0.9763071895424836,0.9893790849673203,0.9815195071868582
5,2,semiregular,1,612,647,35,570,42,77,0.9313725490196079,0.8809891808346213,0.9459041731066461,0.9054805401111993
5,2,irregular,1,10,217,207,2,8,215,0.2,0.009216589861751152,0.04608294930875576,0.01762114537444934
5,2,regular,2,1231,1224,7,1207,24,17,0.9805036555645816,0.9861111111111112,1.005718954248366,0.9832993890020367
5,2,semiregular,2,634,647,13,597,37,50,0.9416403785488959,0.9227202472952086,0.9799072642967542,0.9320843091334895
5,2,irregular,2,204,217,13,177,27,40,0.8676470588235294,0.815668202764977,0.9400921658986175,0.8408551068883612
5,2,regular,3,1209,1224,15,1206,3,18,0.9975186104218362,0.9852941176470589,0.9877450980392157,0.9913686806411838
5,2,semiregular,3,632,647,15,598,34,49,0.9462025316455697,0.9242658423493045,0.9768160741885626,0.9351055512118843
5,2,irregular,3,199,217,18,169,30,48,0.8492462311557789,0.7788018433179723,0.9170506912442397,0.8124999999999999
5,3,regular,1,1028,1053,25,1018,10,35,0.9902723735408561,0.9667616334283001,0.976258309591643,0.9783757808745797
5,3,semiregular,1,705,716,11,634,71,82,0.8992907801418439,0.8854748603351955,0.9846368715083799,0.8923293455313158
5,3,irregular,1,10,224,214,0,10,224,-1,-1,0.044642857142857144,-1
5,3,regular,2,1047,1053,6,1035,12,18,0.9885386819484241,0.9829059829059829,0.9943019943019943,0.9857142857142857
5,3,semiregular,2,727,716,11,658,69,58,0.9050894085281981,0.9189944134078212,1.01536312849162,0.9119889119889121
5,3,irregular,2,199,224,25,172,27,52,0.864321608040201,0.7678571428571429,0.8883928571428571,0.8132387706855793
5,3,regular,3,1033,1053,20,1031,2,22,0.9980638915779284,0.9791073124406457,0.9810066476733144,0.9884947267497602
5,3,semiregular,3,713,716,3,648,65,68,0.908835904628331,0.9050279329608939,0.9958100558659218,0.906927921623513
5,3,irregular,3,205,224,19,168,37,56,0.8195121951219512,0.75,0.9151785714285714,0.7832167832167832
5,4,regular,1,1117,1101,16,1096,21,5,0.981199641897941,0.9954586739327884,1.0145322434150772,0.988277727682597
5,4,semiregular,1,648,614,34,536,112,78,0.8271604938271605,0.8729641693811075,1.0553745928338762,0.8494453248811411
5,4,irregular,1,11,228,217,2,9,226,0.18181818181818182,0.008771929824561403,0.04824561403508772,0.016736401673640166
5,4,regular,2,1124,1101,23,1101,23,0,0.9795373665480427,1.0,1.0208900999091735,0.9896629213483146
5,4,semiregular,2,635,614,21,564,71,50,0.8881889763779528,0.9185667752442996,1.0342019543973942,0.9031224979983988
5,4,irregular,2,207,228,21,179,28,49,0.8647342995169082,0.7850877192982456,0.9078947368421053,0.8229885057471265
5,4,regular,3,1104,1101,3,1099,5,2,0.9954710144927537,0.9981834695731153,1.002724795640327,0.9968253968253968
5,4,semiregular,3,609,614,5,541,68,73,0.8883415435139573,0.8811074918566775,0.99185667752443,0.884709730171709
5,4,irregular,3,212,228,16,182,30,46,0.8584905660377359,0.7982456140350878,0.9298245614035088,0.8272727272727273
5,5,regular,1,1038,1044,6,1029,9,15,0.9913294797687862,0.985632183908046,0.9942528735632183,0.9884726224783862
5,5,semiregular,1,747,668,79,635,112,33,0.8500669344042838,0.9505988023952096,1.1182634730538923,0.8975265017667844
5,5,irregular,1,12,217,205,0,12,217,-1,-1,0.055299539170506916,-1
5,5,regular,2,1051,1044,7,1038,13,6,0.9876308277830638,0.9942528735632183,1.0067049808429118,0.9909307875894987
5,5,semiregular,2,726,668,58,633,93,35,0.871900826446281,0.9476047904191617,1.0868263473053892,0.9081779053084648
5,5,irregular,2,200,217,17,173,27,44,0.865,0.7972350230414746,0.9216589861751152,0.8297362110311751
5,5,regular,3,1036,1044,8,1034,2,10,0.9980694980694981,0.9904214559386973,0.9923371647509579,0.9942307692307693
5,5,semiregular,3,673,668,5,593,80,75,0.8811292719167905,0.8877245508982036,1.0074850299401197,0.8844146159582401
5,5,irregular,3,199,217,18,171,28,46,0.8592964824120602,0.7880184331797235,0.9170506912442397,0.8221153846153846
5,6,regular,1,962,915,47,914,48,1,0.9501039501039501,0.9989071038251366,1.0513661202185793,0.9738945125199787
5,6,semiregular,1,715,701,14,647,68,54,0.9048951048951049,0.9229671897289586,1.0199714693295292,0.9138418079096047
5,6,irregular,1,11,195,184,2,9,193,0.18181818181818182,0.010256410256410256,0.05641025641025641,0.01941747572815534
5,6,regular,2,972,915,57,914,58,1,0.9403292181069959,0.9989071038251366,1.062295081967213,0.9687334393216745
5,6,semiregular,2,720,701,19,657,63,44,0.9125,0.9372325249643366,1.0271041369472182,0.9247009148486981
5,6,irregular,2,163,195,32,123,40,72,0.754601226993865,0.6307692307692307,0.8358974358974359,0.6871508379888267
5,6,regular,3,919,915,4,914,5,1,0.9945593035908596,0.9989071038251366,1.0043715846994536,0.9967284623773173
5,6,semiregular,3,693,701,8,639,54,62,0.922077922077922,0.9115549215406562,0.9885877318116976,0.9167862266857962
5,6,irregular,3,196,195,1,162,34,33,0.826530612244898,0.8307692307692308,1.005128205128205,0.8286445012787724
5,7,regular,1,1237,1230,7,1217,20,13,0.9838318512530315,0.989430894308943,1.005691056910569,0.9866234292663154
5,7,semiregular,1,791,761,30,691,100,70,0.8735777496839444,0.9080157687253614,1.0394218134034166,0.8904639175257734
5,7,irregular,1,14,225,211,0,14,225,-1,-1,0.06222222222222222,-1
5,7,regular,2,1256,1230,26,1226,30,4,0.9761146496815286,0.9967479674796748,1.021138211382114,0.9863234111021721
5,7,semiregular,2,768,761,7,682,86,79,0.8880208333333334,0.8961892247043364,1.0091984231274638,0.8920863309352518
5,7,irregular,2,185,225,40,166,19,59,0.8972972972972973,0.7377777777777778,0.8222222222222222,0.8097560975609756
5,7,regular,3,1221,1230,9,1217,4,13,0.9967239967239967,0.989430894308943,0.9926829268292683,0.993064055487556
5,7,semiregular,3,758,761,3,664,94,97,0.8759894459102903,0.8725361366622865,0.9960578186596584,0.8742593811718236
5,7,irregular,3,215,225,10,187,28,38,0.8697674418604651,0.8311111111111111,0.9555555555555556,0.85
5,8,regular,1,1034,1035,1,1015,19,20,0.9816247582205029,0.9806763285024155,0.9990338164251208,0.9811503141614307
5,8,semiregular,1,843,827,16,750,93,77,0.8896797153024911,0.9068923821039904,1.0193470374848852,0.8982035928143713
5,8,irregular,1,17,243,226,2,15,241,0.11764705882352941,0.00823045267489712,0.06995884773662552,0.015384615384615387
5,8,regular,2,1045,1035,10,1025,20,10,0.9808612440191388,0.9903381642512077,1.0096618357487923,0.9855769230769231
5,8,semiregular,2,837,827,10,766,71,61,0.9151732377538829,0.9262394195888755,1.0120918984280531,0.9206730769230769
5,8,irregular,2,206,243,37,176,30,67,0.8543689320388349,0.7242798353909465,0.8477366255144033,0.7839643652561248
5,8,regular,3,1028,1035,7,1024,4,11,0.9961089494163424,0.9893719806763285,0.9932367149758454,0.9927290353853612
5,8,semiregular,3,811,827,16,745,66,82,0.9186189889025894,0.9008464328899637,0.9806529625151149,0.9096459096459097
5,8,irregular,3,205,243,38,169,36,74,0.824390243902439,0.6954732510288066,0.8436213991769548,0.7544642857142857
5,9,regular,1,1096,1107,11,1081,15,26,0.9863138686131386,0.976513098464318,0.990063233965673,0.9813890149795733
5,9,semiregular,1,630,701,71,585,45,116,0.9285714285714286,0.8345221112696148,0.8987161198288159,0.879038317054846
5,9,irregular,1,13,266,253,3,10,263,0.23076923076923078,0.011278195488721804,0.04887218045112782,0.02150537634408602
5,9,regular,2,1105,1107,2,1089,16,18,0.9855203619909503,0.983739837398374,0.998193315266486,0.984629294755877
5,9,semiregular,2,631,701,70,593,38,108,0.9397781299524565,0.8459343794579173,0.9001426533523538,0.8903903903903905
5,9,irregular,2,230,266,36,203,27,63,0.8826086956521739,0.7631578947368421,0.8646616541353384,0.8185483870967744
5,9,regular,3,1083,1107,24,1079,4,28,0.9963065558633426,0.974706413730804,0.978319783197832,0.9853881278538812
5,9,semiregular,3,675,701,26,643,32,58,0.9525925925925925,0.9172610556348074,0.9629101283880172,0.934593023255814
5,9,irregular,3,224,266,42,193,31,73,0.8616071428571429,0.7255639097744361,0.8421052631578947,0.7877551020408163
5,10,regular,1,1052,1014,38,1014,38,0,0.9638783269961977,1.0,1.0374753451676528,0.9816069699903195
5,10,semiregular,1,676,656,20,616,60,40,0.9112426035502958,0.9390243902439024,1.0304878048780488,0.924924924924925
5,10,irregular,1,11,247,236,5,6,242,0.45454545454545453,0.020242914979757085,0.044534412955465584,0.03875968992248062
5,10,regular,2,1066,1014,52,1012,54,2,0.949343339587242,0.9980276134122288,1.0512820512820513,0.9730769230769232
5,10,semiregular,2,681,656,25,612,69,44,0.8986784140969163,0.9329268292682927,1.038109756097561,0.9154824233358265
5,10,irregular,2,213,247,34,189,24,58,0.8873239436619719,0.7651821862348178,0.8623481781376519,0.8217391304347827
5,10,regular,3,1034,1014,20,1011,23,3,0.9777562862669246,0.9970414201183432,1.0197238658777121,0.9873046875
5,10,semiregular,3,656,656,0,607,49,49,0.9253048780487805,0.9253048780487805,1.0,0.9253048780487805
5,10,irregular,3,223,247,24,202,21,45,0.905829596412556,0.8178137651821862,0.902834008097166,0.8595744680851063
5,11,regular,1,1069,1070,1,1060,9,10,0.9915809167446211,0.9906542056074766,0.9990654205607477,0.9911173445535296
5,11,semiregular,1,740,700,40,638,102,62,0.8621621621621621,0.9114285714285715,1.0571428571428572,0.8861111111111112
5,11,irregular,1,11,239,228,3,8,236,0.2727272727272727,0.012552301255230125,0.04602510460251046,0.024
5,11,regular,2,1082,1070,12,1068,14,2,0.9870609981515711,0.9981308411214953,1.011214953271028,0.9925650557620816
5,11,semiregular,2,715,700,15,645,70,55,0.9020979020979021,0.9214285714285714,1.0214285714285714,0.911660777385159
5,11,irregular,2,206,239,33,180,26,59,0.8737864077669902,0.7531380753138075,0.8619246861924686,0.8089887640449437
5,11,regular,3,1062,1070,8,1059,3,11,0.9971751412429378,0.9897196261682243,0.9925233644859813,0.9934333958724202
5,11,semiregular,3,696,700,4,621,75,79,0.8922413793103449,0.8871428571428571,0.9942857142857143,0.8896848137535817
5,11,irregular,3,200,239,39,170,30,69,0.85,0.7112970711297071,0.8368200836820083,0.7744874715261959
5,12,regular,1,1025,1007,18,1006,19,1,0.9814634146341463,0.9990069513406157,1.0178748758689176,0.9901574803149606
5,12,semiregular,1,714,641,73,597,117,44,0.8361344537815126,0.9313572542901716,1.1138845553822152,0.8811808118081181
5,12,irregular,1,12,204,192,1,11,203,0.08333333333333333,0.004901960784313725,0.058823529411764705,0.009259259259259259
5,12,regular,2,1041,1007,34,1007,34,0,0.9673390970220941,1.0,1.0337636544190665,0.9833984375
5,12,semiregular,2,678,641,37,585,93,56,0.8628318584070797,0.9126365054602185,1.0577223088923557,0.887035633055345
5,12,irregular,2,214,204,10,174,40,30,0.8130841121495327,0.8529411764705882,1.0490196078431373,0.832535885167464
5,12,regular,3,1024,1007,17,1007,17,0,0.9833984375,1.0,1.0168818272095332,0.9916297390448056
5,12,semiregular,3,633,641,8,553,80,88,0.8736176935229067,0.8627145085803433,0.9875195007800313,0.8681318681318682
5,12,irregular,3,205,204,1,164,41,40,0.8,0.803921568627451,1.0049019607843137,0.8019559902200489
5,13,regular,1,1008,1000,8,995,13,5,0.9871031746031746,0.995,1.008,0.9910358565737053
5,13,semiregular,1,854,815,39,777,77,38,0.9098360655737705,0.9533742331288344,1.0478527607361963,0.9310964649490714
5,13,irregular,1,16,216,200,2,14,214,0.125,0.009259259259259259,0.07407407407407407,0.017241379310344827
5,13,regular,2,1017,1000,17,999,18,1,0.9823008849557522,0.999,1.017,0.9905800694100148
5,13,semiregular,2,847,815,32,780,67,35,0.9208972845336482,0.9570552147239264,1.0392638036809816,0.9386281588447654
5,13,irregular,2,204,216,12,175,29,41,0.8578431372549019,0.8101851851851852,0.9444444444444444,0.8333333333333334
5,13,regular,3,1003,1000,3,998,5,2,0.9950149551345963,0.998,1.003,0.9965052421367948
5,13,semiregular,3,801,815,14,750,51,65,0.9363295880149812,0.9202453987730062,0.9828220858895705,0.9282178217821782
5,13,irregular,3,209,216,7,180,29,36,0.861244019138756,0.8333333333333334,0.9675925925925926,0.8470588235294118
5,14,regular,1,1045,1052,7,1033,12,19,0.9885167464114832,0.9819391634980988,0.9933460076045627,0.9852169766332856
5,14,semiregular,1,866,913,47,806,60,107,0.930715935334873,0.882803943044907,0.9485213581599123,0.9061270376616077
5,14,irregular,1,11,217,206,4,7,213,0.36363636363636365,0.018433179723502304,0.05069124423963134,0.03508771929824561
5,14,regular,2,1048,1052,4,1035,13,17,0.9875954198473282,0.9838403041825095,0.9961977186311787,0.9857142857142857
5,14,semiregular,2,903,913,10,840,63,73,0.9302325581395349,0.9200438116100766,0.9890470974808324,0.9251101321585903
5,14,irregular,2,211,217,6,182,29,35,0.8625592417061612,0.8387096774193549,0.9723502304147466,0.8504672897196263
5,14,regular,3,1043,1052,9,1043,0,9,1.0,0.9914448669201521,0.9914448669201521,0.9957040572792363
5,14,semiregular,3,871,913,42,817,54,96,0.9380022962112514,0.8948521358159912,0.9539978094194962,0.9159192825112108
5,14,irregular,3,185,217,32,162,23,55,0.8756756756756757,0.7465437788018433,0.8525345622119815,0.8059701492537313
5,15,regular,1,964,964,0,952,12,12,0.9875518672199171,0.9875518672199171,1.0,0.9875518672199171
5,15,semiregular,1,818,774,44,737,81,37,0.9009779951100244,0.9521963824289406,1.0568475452196382,0.9258793969849245
5,15,irregular,1,12,218,206,2,10,216,0.16666666666666666,0.009174311926605505,0.05504587155963303,0.017391304347826087
5,15,regular,2,964,964,0,951,13,13,0.9865145228215768,0.9865145228215768,1.0,0.9865145228215768
5,15,semiregular,2,769,774,5,712,57,62,0.9258777633289987,0.9198966408268734,0.9935400516795866,0.9228775113415424
5,15,irregular,2,204,218,14,177,27,41,0.8676470588235294,0.8119266055045872,0.9357798165137615,0.8388625592417063
5,15,regular,3,954,964,10,953,1,11,0.9989517819706499,0.9885892116182573,0.9896265560165975,0.9937434827945777
5,15,semiregular,3,738,774,36,690,48,84,0.9349593495934959,0.8914728682170543,0.9534883720930233,0.9126984126984128
5,15,irregular,3,200,218,18,170,30,48,0.85,0.7798165137614679,0.9174311926605505,0.8133971291866028
5,16,regular,1,1129,1109,20,1105,24,4,0.978742249778565,0.9963931469792606,1.018034265103697,0.9874888293118856
5,16,semiregular,1,649,681,32,573,76,108,0.8828967642526965,0.8414096916299559,0.9530102790014684,0.8616541353383459
5,16,irregular,1,11,272,261,5,6,267,0.45454545454545453,0.01838235294117647,0.04044117647058824,0.0353356890459364
5,16,regular,2,1139,1109,30,1109,30,0,0.9736611062335382,1.0,1.0270513976555455,0.9866548042704626
5,16,semiregular,2,685,681,4,611,74,70,0.891970802919708,0.8972099853157122,1.0058737151248165,0.8945827232796486
5,16,irregular,2,230,272,42,206,24,66,0.8956521739130435,0.7573529411764706,0.8455882352941176,0.8207171314741035
5,16,regular,3,1115,1109,6,1107,8,2,0.9928251121076234,0.9981965734896303,1.005410279531109,0.9955035971223022
5,16,semiregular,3,653,681,28,586,67,95,0.8973966309341501,0.8604992657856094,0.9588839941262849,0.87856071964018
5,16,irregular,3,213,272,59,190,23,82,0.892018779342723,0.6985294117647058,0.7830882352941176,0.7835051546391752
5,17,regular,1,1039,1029,10,1025,14,4,0.9865255052935515,0.9961127308066083,1.0097181729834792,0.9912959381044487
5,17,semiregular,1,814,837,23,739,75,98,0.9078624078624079,0.8829151732377539,0.972520908004779,0.8952150211992732
5,17,irregular,1,14,240,226,1,13,239,0.07142857142857142,0.004166666666666667,0.058333333333333334,0.007874015748031496
5,17,regular,2,1055,1029,26,1029,26,0,0.9753554502369668,1.0,1.0252672497570456,0.9875239923224568
5,17,semiregular,2,852,837,15,780,72,57,0.9154929577464789,0.931899641577061,1.017921146953405,0.9236234458259325
5,17,irregular,2,228,240,12,188,40,52,0.8245614035087719,0.7833333333333333,0.95,0.8034188034188033
5,17,regular,3,1037,1029,8,1028,9,1,0.991321118611379,0.9990281827016521,1.0077745383867833,0.9951597289448209
5,17,semiregular,3,816,837,21,756,60,81,0.9264705882352942,0.9032258064516129,0.974910394265233,0.9147005444646098
5,17,irregular,3,213,240,27,178,35,62,0.8356807511737089,0.7416666666666667,0.8875,0.7858719646799116
5,18,regular,1,1058,1044,14,1039,19,5,0.9820415879017014,0.9952107279693486,1.0134099616858236,0.9885823025689819
5,18,semiregular,1,789,801,12,730,59,71,0.9252217997465145,0.9113607990012484,0.9850187265917603,0.9182389937106918
5,18,irregular,1,11,252,241,1,10,251,0.09090909090909091,0.003968253968253968,0.04365079365079365,0.0076045627376425855
5,18,regular,2,1069,1044,25,1044,25,0,0.9766136576239476,1.0,1.0239463601532568,0.9881684808329388
5,18,semiregular,2,806,801,5,756,50,45,0.9379652605459057,0.9438202247191011,1.0062421972534332,0.940883634100809
5,18,irregular,2,236,252,16,206,30,46,0.8728813559322034,0.8174603174603174,0.9365079365079365,0.8442622950819672
5,18,regular,3,1050,1044,6,1042,8,2,0.9923809523809524,0.9980842911877394,1.0057471264367817,0.9952244508118434
5,18,semiregular,3,793,801,8,748,45,53,0.9432534678436317,0.9338327091136079,0.9900124843945068,0.9385194479297364
5,18,irregular,3,236,252,16,203,33,49,0.8601694915254238,0.8055555555555556,0.9365079365079365,0.8319672131147542
5,19,regular,1,1077,1076,1,1068,9,8,0.9916434540389972,0.9925650557620818,1.0009293680297398,0.9921040408732003
5,19,semiregular,1,736,753,17,680,56,73,0.9239130434782609,0.9030544488711819,0.9774236387782205,0.913364674278039
5,19,irregular,1,9,245,236,2,7,243,0.2222222222222222,0.00816326530612245,0.036734693877551024,0.015748031496062995
5,19,regular,2,1102,1076,26,1074,28,2,0.9745916515426497,0.9981412639405205,1.0241635687732342,0.9862258953168044
5,19,semiregular,2,723,753,30,673,50,80,0.9308437067773168,0.8937583001328021,0.9601593625498008,0.9119241192411924
5,19,irregular,2,234,245,11,198,36,47,0.8461538461538461,0.8081632653061225,0.9551020408163265,0.826722338204593
5,19,regular,3,1083,1076,7,1074,9,2,0.9916897506925207,0.9981412639405205,1.0065055762081785,0.9949050486336267
5,19,semiregular,3,726,753,27,675,51,78,0.9297520661157025,0.896414342629482,0.9641434262948207,0.9127789046653144
5,19,irregular,3,219,245,26,181,38,64,0.8264840182648402,0.7387755102040816,0.8938775510204081,0.7801724137931035
5,20,regular,1,1197,1251,54,1185,12,66,0.9899749373433584,0.947242206235012,0.9568345323741008,0.9681372549019607
5,20,semiregular,1,880,841,39,760,120,81,0.8636363636363636,0.9036860879904876,1.0463733650416172,0.8832074375363161
5,20,irregular,1,11,252,241,2,9,250,0.18181818181818182,0.007936507936507936,0.04365079365079365,0.015209125475285171
5,20,regular,2,1228,1251,23,1212,16,39,0.9869706840390879,0.9688249400479616,0.9816147082334132,0.9778136345300524
5,20,semiregular,2,789,841,52,697,92,144,0.8833967046894804,0.8287752675386445,0.9381688466111772,0.8552147239263804
5,20,irregular,2,247,252,5,208,39,44,0.8421052631578947,0.8253968253968254,0.9801587301587301,0.8336673346693386
5,20,regular,3,1174,1251,77,1172,2,79,0.9982964224872232,0.9368505195843325,0.938449240607514,0.9665979381443298
5,20,semiregular,3,808,841,33,718,90,123,0.8886138613861386,0.8537455410225921,0.9607609988109393,0.8708308065494239
5,20,irregular,3,221,252,31,185,36,67,0.8371040723981901,0.7341269841269841,0.876984126984127,0.7822410147991543
5,21,regular,1,943,920,23,920,23,0,0.975609756097561,1.0,1.025,0.9876543209876543
5,21,semiregular,1,607,549,58,491,116,58,0.8088962108731467,0.8943533697632058,1.1056466302367942,0.8494809688581316
5,21,irregular,1,11,204,193,4,7,200,0.36363636363636365,0.0196078431372549,0.05392156862745098,0.037209302325581395
5,21,regular,2,936,920,16,920,16,0,0.9829059829059829,1.0,1.017391304347826,0.9913793103448275
5,21,semiregular,2,600,549,51,497,103,52,0.8283333333333334,0.9052823315118397,1.092896174863388,0.8651000870322019
5,21,irregular,2,183,204,21,156,27,48,0.8524590163934426,0.7647058823529411,0.8970588235294118,0.8062015503875968
5,21,regular,3,923,920,3,918,5,2,0.9945828819068255,0.9978260869565218,1.0032608695652174,0.996201844818231
5,21,semiregular,3,578,549,29,490,88,59,0.8477508650519031,0.8925318761384335,1.052823315118397,0.8695652173913042
5,21,irregular,3,198,204,6,169,29,35,0.8535353535353535,0.8284313725490197,0.9705882352941176,0.8407960199004976
5,22,regular,1,982,946,36,946,36,0,0.9633401221995926,1.0,1.0380549682875264,0.9813278008298755
5,22,semiregular,1,726,703,23,644,82,59,0.8870523415977961,0.9160739687055477,1.0327169274537695,0.9013296011196641
5,22,irregular,1,11,247,236,3,8,244,0.2727272727272727,0.012145748987854251,0.044534412955465584,0.023255813953488372
5,22,regular,2,984,946,38,946,38,0,0.9613821138211383,1.0,1.040169133192389,0.9803108808290155
5,22,semiregular,2,708,703,5,637,71,66,0.8997175141242938,0.9061166429587483,1.0071123755334281,0.9029057406094969
5,22,irregular,2,195,247,52,168,27,79,0.8615384615384616,0.680161943319838,0.7894736842105263,0.7601809954751131
5,22,regular,3,952,946,6,944,8,2,0.9915966386554622,0.9978858350951374,1.0063424947145878,0.9947312961011591
5,22,semiregular,3,687,703,16,633,54,70,0.9213973799126638,0.9004267425320057,0.9772403982930299,0.9107913669064749
5,22,irregular,3,226,247,21,194,32,53,0.8584070796460177,0.7854251012145749,0.9149797570850202,0.8202959830866807
5,23,regular,1,1028,999,29,980,48,19,0.953307392996109,0.980980980980981,1.029029029029029,0.9669462259496794
5,23,semiregular,1,866,835,31,772,94,63,0.8914549653579676,0.9245508982035928,1.037125748502994,0.9077013521457965
5,23,irregular,1,19,266,247,3,16,263,0.15789473684210525,0.011278195488721804,0.07142857142857142,0.021052631578947368
5,23,regular,2,1040,999,41,988,52,11,0.95,0.988988988988989,1.0410410410410411,0.9691025012260911
5,23,semiregular,2,825,835,10,743,82,92,0.9006060606060606,0.8898203592814371,0.9880239520958084,0.8951807228915662
5,23,irregular,2,234,266,32,193,41,73,0.8247863247863247,0.7255639097744361,0.8796992481203008,0.7719999999999999
5,23,regular,3,994,999,5,988,6,11,0.993963782696177,0.988988988988989,0.994994994994995,0.9914701455092825
5,23,semiregular,3,829,835,6,750,79,85,0.9047044632086851,0.8982035928143712,0.9928143712574851,0.9014423076923077
5,23,irregular,3,226,266,40,186,40,80,0.8230088495575221,0.6992481203007519,0.849624060150376,0.7560975609756098
5,24,regular,1,1076,1079,3,1058,18,21,0.983271375464684,0.9805375347544022,0.9972196478220574,0.9819025522041764
5,24,semiregular,1,660,680,20,601,59,79,0.9106060606060606,0.8838235294117647,0.9705882352941176,0.8970149253731343
5,24,irregular,1,14,247,233,3,11,244,0.21428571428571427,0.012145748987854251,0.05668016194331984,0.02298850574712644
5,24,regular,2,1091,1079,12,1071,20,8,0.9816681943171403,0.9925857275254866,1.0111214087117701,0.9870967741935485
5,24,semiregular,2,657,680,23,613,44,67,0.9330289193302892,0.9014705882352941,0.9661764705882353,0.9169783096484667
5,24,irregular,2,215,247,32,194,21,53,0.9023255813953488,0.7854251012145749,0.8704453441295547,0.8398268398268398
5,24,regular,3,1062,1079,17,1058,4,21,0.9962335216572504,0.9805375347544022,0.9842446709916589,0.9883232134516581
5,24,semiregular,3,675,680,5,633,42,47,0.9377777777777778,0.9308823529411765,0.9926470588235294,0.9343173431734318
5,24,irregular,3,237,247,10,205,32,42,0.8649789029535865,0.8299595141700404,0.9595141700404858,0.847107438016529
5,25,regular,1,941,946,5,932,9,14,0.9904357066950054,0.985200845665962,0.9947145877378436,0.9878113407525173
5,25,semiregular,1,711,718,7,635,76,83,0.8931082981715893,0.8844011142061281,0.9902506963788301,0.8887333799860041
5,25,irregular,1,18,207,189,1,17,206,0.05555555555555555,0.004830917874396135,0.08695652173913043,0.008888888888888889
5,25,regular,2,948,946,2,934,14,12,0.9852320675105485,0.9873150105708245,1.0021141649048626,0.986272439281943
5,25,semiregular,2,726,718,8,659,67,59,0.9077134986225895,0.9178272980501393,1.011142061281337,0.9127423822714682
5,25,irregular,2,164,207,43,119,45,88,0.725609756097561,0.5748792270531401,0.7922705314009661,0.6415094339622642
5,25,regular,3,876,946,70,876,0,70,1.0,0.9260042283298098,0.9260042283298098,0.9615806805708014
5,25,semiregular,3,651,718,67,589,62,129,0.9047619047619048,0.8203342618384402,0.9066852367688022,0.8604821037253471
5,25,irregular,3,152,207,55,121,31,86,0.7960526315789473,0.5845410628019324,0.7342995169082126,0.6740947075208915
5,26,regular,1,1087,985,102,985,102,0,0.906163753449862,1.0,1.1035532994923858,0.9507722007722008
5,26,semiregular,1,767,720,47,670,97,50,0.8735332464146024,0.9305555555555556,1.0652777777777778,0.9011432414256892
5,26,irregular,1,13,214,201,0,13,214,-1,-1,0.06074766355140187,-1
5,26,regular,2,1134,985,149,985,149,0,0.8686067019400353,1.0,1.1512690355329949,0.929683813119396
5,26,semiregular,2,735,720,15,654,81,66,0.889795918367347,0.9083333333333333,1.0208333333333333,0.8989690721649485
5,26,irregular,2,102,214,112,84,18,130,0.8235294117647058,0.3925233644859813,0.4766355140186916,0.5316455696202531
5,26,regular,3,1129,985,144,984,145,1,0.8715677590788308,0.9989847715736041,1.1461928934010153,0.9309366130558184
5,26,semiregular,3,805,720,85,678,127,42,0.8422360248447205,0.9416666666666667,1.1180555555555556,0.8891803278688525
5,26,irregular,3,237,214,23,184,53,30,0.7763713080168776,0.8598130841121495,1.1074766355140186,0.8159645232815964
5,27,regular,1,1147,1166,19,1132,15,34,0.986922406277245,0.9708404802744426,0.983704974271012,0.9788153912667531
5,27,semiregular,1,606,728,122,541,65,187,0.8927392739273927,0.7431318681318682,0.8324175824175825,0.8110944527736131
5,27,irregular,1,17,270,253,4,13,266,0.23529411764705882,0.014814814814814815,0.06296296296296296,0.02787456445993031
5,27,regular,2,1165,1166,1,1149,16,17,0.9862660944206009,0.9854202401372213,0.9991423670668954,0.9858429858429858
5,27,semiregular,2,708,728,20,645,63,83,0.9110169491525424,0.885989010989011,0.9725274725274725,0.8983286908077994
5,27,irregular,2,258,270,12,226,32,44,0.875968992248062,0.837037037037037,0.9555555555555556,0.856060606060606
5,27,regular,3,1158,1166,8,1156,2,10,0.998272884283247,0.9914236706689536,0.9931389365351629,0.9948364888123925
5,27,semiregular,3,703,728,25,644,59,84,0.9160739687055477,0.8846153846153846,0.9656593406593407,0.9000698812019566
5,27,irregular,3,233,270,37,205,28,65,0.8798283261802575,0.7592592592592593,0.8629629629629629,0.8151093439363817
5,28,regular,1,1082,1098,16,1058,24,40,0.977818853974122,0.9635701275045537,0.9854280510018215,0.9706422018348624
5,28,semiregular,1,904,859,45,806,98,53,0.8915929203539823,0.9383003492433062,1.0523864959254947,0.9143505388542258
5,28,irregular,1,21,293,272,4,17,289,0.19047619047619047,0.013651877133105802,0.07167235494880546,0.025477707006369428
5,28,regular,2,1130,1098,32,1098,32,0,0.9716814159292035,1.0,1.029143897996357,0.9856373429084381
5,28,semiregular,2,822,859,37,761,61,98,0.9257907542579076,0.8859138533178114,0.9569266589057043,0.9054134443783463
5,28,irregular,2,232,293,61,196,36,97,0.8448275862068966,0.6689419795221843,0.7918088737201365,0.7466666666666666
5,28,regular,3,1083,1098,15,1080,3,18,0.997229916897507,0.9836065573770492,0.9863387978142076,0.9903713892709766
5,28,semiregular,3,816,859,43,761,55,98,0.9325980392156863,0.8859138533178114,0.9499417927823051,0.9086567164179103
5,28,irregular,3,234,293,59,192,42,101,0.8205128205128205,0.6552901023890785,0.7986348122866894,0.7286527514231498
5,29,regular,1,1137,1140,3,1125,12,15,0.9894459102902374,0.9868421052631579,0.9973684210526316,0.9881422924901185
5,29,semiregular,1,940,869,71,813,127,56,0.8648936170212767,0.9355581127733027,1.0817031070195626,0.8988391376451078
5,29,irregular,1,13,247,234,3,10,244,0.23076923076923078,0.012145748987854251,0.05263157894736842,0.023076923076923078
5,29,regular,2,1142,1140,2,1129,13,11,0.98861646234676,0.9903508771929824,1.0017543859649123,0.9894829097283085
5,29,semiregular,2,968,869,99,831,137,38,0.8584710743801653,0.956271576524741,1.1139240506329113,0.9047359825802941
5,29,irregular,2,239,247,8,202,37,45,0.8451882845188284,0.8178137651821862,0.9676113360323887,0.831275720164609
5,29,regular,3,1108,1140,32,1106,2,34,0.9981949458483754,0.9701754385964912,0.9719298245614035,0.983985765124555
5,29,semiregular,3,882,869,13,791,91,78,0.8968253968253969,0.9102416570771001,1.0149597238204833,0.903483723586522
5,29,irregular,3,244,247,3,207,37,40,0.8483606557377049,0.8380566801619433,0.9878542510121457,0.8431771894093688
5,30,regular,1,984,997,13,974,10,23,0.9898373983739838,0.9769307923771314,0.9869608826479438,0.98334174659263
5,30,semiregular,1,810,810,0,734,76,76,0.9061728395061729,0.9061728395061729,1.0,0.9061728395061729
5,30,irregular,1,22,250,228,2,20,248,0.09090909090909091,0.008,0.088,0.014705882352941176
5,30,regular,2,986,997,11,973,13,24,0.986815415821501,0.9759277833500501,0.9889669007021064,0.9813414019162885
5,30,semiregular,2,824,810,14,754,70,56,0.9150485436893204,0.9308641975308642,1.017283950617284,0.922888616891065
5,30,irregular,2,206,250,44,174,32,76,0.8446601941747572,0.696,0.824,0.7631578947368421
5,30,regular,3,991,997,6,990,1,7,0.9989909182643795,0.9929789368104313,0.9939819458375125,0.9959758551307848
5,30,semiregular,3,796,810,14,738,58,72,0.9271356783919598,0.9111111111111111,0.9827160493827161,0.9190535491905356
5,30,irregular,3,213,250,37,175,38,75,0.8215962441314554,0.7,0.852,0.755939524838013
