Test fold number,Subject,Gait,Sensor,Predicted,Actual,Difference,TP,FP,FN,PPV,Sensitivity,RCA,SDA
1,1,regular,1,976,937,39,918,58,19,0.9405737704918032,0.9797225186766275,1.0416221985058698,0.9597490852064819
1,1,semiregular,1,815,703,112,673,142,30,0.8257668711656442,0.957325746799431,1.159317211948791,0.8866930171277998
1,1,irregular,1,9,199,190,1,8,198,0.1111111111111111,0.005025125628140704,0.04522613065326633,0.009615384615384616
1,1,regular,2,1019,937,82,937,82,0,0.9195289499509323,1.0,1.087513340448239,0.9580777096114519
1,1,semiregular,2,816,703,113,678,138,25,0.8308823529411765,0.9644381223328592,1.1607396870554765,0.8926925608953259
1,1,irregular,2,186,199,13,168,18,31,0.9032258064516129,0.8442211055276382,0.9346733668341709,0.8727272727272727
1,1,regular,3,975,937,38,917,58,20,0.9405128205128205,0.9786552828175027,1.040554962646745,0.9592050209205021
1,1,semiregular,3,754,703,51,666,88,37,0.883289124668435,0.9473684210526315,1.0725462304409672,0.9142072752230611
1,1,irregular,3,159,199,40,149,10,50,0.9371069182389937,0.7487437185929648,0.7989949748743719,0.8324022346368716
1,2,regular,1,1221,1224,3,1205,16,19,0.9868959868959869,0.9844771241830066,0.9975490196078431,0.9856850715746421
1,2,semiregular,1,616,647,31,576,40,71,0.935064935064935,0.8902627511591963,0.9520865533230294,0.9121140142517814
1,2,irregular,1,12,217,205,2,10,215,0.16666666666666666,0.009216589861751152,0.055299539170506916,0.017467248908296946
1,2,regular,2,1224,1224,0,1206,18,18,0.9852941176470589,0.9852941176470589,1.0,0.9852941176470589
1,2,semiregular,2,622,647,25,589,33,58,0.9469453376205788,0.910355486862442,0.9613601236476044,0.9282899921197793
1,2,irregular,2,206,217,11,196,10,21,0.9514563106796117,0.9032258064516129,0.9493087557603687,0.9267139479905436
1,2,regular,3,1240,1224,16,1218,22,6,0.9822580645161291,0.9950980392156863,1.0130718954248366,0.9886363636363636
1,2,semiregular,3,643,647,4,613,30,34,0.9533437013996889,0.9474497681607419,0.9938176197836167,0.9503875968992249
1,2,irregular,3,191,217,26,182,9,35,0.9528795811518325,0.8387096774193549,0.880184331797235,0.8921568627450981
1,3,regular,1,1037,1053,16,1033,4,20,0.996142719382835,0.9810066476733144,0.9848053181386515,0.9885167464114832
1,3,semiregular,1,757,716,41,673,84,43,0.8890356671070013,0.9399441340782123,1.0572625698324023,0.9137813985064495
1,3,irregular,1,11,224,213,2,9,222,0.18181818181818182,0.008928571428571428,0.049107142857142856,0.01702127659574468
1,3,regular,2,1031,1053,22,1028,3,25,0.997090203685742,0.976258309591643,0.9791073124406457,0.9865642994241843
1,3,semiregular,2,752,716,36,685,67,31,0.910904255319149,0.9567039106145251,1.0502793296089385,0.9332425068119892
1,3,irregular,2,202,224,22,184,18,40,0.9108910891089109,0.8214285714285714,0.9017857142857143,0.8638497652582159
1,3,regular,3,1043,1053,10,1040,3,13,0.99712368168744,0.9876543209876543,0.9905033238366572,0.9923664122137403
1,3,semiregular,3,720,716,4,668,52,48,0.9277777777777778,0.9329608938547486,1.005586592178771,0.9303621169916434
1,3,irregular,3,172,224,52,169,3,55,0.9825581395348837,0.7544642857142857,0.7678571428571429,0.8535353535353536
1,4,regular,1,1136,1101,35,1101,35,0,0.9691901408450704,1.0,1.0317892824704813,0.9843540455967813
1,4,semiregular,1,704,614,90,562,142,52,0.7982954545454546,0.9153094462540716,1.1465798045602607,0.8528072837632777
1,4,irregular,1,12,228,216,2,10,226,0.16666666666666666,0.008771929824561403,0.05263157894736842,0.016666666666666666
1,4,regular,2,1134,1101,33,1101,33,0,0.9708994708994709,1.0,1.0299727520435968,0.9852348993288591
1,4,semiregular,2,629,614,15,566,63,48,0.8998410174880763,0.9218241042345277,1.02442996742671,0.9106999195494772
1,4,irregular,2,208,228,20,190,18,38,0.9134615384615384,0.8333333333333334,0.9122807017543859,0.8715596330275229
1,4,regular,3,1139,1101,38,1101,38,0,0.9666374012291484,1.0,1.0345140781108084,0.9830357142857142
1,4,semiregular,3,617,614,3,560,57,54,0.9076175040518638,0.9120521172638436,1.004885993485342,0.90982940698619
1,4,irregular,3,167,228,61,156,11,72,0.9341317365269461,0.6842105263157895,0.7324561403508771,0.789873417721519
1,5,regular,1,1041,1044,3,1037,4,7,0.9961575408261287,0.9932950191570882,0.9971264367816092,0.9947242206235013
1,5,semiregular,1,817,668,149,641,176,27,0.784577723378213,0.9595808383233533,1.223053892215569,0.8632996632996633
1,5,irregular,1,13,217,204,4,9,213,0.3076923076923077,0.018433179723502304,0.059907834101382486,0.034782608695652174
1,5,regular,2,1028,1044,16,1024,4,20,0.9961089494163424,0.9808429118773946,0.9846743295019157,0.9884169884169886
1,5,semiregular,2,770,668,102,652,118,16,0.8467532467532467,0.9760479041916168,1.152694610778443,0.9068150208623088
1,5,irregular,2,205,217,12,183,22,34,0.8926829268292683,0.8433179723502304,0.9447004608294931,0.8672985781990522
1,5,regular,3,1054,1044,10,1044,10,0,0.9905123339658444,1.0,1.0095785440613028,0.9952335557673975
1,5,semiregular,3,715,668,47,642,73,26,0.8979020979020979,0.9610778443113772,1.0703592814371257,0.928416485900217
1,5,irregular,3,176,217,41,170,6,47,0.9659090909090909,0.783410138248848,0.8110599078341014,0.8651399491094147
1,6,regular,1,969,915,54,915,54,0,0.9442724458204335,1.0,1.0590163934426229,0.9713375796178344
1,6,semiregular,1,752,701,51,662,90,39,0.8803191489361702,0.9443651925820257,1.072753209700428,0.9112181693048865
1,6,irregular,1,13,195,182,0,13,195,-1,-1,0.06666666666666667,-1
1,6,regular,2,981,915,66,915,66,0,0.9327217125382263,1.0,1.0721311475409836,0.9651898734177216
1,6,semiregular,2,766,701,65,687,79,14,0.8968668407310705,0.9800285306704708,1.0927246790299572,0.9366053169734151
1,6,irregular,2,197,195,2,119,78,76,0.6040609137055838,0.6102564102564103,1.0102564102564102,0.6071428571428573
1,6,regular,3,958,915,43,914,44,1,0.954070981210856,0.9989071038251366,1.0469945355191257,0.9759743726641752
1,6,semiregular,3,702,701,1,662,40,39,0.9430199430199431,0.9443651925820257,1.0014265335235377,0.9436920883820384
1,6,irregular,3,176,195,19,160,16,35,0.9090909090909091,0.8205128205128205,0.9025641025641026,0.862533692722372
1,7,regular,1,1256,1230,26,1228,28,2,0.9777070063694268,0.9983739837398374,1.021138211382114,0.9879324215607401
1,7,semiregular,1,794,761,33,683,111,78,0.8602015113350125,0.897503285151117,1.0433639947437583,0.8784565916398714
1,7,irregular,1,16,225,209,3,13,222,0.1875,0.013333333333333334,0.07111111111111111,0.024896265560165977
1,7,regular,2,1243,1230,13,1224,19,6,0.9847144006436042,0.9951219512195122,1.0105691056910568,0.9898908208653457
1,7,semiregular,2,776,761,15,698,78,63,0.8994845360824743,0.9172141918528253,1.0197109067017083,0.9082628497072219
1,7,irregular,2,182,225,43,172,10,53,0.945054945054945,0.7644444444444445,0.8088888888888889,0.8452088452088452
1,7,regular,3,1259,1230,29,1229,30,1,0.9761715647339158,0.9991869918699187,1.0235772357723578,0.9875451988750501
1,7,semiregular,3,770,761,9,701,69,60,0.9103896103896104,0.9211563731931669,1.011826544021025,0.9157413455258002
1,7,irregular,3,185,225,40,174,11,51,0.9405405405405406,0.7733333333333333,0.8222222222222222,0.8487804878048781
1,8,regular,1,1043,1035,8,1029,14,6,0.9865771812080537,0.9942028985507246,1.007729468599034,0.9903753609239654
1,8,semiregular,1,841,827,14,741,100,86,0.8810939357907254,0.8960096735187424,1.0169286577992744,0.8884892086330937
1,8,irregular,1,19,243,224,4,15,239,0.21052631578947367,0.01646090534979424,0.07818930041152264,0.030534351145038167
1,8,regular,2,1041,1035,6,1026,15,9,0.9855907780979827,0.991304347826087,1.0057971014492753,0.9884393063583815
1,8,semiregular,2,843,827,16,775,68,52,0.9193357058125742,0.9371221281741233,1.0193470374848852,0.9281437125748503
1,8,irregular,2,198,243,45,189,9,54,0.9545454545454546,0.7777777777777778,0.8148148148148148,0.8571428571428572
1,8,regular,3,1053,1035,18,1033,20,2,0.9810066476733144,0.9980676328502416,1.017391304347826,0.9894636015325671
1,8,semiregular,3,837,827,10,775,62,52,0.9259259259259259,0.9371221281741233,1.0120918984280531,0.9314903846153846
1,8,irregular,3,191,243,52,184,7,59,0.9633507853403142,0.757201646090535,0.7860082304526749,0.847926267281106
1,9,regular,1,1092,1107,15,1083,9,24,0.9917582417582418,0.978319783197832,0.986449864498645,0.984993178717599
1,9,semiregular,1,646,701,55,601,45,100,0.9303405572755418,0.8573466476462197,0.9215406562054208,0.8923533778767633
1,9,irregular,1,15,266,251,3,12,263,0.2,0.011278195488721804,0.05639097744360902,0.021352313167259787
1,9,regular,2,1116,1107,9,1103,13,4,0.9883512544802867,0.996386630532972,1.008130081300813,0.9923526765632029
1,9,semiregular,2,640,701,61,617,23,84,0.9640625,0.8801711840228246,0.912981455064194,0.9202087994034304
1,9,irregular,2,230,266,36,220,10,46,0.9565217391304348,0.8270676691729323,0.8646616541353384,0.8870967741935483
1,9,regular,3,1102,1107,5,1093,9,14,0.9918330308529946,0.987353206865402,0.995483288166215,0.9895880488909009
1,9,semiregular,3,684,701,17,658,26,43,0.9619883040935673,0.9386590584878745,0.9757489300998573,0.9501805054151625
1,9,irregular,3,213,266,53,204,9,62,0.9577464788732394,0.7669172932330827,0.8007518796992481,0.8517745302713987
1,10,regular,1,1059,1014,45,1014,45,0,0.9575070821529745,1.0,1.044378698224852,0.9782923299565847
1,10,semiregular,1,702,656,46,627,75,29,0.8931623931623932,0.9557926829268293,1.0701219512195121,0.9234167893961708
1,10,irregular,1,13,247,234,2,11,245,0.15384615384615385,0.008097165991902834,0.05263157894736842,0.015384615384615385
1,10,regular,2,1063,1014,49,1014,49,0,0.9539040451552211,1.0,1.0483234714003944,0.9764082811747714
1,10,semiregular,2,654,656,2,605,49,51,0.9250764525993884,0.9222560975609756,0.9969512195121951,0.9236641221374046
1,10,irregular,2,206,247,41,188,18,59,0.912621359223301,0.7611336032388664,0.8340080971659919,0.8300220750551875
1,10,regular,3,1059,1014,45,1014,45,0,0.9575070821529745,1.0,1.044378698224852,0.9782923299565847
1,10,semiregular,3,655,656,1,622,33,34,0.9496183206106871,0.948170731707317,0.9984756097560976,0.9488939740655988
1,10,irregular,3,129,247,118,125,4,122,0.9689922480620154,0.5060728744939271,0.5222672064777328,0.6648936170212766
1,11,regular,1,1074,1070,4,1069,5,1,0.9953445065176909,0.9990654205607477,1.0037383177570094,0.9972014925373135
1,11,semiregular,1,794,700,94,666,128,34,0.8387909319899244,0.9514285714285714,1.1342857142857143,0.891566265060241
1,11,irregular,1,13,239,226,2,11,237,0.15384615384615385,0.008368200836820083,0.05439330543933055,0.015873015873015872
1,11,regular,2,1070,1070,0,1062,8,8,0.9925233644859813,0.9925233644859813,1.0,0.9925233644859813
1,11,semiregular,2,732,700,32,665,67,35,0.9084699453551912,0.95,1.0457142857142858,0.9287709497206703
1,11,irregular,2,201,239,38,190,11,49,0.945273631840796,0.7949790794979079,0.8410041841004184,0.8636363636363636
1,11,regular,3,1078,1070,8,1070,8,0,0.9925788497217068,1.0,1.0074766355140188,0.9962756052141527
1,11,semiregular,3,699,700,1,647,52,53,0.9256080114449213,0.9242857142857143,0.9985714285714286,0.9249463902787706
1,11,irregular,3,190,239,49,179,11,60,0.9421052631578948,0.7489539748953975,0.7949790794979079,0.8344988344988346
1,12,regular,1,1012,1007,5,1005,7,2,0.9930830039525692,0.9980139026812314,1.0049652432969216,0.9955423476968795
1,12,semiregular,1,761,641,120,612,149,29,0.8042049934296978,0.9547581903276131,1.187207488299532,0.8730385164051355
1,12,irregular,1,13,204,191,2,11,202,0.15384615384615385,0.00980392156862745,0.06372549019607843,0.018433179723502304
1,12,regular,2,1044,1007,37,1007,37,0,0.9645593869731801,1.0,1.0367428003972194,0.9819600195026816
1,12,semiregular,2,700,641,59,600,100,41,0.8571428571428571,0.9360374414976599,1.0920436817472698,0.8948545861297539
1,12,irregular,2,224,204,20,189,35,15,0.84375,0.9264705882352942,1.0980392156862746,0.883177570093458
1,12,regular,3,1029,1007,22,1007,22,0,0.9786200194363459,1.0,1.0218470705064548,0.9891944990176817
1,12,semiregular,3,651,641,10,595,56,46,0.9139784946236559,0.9282371294851794,1.015600624024961,0.9210526315789475
1,12,irregular,3,196,204,8,182,14,22,0.9285714285714286,0.8921568627450981,0.9607843137254902,0.9099999999999999
1,13,regular,1,990,1000,10,985,5,15,0.9949494949494949,0.985,0.99,0.9899497487437187
1,13,semiregular,1,887,815,72,785,102,30,0.8850056369785795,0.9631901840490797,1.0883435582822085,0.9224441833137486
1,13,irregular,1,19,216,197,4,15,212,0.21052631578947367,0.018518518518518517,0.08796296296296297,0.03404255319148936
1,13,regular,2,1024,1000,24,1000,24,0,0.9765625,1.0,1.024,0.9881422924901185
1,13,semiregular,2,849,815,34,793,56,22,0.934040047114252,0.9730061349693252,1.041717791411043,0.9531249999999999
1,13,irregular,2,222,216,6,197,25,19,0.8873873873873874,0.9120370370370371,1.0277777777777777,0.8995433789954338
1,13,regular,3,1006,1000,6,999,7,1,0.9930417495029821,0.999,1.006,0.9960119641076769
1,13,semiregular,3,817,815,2,779,38,36,0.9534883720930233,0.9558282208588957,1.0024539877300613,0.954656862745098
1,13,irregular,3,195,216,21,184,11,32,0.9435897435897436,0.8518518518518519,0.9027777777777778,0.8953771289537713
1,14,regular,1,1059,1052,7,1052,7,0,0.9933899905571294,1.0,1.0066539923954372,0.9966840360018949
1,14,semiregular,1,940,913,27,852,88,61,0.9063829787234042,0.9331872946330778,1.0295728368017525,0.91958985429034
1,14,irregular,1,13,217,204,3,10,214,0.23076923076923078,0.013824884792626729,0.059907834101382486,0.026086956521739132
1,14,regular,2,1060,1052,8,1052,8,0,0.9924528301886792,1.0,1.0076045627376427,0.9962121212121212
1,14,semiregular,2,949,913,36,887,62,26,0.934668071654373,0.9715224534501643,1.0394304490690034,0.9527389903329754
1,14,irregular,2,209,217,8,189,20,28,0.9043062200956937,0.8709677419354839,0.9631336405529954,0.8873239436619718
1,14,regular,3,1065,1052,13,1052,13,0,0.9877934272300469,1.0,1.0123574144486691,0.9938592347661785
1,14,semiregular,3,898,913,15,848,50,65,0.9443207126948775,0.9288061336254108,0.9835706462212487,0.936499171728327
1,14,irregular,3,160,217,57,155,5,62,0.96875,0.7142857142857143,0.7373271889400922,0.8222811671087532
1,15,regular,1,966,964,2,961,5,3,0.994824016563147,0.9968879668049793,1.0020746887966805,0.9958549222797928
1,15,semiregular,1,824,774,50,736,88,38,0.8932038834951457,0.9509043927648578,1.0645994832041343,0.9211514392991238
1,15,irregular,1,13,218,205,2,11,216,0.15384615384615385,0.009174311926605505,0.05963302752293578,0.017316017316017316
1,15,regular,2,950,964,14,946,4,18,0.9957894736842106,0.9813278008298755,0.9854771784232366,0.9885057471264368
1,15,semiregular,2,805,774,31,742,63,32,0.9217391304347826,0.958656330749354,1.0400516795865633,0.9398353388220392
1,15,irregular,2,206,218,12,194,12,24,0.941747572815534,0.8899082568807339,0.944954128440367,0.9150943396226414
1,15,regular,3,971,964,7,964,7,0,0.9927909371781668,1.0,1.0072614107883817,0.9963824289405684
1,15,semiregular,3,750,774,24,717,33,57,0.956,0.9263565891472868,0.9689922480620154,0.9409448818897638
1,15,irregular,3,186,218,32,182,4,36,0.978494623655914,0.8348623853211009,0.8532110091743119,0.900990099009901
1,16,regular,1,1148,1109,39,1109,39,0,0.9660278745644599,1.0,1.0351668169522092,0.9827204253433761
1,16,semiregular,1,757,681,76,634,123,47,0.8375165125495376,0.9309838472834068,1.1116005873715125,0.8817802503477052
1,16,irregular,1,12,272,260,6,6,266,0.5,0.022058823529411766,0.04411764705882353,0.04225352112676056
1,16,regular,2,1136,1109,27,1109,27,0,0.9762323943661971,1.0,1.024346257889991,0.9879732739420936
1,16,semiregular,2,707,681,26,642,65,39,0.9080622347949081,0.9427312775330396,1.038179148311307,0.9250720461095101
1,16,irregular,2,223,272,49,211,12,61,0.9461883408071748,0.7757352941176471,0.8198529411764706,0.8525252525252526
1,16,regular,3,1114,1109,5,1102,12,7,0.9892280071813285,0.9936880072137061,1.0045085662759243,0.9914529914529915
1,16,semiregular,3,669,681,12,626,43,55,0.9357249626307922,0.9192364170337739,0.9823788546255506,0.9274074074074075
1,16,irregular,3,168,272,104,166,2,106,0.9880952380952381,0.6102941176470589,0.6176470588235294,0.7545454545454546
1,17,regular,1,1036,1029,7,1026,10,3,0.9903474903474904,0.9970845481049563,1.0068027210884354,0.9937046004842616
1,17,semiregular,1,877,837,40,772,105,65,0.8802736602052451,0.9223416965352449,1.04778972520908,0.9008168028004668
1,17,irregular,1,15,240,225,5,10,235,0.3333333333333333,0.020833333333333332,0.0625,0.0392156862745098
1,17,regular,2,1055,1029,26,1029,26,0,0.9753554502369668,1.0,1.0252672497570456,0.9875239923224568
1,17,semiregular,2,872,837,35,801,71,36,0.9185779816513762,0.956989247311828,1.041816009557945,0.9373902867173786
1,17,irregular,2,214,240,26,191,23,49,0.8925233644859814,0.7958333333333333,0.8916666666666667,0.8414096916299559
1,17,regular,3,1046,1029,17,1029,17,0,0.9837476099426387,1.0,1.0165208940719144,0.9918072289156626
1,17,semiregular,3,830,837,7,789,41,48,0.9506024096385542,0.942652329749104,0.991636798088411,0.9466106778644272
1,17,irregular,3,200,240,40,190,10,50,0.95,0.7916666666666666,0.8333333333333334,0.8636363636363635
1,18,regular,1,1068,1044,24,1044,24,0,0.9775280898876404,1.0,1.0229885057471264,0.9886363636363636
1,18,semiregular,1,843,801,42,758,85,43,0.8991696322657177,0.9463171036204744,1.0524344569288389,0.9221411192214112
1,18,irregular,1,12,252,240,4,8,248,0.3333333333333333,0.015873015873015872,0.047619047619047616,0.030303030303030304
1,18,regular,2,1054,1044,10,1041,13,3,0.9876660341555977,0.9971264367816092,1.0095785440613028,0.9923736892278361
1,18,semiregular,2,842,801,41,778,64,23,0.9239904988123515,0.9712858926342073,1.0511860174781522,0.9470480827754109
1,18,irregular,2,230,252,22,211,19,41,0.9173913043478261,0.8373015873015873,0.9126984126984127,0.8755186721991702
1,18,regular,3,1059,1044,15,1044,15,0,0.9858356940509915,1.0,1.014367816091954,0.992867332382311
1,18,semiregular,3,813,801,12,775,38,26,0.9532595325953259,0.9675405742821473,1.0149812734082397,0.9603469640644361
1,18,irregular,3,215,252,37,202,13,50,0.9395348837209302,0.8015873015873016,0.8531746031746031,0.8650963597430408
1,19,regular,1,1090,1076,14,1074,16,2,0.9853211009174312,0.9981412639405205,1.013011152416357,0.9916897506925207
1,19,semiregular,1,778,753,25,705,73,48,0.9061696658097687,0.9362549800796812,1.0332005312084993,0.9209666884389289
1,19,irregular,1,11,245,234,1,10,244,0.09090909090909091,0.004081632653061225,0.044897959183673466,0.007812500000000002
1,19,regular,2,1093,1076,17,1074,19,2,0.9826166514181153,0.9981412639405205,1.0157992565055762,0.9903181189488244
1,19,semiregular,2,756,753,3,709,47,44,0.9378306878306878,0.9415670650730412,1.00398406374502,0.9396951623591783
1,19,irregular,2,238,245,7,211,27,34,0.8865546218487395,0.8612244897959184,0.9714285714285714,0.8737060041407867
1,19,regular,3,1080,1076,4,1072,8,4,0.9925925925925926,0.9962825278810409,1.003717472118959,0.9944341372912802
1,19,semiregular,3,724,753,29,684,40,69,0.9447513812154696,0.9083665338645418,0.9614873837981408,0.9262017603249831
1,19,irregular,3,177,245,68,170,7,75,0.96045197740113,0.6938775510204082,0.7224489795918367,0.8056872037914692
1,20,regular,1,1191,1251,60,1183,8,68,0.9932829554995802,0.9456434852118305,0.9520383693045563,0.9688779688779688
1,20,semiregular,1,901,841,60,768,133,73,0.8523862375138734,0.9131985731272295,1.0713436385255648,0.8817451205510907
1,20,irregular,1,12,252,240,3,9,249,0.25,0.011904761904761904,0.047619047619047616,0.022727272727272724
1,20,regular,2,1209,1251,42,1199,10,52,0.9917287014061208,0.9584332533972821,0.9664268585131894,0.9747967479674796
1,20,semiregular,2,871,841,30,776,95,65,0.8909299655568312,0.9227110582639715,1.0356718192627825,0.9065420560747665
1,20,irregular,2,233,252,19,214,19,38,0.9184549356223176,0.8492063492063492,0.9246031746031746,0.8824742268041237
1,20,regular,3,1184,1251,67,1175,9,76,0.9923986486486487,0.9392486011191047,0.9464428457234213,0.9650924024640656
1,20,semiregular,3,833,841,8,764,69,77,0.9171668667466987,0.9084423305588585,0.990487514863258,0.9127837514934288
1,20,irregular,3,188,252,64,183,5,69,0.973404255319149,0.7261904761904762,0.746031746031746,0.8318181818181818
1,21,regular,1,936,920,16,920,16,0,0.9829059829059829,1.0,1.017391304347826,0.9913793103448275
1,21,semiregular,1,708,549,159,519,189,30,0.7330508474576272,0.9453551912568307,1.289617486338798,0.8257756563245824
1,21,irregular,1,12,204,192,0,12,204,-1,-1,0.058823529411764705,-1
1,21,regular,2,959,920,39,920,39,0,0.959332638164755,1.0,1.0423913043478261,0.9792442788717403
1,21,semiregular,2,634,549,85,522,112,27,0.8233438485804416,0.9508196721311475,1.1548269581056467,0.882502113271344
1,21,irregular,2,200,204,4,185,15,19,0.925,0.9068627450980392,0.9803921568627451,0.9158415841584158
1,21,regular,3,929,920,9,920,9,0,0.9903121636167922,1.0,1.0097826086956523,0.9951325040562466
1,21,semiregular,3,611,549,62,525,86,24,0.8592471358428805,0.9562841530054644,1.1129326047358834,0.9051724137931034
1,21,irregular,3,191,204,13,179,12,25,0.93717277486911,0.8774509803921569,0.9362745098039216,0.9063291139240506
1,22,regular,1,993,946,47,946,47,0,0.9526686807653575,1.0,1.0496828752642706,0.9757607013924703
1,22,semiregular,1,809,703,106,676,133,27,0.8355995055624228,0.9615931721194879,1.1507823613086772,0.8941798941798942
1,22,irregular,1,13,247,234,2,11,245,0.15384615384615385,0.008097165991902834,0.05263157894736842,0.015384615384615385
1,22,regular,2,971,946,25,945,26,1,0.9732234809474768,0.9989429175475687,1.0264270613107822,0.9859154929577465
1,22,semiregular,2,753,703,50,667,86,36,0.8857901726427623,0.9487908961593172,1.0711237553342816,0.9162087912087912
1,22,irregular,2,207,247,40,189,18,58,0.9130434782608695,0.7651821862348178,0.8380566801619433,0.8325991189427314
1,22,regular,3,968,946,22,944,24,2,0.9752066115702479,0.9978858350951374,1.0232558139534884,0.9864158829676071
1,22,semiregular,3,715,703,12,663,52,40,0.9272727272727272,0.9431009957325747,1.0170697012802277,0.9351198871650211
1,22,irregular,3,193,247,54,183,10,64,0.9481865284974094,0.7408906882591093,0.7813765182186235,0.8318181818181818
1,23,regular,1,1060,999,61,999,61,0,0.9424528301886792,1.0,1.0610610610610611,0.9703739679456046
1,23,semiregular,1,897,835,62,773,124,62,0.8617614269788183,0.925748502994012,1.074251497005988,0.8926096997690531
1,23,irregular,1,22,266,244,5,17,261,0.22727272727272727,0.018796992481203006,0.08270676691729323,0.03472222222222222
1,23,regular,2,1044,999,45,995,49,4,0.9530651340996169,0.995995995995996,1.045045045045045,0.9740577581987273
1,23,semiregular,2,911,835,76,809,102,26,0.8880351262349067,0.9688622754491018,1.0910179640718562,0.9266895761741123
1,23,irregular,2,215,266,51,199,16,67,0.9255813953488372,0.7481203007518797,0.8082706766917294,0.8274428274428274
1,23,regular,3,1055,999,56,999,56,0,0.9469194312796209,1.0,1.0560560560560561,0.9727361246348589
1,23,semiregular,3,847,835,12,790,57,45,0.9327036599763873,0.9461077844311377,1.0143712574850299,0.93935790725327
1,23,irregular,3,203,266,63,192,11,74,0.9458128078817734,0.7218045112781954,0.7631578947368421,0.8187633262260128
1,24,regular,1,1091,1079,12,1077,14,2,0.9871677360219981,0.9981464318813716,1.0111214087117701,0.9926267281105992
1,24,semiregular,1,664,680,16,595,69,85,0.8960843373493976,0.875,0.9764705882352941,0.8854166666666667
1,24,irregular,1,16,247,231,3,13,244,0.1875,0.012145748987854251,0.06477732793522267,0.022813688212927754
1,24,regular,2,1093,1079,14,1078,15,1,0.9862763037511436,0.9990732159406858,1.0129749768303986,0.992633517495396
1,24,semiregular,2,666,680,14,635,31,45,0.9534534534534534,0.9338235294117647,0.9794117647058823,0.9435364041604756
1,24,irregular,2,212,247,35,202,10,45,0.9528301886792453,0.8178137651821862,0.8582995951417004,0.8801742919389978
1,24,regular,3,1081,1079,2,1071,10,8,0.9907493061979649,0.9925857275254866,1.0018535681186285,0.9916666666666667
1,24,semiregular,3,668,680,12,644,24,36,0.9640718562874252,0.9470588235294117,0.9823529411764705,0.9554896142433233
1,24,irregular,3,212,247,35,206,6,41,0.9716981132075472,0.8340080971659919,0.8582995951417004,0.89760348583878
1,25,regular,1,953,946,7,945,8,1,0.9916054564533053,0.9989429175475687,1.007399577167019,0.995260663507109
1,25,semiregular,1,774,718,56,668,106,50,0.8630490956072352,0.9303621169916435,1.0779944289693593,0.8954423592493298
1,25,irregular,1,21,207,186,2,19,205,0.09523809523809523,0.00966183574879227,0.10144927536231885,0.017543859649122806
1,25,regular,2,955,946,9,946,9,0,0.9905759162303664,1.0,1.0095137420718816,0.9952656496580746
1,25,semiregular,2,760,718,42,687,73,31,0.9039473684210526,0.9568245125348189,1.0584958217270195,0.9296346414073072
1,25,irregular,2,165,207,42,152,13,55,0.9212121212121213,0.7342995169082126,0.7971014492753623,0.8172043010752689
1,25,regular,3,958,946,12,946,12,0,0.9874739039665971,1.0,1.0126849894291754,0.9936974789915966
1,25,semiregular,3,692,718,26,647,45,71,0.934971098265896,0.9011142061281338,0.9637883008356546,0.9177304964539007
1,25,irregular,3,80,207,127,67,13,140,0.8375,0.32367149758454106,0.3864734299516908,0.46689895470383275
1,26,regular,1,1047,985,62,985,62,0,0.9407831900668577,1.0,1.0629441624365483,0.969488188976378
1,26,semiregular,1,838,720,118,696,142,24,0.8305489260143198,0.9666666666666667,1.163888888888889,0.8934531450577664
1,26,irregular,1,14,214,200,3,11,211,0.21428571428571427,0.014018691588785047,0.06542056074766354,0.02631578947368421
1,26,regular,2,1072,985,87,985,87,0,0.9188432835820896,1.0,1.0883248730964468,0.9577053962080699
1,26,semiregular,2,714,720,6,659,55,61,0.9229691876750701,0.9152777777777777,0.9916666666666667,0.9191073919107393
1,26,irregular,2,168,214,46,140,28,74,0.8333333333333334,0.6542056074766355,0.7850467289719626,0.7329842931937172
1,26,regular,3,1055,985,70,985,70,0,0.933649289099526,1.0,1.0710659898477157,0.9656862745098039
1,26,semiregular,3,713,720,7,663,50,57,0.9298737727910238,0.9208333333333333,0.9902777777777778,0.92533147243545
1,26,irregular,3,145,214,69,141,4,73,0.9724137931034482,0.6588785046728972,0.677570093457944,0.7855153203342617
1,27,regular,1,1168,1166,2,1158,10,8,0.9914383561643836,0.9931389365351629,1.0017152658662092,0.9922879177377891
1,27,semiregular,1,733,728,5,628,105,100,0.8567530695770805,0.8626373626373627,1.0068681318681318,0.85968514715948
1,27,irregular,1,20,270,250,4,16,266,0.2,0.014814814814814815,0.07407407407407407,0.027586206896551727
1,27,regular,2,1172,1166,6,1162,10,4,0.9914675767918089,0.9965694682675815,1.0051457975986278,0.9940119760479044
1,27,semiregular,2,751,728,23,691,60,37,0.9201065246338216,0.9491758241758241,1.0315934065934067,0.9344151453684921
1,27,irregular,2,251,270,19,226,25,44,0.900398406374502,0.837037037037037,0.9296296296296296,0.8675623800383877
1,27,regular,3,1172,1166,6,1164,8,2,0.9931740614334471,0.9982847341337907,1.0051457975986278,0.9957228400342173
1,27,semiregular,3,720,728,8,680,40,48,0.9444444444444444,0.9340659340659341,0.989010989010989,0.9392265193370165
1,27,irregular,3,218,270,52,208,10,62,0.9541284403669725,0.7703703703703704,0.8074074074074075,0.8524590163934427
1,28,regular,1,1100,1098,2,1081,19,17,0.9827272727272728,0.9845173041894353,1.0018214936247722,0.9836214740673339
1,28,semiregular,1,907,859,48,803,104,56,0.8853362734288864,0.9348079161816065,1.0558789289871944,0.9093997734994337
1,28,irregular,1,23,293,270,1,22,292,0.043478260869565216,0.0034129692832764505,0.07849829351535836,0.006329113924050633
1,28,regular,2,1131,1098,33,1098,33,0,0.9708222811671088,1.0,1.030054644808743,0.9851951547779273
1,28,semiregular,2,875,859,16,809,66,50,0.9245714285714286,0.9417927823050058,1.0186263096623982,0.9331026528258363
1,28,irregular,2,210,293,83,192,18,101,0.9142857142857143,0.6552901023890785,0.7167235494880546,0.7634194831013916
1,28,regular,3,1124,1098,26,1098,26,0,0.9768683274021353,1.0,1.02367941712204,0.9882988298829883
1,28,semiregular,3,850,859,9,808,42,51,0.9505882352941176,0.940628637951106,0.989522700814901,0.9455822118197775
1,28,irregular,3,159,293,134,156,3,137,0.9811320754716981,0.5324232081911263,0.5426621160409556,0.6902654867256637
1,29,regular,1,1149,1140,9,1139,10,1,0.9912967798085291,0.9991228070175439,1.0078947368421052,0.9951944080384447
1,29,semiregular,1,1015,869,146,838,177,31,0.825615763546798,0.9643268124280783,1.1680092059838896,0.8895966029723992
1,29,irregular,1,15,247,232,3,12,244,0.2,0.012145748987854251,0.06072874493927125,0.022900763358778626
1,29,regular,2,1163,1140,23,1140,23,0,0.9802235597592434,1.0,1.0201754385964912,0.9900130264871906
1,29,semiregular,2,993,869,124,856,137,13,0.8620342396777442,0.9850402761795167,1.142692750287687,0.9194414607948441
1,29,irregular,2,236,247,11,215,21,32,0.9110169491525424,0.8704453441295547,0.9554655870445344,0.8902691511387163
1,29,regular,3,1140,1140,0,1134,6,6,0.9947368421052631,0.9947368421052631,1.0,0.9947368421052631
1,29,semiregular,3,893,869,24,813,80,56,0.910414333706607,0.9355581127733027,1.0276179516685846,0.9228149829738933
1,29,irregular,3,190,247,57,180,10,67,0.9473684210526315,0.728744939271255,0.7692307692307693,0.8237986270022882
1,30,regular,1,993,997,4,988,5,9,0.9949647532729103,0.9909729187562688,0.995987963891675,0.9929648241206029
1,30,semiregular,1,841,810,31,753,88,57,0.8953626634958383,0.9296296296296296,1.0382716049382716,0.9121744397334948
1,30,irregular,1,25,250,225,1,24,249,0.04,0.004,0.1,0.007272727272727274
1,30,regular,2,1005,997,8,995,10,2,0.9900497512437811,0.9979939819458375,1.00802407221665,0.9940059940059941
1,30,semiregular,2,806,810,4,753,53,57,0.93424317617866,0.9296296296296296,0.9950617283950617,0.9319306930693069
1,30,irregular,2,215,250,35,193,22,57,0.8976744186046511,0.772,0.86,0.8301075268817204
1,30,regular,3,1012,997,15,997,15,0,0.9851778656126482,1.0,1.0150451354062187,0.9925335988053758
1,30,semiregular,3,811,810,1,767,44,43,0.9457459926017263,0.9469135802469136,1.0012345679012347,0.9463294262800741
1,30,irregular,3,185,250,65,178,7,72,0.9621621621621622,0.712,0.74,0.8183908045977011
2,1,regular,1,991,937,54,931,60,6,0.9394550958627649,0.9935965848452508,1.0576307363927429,0.9657676348547719
2,1,semiregular,1,759,703,56,641,118,62,0.8445322793148881,0.9118065433854907,1.0796586059743956,0.8768809849521203
2,1,irregular,1,9,199,190,3,6,196,0.3333333333333333,0.01507537688442211,0.04522613065326633,0.02884615384615384
2,1,regular,2,1013,937,76,937,76,0,0.9249753208292202,1.0,1.08110992529349,0.961025641025641
2,1,semiregular,2,736,703,33,648,88,55,0.8804347826086957,0.9217638691322901,1.0469416785206258,0.9006254343293955
2,1,irregular,2,134,199,65,122,12,77,0.9104477611940298,0.6130653266331658,0.6733668341708543,0.7327327327327328
2,1,regular,3,996,937,59,937,59,0,0.9407630522088354,1.0,1.0629669156883672,0.9694774961200207
2,1,semiregular,3,724,703,21,652,72,51,0.9005524861878453,0.9274537695590327,1.0298719772403984,0.9138051857042746
2,1,irregular,3,180,199,19,165,15,34,0.9166666666666666,0.8291457286432161,0.9045226130653267,0.870712401055409
2,2,regular,1,1229,1224,5,1212,17,12,0.9861676159479251,0.9901960784313726,1.0040849673202614,0.9881777415409702
2,2,semiregular,1,572,647,75,540,32,107,0.9440559440559441,0.8346213292117465,0.884080370942813,0.8859721082854799
2,2,irregular,1,12,217,205,1,11,216,0.08333333333333333,0.004608294930875576,0.055299539170506916,0.008733624454148473
2,2,regular,2,1245,1224,21,1219,26,5,0.9791164658634538,0.9959150326797386,1.017156862745098,0.9874443094370189
2,2,semiregular,2,615,647,32,590,25,57,0.959349593495935,0.9119010819165378,0.9505409582689336,0.9350237717908082
2,2,irregular,2,134,217,83,128,6,89,0.9552238805970149,0.5898617511520737,0.6175115207373272,0.7293447293447293
2,2,regular,3,1226,1224,2,1208,18,16,0.9853181076672104,0.9869281045751634,1.0016339869281046,0.9861224489795919
2,2,semiregular,3,642,647,5,617,25,30,0.9610591900311527,0.9536321483771252,0.9922720247295209,0.9573312645461598
2,2,irregular,3,194,217,23,186,8,31,0.9587628865979382,0.8571428571428571,0.8940092165898618,0.9051094890510949
2,3,regular,1,1039,1053,14,1035,4,18,0.9961501443695862,0.9829059829059829,0.9867046533713201,0.9894837476099425
2,3,semiregular,1,696,716,20,633,63,83,0.9094827586206896,0.8840782122905028,0.9720670391061452,0.896600566572238
2,3,irregular,1,12,224,212,3,9,221,0.25,0.013392857142857142,0.05357142857142857,0.02542372881355932
2,3,regular,2,1043,1053,10,1040,3,13,0.99712368168744,0.9876543209876543,0.9905033238366572,0.9923664122137403
2,3,semiregular,2,715,716,1,660,55,56,0.9230769230769231,0.9217877094972067,0.9986033519553073,0.9224318658280922
2,3,irregular,2,158,224,66,144,14,80,0.9113924050632911,0.6428571428571429,0.7053571428571429,0.7539267015706808
2,3,regular,3,1039,1053,14,1035,4,18,0.9961501443695862,0.9829059829059829,0.9867046533713201,0.9894837476099425
2,3,semiregular,3,701,716,15,660,41,56,0.9415121255349501,0.9217877094972067,0.979050279329609,0.9315455187014821
2,3,irregular,3,209,224,15,190,19,34,0.9090909090909091,0.8482142857142857,0.9330357142857143,0.8775981524249422
2,4,regular,1,1137,1101,36,1101,36,0,0.9683377308707124,1.0,1.0326975476839237,0.9839142091152815
2,4,semiregular,1,660,614,46,537,123,77,0.8136363636363636,0.8745928338762216,1.0749185667752443,0.8430141287284145
2,4,irregular,1,13,228,215,3,10,225,0.23076923076923078,0.013157894736842105,0.05701754385964912,0.024896265560165977
2,4,regular,2,1133,1101,32,1101,32,0,0.971756398940865,1.0,1.0290644868301544,0.9856759176365265
2,4,semiregular,2,626,614,12,567,59,47,0.9057507987220448,0.9234527687296417,1.019543973941368,0.914516129032258
2,4,irregular,2,124,228,104,118,6,110,0.9516129032258065,0.5175438596491229,0.543859649122807,0.6704545454545455
2,4,regular,3,1122,1101,21,1100,22,1,0.9803921568627451,0.9990917347865577,1.0190735694822888,0.9896536212325686
2,4,semiregular,3,609,614,5,564,45,50,0.9261083743842364,0.9185667752442996,0.99185667752443,0.9223221586263287
2,4,irregular,3,212,228,16,196,16,32,0.9245283018867925,0.8596491228070176,0.9298245614035088,0.8909090909090909
2,5,regular,1,1047,1044,3,1042,5,2,0.9952244508118434,0.9980842911877394,1.0028735632183907,0.996652319464371
2,5,semiregular,1,758,668,90,627,131,41,0.8271767810026385,0.938622754491018,1.1347305389221556,0.879382889200561
2,5,irregular,1,14,217,203,5,9,212,0.35714285714285715,0.02304147465437788,0.06451612903225806,0.043290043290043295
2,5,regular,2,1055,1044,11,1044,11,0,0.9895734597156398,1.0,1.010536398467433,0.9947594092424964
2,5,semiregular,2,722,668,54,634,88,34,0.8781163434903048,0.9491017964071856,1.0808383233532934,0.9122302158273382
2,5,irregular,2,157,217,60,153,4,64,0.9745222929936306,0.7050691244239631,0.7235023041474654,0.8181818181818182
2,5,regular,3,1051,1044,7,1044,7,0,0.9933396764985728,1.0,1.0067049808429118,0.9966587112171837
2,5,semiregular,3,684,668,16,628,56,40,0.9181286549707602,0.9401197604790419,1.0239520958083832,0.9289940828402367
2,5,irregular,3,190,217,27,175,15,42,0.9210526315789473,0.8064516129032258,0.8755760368663594,0.85995085995086
2,6,regular,1,978,915,63,915,63,0,0.9355828220858896,1.0,1.0688524590163935,0.9667194928684627
2,6,semiregular,1,709,701,8,643,66,58,0.9069111424541608,0.9172610556348074,1.0114122681883024,0.9120567375886525
2,6,irregular,1,13,195,182,3,10,192,0.23076923076923078,0.015384615384615385,0.06666666666666667,0.028846153846153848
2,6,regular,2,967,915,52,915,52,0,0.9462254395036195,1.0,1.0568306010928963,0.9723698193411265
2,6,semiregular,2,696,701,5,649,47,52,0.9324712643678161,0.9258202567760342,0.992867332382311,0.9291338582677167
2,6,irregular,2,181,195,14,105,76,90,0.580110497237569,0.5384615384615384,0.9282051282051282,0.5585106382978723
2,6,regular,3,957,915,42,915,42,0,0.9561128526645768,1.0,1.0459016393442624,0.9775641025641025
2,6,semiregular,3,684,701,17,650,34,51,0.9502923976608187,0.927246790299572,0.9757489300998573,0.9386281588447652
2,6,irregular,3,193,195,2,173,20,22,0.8963730569948186,0.8871794871794871,0.9897435897435898,0.8917525773195875
2,7,regular,1,1302,1230,72,1229,73,1,0.9439324116743472,0.9991869918699187,1.0585365853658537,0.9707740916271722
2,7,semiregular,1,795,761,34,648,147,113,0.8150943396226416,0.8515111695137977,1.0446780551905388,0.8329048843187661
2,7,irregular,1,17,225,208,2,15,223,0.11764705882352941,0.008888888888888889,0.07555555555555556,0.016528925619834708
2,7,regular,2,1297,1230,67,1230,67,0,0.9483423284502699,1.0,1.0544715447154471,0.9734863474475663
2,7,semiregular,2,744,761,17,666,78,95,0.8951612903225806,0.8751642575558476,0.9776609724047306,0.8850498338870433
2,7,irregular,2,99,225,126,94,5,131,0.9494949494949495,0.4177777777777778,0.44,0.580246913580247
2,7,regular,3,1256,1230,26,1230,26,0,0.9792993630573248,1.0,1.021138211382114,0.9895414320193081
2,7,semiregular,3,747,761,14,682,65,79,0.9129852744310576,0.8961892247043364,0.9816031537450722,0.9045092838196287
2,7,irregular,3,219,225,6,197,22,28,0.8995433789954338,0.8755555555555555,0.9733333333333334,0.8873873873873873
2,8,regular,1,1050,1035,15,1031,19,4,0.981904761904762,0.996135265700483,1.0144927536231885,0.988968824940048
2,8,semiregular,1,795,827,32,717,78,110,0.9018867924528302,0.8669891172914147,0.9613059250302297,0.8840937114673243
2,8,irregular,1,20,243,223,8,12,235,0.4,0.03292181069958848,0.0823045267489712,0.060836501901140684
2,8,regular,2,1048,1035,13,1033,15,2,0.9856870229007634,0.9980676328502416,1.01256038647343,0.9918386941910707
2,8,semiregular,2,807,827,20,746,61,81,0.9244114002478315,0.9020556227327691,0.9758162031438936,0.9130966952264382
2,8,irregular,2,165,243,78,152,13,91,0.9212121212121213,0.6255144032921811,0.6790123456790124,0.7450980392156864
2,8,regular,3,1048,1035,13,1035,13,0,0.9875954198473282,1.0,1.01256038647343,0.9937590014402304
2,8,semiregular,3,812,827,15,751,61,76,0.9248768472906403,0.9081015719467956,0.9818621523579202,0.9164124466137888
2,8,irregular,3,194,243,49,179,15,64,0.9226804123711341,0.7366255144032922,0.7983539094650206,0.8192219679633868
2,9,regular,1,1081,1107,26,1071,10,36,0.9907493061979649,0.967479674796748,0.976513098464318,0.9789762340036563
2,9,semiregular,1,578,701,123,543,35,158,0.9394463667820069,0.7746077032810271,0.8245363766048502,0.8491008600469115
2,9,irregular,1,16,266,250,4,12,262,0.25,0.015037593984962405,0.06015037593984962,0.028368794326241134
2,9,regular,2,1110,1107,3,1100,10,7,0.990990990990991,0.993676603432701,1.002710027100271,0.9923319801533603
2,9,semiregular,2,590,701,111,568,22,133,0.9627118644067797,0.8102710413694721,0.8416547788873039,0.8799380325329202
2,9,irregular,2,144,266,122,143,1,123,0.9930555555555556,0.5375939849624061,0.5413533834586466,0.6975609756097562
2,9,regular,3,1092,1107,15,1083,9,24,0.9917582417582418,0.978319783197832,0.986449864498645,0.984993178717599
2,9,semiregular,3,658,701,43,634,24,67,0.9635258358662614,0.9044222539229672,0.9386590584878745,0.9330389992641647
2,9,irregular,3,208,266,58,197,11,69,0.9471153846153846,0.7406015037593985,0.7819548872180451,0.8312236286919831
2,10,regular,1,1075,1014,61,1014,61,0,0.9432558139534883,1.0,1.0601577909270217,0.9707994255624701
2,10,semiregular,1,672,656,16,616,56,40,0.9166666666666666,0.9390243902439024,1.024390243902439,0.9277108433734941
2,10,irregular,1,13,247,234,3,10,244,0.23076923076923078,0.012145748987854251,0.05263157894736842,0.023076923076923078
2,10,regular,2,1099,1014,85,1014,85,0,0.9226569608735213,1.0,1.0838264299802762,0.9597728348319924
2,10,semiregular,2,665,656,9,604,61,52,0.9082706766917293,0.9207317073170732,1.013719512195122,0.9144587433762302
2,10,irregular,2,168,247,79,158,10,89,0.9404761904761905,0.6396761133603239,0.680161943319838,0.7614457831325301
2,10,regular,3,1035,1014,21,1005,30,9,0.9710144927536232,0.9911242603550295,1.0207100591715976,0.9809663250366032
2,10,semiregular,3,645,656,11,609,36,47,0.9441860465116279,0.9283536585365854,0.9832317073170732,0.9362029208301306
2,10,irregular,3,209,247,38,196,13,51,0.937799043062201,0.7935222672064778,0.8461538461538461,0.8596491228070177
2,11,regular,1,1092,1070,22,1070,22,0,0.9798534798534798,1.0,1.0205607476635514,0.9898242368177612
2,11,semiregular,1,750,700,50,647,103,53,0.8626666666666667,0.9242857142857143,1.0714285714285714,0.8924137931034481
2,11,irregular,1,13,239,226,4,9,235,0.3076923076923077,0.016736401673640166,0.05439330543933055,0.031746031746031744
2,11,regular,2,1114,1070,44,1070,44,0,0.9605026929982047,1.0,1.0411214953271029,0.9798534798534799
2,11,semiregular,2,702,700,2,644,58,56,0.9173789173789174,0.92,1.002857142857143,0.9186875891583453
2,11,irregular,2,162,239,77,158,4,81,0.9753086419753086,0.6610878661087866,0.6778242677824268,0.7880299251870324
2,11,regular,3,1083,1070,13,1070,13,0,0.9879963065558633,1.0,1.0121495327102803,0.9939619136089178
2,11,semiregular,3,685,700,15,636,49,64,0.9284671532846716,0.9085714285714286,0.9785714285714285,0.9184115523465703
2,11,irregular,3,194,239,45,181,13,58,0.9329896907216495,0.7573221757322176,0.8117154811715481,0.836027713625866
2,12,regular,1,1039,1007,32,1007,32,0,0.9692011549566891,1.0,1.0317775571002978,0.9843597262952101
2,12,semiregular,1,724,641,83,608,116,33,0.8397790055248618,0.9485179407176287,1.1294851794071763,0.8908424908424909
2,12,irregular,1,14,204,190,4,10,200,0.2857142857142857,0.0196078431372549,0.06862745098039216,0.03669724770642201
2,12,regular,2,1057,1007,50,1007,50,0,0.9526963103122044,1.0,1.0496524329692154,0.9757751937984496
2,12,semiregular,2,670,641,29,590,80,51,0.8805970149253731,0.9204368174726989,1.045241809672387,0.9000762776506483
2,12,irregular,2,155,204,49,144,11,60,0.9290322580645162,0.7058823529411765,0.7598039215686274,0.8022284122562675
2,12,regular,3,1032,1007,25,1007,25,0,0.9757751937984496,1.0,1.0248262164846078,0.9877390877881315
2,12,semiregular,3,636,641,5,588,48,53,0.9245283018867925,0.9173166926677067,0.9921996879875195,0.9209083790133124
2,12,irregular,3,213,204,9,190,23,14,0.892018779342723,0.9313725490196079,1.0441176470588236,0.9112709832134293
2,13,regular,1,1002,1000,2,997,5,3,0.9950099800399201,0.997,1.002,0.9960039960039959
2,13,semiregular,1,851,815,36,772,79,43,0.9071680376028202,0.947239263803681,1.0441717791411043,0.9267707082833132
2,13,irregular,1,19,216,197,3,16,213,0.15789473684210525,0.013888888888888888,0.08796296296296297,0.02553191489361702
2,13,regular,2,1022,1000,22,1000,22,0,0.9784735812133072,1.0,1.022,0.9891196834817012
2,13,semiregular,2,806,815,9,754,52,61,0.9354838709677419,0.9251533742331288,0.9889570552147239,0.9302899444787167
2,13,irregular,2,184,216,32,172,12,44,0.9347826086956522,0.7962962962962963,0.8518518518518519,0.8599999999999999
2,13,regular,3,1015,1000,15,1000,15,0,0.9852216748768473,1.0,1.015,0.9925558312655086
2,13,semiregular,3,806,815,9,772,34,43,0.9578163771712159,0.947239263803681,0.9889570552147239,0.9524984577421345
2,13,irregular,3,199,216,17,190,9,26,0.9547738693467337,0.8796296296296297,0.9212962962962963,0.9156626506024096
2,14,regular,1,1055,1052,3,1049,6,3,0.9943127962085309,0.997148288973384,1.002851711026616,0.9957285239677266
2,14,semiregular,1,875,913,38,812,63,101,0.928,0.8893756845564075,0.9583789704271632,0.9082774049217003
2,14,irregular,1,13,217,204,0,13,217,-1,-1,0.059907834101382486,-1
2,14,regular,2,1062,1052,10,1052,10,0,0.9905838041431262,1.0,1.0095057034220531,0.9952696310312203
2,14,semiregular,2,893,913,20,841,52,72,0.9417693169092946,0.9211391018619934,0.9780941949616648,0.9313399778516058
2,14,irregular,2,164,217,53,159,5,58,0.9695121951219512,0.7327188940092166,0.7557603686635944,0.8346456692913385
2,14,regular,3,1052,1052,0,1046,6,6,0.9942965779467681,0.9942965779467681,1.0,0.9942965779467681
2,14,semiregular,3,876,913,37,837,39,76,0.9554794520547946,0.9167579408543264,0.9594742606790799,0.9357182783678033
2,14,irregular,3,178,217,39,169,9,48,0.949438202247191,0.7788018433179723,0.8202764976958525,0.8556962025316456
2,15,regular,1,977,964,13,964,13,0,0.9866939611054247,1.0,1.0134854771784232,0.9933024214322513
2,15,semiregular,1,792,774,18,726,66,48,0.9166666666666666,0.937984496124031,1.0232558139534884,0.9272030651340997
2,15,irregular,1,14,218,204,4,10,214,0.2857142857142857,0.01834862385321101,0.06422018348623854,0.034482758620689655
2,15,regular,2,964,964,0,959,5,5,0.9948132780082988,0.9948132780082988,1.0,0.9948132780082988
2,15,semiregular,2,758,774,16,708,50,66,0.9340369393139841,0.9147286821705426,0.979328165374677,0.9242819843342036
2,15,irregular,2,193,218,25,182,11,36,0.9430051813471503,0.8348623853211009,0.8853211009174312,0.8856447688564477
2,15,regular,3,967,964,3,963,4,1,0.9958634953464323,0.9989626556016598,1.0031120331950207,0.9974106680476437
2,15,semiregular,3,736,774,38,700,36,74,0.9510869565217391,0.9043927648578811,0.9509043927648578,0.9271523178807947
2,15,irregular,3,192,218,26,185,7,33,0.9635416666666666,0.8486238532110092,0.8807339449541285,0.9024390243902438
2,16,regular,1,1150,1109,41,1109,41,0,0.9643478260869566,1.0,1.036970243462579,0.981850376272687
2,16,semiregular,1,674,681,7,578,96,103,0.857566765578635,0.8487518355359766,0.9897209985315712,0.8531365313653136
2,16,irregular,1,13,272,259,3,10,269,0.23076923076923078,0.011029411764705883,0.04779411764705882,0.02105263157894737
2,16,regular,2,1159,1109,50,1109,50,0,0.9568593615185504,1.0,1.0450856627592426,0.9779541446208113
2,16,semiregular,2,676,681,5,623,53,58,0.9215976331360947,0.9148311306901615,0.9926578560939795,0.918201915991157
2,16,irregular,2,148,272,124,142,6,130,0.9594594594594594,0.5220588235294118,0.5441176470588235,0.6761904761904761
2,16,regular,3,1133,1109,24,1109,24,0,0.9788172992056487,1.0,1.0216411181244365,0.9892952720785013
2,16,semiregular,3,650,681,31,603,47,78,0.9276923076923077,0.8854625550660793,0.9544787077826725,0.9060856498873029
2,16,irregular,3,194,272,78,190,4,82,0.979381443298969,0.6985294117647058,0.7132352941176471,0.815450643776824
2,17,regular,1,1048,1029,19,1029,19,0,0.9818702290076335,1.0,1.0184645286686103,0.9908521906596052
2,17,semiregular,1,782,837,55,702,80,135,0.8976982097186701,0.8387096774193549,0.9342891278375149,0.8672019765287213
2,17,irregular,1,16,240,224,2,14,238,0.125,0.008333333333333333,0.06666666666666667,0.015625
2,17,regular,2,1053,1029,24,1029,24,0,0.9772079772079773,1.0,1.0233236151603498,0.9884726224783863
2,17,semiregular,2,813,837,24,763,50,74,0.9384993849938499,0.9115890083632019,0.9713261648745519,0.9248484848484848
2,17,irregular,2,183,240,57,175,8,65,0.9562841530054644,0.7291666666666666,0.7625,0.8274231678486997
2,17,regular,3,1048,1029,19,1029,19,0,0.9818702290076335,1.0,1.0184645286686103,0.9908521906596052
2,17,semiregular,3,814,837,23,775,39,62,0.952088452088452,0.9259259259259259,0.972520908004779,0.9388249545729861
2,17,irregular,3,201,240,39,184,17,56,0.9154228855721394,0.7666666666666667,0.8375,0.8344671201814059
2,18,regular,1,1064,1044,20,1044,20,0,0.981203007518797,1.0,1.0191570881226053,0.9905123339658444
2,18,semiregular,1,771,801,30,713,58,88,0.9247730220492867,0.8901373283395755,0.9625468164794008,0.9071246819338422
2,18,irregular,1,12,252,240,4,8,248,0.3333333333333333,0.015873015873015872,0.047619047619047616,0.030303030303030304
2,18,regular,2,1065,1044,21,1044,21,0,0.9802816901408451,1.0,1.0201149425287357,0.9900426742532006
2,18,semiregular,2,796,801,5,752,44,49,0.9447236180904522,0.9388264669163545,0.9937578027465668,0.9417658108954289
2,18,irregular,2,193,252,59,178,15,74,0.9222797927461139,0.7063492063492064,0.7658730158730159,0.8
2,18,regular,3,1048,1044,4,1042,6,2,0.9942748091603053,0.9980842911877394,1.003831417624521,0.9961759082217974
2,18,semiregular,3,798,801,3,758,40,43,0.949874686716792,0.9463171036204744,0.9962546816479401,0.9480925578486554
2,18,irregular,3,225,252,27,216,9,36,0.96,0.8571428571428571,0.8928571428571429,0.9056603773584904
2,19,regular,1,1103,1076,27,1074,29,2,0.9737080689029919,0.9981412639405205,1.025092936802974,0.9857732905002295
2,19,semiregular,1,733,753,20,669,64,84,0.91268758526603,0.8884462151394422,0.9734395750332006,0.9004037685060564
2,19,irregular,1,11,245,234,4,7,241,0.36363636363636365,0.0163265306122449,0.044897959183673466,0.03125000000000001
2,19,regular,2,1099,1076,23,1073,26,3,0.9763421292083713,0.9972118959107806,1.021375464684015,0.9866666666666667
2,19,semiregular,2,726,753,27,687,39,66,0.9462809917355371,0.9123505976095617,0.9641434262948207,0.9290060851926977
2,19,irregular,2,177,245,68,165,12,80,0.9322033898305084,0.673469387755102,0.7224489795918367,0.7819905213270143
2,19,regular,3,1089,1076,13,1074,15,2,0.9862258953168044,0.9981412639405205,1.012081784386617,0.9921478060046189
2,19,semiregular,3,712,753,41,672,40,81,0.9438202247191011,0.8924302788844621,0.9455511288180611,0.9174061433447099
2,19,irregular,3,205,245,40,192,13,53,0.9365853658536586,0.7836734693877551,0.8367346938775511,0.8533333333333333
2,20,regular,1,1181,1251,70,1173,8,78,0.9932260795935648,0.9376498800959233,0.9440447641886491,0.9646381578947368
2,20,semiregular,1,864,841,23,753,111,88,0.8715277777777778,0.8953626634958383,1.0273483947681332,0.8832844574780059
2,20,irregular,1,12,252,240,3,9,249,0.25,0.011904761904761904,0.047619047619047616,0.022727272727272724
2,20,regular,2,1213,1251,38,1204,9,47,0.9925803792250618,0.9624300559552358,0.9696243005595524,0.9772727272727273
2,20,semiregular,2,800,841,41,721,79,120,0.90125,0.8573127229488704,0.9512485136741974,0.878732480195003
2,20,irregular,2,213,252,39,201,12,51,0.9436619718309859,0.7976190476190477,0.8452380952380952,0.8645161290322582
2,20,regular,3,1184,1251,67,1176,8,75,0.9932432432432432,0.9400479616306955,0.9464428457234213,0.9659137577002053
2,20,semiregular,3,816,841,25,748,68,93,0.9166666666666666,0.8894173602853745,0.9702734839476813,0.9028364514182257
2,20,irregular,3,198,252,54,188,10,64,0.9494949494949495,0.746031746031746,0.7857142857142857,0.8355555555555556
2,21,regular,1,959,920,39,920,39,0,0.959332638164755,1.0,1.0423913043478261,0.9792442788717403
2,21,semiregular,1,622,549,73,483,139,66,0.7765273311897106,0.8797814207650273,1.132969034608379,0.824935952177626
2,21,irregular,1,13,204,191,2,11,202,0.15384615384615385,0.00980392156862745,0.06372549019607843,0.018433179723502304
2,21,regular,2,947,920,27,920,27,0,0.9714889123548046,1.0,1.0293478260869566,0.9855382967327263
2,21,semiregular,2,609,549,60,517,92,32,0.8489326765188834,0.941712204007286,1.1092896174863387,0.8929188255613126
2,21,irregular,2,172,204,32,158,14,46,0.9186046511627907,0.7745098039215687,0.8431372549019608,0.8404255319148937
2,21,regular,3,930,920,10,920,10,0,0.989247311827957,1.0,1.0108695652173914,0.9945945945945946
2,21,semiregular,3,587,549,38,511,76,38,0.8705281090289608,0.930783242258652,1.0692167577413478,0.8996478873239436
2,21,irregular,3,202,204,2,181,21,23,0.8960396039603961,0.8872549019607843,0.9901960784313726,0.8916256157635469
2,22,regular,1,1003,946,57,946,57,0,0.9431704885343968,1.0,1.0602536997885834,0.9707542329399692
2,22,semiregular,1,751,703,48,653,98,50,0.8695073235685752,0.9288762446657184,1.0682788051209104,0.8982118294360384
2,22,irregular,1,13,247,234,3,10,244,0.23076923076923078,0.012145748987854251,0.05263157894736842,0.023076923076923078
2,22,regular,2,978,946,32,946,32,0,0.967280163599182,1.0,1.0338266384778012,0.9833679833679835
2,22,semiregular,2,704,703,1,650,54,53,0.9232954545454546,0.9246088193456614,1.0014224751066856,0.923951670220327
2,22,irregular,2,158,247,89,151,7,96,0.9556962025316456,0.611336032388664,0.6396761133603239,0.745679012345679
2,22,regular,3,978,946,32,946,32,0,0.967280163599182,1.0,1.0338266384778012,0.9833679833679835
2,22,semiregular,3,700,703,3,656,44,47,0.9371428571428572,0.9331436699857752,0.9957325746799431,0.9351389878831076
2,22,irregular,3,223,247,24,198,25,49,0.8878923766816144,0.8016194331983806,0.902834008097166,0.8425531914893616
2,23,regular,1,1063,999,64,999,64,0,0.9397930385700847,1.0,1.0640640640640642,0.9689621726479146
2,23,semiregular,1,802,835,33,684,118,151,0.8528678304239401,0.8191616766467066,0.9604790419161676,0.8356750152718387
2,23,irregular,1,23,266,243,6,17,260,0.2608695652173913,0.022556390977443608,0.08646616541353383,0.04152249134948097
2,23,regular,2,1039,999,40,996,43,3,0.958614051973051,0.996996996996997,1.04004004004004,0.9774288518155054
2,23,semiregular,2,869,835,34,791,78,44,0.9102416570771001,0.9473053892215569,1.0407185628742515,0.9284037558685445
2,23,irregular,2,150,266,116,143,7,123,0.9533333333333334,0.5375939849624061,0.5639097744360902,0.6875
2,23,regular,3,1044,999,45,998,46,1,0.9559386973180076,0.998998998998999,1.045045045045045,0.9769946157611356
2,23,semiregular,3,832,835,3,776,56,59,0.9326923076923077,0.9293413173652695,0.9964071856287425,0.9310137972405519
2,23,irregular,3,217,266,49,201,16,65,0.9262672811059908,0.7556390977443609,0.8157894736842105,0.8322981366459626
2,24,regular,1,1090,1079,11,1077,13,2,0.9880733944954129,0.9981464318813716,1.010194624652456,0.9930843706777317
2,24,semiregular,1,653,680,27,590,63,90,0.9035222052067381,0.8676470588235294,0.9602941176470589,0.8852213053263317
2,24,irregular,1,17,247,230,3,14,244,0.17647058823529413,0.012145748987854251,0.06882591093117409,0.022727272727272728
2,24,regular,2,1090,1079,11,1077,13,2,0.9880733944954129,0.9981464318813716,1.010194624652456,0.9930843706777317
2,24,semiregular,2,635,680,45,603,32,77,0.9496062992125984,0.8867647058823529,0.9338235294117647,0.9171102661596958
2,24,irregular,2,172,247,75,168,4,79,0.9767441860465116,0.680161943319838,0.6963562753036437,0.8019093078758949
2,24,regular,3,1079,1079,0,1069,10,10,0.9907321594068582,0.9907321594068582,1.0,0.9907321594068582
2,24,semiregular,3,646,680,34,621,25,59,0.9613003095975232,0.913235294117647,0.95,0.9366515837104074
2,24,irregular,3,224,247,23,211,13,36,0.9419642857142857,0.854251012145749,0.9068825910931174,0.8959660297239915
2,25,regular,1,958,946,12,946,12,0,0.9874739039665971,1.0,1.0126849894291754,0.9936974789915966
2,25,semiregular,1,710,718,8,628,82,90,0.8845070422535212,0.8746518105849582,0.9888579387186629,0.8795518207282914
2,25,irregular,1,22,207,185,1,21,206,0.045454545454545456,0.004830917874396135,0.10628019323671498,0.008733624454148471
2,25,regular,2,951,946,5,945,6,1,0.9936908517350158,0.9989429175475687,1.0052854122621564,0.996309963099631
2,25,semiregular,2,716,718,2,653,63,65,0.9120111731843575,0.9094707520891365,0.9972144846796658,0.910739191073919
2,25,irregular,2,116,207,91,102,14,105,0.8793103448275862,0.4927536231884058,0.5603864734299517,0.631578947368421
2,25,regular,3,946,946,0,940,6,6,0.9936575052854123,0.9936575052854123,1.0,0.9936575052854123
2,25,semiregular,3,693,718,25,643,50,75,0.9278499278499278,0.8955431754874652,0.9651810584958217,0.9114103472714387
2,25,irregular,3,166,207,41,151,15,56,0.9096385542168675,0.7294685990338164,0.8019323671497585,0.8096514745308312
2,26,regular,1,1056,985,71,985,71,0,0.9327651515151515,1.0,1.0720812182741117,0.9652131308182264
2,26,semiregular,1,784,720,64,682,102,38,0.8698979591836735,0.9472222222222222,1.0888888888888888,0.9069148936170213
2,26,irregular,1,15,214,199,1,14,213,0.06666666666666667,0.004672897196261682,0.07009345794392523,0.008733624454148471
2,26,regular,2,1036,985,51,985,51,0,0.9507722007722008,1.0,1.051776649746193,0.9747649678377042
2,26,semiregular,2,743,720,23,668,75,52,0.8990578734858681,0.9277777777777778,1.0319444444444446,0.913192071086808
2,26,irregular,2,143,214,71,126,17,88,0.8811188811188811,0.5887850467289719,0.6682242990654206,0.7058823529411763
2,26,regular,3,1036,985,51,985,51,0,0.9507722007722008,1.0,1.051776649746193,0.9747649678377042
2,26,semiregular,3,713,720,7,666,47,54,0.9340813464235624,0.925,0.9902777777777778,0.9295184926727146
2,26,irregular,3,208,214,6,186,22,28,0.8942307692307693,0.8691588785046729,0.9719626168224299,0.881516587677725
2,27,regular,1,1166,1166,0,1157,9,9,0.9922813036020584,0.9922813036020584,1.0,0.9922813036020584
2,27,semiregular,1,663,728,65,578,85,150,0.8717948717948718,0.7939560439560439,0.9107142857142857,0.8310567936736162
2,27,irregular,1,20,270,250,4,16,266,0.2,0.014814814814814815,0.07407407407407407,0.027586206896551727
2,27,regular,2,1182,1166,16,1166,16,0,0.9864636209813875,1.0,1.0137221269296741,0.9931856899488927
2,27,semiregular,2,700,728,28,644,56,84,0.92,0.8846153846153846,0.9615384615384616,0.9019607843137256
2,27,irregular,2,203,270,67,189,14,81,0.9310344827586207,0.7,0.7518518518518519,0.7991543340380549
2,27,regular,3,1175,1166,9,1165,10,1,0.9914893617021276,0.9991423670668954,1.0077186963979416,0.995301153353268
2,27,semiregular,3,695,728,33,654,41,74,0.9410071942446043,0.8983516483516484,0.9546703296703297,0.9191848208011244
2,27,irregular,3,231,270,39,218,13,52,0.9437229437229437,0.8074074074074075,0.8555555555555555,0.870259481037924
2,28,regular,1,1107,1098,9,1088,19,10,0.982836495031617,0.9908925318761385,1.0081967213114753,0.9868480725623583
2,28,semiregular,1,870,859,11,788,82,71,0.9057471264367816,0.9173457508731082,1.0128055878928988,0.9115095430884903
2,28,irregular,1,24,293,269,5,19,288,0.20833333333333334,0.017064846416382253,0.08191126279863481,0.031545741324921134
2,28,regular,2,1128,1098,30,1098,30,0,0.973404255319149,1.0,1.0273224043715847,0.986522911051213
2,28,semiregular,2,811,859,48,755,56,104,0.9309494451294698,0.8789289871944121,0.9441210710128056,0.9041916167664671
2,28,irregular,2,157,293,136,146,11,147,0.9299363057324841,0.49829351535836175,0.5358361774744027,0.6488888888888888
2,28,regular,3,1108,1098,10,1089,19,9,0.9828519855595668,0.9918032786885246,1.0091074681238617,0.9873073436083409
2,28,semiregular,3,841,859,18,805,36,54,0.9571938168846611,0.9371362048894063,0.9790454016298021,0.9470588235294117
2,28,irregular,3,205,293,88,187,18,106,0.9121951219512195,0.6382252559726962,0.6996587030716723,0.751004016064257
2,29,regular,1,1151,1140,11,1140,11,0,0.9904430929626412,1.0,1.0096491228070175,0.9951986032300306
2,29,semiregular,1,931,869,62,803,128,66,0.8625134264232008,0.9240506329113924,1.0713463751438435,0.8922222222222222
2,29,irregular,1,15,247,232,3,12,244,0.2,0.012145748987854251,0.06072874493927125,0.022900763358778626
2,29,regular,2,1149,1140,9,1140,9,0,0.9921671018276762,1.0,1.0078947368421052,0.9960681520314547
2,29,semiregular,2,949,869,80,839,110,30,0.8840885142255005,0.9654775604142692,1.092059838895282,0.9229922992299229
2,29,irregular,2,186,247,61,175,11,72,0.9408602150537635,0.708502024291498,0.7530364372469636,0.8083140877598153
2,29,regular,3,1137,1140,3,1131,6,9,0.9947229551451188,0.9921052631578947,0.9973684210526316,0.9934123847167325
2,29,semiregular,3,868,869,1,795,73,74,0.9158986175115207,0.9148446490218642,0.998849252013809,0.9153713298791019
2,29,irregular,3,230,247,17,213,17,34,0.9260869565217391,0.8623481781376519,0.9311740890688259,0.8930817610062892
2,30,regular,1,1006,997,9,997,9,0,0.9910536779324056,1.0,1.0090270812437312,0.9955067398901647
2,30,semiregular,1,793,810,17,726,67,84,0.9155107187894073,0.8962962962962963,0.9790123456790123,0.9058016219588272
2,30,irregular,1,26,250,224,2,24,248,0.07692307692307693,0.008,0.104,0.014492753623188404
2,30,regular,2,1002,997,5,994,8,3,0.9920159680638723,0.9969909729187563,1.0050150451354063,0.9944972486243122
2,30,semiregular,2,776,810,34,725,51,85,0.9342783505154639,0.8950617283950617,0.9580246913580247,0.914249684741488
2,30,irregular,2,151,250,99,144,7,106,0.9536423841059603,0.576,0.604,0.7182044887780548
2,30,regular,3,1008,997,11,997,11,0,0.9890873015873016,1.0,1.0110330992978938,0.9945137157107232
2,30,semiregular,3,793,810,17,743,50,67,0.9369482976040353,0.917283950617284,0.9790123456790123,0.927011852776045
2,30,irregular,3,208,250,42,188,20,62,0.9038461538461539,0.752,0.832,0.8209606986899562
3,1,regular,1,1017,937,80,937,80,0,0.9213372664700098,1.0,1.0853788687299892,0.9590583418628453
3,1,semiregular,1,747,703,44,637,110,66,0.8527443105756358,0.9061166429587483,1.062588904694168,0.8786206896551723
3,1,irregular,1,20,199,179,5,15,194,0.25,0.02512562814070352,0.10050251256281408,0.04566210045662101
3,1,regular,2,1029,937,92,937,92,0,0.9105928085519922,1.0,1.0981856990394878,0.9532044760935909
3,1,semiregular,2,753,703,50,654,99,49,0.8685258964143426,0.930298719772404,1.0711237553342816,0.8983516483516483
3,1,irregular,2,9,199,190,2,7,197,0.2222222222222222,0.010050251256281407,0.04522613065326633,0.019230769230769232
3,1,regular,3,1013,937,76,937,76,0,0.9249753208292202,1.0,1.08110992529349,0.961025641025641
3,1,semiregular,3,764,703,61,666,98,37,0.8717277486910995,0.9473684210526315,1.0867709815078237,0.9079754601226994
3,1,irregular,3,9,199,190,1,8,198,0.1111111111111111,0.005025125628140704,0.04522613065326633,0.009615384615384616
3,2,regular,1,1238,1224,14,1217,21,7,0.9830371567043619,0.994281045751634,1.011437908496732,0.9886271324126726
3,2,semiregular,1,585,647,62,552,33,95,0.9435897435897436,0.8531684698608965,0.9041731066460588,0.8961038961038961
3,2,irregular,1,17,217,200,4,13,213,0.23529411764705882,0.018433179723502304,0.07834101382488479,0.03418803418803419
3,2,regular,2,1236,1224,12,1216,20,8,0.9838187702265372,0.9934640522875817,1.0098039215686274,0.9886178861788618
3,2,semiregular,2,627,647,20,600,27,47,0.9569377990430622,0.9273570324574961,0.9690880989180835,0.9419152276295134
3,2,irregular,2,11,217,206,3,8,214,0.2727272727272727,0.013824884792626729,0.05069124423963134,0.026315789473684213
3,2,regular,3,1245,1224,21,1219,26,5,0.9791164658634538,0.9959150326797386,1.017156862745098,0.9874443094370189
3,2,semiregular,3,657,647,10,623,34,24,0.9482496194824962,0.9629057187017002,1.0154559505409582,0.9555214723926381
3,2,irregular,3,12,217,205,1,11,216,0.08333333333333333,0.004608294930875576,0.055299539170506916,0.008733624454148473
3,3,regular,1,1049,1053,4,1043,6,10,0.994280266920877,0.9905033238366572,0.9962013295346629,0.9923882017126546
3,3,semiregular,1,680,716,36,629,51,87,0.925,0.8784916201117319,0.9497206703910615,0.9011461318051577
3,3,irregular,1,14,224,210,5,9,219,0.35714285714285715,0.022321428571428572,0.0625,0.04201680672268908
3,3,regular,2,1046,1053,7,1042,4,11,0.9961759082217974,0.9895536562203229,0.99335232668566,0.9928537398761316
3,3,semiregular,2,724,716,8,670,54,46,0.925414364640884,0.9357541899441341,1.011173184357542,0.9305555555555555
3,3,irregular,2,11,224,213,1,10,223,0.09090909090909091,0.004464285714285714,0.049107142857142856,0.00851063829787234
3,3,regular,3,1052,1053,1,1045,7,8,0.9933460076045627,0.9924026590693258,0.9990503323836657,0.9928741092636579
3,3,semiregular,3,729,716,13,684,45,32,0.9382716049382716,0.9553072625698324,1.0181564245810055,0.946712802768166
3,3,irregular,3,12,224,212,3,9,221,0.25,0.013392857142857142,0.05357142857142857,0.02542372881355932
3,4,regular,1,1137,1101,36,1101,36,0,0.9683377308707124,1.0,1.0326975476839237,0.9839142091152815
3,4,semiregular,1,651,614,37,542,109,72,0.8325652841781874,0.8827361563517915,1.0602605863192183,0.8569169960474309
3,4,irregular,1,29,228,199,5,24,223,0.1724137931034483,0.021929824561403508,0.12719298245614036,0.03891050583657587
3,4,regular,2,1132,1101,31,1101,31,0,0.9726148409893993,1.0,1.0281562216167122,0.9861173309449172
3,4,semiregular,2,640,614,26,572,68,42,0.89375,0.9315960912052117,1.0423452768729642,0.912280701754386
3,4,irregular,2,12,228,216,1,11,227,0.08333333333333333,0.0043859649122807015,0.05263157894736842,0.008333333333333333
3,4,regular,3,1114,1101,13,1100,14,1,0.9874326750448833,0.9990917347865577,1.0118074477747503,0.9932279909706546
3,4,semiregular,3,628,614,14,581,47,33,0.9251592356687898,0.9462540716612378,1.022801302931596,0.935587761674718
3,4,irregular,3,13,228,215,2,11,226,0.15384615384615385,0.008771929824561403,0.05701754385964912,0.016597510373443983
3,5,regular,1,1061,1044,17,1044,17,0,0.9839773798303487,1.0,1.0162835249042146,0.9919239904988123
3,5,semiregular,1,742,668,74,642,100,26,0.8652291105121294,0.9610778443113772,1.1107784431137724,0.9106382978723404
3,5,irregular,1,16,217,201,3,13,214,0.1875,0.013824884792626729,0.07373271889400922,0.02575107296137339
3,5,regular,2,1061,1044,17,1044,17,0,0.9839773798303487,1.0,1.0162835249042146,0.9919239904988123
3,5,semiregular,2,745,668,77,645,100,23,0.8657718120805369,0.9655688622754491,1.1152694610778444,0.9129511677282377
3,5,irregular,2,13,217,204,3,10,214,0.23076923076923078,0.013824884792626729,0.059907834101382486,0.026086956521739132
3,5,regular,3,1057,1044,13,1044,13,0,0.9877010406811731,1.0,1.0124521072796935,0.9938124702522609
3,5,semiregular,3,716,668,48,640,76,28,0.8938547486033519,0.9580838323353293,1.0718562874251496,0.9248554913294798
3,5,irregular,3,14,217,203,5,9,212,0.35714285714285715,0.02304147465437788,0.06451612903225806,0.043290043290043295
3,6,regular,1,972,915,57,915,57,0,0.941358024691358,1.0,1.062295081967213,0.9697933227344991
3,6,semiregular,1,709,701,8,651,58,50,0.918194640338505,0.9286733238231099,1.0114122681883024,0.9234042553191489
3,6,irregular,1,18,195,177,4,14,191,0.2222222222222222,0.020512820512820513,0.09230769230769231,0.03755868544600939
3,6,regular,2,982,915,67,915,67,0,0.9317718940936863,1.0,1.073224043715847,0.9646810753821824
3,6,semiregular,2,726,701,25,668,58,33,0.9201101928374655,0.9529243937232525,1.035663338088445,0.9362298528381219
3,6,irregular,2,13,195,182,2,11,193,0.15384615384615385,0.010256410256410256,0.06666666666666667,0.019230769230769232
3,6,regular,3,961,915,46,915,46,0,0.9521331945889698,1.0,1.0502732240437158,0.9754797441364607
3,6,semiregular,3,720,701,19,679,41,22,0.9430555555555555,0.9686162624821684,1.0271041369472182,0.9556650246305419
3,6,irregular,3,13,195,182,4,9,191,0.3076923076923077,0.020512820512820513,0.06666666666666667,0.038461538461538464
3,7,regular,1,1262,1230,32,1229,33,1,0.973851030110935,0.9991869918699187,1.0260162601626017,0.9863563402889246
3,7,semiregular,1,752,761,9,665,87,96,0.8843085106382979,0.873850197109067,0.988173455978975,0.8790482485128883
3,7,irregular,1,35,225,190,2,33,223,0.05714285714285714,0.008888888888888889,0.15555555555555556,0.015384615384615385
3,7,regular,2,1281,1230,51,1230,51,0,0.9601873536299765,1.0,1.0414634146341464,0.9796893667861409
3,7,semiregular,2,751,761,10,674,77,87,0.8974700399467377,0.885676741130092,0.9868593955321945,0.8915343915343915
3,7,irregular,2,16,225,209,2,14,223,0.125,0.008888888888888889,0.07111111111111111,0.016597510373443983
3,7,regular,3,1266,1230,36,1230,36,0,0.9715639810426541,1.0,1.0292682926829269,0.9855769230769231
3,7,semiregular,3,795,761,34,717,78,44,0.9018867924528302,0.9421813403416557,1.0446780551905388,0.9215938303341903
3,7,irregular,3,17,225,208,2,15,223,0.11764705882352941,0.008888888888888889,0.07555555555555556,0.016528925619834708
3,8,regular,1,1069,1035,34,1033,36,2,0.9663236669784846,0.9980676328502416,1.0328502415458938,0.9819391634980988
3,8,semiregular,1,827,827,0,752,75,75,0.909310761789601,0.909310761789601,1.0,0.909310761789601
3,8,irregular,1,37,243,206,6,31,237,0.16216216216216217,0.024691358024691357,0.1522633744855967,0.04285714285714286
3,8,regular,2,1069,1035,34,1034,35,1,0.9672591206735267,0.9990338164251208,1.0328502415458938,0.9828897338403043
3,8,semiregular,2,818,827,9,756,62,71,0.9242053789731052,0.9141475211608222,0.9891172914147521,0.9191489361702128
3,8,irregular,2,19,243,224,4,15,239,0.21052631578947367,0.01646090534979424,0.07818930041152264,0.030534351145038167
3,8,regular,3,1059,1035,24,1034,25,1,0.9763928234183191,0.9990338164251208,1.0231884057971015,0.9875835721107927
3,8,semiregular,3,853,827,26,782,71,45,0.9167643610785463,0.9455864570737605,1.0314389359129383,0.9309523809523809
3,8,irregular,3,20,243,223,5,15,238,0.25,0.0205761316872428,0.0823045267489712,0.03802281368821293
3,9,regular,1,1104,1107,3,1095,9,12,0.9918478260869565,0.989159891598916,0.997289972899729,0.9905020352781547
3,9,semiregular,1,635,701,66,600,35,101,0.9448818897637795,0.8559201141226819,0.905848787446505,0.8982035928143712
3,9,irregular,1,30,266,236,7,23,259,0.23333333333333334,0.02631578947368421,0.11278195488721804,0.04729729729729729
3,9,regular,2,1113,1107,6,1102,11,5,0.9901168014375562,0.995483288166215,1.005420054200542,0.9927927927927928
3,9,semiregular,2,628,701,73,595,33,106,0.947452229299363,0.8487874465049928,0.8958630527817404,0.8954100827689991
3,9,irregular,2,15,266,251,4,11,262,0.26666666666666666,0.015037593984962405,0.05639097744360902,0.028469750889679714
3,9,regular,3,1105,1107,2,1096,9,11,0.9918552036199095,0.990063233965673,0.998193315266486,0.9909584086799277
3,9,semiregular,3,691,701,10,665,26,36,0.9623733719247467,0.948644793152639,0.985734664764622,0.9554597701149424
3,9,irregular,3,15,266,251,5,10,261,0.3333333333333333,0.018796992481203006,0.05639097744360902,0.03558718861209965
3,10,regular,1,1098,1014,84,1014,84,0,0.9234972677595629,1.0,1.0828402366863905,0.9602272727272728
3,10,semiregular,1,669,656,13,619,50,37,0.9252615844544095,0.9435975609756098,1.0198170731707317,0.9343396226415095
3,10,irregular,1,23,247,224,7,16,240,0.30434782608695654,0.02834008097165992,0.0931174089068826,0.05185185185185186
3,10,regular,2,1082,1014,68,1014,68,0,0.9371534195933456,1.0,1.0670611439842208,0.9675572519083969
3,10,semiregular,2,685,656,29,627,58,29,0.9153284671532846,0.9557926829268293,1.0442073170731707,0.9351230425055929
3,10,irregular,2,13,247,234,2,11,245,0.15384615384615385,0.008097165991902834,0.05263157894736842,0.015384615384615385
3,10,regular,3,1059,1014,45,1014,45,0,0.9575070821529745,1.0,1.044378698224852,0.9782923299565847
3,10,semiregular,3,683,656,27,634,49,22,0.9282576866764275,0.9664634146341463,1.041158536585366,0.9469753547423451
3,10,irregular,3,13,247,234,3,10,244,0.23076923076923078,0.012145748987854251,0.05263157894736842,0.023076923076923078
3,11,regular,1,1098,1070,28,1070,28,0,0.9744990892531876,1.0,1.0261682242990655,0.9870848708487084
3,11,semiregular,1,745,700,45,649,96,51,0.8711409395973154,0.9271428571428572,1.0642857142857143,0.8982698961937716
3,11,irregular,1,15,239,224,6,9,233,0.4,0.02510460251046025,0.06276150627615062,0.04724409448818897
3,11,regular,2,1124,1070,54,1070,54,0,0.9519572953736655,1.0,1.050467289719626,0.97538742023701
3,11,semiregular,2,709,700,9,650,59,50,0.9167842031029619,0.9285714285714286,1.012857142857143,0.9226401703335698
3,11,irregular,2,13,239,226,1,12,238,0.07692307692307693,0.0041841004184100415,0.05439330543933055,0.007936507936507936
3,11,regular,3,1074,1070,4,1067,7,3,0.9934823091247672,0.997196261682243,1.0037383177570094,0.9953358208955224
3,11,semiregular,3,709,700,9,654,55,46,0.922425952045134,0.9342857142857143,1.012857142857143,0.928317955997161
3,11,irregular,3,13,239,226,3,10,236,0.23076923076923078,0.012552301255230125,0.05439330543933055,0.023809523809523808
3,12,regular,1,1054,1007,47,1007,47,0,0.9554079696394687,1.0,1.0466732869910627,0.9771955361475012
3,12,semiregular,1,713,641,72,600,113,41,0.8415147265077139,0.9360374414976599,1.1123244929797191,0.8862629246676514
3,12,irregular,1,20,204,184,7,13,197,0.35,0.03431372549019608,0.09803921568627451,0.06250000000000001
3,12,regular,2,1052,1007,45,1007,45,0,0.9572243346007605,1.0,1.044687189672294,0.9781447304516756
3,12,semiregular,2,700,641,59,600,100,41,0.8571428571428571,0.9360374414976599,1.0920436817472698,0.8948545861297539
3,12,irregular,2,13,204,191,1,12,203,0.07692307692307693,0.004901960784313725,0.06372549019607843,0.009216589861751152
3,12,regular,3,1032,1007,25,1007,25,0,0.9757751937984496,1.0,1.0248262164846078,0.9877390877881315
3,12,semiregular,3,670,641,29,601,69,40,0.8970149253731343,0.9375975039001561,1.045241809672387,0.9168573607932876
3,12,irregular,3,14,204,190,5,9,199,0.35714285714285715,0.024509803921568627,0.06862745098039216,0.04587155963302752
3,13,regular,1,1013,1000,13,999,14,1,0.9861796643632774,0.999,1.013,0.992548435171386
3,13,semiregular,1,854,815,39,778,76,37,0.9110070257611241,0.9546012269938651,1.0478527607361963,0.932294787297783
3,13,irregular,1,31,216,185,8,23,208,0.25806451612903225,0.037037037037037035,0.14351851851851852,0.06477732793522267
3,13,regular,2,1020,1000,20,1000,20,0,0.9803921568627451,1.0,1.02,0.99009900990099
3,13,semiregular,2,859,815,44,797,62,18,0.9278230500582072,0.9779141104294479,1.0539877300613496,0.95221027479092
3,13,irregular,2,18,216,198,3,15,213,0.16666666666666666,0.013888888888888888,0.08333333333333333,0.02564102564102564
3,13,regular,3,1025,1000,25,1000,25,0,0.975609756097561,1.0,1.025,0.9876543209876543
3,13,semiregular,3,828,815,13,788,40,27,0.9516908212560387,0.9668711656441717,1.0159509202453987,0.9592209373097991
3,13,irregular,3,19,216,197,3,16,213,0.15789473684210525,0.013888888888888888,0.08796296296296297,0.02553191489361702
3,14,regular,1,1063,1052,11,1052,11,0,0.9896519285042333,1.0,1.0104562737642586,0.9947990543735225
3,14,semiregular,1,849,913,64,799,50,114,0.9411071849234394,0.8751369112814896,0.9299014238773274,0.9069239500567536
3,14,irregular,1,25,217,192,7,18,210,0.28,0.03225806451612903,0.1152073732718894,0.057851239669421496
3,14,regular,2,1069,1052,17,1052,17,0,0.9840972871842844,1.0,1.0161596958174905,0.991984912776992
3,14,semiregular,2,925,913,12,866,59,47,0.9362162162162162,0.9485213581599123,1.013143483023001,0.9423286180631121
3,14,irregular,2,13,217,204,6,7,211,0.46153846153846156,0.027649769585253458,0.059907834101382486,0.052173913043478265
3,14,regular,3,1069,1052,17,1052,17,0,0.9840972871842844,1.0,1.0161596958174905,0.991984912776992
3,14,semiregular,3,906,913,7,863,43,50,0.9525386313465783,0.9452354874041621,0.9923329682365827,0.9488730071467839
3,14,irregular,3,13,217,204,0,13,217,-1,-1,0.059907834101382486,-1
3,15,regular,1,995,964,31,964,31,0,0.9688442211055276,1.0,1.0321576763485478,0.9841755997958143
3,15,semiregular,1,804,774,30,737,67,37,0.9166666666666666,0.9521963824289406,1.0387596899224807,0.9340937896070975
3,15,irregular,1,20,218,198,11,9,207,0.55,0.05045871559633028,0.09174311926605505,0.09243697478991597
3,15,regular,2,993,964,29,964,29,0,0.9707955689828801,1.0,1.0300829875518671,0.9851814001021971
3,15,semiregular,2,772,774,2,730,42,44,0.9455958549222798,0.9431524547803618,0.9974160206718347,0.944372574385511
3,15,irregular,2,13,218,205,3,10,215,0.23076923076923078,0.013761467889908258,0.05963302752293578,0.025974025974025976
3,15,regular,3,965,964,1,960,5,4,0.9948186528497409,0.995850622406639,1.0010373443983402,0.9953343701399688
3,15,semiregular,3,761,774,13,721,40,53,0.9474375821287779,0.9315245478036176,0.9832041343669251,0.939413680781759
3,15,irregular,3,14,218,204,4,10,214,0.2857142857142857,0.01834862385321101,0.06422018348623854,0.034482758620689655
3,16,regular,1,1172,1109,63,1109,63,0,0.9462457337883959,1.0,1.0568079350766457,0.9723805348531346
3,16,semiregular,1,477,681,204,409,68,272,0.8574423480083857,0.6005873715124816,0.7004405286343612,0.7063903281519862
3,16,irregular,1,53,272,219,15,38,257,0.2830188679245283,0.05514705882352941,0.1948529411764706,0.09230769230769231
3,16,regular,2,1190,1109,81,1109,81,0,0.9319327731092437,1.0,1.073038773669973,0.9647672901261418
3,16,semiregular,2,675,681,6,615,60,66,0.9111111111111111,0.9030837004405287,0.9911894273127754,0.9070796460176991
3,16,irregular,2,12,272,260,3,9,269,0.25,0.011029411764705883,0.04411764705882353,0.02112676056338028
3,16,regular,3,1159,1109,50,1109,50,0,0.9568593615185504,1.0,1.0450856627592426,0.9779541446208113
3,16,semiregular,3,677,681,4,627,50,54,0.9261447562776958,0.920704845814978,0.9941262848751835,0.9234167893961709
3,16,irregular,3,13,272,259,3,10,269,0.23076923076923078,0.011029411764705883,0.04779411764705882,0.02105263157894737
3,17,regular,1,1060,1029,31,1029,31,0,0.970754716981132,1.0,1.0301263362487851,0.9851603638104355
3,17,semiregular,1,593,837,244,537,56,300,0.9055649241146712,0.6415770609318996,0.7084826762246117,0.751048951048951
3,17,irregular,1,50,240,190,10,40,230,0.2,0.041666666666666664,0.20833333333333334,0.06896551724137931
3,17,regular,2,1070,1029,41,1029,41,0,0.9616822429906542,1.0,1.0398445092322643,0.9804668889947594
3,17,semiregular,2,872,837,35,805,67,32,0.9231651376146789,0.961768219832736,1.041816009557945,0.9420713867758923
3,17,irregular,2,15,240,225,4,11,236,0.26666666666666666,0.016666666666666666,0.0625,0.03137254901960784
3,17,regular,3,1080,1029,51,1029,51,0,0.9527777777777777,1.0,1.0495626822157433,0.9758179231863442
3,17,semiregular,3,857,837,20,801,56,36,0.9346557759626605,0.956989247311828,1.02389486260454,0.9456906729634003
3,17,irregular,3,16,240,224,1,15,239,0.0625,0.004166666666666667,0.06666666666666667,0.0078125
3,18,regular,1,1087,1044,43,1044,43,0,0.9604415823367065,1.0,1.0411877394636015,0.979821679962459
3,18,semiregular,1,657,801,144,611,46,190,0.9299847792998478,0.762796504369538,0.8202247191011236,0.8381344307270233
3,18,irregular,1,57,252,195,12,45,240,0.21052631578947367,0.047619047619047616,0.2261904761904762,0.07766990291262135
3,18,regular,2,1128,1044,84,1044,84,0,0.925531914893617,1.0,1.0804597701149425,0.9613259668508287
3,18,semiregular,2,824,801,23,769,55,32,0.933252427184466,0.9600499375780275,1.0287141073657928,0.9464615384615385
3,18,irregular,2,12,252,240,2,10,250,0.16666666666666666,0.007936507936507936,0.047619047619047616,0.015151515151515152
3,18,regular,3,1071,1044,27,1043,28,1,0.9738562091503268,0.9990421455938697,1.0258620689655173,0.9862884160756501
3,18,semiregular,3,832,801,31,773,59,28,0.9290865384615384,0.9650436953807741,1.038701622971286,0.9467238211879976
3,18,irregular,3,12,252,240,3,9,249,0.25,0.011904761904761904,0.047619047619047616,0.022727272727272724
3,19,regular,1,1127,1076,51,1075,52,1,0.9538598047914818,0.9990706319702602,1.0473977695167287,0.9759418974126192
3,19,semiregular,1,757,753,4,702,55,51,0.9273447820343461,0.9322709163346613,1.00531208499336,0.9298013245033113
3,19,irregular,1,21,245,224,4,17,241,0.19047619047619047,0.0163265306122449,0.08571428571428572,0.030075187969924814
3,19,regular,2,1103,1076,27,1073,30,3,0.9728014505893019,0.9972118959107806,1.025092936802974,0.9848554382744378
3,19,semiregular,2,752,753,1,709,43,44,0.9428191489361702,0.9415670650730412,0.99867197875166,0.9421926910299004
3,19,irregular,2,11,245,234,2,9,243,0.18181818181818182,0.00816326530612245,0.044897959183673466,0.015625000000000003
3,19,regular,3,1082,1076,6,1072,10,4,0.9907578558225508,0.9962825278810409,1.0055762081784387,0.9935125115848007
3,19,semiregular,3,736,753,17,696,40,57,0.9456521739130435,0.9243027888446215,0.9774236387782205,0.9348556077904633
3,19,irregular,3,11,245,234,6,5,239,0.5454545454545454,0.024489795918367346,0.044897959183673466,0.046875
3,20,regular,1,1212,1251,39,1203,9,48,0.9925742574257426,0.9616306954436451,0.9688249400479616,0.976857490864799
3,20,semiregular,1,869,841,28,758,111,83,0.8722669735327964,0.901307966706302,1.033293697978597,0.8865497076023391
3,20,irregular,1,22,252,230,5,17,247,0.22727272727272727,0.01984126984126984,0.0873015873015873,0.0364963503649635
3,20,regular,2,1188,1251,63,1179,9,72,0.9924242424242424,0.9424460431654677,0.9496402877697842,0.966789667896679
3,20,semiregular,2,819,841,22,734,85,107,0.8962148962148963,0.8727705112960761,0.9738406658739596,0.8843373493975905
3,20,irregular,2,12,252,240,3,9,249,0.25,0.011904761904761904,0.047619047619047616,0.022727272727272724
3,20,regular,3,1183,1251,68,1174,9,77,0.9923922231614539,0.938449240607514,0.9456434852118305,0.9646672144617914
3,20,semiregular,3,844,841,3,772,72,69,0.9146919431279621,0.9179548156956004,1.0035671819262781,0.916320474777448
3,20,irregular,3,12,252,240,7,5,245,0.5833333333333334,0.027777777777777776,0.047619047619047616,0.053030303030303025
3,21,regular,1,973,920,53,920,53,0,0.9455292908530318,1.0,1.057608695652174,0.9720021130480718
3,21,semiregular,1,625,549,76,504,121,45,0.8064,0.9180327868852459,1.138433515482696,0.8586030664395229
3,21,irregular,1,27,204,177,7,20,197,0.25925925925925924,0.03431372549019608,0.1323529411764706,0.06060606060606061
3,21,regular,2,959,920,39,920,39,0,0.959332638164755,1.0,1.0423913043478261,0.9792442788717403
3,21,semiregular,2,628,549,79,522,106,27,0.8312101910828026,0.9508196721311475,1.1438979963570128,0.887000849617672
3,21,irregular,2,12,204,192,1,11,203,0.08333333333333333,0.004901960784313725,0.058823529411764705,0.009259259259259259
3,21,regular,3,932,920,12,920,12,0,0.9871244635193133,1.0,1.0130434782608695,0.9935205183585313
3,21,semiregular,3,617,549,68,522,95,27,0.8460291734197731,0.9508196721311475,1.1238615664845173,0.895368782161235
3,21,irregular,3,12,204,192,2,10,202,0.16666666666666666,0.00980392156862745,0.058823529411764705,0.018518518518518517
3,22,regular,1,1022,946,76,946,76,0,0.9256360078277887,1.0,1.080338266384778,0.9613821138211383
3,22,semiregular,1,772,703,69,669,103,34,0.866580310880829,0.9516358463726885,1.0981507823613086,0.9071186440677967
3,22,irregular,1,15,247,232,8,7,239,0.5333333333333333,0.032388663967611336,0.06072874493927125,0.06106870229007634
3,22,regular,2,982,946,36,946,36,0,0.9633401221995926,1.0,1.0380549682875264,0.9813278008298755
3,22,semiregular,2,740,703,37,666,74,37,0.9,0.9473684210526315,1.0526315789473684,0.9230769230769231
3,22,irregular,2,13,247,234,2,11,245,0.15384615384615385,0.008097165991902834,0.05263157894736842,0.015384615384615385
3,22,regular,3,986,946,40,946,40,0,0.9594320486815415,1.0,1.0422832980972516,0.9792960662525879
3,22,semiregular,3,732,703,29,660,72,43,0.9016393442622951,0.9388335704125178,1.0412517780938833,0.9198606271777003
3,22,irregular,3,13,247,234,3,10,244,0.23076923076923078,0.012145748987854251,0.05263157894736842,0.023076923076923078
3,23,regular,1,1064,999,65,999,65,0,0.9389097744360902,1.0,1.065065065065065,0.9684924866698983
3,23,semiregular,1,846,835,11,726,120,109,0.8581560283687943,0.8694610778443114,1.0131736526946107,0.8637715645449137
3,23,irregular,1,22,266,244,3,19,263,0.13636363636363635,0.011278195488721804,0.08270676691729323,0.020833333333333332
3,23,regular,2,1063,999,64,997,66,2,0.9379115710253998,0.997997997997998,1.0640640640640642,0.9670223084384093
3,23,semiregular,2,834,835,1,772,62,63,0.9256594724220624,0.9245508982035928,0.9988023952095808,0.9251048532055124
3,23,irregular,2,22,266,244,3,19,263,0.13636363636363635,0.011278195488721804,0.08270676691729323,0.020833333333333332
3,23,regular,3,1053,999,54,999,54,0,0.9487179487179487,1.0,1.054054054054054,0.9736842105263158
3,23,semiregular,3,867,835,32,808,59,27,0.9319492502883506,0.9676646706586827,1.038323353293413,0.9494712103407755
3,23,irregular,3,23,266,243,5,18,261,0.21739130434782608,0.018796992481203006,0.08646616541353383,0.03460207612456747
3,24,regular,1,1096,1079,17,1078,18,1,0.9835766423357665,0.9990732159406858,1.015755329008341,0.991264367816092
3,24,semiregular,1,646,680,34,583,63,97,0.9024767801857585,0.8573529411764705,0.95,0.8793363499245853
3,24,irregular,1,20,247,227,7,13,240,0.35,0.02834008097165992,0.08097165991902834,0.052434456928838954
3,24,regular,2,1100,1079,21,1079,21,0,0.980909090909091,1.0,1.0194624652455977,0.9903625516291877
3,24,semiregular,2,651,680,29,617,34,63,0.9477726574500768,0.9073529411764706,0.9573529411764706,0.927122464312547
3,24,irregular,2,16,247,231,2,14,245,0.125,0.008097165991902834,0.06477732793522267,0.015209125475285173
3,24,regular,3,1093,1079,14,1077,16,2,0.9853613906678865,0.9981464318813716,1.0129749768303986,0.9917127071823204
3,24,semiregular,3,668,680,12,637,31,43,0.9535928143712575,0.9367647058823529,0.9823529411764705,0.9451038575667656
3,24,irregular,3,17,247,230,1,16,246,0.058823529411764705,0.004048582995951417,0.06882591093117409,0.007575757575757576
3,25,regular,1,964,946,18,946,18,0,0.9813278008298755,1.0,1.0190274841437632,0.9905759162303664
3,25,semiregular,1,707,718,11,636,71,82,0.8995756718528995,0.8857938718662952,0.9846796657381616,0.8926315789473684
3,25,irregular,1,33,207,174,8,25,199,0.24242424242424243,0.03864734299516908,0.15942028985507245,0.06666666666666667
3,25,regular,2,965,946,19,946,19,0,0.9803108808290155,1.0,1.0200845665961944,0.9900575614861329
3,25,semiregular,2,732,718,14,676,56,42,0.9234972677595629,0.9415041782729805,1.0194986072423398,0.9324137931034483
3,25,irregular,2,21,207,186,5,16,202,0.23809523809523808,0.024154589371980676,0.10144927536231885,0.043859649122807015
3,25,regular,3,960,946,14,946,14,0,0.9854166666666667,1.0,1.014799154334038,0.9926547743966423
3,25,semiregular,3,711,718,7,658,53,60,0.9254571026722925,0.9164345403899722,0.9902506963788301,0.9209237228831351
3,25,irregular,3,22,207,185,2,20,205,0.09090909090909091,0.00966183574879227,0.10628019323671498,0.017467248908296942
3,26,regular,1,1080,985,95,985,95,0,0.9120370370370371,1.0,1.0964467005076142,0.9539951573849879
3,26,semiregular,1,783,720,63,686,97,34,0.876117496807152,0.9527777777777777,1.0875,0.9128409846972723
3,26,irregular,1,24,214,190,6,18,208,0.25,0.028037383177570093,0.11214953271028037,0.05042016806722689
3,26,regular,2,1067,985,82,985,82,0,0.9231490159325211,1.0,1.083248730964467,0.9600389863547758
3,26,semiregular,2,761,720,41,685,76,35,0.900131406044678,0.9513888888888888,1.0569444444444445,0.9250506414584739
3,26,irregular,2,14,214,200,2,12,212,0.14285714285714285,0.009345794392523364,0.06542056074766354,0.017543859649122806
3,26,regular,3,1073,985,88,985,88,0,0.9179869524697111,1.0,1.0893401015228426,0.9572400388726919
3,26,semiregular,3,764,720,44,692,72,28,0.9057591623036649,0.9611111111111111,1.0611111111111111,0.9326145552560646
3,26,irregular,3,15,214,199,0,15,214,-1,-1,0.07009345794392523,-1
3,27,regular,1,1180,1166,14,1165,15,1,0.9872881355932204,0.9991423670668954,1.012006861063465,0.9931798806479114
3,27,semiregular,1,709,728,19,630,79,98,0.8885754583921015,0.8653846153846154,0.9739010989010989,0.8768267223382047
3,27,irregular,1,19,270,251,6,13,264,0.3157894736842105,0.022222222222222223,0.07037037037037037,0.041522491349480974
3,27,regular,2,1178,1166,12,1166,12,0,0.9898132427843803,1.0,1.0102915951972555,0.9948805460750852
3,27,semiregular,2,737,728,9,681,56,47,0.9240162822252375,0.9354395604395604,1.0123626373626373,0.9296928327645051
3,27,irregular,2,19,270,251,4,15,266,0.21052631578947367,0.014814814814814815,0.07037037037037037,0.02768166089965398
3,27,regular,3,1194,1166,28,1166,28,0,0.9765494137353434,1.0,1.0240137221269296,0.9881355932203391
3,27,semiregular,3,723,728,5,674,49,54,0.9322268326417704,0.9258241758241759,0.9931318681318682,0.9290144727773949
3,27,irregular,3,20,270,250,1,19,269,0.05,0.003703703703703704,0.07407407407407407,0.006896551724137932
3,28,regular,1,1114,1098,16,1094,20,4,0.9820466786355476,0.9963570127504554,1.0145719489981786,0.9891500904159132
3,28,semiregular,1,869,859,10,786,83,73,0.904487917146145,0.9150174621653085,1.0116414435389989,0.9097222222222222
3,28,irregular,1,25,293,268,8,17,285,0.32,0.027303754266211604,0.08532423208191127,0.05031446540880503
3,28,regular,2,1137,1098,39,1098,39,0,0.9656992084432717,1.0,1.03551912568306,0.9825503355704697
3,28,semiregular,2,841,859,18,785,56,74,0.9334126040428062,0.9138533178114087,0.9790454016298021,0.9235294117647059
3,28,irregular,2,23,293,270,3,20,290,0.13043478260869565,0.010238907849829351,0.07849829351535836,0.018987341772151896
3,28,regular,3,1126,1098,28,1098,28,0,0.9751332149200711,1.0,1.0255009107468125,0.9874100719424461
3,28,semiregular,3,862,859,3,815,47,44,0.9454756380510441,0.9487776484284052,1.0034924330616997,0.94712376525276
3,28,irregular,3,24,293,269,5,19,288,0.20833333333333334,0.017064846416382253,0.08191126279863481,0.031545741324921134
3,29,regular,1,1155,1140,15,1140,15,0,0.987012987012987,1.0,1.013157894736842,0.9934640522875817
3,29,semiregular,1,941,869,72,828,113,41,0.8799149840595112,0.952819332566168,1.0828538550057538,0.9149171270718232
3,29,irregular,1,16,247,231,5,11,242,0.3125,0.020242914979757085,0.06477732793522267,0.03802281368821293
3,29,regular,2,1167,1140,27,1140,27,0,0.9768637532133676,1.0,1.0236842105263158,0.9882964889466841
3,29,semiregular,2,972,869,103,847,125,22,0.8713991769547325,0.9746835443037974,1.1185270425776754,0.920152091254753
3,29,irregular,2,15,247,232,2,13,245,0.13333333333333333,0.008097165991902834,0.06072874493927125,0.015267175572519085
3,29,regular,3,1133,1140,7,1127,6,13,0.9947043248014121,0.9885964912280701,0.993859649122807,0.9916410030796304
3,29,semiregular,3,920,869,51,822,98,47,0.8934782608695652,0.9459148446490219,1.0586881472957423,0.9189491335941867
3,29,irregular,3,15,247,232,3,12,244,0.2,0.012145748987854251,0.06072874493927125,0.022900763358778626
3,30,regular,1,1009,997,12,997,12,0,0.9881070366699702,1.0,1.012036108324975,0.9940179461615154
3,30,semiregular,1,798,810,12,732,66,78,0.9172932330827067,0.9037037037037037,0.9851851851851852,0.9104477611940299
3,30,irregular,1,38,250,212,10,28,240,0.2631578947368421,0.04,0.152,0.06944444444444445
3,30,regular,2,1004,997,7,995,9,2,0.9910358565737052,0.9979939819458375,1.0070210631895686,0.9945027486256872
3,30,semiregular,2,811,810,1,755,56,55,0.9309494451294698,0.9320987654320988,1.0012345679012347,0.9315237507711289
3,30,irregular,2,25,250,225,2,23,248,0.08,0.008,0.1,0.014545454545454547
3,30,regular,3,1021,997,24,997,24,0,0.9764936336924583,1.0,1.0240722166499499,0.9881070366699702
3,30,semiregular,3,822,810,12,775,47,35,0.9428223844282239,0.9567901234567902,1.0148148148148148,0.9497549019607844
3,30,irregular,3,26,250,224,5,21,245,0.19230769230769232,0.02,0.104,0.036231884057971016
4,1,regular,1,992,937,55,935,57,2,0.9425403225806451,0.9978655282817502,1.0586979722518677,0.9694142042509072
4,1,semiregular,1,797,703,94,676,121,27,0.848180677540778,0.9615931721194879,1.1337126600284495,0.9013333333333333
4,1,irregular,1,100,199,99,89,11,110,0.89,0.4472361809045226,0.5025125628140703,0.5953177257525084
4,1,regular,2,990,937,53,928,62,9,0.9373737373737374,0.9903948772678762,1.056563500533618,0.9631551634665284
4,1,semiregular,2,773,703,70,664,109,39,0.8589909443725744,0.9445234708392604,1.0995732574679944,0.8997289972899729
4,1,irregular,2,162,199,37,152,10,47,0.9382716049382716,0.7638190954773869,0.8140703517587939,0.8421052631578947
4,1,regular,3,1014,937,77,937,77,0,0.9240631163708086,1.0,1.0821771611526148,0.9605330599692465
4,1,semiregular,3,733,703,30,658,75,45,0.897680763983629,0.9359886201991465,1.042674253200569,0.9164345403899722
4,1,irregular,3,10,199,189,4,6,195,0.4,0.020100502512562814,0.05025125628140704,0.038277511961722493
4,2,regular,1,1225,1224,1,1207,18,17,0.9853061224489796,0.9861111111111112,1.0008169934640523,0.9857084524295632
4,2,semiregular,1,619,647,28,588,31,59,0.9499192245557351,0.9088098918083463,0.9567233384853169,0.9289099526066351
4,2,irregular,1,74,217,143,60,14,157,0.8108108108108109,0.2764976958525346,0.34101382488479265,0.4123711340206186
4,2,regular,2,1224,1224,0,1206,18,18,0.9852941176470589,0.9852941176470589,1.0,0.9852941176470589
4,2,semiregular,2,634,647,13,604,30,43,0.9526813880126183,0.9335394126738794,0.9799072642967542,0.9430132708821233
4,2,irregular,2,178,217,39,171,7,46,0.9606741573033708,0.7880184331797235,0.8202764976958525,0.8658227848101266
4,2,regular,3,1253,1224,29,1220,33,4,0.9736632083000798,0.9967320261437909,1.0236928104575163,0.9850625756964069
4,2,semiregular,3,644,647,3,614,30,33,0.953416149068323,0.9489953632148377,0.9953632148377125,0.9512006196746707
4,2,irregular,3,14,217,203,3,11,214,0.21428571428571427,0.013824884792626729,0.06451612903225806,0.02597402597402598
4,3,regular,1,1041,1053,12,1036,5,17,0.9951969260326609,0.9838556505223172,0.9886039886039886,0.9894937917860555
4,3,semiregular,1,724,716,8,657,67,59,0.9074585635359116,0.9175977653631285,1.011173184357542,0.9125000000000001
4,3,irregular,1,107,224,117,97,10,127,0.9065420560747663,0.4330357142857143,0.47767857142857145,0.5861027190332326
4,3,regular,2,1029,1053,24,1026,3,27,0.9970845481049563,0.9743589743589743,0.9772079772079773,0.9855907780979827
4,3,semiregular,2,745,716,29,681,64,35,0.9140939597315436,0.9511173184357542,1.0405027932960893,0.9322381930184804
4,3,irregular,2,171,224,53,163,8,61,0.9532163742690059,0.7276785714285714,0.7633928571428571,0.8253164556962025
4,3,regular,3,1053,1053,0,1047,6,6,0.9943019943019943,0.9943019943019943,1.0,0.9943019943019943
4,3,semiregular,3,714,716,2,669,45,47,0.9369747899159664,0.9343575418994413,0.9972067039106145,0.9356643356643356
4,3,irregular,3,13,224,211,1,12,223,0.07692307692307693,0.004464285714285714,0.05803571428571429,0.008438818565400845
4,4,regular,1,1129,1101,28,1101,28,0,0.975199291408326,1.0,1.025431425976385,0.9874439461883409
4,4,semiregular,1,675,614,61,555,120,59,0.8222222222222222,0.9039087947882736,1.0993485342019544,0.8611326609775019
4,4,irregular,1,51,228,177,33,18,195,0.6470588235294118,0.14473684210526316,0.2236842105263158,0.23655913978494625
4,4,regular,2,1115,1101,14,1100,15,1,0.9865470852017937,0.9990917347865577,1.0127157129881925,0.9927797833935018
4,4,semiregular,2,652,614,38,581,71,33,0.8911042944785276,0.9462540716612378,1.0618892508143323,0.9178515007898895
4,4,irregular,2,162,228,66,155,7,73,0.9567901234567902,0.6798245614035088,0.7105263157894737,0.7948717948717949
4,4,regular,3,1144,1101,43,1101,43,0,0.9624125874125874,1.0,1.03905540417802,0.9808463251670378
4,4,semiregular,3,619,614,5,564,55,50,0.9111470113085622,0.9185667752442996,1.00814332247557,0.9148418491484185
4,4,irregular,3,14,228,214,2,12,226,0.14285714285714285,0.008771929824561403,0.06140350877192982,0.01652892561983471
4,5,regular,1,1050,1044,6,1043,7,1,0.9933333333333333,0.9990421455938697,1.0057471264367817,0.9961795606494747
4,5,semiregular,1,783,668,115,652,131,16,0.8326947637292464,0.9760479041916168,1.1721556886227544,0.8986905582356995
4,5,irregular,1,58,217,159,46,12,171,0.7931034482758621,0.2119815668202765,0.2672811059907834,0.3345454545454546
4,5,regular,2,1043,1044,1,1038,5,6,0.9952061361457335,0.9942528735632183,0.9990421455938697,0.9947292764734067
4,5,semiregular,2,767,668,99,649,118,19,0.8461538461538461,0.9715568862275449,1.1482035928143712,0.9045296167247386
4,5,irregular,2,187,217,30,180,7,37,0.9625668449197861,0.8294930875576036,0.8617511520737328,0.8910891089108911
4,5,regular,3,1066,1044,22,1044,22,0,0.9793621013133208,1.0,1.0210727969348659,0.9895734597156397
4,5,semiregular,3,706,668,38,640,66,28,0.9065155807365439,0.9580838323353293,1.0568862275449102,0.9315866084425036
4,5,irregular,3,16,217,201,3,13,214,0.1875,0.013824884792626729,0.07373271889400922,0.02575107296137339
4,6,regular,1,963,915,48,914,49,1,0.9491173416407062,0.9989071038251366,1.0524590163934426,0.9733759318423856
4,6,semiregular,1,735,701,34,666,69,35,0.9061224489795918,0.9500713266761769,1.0485021398002854,0.9275766016713092
4,6,irregular,1,46,195,149,27,19,168,0.5869565217391305,0.13846153846153847,0.2358974358974359,0.22406639004149376
4,6,regular,2,960,915,45,914,46,1,0.9520833333333333,0.9989071038251366,1.0491803278688525,0.9749333333333332
4,6,semiregular,2,730,701,29,670,60,31,0.9178082191780822,0.9557774607703281,1.0413694721825963,0.936408106219427
4,6,irregular,2,141,195,54,105,36,90,0.7446808510638298,0.5384615384615384,0.7230769230769231,0.625
4,6,regular,3,980,915,65,915,65,0,0.9336734693877551,1.0,1.0710382513661203,0.9656992084432717
4,6,semiregular,3,707,701,6,665,42,36,0.9405940594059405,0.948644793152639,1.0085592011412268,0.9446022727272727
4,6,irregular,3,15,195,180,4,11,191,0.26666666666666666,0.020512820512820513,0.07692307692307693,0.0380952380952381
4,7,regular,1,1245,1230,15,1223,22,7,0.9823293172690764,0.9943089430894309,1.0121951219512195,0.9882828282828284
4,7,semiregular,1,832,761,71,725,107,36,0.8713942307692307,0.9526938239159002,1.0932982917214191,0.9102322661644696
4,7,irregular,1,16,225,209,4,12,221,0.25,0.017777777777777778,0.07111111111111111,0.03319502074688797
4,7,regular,2,1234,1230,4,1219,15,11,0.9878444084278768,0.9910569105691057,1.0032520325203251,0.9894480519480519
4,7,semiregular,2,771,761,10,690,81,71,0.8949416342412452,0.9067017082785808,1.0131406044678055,0.9007832898172323
4,7,irregular,2,173,225,52,168,5,57,0.9710982658959537,0.7466666666666667,0.7688888888888888,0.8442211055276382
4,7,regular,3,1270,1230,40,1230,40,0,0.968503937007874,1.0,1.032520325203252,0.9839999999999999
4,7,semiregular,3,772,761,11,702,70,59,0.9093264248704663,0.9224704336399474,1.014454664914586,0.9158512720156556
4,7,irregular,3,19,225,206,3,16,222,0.15789473684210525,0.013333333333333334,0.08444444444444445,0.02459016393442623
4,8,regular,1,1062,1035,27,1033,29,2,0.972693032015066,0.9980676328502416,1.0260869565217392,0.9852169766332857
4,8,semiregular,1,855,827,28,759,96,68,0.887719298245614,0.9177750906892382,1.0338573155985489,0.9024970273483948
4,8,irregular,1,99,243,144,79,20,164,0.797979797979798,0.32510288065843623,0.4074074074074074,0.46198830409356734
4,8,regular,2,1042,1035,7,1028,14,7,0.9865642994241842,0.9932367149758454,1.0067632850241546,0.9898892633606162
4,8,semiregular,2,861,827,34,782,79,45,0.908246225319396,0.9455864570737605,1.041112454655381,0.9265402843601895
4,8,irregular,2,184,243,59,173,11,70,0.9402173913043478,0.7119341563786008,0.757201646090535,0.8103044496487118
4,8,regular,3,1065,1035,30,1034,31,1,0.9708920187793427,0.9990338164251208,1.0289855072463767,0.9847619047619047
4,8,semiregular,3,836,827,9,767,69,60,0.9174641148325359,0.9274486094316807,1.0108827085852479,0.9224293445580276
4,8,irregular,3,23,243,220,3,20,240,0.13043478260869565,0.012345679012345678,0.09465020576131687,0.022556390977443608
4,9,regular,1,1095,1107,12,1085,10,22,0.9908675799086758,0.980126467931346,0.989159891598916,0.9854677565849227
4,9,semiregular,1,645,701,56,602,43,99,0.9333333333333333,0.8587731811697575,0.920114122681883,0.8945022288261516
4,9,irregular,1,78,266,188,63,15,203,0.8076923076923077,0.23684210526315788,0.2932330827067669,0.36627906976744184
4,9,regular,2,1100,1107,7,1091,9,16,0.9918181818181818,0.985546522131888,0.993676603432701,0.9886724059809696
4,9,semiregular,2,632,701,69,603,29,98,0.9541139240506329,0.8601997146932953,0.9015691868758916,0.9047261815453863
4,9,irregular,2,209,266,57,200,9,66,0.9569377990430622,0.7518796992481203,0.7857142857142857,0.8421052631578947
4,9,regular,3,1107,1107,0,1098,9,9,0.991869918699187,0.991869918699187,1.0,0.991869918699187
4,9,semiregular,3,669,701,32,647,22,54,0.9671150971599403,0.9229671897289586,0.9543509272467903,0.9445255474452555
4,9,irregular,3,18,266,248,1,17,265,0.05555555555555555,0.0037593984962406013,0.06766917293233082,0.007042253521126761
4,10,regular,1,1068,1014,54,1014,54,0,0.949438202247191,1.0,1.0532544378698225,0.9740634005763689
4,10,semiregular,1,711,656,55,641,70,15,0.9015471167369902,0.9771341463414634,1.083841463414634,0.9378200438917339
4,10,irregular,1,103,247,144,86,17,161,0.8349514563106796,0.3481781376518219,0.41700404858299595,0.4914285714285714
4,10,regular,2,1054,1014,40,1011,43,3,0.959203036053131,0.9970414201183432,1.039447731755424,0.9777562862669245
4,10,semiregular,2,680,656,24,624,56,32,0.9176470588235294,0.9512195121951219,1.0365853658536586,0.9341317365269461
4,10,irregular,2,149,247,98,142,7,105,0.9530201342281879,0.5748987854251012,0.6032388663967612,0.717171717171717
4,10,regular,3,1064,1014,50,1014,50,0,0.9530075187969925,1.0,1.04930966469428,0.9759384023099135
4,10,semiregular,3,660,656,4,622,38,34,0.9424242424242424,0.948170731707317,1.0060975609756098,0.9452887537993919
4,10,irregular,3,15,247,232,1,14,246,0.06666666666666667,0.004048582995951417,0.06072874493927125,0.0076335877862595426
4,11,regular,1,1088,1070,18,1070,18,0,0.9834558823529411,1.0,1.016822429906542,0.9916589434661723
4,11,semiregular,1,762,700,62,665,97,35,0.8727034120734908,0.95,1.0885714285714285,0.9097127222982216
4,11,irregular,1,105,239,134,86,19,153,0.819047619047619,0.3598326359832636,0.4393305439330544,0.5
4,11,regular,2,1064,1070,6,1059,5,11,0.9953007518796992,0.9897196261682243,0.994392523364486,0.9925023430178068
4,11,semiregular,2,729,700,29,658,71,42,0.9026063100137174,0.94,1.0414285714285714,0.920923722883135
4,11,irregular,2,159,239,80,154,5,85,0.9685534591194969,0.6443514644351465,0.6652719665271967,0.7738693467336685
4,11,regular,3,1096,1070,26,1070,26,0,0.9762773722627737,1.0,1.0242990654205608,0.9879963065558633
4,11,semiregular,3,691,700,9,648,43,52,0.9377713458755427,0.9257142857142857,0.9871428571428571,0.9317038102084831
4,11,irregular,3,15,239,224,2,13,237,0.13333333333333333,0.008368200836820083,0.06276150627615062,0.01574803149606299
4,12,regular,1,1027,1007,20,1007,20,0,0.9805258033106135,1.0,1.0198609731876862,0.9901671583087512
4,12,semiregular,1,769,641,128,622,147,19,0.8088426527958388,0.9703588143525741,1.1996879875195008,0.8822695035460993
4,12,irregular,1,130,204,74,100,30,104,0.7692307692307693,0.49019607843137253,0.6372549019607843,0.5988023952095809
4,12,regular,2,1033,1007,26,1007,26,0,0.9748305905130688,1.0,1.0258192651439921,0.9872549019607844
4,12,semiregular,2,713,641,72,600,113,41,0.8415147265077139,0.9360374414976599,1.1123244929797191,0.8862629246676514
4,12,irregular,2,184,204,20,168,16,36,0.9130434782608695,0.8235294117647058,0.9019607843137255,0.865979381443299
4,12,regular,3,1048,1007,41,1007,41,0,0.9608778625954199,1.0,1.0407149950347567,0.9800486618004866
4,12,semiregular,3,660,641,19,596,64,45,0.9030303030303031,0.9297971918876755,1.029641185647426,0.9162182936202921
4,12,irregular,3,16,204,188,4,12,200,0.25,0.0196078431372549,0.0784313725490196,0.03636363636363636
4,13,regular,1,996,1000,4,991,5,9,0.9949799196787149,0.991,0.996,0.9929859719438878
4,13,semiregular,1,874,815,59,787,87,28,0.9004576659038902,0.9656441717791411,1.0723926380368098,0.9319123741859088
4,13,irregular,1,114,216,102,94,20,122,0.8245614035087719,0.4351851851851852,0.5277777777777778,0.5696969696969697
4,13,regular,2,985,1000,15,979,6,21,0.9939086294416244,0.979,0.985,0.9863979848866499
4,13,semiregular,2,846,815,31,789,57,26,0.9326241134751773,0.9680981595092024,1.038036809815951,0.9500301023479831
4,13,irregular,2,187,216,29,176,11,40,0.9411764705882353,0.8148148148148148,0.8657407407407407,0.8734491315136477
4,13,regular,3,1028,1000,28,1000,28,0,0.9727626459143969,1.0,1.028,0.9861932938856015
4,13,semiregular,3,812,815,3,776,36,39,0.9556650246305419,0.9521472392638037,0.996319018404908,0.9539028887523048
4,13,irregular,3,22,216,194,0,22,216,-1,-1,0.10185185185185185,-1
4,14,regular,1,1041,1052,11,1036,5,16,0.9951969260326609,0.9847908745247148,0.9895437262357415,0.9899665551839465
4,14,semiregular,1,904,913,9,843,61,70,0.9325221238938053,0.9233296823658269,0.9901423877327492,0.9279031370390752
4,14,irregular,1,74,217,143,61,13,156,0.8243243243243243,0.28110599078341014,0.34101382488479265,0.41924398625429554
4,14,regular,2,1045,1052,7,1040,5,12,0.9952153110047847,0.9885931558935361,0.9933460076045627,0.9918931807343825
4,14,semiregular,2,941,913,28,875,66,38,0.9298618490967057,0.9583789704271632,1.0306681270536693,0.9439050701186623
4,14,irregular,2,209,217,8,191,18,26,0.9138755980861244,0.880184331797235,0.9631336405529954,0.896713615023474
4,14,regular,3,1073,1052,21,1052,21,0,0.9804287045666356,1.0,1.0199619771863118,0.9901176470588235
4,14,semiregular,3,883,913,30,846,37,67,0.9580973952434881,0.9266155531215772,0.9671412924424972,0.9420935412026725
4,14,irregular,3,15,217,202,4,11,213,0.26666666666666666,0.018433179723502304,0.06912442396313365,0.03448275862068966
4,15,regular,1,984,964,20,964,20,0,0.9796747967479674,1.0,1.020746887966805,0.9897330595482546
4,15,semiregular,1,813,774,39,738,75,36,0.9077490774907749,0.9534883720930233,1.050387596899225,0.9300567107750473
4,15,irregular,1,135,218,83,119,16,99,0.8814814814814815,0.5458715596330275,0.6192660550458715,0.6742209631728046
4,15,regular,2,955,964,9,950,5,14,0.9947643979057592,0.9854771784232366,0.9906639004149378,0.9900990099009901
4,15,semiregular,2,792,774,18,741,51,33,0.9356060606060606,0.9573643410852714,1.0232558139534884,0.9463601532567051
4,15,irregular,2,194,218,24,181,13,37,0.9329896907216495,0.8302752293577982,0.8899082568807339,0.8786407766990291
4,15,regular,3,980,964,16,964,16,0,0.9836734693877551,1.0,1.016597510373444,0.9917695473251029
4,15,semiregular,3,750,774,24,721,29,53,0.9613333333333334,0.9315245478036176,0.9689922480620154,0.9461942257217848
4,15,irregular,3,16,218,202,3,13,215,0.1875,0.013761467889908258,0.07339449541284404,0.025641025641025644
4,16,regular,1,1129,1109,20,1108,21,1,0.9813994685562445,0.9990982867448152,1.018034265103697,0.9901697944593387
4,16,semiregular,1,715,681,34,625,90,56,0.8741258741258742,0.9177679882525698,1.0499265785609397,0.8954154727793697
4,16,irregular,1,40,272,232,28,12,244,0.7,0.10294117647058823,0.14705882352941177,0.1794871794871795
4,16,regular,2,1147,1109,38,1109,38,0,0.966870095902354,1.0,1.0342651036970243,0.9831560283687943
4,16,semiregular,2,711,681,30,641,70,40,0.9015471167369902,0.9412628487518355,1.0440528634361232,0.9209770114942529
4,16,irregular,2,202,272,70,192,10,80,0.9504950495049505,0.7058823529411765,0.7426470588235294,0.810126582278481
4,16,regular,3,1137,1109,28,1109,28,0,0.9753737906772207,1.0,1.0252479711451759,0.9875333926981299
4,16,semiregular,3,658,681,23,609,49,72,0.925531914893617,0.8942731277533039,0.9662261380323054,0.9096340552651232
4,16,irregular,3,15,272,257,5,10,267,0.3333333333333333,0.01838235294117647,0.05514705882352941,0.0348432055749129
4,17,regular,1,1049,1029,20,1029,20,0,0.9809342230695901,1.0,1.0194363459669582,0.9903753609239654
4,17,semiregular,1,841,837,4,760,81,77,0.9036860879904876,0.9080047789725209,1.004778972520908,0.9058402860548271
4,17,irregular,1,89,240,151,73,16,167,0.8202247191011236,0.30416666666666664,0.37083333333333335,0.4437689969604863
4,17,regular,2,1056,1029,27,1029,27,0,0.9744318181818182,1.0,1.0262390670553936,0.9870503597122302
4,17,semiregular,2,864,837,27,800,64,37,0.9259259259259259,0.955794504181601,1.032258064516129,0.9406231628453849
4,17,irregular,2,201,240,39,185,16,55,0.9203980099502488,0.7708333333333334,0.8375,0.8390022675736962
4,17,regular,3,1072,1029,43,1029,43,0,0.9598880597014925,1.0,1.0417881438289602,0.9795335554497858
4,17,semiregular,3,828,837,9,785,43,52,0.9480676328502415,0.937873357228196,0.989247311827957,0.9429429429429429
4,17,irregular,3,18,240,222,4,14,236,0.2222222222222222,0.016666666666666666,0.075,0.031007751937984496
4,18,regular,1,1061,1044,17,1042,19,2,0.9820923656927427,0.9980842911877394,1.0162835249042146,0.9900237529691212
4,18,semiregular,1,812,801,11,752,60,49,0.9261083743842364,0.9388264669163545,1.013732833957553,0.9324240545567266
4,18,irregular,1,103,252,149,85,18,167,0.8252427184466019,0.3373015873015873,0.4087301587301587,0.4788732394366197
4,18,regular,2,1062,1044,18,1043,19,1,0.9821092278719398,0.9990421455938697,1.0172413793103448,0.9905033238366572
4,18,semiregular,2,847,801,46,776,71,25,0.9161747343565525,0.968789013732834,1.0574282147315854,0.941747572815534
4,18,irregular,2,206,252,46,193,13,59,0.9368932038834952,0.7658730158730159,0.8174603174603174,0.8427947598253275
4,18,regular,3,1073,1044,29,1044,29,0,0.972972972972973,1.0,1.0277777777777777,0.9863013698630138
4,18,semiregular,3,810,801,9,770,40,31,0.9506172839506173,0.9612983770287141,1.0112359550561798,0.9559279950341403
4,18,irregular,3,14,252,238,1,13,251,0.07142857142857142,0.003968253968253968,0.05555555555555555,0.007518796992481203
4,19,regular,1,1140,1076,64,1074,66,2,0.9421052631578948,0.9981412639405205,1.0594795539033457,0.9693140794223828
4,19,semiregular,1,769,753,16,707,62,46,0.9193758127438232,0.9389110225763613,1.0212483399734396,0.9290407358738503
4,19,irregular,1,85,245,160,69,16,176,0.8117647058823529,0.2816326530612245,0.3469387755102041,0.41818181818181815
4,19,regular,2,1069,1076,7,1063,6,13,0.9943872778297475,0.9879182156133829,0.9934944237918215,0.9911421911421912
4,19,semiregular,2,753,753,0,702,51,51,0.9322709163346613,0.9322709163346613,1.0,0.9322709163346613
4,19,irregular,2,194,245,51,182,12,63,0.9381443298969072,0.7428571428571429,0.7918367346938775,0.8291571753986333
4,19,regular,3,1107,1076,31,1075,32,1,0.971093044263776,0.9990706319702602,1.028810408921933,0.9848831882730188
4,19,semiregular,3,706,753,47,666,40,87,0.943342776203966,0.8844621513944223,0.9375830013280213,0.9129540781357094
4,19,irregular,3,13,245,232,5,8,240,0.38461538461538464,0.02040816326530612,0.053061224489795916,0.03875968992248061
4,20,regular,1,1190,1251,61,1182,8,69,0.9932773109243698,0.9448441247002398,0.9512390087929656,0.9684555510036871
4,20,semiregular,1,908,841,67,771,137,70,0.8491189427312775,0.9167657550535078,1.079667063020214,0.8816466552315609
4,20,irregular,1,93,252,159,84,9,168,0.9032258064516129,0.3333333333333333,0.36904761904761907,0.48695652173913034
4,20,regular,2,1188,1251,63,1178,10,73,0.9915824915824916,0.9416466826538769,0.9496402877697842,0.965969659696597
4,20,semiregular,2,813,841,28,726,87,115,0.8929889298892989,0.8632580261593341,0.9667063020214031,0.8778718258766626
4,20,irregular,2,189,252,63,179,10,73,0.9470899470899471,0.7103174603174603,0.75,0.8117913832199546
4,20,regular,3,1173,1251,78,1165,8,86,0.9931798806479113,0.9312549960031974,0.9376498800959233,0.9612211221122111
4,20,semiregular,3,826,841,15,747,79,94,0.9043583535108959,0.8882282996432818,0.9821640903686087,0.8962207558488302
4,20,irregular,3,14,252,238,1,13,251,0.07142857142857142,0.003968253968253968,0.05555555555555555,0.007518796992481203
4,21,regular,1,965,920,45,920,45,0,0.9533678756476683,1.0,1.048913043478261,0.9761273209549072
4,21,semiregular,1,657,549,108,512,145,37,0.7792998477929984,0.9326047358834244,1.1967213114754098,0.8490878938640133
4,21,irregular,1,114,204,90,98,16,106,0.8596491228070176,0.4803921568627451,0.5588235294117647,0.6163522012578616
4,21,regular,2,930,920,10,920,10,0,0.989247311827957,1.0,1.0108695652173914,0.9945945945945946
4,21,semiregular,2,650,549,101,538,112,11,0.8276923076923077,0.9799635701275046,1.1839708561020037,0.8974145120934112
4,21,irregular,2,158,204,46,154,4,50,0.9746835443037974,0.7549019607843137,0.7745098039215687,0.8508287292817679
4,21,regular,3,948,920,28,920,28,0,0.9704641350210971,1.0,1.0304347826086957,0.9850107066381156
4,21,semiregular,3,613,549,64,523,90,26,0.8531810766721044,0.9526411657559198,1.116575591985428,0.9001721170395868
4,21,irregular,3,14,204,190,4,10,200,0.2857142857142857,0.0196078431372549,0.06862745098039216,0.03669724770642201
4,22,regular,1,1008,946,62,946,62,0,0.9384920634920635,1.0,1.06553911205074,0.9682702149437052
4,22,semiregular,1,779,703,76,675,104,28,0.8664955070603337,0.9601706970128022,1.1081081081081081,0.9109311740890688
4,22,irregular,1,67,247,180,54,13,193,0.8059701492537313,0.21862348178137653,0.27125506072874495,0.3439490445859873
4,22,regular,2,949,946,3,926,23,20,0.9757639620653319,0.9788583509513742,1.0031712473572938,0.9773087071240105
4,22,semiregular,2,749,703,46,671,78,32,0.8958611481975968,0.9544807965860598,1.065433854907539,0.9242424242424243
4,22,irregular,2,146,247,101,141,5,106,0.9657534246575342,0.5708502024291497,0.5910931174089069,0.7175572519083969
4,22,regular,3,996,946,50,946,50,0,0.9497991967871486,1.0,1.0528541226215644,0.9742533470648815
4,22,semiregular,3,724,703,21,660,64,43,0.9116022099447514,0.9388335704125178,1.0298719772403984,0.9250175192711984
4,22,irregular,3,15,247,232,3,12,244,0.2,0.012145748987854251,0.06072874493927125,0.022900763358778626
4,23,regular,1,1047,999,48,997,50,2,0.9522445081184336,0.997997997997998,1.048048048048048,0.9745845552297165
4,23,semiregular,1,886,835,51,753,133,82,0.8498871331828443,0.9017964071856287,1.0610778443113773,0.875072632190587
4,23,irregular,1,25,266,241,4,21,262,0.16,0.015037593984962405,0.09398496240601503,0.027491408934707903
4,23,regular,2,958,999,41,929,29,70,0.9697286012526096,0.92992992992993,0.958958958958959,0.9494123658661217
4,23,semiregular,2,97,835,738,75,22,760,0.7731958762886598,0.08982035928143713,0.11616766467065869,0.16094420600858367
4,23,irregular,2,2,266,264,1,1,265,0.5,0.0037593984962406013,0.007518796992481203,0.007462686567164178
4,23,regular,3,1060,999,61,999,61,0,0.9424528301886792,1.0,1.0610610610610611,0.9703739679456046
4,23,semiregular,3,885,835,50,799,86,36,0.9028248587570622,0.9568862275449102,1.0598802395209581,0.9290697674418604
4,23,irregular,3,26,266,240,1,25,265,0.038461538461538464,0.0037593984962406013,0.09774436090225563,0.00684931506849315
4,24,regular,1,1093,1079,14,1078,15,1,0.9862763037511436,0.9990732159406858,1.0129749768303986,0.992633517495396
4,24,semiregular,1,681,680,1,611,70,69,0.8972099853157122,0.8985294117647059,1.0014705882352941,0.8978692138133726
4,24,irregular,1,96,247,151,87,9,160,0.90625,0.3522267206477733,0.38866396761133604,0.5072886297376094
4,24,regular,2,1080,1079,1,1067,13,12,0.9879629629629629,0.9888785912882299,1.0009267840593141,0.9884205650764243
4,24,semiregular,2,654,680,26,619,35,61,0.9464831804281345,0.9102941176470588,0.961764705882353,0.9280359820089954
4,24,irregular,2,194,247,53,188,6,59,0.9690721649484536,0.7611336032388664,0.7854251012145749,0.8526077097505669
4,24,regular,3,1088,1079,9,1076,12,3,0.9889705882352942,0.9972196478220574,1.0083410565338276,0.9930779880018459
4,24,semiregular,3,654,680,26,626,28,54,0.9571865443425076,0.9205882352941176,0.961764705882353,0.9385307346326837
4,24,irregular,3,19,247,228,3,16,244,0.15789473684210525,0.012145748987854251,0.07692307692307693,0.022556390977443608
4,25,regular,1,961,946,15,946,15,0,0.9843912591050988,1.0,1.0158562367864694,0.9921342422653383
4,25,semiregular,1,749,718,31,665,84,53,0.8878504672897196,0.9261838440111421,1.043175487465181,0.9066121336059986
4,25,irregular,1,116,207,91,85,31,122,0.7327586206896551,0.4106280193236715,0.5603864734299517,0.5263157894736842
4,25,regular,2,943,946,3,938,5,8,0.9946977730646872,0.9915433403805497,0.9968287526427061,0.9931180518793012
4,25,semiregular,2,760,718,42,689,71,29,0.906578947368421,0.9596100278551533,1.0584958217270195,0.93234100135318
4,25,irregular,2,123,207,84,114,9,93,0.926829268292683,0.5507246376811594,0.5942028985507246,0.6909090909090908
4,25,regular,3,961,946,15,946,15,0,0.9843912591050988,1.0,1.0158562367864694,0.9921342422653383
4,25,semiregular,3,692,718,26,654,38,64,0.9450867052023122,0.9108635097493036,0.9637883008356546,0.9276595744680852
4,25,irregular,3,25,207,182,2,23,205,0.08,0.00966183574879227,0.12077294685990338,0.017241379310344827
4,26,regular,1,1056,985,71,985,71,0,0.9327651515151515,1.0,1.0720812182741117,0.9652131308182264
4,26,semiregular,1,812,720,92,696,116,24,0.8571428571428571,0.9666666666666667,1.1277777777777778,0.9086161879895561
4,26,irregular,1,158,214,56,122,36,92,0.7721518987341772,0.5700934579439252,0.7383177570093458,0.6559139784946237
4,26,regular,2,1044,985,59,985,59,0,0.9434865900383141,1.0,1.0598984771573603,0.9709216362740265
4,26,semiregular,2,758,720,38,681,77,39,0.8984168865435356,0.9458333333333333,1.0527777777777778,0.9215155615696887
4,26,irregular,2,128,214,86,110,18,104,0.859375,0.514018691588785,0.5981308411214953,0.6432748538011696
4,26,regular,3,1084,985,99,985,99,0,0.9086715867158671,1.0,1.100507614213198,0.9521507974867086
4,26,semiregular,3,711,720,9,659,52,61,0.9268635724331927,0.9152777777777777,0.9875,0.9210342417889588
4,26,irregular,3,17,214,197,2,15,212,0.11764705882352941,0.009345794392523364,0.0794392523364486,0.017316017316017313
4,27,regular,1,1168,1166,2,1159,9,7,0.9922945205479452,0.9939965694682675,1.0017152658662092,0.9931448157669237
4,27,semiregular,1,721,728,7,650,71,78,0.9015256588072122,0.8928571428571429,0.9903846153846154,0.8971704623878538
4,27,irregular,1,36,270,234,27,9,243,0.75,0.1,0.13333333333333333,0.17647058823529416
4,27,regular,2,1158,1166,8,1149,9,17,0.9922279792746114,0.9854202401372213,0.9931389365351629,0.9888123924268504
4,27,semiregular,2,758,728,30,692,66,36,0.9129287598944591,0.9505494505494505,1.0412087912087913,0.9313593539703903
4,27,irregular,2,237,270,33,215,22,55,0.9071729957805907,0.7962962962962963,0.8777777777777778,0.8481262327416174
4,27,regular,3,1185,1166,19,1166,19,0,0.9839662447257383,1.0,1.016295025728988,0.9919183326244151
4,27,semiregular,3,706,728,22,659,47,69,0.93342776203966,0.9052197802197802,0.9697802197802198,0.9191073919107391
4,27,irregular,3,23,270,247,1,22,269,0.043478260869565216,0.003703703703703704,0.08518518518518518,0.006825938566552902
4,28,regular,1,1104,1098,6,1085,19,13,0.9827898550724637,0.98816029143898,1.005464480874317,0.9854677565849229
4,28,semiregular,1,897,859,38,806,91,53,0.8985507246376812,0.9383003492433062,1.0442374854481955,0.9179954441913439
4,28,irregular,1,76,293,217,54,22,239,0.7105263157894737,0.18430034129692832,0.2593856655290102,0.2926829268292683
4,28,regular,2,1115,1098,17,1095,20,3,0.9820627802690582,0.9972677595628415,1.0154826958105647,0.9896068685042928
4,28,semiregular,2,855,859,4,788,67,71,0.9216374269005848,0.9173457508731082,0.9953434225844005,0.9194865810968496
4,28,irregular,2,198,293,95,184,14,109,0.9292929292929293,0.6279863481228669,0.6757679180887372,0.7494908350305499
4,28,regular,3,1132,1098,34,1098,34,0,0.9699646643109541,1.0,1.0309653916211294,0.9847533632286996
4,28,semiregular,3,832,859,27,796,36,63,0.9567307692307693,0.9266589057043073,0.9685681024447031,0.9414547604967476
4,28,irregular,3,27,293,266,5,22,288,0.18518518518518517,0.017064846416382253,0.09215017064846416,0.03125
4,29,regular,1,1147,1140,7,1138,9,2,0.992153443766347,0.9982456140350877,1.006140350877193,0.9951902055094008
4,29,semiregular,1,980,869,111,841,139,28,0.8581632653061224,0.9677790563866513,1.1277330264672036,0.9096809085992428
4,29,irregular,1,125,247,122,113,12,134,0.904,0.4574898785425101,0.5060728744939271,0.6075268817204302
4,29,regular,2,1146,1140,6,1138,8,2,0.9930191972076788,0.9982456140350877,1.0052631578947369,0.9956255468066492
4,29,semiregular,2,994,869,125,857,137,12,0.8621730382293763,0.9861910241657077,1.143843498273878,0.9200214707461084
4,29,irregular,2,218,247,29,206,12,41,0.944954128440367,0.8340080971659919,0.8825910931174089,0.8860215053763442
4,29,regular,3,1151,1140,11,1140,11,0,0.9904430929626412,1.0,1.0096491228070175,0.9951986032300306
4,29,semiregular,3,896,869,27,810,86,59,0.9040178571428571,0.9321058688147296,1.0310701956271577,0.9178470254957507
4,29,irregular,3,18,247,229,6,12,241,0.3333333333333333,0.024291497975708502,0.0728744939271255,0.04528301886792453
4,30,regular,1,1002,997,5,996,6,1,0.9940119760479041,0.9989969909729187,1.0050150451354063,0.9964982491245622
4,30,semiregular,1,833,810,23,755,78,55,0.9063625450180072,0.9320987654320988,1.028395061728395,0.9190505173463177
4,30,irregular,1,140,250,110,108,32,142,0.7714285714285715,0.432,0.56,0.5538461538461538
4,30,regular,2,987,997,10,983,4,14,0.9959473150962512,0.9859578736208626,0.9899699097291875,0.9909274193548387
4,30,semiregular,2,813,810,3,755,58,55,0.9286592865928659,0.9320987654320988,1.0037037037037038,0.9303758471965495
4,30,irregular,2,179,250,71,167,12,83,0.9329608938547486,0.668,0.716,0.7785547785547786
4,30,regular,3,1025,997,28,997,28,0,0.9726829268292683,1.0,1.0280842527582748,0.9861523244312562
4,30,semiregular,3,808,810,2,766,42,44,0.948019801980198,0.945679012345679,0.9975308641975309,0.9468479604449938
4,30,irregular,3,30,250,220,4,26,246,0.13333333333333333,0.016,0.12,0.028571428571428577
5,1,regular,1,985,937,48,928,57,9,0.9421319796954315,0.9903948772678762,1.0512273212379937,0.9656607700312175
5,1,semiregular,1,822,703,119,675,147,28,0.8211678832116789,0.9601706970128022,1.1692745376955904,0.8852459016393441
5,1,irregular,1,103,199,96,84,19,115,0.8155339805825242,0.4221105527638191,0.5175879396984925,0.5562913907284768
5,1,regular,2,1010,937,73,937,73,0,0.9277227722772278,1.0,1.0779082177161152,0.9625064201335388
5,1,semiregular,2,758,703,55,660,98,43,0.8707124010554089,0.9388335704125178,1.0782361308677098,0.9034907597535934
5,1,irregular,2,184,199,15,164,20,35,0.8913043478260869,0.8241206030150754,0.9246231155778895,0.8563968668407311
5,1,regular,3,984,937,47,926,58,11,0.9410569105691057,0.9882604055496265,1.0501600853788686,0.9640812077043206
5,1,semiregular,3,714,703,11,638,76,65,0.8935574229691877,0.9075391180654339,1.0156472261735419,0.9004940014114327
5,1,irregular,3,12,199,187,2,10,197,0.16666666666666666,0.010050251256281407,0.06030150753768844,0.018957345971563982
5,2,regular,1,1213,1224,11,1198,15,26,0.9876339653751031,0.9787581699346405,0.9910130718954249,0.9831760361099713
5,2,semiregular,1,621,647,26,580,41,67,0.9339774557165862,0.8964451313755796,0.9598145285935085,0.914826498422713
5,2,irregular,1,85,217,132,67,18,150,0.788235294117647,0.3087557603686636,0.391705069124424,0.44370860927152317
5,2,regular,2,1221,1224,3,1204,17,20,0.9860769860769861,0.9836601307189542,0.9975490196078431,0.9848670756646216
5,2,semiregular,2,654,647,7,625,29,22,0.9556574923547401,0.9659969088098919,1.010819165378671,0.9607993850883936
5,2,irregular,2,200,217,17,188,12,29,0.94,0.8663594470046083,0.9216589861751152,0.9016786570743405
5,2,regular,3,1231,1224,7,1213,18,11,0.9853777416734363,0.9910130718954249,1.005718954248366,0.9881873727087577
5,2,semiregular,3,609,647,38,585,24,62,0.9605911330049262,0.9041731066460588,0.9412673879443586,0.9315286624203822
5,2,irregular,3,16,217,201,5,11,212,0.3125,0.02304147465437788,0.07373271889400922,0.04291845493562232
5,3,regular,1,1044,1053,9,1038,6,15,0.9942528735632183,0.9857549857549858,0.9914529914529915,0.9899856938483547
5,3,semiregular,1,733,716,17,652,81,64,0.8894952251023193,0.9106145251396648,1.0237430167597765,0.8999309868875086
5,3,irregular,1,145,224,79,116,29,108,0.8,0.5178571428571429,0.6473214285714286,0.6287262872628726
5,3,regular,2,1031,1053,22,1028,3,25,0.997090203685742,0.976258309591643,0.9791073124406457,0.9865642994241843
5,3,semiregular,2,752,716,36,688,64,28,0.9148936170212766,0.9608938547486033,1.0502793296089385,0.9373297002724796
5,3,irregular,2,194,224,30,176,18,48,0.9072164948453608,0.7857142857142857,0.8660714285714286,0.8421052631578948
5,3,regular,3,1040,1053,13,1037,3,16,0.9971153846153846,0.9848053181386515,0.9876543209876543,0.990922121356904
5,3,semiregular,3,704,716,12,651,53,65,0.9247159090909091,0.909217877094972,0.9832402234636871,0.9169014084507042
5,3,irregular,3,16,224,208,1,15,223,0.0625,0.004464285714285714,0.07142857142857142,0.008333333333333333
5,4,regular,1,1135,1101,34,1101,34,0,0.9700440528634361,1.0,1.030881017257039,0.98479427549195
5,4,semiregular,1,709,614,95,569,140,45,0.8025387870239774,0.9267100977198697,1.1547231270358307,0.8601662887377172
5,4,irregular,1,65,228,163,48,17,180,0.7384615384615385,0.21052631578947367,0.2850877192982456,0.32764505119453924
5,4,regular,2,1130,1101,29,1101,29,0,0.9743362831858408,1.0,1.0263396911898275,0.9870013446884806
5,4,semiregular,2,668,614,54,593,75,21,0.8877245508982036,0.9657980456026058,1.0879478827361564,0.9251170046801871
5,4,irregular,2,195,228,33,174,21,54,0.8923076923076924,0.7631578947368421,0.8552631578947368,0.822695035460993
5,4,regular,3,1130,1101,29,1101,29,0,0.9743362831858408,1.0,1.0263396911898275,0.9870013446884806
5,4,semiregular,3,608,614,6,557,51,57,0.9161184210526315,0.9071661237785016,0.990228013029316,0.9116202945990178
5,4,irregular,3,17,228,211,4,13,224,0.23529411764705882,0.017543859649122806,0.07456140350877193,0.03265306122448979
5,5,regular,1,1053,1044,9,1044,9,0,0.9914529914529915,1.0,1.0086206896551724,0.9957081545064378
5,5,semiregular,1,826,668,158,651,175,17,0.788135593220339,0.9745508982035929,1.2365269461077844,0.8714859437751005
5,5,irregular,1,112,217,105,92,20,125,0.8214285714285714,0.423963133640553,0.5161290322580645,0.5592705167173253
5,5,regular,2,1041,1044,3,1037,4,7,0.9961575408261287,0.9932950191570882,0.9971264367816092,0.9947242206235013
5,5,semiregular,2,753,668,85,655,98,13,0.8698539176626826,0.9805389221556886,1.127245508982036,0.9218859957776214
5,5,irregular,2,204,217,13,180,24,37,0.8823529411764706,0.8294930875576036,0.9400921658986175,0.8551068883610451
5,5,regular,3,1049,1044,5,1043,6,1,0.994280266920877,0.9990421455938697,1.0047892720306513,0.9966555183946488
5,5,semiregular,3,684,668,16,616,68,52,0.9005847953216374,0.9221556886227545,1.0239520958083832,0.9112426035502958
5,5,irregular,3,19,217,198,5,14,212,0.2631578947368421,0.02304147465437788,0.08755760368663594,0.04237288135593221
5,6,regular,1,962,915,47,914,48,1,0.9501039501039501,0.9989071038251366,1.0513661202185793,0.9738945125199787
5,6,semiregular,1,755,701,54,668,87,33,0.8847682119205298,0.9529243937232525,1.0770328102710414,0.9175824175824177
5,6,irregular,1,87,195,108,64,23,131,0.735632183908046,0.3282051282051282,0.4461538461538462,0.45390070921985815
5,6,regular,2,963,915,48,915,48,0,0.9501557632398754,1.0,1.0524590163934426,0.9744408945686901
5,6,semiregular,2,738,701,37,675,63,26,0.9146341463414634,0.9629101283880172,1.0527817403708988,0.9381514940931203
5,6,irregular,2,167,195,28,112,55,83,0.6706586826347305,0.5743589743589743,0.8564102564102564,0.6187845303867403
5,6,regular,3,957,915,42,915,42,0,0.9561128526645768,1.0,1.0459016393442624,0.9775641025641025
5,6,semiregular,3,689,701,12,652,37,49,0.9462989840348331,0.9300998573466477,0.9828815977175464,0.9381294964028777
5,6,irregular,3,18,195,177,1,17,194,0.05555555555555555,0.005128205128205128,0.09230769230769231,0.009389671361502348
5,7,regular,1,1258,1230,28,1226,32,4,0.9745627980922098,0.9967479674796748,1.0227642276422764,0.9855305466237942
5,7,semiregular,1,810,761,49,698,112,63,0.8617283950617284,0.9172141918528253,1.064388961892247,0.8886059834500318
5,7,irregular,1,10,225,215,4,6,221,0.4,0.017777777777777778,0.044444444444444446,0.03404255319148936
5,7,regular,2,1227,1230,3,1211,16,19,0.986960065199674,0.9845528455284552,0.9975609756097561,0.9857549857549858
5,7,semiregular,2,784,761,23,694,90,67,0.8852040816326531,0.911957950065703,1.0302233902759528,0.8983818770226537
5,7,irregular,2,176,225,49,166,10,59,0.9431818181818182,0.7377777777777778,0.7822222222222223,0.827930174563591
5,7,regular,3,1249,1230,19,1228,21,2,0.9831865492393915,0.9983739837398374,1.0154471544715447,0.990722065348931
5,7,semiregular,3,757,761,4,680,77,81,0.8982826948480845,0.8935611038107752,0.9947437582128777,0.895915678524374
5,7,irregular,3,22,225,203,4,18,221,0.18181818181818182,0.017777777777777778,0.09777777777777778,0.032388663967611336
5,8,regular,1,1037,1035,2,1024,13,11,0.9874638379942141,0.9893719806763285,1.0019323671497584,0.9884169884169884
5,8,semiregular,1,872,827,45,759,113,68,0.8704128440366973,0.9177750906892382,1.0544135429262393,0.8934667451442024
5,8,irregular,1,110,243,133,87,23,156,0.7909090909090909,0.35802469135802467,0.45267489711934156,0.49291784702549574
5,8,regular,2,1053,1035,18,1033,20,2,0.9810066476733144,0.9980676328502416,1.017391304347826,0.9894636015325671
5,8,semiregular,2,837,827,10,765,72,62,0.9139784946236559,0.9250302297460702,1.0120918984280531,0.9194711538461537
5,8,irregular,2,209,243,34,188,21,55,0.8995215311004785,0.7736625514403292,0.8600823045267489,0.831858407079646
5,8,regular,3,1046,1035,11,1033,13,2,0.9875717017208413,0.9980676328502416,1.0106280193236714,0.9927919269581933
5,8,semiregular,3,803,827,24,749,54,78,0.9327521793275217,0.905683192261185,0.9709794437726723,0.9190184049079755
5,8,irregular,3,26,243,217,2,24,241,0.07692307692307693,0.00823045267489712,0.10699588477366255,0.014869888475836432
5,9,regular,1,1098,1107,9,1089,9,18,0.9918032786885246,0.983739837398374,0.991869918699187,0.9877551020408164
5,9,semiregular,1,632,701,69,591,41,110,0.935126582278481,0.8430813124108416,0.9015691868758916,0.886721680420105
5,9,irregular,1,116,266,150,99,17,167,0.853448275862069,0.37218045112781956,0.43609022556390975,0.518324607329843
5,9,regular,2,1106,1107,1,1097,9,10,0.9918625678119349,0.99096657633243,0.999096657633243,0.991414369633981
5,9,semiregular,2,643,701,58,612,31,89,0.9517884914463453,0.8730385164051355,0.9172610556348074,0.9107142857142857
5,9,irregular,2,232,266,34,217,15,49,0.9353448275862069,0.8157894736842105,0.8721804511278195,0.8714859437751004
5,9,regular,3,1091,1107,16,1081,10,26,0.9908340971585701,0.976513098464318,0.985546522131888,0.9836214740673339
5,9,semiregular,3,655,701,46,635,20,66,0.9694656488549618,0.905848787446505,0.9343794579172611,0.9365781710914454
5,9,irregular,3,21,266,245,4,17,262,0.19047619047619047,0.015037593984962405,0.07894736842105263,0.027874564459930314
5,10,regular,1,1064,1014,50,1014,50,0,0.9530075187969925,1.0,1.04930966469428,0.9759384023099135
5,10,semiregular,1,713,656,57,634,79,22,0.8892005610098177,0.9664634146341463,1.086890243902439,0.9262235208181153
5,10,irregular,1,130,247,117,110,20,137,0.8461538461538461,0.44534412955465585,0.5263157894736842,0.583554376657825
5,10,regular,2,1059,1014,45,1014,45,0,0.9575070821529745,1.0,1.044378698224852,0.9782923299565847
5,10,semiregular,2,708,656,52,635,73,21,0.8968926553672316,0.9679878048780488,1.079268292682927,0.9310850439882697
5,10,irregular,2,203,247,44,181,22,66,0.8916256157635468,0.7327935222672065,0.8218623481781376,0.8044444444444445
5,10,regular,3,1059,1014,45,1014,45,0,0.9575070821529745,1.0,1.044378698224852,0.9782923299565847
5,10,semiregular,3,641,656,15,601,40,55,0.9375975039001561,0.9161585365853658,0.9771341463414634,0.9267540478026215
5,10,irregular,3,18,247,229,6,12,241,0.3333333333333333,0.024291497975708502,0.0728744939271255,0.04528301886792453
5,11,regular,1,1095,1070,25,1070,25,0,0.9771689497716894,1.0,1.0233644859813085,0.9884526558891454
5,11,semiregular,1,791,700,91,672,119,28,0.8495575221238938,0.96,1.13,0.9014084507042253
5,11,irregular,1,129,239,110,113,16,126,0.875968992248062,0.47280334728033474,0.5397489539748954,0.6141304347826088
5,11,regular,2,1075,1070,5,1065,10,5,0.9906976744186047,0.9953271028037384,1.0046728971962617,0.9930069930069931
5,11,semiregular,2,737,700,37,670,67,30,0.9090909090909091,0.9571428571428572,1.052857142857143,0.9324982602644397
5,11,irregular,2,203,239,36,189,14,50,0.9310344827586207,0.7907949790794979,0.8493723849372385,0.8552036199095023
5,11,regular,3,1075,1070,5,1069,6,1,0.9944186046511628,0.9990654205607477,1.0046728971962617,0.9967365967365969
5,11,semiregular,3,686,700,14,632,54,68,0.9212827988338192,0.9028571428571428,0.98,0.9119769119769119
5,11,irregular,3,18,239,221,2,16,237,0.1111111111111111,0.008368200836820083,0.07531380753138076,0.015564202334630349
5,12,regular,1,1039,1007,32,1007,32,0,0.9692011549566891,1.0,1.0317775571002978,0.9843597262952101
5,12,semiregular,1,786,641,145,621,165,20,0.7900763358778626,0.968798751950078,1.2262090483619346,0.8703573931324456
5,12,irregular,1,166,204,38,135,31,69,0.8132530120481928,0.6617647058823529,0.8137254901960784,0.7297297297297296
5,12,regular,2,1025,1007,18,1007,18,0,0.9824390243902439,1.0,1.0178748758689176,0.9911417322834646
5,12,semiregular,2,710,641,69,603,107,38,0.8492957746478873,0.9407176287051482,1.107644305772231,0.8926720947446336
5,12,irregular,2,216,204,12,183,33,21,0.8472222222222222,0.8970588235294118,1.0588235294117647,0.8714285714285713
5,12,regular,3,1028,1007,21,1007,21,0,0.9795719844357976,1.0,1.0208540218470705,0.9896805896805896
5,12,semiregular,3,642,641,1,575,67,66,0.8956386292834891,0.8970358814352574,1.001560062402496,0.8963367108339829
5,12,irregular,3,18,204,186,1,17,203,0.05555555555555555,0.004901960784313725,0.08823529411764706,0.009009009009009009
5,13,regular,1,996,1000,4,989,7,11,0.9929718875502008,0.989,0.996,0.9909819639278558
5,13,semiregular,1,896,815,81,794,102,21,0.8861607142857143,0.9742331288343559,1.0993865030674848,0.9281122150789012
5,13,irregular,1,137,216,79,107,30,109,0.781021897810219,0.49537037037037035,0.6342592592592593,0.6062322946175638
5,13,regular,2,1011,1000,11,999,12,1,0.9881305637982196,0.999,1.011,0.9935355544505221
5,13,semiregular,2,850,815,35,789,61,26,0.928235294117647,0.9680981595092024,1.0429447852760736,0.9477477477477477
5,13,irregular,2,230,216,14,196,34,20,0.8521739130434782,0.9074074074074074,1.0648148148148149,0.8789237668161435
5,13,regular,3,1004,1000,4,997,7,3,0.9930278884462151,0.997,1.004,0.9950099800399201
5,13,semiregular,3,797,815,18,760,37,55,0.9535759096612296,0.9325153374233128,0.9779141104294479,0.9429280397022333
5,13,irregular,3,26,216,190,1,25,215,0.038461538461538464,0.004629629629629629,0.12037037037037036,0.008264462809917356
5,14,regular,1,1050,1052,2,1045,5,7,0.9952380952380953,0.9933460076045627,0.9980988593155894,0.9942911512844911
5,14,semiregular,1,954,913,41,859,95,54,0.90041928721174,0.940854326396495,1.0449069003285871,0.9201928227102303
5,14,irregular,1,104,217,113,87,17,130,0.8365384615384616,0.4009216589861751,0.4792626728110599,0.5420560747663551
5,14,regular,2,1044,1052,8,1038,6,14,0.9942528735632183,0.9866920152091255,0.9923954372623575,0.9904580152671757
5,14,semiregular,2,944,913,31,883,61,30,0.9353813559322034,0.9671412924424972,1.0339539978094194,0.9509962304792676
5,14,irregular,2,211,217,6,189,22,28,0.8957345971563981,0.8709677419354839,0.9723502304147466,0.8831775700934579
5,14,regular,3,1055,1052,3,1049,6,3,0.9943127962085309,0.997148288973384,1.002851711026616,0.9957285239677266
5,14,semiregular,3,859,913,54,812,47,101,0.9452852153667055,0.8893756845564075,0.940854326396495,0.9164785553047405
5,14,irregular,3,18,217,199,4,14,213,0.2222222222222222,0.018433179723502304,0.08294930875576037,0.03404255319148936
5,15,regular,1,969,964,5,963,6,1,0.9938080495356038,0.9989626556016598,1.0051867219917012,0.9963786859803415
5,15,semiregular,1,859,774,85,756,103,18,0.880093131548312,0.9767441860465116,1.1098191214470283,0.9259032455603184
5,15,irregular,1,163,218,55,143,20,75,0.8773006134969326,0.6559633027522935,0.7477064220183486,0.7506561679790027
5,15,regular,2,966,964,2,961,5,3,0.994824016563147,0.9968879668049793,1.0020746887966805,0.9958549222797928
5,15,semiregular,2,799,774,25,742,57,32,0.9286608260325406,0.958656330749354,1.0322997416020672,0.9434202161474889
5,15,irregular,2,213,218,5,192,21,26,0.9014084507042254,0.8807339449541285,0.9770642201834863,0.8909512761020881
5,15,regular,3,966,964,2,961,5,3,0.994824016563147,0.9968879668049793,1.0020746887966805,0.9958549222797928
5,15,semiregular,3,720,774,54,681,39,93,0.9458333333333333,0.8798449612403101,0.9302325581395349,0.9116465863453815
5,15,irregular,3,19,218,199,3,16,215,0.15789473684210525,0.013761467889908258,0.0871559633027523,0.02531645569620253
5,16,regular,1,1124,1109,15,1107,17,2,0.9848754448398577,0.9981965734896303,1.0135256988277728,0.9914912673533363
5,16,semiregular,1,786,681,105,653,133,28,0.8307888040712468,0.9588839941262849,1.1541850220264318,0.8902522154055897
5,16,irregular,1,36,272,236,27,9,245,0.75,0.09926470588235294,0.1323529411764706,0.17532467532467533
5,16,regular,2,1131,1109,22,1109,22,0,0.9805481874447391,1.0,1.0198376916140668,0.9901785714285715
5,16,semiregular,2,707,681,26,641,66,40,0.9066478076379066,0.9412628487518355,1.038179148311307,0.9236311239193082
5,16,irregular,2,219,272,53,196,23,76,0.8949771689497716,0.7205882352941176,0.8051470588235294,0.7983706720977597
5,16,regular,3,1121,1109,12,1108,13,1,0.9884032114183765,0.9990982867448152,1.0108205590622181,0.9937219730941705
5,16,semiregular,3,643,681,38,591,52,90,0.9191290824261276,0.8678414096916299,0.9441997063142438,0.8927492447129909
5,16,irregular,3,17,272,255,3,14,269,0.17647058823529413,0.011029411764705883,0.0625,0.020761245674740487
5,17,regular,1,1027,1029,2,1021,6,8,0.994157740993184,0.9922254616132167,0.9980563654033042,0.9931906614785992
5,17,semiregular,1,871,837,34,764,107,73,0.8771526980482205,0.9127837514934289,1.0406212664277181,0.8946135831381733
5,17,irregular,1,108,240,132,92,16,148,0.8518518518518519,0.38333333333333336,0.45,0.5287356321839081
5,17,regular,2,1045,1029,16,1029,16,0,0.9846889952153111,1.0,1.0155490767735667,0.9922854387656702
5,17,semiregular,2,861,837,24,791,70,46,0.9186991869918699,0.945041816009558,1.028673835125448,0.9316843345111897
5,17,irregular,2,230,240,10,184,46,56,0.8,0.7666666666666667,0.9583333333333334,0.7829787234042553
5,17,regular,3,1046,1029,17,1029,17,0,0.9837476099426387,1.0,1.0165208940719144,0.9918072289156626
5,17,semiregular,3,794,837,43,755,39,82,0.9508816120906801,0.9020310633213859,0.948626045400239,0.9258123850398529
5,17,irregular,3,21,240,219,2,19,238,0.09523809523809523,0.008333333333333333,0.0875,0.01532567049808429
5,18,regular,1,1063,1044,19,1042,21,2,0.980244590780809,0.9980842911877394,1.0181992337164751,0.9890840056953013
5,18,semiregular,1,877,801,76,776,101,25,0.8848346636259977,0.968789013732834,1.0948813982521848,0.9249106078665078
5,18,irregular,1,114,252,138,99,15,153,0.868421052631579,0.39285714285714285,0.4523809523809524,0.5409836065573771
5,18,regular,2,1057,1044,13,1043,14,1,0.9867549668874173,0.9990421455938697,1.0124521072796935,0.9928605425987626
5,18,semiregular,2,837,801,36,775,62,26,0.9259259259259259,0.9675405742821473,1.0449438202247192,0.9462759462759462
5,18,irregular,2,232,252,20,209,23,43,0.9008620689655172,0.8293650793650794,0.9206349206349206,0.8636363636363636
5,18,regular,3,1049,1044,5,1041,8,3,0.9923736892278361,0.9971264367816092,1.0047892720306513,0.9947443860487339
5,18,semiregular,3,772,801,29,738,34,63,0.9559585492227979,0.9213483146067416,0.9637952559300874,0.9383343928798474
5,18,irregular,3,17,252,235,5,12,247,0.29411764705882354,0.01984126984126984,0.06746031746031746,0.03717472118959108
5,19,regular,1,1084,1076,8,1074,10,2,0.9907749077490775,0.9981412639405205,1.0074349442379182,0.9944444444444445
5,19,semiregular,1,776,753,23,702,74,51,0.904639175257732,0.9322709163346613,1.0305444887118194,0.9182472204054938
5,19,irregular,1,129,245,116,110,19,135,0.8527131782945736,0.4489795918367347,0.5265306122448979,0.5882352941176471
5,19,regular,2,1079,1076,3,1072,7,4,0.9935125115848007,0.9962825278810409,1.0027881040892193,0.9948955916473317
5,19,semiregular,2,762,753,9,715,47,38,0.9383202099737533,0.949535192563081,1.0119521912350598,0.9438943894389439
5,19,irregular,2,240,245,5,211,29,34,0.8791666666666667,0.8612244897959184,0.9795918367346939,0.8701030927835052
5,19,regular,3,1078,1076,2,1071,7,5,0.9935064935064936,0.9953531598513011,1.0018587360594795,0.9944289693593314
5,19,semiregular,3,691,753,62,655,36,98,0.9479015918958031,0.8698539176626826,0.9176626826029216,0.907202216066482
5,19,irregular,3,15,245,230,6,9,239,0.4,0.024489795918367346,0.061224489795918366,0.04615384615384615
5,20,regular,1,1204,1251,47,1196,8,55,0.9933554817275747,0.95603517186251,0.9624300559552358,0.9743380855397149
5,20,semiregular,1,909,841,68,772,137,69,0.8492849284928493,0.9179548156956004,1.0808561236623069,0.8822857142857142
5,20,irregular,1,123,252,129,98,25,154,0.7967479674796748,0.3888888888888889,0.4880952380952381,0.5226666666666666
5,20,regular,2,1206,1251,45,1196,10,55,0.9917081260364843,0.95603517186251,0.9640287769784173,0.9735449735449735
5,20,semiregular,2,832,841,9,752,80,89,0.9038461538461539,0.8941736028537456,0.9892984542211652,0.8989838613269576
5,20,irregular,2,223,252,29,197,26,55,0.8834080717488789,0.7817460317460317,0.8849206349206349,0.8294736842105264
5,20,regular,3,1177,1251,74,1169,8,82,0.9932030586236194,0.9344524380495604,0.9408473221422862,0.9629324546952225
5,20,semiregular,3,798,841,43,732,66,109,0.9172932330827067,0.8703923900118906,0.9488703923900119,0.8932275777913361
5,20,irregular,3,17,252,235,5,12,247,0.29411764705882354,0.01984126984126984,0.06746031746031746,0.03717472118959108
5,21,regular,1,956,920,36,920,36,0,0.9623430962343096,1.0,1.0391304347826087,0.9808102345415778
5,21,semiregular,1,695,549,146,520,175,29,0.7482014388489209,0.9471766848816029,1.2659380692167577,0.8360128617363344
5,21,irregular,1,154,204,50,131,23,73,0.8506493506493507,0.6421568627450981,0.7549019607843137,0.7318435754189945
5,21,regular,2,929,920,9,920,9,0,0.9903121636167922,1.0,1.0097826086956523,0.9951325040562466
5,21,semiregular,2,634,549,85,528,106,21,0.832807570977918,0.9617486338797814,1.1548269581056467,0.8926458157227388
5,21,irregular,2,193,204,11,175,18,29,0.9067357512953368,0.8578431372549019,0.946078431372549,0.8816120906801007
5,21,regular,3,928,920,8,920,8,0,0.9913793103448276,1.0,1.008695652173913,0.9956709956709957
5,21,semiregular,3,599,549,50,515,84,34,0.8597662771285476,0.9380692167577414,1.0910746812386156,0.897212543554007
5,21,irregular,3,17,204,187,3,14,201,0.17647058823529413,0.014705882352941176,0.08333333333333333,0.027149321266968326
5,22,regular,1,1012,946,66,946,66,0,0.9347826086956522,1.0,1.069767441860465,0.9662921348314606
5,22,semiregular,1,813,703,110,683,130,20,0.8400984009840098,0.9715504978662873,1.1564722617354197,0.9010554089709761
5,22,irregular,1,104,247,143,85,19,162,0.8173076923076923,0.3441295546558704,0.42105263157894735,0.48433048433048426
5,22,regular,2,955,946,9,932,23,14,0.9759162303664921,0.985200845665962,1.0095137420718816,0.9805365597054183
5,22,semiregular,2,746,703,43,675,71,28,0.9048257372654156,0.9601706970128022,1.0611664295874823,0.9316770186335402
5,22,irregular,2,187,247,60,168,19,79,0.8983957219251337,0.680161943319838,0.757085020242915,0.7741935483870969
5,22,regular,3,968,946,22,945,23,1,0.9762396694214877,0.9989429175475687,1.0232558139534884,0.9874608150470221
5,22,semiregular,3,692,703,11,640,52,63,0.9248554913294798,0.9103840682788051,0.984352773826458,0.9175627240143369
5,22,irregular,3,18,247,229,4,14,243,0.2222222222222222,0.016194331983805668,0.0728744939271255,0.03018867924528302
5,23,regular,1,1048,999,49,997,51,2,0.9513358778625954,0.997997997997998,1.049049049049049,0.9741084513922814
5,23,semiregular,1,871,835,36,745,126,90,0.8553386911595867,0.8922155688622755,1.0431137724550898,0.8733880422039859
5,23,irregular,1,13,266,253,1,12,265,0.07692307692307693,0.0037593984962406013,0.04887218045112782,0.007168458781362006
5,23,regular,2,1038,999,39,992,46,7,0.9556840077071291,0.992992992992993,1.039039039039039,0.9739813451153657
5,23,semiregular,2,852,835,17,786,66,49,0.9225352112676056,0.9413173652694611,1.0203592814371258,0.9318316538233552
5,23,irregular,2,2,266,264,0,2,266,-1,-1,0.007518796992481203,-1
5,23,regular,3,1049,999,50,999,50,0,0.9523355576739753,1.0,1.05005005005005,0.9755859375000001
5,23,semiregular,3,818,835,17,758,60,77,0.9266503667481663,0.9077844311377246,0.9796407185628743,0.9171203871748337
5,23,irregular,3,30,266,236,6,24,260,0.2,0.022556390977443608,0.11278195488721804,0.04054054054054054
5,24,regular,1,1096,1079,17,1078,18,1,0.9835766423357665,0.9990732159406858,1.015755329008341,0.991264367816092
5,24,semiregular,1,659,680,21,590,69,90,0.8952959028831563,0.8676470588235294,0.9691176470588235,0.8812546676624347
5,24,irregular,1,110,247,137,96,14,151,0.8727272727272727,0.38866396761133604,0.44534412955465585,0.5378151260504201
5,24,regular,2,1083,1079,4,1071,12,8,0.9889196675900277,0.9925857275254866,1.0037071362372567,0.9907493061979648
5,24,semiregular,2,664,680,16,628,36,52,0.9457831325301205,0.9235294117647059,0.9764705882352941,0.9345238095238095
5,24,irregular,2,209,247,38,196,13,51,0.937799043062201,0.7935222672064778,0.8461538461538461,0.8596491228070177
5,24,regular,3,1078,1079,1,1068,10,11,0.9907235621521335,0.989805375347544,0.9990732159406858,0.9902642559109874
5,24,semiregular,3,659,680,21,628,31,52,0.952959028831563,0.9235294117647059,0.9691176470588235,0.9380134428678119
5,24,irregular,3,22,247,225,6,16,241,0.2727272727272727,0.024291497975708502,0.08906882591093117,0.04460966542750929
5,25,regular,1,957,946,11,946,11,0,0.9885057471264368,1.0,1.0116279069767442,0.9942196531791908
5,25,semiregular,1,762,718,44,658,104,60,0.863517060367454,0.9164345403899722,1.0612813370473537,0.8891891891891892
5,25,irregular,1,143,207,64,103,40,104,0.7202797202797203,0.4975845410628019,0.6908212560386473,0.5885714285714285
5,25,regular,2,938,946,8,933,5,13,0.9946695095948828,0.9862579281183932,0.9915433403805497,0.9904458598726115
5,25,semiregular,2,745,718,27,681,64,37,0.9140939597315436,0.9484679665738162,1.0376044568245126,0.9309637730690361
5,25,irregular,2,163,207,44,141,22,66,0.8650306748466258,0.6811594202898551,0.7874396135265701,0.7621621621621621
5,25,regular,3,955,946,9,946,9,0,0.9905759162303664,1.0,1.0095137420718816,0.9952656496580746
5,25,semiregular,3,619,718,99,576,43,142,0.9305331179321487,0.8022284122562674,0.862116991643454,0.8616305160807779
5,25,irregular,3,29,207,178,3,26,204,0.10344827586206896,0.014492753623188406,0.14009661835748793,0.025423728813559324
5,26,regular,1,1120,985,135,985,135,0,0.8794642857142857,1.0,1.1370558375634519,0.9358669833729216
5,26,semiregular,1,842,720,122,698,144,22,0.828978622327791,0.9694444444444444,1.1694444444444445,0.8937259923175416
5,26,irregular,1,207,214,7,145,62,69,0.7004830917874396,0.677570093457944,0.9672897196261683,0.6888361045130642
5,26,regular,2,1095,985,110,985,110,0,0.8995433789954338,1.0,1.1116751269035532,0.9471153846153847
5,26,semiregular,2,774,720,54,686,88,34,0.8863049095607235,0.9527777777777777,1.075,0.9183400267737617
5,26,irregular,2,174,214,40,137,37,77,0.7873563218390804,0.6401869158878505,0.8130841121495327,0.7061855670103092
5,26,regular,3,1125,985,140,985,140,0,0.8755555555555555,1.0,1.1421319796954315,0.933649289099526
5,26,semiregular,3,723,720,3,668,55,52,0.9239280774550485,0.9277777777777778,1.0041666666666667,0.9258489258489259
5,26,irregular,3,20,214,194,3,17,211,0.15,0.014018691588785047,0.09345794392523364,0.025641025641025644
5,27,regular,1,1149,1166,17,1140,9,26,0.9921671018276762,0.9777015437392796,0.9854202401372213,0.9848812095032398
5,27,semiregular,1,671,728,57,587,84,141,0.8748137108792846,0.8063186813186813,0.9217032967032966,0.8391708363116511
5,27,irregular,1,87,270,183,68,19,202,0.7816091954022989,0.2518518518518518,0.32222222222222224,0.3809523809523809
5,27,regular,2,1156,1166,10,1147,9,19,0.9922145328719724,0.983704974271012,0.9914236706689536,0.9879414298018949
5,27,semiregular,2,751,728,23,691,60,37,0.9201065246338216,0.9491758241758241,1.0315934065934067,0.9344151453684921
5,27,irregular,2,240,270,30,215,25,55,0.8958333333333334,0.7962962962962963,0.8888888888888888,0.8431372549019608
5,27,regular,3,1173,1166,7,1165,8,1,0.9931798806479113,0.9991423670668954,1.0060034305317325,0.9961522017956392
5,27,semiregular,3,681,728,47,641,40,87,0.9412628487518355,0.8804945054945055,0.9354395604395604,0.9098651525904896
5,27,irregular,3,27,270,243,2,25,268,0.07407407407407407,0.007407407407407408,0.1,0.01346801346801347
5,28,regular,1,1093,1098,5,1075,18,23,0.9835315645013724,0.9790528233151184,0.9954462659380692,0.9812870835235052
5,28,semiregular,1,919,859,60,804,115,55,0.8748639825897715,0.9359720605355064,1.069848661233993,0.9043869516310462
5,28,irregular,1,102,293,191,71,31,222,0.696078431372549,0.24232081911262798,0.34812286689419797,0.3594936708860759
5,28,regular,2,1119,1098,21,1098,21,0,0.9812332439678284,1.0,1.0191256830601092,0.9905277401894452
5,28,semiregular,2,853,859,6,795,58,64,0.9320046893317703,0.9254947613504074,0.9930151338766007,0.9287383177570094
5,28,irregular,2,218,293,75,188,30,105,0.8623853211009175,0.6416382252559727,0.7440273037542662,0.735812133072407
5,28,regular,3,1116,1098,18,1097,19,1,0.9829749103942652,0.9990892531876139,1.0163934426229508,0.99096657633243
5,28,semiregular,3,796,859,63,758,38,101,0.9522613065326633,0.8824214202561118,0.9266589057043073,0.9160120845921451
5,28,irregular,3,32,293,261,2,30,291,0.0625,0.006825938566552901,0.10921501706484642,0.012307692307692308
5,29,regular,1,1153,1140,13,1139,14,1,0.9878577623590633,0.9991228070175439,1.0114035087719297,0.9934583515045791
5,29,semiregular,1,1018,869,149,848,170,21,0.8330058939096268,0.9758342922899885,1.1714614499424627,0.8987811340752518
5,29,irregular,1,138,247,109,120,18,127,0.8695652173913043,0.48582995951417,0.5587044534412956,0.6233766233766233
5,29,regular,2,1141,1140,1,1134,7,6,0.9938650306748467,0.9947368421052631,1.000877192982456,0.9943007452871547
5,29,semiregular,2,1011,869,142,855,156,14,0.8456973293768546,0.9838895281933256,1.1634062140391255,0.9095744680851064
5,29,irregular,2,233,247,14,209,24,38,0.8969957081545065,0.8461538461538461,0.9433198380566802,0.8708333333333333
5,29,regular,3,1136,1140,4,1131,5,9,0.9955985915492958,0.9921052631578947,0.9964912280701754,0.9938488576449912
5,29,semiregular,3,887,869,18,803,84,66,0.9052987598647125,0.9240506329113924,1.0207134637514383,0.9145785876993167
5,29,irregular,3,21,247,226,7,14,240,0.3333333333333333,0.02834008097165992,0.08502024291497975,0.05223880597014925
5,30,regular,1,989,997,8,984,5,13,0.9949443882709808,0.9869608826479438,0.9919759277833501,0.9909365558912386
5,30,semiregular,1,833,810,23,751,82,59,0.9015606242496998,0.9271604938271605,1.028395061728395,0.9141813755325624
5,30,irregular,1,159,250,91,116,43,134,0.7295597484276729,0.464,0.636,0.567237163814181
5,30,regular,2,979,997,18,974,5,23,0.9948927477017364,0.9769307923771314,0.9819458375125376,0.98582995951417
5,30,semiregular,2,838,810,28,772,66,38,0.9212410501193318,0.9530864197530864,1.0345679012345679,0.9368932038834951
5,30,irregular,2,208,250,42,188,20,62,0.9038461538461539,0.752,0.832,0.8209606986899562
5,30,regular,3,1007,997,10,997,10,0,0.9900695134061569,1.0,1.0100300902708124,0.9950099800399202
5,30,semiregular,3,779,810,31,733,46,77,0.9409499358151476,0.9049382716049382,0.9617283950617284,0.922592825676526
5,30,irregular,3,35,250,215,5,30,245,0.14285714285714285,0.02,0.14,0.03508771929824562
