Test fold number,Subject,Gait,Sensor,Predicted,Actual,Difference,TP,FP,FN,PPV,Sensitivity,RCA,SDA
1,1,regular,1,1080,937,143,937,143,0,0.8675925925925926,1.0,1.152614727854856,0.9291026276648489
1,1,semiregular,1,813,703,110,660,153,43,0.8118081180811808,0.9388335704125178,1.1564722617354197,0.870712401055409
1,1,irregular,1,77,199,122,61,16,138,0.7922077922077922,0.3065326633165829,0.3869346733668342,0.44202898550724634
1,1,regular,2,1085,937,148,937,148,0,0.8635944700460829,1.0,1.1579509071504803,0.9268051434223541
1,1,semiregular,2,826,703,123,679,147,24,0.8220338983050848,0.9658605974395448,1.1749644381223328,0.8881621975147156
1,1,irregular,2,16,199,183,2,14,197,0.125,0.010050251256281407,0.08040201005025126,0.0186046511627907
1,1,regular,3,1075,937,138,937,138,0,0.8716279069767442,1.0,1.1472785485592316,0.9314115308151094
1,1,semiregular,3,787,703,84,667,120,36,0.8475222363405337,0.9487908961593172,1.1194879089615932,0.8953020134228188
1,1,irregular,3,154,199,45,148,6,51,0.961038961038961,0.7437185929648241,0.7738693467336684,0.8385269121813032
1,2,regular,1,1235,1224,11,1216,19,8,0.9846153846153847,0.9934640522875817,1.0089869281045751,0.989019926799512
1,2,semiregular,1,588,647,59,554,34,93,0.9421768707482994,0.8562596599690881,0.9088098918083463,0.8971659919028341
1,2,irregular,1,59,217,158,41,18,176,0.6949152542372882,0.1889400921658986,0.271889400921659,0.2971014492753623
1,2,regular,2,1241,1224,17,1219,22,5,0.9822723609991942,0.9959150326797386,1.0138888888888888,0.9890466531440163
1,2,semiregular,2,620,647,27,585,35,62,0.9435483870967742,0.9041731066460588,0.9582689335394127,0.9234411996842936
1,2,irregular,2,21,217,196,3,18,214,0.14285714285714285,0.013824884792626729,0.0967741935483871,0.02521008403361345
1,2,regular,3,1249,1224,25,1220,29,4,0.9767814251401121,0.9967320261437909,1.0204248366013071,0.9866558835422564
1,2,semiregular,3,669,647,22,629,40,18,0.9402092675635276,0.9721792890262752,1.0340030911901081,0.9559270516717326
1,2,irregular,3,174,217,43,172,2,45,0.9885057471264368,0.7926267281105991,0.8018433179723502,0.8797953964194374
1,3,regular,1,1042,1053,11,1040,2,13,0.9980806142034548,0.9876543209876543,0.9895536562203229,0.9928400954653938
1,3,semiregular,1,731,716,15,657,74,59,0.8987688098495212,0.9175977653631285,1.020949720670391,0.9080856945404284
1,3,irregular,1,107,224,117,90,17,134,0.8411214953271028,0.4017857142857143,0.47767857142857145,0.5438066465256798
1,3,regular,2,1047,1053,6,1043,4,10,0.9961795606494747,0.9905033238366572,0.9943019943019943,0.9933333333333333
1,3,semiregular,2,737,716,21,660,77,56,0.8955223880597015,0.9217877094972067,1.0293296089385475,0.9084652443220921
1,3,irregular,2,21,224,203,4,17,220,0.19047619047619047,0.017857142857142856,0.09375,0.03265306122448979
1,3,regular,3,1055,1053,2,1048,7,5,0.9933649289099526,0.9952516619183286,1.0018993352326686,0.9943074003795066
1,3,semiregular,3,723,716,7,665,58,51,0.9197786998616874,0.9287709497206704,1.0097765363128492,0.9242529534398888
1,3,irregular,3,168,224,56,163,5,61,0.9702380952380952,0.7276785714285714,0.75,0.8316326530612246
1,4,regular,1,1177,1101,76,1101,76,0,0.935429056924384,1.0,1.0690281562216166,0.9666374012291484
1,4,semiregular,1,708,614,94,563,145,51,0.7951977401129944,0.9169381107491856,1.1530944625407167,0.8517397881996974
1,4,irregular,1,59,228,169,41,18,187,0.6949152542372882,0.17982456140350878,0.25877192982456143,0.2857142857142857
1,4,regular,2,1183,1101,82,1101,82,0,0.9306846999154691,1.0,1.0744777475022707,0.9640980735551664
1,4,semiregular,2,661,614,47,567,94,47,0.8577912254160364,0.9234527687296417,1.0765472312703583,0.8894117647058823
1,4,irregular,2,22,228,206,6,16,222,0.2727272727272727,0.02631578947368421,0.09649122807017543,0.048
1,4,regular,3,1179,1101,78,1101,78,0,0.9338422391857506,1.0,1.0708446866485013,0.9657894736842105
1,4,semiregular,3,698,614,84,596,102,18,0.8538681948424068,0.9706840390879479,1.1368078175895766,0.9085365853658536
1,4,irregular,3,171,228,57,166,5,62,0.9707602339181286,0.7280701754385965,0.75,0.8320802005012532
1,5,regular,1,1100,1044,56,1044,56,0,0.9490909090909091,1.0,1.053639846743295,0.9738805970149254
1,5,semiregular,1,785,668,117,632,153,36,0.8050955414012739,0.9461077844311377,1.1751497005988023,0.8699242945629733
1,5,irregular,1,94,217,123,77,17,140,0.8191489361702128,0.3548387096774194,0.43317972350230416,0.49517684887459806
1,5,regular,2,1106,1044,62,1044,62,0,0.9439421338155516,1.0,1.0593869731800767,0.9711627906976744
1,5,semiregular,2,808,668,140,659,149,9,0.8155940594059405,0.9865269461077845,1.2095808383233533,0.8929539295392954
1,5,irregular,2,25,217,192,6,19,211,0.24,0.027649769585253458,0.1152073732718894,0.049586776859504134
1,5,regular,3,1105,1044,61,1044,61,0,0.9447963800904977,1.0,1.0584291187739463,0.9716147045137273
1,5,semiregular,3,796,668,128,652,144,16,0.8190954773869347,0.9760479041916168,1.1916167664670658,0.8907103825136613
1,5,irregular,3,162,217,55,156,6,61,0.9629629629629629,0.7188940092165899,0.7465437788018433,0.8232189973614776
1,6,regular,1,1034,915,119,915,119,0,0.8849129593810445,1.0,1.1300546448087432,0.9389430477167778
1,6,semiregular,1,723,701,22,646,77,55,0.8934993084370678,0.9215406562054208,1.0313837375178316,0.9073033707865168
1,6,irregular,1,84,195,111,51,33,144,0.6071428571428571,0.26153846153846155,0.4307692307692308,0.3655913978494623
1,6,regular,2,1040,915,125,915,125,0,0.8798076923076923,1.0,1.1366120218579234,0.9360613810741688
1,6,semiregular,2,772,701,71,677,95,24,0.8769430051813472,0.9657631954350927,1.101283880171184,0.9192124915139172
1,6,irregular,2,24,195,171,5,19,190,0.20833333333333334,0.02564102564102564,0.12307692307692308,0.045662100456621
1,6,regular,3,1033,915,118,915,118,0,0.8857696030977735,1.0,1.1289617486338799,0.9394250513347023
1,6,semiregular,3,767,701,66,672,95,29,0.8761408083441982,0.9586305278174037,1.094151212553495,0.9155313351498637
1,6,irregular,3,164,195,31,155,9,40,0.9451219512195121,0.7948717948717948,0.841025641025641,0.863509749303621
1,7,regular,1,1307,1230,77,1230,77,0,0.9410864575363428,1.0,1.06260162601626,0.9696491919590067
1,7,semiregular,1,832,761,71,687,145,74,0.8257211538461539,0.9027595269382391,1.0932982917214191,0.8625235404896421
1,7,irregular,1,30,225,195,8,22,217,0.26666666666666666,0.035555555555555556,0.13333333333333333,0.06274509803921569
1,7,regular,2,1313,1230,83,1229,84,1,0.9360243716679361,0.9991869918699187,1.0674796747967479,0.9665749115218246
1,7,semiregular,2,785,761,24,680,105,81,0.8662420382165605,0.8935611038107752,1.0315374507227333,0.8796895213454075
1,7,irregular,2,30,225,195,8,22,217,0.26666666666666666,0.035555555555555556,0.13333333333333333,0.06274509803921569
1,7,regular,3,1309,1230,79,1230,79,0,0.9396485867074102,1.0,1.0642276422764227,0.968885387948011
1,7,semiregular,3,832,761,71,723,109,38,0.8689903846153846,0.9500657030223391,1.0932982917214191,0.9077212806026366
1,7,irregular,3,173,225,52,169,4,56,0.976878612716763,0.7511111111111111,0.7688888888888888,0.8492462311557789
1,8,regular,1,1078,1035,43,1034,44,1,0.9591836734693877,0.9990338164251208,1.0415458937198068,0.9787032654992902
1,8,semiregular,1,862,827,35,754,108,73,0.8747099767981439,0.9117291414752116,1.0423216444981862,0.8928359976317348
1,8,irregular,1,99,243,144,73,26,170,0.7373737373737373,0.3004115226337449,0.4074074074074074,0.42690058479532167
1,8,regular,2,1083,1035,48,1034,49,1,0.9547553093259464,0.9990338164251208,1.046376811594203,0.9763928234183191
1,8,semiregular,2,863,827,36,775,88,52,0.8980301274623407,0.9371221281741233,1.0435308343409915,0.9171597633136095
1,8,irregular,2,35,243,208,2,33,241,0.05714285714285714,0.00823045267489712,0.1440329218106996,0.014388489208633094
1,8,regular,3,1086,1035,51,1034,52,1,0.9521178637200737,0.9990338164251208,1.0492753623188407,0.975011786892975
1,8,semiregular,3,889,827,62,790,99,37,0.8886389201349831,0.9552599758162031,1.0749697702539298,0.9207459207459208
1,8,irregular,3,171,243,72,167,4,76,0.9766081871345029,0.6872427983539094,0.7037037037037037,0.8067632850241546
1,9,regular,1,1095,1107,12,1089,6,18,0.9945205479452055,0.983739837398374,0.989159891598916,0.9891008174386922
1,9,semiregular,1,640,701,61,599,41,102,0.9359375,0.854493580599144,0.912981455064194,0.8933631618195376
1,9,irregular,1,99,266,167,74,25,192,0.7474747474747475,0.2781954887218045,0.37218045112781956,0.4054794520547945
1,9,regular,2,1101,1107,6,1095,6,12,0.9945504087193461,0.989159891598916,0.994579945799458,0.9918478260869565
1,9,semiregular,2,623,701,78,585,38,116,0.9390048154093098,0.8345221112696148,0.8887303851640513,0.8836858006042296
1,9,irregular,2,27,266,239,2,25,264,0.07407407407407407,0.007518796992481203,0.10150375939849623,0.013651877133105802
1,9,regular,3,1108,1107,1,1102,6,5,0.9945848375451264,0.995483288166215,1.000903342366757,0.9950338600451468
1,9,semiregular,3,683,701,18,649,34,52,0.9502196193265008,0.9258202567760342,0.9743223965763196,0.9378612716763006
1,9,irregular,3,192,266,74,186,6,80,0.96875,0.6992481203007519,0.7218045112781954,0.8122270742358079
1,10,regular,1,1185,1014,171,1014,171,0,0.8556962025316456,1.0,1.168639053254438,0.9222373806275579
1,10,semiregular,1,697,656,41,623,74,33,0.8938307030129125,0.9496951219512195,1.0625,0.9209164818920916
1,10,irregular,1,98,247,149,85,13,162,0.8673469387755102,0.3441295546558704,0.3967611336032389,0.4927536231884057
1,10,regular,2,1191,1014,177,1014,177,0,0.8513853904282116,1.0,1.1745562130177514,0.9197278911564626
1,10,semiregular,2,673,656,17,615,58,41,0.9138187221396731,0.9375,1.0259146341463414,0.9255079006772009
1,10,irregular,2,24,247,223,5,19,242,0.20833333333333334,0.020242914979757085,0.09716599190283401,0.03690036900369004
1,10,regular,3,1159,1014,145,1014,145,0,0.8748921484037964,1.0,1.1429980276134122,0.9332719742291763
1,10,semiregular,3,686,656,30,630,56,26,0.9183673469387755,0.9603658536585366,1.045731707317073,0.9388971684053651
1,10,irregular,3,177,247,70,169,8,78,0.9548022598870056,0.6842105263157895,0.7165991902834008,0.7971698113207548
1,11,regular,1,1133,1070,63,1070,63,0,0.9443954104148279,1.0,1.0588785046728972,0.9714026327734906
1,11,semiregular,1,795,700,95,666,129,34,0.8377358490566038,0.9514285714285714,1.1357142857142857,0.890969899665552
1,11,irregular,1,91,239,148,76,15,163,0.8351648351648352,0.3179916317991632,0.3807531380753138,0.4606060606060606
1,11,regular,2,1139,1070,69,1070,69,0,0.9394205443371378,1.0,1.0644859813084113,0.9687641466727026
1,11,semiregular,2,748,700,48,660,88,40,0.8823529411764706,0.9428571428571428,1.0685714285714285,0.9116022099447513
1,11,irregular,2,23,239,216,3,20,236,0.13043478260869565,0.012552301255230125,0.09623430962343096,0.022900763358778626
1,11,regular,3,1131,1070,61,1070,61,0,0.9460654288240495,1.0,1.0570093457943925,0.9722853248523399
1,11,semiregular,3,736,700,36,660,76,40,0.8967391304347826,0.9428571428571428,1.0514285714285714,0.9192200557103064
1,11,irregular,3,172,239,67,168,4,71,0.9767441860465116,0.702928870292887,0.7196652719665272,0.8175182481751824
1,12,regular,1,1116,1007,109,1007,109,0,0.9023297491039427,1.0,1.1082423038728897,0.9486575600565238
1,12,semiregular,1,774,641,133,619,155,22,0.7997416020671835,0.9656786271450858,1.2074882995319813,0.8749116607773851
1,12,irregular,1,131,204,73,109,22,95,0.8320610687022901,0.5343137254901961,0.6421568627450981,0.6507462686567165
1,12,regular,2,1122,1007,115,1007,115,0,0.8975044563279857,1.0,1.1142005958291956,0.9459840300610615
1,12,semiregular,2,718,641,77,596,122,45,0.83008356545961,0.9297971918876755,1.1201248049921997,0.8771155261221485
1,12,irregular,2,24,204,180,4,20,200,0.16666666666666666,0.0196078431372549,0.11764705882352941,0.03508771929824561
1,12,regular,3,1114,1007,107,1007,107,0,0.9039497307001796,1.0,1.106256206554121,0.9495520980669496
1,12,semiregular,3,730,641,89,616,114,25,0.8438356164383561,0.9609984399375975,1.138845553822153,0.898614150255288
1,12,irregular,3,180,204,24,175,5,29,0.9722222222222222,0.8578431372549019,0.8823529411764706,0.9114583333333333
1,13,regular,1,1092,1000,92,1000,92,0,0.9157509157509157,1.0,1.092,0.9560229445506693
1,13,semiregular,1,894,815,79,794,100,21,0.8881431767337807,0.9742331288343559,1.0969325153374234,0.9291983616149796
1,13,irregular,1,117,216,99,89,28,127,0.7606837606837606,0.41203703703703703,0.5416666666666666,0.5345345345345346
1,13,regular,2,1098,1000,98,1000,98,0,0.9107468123861566,1.0,1.098,0.9532888465204957
1,13,semiregular,2,861,815,46,785,76,30,0.9117305458768873,0.9631901840490797,1.056441717791411,0.9367541766109785
1,13,irregular,2,34,216,182,6,28,210,0.17647058823529413,0.027777777777777776,0.1574074074074074,0.048
1,13,regular,3,1089,1000,89,1000,89,0,0.9182736455463728,1.0,1.089,0.9573958831977022
1,13,semiregular,3,858,815,43,789,69,26,0.9195804195804196,0.9680981595092024,1.052760736196319,0.9432157800358637
1,13,irregular,3,181,216,35,177,4,39,0.9779005524861878,0.8194444444444444,0.8379629629629629,0.8916876574307305
1,14,regular,1,1062,1052,10,1052,10,0,0.9905838041431262,1.0,1.0095057034220531,0.9952696310312203
1,14,semiregular,1,925,913,12,850,75,63,0.918918918918919,0.9309967141292442,1.013143483023001,0.9249183895538629
1,14,irregular,1,83,217,134,69,14,148,0.8313253012048193,0.31797235023041476,0.3824884792626728,0.46
1,14,regular,2,1068,1052,16,1052,16,0,0.9850187265917603,1.0,1.015209125475285,0.9924528301886792
1,14,semiregular,2,951,913,38,871,80,42,0.9158780231335436,0.9539978094194962,1.0416210295728368,0.9345493562231759
1,14,irregular,2,23,217,194,0,23,217,-1,-1,0.10599078341013825,-1
1,14,regular,3,1075,1052,23,1052,23,0,0.9786046511627907,1.0,1.0218631178707225,0.9891866478608369
1,14,semiregular,3,965,913,52,881,84,32,0.9129533678756476,0.9649507119386638,1.0569550930996714,0.9382321618743343
1,14,irregular,3,163,217,54,162,1,55,0.9938650306748467,0.7465437788018433,0.7511520737327189,0.8526315789473684
1,15,regular,1,995,964,31,964,31,0,0.9688442211055276,1.0,1.0321576763485478,0.9841755997958143
1,15,semiregular,1,839,774,65,749,90,25,0.8927294398092968,0.9677002583979328,1.0839793281653747,0.9287042777433353
1,15,irregular,1,118,218,100,105,13,113,0.8898305084745762,0.481651376146789,0.5412844036697247,0.625
1,15,regular,2,1000,964,36,964,36,0,0.964,1.0,1.037344398340249,0.9816700610997963
1,15,semiregular,2,820,774,46,747,73,27,0.9109756097560976,0.9651162790697675,1.0594315245478036,0.9372647427854455
1,15,irregular,2,25,218,193,3,22,215,0.12,0.013761467889908258,0.11467889908256881,0.02469135802469136
1,15,regular,3,1001,964,37,964,37,0,0.9630369630369631,1.0,1.0383817427385893,0.9811704834605598
1,15,semiregular,3,792,774,18,730,62,44,0.9217171717171717,0.9431524547803618,1.0232558139534884,0.9323116219667944
1,15,irregular,3,172,218,46,169,3,49,0.9825581395348837,0.7752293577981652,0.7889908256880734,0.8666666666666666
1,16,regular,1,1189,1109,80,1109,80,0,0.9327165685449958,1.0,1.0721370604147882,0.9651871192341166
1,16,semiregular,1,754,681,73,631,123,50,0.8368700265251989,0.9265785609397944,1.1071953010279,0.8794425087108013
1,16,irregular,1,53,272,219,28,25,244,0.5283018867924528,0.10294117647058823,0.1948529411764706,0.1723076923076923
1,16,regular,2,1195,1109,86,1109,86,0,0.9280334728033472,1.0,1.0775473399458972,0.962673611111111
1,16,semiregular,2,703,681,22,628,75,53,0.8933143669985776,0.922173274596182,1.0323054331864905,0.9075144508670521
1,16,irregular,2,23,272,249,8,15,264,0.34782608695652173,0.029411764705882353,0.08455882352941177,0.05423728813559322
1,16,regular,3,1187,1109,78,1109,78,0,0.9342881213142376,1.0,1.0703336339044185,0.9660278745644599
1,16,semiregular,3,698,681,17,631,67,50,0.9040114613180515,0.9265785609397944,1.0249632892804699,0.9151559100797679
1,16,irregular,3,173,272,99,170,3,102,0.9826589595375722,0.625,0.6360294117647058,0.7640449438202247
1,17,regular,1,1111,1029,82,1029,82,0,0.9261926192619262,1.0,1.0796890184645287,0.9616822429906543
1,17,semiregular,1,862,837,25,762,100,75,0.8839907192575406,0.910394265232975,1.0298685782556751,0.8969982342554443
1,17,irregular,1,79,240,161,57,22,183,0.7215189873417721,0.2375,0.32916666666666666,0.3573667711598746
1,17,regular,2,1117,1029,88,1029,88,0,0.9212175470008953,1.0,1.0855199222546161,0.9589934762348556
1,17,semiregular,2,885,837,48,803,82,34,0.9073446327683616,0.959378733572282,1.0573476702508962,0.9326364692218352
1,17,irregular,2,28,240,212,5,23,235,0.17857142857142858,0.020833333333333332,0.11666666666666667,0.03731343283582089
1,17,regular,3,1121,1029,92,1029,92,0,0.9179304192685103,1.0,1.0894071914480077,0.9572093023255814
1,17,semiregular,3,870,837,33,805,65,32,0.9252873563218391,0.961768219832736,1.039426523297491,0.9431751611013475
1,17,irregular,3,176,240,64,173,3,67,0.9829545454545454,0.7208333333333333,0.7333333333333333,0.8317307692307693
1,18,regular,1,1167,1044,123,1044,123,0,0.8946015424164524,1.0,1.117816091954023,0.9443690637720489
1,18,semiregular,1,840,801,39,757,83,44,0.9011904761904762,0.9450686641697877,1.048689138576779,0.92260816575259
1,18,irregular,1,84,252,168,64,20,188,0.7619047619047619,0.25396825396825395,0.3333333333333333,0.38095238095238093
1,18,regular,2,1173,1044,129,1044,129,0,0.8900255754475703,1.0,1.1235632183908046,0.9418132611637348
1,18,semiregular,2,854,801,53,782,72,19,0.9156908665105387,0.9762796504369539,1.066167290886392,0.9450151057401813
1,18,irregular,2,22,252,230,7,15,245,0.3181818181818182,0.027777777777777776,0.0873015873015873,0.051094890510948905
1,18,regular,3,1162,1044,118,1044,118,0,0.8984509466437177,1.0,1.1130268199233717,0.9465095194922938
1,18,semiregular,3,854,801,53,774,80,27,0.9063231850117096,0.9662921348314607,1.066167290886392,0.9353474320241693
1,18,irregular,3,189,252,63,180,9,72,0.9523809523809523,0.7142857142857143,0.75,0.8163265306122449
1,19,regular,1,1185,1076,109,1075,110,1,0.9071729957805907,0.9990706319702602,1.1013011152416357,0.9509066784608581
1,19,semiregular,1,775,753,22,696,79,57,0.8980645161290323,0.9243027888446215,1.0292164674634794,0.9109947643979058
1,19,irregular,1,114,245,131,96,18,149,0.8421052631578947,0.39183673469387753,0.46530612244897956,0.5348189415041782
1,19,regular,2,1192,1076,116,1075,117,1,0.9018456375838926,0.9990706319702602,1.1078066914498141,0.9479717813051146
1,19,semiregular,2,752,753,1,697,55,56,0.9268617021276596,0.9256308100929614,0.99867197875166,0.9262458471760798
1,19,irregular,2,20,245,225,5,15,240,0.25,0.02040816326530612,0.08163265306122448,0.037735849056603765
1,19,regular,3,1177,1076,101,1075,102,1,0.913338997451147,0.9990706319702602,1.0938661710037174,0.954283177984909
1,19,semiregular,3,734,753,19,680,54,73,0.9264305177111717,0.9030544488711819,0.9747675962815405,0.9145931405514459
1,19,irregular,3,165,245,80,160,5,85,0.9696969696969697,0.6530612244897959,0.673469387755102,0.7804878048780488
1,20,regular,1,1191,1251,60,1185,6,66,0.9949622166246851,0.947242206235012,0.9520383693045563,0.9705159705159705
1,20,semiregular,1,930,841,89,790,140,51,0.8494623655913979,0.93935790725327,1.1058263971462545,0.8921513269339357
1,20,irregular,1,96,252,156,71,25,181,0.7395833333333334,0.28174603174603174,0.38095238095238093,0.40804597701149425
1,20,regular,2,1197,1251,54,1192,5,59,0.9958228905597326,0.9528377298161471,0.9568345323741008,0.9738562091503267
1,20,semiregular,2,856,841,15,750,106,91,0.8761682242990654,0.89179548156956,1.0178359096313911,0.8839127872716559
1,20,irregular,2,22,252,230,4,18,248,0.18181818181818182,0.015873015873015872,0.0873015873015873,0.029197080291970802
1,20,regular,3,1201,1251,50,1195,6,56,0.9950041631973355,0.9552358113509193,0.9600319744204636,0.9747145187601958
1,20,semiregular,3,875,841,34,776,99,65,0.8868571428571429,0.9227110582639715,1.0404280618311534,0.9044289044289044
1,20,irregular,3,181,252,71,179,2,73,0.988950276243094,0.7103174603174603,0.7182539682539683,0.8267898383371826
1,21,regular,1,1013,920,93,920,93,0,0.9081934846989141,1.0,1.1010869565217392,0.9518882565959649
1,21,semiregular,1,682,549,133,513,169,36,0.7521994134897361,0.9344262295081968,1.2422586520947176,0.8334687246141348
1,21,irregular,1,106,204,98,94,12,110,0.8867924528301887,0.46078431372549017,0.5196078431372549,0.6064516129032258
1,21,regular,2,1019,920,99,920,99,0,0.9028459273797841,1.0,1.107608695652174,0.9489427539969055
1,21,semiregular,2,691,549,142,537,154,12,0.7771345875542692,0.9781420765027322,1.2586520947176685,0.8661290322580645
1,21,irregular,2,22,204,182,4,18,200,0.18181818181818182,0.0196078431372549,0.10784313725490197,0.03539823008849558
1,21,regular,3,1012,920,92,920,92,0,0.9090909090909091,1.0,1.1,0.9523809523809523
1,21,semiregular,3,703,549,154,539,164,10,0.7667140825035562,0.9817850637522769,1.2805100182149363,0.8610223642172524
1,21,irregular,3,174,204,30,169,5,35,0.9712643678160919,0.8284313725490197,0.8529411764705882,0.8941798941798942
1,22,regular,1,1056,946,110,946,110,0,0.8958333333333334,1.0,1.1162790697674418,0.945054945054945
1,22,semiregular,1,833,703,130,685,148,18,0.8223289315726291,0.9743954480796586,1.1849217638691323,0.8919270833333334
1,22,irregular,1,88,247,159,73,15,174,0.8295454545454546,0.29554655870445345,0.3562753036437247,0.4358208955223881
1,22,regular,2,1062,946,116,946,116,0,0.8907721280602636,1.0,1.1226215644820297,0.9422310756972111
1,22,semiregular,2,783,703,80,687,96,16,0.8773946360153256,0.9772403982930299,1.1137980085348507,0.9246298788694481
1,22,irregular,2,24,247,223,7,17,240,0.2916666666666667,0.02834008097165992,0.09716599190283401,0.05166051660516605
1,22,regular,3,1050,946,104,946,104,0,0.900952380952381,1.0,1.109936575052854,0.9478957915831663
1,22,semiregular,3,782,703,79,680,102,23,0.8695652173913043,0.9672830725462305,1.112375533428165,0.9158249158249159
1,22,irregular,3,181,247,66,176,5,71,0.9723756906077348,0.7125506072874493,0.7327935222672065,0.822429906542056
1,23,regular,1,1066,999,67,999,67,0,0.9371482176360225,1.0,1.067067067067067,0.9675544794188862
1,23,semiregular,1,934,835,99,766,168,69,0.8201284796573876,0.9173652694610779,1.118562874251497,0.8660260033917468
1,23,irregular,1,44,266,222,14,30,252,0.3181818181818182,0.05263157894736842,0.16541353383458646,0.09032258064516127
1,23,regular,2,1068,999,69,999,69,0,0.9353932584269663,1.0,1.0690690690690692,0.9666182873730043
1,23,semiregular,2,864,835,29,777,87,58,0.8993055555555556,0.9305389221556887,1.0347305389221557,0.9146556798116539
1,23,irregular,2,40,266,226,4,36,262,0.1,0.015037593984962405,0.15037593984962405,0.026143790849673203
1,23,regular,3,1075,999,76,999,76,0,0.9293023255813954,1.0,1.0760760760760761,0.9633558341369334
1,23,semiregular,3,917,835,82,813,104,22,0.8865866957470011,0.9736526946107784,1.0982035928143712,0.928082191780822
1,23,irregular,3,190,266,76,182,8,84,0.9578947368421052,0.6842105263157895,0.7142857142857143,0.7982456140350878
1,24,regular,1,1090,1079,11,1077,13,2,0.9880733944954129,0.9981464318813716,1.010194624652456,0.9930843706777317
1,24,semiregular,1,673,680,7,603,70,77,0.8959881129271917,0.8867647058823529,0.9897058823529412,0.8913525498891353
1,24,irregular,1,89,247,158,73,16,174,0.8202247191011236,0.29554655870445345,0.3603238866396761,0.43452380952380953
1,24,regular,2,1096,1079,17,1077,19,2,0.9826642335766423,0.9981464318813716,1.015755329008341,0.9903448275862069
1,24,semiregular,2,657,680,23,607,50,73,0.923896499238965,0.8926470588235295,0.9661764705882353,0.9080029917726253
1,24,irregular,2,29,247,218,5,24,242,0.1724137931034483,0.020242914979757085,0.11740890688259109,0.036231884057971016
1,24,regular,3,1099,1079,20,1079,20,0,0.9818016378525932,1.0,1.0185356811862836,0.9908172635445361
1,24,semiregular,3,667,680,13,625,42,55,0.9370314842578711,0.9191176470588235,0.9808823529411764,0.9279881217520415
1,24,irregular,3,197,247,50,193,4,54,0.9796954314720813,0.7813765182186235,0.7975708502024291,0.8693693693693694
1,25,regular,1,964,946,18,946,18,0,0.9813278008298755,1.0,1.0190274841437632,0.9905759162303664
1,25,semiregular,1,744,718,26,650,94,68,0.8736559139784946,0.9052924791086351,1.0362116991643453,0.8891928864569083
1,25,irregular,1,92,207,115,71,21,136,0.7717391304347826,0.34299516908212563,0.4444444444444444,0.47491638795986624
1,25,regular,2,969,946,23,946,23,0,0.9762641898864809,1.0,1.0243128964059196,0.9879895561357703
1,25,semiregular,2,779,718,61,689,90,29,0.8844672657252889,0.9596100278551533,1.084958217270195,0.9205076820307281
1,25,irregular,2,38,207,169,7,31,200,0.18421052631578946,0.033816425120772944,0.18357487922705315,0.057142857142857134
1,25,regular,3,976,946,30,946,30,0,0.9692622950819673,1.0,1.0317124735729386,0.9843912591050988
1,25,semiregular,3,731,718,13,655,76,63,0.896032831737346,0.9122562674094707,1.0181058495821727,0.904071773636991
1,25,irregular,3,97,207,110,93,4,114,0.9587628865979382,0.4492753623188406,0.46859903381642515,0.611842105263158
1,26,regular,1,1228,985,243,985,243,0,0.8021172638436482,1.0,1.2467005076142132,0.8901943063714415
1,26,semiregular,1,836,720,116,696,140,24,0.8325358851674641,0.9666666666666667,1.1611111111111112,0.8946015424164525
1,26,irregular,1,146,214,68,116,30,98,0.7945205479452054,0.5420560747663551,0.6822429906542056,0.6444444444444444
1,26,regular,2,1235,985,250,985,250,0,0.7975708502024291,1.0,1.2538071065989849,0.8873873873873873
1,26,semiregular,2,802,720,82,697,105,23,0.8690773067331671,0.9680555555555556,1.113888888888889,0.9159001314060446
1,26,irregular,2,26,214,188,3,23,211,0.11538461538461539,0.014018691588785047,0.12149532710280374,0.024999999999999998
1,26,regular,3,1209,985,224,985,224,0,0.8147229114971051,1.0,1.2274111675126904,0.8979033728350045
1,26,semiregular,3,772,720,52,694,78,26,0.8989637305699482,0.9638888888888889,1.0722222222222222,0.9302949061662198
1,26,irregular,3,155,214,59,151,4,63,0.9741935483870968,0.705607476635514,0.7242990654205608,0.8184281842818428
1,27,regular,1,1187,1166,21,1166,21,0,0.9823083403538332,1.0,1.0180102915951972,0.991075223119422
1,27,semiregular,1,761,728,33,642,119,86,0.8436268068331143,0.8818681318681318,1.0453296703296704,0.8623237071860309
1,27,irregular,1,84,270,186,67,17,203,0.7976190476190477,0.24814814814814815,0.3111111111111111,0.37853107344632764
1,27,regular,2,1194,1166,28,1166,28,0,0.9765494137353434,1.0,1.0240137221269296,0.9881355932203391
1,27,semiregular,2,755,728,27,674,81,54,0.8927152317880794,0.9258241758241759,1.0370879120879122,0.908968307484828
1,27,irregular,2,36,270,234,9,27,261,0.25,0.03333333333333333,0.13333333333333333,0.058823529411764705
1,27,regular,3,1199,1166,33,1166,33,0,0.9724770642201835,1.0,1.028301886792453,0.986046511627907
1,27,semiregular,3,748,728,20,677,71,51,0.9050802139037433,0.929945054945055,1.0274725274725274,0.9173441734417344
1,27,irregular,3,198,270,72,191,7,79,0.9646464646464646,0.7074074074074074,0.7333333333333333,0.8162393162393162
1,28,regular,1,1127,1098,29,1098,29,0,0.974267968056788,1.0,1.0264116575591986,0.9869662921348316
1,28,semiregular,1,929,859,70,823,106,36,0.8858988159311088,0.9580908032596042,1.081490104772992,0.9205816554809843
1,28,irregular,1,96,293,197,64,32,229,0.6666666666666666,0.21843003412969283,0.32764505119453924,0.32904884318766064
1,28,regular,2,1133,1098,35,1098,35,0,0.9691085613415711,1.0,1.0318761384335156,0.9843119677274765
1,28,semiregular,2,830,859,29,761,69,98,0.9168674698795181,0.8859138533178114,0.9662398137369034,0.9011249259917111
1,28,irregular,2,42,293,251,6,36,287,0.14285714285714285,0.020477815699658702,0.14334470989761092,0.03582089552238806
1,28,regular,3,1136,1098,38,1098,38,0,0.9665492957746479,1.0,1.034608378870674,0.982990152193375
1,28,semiregular,3,890,859,31,815,75,44,0.9157303370786517,0.9487776484284052,1.0360884749708963,0.931961120640366
1,28,irregular,3,167,293,126,160,7,133,0.9580838323353293,0.5460750853242321,0.5699658703071673,0.6956521739130435
1,29,regular,1,1165,1140,25,1140,25,0,0.9785407725321889,1.0,1.0219298245614035,0.9891540130151844
1,29,semiregular,1,986,869,117,822,164,47,0.8336713995943205,0.9459148446490219,1.13463751438435,0.8862533692722372
1,29,irregular,1,108,247,139,90,18,157,0.8333333333333334,0.3643724696356275,0.43724696356275305,0.5070422535211268
1,29,regular,2,1171,1140,31,1140,31,0,0.9735269000853971,1.0,1.0271929824561403,0.9865858935525748
1,29,semiregular,2,1022,869,153,859,163,10,0.8405088062622309,0.9884925201380897,1.1760644418872268,0.9085140137493389
1,29,irregular,2,27,247,220,5,22,242,0.18518518518518517,0.020242914979757085,0.10931174089068826,0.03649635036496351
1,29,regular,3,1164,1140,24,1140,24,0,0.979381443298969,1.0,1.0210526315789474,0.9895833333333333
1,29,semiregular,3,949,869,80,837,112,32,0.8819810326659642,0.9631760644418872,1.092059838895282,0.9207920792079207
1,29,irregular,3,187,247,60,182,5,65,0.9732620320855615,0.7368421052631579,0.757085020242915,0.8387096774193549
1,30,regular,1,1040,997,43,997,43,0,0.9586538461538462,1.0,1.0431293881644934,0.9788905252822779
1,30,semiregular,1,829,810,19,749,80,61,0.9034981905910736,0.9246913580246914,1.0234567901234568,0.9139719341061624
1,30,irregular,1,125,250,125,92,33,158,0.736,0.368,0.5,0.4906666666666666
1,30,regular,2,1045,997,48,997,48,0,0.9540669856459331,1.0,1.0481444332998997,0.9764936336924585
1,30,semiregular,2,804,810,6,738,66,72,0.917910447761194,0.9111111111111111,0.9925925925925926,0.9144981412639405
1,30,irregular,2,46,250,204,3,43,247,0.06521739130434782,0.012,0.184,0.02027027027027027
1,30,regular,3,1049,997,52,997,52,0,0.9504289799809342,1.0,1.0521564694082246,0.9745845552297165
1,30,semiregular,3,834,810,24,772,62,38,0.9256594724220624,0.9530864197530864,1.0296296296296297,0.9391727493917276
1,30,irregular,3,184,250,66,172,12,78,0.9347826086956522,0.688,0.736,0.7926267281105991
2,1,regular,1,1081,937,144,937,144,0,0.8667900092506938,1.0,1.1536819637139808,0.9286422200198216
2,1,semiregular,1,805,703,102,657,148,46,0.8161490683229814,0.9345661450924608,1.1450924608819346,0.8713527851458887
2,1,irregular,1,64,199,135,59,5,140,0.921875,0.2964824120603015,0.32160804020100503,0.44866920152091255
2,1,regular,2,1084,937,147,937,147,0,0.8643911439114391,1.0,1.1568836712913555,0.9272637308263236
2,1,semiregular,2,867,703,164,683,184,20,0.7877739331026529,0.9715504978662873,1.233285917496444,0.870063694267516
2,1,irregular,2,87,199,112,85,2,114,0.9770114942528736,0.4271356783919598,0.4371859296482412,0.5944055944055945
2,1,regular,3,1065,937,128,937,128,0,0.8798122065727699,1.0,1.136606189967983,0.9360639360639361
2,1,semiregular,3,766,703,63,661,105,42,0.8629242819843342,0.9402560455192034,1.0896159317211949,0.899931926480599
2,1,irregular,3,143,199,56,138,5,61,0.965034965034965,0.6934673366834171,0.7185929648241206,0.8070175438596491
2,2,regular,1,1237,1224,13,1217,20,7,0.9838318512530315,0.994281045751634,1.0106209150326797,0.9890288500609508
2,2,semiregular,1,588,647,59,549,39,98,0.9336734693877551,0.848531684698609,0.9088098918083463,0.8890688259109312
2,2,irregular,1,38,217,179,25,13,192,0.6578947368421053,0.1152073732718894,0.17511520737327188,0.19607843137254902
2,2,regular,2,1240,1224,16,1217,23,7,0.9814516129032258,0.994281045751634,1.0130718954248366,0.9878246753246754
2,2,semiregular,2,636,647,11,600,36,47,0.9433962264150944,0.9273570324574961,0.9829984544049459,0.9353078721745908
2,2,irregular,2,101,217,116,96,5,121,0.9504950495049505,0.4423963133640553,0.46543778801843316,0.6037735849056604
2,2,regular,3,1249,1224,25,1220,29,4,0.9767814251401121,0.9967320261437909,1.0204248366013071,0.9866558835422564
2,2,semiregular,3,641,647,6,608,33,39,0.9485179407176287,0.9397217928902627,0.990726429675425,0.9440993788819876
2,2,irregular,3,164,217,53,159,5,58,0.9695121951219512,0.7327188940092166,0.7557603686635944,0.8346456692913385
2,3,regular,1,1043,1053,10,1041,2,12,0.9980824544582934,0.9886039886039886,0.9905033238366572,0.9933206106870228
2,3,semiregular,1,737,716,21,662,75,54,0.898236092265943,0.9245810055865922,1.0293296089385475,0.9112181693048865
2,3,irregular,1,86,224,138,72,14,152,0.8372093023255814,0.32142857142857145,0.38392857142857145,0.4645161290322581
2,3,regular,2,1046,1053,7,1043,3,10,0.997131931166348,0.9905033238366572,0.99335232668566,0.993806574559314
2,3,semiregular,2,721,716,5,647,74,69,0.897364771151179,0.9036312849162011,1.0069832402234637,0.9004871259568547
2,3,irregular,2,131,224,93,129,2,95,0.9847328244274809,0.5758928571428571,0.5848214285714286,0.7267605633802817
2,3,regular,3,1053,1053,0,1047,6,6,0.9943019943019943,0.9943019943019943,1.0,0.9943019943019943
2,3,semiregular,3,709,716,7,654,55,62,0.922425952045134,0.9134078212290503,0.9902234636871509,0.9178947368421052
2,3,irregular,3,159,224,65,153,6,71,0.9622641509433962,0.6830357142857143,0.7098214285714286,0.7989556135770235
2,4,regular,1,1179,1101,78,1101,78,0,0.9338422391857506,1.0,1.0708446866485013,0.9657894736842105
2,4,semiregular,1,715,614,101,565,150,49,0.7902097902097902,0.9201954397394136,1.1644951140065147,0.8502633559066968
2,4,irregular,1,39,228,189,23,16,205,0.5897435897435898,0.10087719298245613,0.17105263157894737,0.17228464419475656
2,4,regular,2,1182,1101,81,1101,81,0,0.9314720812182741,1.0,1.0735694822888284,0.964520367936925
2,4,semiregular,2,689,614,75,583,106,31,0.8461538461538461,0.9495114006514658,1.1221498371335505,0.8948580199539524
2,4,irregular,2,91,228,137,90,1,138,0.989010989010989,0.39473684210526316,0.3991228070175439,0.5642633228840125
2,4,regular,3,1183,1101,82,1101,82,0,0.9306846999154691,1.0,1.0744777475022707,0.9640980735551664
2,4,semiregular,3,661,614,47,577,84,37,0.8729198184568835,0.9397394136807817,1.0765472312703583,0.9050980392156863
2,4,irregular,3,158,228,70,155,3,73,0.9810126582278481,0.6798245614035088,0.6929824561403509,0.8031088082901554
2,5,regular,1,1101,1044,57,1044,57,0,0.9482288828337875,1.0,1.0545977011494252,0.9734265734265735
2,5,semiregular,1,789,668,121,628,161,40,0.7959442332065906,0.9401197604790419,1.1811377245508983,0.8620452985586822
2,5,irregular,1,48,217,169,34,14,183,0.7083333333333334,0.15668202764976957,0.22119815668202766,0.25660377358490566
2,5,regular,2,1104,1044,60,1044,60,0,0.9456521739130435,1.0,1.0574712643678161,0.9720670391061452
2,5,semiregular,2,799,668,131,649,150,19,0.8122653316645807,0.9715568862275449,1.1961077844311376,0.8847989093387867
2,5,irregular,2,121,217,96,117,4,100,0.9669421487603306,0.5391705069124424,0.5576036866359447,0.6923076923076924
2,5,regular,3,1107,1044,63,1044,63,0,0.943089430894309,1.0,1.0603448275862069,0.9707112970711297
2,5,semiregular,3,761,668,93,644,117,24,0.8462549277266754,0.9640718562874252,1.1392215568862276,0.9013296011196641
2,5,irregular,3,152,217,65,148,4,69,0.9736842105263158,0.6820276497695853,0.7004608294930875,0.8021680216802168
2,6,regular,1,1036,915,121,915,121,0,0.8832046332046332,1.0,1.13224043715847,0.9379805228088159
2,6,semiregular,1,718,701,17,637,81,64,0.8871866295264624,0.9087018544935807,1.0242510699001426,0.897815362931642
2,6,irregular,1,38,195,157,20,18,175,0.5263157894736842,0.10256410256410256,0.19487179487179487,0.17167381974248927
2,6,regular,2,1038,915,123,915,123,0,0.8815028901734104,1.0,1.1344262295081968,0.9370199692780339
2,6,semiregular,2,743,701,42,656,87,45,0.882907133243607,0.9358059914407989,1.0599144079885878,0.9085872576177285
2,6,irregular,2,126,195,69,85,41,110,0.6746031746031746,0.4358974358974359,0.6461538461538462,0.529595015576324
2,6,regular,3,1035,915,120,915,120,0,0.8840579710144928,1.0,1.1311475409836065,0.9384615384615386
2,6,semiregular,3,732,701,31,665,67,36,0.9084699453551912,0.948644793152639,1.0442225392296718,0.928122819260293
2,6,irregular,3,157,195,38,144,13,51,0.9171974522292994,0.7384615384615385,0.8051282051282052,0.8181818181818182
2,7,regular,1,1308,1230,78,1230,78,0,0.9403669724770642,1.0,1.0634146341463415,0.9692671394799055
2,7,semiregular,1,762,761,1,612,150,149,0.8031496062992126,0.8042049934296978,1.0013140604467805,0.8036769533814839
2,7,irregular,1,32,225,193,11,21,214,0.34375,0.04888888888888889,0.14222222222222222,0.08560311284046693
2,7,regular,2,1312,1230,82,1230,82,0,0.9375,1.0,1.0666666666666667,0.967741935483871
2,7,semiregular,2,805,761,44,696,109,65,0.8645962732919255,0.9145860709592641,1.0578186596583443,0.8888888888888888
2,7,irregular,2,73,225,152,70,3,155,0.958904109589041,0.3111111111111111,0.3244444444444444,0.46979865771812074
2,7,regular,3,1307,1230,77,1230,77,0,0.9410864575363428,1.0,1.06260162601626,0.9696491919590067
2,7,semiregular,3,808,761,47,717,91,44,0.8873762376237624,0.9421813403416557,1.0617608409986858,0.9139579349904398
2,7,irregular,3,173,225,52,162,11,63,0.9364161849710982,0.72,0.7688888888888888,0.814070351758794
2,8,regular,1,1079,1035,44,1035,44,0,0.959221501390176,1.0,1.042512077294686,0.97918637653737
2,8,semiregular,1,861,827,34,754,107,73,0.875725900116144,0.9117291414752116,1.041112454655381,0.8933649289099526
2,8,irregular,1,76,243,167,55,21,188,0.7236842105263158,0.22633744855967078,0.31275720164609055,0.3448275862068966
2,8,regular,2,1082,1035,47,1034,48,1,0.955637707948244,0.9990338164251208,1.0454106280193236,0.9768540387340576
2,8,semiregular,2,839,827,12,754,85,73,0.8986889153754469,0.9117291414752116,1.014510278113664,0.9051620648259303
2,8,irregular,2,114,243,129,113,1,130,0.9912280701754386,0.46502057613168724,0.4691358024691358,0.6330532212885154
2,8,regular,3,1086,1035,51,1035,51,0,0.9530386740331491,1.0,1.0492753623188407,0.9759547383309759
2,8,semiregular,3,844,827,17,769,75,58,0.9111374407582938,0.9298669891172914,1.0205562273276905,0.9204069419509275
2,8,irregular,3,168,243,75,160,8,83,0.9523809523809523,0.6584362139917695,0.691358024691358,0.7785888077858881
2,9,regular,1,1096,1107,11,1091,5,16,0.9954379562043796,0.985546522131888,0.990063233965673,0.9904675442578302
2,9,semiregular,1,589,701,112,548,41,153,0.9303904923599321,0.7817403708987162,0.8402282453637661,0.8496124031007751
2,9,irregular,1,69,266,197,45,24,221,0.6521739130434783,0.16917293233082706,0.2593984962406015,0.26865671641791045
2,9,regular,2,1099,1107,8,1093,6,14,0.9945404913557779,0.987353206865402,0.992773261065944,0.9909338168631006
2,9,semiregular,2,617,701,84,578,39,123,0.9367909238249594,0.8245363766048502,0.8801711840228246,0.8770864946889226
2,9,irregular,2,113,266,153,111,2,155,0.9823008849557522,0.41729323308270677,0.424812030075188,0.5857519788918205
2,9,regular,3,1106,1107,1,1099,7,8,0.9936708860759493,0.992773261065944,0.999096657633243,0.9932218707636692
2,9,semiregular,3,659,701,42,630,29,71,0.9559939301972686,0.8987161198288159,0.9400855920114123,0.9264705882352942
2,9,irregular,3,186,266,80,179,7,87,0.9623655913978495,0.6729323308270677,0.6992481203007519,0.7920353982300885
2,10,regular,1,1186,1014,172,1014,172,0,0.8549747048903878,1.0,1.1696252465483234,0.9218181818181819
2,10,semiregular,1,684,656,28,615,69,41,0.8991228070175439,0.9375,1.0426829268292683,0.917910447761194
2,10,irregular,1,62,247,185,50,12,197,0.8064516129032258,0.20242914979757085,0.25101214574898784,0.3236245954692557
2,10,regular,2,1189,1014,175,1014,175,0,0.8528174936921783,1.0,1.1725838264299804,0.920562868815252
2,10,semiregular,2,684,656,28,620,64,36,0.9064327485380117,0.9451219512195121,1.0426829268292683,0.9253731343283581
2,10,irregular,2,140,247,107,131,9,116,0.9357142857142857,0.5303643724696356,0.5668016194331984,0.6770025839793281
2,10,regular,3,1185,1014,171,1014,171,0,0.8556962025316456,1.0,1.168639053254438,0.9222373806275579
2,10,semiregular,3,667,656,11,614,53,42,0.9205397301349325,0.9359756097560976,1.016768292682927,0.9281934996220711
2,10,irregular,3,156,247,91,150,6,97,0.9615384615384616,0.6072874493927125,0.631578947368421,0.7444168734491315
2,11,regular,1,1134,1070,64,1070,64,0,0.9435626102292769,1.0,1.0598130841121496,0.9709618874773139
2,11,semiregular,1,804,700,104,668,136,32,0.8308457711442786,0.9542857142857143,1.1485714285714286,0.8882978723404256
2,11,irregular,1,76,239,163,65,11,174,0.8552631578947368,0.2719665271966527,0.3179916317991632,0.4126984126984126
2,11,regular,2,1137,1070,67,1070,67,0,0.9410729991204925,1.0,1.0626168224299066,0.9696420480289986
2,11,semiregular,2,722,700,22,629,93,71,0.871191135734072,0.8985714285714286,1.0314285714285714,0.8846694796061886
2,11,irregular,2,128,239,111,121,7,118,0.9453125,0.5062761506276151,0.5355648535564853,0.6594005449591281
2,11,regular,3,1131,1070,61,1070,61,0,0.9460654288240495,1.0,1.0570093457943925,0.9722853248523399
2,11,semiregular,3,721,700,21,652,69,48,0.9042995839112344,0.9314285714285714,1.03,0.9176636171710063
2,11,irregular,3,163,239,76,161,2,78,0.9877300613496932,0.6736401673640168,0.6820083682008368,0.8009950248756219
2,12,regular,1,1118,1007,111,1007,111,0,0.9007155635062611,1.0,1.1102284011916583,0.947764705882353
2,12,semiregular,1,768,641,127,617,151,24,0.8033854166666666,0.9625585023400937,1.1981279251170047,0.8757984386089426
2,12,irregular,1,87,204,117,73,14,131,0.8390804597701149,0.35784313725490197,0.4264705882352941,0.5017182130584192
2,12,regular,2,1121,1007,114,1007,114,0,0.8983050847457628,1.0,1.1132075471698113,0.9464285714285715
2,12,semiregular,2,735,641,94,598,137,43,0.8136054421768707,0.9329173166926678,1.1466458658346335,0.8691860465116279
2,12,irregular,2,120,204,84,111,9,93,0.925,0.5441176470588235,0.5882352941176471,0.6851851851851851
2,12,regular,3,1116,1007,109,1007,109,0,0.9023297491039427,1.0,1.1082423038728897,0.9486575600565238
2,12,semiregular,3,702,641,61,607,95,34,0.8646723646723646,0.9469578783151326,1.0951638065522622,0.903946388682055
2,12,irregular,3,172,204,32,166,6,38,0.9651162790697675,0.8137254901960784,0.8431372549019608,0.8829787234042553
2,13,regular,1,1094,1000,94,1000,94,0,0.9140767824497258,1.0,1.094,0.9551098376313276
2,13,semiregular,1,899,815,84,790,109,25,0.8787541713014461,0.9693251533742331,1.1030674846625768,0.9218203033838973
2,13,irregular,1,88,216,128,66,22,150,0.75,0.3055555555555556,0.4074074074074074,0.4342105263157895
2,13,regular,2,1097,1000,97,1000,97,0,0.9115770282588879,1.0,1.097,0.9537434430138292
2,13,semiregular,2,845,815,30,762,83,53,0.901775147928994,0.9349693251533743,1.0368098159509203,0.9180722891566264
2,13,irregular,2,138,216,78,134,4,82,0.9710144927536232,0.6203703703703703,0.6388888888888888,0.7570621468926554
2,13,regular,3,1093,1000,93,1000,93,0,0.9149130832570905,1.0,1.093,0.9555661729574774
2,13,semiregular,3,827,815,12,773,54,42,0.9347037484885127,0.9484662576687116,1.014723926380368,0.9415347137637028
2,13,irregular,3,174,216,42,169,5,47,0.9712643678160919,0.7824074074074074,0.8055555555555556,0.8666666666666667
2,14,regular,1,1064,1052,12,1052,12,0,0.9887218045112782,1.0,1.0114068441064639,0.9943289224952742
2,14,semiregular,1,923,913,10,843,80,70,0.9133261105092091,0.9233296823658269,1.0109529025191675,0.9183006535947712
2,14,irregular,1,55,217,162,45,10,172,0.8181818181818182,0.2073732718894009,0.2534562211981567,0.33088235294117646
2,14,regular,2,1067,1052,15,1052,15,0,0.985941893158388,1.0,1.0142585551330798,0.9929211892402076
2,14,semiregular,2,944,913,31,848,96,65,0.8983050847457628,0.9288061336254108,1.0339539978094194,0.9133010231556273
2,14,irregular,2,131,217,86,128,3,89,0.9770992366412213,0.5898617511520737,0.6036866359447005,0.7356321839080461
2,14,regular,3,1073,1052,21,1052,21,0,0.9804287045666356,1.0,1.0199619771863118,0.9901176470588235
2,14,semiregular,3,923,913,10,863,60,50,0.9349945828819068,0.9452354874041621,1.0109529025191675,0.9400871459694988
2,14,irregular,3,151,217,66,149,2,68,0.9867549668874173,0.6866359447004609,0.695852534562212,0.8097826086956522
2,15,regular,1,996,964,32,964,32,0,0.9678714859437751,1.0,1.033195020746888,0.9836734693877551
2,15,semiregular,1,821,774,47,738,83,36,0.8989037758830695,0.9534883720930233,1.0607235142118863,0.9253918495297806
2,15,irregular,1,93,218,125,80,13,138,0.8602150537634409,0.3669724770642202,0.42660550458715596,0.5144694533762058
2,15,regular,2,999,964,35,964,35,0,0.964964964964965,1.0,1.0363070539419088,0.9821701477330617
2,15,semiregular,2,780,774,6,707,73,67,0.9064102564102564,0.91343669250646,1.0077519379844961,0.9099099099099099
2,15,irregular,2,151,218,67,151,0,67,1.0,0.6926605504587156,0.6926605504587156,0.8184281842818428
2,15,regular,3,1002,964,38,964,38,0,0.9620758483033932,1.0,1.0394190871369295,0.9806714140386571
2,15,semiregular,3,760,774,14,716,44,58,0.9421052631578948,0.9250645994832042,0.9819121447028424,0.9335071707953063
2,15,irregular,3,167,218,51,162,5,56,0.9700598802395209,0.7431192660550459,0.7660550458715596,0.8415584415584414
2,16,regular,1,1190,1109,81,1109,81,0,0.9319327731092437,1.0,1.073038773669973,0.9647672901261418
2,16,semiregular,1,809,681,128,655,154,26,0.8096415327564895,0.9618208516886931,1.1879588839941262,0.8791946308724832
2,16,irregular,1,41,272,231,29,12,243,0.7073170731707317,0.10661764705882353,0.15073529411764705,0.18530351437699683
2,16,regular,2,1193,1109,84,1109,84,0,0.9295892707460185,1.0,1.0757439134355276,0.9635099913119027
2,16,semiregular,2,702,681,21,615,87,66,0.8760683760683761,0.9030837004405287,1.0308370044052864,0.8893709327548807
2,16,irregular,2,112,272,160,105,7,167,0.9375,0.3860294117647059,0.4117647058823529,0.5468750000000001
2,16,regular,3,1185,1109,76,1109,76,0,0.9358649789029536,1.0,1.0685302073940488,0.966870095902354
2,16,semiregular,3,669,681,12,610,59,71,0.9118086696562033,0.895741556534508,0.9823788546255506,0.9037037037037036
2,16,irregular,3,152,272,120,150,2,122,0.9868421052631579,0.5514705882352942,0.5588235294117647,0.7075471698113208
2,17,regular,1,1112,1029,83,1029,83,0,0.9253597122302158,1.0,1.0806608357628766,0.9612330686595049
2,17,semiregular,1,885,837,48,766,119,71,0.8655367231638418,0.9151732377538829,1.0573476702508962,0.8896631823461091
2,17,irregular,1,64,240,176,42,22,198,0.65625,0.175,0.26666666666666666,0.2763157894736842
2,17,regular,2,1115,1029,86,1029,86,0,0.9228699551569507,1.0,1.0835762876579202,0.9598880597014925
2,17,semiregular,2,835,837,2,752,83,85,0.9005988023952096,0.8984468339307049,0.997610513739546,0.8995215311004785
2,17,irregular,2,146,240,94,132,14,108,0.9041095890410958,0.55,0.6083333333333333,0.683937823834197
2,17,regular,3,1120,1029,91,1029,91,0,0.91875,1.0,1.08843537414966,0.9576547231270358
2,17,semiregular,3,835,837,2,776,59,61,0.9293413173652695,0.927120669056153,0.997610513739546,0.9282296650717704
2,17,irregular,3,172,240,68,166,6,74,0.9651162790697675,0.6916666666666667,0.7166666666666667,0.8058252427184466
2,18,regular,1,1169,1044,125,1044,125,0,0.893071000855432,1.0,1.1197318007662835,0.9435155896972435
2,18,semiregular,1,879,801,78,756,123,45,0.8600682593856656,0.9438202247191011,1.097378277153558,0.8999999999999999
2,18,irregular,1,58,252,194,45,13,207,0.7758620689655172,0.17857142857142858,0.23015873015873015,0.2903225806451613
2,18,regular,2,1172,1044,128,1044,128,0,0.8907849829351536,1.0,1.1226053639846743,0.9422382671480144
2,18,semiregular,2,840,801,39,764,76,37,0.9095238095238095,0.9538077403245943,1.048689138576779,0.931139549055454
2,18,irregular,2,146,252,106,142,4,110,0.9726027397260274,0.5634920634920635,0.5793650793650794,0.7135678391959799
2,18,regular,3,1175,1044,131,1044,131,0,0.8885106382978724,1.0,1.1254789272030652,0.9409643983776476
2,18,semiregular,3,824,801,23,769,55,32,0.933252427184466,0.9600499375780275,1.0287141073657928,0.9464615384615385
2,18,irregular,3,188,252,64,183,5,69,0.973404255319149,0.7261904761904762,0.746031746031746,0.8318181818181818
2,19,regular,1,1187,1076,111,1074,113,2,0.9048020219039595,0.9981412639405205,1.1031598513011152,0.9491825011047281
2,19,semiregular,1,767,753,14,693,74,60,0.9035202086049544,0.9203187250996016,1.0185922974767596,0.9118421052631579
2,19,irregular,1,62,245,183,52,10,193,0.8387096774193549,0.21224489795918366,0.2530612244897959,0.33876221498371334
2,19,regular,2,1190,1076,114,1075,115,1,0.9033613445378151,0.9990706319702602,1.1059479553903346,0.9488084730803179
2,19,semiregular,2,737,753,16,680,57,73,0.9226594301221167,0.9030544488711819,0.9787516600265604,0.9127516778523491
2,19,irregular,2,131,245,114,127,4,118,0.9694656488549618,0.5183673469387755,0.5346938775510204,0.675531914893617
2,19,regular,3,1183,1076,107,1075,108,1,0.9087066779374472,0.9990706319702602,1.0994423791821561,0.9517485613103144
2,19,semiregular,3,715,753,38,664,51,89,0.9286713286713286,0.8818061088977424,0.949535192563081,0.9046321525885559
2,19,irregular,3,160,245,85,158,2,87,0.9875,0.6448979591836734,0.6530612244897959,0.780246913580247
2,20,regular,1,1193,1251,58,1187,6,64,0.9949706621961442,0.9488409272581935,0.9536370903277378,0.9713584288052374
2,20,semiregular,1,911,841,70,773,138,68,0.8485181119648738,0.9191438763376932,1.0832342449464922,0.882420091324201
2,20,irregular,1,86,252,166,64,22,188,0.7441860465116279,0.25396825396825395,0.3412698412698413,0.378698224852071
2,20,regular,2,1196,1251,55,1190,6,61,0.9949832775919732,0.9512390087929656,0.95603517186251,0.9726195341234164
2,20,semiregular,2,838,841,3,729,109,112,0.869928400954654,0.8668252080856124,0.9964328180737217,0.8683740321620012
2,20,irregular,2,158,252,94,151,7,101,0.9556962025316456,0.5992063492063492,0.626984126984127,0.7365853658536585
2,20,regular,3,1201,1251,50,1196,5,55,0.9958368026644463,0.95603517186251,0.9600319744204636,0.9755301794453507
2,20,semiregular,3,839,841,2,748,91,93,0.8915375446960667,0.8894173602853745,0.9976218787158145,0.8904761904761905
2,20,irregular,3,175,252,77,168,7,84,0.96,0.6666666666666666,0.6944444444444444,0.7868852459016393
2,21,regular,1,1015,920,95,920,95,0,0.9064039408866995,1.0,1.1032608695652173,0.9509043927648578
2,21,semiregular,1,693,549,144,508,185,41,0.733044733044733,0.9253187613843351,1.2622950819672132,0.8180354267310789
2,21,irregular,1,75,204,129,67,8,137,0.8933333333333333,0.3284313725490196,0.36764705882352944,0.48028673835125446
2,21,regular,2,1017,920,97,920,97,0,0.904621435594887,1.0,1.1054347826086957,0.9499225606608157
2,21,semiregular,2,709,549,160,537,172,12,0.7574047954866009,0.9781420765027322,1.2914389799635702,0.8537360890302067
2,21,irregular,2,126,204,78,119,7,85,0.9444444444444444,0.5833333333333334,0.6176470588235294,0.7212121212121213
2,21,regular,3,1013,920,93,920,93,0,0.9081934846989141,1.0,1.1010869565217392,0.9518882565959649
2,21,semiregular,3,672,549,123,534,138,15,0.7946428571428571,0.9726775956284153,1.2240437158469946,0.8746928746928747
2,21,irregular,3,169,204,35,161,8,43,0.9526627218934911,0.7892156862745098,0.8284313725490197,0.8632707774798927
2,22,regular,1,1058,946,112,946,112,0,0.8941398865784499,1.0,1.1183932346723044,0.9441117764471059
2,22,semiregular,1,834,703,131,679,155,24,0.8141486810551559,0.9658605974395448,1.1863442389758179,0.8835393623942744
2,22,irregular,1,56,247,191,45,11,202,0.8035714285714286,0.18218623481781376,0.22672064777327935,0.297029702970297
2,22,regular,2,1060,946,114,946,114,0,0.8924528301886793,1.0,1.120507399577167,0.9431704885343969
2,22,semiregular,2,792,703,89,685,107,18,0.86489898989899,0.9743954480796586,1.1266002844950214,0.9163879598662207
2,22,irregular,2,110,247,137,104,6,143,0.9454545454545454,0.42105263157894735,0.44534412955465585,0.5826330532212886
2,22,regular,3,1048,946,102,946,102,0,0.9026717557251909,1.0,1.1078224101479917,0.9488465396188566
2,22,semiregular,3,750,703,47,669,81,34,0.892,0.9516358463726885,1.0668563300142246,0.9208534067446663
2,22,irregular,3,175,247,72,167,8,80,0.9542857142857143,0.6761133603238867,0.708502024291498,0.7914691943127964
2,23,regular,1,1067,999,68,999,68,0,0.936269915651359,1.0,1.068068068068068,0.9670861568247822
2,23,semiregular,1,882,835,47,731,151,104,0.828798185941043,0.8754491017964072,1.0562874251497005,0.8514851485148515
2,23,irregular,1,46,266,220,14,32,252,0.30434782608695654,0.05263157894736842,0.17293233082706766,0.08974358974358974
2,23,regular,2,1070,999,71,999,71,0,0.9336448598130841,1.0,1.0710710710710711,0.9656839052682455
2,23,semiregular,2,880,835,45,773,107,62,0.8784090909090909,0.925748502994012,1.0538922155688624,0.9014577259475219
2,23,irregular,2,100,266,166,94,6,172,0.94,0.3533834586466165,0.37593984962406013,0.5136612021857924
2,23,regular,3,1074,999,75,999,75,0,0.9301675977653632,1.0,1.075075075075075,0.9638205499276411
2,23,semiregular,3,875,835,40,800,75,35,0.9142857142857143,0.9580838323353293,1.0479041916167664,0.9356725146198831
2,23,irregular,3,182,266,84,173,9,93,0.9505494505494505,0.650375939849624,0.6842105263157895,0.7723214285714286
2,24,regular,1,1092,1079,13,1076,16,3,0.9853479853479854,0.9972196478220574,1.0120481927710843,0.9912482726853985
2,24,semiregular,1,668,680,12,599,69,81,0.8967065868263473,0.8808823529411764,0.9823529411764705,0.8887240356083086
2,24,irregular,1,71,247,176,60,11,187,0.8450704225352113,0.242914979757085,0.2874493927125506,0.3773584905660377
2,24,regular,2,1094,1079,15,1078,16,1,0.9853747714808044,0.9990732159406858,1.0139017608897127,0.9921767142199724
2,24,semiregular,2,629,680,51,578,51,102,0.918918918918919,0.85,0.925,0.8831168831168831
2,24,irregular,2,123,247,124,120,3,127,0.975609756097561,0.48582995951417,0.4979757085020243,0.6486486486486487
2,24,regular,3,1098,1079,19,1078,20,1,0.9817850637522769,0.9990732159406858,1.0176088971269694,0.9903536977491962
2,24,semiregular,3,651,680,29,615,36,65,0.9447004608294931,0.9044117647058824,0.9573529411764706,0.9241172051089407
2,24,irregular,3,189,247,58,183,6,64,0.9682539682539683,0.7408906882591093,0.7651821862348178,0.8394495412844037
2,25,regular,1,965,946,19,946,19,0,0.9803108808290155,1.0,1.0200845665961944,0.9900575614861329
2,25,semiregular,1,748,718,30,647,101,71,0.8649732620320856,0.9011142061281338,1.041782729805014,0.8826739427012279
2,25,irregular,1,80,207,127,59,21,148,0.7375,0.28502415458937197,0.3864734299516908,0.41114982578397213
2,25,regular,2,968,946,22,946,22,0,0.9772727272727273,1.0,1.0232558139534884,0.9885057471264368
2,25,semiregular,2,775,718,57,675,100,43,0.8709677419354839,0.9401114206128134,1.0793871866295264,0.9042196918955123
2,25,irregular,2,78,207,129,76,2,131,0.9743589743589743,0.3671497584541063,0.37681159420289856,0.5333333333333333
2,25,regular,3,974,946,28,946,28,0,0.971252566735113,1.0,1.029598308668076,0.9854166666666667
2,25,semiregular,3,693,718,25,625,68,93,0.9018759018759018,0.8704735376044568,0.9651810584958217,0.8858965272856131
2,25,irregular,3,92,207,115,84,8,123,0.9130434782608695,0.4057971014492754,0.4444444444444444,0.5618729096989966
2,26,regular,1,1230,985,245,985,245,0,0.8008130081300813,1.0,1.248730964467005,0.8893905191873589
2,26,semiregular,1,841,720,121,697,144,23,0.8287752675386445,0.9680555555555556,1.1680555555555556,0.8930172966047405
2,26,irregular,1,105,214,109,83,22,131,0.7904761904761904,0.3878504672897196,0.49065420560747663,0.5203761755485894
2,26,regular,2,1233,985,248,985,248,0,0.7988645579886455,1.0,1.2517766497461928,0.8881875563570785
2,26,semiregular,2,770,720,50,666,104,54,0.8649350649350649,0.925,1.0694444444444444,0.8939597315436242
2,26,irregular,2,98,214,116,79,19,135,0.8061224489795918,0.3691588785046729,0.45794392523364486,0.5064102564102565
2,26,regular,3,1180,985,195,985,195,0,0.8347457627118644,1.0,1.1979695431472082,0.9099307159353349
2,26,semiregular,3,754,720,34,678,76,42,0.8992042440318302,0.9416666666666667,1.0472222222222223,0.9199457259158751
2,26,irregular,3,151,214,63,147,4,67,0.9735099337748344,0.6869158878504673,0.705607476635514,0.8054794520547947
2,27,regular,1,1189,1166,23,1166,23,0,0.9806560134566863,1.0,1.0197255574614066,0.9902335456475584
2,27,semiregular,1,740,728,12,625,115,103,0.8445945945945946,0.8585164835164835,1.0164835164835164,0.8514986376021798
2,27,irregular,1,40,270,230,26,14,244,0.65,0.0962962962962963,0.14814814814814814,0.16774193548387095
2,27,regular,2,1192,1166,26,1166,26,0,0.9781879194630873,1.0,1.0222984562607205,0.9889737065309585
2,27,semiregular,2,727,728,1,646,81,82,0.8885832187070152,0.8873626373626373,0.9986263736263736,0.8879725085910652
2,27,irregular,2,152,270,118,148,4,122,0.9736842105263158,0.5481481481481482,0.562962962962963,0.7014218009478672
2,27,regular,3,1199,1166,33,1166,33,0,0.9724770642201835,1.0,1.028301886792453,0.986046511627907
2,27,semiregular,3,725,728,3,661,64,67,0.9117241379310345,0.907967032967033,0.9958791208791209,0.9098417068134894
2,27,irregular,3,188,270,82,182,6,88,0.9680851063829787,0.674074074074074,0.6962962962962963,0.7947598253275109
2,28,regular,1,1128,1098,30,1098,30,0,0.973404255319149,1.0,1.0273224043715847,0.986522911051213
2,28,semiregular,1,932,859,73,817,115,42,0.8766094420600858,0.9511059371362048,1.0849825378346916,0.9123394751535454
2,28,irregular,1,76,293,217,44,32,249,0.5789473684210527,0.15017064846416384,0.2593856655290102,0.23848238482384826
2,28,regular,2,1131,1098,33,1098,33,0,0.9708222811671088,1.0,1.030054644808743,0.9851951547779273
2,28,semiregular,2,820,859,39,737,83,122,0.8987804878048781,0.8579743888242142,0.9545983701979045,0.8779035139964263
2,28,irregular,2,113,293,180,108,5,185,0.9557522123893806,0.36860068259385664,0.3856655290102389,0.5320197044334974
2,28,regular,3,1139,1098,41,1098,41,0,0.9640035118525022,1.0,1.0373406193078325,0.9816718819848012
2,28,semiregular,3,845,859,14,781,64,78,0.9242603550295858,0.9091967403958091,0.9837019790454016,0.9166666666666667
2,28,irregular,3,160,293,133,154,6,139,0.9625,0.5255972696245734,0.5460750853242321,0.6799116997792495
2,29,regular,1,1166,1140,26,1140,26,0,0.9777015437392796,1.0,1.0228070175438597,0.9887250650477017
2,29,semiregular,1,987,869,118,823,164,46,0.8338399189463019,0.9470655926352128,1.1357882623705409,0.8868534482758621
2,29,irregular,1,92,247,155,76,16,171,0.8260869565217391,0.3076923076923077,0.3724696356275304,0.448377581120944
2,29,regular,2,1169,1140,29,1140,29,0,0.9751924721984602,1.0,1.025438596491228,0.9874404504114335
2,29,semiregular,2,1022,869,153,850,172,19,0.8317025440313112,0.9781357882623706,1.1760644418872268,0.8989952406134321
2,29,irregular,2,141,247,106,134,7,113,0.950354609929078,0.5425101214574899,0.5708502024291497,0.6907216494845362
2,29,regular,3,1162,1140,22,1140,22,0,0.9810671256454389,1.0,1.0192982456140351,0.9904430929626412
2,29,semiregular,3,929,869,60,827,102,42,0.8902045209903121,0.9516685845799769,1.0690448791714615,0.9199110122358175
2,29,irregular,3,183,247,64,177,6,70,0.9672131147540983,0.7165991902834008,0.7408906882591093,0.8232558139534883
2,30,regular,1,1041,997,44,997,44,0,0.9577329490874159,1.0,1.0441323971915748,0.9784102060843965
2,30,semiregular,1,828,810,18,745,83,65,0.8997584541062802,0.9197530864197531,1.0222222222222221,0.9096459096459097
2,30,irregular,1,114,250,136,83,31,167,0.7280701754385965,0.332,0.456,0.45604395604395603
2,30,regular,2,1044,997,47,997,47,0,0.9549808429118773,1.0,1.0471414242728185,0.9769720725134737
2,30,semiregular,2,807,810,3,739,68,71,0.9157372986369269,0.9123456790123456,0.9962962962962963,0.9140383426097712
2,30,irregular,2,122,250,128,118,4,132,0.9672131147540983,0.472,0.488,0.6344086021505376
2,30,regular,3,1048,997,51,997,51,0,0.9513358778625954,1.0,1.0511534603811434,0.9750611246943766
2,30,semiregular,3,811,810,1,760,51,50,0.93711467324291,0.9382716049382716,1.0012345679012347,0.9376927822331894
2,30,irregular,3,178,250,72,165,13,85,0.9269662921348315,0.66,0.712,0.7710280373831776
3,1,regular,1,1082,937,145,937,145,0,0.865988909426987,1.0,1.1547491995731056,0.9281822684497276
3,1,semiregular,1,862,703,159,670,192,33,0.777262180974478,0.9530583214793741,1.2261735419630158,0.8562300319488817
3,1,irregular,1,67,199,132,57,10,142,0.8507462686567164,0.2864321608040201,0.33668341708542715,0.4285714285714286
3,1,regular,2,1082,937,145,937,145,0,0.865988909426987,1.0,1.1547491995731056,0.9281822684497276
3,1,semiregular,2,805,703,102,677,128,26,0.8409937888198757,0.9630156472261735,1.1450924608819346,0.8978779840848806
3,1,irregular,2,110,199,89,102,8,97,0.9272727272727272,0.5125628140703518,0.5527638190954773,0.6601941747572816
3,1,regular,3,1053,937,116,936,117,1,0.8888888888888888,0.9989327641408752,1.1237993596584845,0.9407035175879397
3,1,semiregular,3,771,703,68,663,108,40,0.8599221789883269,0.9431009957325747,1.096728307254623,0.8995929443690638
3,1,irregular,3,167,199,32,159,8,40,0.9520958083832335,0.7989949748743719,0.8391959798994975,0.8688524590163934
3,2,regular,1,1237,1224,13,1217,20,7,0.9838318512530315,0.994281045751634,1.0106209150326797,0.9890288500609508
3,2,semiregular,1,625,647,22,573,52,74,0.9168,0.8856259659969088,0.9659969088098919,0.9009433962264151
3,2,irregular,1,51,217,166,38,13,179,0.7450980392156863,0.17511520737327188,0.2350230414746544,0.2835820895522388
3,2,regular,2,1238,1224,14,1218,20,6,0.9838449111470113,0.9950980392156863,1.011437908496732,0.9894394800974817
3,2,semiregular,2,635,647,12,597,38,50,0.9401574803149606,0.9227202472952086,0.98145285935085,0.9313572542901717
3,2,irregular,2,122,217,95,110,12,107,0.9016393442622951,0.5069124423963134,0.5622119815668203,0.6489675516224188
3,2,regular,3,1245,1224,21,1219,26,5,0.9791164658634538,0.9959150326797386,1.017156862745098,0.9874443094370189
3,2,semiregular,3,633,647,14,601,32,46,0.9494470774091627,0.9289026275115919,0.9783616692426584,0.9390624999999999
3,2,irregular,3,193,217,24,185,8,32,0.9585492227979274,0.8525345622119815,0.8894009216589862,0.9024390243902438
3,3,regular,1,1044,1053,9,1041,3,12,0.9971264367816092,0.9886039886039886,0.9914529914529915,0.9928469241773963
3,3,semiregular,1,767,716,51,664,103,52,0.8657105606258149,0.9273743016759777,1.0712290502793296,0.8954821308159137
3,3,irregular,1,79,224,145,65,14,159,0.8227848101265823,0.29017857142857145,0.35267857142857145,0.429042904290429
3,3,regular,2,1045,1053,8,1042,3,11,0.9971291866028709,0.9895536562203229,0.9924026590693258,0.9933269780743565
3,3,semiregular,2,743,716,27,660,83,56,0.8882907133243607,0.9217877094972067,1.0377094972067038,0.9047292666209733
3,3,irregular,2,140,224,84,134,6,90,0.9571428571428572,0.5982142857142857,0.625,0.7362637362637362
3,3,regular,3,1050,1053,3,1046,4,7,0.9961904761904762,0.99335232668566,0.9971509971509972,0.9947693770803613
3,3,semiregular,3,704,716,12,652,52,64,0.9261363636363636,0.9106145251396648,0.9832402234636871,0.9183098591549295
3,3,irregular,3,196,224,28,180,16,44,0.9183673469387755,0.8035714285714286,0.875,0.8571428571428571
3,4,regular,1,1180,1101,79,1101,79,0,0.9330508474576271,1.0,1.0717529518619437,0.9653660675142481
3,4,semiregular,1,749,614,135,581,168,33,0.7757009345794392,0.9462540716612378,1.219869706840391,0.8525311812179017
3,4,irregular,1,35,228,193,17,18,211,0.4857142857142857,0.07456140350877193,0.15350877192982457,0.12927756653992395
3,4,regular,2,1180,1101,79,1101,79,0,0.9330508474576271,1.0,1.0717529518619437,0.9653660675142481
3,4,semiregular,2,692,614,78,588,104,26,0.8497109826589595,0.9576547231270358,1.1270358306188926,0.900459418070444
3,4,irregular,2,125,228,103,118,7,110,0.944,0.5175438596491229,0.5482456140350878,0.6685552407932012
3,4,regular,3,1181,1101,80,1101,80,0,0.9322607959356477,1.0,1.072661217075386,0.964943032427695
3,4,semiregular,3,670,614,56,581,89,33,0.8671641791044776,0.9462540716612378,1.0912052117263844,0.9049844236760125
3,4,irregular,3,193,228,35,178,15,50,0.9222797927461139,0.7807017543859649,0.8464912280701754,0.8456057007125891
3,5,regular,1,1102,1044,58,1044,58,0,0.9473684210526315,1.0,1.0555555555555556,0.972972972972973
3,5,semiregular,1,845,668,177,633,212,35,0.749112426035503,0.9476047904191617,1.2649700598802396,0.836748182419035
3,5,irregular,1,45,217,172,31,14,186,0.6888888888888889,0.14285714285714285,0.2073732718894009,0.2366412213740458
3,5,regular,2,1103,1044,59,1044,59,0,0.9465095194922938,1.0,1.0565134099616857,0.9725197950628784
3,5,semiregular,2,817,668,149,653,164,15,0.799265605875153,0.9775449101796407,1.223053892215569,0.8794612794612795
3,5,irregular,2,140,217,77,133,7,84,0.95,0.6129032258064516,0.6451612903225806,0.7450980392156863
3,5,regular,3,1104,1044,60,1044,60,0,0.9456521739130435,1.0,1.0574712643678161,0.9720670391061452
3,5,semiregular,3,742,668,74,638,104,30,0.8598382749326146,0.9550898203592815,1.1107784431137724,0.9049645390070922
3,5,irregular,3,182,217,35,175,7,42,0.9615384615384616,0.8064516129032258,0.8387096774193549,0.8771929824561403
3,6,regular,1,1036,915,121,915,121,0,0.8832046332046332,1.0,1.13224043715847,0.9379805228088159
3,6,semiregular,1,748,701,47,648,100,53,0.8663101604278075,0.9243937232524965,1.0670470756062767,0.8944099378881987
3,6,irregular,1,30,195,165,9,21,186,0.3,0.046153846153846156,0.15384615384615385,0.08
3,6,regular,2,1037,915,122,915,122,0,0.8823529411764706,1.0,1.1333333333333333,0.9375
3,6,semiregular,2,763,701,62,672,91,29,0.8807339449541285,0.9586305278174037,1.0884450784593438,0.9180327868852458
3,6,irregular,2,143,195,52,89,54,106,0.6223776223776224,0.4564102564102564,0.7333333333333333,0.5266272189349113
3,6,regular,3,1031,915,116,915,116,0,0.8874878758486906,1.0,1.126775956284153,0.9403905447070915
3,6,semiregular,3,712,701,11,655,57,46,0.9199438202247191,0.9343794579172611,1.0156918687589158,0.9271054493984431
3,6,irregular,3,181,195,14,162,19,33,0.8950276243093923,0.8307692307692308,0.9282051282051282,0.8617021276595745
3,7,regular,1,1309,1230,79,1230,79,0,0.9396485867074102,1.0,1.0642276422764227,0.968885387948011
3,7,semiregular,1,838,761,77,701,137,60,0.8365155131264916,0.9211563731931669,1.1011826544021024,0.8767979987492183
3,7,irregular,1,28,225,197,4,24,221,0.14285714285714285,0.017777777777777778,0.12444444444444444,0.03162055335968379
3,7,regular,2,1310,1230,80,1229,81,1,0.9381679389312977,0.9991869918699187,1.065040650406504,0.9677165354330709
3,7,semiregular,2,814,761,53,702,112,59,0.8624078624078624,0.9224704336399474,1.0696452036793693,0.8914285714285713
3,7,irregular,2,112,225,113,101,11,124,0.9017857142857143,0.4488888888888889,0.49777777777777776,0.5994065281899109
3,7,regular,3,1303,1230,73,1230,73,0,0.9439754412893323,1.0,1.059349593495935,0.9711804184761154
3,7,semiregular,3,798,761,37,696,102,65,0.8721804511278195,0.9145860709592641,1.0486202365308803,0.8928800513149455
3,7,irregular,3,194,225,31,179,15,46,0.9226804123711341,0.7955555555555556,0.8622222222222222,0.8544152744630071
3,8,regular,1,1080,1035,45,1034,46,1,0.9574074074074074,0.9990338164251208,1.0434782608695652,0.9777777777777779
3,8,semiregular,1,908,827,81,763,145,64,0.8403083700440529,0.9226118500604595,1.097944377267231,0.8795389048991354
3,8,irregular,1,75,243,168,49,26,194,0.6533333333333333,0.20164609053497942,0.30864197530864196,0.30817610062893086
3,8,regular,2,1080,1035,45,1035,45,0,0.9583333333333334,1.0,1.0434782608695652,0.9787234042553191
3,8,semiregular,2,845,827,18,760,85,67,0.8994082840236687,0.9189842805320435,1.0217654171704957,0.9090909090909091
3,8,irregular,2,151,243,92,139,12,104,0.9205298013245033,0.5720164609053497,0.6213991769547325,0.7055837563451776
3,8,regular,3,1084,1035,49,1034,50,1,0.9538745387453874,0.9990338164251208,1.047342995169082,0.9759320434167059
3,8,semiregular,3,830,827,3,755,75,72,0.9096385542168675,0.9129383313180169,1.003627569528416,0.9112854556427279
3,8,irregular,3,186,243,57,176,10,67,0.946236559139785,0.7242798353909465,0.7654320987654321,0.8205128205128206
3,9,regular,1,1097,1107,10,1091,6,16,0.9945305378304466,0.985546522131888,0.99096657633243,0.9900181488203266
3,9,semiregular,1,639,701,62,594,45,107,0.9295774647887324,0.8473609129814551,0.9115549215406562,0.8865671641791045
3,9,irregular,1,66,266,200,46,20,220,0.696969696969697,0.17293233082706766,0.24812030075187969,0.27710843373493976
3,9,regular,2,1098,1107,9,1092,6,15,0.994535519125683,0.986449864498645,0.991869918699187,0.9904761904761905
3,9,semiregular,2,647,701,54,603,44,98,0.9319938176197836,0.8601997146932953,0.9229671897289586,0.8946587537091988
3,9,irregular,2,153,266,113,141,12,125,0.9215686274509803,0.5300751879699248,0.575187969924812,0.6730310262529833
3,9,regular,3,1104,1107,3,1099,5,8,0.9954710144927537,0.992773261065944,0.997289972899729,0.9941203075531434
3,9,semiregular,3,643,701,58,613,30,88,0.9533437013996889,0.8744650499286734,0.9172610556348074,0.912202380952381
3,9,irregular,3,211,266,55,199,12,67,0.943127962085308,0.7481203007518797,0.793233082706767,0.8343815513626833
3,10,regular,1,1187,1014,173,1014,173,0,0.8542544229149115,1.0,1.1706114398422092,0.9213993639254884
3,10,semiregular,1,727,656,71,628,99,28,0.8638239339752407,0.9573170731707317,1.108231707317073,0.908170643528561
3,10,irregular,1,73,247,174,62,11,185,0.8493150684931506,0.25101214574898784,0.29554655870445345,0.38749999999999996
3,10,regular,2,1188,1014,174,1014,174,0,0.8535353535353535,1.0,1.1715976331360947,0.9209809264305178
3,10,semiregular,2,678,656,22,615,63,41,0.9070796460176991,0.9375,1.0335365853658536,0.9220389805097451
3,10,irregular,2,142,247,105,135,7,112,0.9507042253521126,0.5465587044534413,0.5748987854251012,0.6940874035989718
3,10,regular,3,1160,1014,146,1014,146,0,0.8741379310344828,1.0,1.143984220907298,0.9328426862925483
3,10,semiregular,3,667,656,11,618,49,38,0.9265367316341829,0.9420731707317073,1.016768292682927,0.9342403628117913
3,10,irregular,3,186,247,61,175,11,72,0.9408602150537635,0.708502024291498,0.7530364372469636,0.8083140877598153
3,11,regular,1,1135,1070,65,1070,65,0,0.9427312775330396,1.0,1.060747663551402,0.9705215419501134
3,11,semiregular,1,820,700,120,672,148,28,0.8195121951219512,0.96,1.1714285714285715,0.8842105263157894
3,11,irregular,1,68,239,171,57,11,182,0.8382352941176471,0.2384937238493724,0.28451882845188287,0.37133550488599354
3,11,regular,2,1136,1070,66,1070,66,0,0.9419014084507042,1.0,1.0616822429906543,0.9700815956482322
3,11,semiregular,2,726,700,26,644,82,56,0.8870523415977961,0.92,1.0371428571428571,0.903225806451613
3,11,irregular,2,139,239,100,134,5,105,0.9640287769784173,0.5606694560669456,0.5815899581589958,0.7089947089947091
3,11,regular,3,1132,1070,62,1070,62,0,0.9452296819787986,1.0,1.0579439252336449,0.971843778383288
3,11,semiregular,3,709,700,9,634,75,66,0.8942172073342737,0.9057142857142857,1.012857142857143,0.8999290276792051
3,11,irregular,3,189,239,50,170,19,69,0.8994708994708994,0.7112970711297071,0.7907949790794979,0.794392523364486
3,12,regular,1,1118,1007,111,1007,111,0,0.9007155635062611,1.0,1.1102284011916583,0.947764705882353
3,12,semiregular,1,808,641,167,625,183,16,0.7735148514851485,0.9750390015600624,1.2605304212168487,0.862663906142167
3,12,irregular,1,91,204,113,72,19,132,0.7912087912087912,0.35294117647058826,0.44607843137254904,0.488135593220339
3,12,regular,2,1119,1007,112,1007,112,0,0.8999106344950849,1.0,1.1112214498510427,0.9473189087488241
3,12,semiregular,2,744,641,103,608,136,33,0.8172043010752689,0.9485179407176287,1.1606864274570983,0.8779783393501805
3,12,irregular,2,151,204,53,134,17,70,0.8874172185430463,0.6568627450980392,0.7401960784313726,0.7549295774647887
3,12,regular,3,1110,1007,103,1007,103,0,0.9072072072072072,1.0,1.102284011916584,0.9513462446858763
3,12,semiregular,3,681,641,40,597,84,44,0.8766519823788547,0.9313572542901716,1.062402496099844,0.9031770045385779
3,12,irregular,3,223,204,19,182,41,22,0.8161434977578476,0.8921568627450981,1.0931372549019607,0.8524590163934427
3,13,regular,1,1094,1000,94,1000,94,0,0.9140767824497258,1.0,1.094,0.9551098376313276
3,13,semiregular,1,874,815,59,767,107,48,0.8775743707093822,0.9411042944785276,1.0723926380368098,0.9082297217288335
3,13,irregular,1,85,216,131,56,29,160,0.6588235294117647,0.25925925925925924,0.39351851851851855,0.37209302325581395
3,13,regular,2,1095,1000,95,1000,95,0,0.91324200913242,1.0,1.095,0.954653937947494
3,13,semiregular,2,869,815,54,785,84,30,0.903337169159954,0.9631901840490797,1.0662576687116565,0.9323040380047507
3,13,irregular,2,169,216,47,147,22,69,0.8698224852071006,0.6805555555555556,0.7824074074074074,0.7636363636363637
3,13,regular,3,1064,1000,64,996,68,4,0.9360902255639098,0.996,1.064,0.9651162790697674
3,13,semiregular,3,816,815,1,763,53,52,0.9350490196078431,0.9361963190184049,1.0012269938650307,0.9356223175965667
3,13,irregular,3,195,216,21,186,9,30,0.9538461538461539,0.8611111111111112,0.9027777777777778,0.9051094890510949
3,14,regular,1,1065,1052,13,1052,13,0,0.9877934272300469,1.0,1.0123574144486691,0.9938592347661785
3,14,semiregular,1,990,913,77,860,130,53,0.8686868686868687,0.9419496166484118,1.0843373493975903,0.9038360483447189
3,14,irregular,1,58,217,159,41,17,176,0.7068965517241379,0.1889400921658986,0.2672811059907834,0.29818181818181816
3,14,regular,2,1065,1052,13,1052,13,0,0.9877934272300469,1.0,1.0123574144486691,0.9938592347661785
3,14,semiregular,2,981,913,68,868,113,45,0.8848114169215087,0.9507119386637459,1.0744797371303396,0.9165786694825766
3,14,irregular,2,165,217,52,142,23,75,0.8606060606060606,0.6543778801843319,0.7603686635944701,0.743455497382199
3,14,regular,3,1072,1052,20,1052,20,0,0.9813432835820896,1.0,1.0190114068441065,0.9905838041431261
3,14,semiregular,3,903,913,10,836,67,77,0.9258028792912514,0.9156626506024096,0.9890470974808324,0.9207048458149779
3,14,irregular,3,172,217,45,167,5,50,0.9709302325581395,0.7695852534562212,0.7926267281105991,0.8586118251928021
3,15,regular,1,997,964,33,964,33,0,0.966900702106319,1.0,1.0342323651452283,0.9831718510963794
3,15,semiregular,1,888,774,114,756,132,18,0.8513513513513513,0.9767441860465116,1.1472868217054264,0.9097472924187726
3,15,irregular,1,100,218,118,82,18,136,0.82,0.3761467889908257,0.45871559633027525,0.5157232704402516
3,15,regular,2,997,964,33,964,33,0,0.966900702106319,1.0,1.0342323651452283,0.9831718510963794
3,15,semiregular,2,801,774,27,726,75,48,0.9063670411985019,0.937984496124031,1.0348837209302326,0.9219047619047619
3,15,irregular,2,169,218,49,159,10,59,0.9408284023668639,0.7293577981651376,0.7752293577981652,0.8217054263565892
3,15,regular,3,1000,964,36,964,36,0,0.964,1.0,1.037344398340249,0.9816700610997963
3,15,semiregular,3,746,774,28,695,51,79,0.9316353887399463,0.8979328165374677,0.9638242894056848,0.9144736842105262
3,15,irregular,3,188,218,30,178,10,40,0.9468085106382979,0.8165137614678899,0.8623853211009175,0.8768472906403939
3,16,regular,1,1191,1109,82,1109,82,0,0.9311502938706969,1.0,1.0739404869251579,0.9643478260869566
3,16,semiregular,1,606,681,75,516,90,165,0.8514851485148515,0.7577092511013216,0.8898678414096917,0.8018648018648019
3,16,irregular,1,20,272,252,6,14,266,0.3,0.022058823529411766,0.07352941176470588,0.04109589041095891
3,16,regular,2,1192,1109,83,1109,83,0,0.9303691275167785,1.0,1.0748422001803426,0.963928726640591
3,16,semiregular,2,708,681,27,638,70,43,0.9011299435028248,0.9368575624082232,1.039647577092511,0.9186465082793376
3,16,irregular,2,166,272,106,150,16,122,0.9036144578313253,0.5514705882352942,0.6102941176470589,0.6849315068493151
3,16,regular,3,1178,1109,69,1108,70,1,0.9405772495755518,0.9990982867448152,1.0622182146077548,0.9689549628334061
3,16,semiregular,3,668,681,13,613,55,68,0.9176646706586826,0.9001468428781204,0.9809104258443465,0.9088213491475167
3,16,irregular,3,177,272,95,171,6,101,0.9661016949152542,0.6286764705882353,0.6507352941176471,0.7616926503340757
3,17,regular,1,1113,1029,84,1029,84,0,0.9245283018867925,1.0,1.0816326530612246,0.9607843137254902
3,17,semiregular,1,672,837,165,609,63,228,0.90625,0.7275985663082437,0.8028673835125448,0.8071570576540754
3,17,irregular,1,39,240,201,15,24,225,0.38461538461538464,0.0625,0.1625,0.10752688172043011
3,17,regular,2,1114,1029,85,1029,85,0,0.9236983842010772,1.0,1.0826044703595723,0.9603359776014933
3,17,semiregular,2,873,837,36,781,92,56,0.8946162657502864,0.9330943847072879,1.043010752688172,0.913450292397661
3,17,irregular,2,188,240,52,159,29,81,0.8457446808510638,0.6625,0.7833333333333333,0.7429906542056075
3,17,regular,3,1119,1029,90,1029,90,0,0.9195710455764075,1.0,1.087463556851312,0.9581005586592178
3,17,semiregular,3,821,837,16,768,53,69,0.9354445797807551,0.9175627240143369,0.980884109916368,0.9264173703256935
3,17,irregular,3,195,240,45,185,10,55,0.9487179487179487,0.7708333333333334,0.8125,0.8505747126436781
3,18,regular,1,1170,1044,126,1044,126,0,0.8923076923076924,1.0,1.1206896551724137,0.9430894308943091
3,18,semiregular,1,687,801,114,629,58,172,0.9155749636098981,0.7852684144818977,0.8576779026217228,0.8454301075268817
3,18,irregular,1,30,252,222,16,14,236,0.5333333333333333,0.06349206349206349,0.11904761904761904,0.11347517730496452
3,18,regular,2,1170,1044,126,1044,126,0,0.8923076923076924,1.0,1.1206896551724137,0.9430894308943091
3,18,semiregular,2,876,801,75,780,96,21,0.8904109589041096,0.9737827715355806,1.0936329588014981,0.9302325581395349
3,18,irregular,2,187,252,65,169,18,83,0.9037433155080213,0.6706349206349206,0.7420634920634921,0.7699316628701594
3,18,regular,3,1164,1044,120,1044,120,0,0.8969072164948454,1.0,1.1149425287356323,0.9456521739130436
3,18,semiregular,3,817,801,16,768,49,33,0.9400244798041616,0.9588014981273408,1.0199750312109863,0.9493201483312732
3,18,irregular,3,220,252,32,205,15,47,0.9318181818181818,0.8134920634920635,0.873015873015873,0.8686440677966101
3,19,regular,1,1188,1076,112,1075,113,1,0.9048821548821548,0.9990706319702602,1.104089219330855,0.9496466431095406
3,19,semiregular,1,794,753,41,697,97,56,0.8778337531486146,0.9256308100929614,1.0544488711819389,0.901098901098901
3,19,irregular,1,66,245,179,51,15,194,0.7727272727272727,0.20816326530612245,0.2693877551020408,0.3279742765273312
3,19,regular,2,1188,1076,112,1075,113,1,0.9048821548821548,0.9990706319702602,1.104089219330855,0.9496466431095406
3,19,semiregular,2,753,753,0,694,59,59,0.9216467463479415,0.9216467463479415,1.0,0.9216467463479415
3,19,irregular,2,160,245,85,143,17,102,0.89375,0.5836734693877551,0.6530612244897959,0.7061728395061727
3,19,regular,3,1175,1076,99,1075,100,1,0.9148936170212766,0.9990706319702602,1.092007434944238,0.9551310528653932
3,19,semiregular,3,706,753,47,656,50,97,0.9291784702549575,0.8711819389110226,0.9375830013280213,0.8992460589444825
3,19,irregular,3,193,245,52,181,12,64,0.9378238341968912,0.7387755102040816,0.7877551020408163,0.8264840182648401
3,20,regular,1,1193,1251,58,1188,5,63,0.9958088851634534,0.9496402877697842,0.9536370903277378,0.9721767594108021
3,20,semiregular,1,942,841,101,785,157,56,0.8333333333333334,0.9334126040428062,1.1200951248513675,0.8805384183959619
3,20,irregular,1,70,252,182,53,17,199,0.7571428571428571,0.21031746031746032,0.2777777777777778,0.32919254658385094
3,20,regular,2,1194,1251,57,1188,6,63,0.9949748743718593,0.9496402877697842,0.9544364508393285,0.9717791411042944
3,20,semiregular,2,904,841,63,772,132,69,0.8539823008849557,0.9179548156956004,1.074910820451843,0.8848137535816618
3,20,irregular,2,176,252,76,165,11,87,0.9375,0.6547619047619048,0.6984126984126984,0.7710280373831776
3,20,regular,3,1199,1251,52,1193,6,58,0.9949958298582152,0.9536370903277378,0.9584332533972821,0.9738775510204081
3,20,semiregular,3,819,841,22,740,79,101,0.9035409035409036,0.8799048751486326,0.9738406658739596,0.8915662650602411
3,20,irregular,3,199,252,53,185,14,67,0.9296482412060302,0.7341269841269841,0.7896825396825397,0.8203991130820399
3,21,regular,1,1015,920,95,920,95,0,0.9064039408866995,1.0,1.1032608695652173,0.9509043927648578
3,21,semiregular,1,743,549,194,519,224,30,0.6985195154777928,0.9453551912568307,1.3533697632058288,0.8034055727554179
3,21,irregular,1,99,204,105,80,19,124,0.8080808080808081,0.39215686274509803,0.4852941176470588,0.528052805280528
3,21,regular,2,1016,920,96,920,96,0,0.905511811023622,1.0,1.1043478260869566,0.9504132231404958
3,21,semiregular,2,720,549,171,540,180,9,0.75,0.9836065573770492,1.3114754098360655,0.8510638297872339
3,21,irregular,2,140,204,64,133,7,71,0.95,0.6519607843137255,0.6862745098039216,0.7732558139534883
3,21,regular,3,1009,920,89,920,89,0,0.9117938553022795,1.0,1.0967391304347827,0.9538621047174702
3,21,semiregular,3,657,549,108,534,123,15,0.8127853881278538,0.9726775956284153,1.1967213114754098,0.8855721393034824
3,21,irregular,3,191,204,13,174,17,30,0.9109947643979057,0.8529411764705882,0.9362745098039216,0.8810126582278481
3,22,regular,1,1058,946,112,946,112,0,0.8941398865784499,1.0,1.1183932346723044,0.9441117764471059
3,22,semiregular,1,871,703,168,688,183,15,0.7898966704936854,0.9786628733997155,1.2389758179231865,0.8742058449809403
3,22,irregular,1,50,247,197,36,14,211,0.72,0.145748987854251,0.20242914979757085,0.24242424242424238
3,22,regular,2,1059,946,113,946,113,0,0.8932955618508026,1.0,1.1194503171247356,0.943640897755611
3,22,semiregular,2,802,703,99,688,114,15,0.85785536159601,0.9786628733997155,1.1408250355618776,0.9142857142857143
3,22,irregular,2,135,247,112,128,7,119,0.9481481481481482,0.5182186234817814,0.5465587044534413,0.6701570680628273
3,22,regular,3,1048,946,102,946,102,0,0.9026717557251909,1.0,1.1078224101479917,0.9488465396188566
3,22,semiregular,3,738,703,35,664,74,39,0.8997289972899729,0.9445234708392604,1.0497866287339972,0.9215822345593339
3,22,irregular,3,201,247,46,180,21,67,0.8955223880597015,0.728744939271255,0.8137651821862348,0.8035714285714286
3,23,regular,1,1068,999,69,999,69,0,0.9353932584269663,1.0,1.0690690690690692,0.9666182873730043
3,23,semiregular,1,948,835,113,803,145,32,0.8470464135021097,0.9616766467065868,1.1353293413173653,0.9007291082445318
3,23,irregular,1,38,266,228,3,35,263,0.07894736842105263,0.011278195488721804,0.14285714285714285,0.019736842105263157
3,23,regular,2,1066,999,67,999,67,0,0.9371482176360225,1.0,1.067067067067067,0.9675544794188862
3,23,semiregular,2,855,835,20,767,88,68,0.8970760233918129,0.918562874251497,1.0239520958083832,0.9076923076923078
3,23,irregular,2,184,266,82,175,9,91,0.9510869565217391,0.6578947368421053,0.6917293233082706,0.7777777777777778
3,23,regular,3,1074,999,75,999,75,0,0.9301675977653632,1.0,1.075075075075075,0.9638205499276411
3,23,semiregular,3,848,835,13,783,65,52,0.9233490566037735,0.9377245508982036,1.015568862275449,0.93048128342246
3,23,irregular,3,211,266,55,194,17,72,0.919431279620853,0.7293233082706767,0.793233082706767,0.8134171907756813
3,24,regular,1,1092,1079,13,1077,15,2,0.9862637362637363,0.9981464318813716,1.0120481927710843,0.992169507139567
3,24,semiregular,1,686,680,6,614,72,66,0.8950437317784257,0.9029411764705882,1.0088235294117647,0.8989751098096633
3,24,irregular,1,75,247,172,57,18,190,0.76,0.23076923076923078,0.30364372469635625,0.35403726708074534
3,24,regular,2,1093,1079,14,1077,16,2,0.9853613906678865,0.9981464318813716,1.0129749768303986,0.9917127071823204
3,24,semiregular,2,658,680,22,602,56,78,0.9148936170212766,0.8852941176470588,0.9676470588235294,0.8998505231689089
3,24,irregular,2,137,247,110,133,4,114,0.9708029197080292,0.5384615384615384,0.5546558704453441,0.6927083333333335
3,24,regular,3,1096,1079,17,1079,17,0,0.9844890510948905,1.0,1.015755329008341,0.992183908045977
3,24,semiregular,3,644,680,36,610,34,70,0.9472049689440993,0.8970588235294118,0.9470588235294117,0.9214501510574019
3,24,irregular,3,212,247,35,197,15,50,0.9292452830188679,0.7975708502024291,0.8582995951417004,0.8583877995642701
3,25,regular,1,966,946,20,946,20,0,0.979296066252588,1.0,1.0211416490486258,0.9895397489539749
3,25,semiregular,1,778,718,60,655,123,63,0.8419023136246787,0.9122562674094707,1.083565459610028,0.8756684491978609
3,25,irregular,1,94,207,113,65,29,142,0.6914893617021277,0.3140096618357488,0.45410628019323673,0.4318936877076412
3,25,regular,2,966,946,20,946,20,0,0.979296066252588,1.0,1.0211416490486258,0.9895397489539749
3,25,semiregular,2,787,718,69,689,98,29,0.8754764930114358,0.9596100278551533,1.0961002785515321,0.9156146179401994
3,25,irregular,2,114,207,93,100,14,107,0.8771929824561403,0.4830917874396135,0.5507246376811594,0.6230529595015576
3,25,regular,3,972,946,26,946,26,0,0.9732510288065843,1.0,1.0274841437632136,0.986444212721585
3,25,semiregular,3,703,718,15,631,72,87,0.8975817923186344,0.8788300835654597,0.979108635097493,0.888106966924701
3,25,irregular,3,140,207,67,114,26,93,0.8142857142857143,0.5507246376811594,0.6763285024154589,0.6570605187319885
3,26,regular,1,1231,985,246,985,246,0,0.8001624695369618,1.0,1.249746192893401,0.8889891696750902
3,26,semiregular,1,861,720,141,699,162,21,0.8118466898954704,0.9708333333333333,1.1958333333333333,0.8842504743833016
3,26,irregular,1,100,214,114,72,28,142,0.72,0.3364485981308411,0.4672897196261682,0.45859872611464964
3,26,regular,2,1231,985,246,985,246,0,0.8001624695369618,1.0,1.249746192893401,0.8889891696750902
3,26,semiregular,2,761,720,41,681,80,39,0.8948751642575559,0.9458333333333333,1.0569444444444445,0.9196488858879136
3,26,irregular,2,132,214,82,107,25,107,0.8106060606060606,0.5,0.616822429906542,0.6184971098265896
3,26,regular,3,1210,985,225,985,225,0,0.8140495867768595,1.0,1.2284263959390862,0.89749430523918
3,26,semiregular,3,772,720,52,687,85,33,0.8898963730569949,0.9541666666666667,1.0722222222222222,0.9209115281501342
3,26,irregular,3,178,214,36,167,11,47,0.9382022471910112,0.780373831775701,0.8317757009345794,0.8520408163265307
3,27,regular,1,1190,1166,24,1166,24,0,0.9798319327731092,1.0,1.020583190394511,0.9898132427843802
3,27,semiregular,1,776,728,48,647,129,81,0.8337628865979382,0.8887362637362637,1.065934065934066,0.8603723404255318
3,27,irregular,1,36,270,234,14,22,256,0.3888888888888889,0.05185185185185185,0.13333333333333333,0.0915032679738562
3,27,regular,2,1190,1166,24,1166,24,0,0.9798319327731092,1.0,1.020583190394511,0.9898132427843802
3,27,semiregular,2,763,728,35,675,88,53,0.8846657929226737,0.9271978021978022,1.0480769230769231,0.9054325955734407
3,27,irregular,2,193,270,77,172,21,98,0.8911917098445595,0.6370370370370371,0.7148148148148148,0.7429805615550757
3,27,regular,3,1194,1166,28,1166,28,0,0.9765494137353434,1.0,1.0240137221269296,0.9881355932203391
3,27,semiregular,3,710,728,18,649,61,79,0.9140845070422535,0.8914835164835165,0.9752747252747253,0.9026425591098748
3,27,irregular,3,227,270,43,210,17,60,0.9251101321585903,0.7777777777777778,0.8407407407407408,0.8450704225352114
3,28,regular,1,1129,1098,31,1098,31,0,0.9725420726306466,1.0,1.0282331511839709,0.9860799281544679
3,28,semiregular,1,946,859,87,819,127,40,0.8657505285412262,0.9534342258440046,1.1012805587892898,0.9074792243767312
3,28,irregular,1,67,293,226,37,30,256,0.5522388059701493,0.12627986348122866,0.22866894197952217,0.20555555555555552
3,28,regular,2,1129,1098,31,1098,31,0,0.9725420726306466,1.0,1.0282331511839709,0.9860799281544679
3,28,semiregular,2,854,859,5,768,86,91,0.8992974238875878,0.8940628637951106,0.9941792782305006,0.8966725043782836
3,28,irregular,2,174,293,119,147,27,146,0.8448275862068966,0.5017064846416383,0.5938566552901023,0.6295503211991436
3,28,regular,3,1134,1098,36,1098,36,0,0.9682539682539683,1.0,1.0327868852459017,0.9838709677419354
3,28,semiregular,3,850,859,9,788,62,71,0.9270588235294117,0.9173457508731082,0.989522700814901,0.9221767115272088
3,28,irregular,3,202,293,91,187,15,106,0.9257425742574258,0.6382252559726962,0.689419795221843,0.7555555555555555
3,29,regular,1,1167,1140,27,1140,27,0,0.9768637532133676,1.0,1.0236842105263158,0.9882964889466841
3,29,semiregular,1,1049,869,180,837,212,32,0.797902764537655,0.9631760644418872,1.2071346375143843,0.8727841501564129
3,29,irregular,1,87,247,160,72,15,175,0.8275862068965517,0.291497975708502,0.3522267206477733,0.43113772455089816
3,29,regular,2,1168,1140,28,1140,28,0,0.976027397260274,1.0,1.024561403508772,0.9878682842287695
3,29,semiregular,2,1064,869,195,863,201,6,0.8110902255639098,0.9930955120828538,1.2243958573072498,0.892912571132954
3,29,irregular,2,197,247,50,170,27,77,0.8629441624365483,0.6882591093117408,0.7975708502024291,0.7657657657657657
3,29,regular,3,1166,1140,26,1140,26,0,0.9777015437392796,1.0,1.0228070175438597,0.9887250650477017
3,29,semiregular,3,917,869,48,816,101,53,0.8898582333696837,0.9390103567318757,1.0552359033371692,0.9137737961926091
3,29,irregular,3,207,247,40,191,16,56,0.9227053140096618,0.7732793522267206,0.8380566801619433,0.8414096916299558
3,30,regular,1,1042,997,45,997,45,0,0.9568138195777351,1.0,1.045135406218656,0.9779303580186366
3,30,semiregular,1,830,810,20,740,90,70,0.891566265060241,0.9135802469135802,1.0246913580246915,0.9024390243902438
3,30,irregular,1,120,250,130,81,39,169,0.675,0.324,0.48,0.43783783783783786
3,30,regular,2,1042,997,45,997,45,0,0.9568138195777351,1.0,1.045135406218656,0.9779303580186366
3,30,semiregular,2,821,810,11,744,77,66,0.9062119366626066,0.9185185185185185,1.0135802469135802,0.9123237277743717
3,30,irregular,2,148,250,102,137,11,113,0.9256756756756757,0.548,0.592,0.6884422110552764
3,30,regular,3,1047,997,50,997,50,0,0.9522445081184336,1.0,1.0501504513540623,0.9755381604696673
3,30,semiregular,3,795,810,15,743,52,67,0.9345911949685535,0.917283950617284,0.9814814814814815,0.9258566978193147
3,30,irregular,3,199,250,51,182,17,68,0.914572864321608,0.728,0.796,0.8106904231625834
4,1,regular,1,1085,937,148,937,148,0,0.8635944700460829,1.0,1.1579509071504803,0.9268051434223541
4,1,semiregular,1,833,703,130,684,149,19,0.8211284513805522,0.972972972972973,1.1849217638691323,0.8906250000000001
4,1,irregular,1,66,199,133,56,10,143,0.8484848484848485,0.2814070351758794,0.3316582914572864,0.4226415094339623
4,1,regular,2,1067,937,130,937,130,0,0.8781630740393627,1.0,1.1387406616862326,0.935129740518962
4,1,semiregular,2,814,703,111,677,137,26,0.8316953316953317,0.9630156472261735,1.1578947368421053,0.8925510876730389
4,1,irregular,2,98,199,101,97,1,102,0.9897959183673469,0.48743718592964824,0.49246231155778897,0.6531986531986532
4,1,regular,3,1077,937,140,937,140,0,0.8700092850510678,1.0,1.1494130202774813,0.9304865938430984
4,1,semiregular,3,797,703,94,671,126,32,0.8419071518193224,0.9544807965860598,1.1337126600284495,0.8946666666666666
4,1,irregular,3,160,199,39,154,6,45,0.9625,0.7738693467336684,0.8040201005025126,0.8579387186629527
4,2,regular,1,1241,1224,17,1219,22,5,0.9822723609991942,0.9959150326797386,1.0138888888888888,0.9890466531440163
4,2,semiregular,1,608,647,39,569,39,78,0.9358552631578947,0.8794435857805255,0.9397217928902627,0.9067729083665338
4,2,irregular,1,52,217,165,36,16,181,0.6923076923076923,0.16589861751152074,0.23963133640552994,0.2676579925650558
4,2,regular,2,1241,1224,17,1219,22,5,0.9822723609991942,0.9959150326797386,1.0138888888888888,0.9890466531440163
4,2,semiregular,2,628,647,19,597,31,50,0.9506369426751592,0.9227202472952086,0.9706336939721792,0.9364705882352942
4,2,irregular,2,105,217,112,101,4,116,0.9619047619047619,0.46543778801843316,0.4838709677419355,0.6273291925465838
4,2,regular,3,1245,1224,21,1220,25,4,0.9799196787148594,0.9967320261437909,1.017156862745098,0.9882543539894695
4,2,semiregular,3,643,647,4,606,37,41,0.942457231726283,0.9366306027820711,0.9938176197836167,0.9395348837209303
4,2,irregular,3,181,217,36,178,3,39,0.9834254143646409,0.8202764976958525,0.8341013824884793,0.8944723618090452
4,3,regular,1,1047,1053,6,1043,4,10,0.9961795606494747,0.9905033238366572,0.9943019943019943,0.9933333333333333
4,3,semiregular,1,752,716,36,668,84,48,0.8882978723404256,0.9329608938547486,1.0502793296089385,0.9100817438692097
4,3,irregular,1,92,224,132,78,14,146,0.8478260869565217,0.3482142857142857,0.4107142857142857,0.49367088607594933
4,3,regular,2,1047,1053,6,1043,4,10,0.9961795606494747,0.9905033238366572,0.9943019943019943,0.9933333333333333
4,3,semiregular,2,732,716,16,659,73,57,0.9002732240437158,0.9203910614525139,1.0223463687150838,0.910220994475138
4,3,irregular,2,140,224,84,131,9,93,0.9357142857142857,0.5848214285714286,0.625,0.7197802197802198
4,3,regular,3,1051,1053,2,1046,5,7,0.9952426260704091,0.99335232668566,0.9981006647673314,0.9942965779467681
4,3,semiregular,3,718,716,2,657,61,59,0.915041782729805,0.9175977653631285,1.0027932960893855,0.9163179916317991
4,3,irregular,3,175,224,49,168,7,56,0.96,0.75,0.78125,0.8421052631578947
4,4,regular,1,1183,1101,82,1101,82,0,0.9306846999154691,1.0,1.0744777475022707,0.9640980735551664
4,4,semiregular,1,729,614,115,580,149,34,0.7956104252400549,0.9446254071661238,1.1872964169381108,0.8637379002233805
4,4,irregular,1,51,228,177,37,14,191,0.7254901960784313,0.16228070175438597,0.2236842105263158,0.26523297491039427
4,4,regular,2,1183,1101,82,1101,82,0,0.9306846999154691,1.0,1.0744777475022707,0.9640980735551664
4,4,semiregular,2,664,614,50,575,89,39,0.8659638554216867,0.9364820846905537,1.0814332247557004,0.8998435054773082
4,4,irregular,2,105,228,123,103,2,125,0.9809523809523809,0.4517543859649123,0.4605263157894737,0.6186186186186186
4,4,regular,3,1175,1101,74,1101,74,0,0.9370212765957446,1.0,1.0672116257947322,0.9674868189806678
4,4,semiregular,3,683,614,69,580,103,34,0.849194729136164,0.9446254071661238,1.1123778501628665,0.8943716268311488
4,4,irregular,3,165,228,63,160,5,68,0.9696969696969697,0.7017543859649122,0.7236842105263158,0.8142493638676845
4,5,regular,1,1105,1044,61,1044,61,0,0.9447963800904977,1.0,1.0584291187739463,0.9716147045137273
4,5,semiregular,1,806,668,138,645,161,23,0.8002481389578163,0.9655688622754491,1.2065868263473054,0.8751696065128901
4,5,irregular,1,72,217,145,59,13,158,0.8194444444444444,0.271889400921659,0.3317972350230415,0.4083044982698961
4,5,regular,2,1106,1044,62,1044,62,0,0.9439421338155516,1.0,1.0593869731800767,0.9711627906976744
4,5,semiregular,2,808,668,140,657,151,11,0.8131188118811881,0.9835329341317365,1.2095808383233533,0.8902439024390244
4,5,irregular,2,126,217,91,121,5,96,0.9603174603174603,0.5576036866359447,0.5806451612903226,0.7055393586005831
4,5,regular,3,1105,1044,61,1044,61,0,0.9447963800904977,1.0,1.0584291187739463,0.9716147045137273
4,5,semiregular,3,798,668,130,652,146,16,0.8170426065162907,0.9760479041916168,1.1946107784431137,0.8894952251023194
4,5,irregular,3,176,217,41,169,7,48,0.9602272727272727,0.7788018433179723,0.8110599078341014,0.8600508905852418
4,6,regular,1,1039,915,124,915,124,0,0.8806544754571703,1.0,1.1355191256830601,0.9365404298874105
4,6,semiregular,1,749,701,48,657,92,44,0.87716955941255,0.9372325249643366,1.0684736091298146,0.906206896551724
4,6,irregular,1,63,195,132,39,24,156,0.6190476190476191,0.2,0.3230769230769231,0.3023255813953489
4,6,regular,2,1039,915,124,915,124,0,0.8806544754571703,1.0,1.1355191256830601,0.9365404298874105
4,6,semiregular,2,747,701,46,667,80,34,0.892904953145917,0.9514978601997147,1.065620542082739,0.9212707182320442
4,6,irregular,2,135,195,60,91,44,104,0.674074074074074,0.4666666666666667,0.6923076923076923,0.5515151515151515
4,6,regular,3,1033,915,118,915,118,0,0.8857696030977735,1.0,1.1289617486338799,0.9394250513347023
4,6,semiregular,3,746,701,45,667,79,34,0.8941018766756033,0.9514978601997147,1.0641940085592012,0.9219073946095369
4,6,irregular,3,163,195,32,147,16,48,0.901840490797546,0.7538461538461538,0.8358974358974359,0.8212290502793296
4,7,regular,1,1313,1230,83,1230,83,0,0.9367859862909368,1.0,1.0674796747967479,0.9673613841918993
4,7,semiregular,1,876,761,115,725,151,36,0.8276255707762558,0.9526938239159002,1.1511169513797634,0.8857666463042151
4,7,irregular,1,15,225,210,3,12,222,0.2,0.013333333333333334,0.06666666666666667,0.025
4,7,regular,2,1313,1230,83,1229,84,1,0.9360243716679361,0.9991869918699187,1.0674796747967479,0.9665749115218246
4,7,semiregular,2,801,761,40,704,97,57,0.8789013732833958,0.9250985545335085,1.052562417871222,0.9014084507042254
4,7,irregular,2,103,225,122,98,5,127,0.9514563106796117,0.43555555555555553,0.4577777777777778,0.5975609756097561
4,7,regular,3,1309,1230,79,1230,79,0,0.9396485867074102,1.0,1.0642276422764227,0.968885387948011
4,7,semiregular,3,836,761,75,724,112,37,0.8660287081339713,0.9513797634691196,1.0985545335085414,0.9067000626174077
4,7,irregular,3,171,225,54,164,7,61,0.9590643274853801,0.7288888888888889,0.76,0.8282828282828284
4,8,regular,1,1083,1035,48,1035,48,0,0.9556786703601108,1.0,1.046376811594203,0.9773371104815864
4,8,semiregular,1,893,827,66,771,122,56,0.8633818589025756,0.932285368802902,1.0798065296251511,0.8965116279069768
4,8,irregular,1,87,243,156,63,24,180,0.7241379310344828,0.25925925925925924,0.35802469135802467,0.38181818181818183
4,8,regular,2,1083,1035,48,1034,49,1,0.9547553093259464,0.9990338164251208,1.046376811594203,0.9763928234183191
4,8,semiregular,2,851,827,24,766,85,61,0.900117508813161,0.9262394195888755,1.0290205562273278,0.9129916567342075
4,8,irregular,2,139,243,104,128,11,115,0.920863309352518,0.5267489711934157,0.5720164609053497,0.6701570680628273
4,8,regular,3,1086,1035,51,1034,52,1,0.9521178637200737,0.9990338164251208,1.0492753623188407,0.975011786892975
4,8,semiregular,3,866,827,39,782,84,45,0.9030023094688222,0.9455864570737605,1.0471584038694075,0.9238038984051979
4,8,irregular,3,187,243,56,181,6,62,0.9679144385026738,0.7448559670781894,0.7695473251028807,0.8418604651162791
4,9,regular,1,1100,1107,7,1094,6,13,0.9945454545454545,0.988256549232159,0.993676603432701,0.9913910285455368
4,9,semiregular,1,636,701,65,595,41,106,0.9355345911949685,0.8487874465049928,0.9072753209700428,0.8900523560209423
4,9,irregular,1,77,266,189,61,16,205,0.7922077922077922,0.22932330827067668,0.2894736842105263,0.3556851311953353
4,9,regular,2,1100,1107,7,1095,5,12,0.9954545454545455,0.989159891598916,0.993676603432701,0.9922972360670594
4,9,semiregular,2,630,701,71,591,39,110,0.9380952380952381,0.8430813124108416,0.8987161198288159,0.8880540946656649
4,9,irregular,2,129,266,137,118,11,148,0.9147286821705426,0.44360902255639095,0.4849624060150376,0.5974683544303797
4,9,regular,3,1105,1107,2,1099,6,8,0.9945701357466064,0.992773261065944,0.998193315266486,0.9936708860759493
4,9,semiregular,3,673,701,28,639,34,62,0.9494799405646359,0.9115549215406562,0.9600570613409415,0.9301310043668122
4,9,irregular,3,207,266,59,199,8,67,0.961352657004831,0.7481203007518797,0.7781954887218046,0.8414376321353066
4,10,regular,1,1190,1014,176,1014,176,0,0.8521008403361344,1.0,1.1735700197238659,0.9201451905626133
4,10,semiregular,1,718,656,62,641,77,15,0.8927576601671309,0.9771341463414634,1.0945121951219512,0.9330422125181951
4,10,irregular,1,81,247,166,68,13,179,0.8395061728395061,0.27530364372469635,0.32793522267206476,0.41463414634146345
4,10,regular,2,1143,1014,129,1014,129,0,0.8871391076115486,1.0,1.1272189349112427,0.9401947148817803
4,10,semiregular,2,675,656,19,617,58,39,0.914074074074074,0.9405487804878049,1.0289634146341464,0.927122464312547
4,10,irregular,2,109,247,138,106,3,141,0.9724770642201835,0.4291497975708502,0.44129554655870445,0.5955056179775281
4,10,regular,3,1158,1014,144,1014,144,0,0.8756476683937824,1.0,1.1420118343195267,0.9337016574585635
4,10,semiregular,3,691,656,35,629,62,27,0.91027496382055,0.9588414634146342,1.0533536585365855,0.9339272457312547
4,10,irregular,3,171,247,76,162,9,85,0.9473684210526315,0.6558704453441295,0.6923076923076923,0.7751196172248802
4,11,regular,1,1138,1070,68,1070,68,0,0.9402460456942003,1.0,1.063551401869159,0.9692028985507246
4,11,semiregular,1,814,700,114,682,132,18,0.8378378378378378,0.9742857142857143,1.1628571428571428,0.9009247027741083
4,11,irregular,1,79,239,160,68,11,171,0.8607594936708861,0.28451882845188287,0.3305439330543933,0.42767295597484284
4,11,regular,2,1139,1070,69,1070,69,0,0.9394205443371378,1.0,1.0644859813084113,0.9687641466727026
4,11,semiregular,2,740,700,40,661,79,39,0.8932432432432432,0.9442857142857143,1.0571428571428572,0.9180555555555555
4,11,irregular,2,126,239,113,115,11,124,0.9126984126984127,0.4811715481171548,0.5271966527196653,0.6301369863013698
4,11,regular,3,1132,1070,62,1070,62,0,0.9452296819787986,1.0,1.0579439252336449,0.971843778383288
4,11,semiregular,3,737,700,37,648,89,52,0.8792401628222524,0.9257142857142857,1.052857142857143,0.9018789144050104
4,11,irregular,3,176,239,63,169,7,70,0.9602272727272727,0.7071129707112971,0.7364016736401674,0.8144578313253011
4,12,regular,1,1122,1007,115,1007,115,0,0.8975044563279857,1.0,1.1142005958291956,0.9459840300610615
4,12,semiregular,1,793,641,152,627,166,14,0.7906683480453972,0.9781591263650546,1.2371294851794072,0.8744769874476988
4,12,irregular,1,110,204,94,88,22,116,0.8,0.43137254901960786,0.5392156862745098,0.5605095541401275
4,12,regular,2,1122,1007,115,1007,115,0,0.8975044563279857,1.0,1.1142005958291956,0.9459840300610615
4,12,semiregular,2,730,641,89,601,129,40,0.8232876712328767,0.9375975039001561,1.138845553822153,0.8767323121808899
4,12,irregular,2,138,204,66,126,12,78,0.9130434782608695,0.6176470588235294,0.6764705882352942,0.7368421052631579
4,12,regular,3,1115,1007,108,1007,108,0,0.9031390134529148,1.0,1.1072492552135054,0.9491046182846372
4,12,semiregular,3,725,641,84,611,114,30,0.8427586206896551,0.953198127925117,1.1310452418096724,0.8945827232796485
4,12,irregular,3,177,204,27,166,11,38,0.9378531073446328,0.8137254901960784,0.8676470588235294,0.8713910761154856
4,13,regular,1,1098,1000,98,1000,98,0,0.9107468123861566,1.0,1.098,0.9532888465204957
4,13,semiregular,1,912,815,97,803,109,12,0.8804824561403509,0.9852760736196319,1.1190184049079754,0.929936305732484
4,13,irregular,1,101,216,115,72,29,144,0.7128712871287128,0.3333333333333333,0.4675925925925926,0.45425867507886436
4,13,regular,2,1098,1000,98,1000,98,0,0.9107468123861566,1.0,1.098,0.9532888465204957
4,13,semiregular,2,861,815,46,782,79,33,0.908246225319396,0.9595092024539877,1.056441717791411,0.9331742243436755
4,13,irregular,2,161,216,55,147,14,69,0.9130434782608695,0.6805555555555556,0.7453703703703703,0.7798408488063661
4,13,regular,3,1088,1000,88,1000,88,0,0.9191176470588235,1.0,1.088,0.9578544061302682
4,13,semiregular,3,840,815,25,779,61,36,0.9273809523809524,0.9558282208588957,1.030674846625767,0.9413897280966768
4,13,irregular,3,186,216,30,180,6,36,0.967741935483871,0.8333333333333334,0.8611111111111112,0.8955223880597015
4,14,regular,1,1068,1052,16,1052,16,0,0.9850187265917603,1.0,1.015209125475285,0.9924528301886792
4,14,semiregular,1,932,913,19,855,77,58,0.9173819742489271,0.9364731653888281,1.0208105147864184,0.926829268292683
4,14,irregular,1,70,217,147,56,14,161,0.8,0.25806451612903225,0.3225806451612903,0.3902439024390244
4,14,regular,2,1068,1052,16,1052,16,0,0.9850187265917603,1.0,1.015209125475285,0.9924528301886792
4,14,semiregular,2,951,913,38,869,82,44,0.9137749737118822,0.9518072289156626,1.0416210295728368,0.9324034334763949
4,14,irregular,2,157,217,60,143,14,74,0.910828025477707,0.6589861751152074,0.7235023041474654,0.7647058823529412
4,14,regular,3,1072,1052,20,1052,20,0,0.9813432835820896,1.0,1.0190114068441065,0.9905838041431261
4,14,semiregular,3,946,913,33,870,76,43,0.919661733615222,0.9529025191675794,1.036144578313253,0.9359870898332435
4,14,irregular,3,163,217,54,162,1,55,0.9938650306748467,0.7465437788018433,0.7511520737327189,0.8526315789473684
4,15,regular,1,1000,964,36,964,36,0,0.964,1.0,1.037344398340249,0.9816700610997963
4,15,semiregular,1,862,774,88,757,105,17,0.8781902552204176,0.9780361757105943,1.1136950904392764,0.9254278728606357
4,15,irregular,1,103,218,115,91,12,127,0.883495145631068,0.41743119266055045,0.4724770642201835,0.5669781931464174
4,15,regular,2,1000,964,36,964,36,0,0.964,1.0,1.037344398340249,0.9816700610997963
4,15,semiregular,2,799,774,25,732,67,42,0.9161451814768461,0.9457364341085271,1.0322997416020672,0.9307056579783852
4,15,irregular,2,166,218,52,165,1,53,0.9939759036144579,0.7568807339449541,0.7614678899082569,0.8593749999999999
4,15,regular,3,1000,964,36,964,36,0,0.964,1.0,1.037344398340249,0.9816700610997963
4,15,semiregular,3,789,774,15,726,63,48,0.9201520912547528,0.937984496124031,1.0193798449612403,0.9289827255278311
4,15,irregular,3,180,218,38,176,4,42,0.9777777777777777,0.8073394495412844,0.8256880733944955,0.8844221105527638
4,16,regular,1,1195,1109,86,1109,86,0,0.9280334728033472,1.0,1.0775473399458972,0.962673611111111
4,16,semiregular,1,771,681,90,643,128,38,0.833981841763943,0.9441997063142438,1.13215859030837,0.8856749311294766
4,16,irregular,1,57,272,215,45,12,227,0.7894736842105263,0.16544117647058823,0.20955882352941177,0.27355623100303955
4,16,regular,2,1195,1109,86,1109,86,0,0.9280334728033472,1.0,1.0775473399458972,0.962673611111111
4,16,semiregular,2,721,681,40,643,78,38,0.8918169209431346,0.9441997063142438,1.0587371512481645,0.9172610556348074
4,16,irregular,2,134,272,138,126,8,146,0.9402985074626866,0.4632352941176471,0.49264705882352944,0.6206896551724139
4,16,regular,3,1189,1109,80,1109,80,0,0.9327165685449958,1.0,1.0721370604147882,0.9651871192341166
4,16,semiregular,3,713,681,32,632,81,49,0.8863955119214586,0.9280469897209985,1.0469897209985315,0.9067431850789097
4,16,irregular,3,175,272,97,173,2,99,0.9885714285714285,0.6360294117647058,0.6433823529411765,0.774049217002237
4,17,regular,1,1116,1029,87,1029,87,0,0.9220430107526881,1.0,1.0845481049562682,0.9594405594405595
4,17,semiregular,1,887,837,50,783,104,54,0.882750845546787,0.9354838709677419,1.05973715651135,0.9083526682134571
4,17,irregular,1,73,240,167,56,17,184,0.7671232876712328,0.23333333333333334,0.30416666666666664,0.35782747603833864
4,17,regular,2,1116,1029,87,1029,87,0,0.9220430107526881,1.0,1.0845481049562682,0.9594405594405595
4,17,semiregular,2,874,837,37,799,75,38,0.914187643020595,0.954599761051374,1.044205495818399,0.9339567504383401
4,17,irregular,2,169,240,71,147,22,93,0.8698224852071006,0.6125,0.7041666666666667,0.7188264058679706
4,17,regular,3,1119,1029,90,1029,90,0,0.9195710455764075,1.0,1.087463556851312,0.9581005586592178
4,17,semiregular,3,854,837,17,793,61,44,0.9285714285714286,0.9474313022700119,1.020310633213859,0.9379065641632172
4,17,irregular,3,189,240,51,185,4,55,0.9788359788359788,0.7708333333333334,0.7875,0.8624708624708625
4,18,regular,1,1173,1044,129,1043,130,1,0.8891730605285593,0.9990421455938697,1.1235632183908046,0.9409111411817772
4,18,semiregular,1,871,801,70,769,102,32,0.8828932261768083,0.9600499375780275,1.087390761548065,0.9198564593301435
4,18,irregular,1,81,252,171,62,19,190,0.7654320987654321,0.24603174603174602,0.32142857142857145,0.37237237237237236
4,18,regular,2,1173,1044,129,1044,129,0,0.8900255754475703,1.0,1.1235632183908046,0.9418132611637348
4,18,semiregular,2,870,801,69,779,91,22,0.8954022988505748,0.9725343320848939,1.0861423220973783,0.9323758228605628
4,18,irregular,2,171,252,81,160,11,92,0.935672514619883,0.6349206349206349,0.6785714285714286,0.7565011820330969
4,18,regular,3,1159,1044,115,1044,115,0,0.9007765314926661,1.0,1.1101532567049808,0.9477984566500227
4,18,semiregular,3,830,801,29,766,64,35,0.9228915662650602,0.9563046192259675,1.0362047440699127,0.9393010423053341
4,18,irregular,3,205,252,47,194,11,58,0.9463414634146341,0.7698412698412699,0.8134920634920635,0.8490153172866521
4,19,regular,1,1191,1076,115,1075,116,1,0.9026028547439127,0.9990706319702602,1.1068773234200744,0.9483899426554919
4,19,semiregular,1,779,753,26,704,75,49,0.9037227214377407,0.9349269588313412,1.0345285524568393,0.9190600522193212
4,19,irregular,1,90,245,155,74,16,171,0.8222222222222222,0.3020408163265306,0.3673469387755102,0.44179104477611936
4,19,regular,2,1191,1076,115,1075,116,1,0.9026028547439127,0.9990706319702602,1.1068773234200744,0.9483899426554919
4,19,semiregular,2,752,753,1,698,54,55,0.9281914893617021,0.9269588313413014,0.99867197875166,0.9275747508305647
4,19,irregular,2,129,245,116,119,10,126,0.9224806201550387,0.4857142857142857,0.5265306122448979,0.6363636363636365
4,19,regular,3,1177,1076,101,1075,102,1,0.913338997451147,0.9990706319702602,1.0938661710037174,0.954283177984909
4,19,semiregular,3,729,753,24,671,58,82,0.9204389574759945,0.8911022576361222,0.9681274900398407,0.9055330634278003
4,19,irregular,3,173,245,72,167,6,78,0.9653179190751445,0.6816326530612244,0.7061224489795919,0.799043062200957
4,20,regular,1,1197,1251,54,1191,6,60,0.9949874686716792,0.9520383693045563,0.9568345323741008,0.9730392156862744
4,20,semiregular,1,934,841,93,787,147,54,0.8426124197002142,0.9357907253269917,1.1105826397146255,0.8867605633802818
4,20,irregular,1,81,252,171,60,21,192,0.7407407407407407,0.23809523809523808,0.32142857142857145,0.36036036036036034
4,20,regular,2,1166,1251,85,1161,5,90,0.9957118353344768,0.9280575539568345,0.9320543565147882,0.9606950765411668
4,20,semiregular,2,820,841,21,711,109,130,0.8670731707317073,0.845422116527943,0.9750297265160524,0.8561107766405779
4,20,irregular,2,138,252,114,130,8,122,0.9420289855072463,0.5158730158730159,0.5476190476190477,0.6666666666666666
4,20,regular,3,1197,1251,54,1192,5,59,0.9958228905597326,0.9528377298161471,0.9568345323741008,0.9738562091503267
4,20,semiregular,3,859,841,18,749,110,92,0.8719441210710128,0.8906064209274673,1.0214030915576695,0.8811764705882353
4,20,irregular,3,196,252,56,185,11,67,0.9438775510204082,0.7341269841269841,0.7777777777777778,0.8258928571428571
4,21,regular,1,1018,920,98,920,98,0,0.9037328094302554,1.0,1.1065217391304347,0.9494324045407636
4,21,semiregular,1,703,549,154,524,179,25,0.7453769559032717,0.9544626593806922,1.2805100182149363,0.8370607028753994
4,21,irregular,1,91,204,113,80,11,124,0.8791208791208791,0.39215686274509803,0.44607843137254904,0.5423728813559322
4,21,regular,2,1018,920,98,920,98,0,0.9037328094302554,1.0,1.1065217391304347,0.9494324045407636
4,21,semiregular,2,698,549,149,535,163,14,0.7664756446991404,0.9744990892531876,1.2714025500910746,0.8580593424218124
4,21,irregular,2,129,204,75,123,6,81,0.9534883720930233,0.6029411764705882,0.6323529411764706,0.7387387387387387
4,21,regular,3,1012,920,92,920,92,0,0.9090909090909091,1.0,1.1,0.9523809523809523
4,21,semiregular,3,708,549,159,539,169,10,0.7612994350282486,0.9817850637522769,1.289617486338798,0.8575974542561656
4,21,irregular,3,173,204,31,166,7,38,0.9595375722543352,0.8137254901960784,0.8480392156862745,0.8806366047745356
4,22,regular,1,1061,946,115,946,115,0,0.8916116870876531,1.0,1.1215644820295982,0.942700548081714
4,22,semiregular,1,847,703,144,689,158,14,0.8134592680047226,0.9800853485064012,1.2048364153627311,0.8890322580645161
4,22,irregular,1,66,247,181,55,11,192,0.8333333333333334,0.22267206477732793,0.26720647773279355,0.3514376996805112
4,22,regular,2,1062,946,116,946,116,0,0.8907721280602636,1.0,1.1226215644820297,0.9422310756972111
4,22,semiregular,2,779,703,76,687,92,16,0.8818998716302953,0.9772403982930299,1.1081081081081081,0.9271255060728745
4,22,irregular,2,110,247,137,102,8,145,0.9272727272727272,0.41295546558704455,0.44534412955465585,0.5714285714285714
4,22,regular,3,1055,946,109,946,109,0,0.8966824644549763,1.0,1.1152219873150107,0.945527236381809
4,22,semiregular,3,794,703,91,681,113,22,0.8576826196473551,0.968705547652916,1.1294452347083925,0.9098196392785572
4,22,irregular,3,178,247,69,171,7,76,0.9606741573033708,0.6923076923076923,0.7206477732793523,0.8047058823529413
4,23,regular,1,1071,999,72,999,72,0,0.9327731092436975,1.0,1.072072072072072,0.9652173913043478
4,23,semiregular,1,895,835,60,745,150,90,0.8324022346368715,0.8922155688622755,1.0718562874251496,0.861271676300578
4,23,irregular,1,28,266,238,5,23,261,0.17857142857142858,0.018796992481203006,0.10526315789473684,0.03401360544217687
4,23,regular,2,1044,999,45,980,64,19,0.9386973180076629,0.980980980980981,1.045045045045045,0.9593734703866862
4,23,semiregular,2,451,835,384,396,55,439,0.8780487804878049,0.474251497005988,0.5401197604790419,0.6158631415241058
4,23,irregular,2,0,266,266,0,0,266,-1,-1,0.0,-1
4,23,regular,3,1073,999,74,999,74,0,0.9310344827586207,1.0,1.0740740740740742,0.9642857142857143
4,23,semiregular,3,924,835,89,812,112,23,0.8787878787878788,0.9724550898203593,1.1065868263473053,0.9232518476407049
4,23,irregular,3,198,266,68,188,10,78,0.9494949494949495,0.706766917293233,0.7443609022556391,0.8103448275862069
4,24,regular,1,1095,1079,16,1078,17,1,0.9844748858447488,0.9990732159406858,1.0148285449490269,0.9917203311867525
4,24,semiregular,1,696,680,16,617,79,63,0.8864942528735632,0.9073529411764706,1.0235294117647058,0.8968023255813954
4,24,irregular,1,70,247,177,60,10,187,0.8571428571428571,0.242914979757085,0.2834008097165992,0.3785488958990536
4,24,regular,2,1096,1079,17,1077,19,2,0.9826642335766423,0.9981464318813716,1.015755329008341,0.9903448275862069
4,24,semiregular,2,661,680,19,612,49,68,0.9258698940998488,0.9,0.9720588235294118,0.912751677852349
4,24,irregular,2,107,247,140,106,1,141,0.9906542056074766,0.4291497975708502,0.4331983805668016,0.5988700564971752
4,24,regular,3,1097,1079,18,1078,19,1,0.9826800364630811,0.9990732159406858,1.0166821130676553,0.9908088235294118
4,24,semiregular,3,664,680,16,619,45,61,0.9322289156626506,0.9102941176470588,0.9764705882352941,0.9211309523809523
4,24,irregular,3,195,247,52,187,8,60,0.958974358974359,0.757085020242915,0.7894736842105263,0.8461538461538461
4,25,regular,1,969,946,23,946,23,0,0.9762641898864809,1.0,1.0243128964059196,0.9879895561357703
4,25,semiregular,1,769,718,51,671,98,47,0.8725617685305592,0.9345403899721448,1.0710306406685237,0.902488231338265
4,25,irregular,1,84,207,123,60,24,147,0.7142857142857143,0.2898550724637681,0.4057971014492754,0.41237113402061853
4,25,regular,2,969,946,23,946,23,0,0.9762641898864809,1.0,1.0243128964059196,0.9879895561357703
4,25,semiregular,2,783,718,65,694,89,24,0.8863346104725415,0.9665738161559888,1.0905292479108635,0.9247168554297135
4,25,irregular,2,109,207,98,93,16,114,0.8532110091743119,0.4492753623188406,0.5265700483091788,0.5886075949367089
4,25,regular,3,975,946,29,946,29,0,0.9702564102564103,1.0,1.0306553911205074,0.984903695991671
4,25,semiregular,3,717,718,1,633,84,85,0.8828451882845189,0.8816155988857939,0.9986072423398329,0.8822299651567945
4,25,irregular,3,98,207,109,92,6,115,0.9387755102040817,0.4444444444444444,0.47342995169082125,0.6032786885245902
4,26,regular,1,1234,985,249,985,249,0,0.7982171799027553,1.0,1.2527918781725889,0.8877872915727806
4,26,semiregular,1,856,720,136,703,153,17,0.8212616822429907,0.9763888888888889,1.1888888888888889,0.8921319796954315
4,26,irregular,1,130,214,84,102,28,112,0.7846153846153846,0.4766355140186916,0.6074766355140186,0.5930232558139534
4,26,regular,2,1058,985,73,985,73,0,0.9310018903591682,1.0,1.0741116751269035,0.9642682329906999
4,26,semiregular,2,772,720,52,685,87,35,0.8873056994818653,0.9513888888888888,1.0722222222222222,0.9182305630026809
4,26,irregular,2,77,214,137,66,11,148,0.8571428571428571,0.308411214953271,0.3598130841121495,0.45360824742268036
4,26,regular,3,1207,985,222,985,222,0,0.816072908036454,1.0,1.2253807106598984,0.8987226277372262
4,26,semiregular,3,754,720,34,671,83,49,0.889920424403183,0.9319444444444445,1.0472222222222223,0.9104477611940299
4,26,irregular,3,162,214,52,157,5,57,0.9691358024691358,0.7336448598130841,0.7570093457943925,0.8351063829787234
4,27,regular,1,1193,1166,27,1166,27,0,0.9773679798826488,1.0,1.023156089193825,0.9885544722339974
4,27,semiregular,1,755,728,27,649,106,79,0.8596026490066225,0.8914835164835165,1.0370879120879122,0.8752528658125422
4,27,irregular,1,62,270,208,50,12,220,0.8064516129032258,0.18518518518518517,0.22962962962962963,0.30120481927710846
4,27,regular,2,1193,1166,27,1166,27,0,0.9773679798826488,1.0,1.023156089193825,0.9885544722339974
4,27,semiregular,2,761,728,33,681,80,47,0.8948751642575559,0.9354395604395604,1.0453296703296704,0.9147078576225655
4,27,irregular,2,152,270,118,145,7,125,0.9539473684210527,0.5370370370370371,0.562962962962963,0.6872037914691943
4,27,regular,3,1197,1166,31,1166,31,0,0.9741019214703425,1.0,1.0265866209262435,0.9868810833685993
4,27,semiregular,3,759,728,31,685,74,43,0.9025032938076416,0.9409340659340659,1.0425824175824177,0.9213180901143241
4,27,irregular,3,209,270,61,201,8,69,0.9617224880382775,0.7444444444444445,0.774074074074074,0.8392484342379959
4,28,regular,1,1132,1098,34,1098,34,0,0.9699646643109541,1.0,1.0309653916211294,0.9847533632286996
4,28,semiregular,1,954,859,95,835,119,24,0.8752620545073375,0.9720605355064028,1.1105937136204889,0.9211252068394926
4,28,irregular,1,77,293,216,51,26,242,0.6623376623376623,0.17406143344709898,0.2627986348122867,0.2756756756756757
4,28,regular,2,1133,1098,35,1098,35,0,0.9691085613415711,1.0,1.0318761384335156,0.9843119677274765
4,28,semiregular,2,858,859,1,781,77,78,0.9102564102564102,0.9091967403958091,0.9988358556461001,0.9097262667443216
4,28,irregular,2,146,293,147,136,10,157,0.9315068493150684,0.4641638225255973,0.49829351535836175,0.6195899772209567
4,28,regular,3,1135,1098,37,1098,37,0,0.9674008810572687,1.0,1.0336976320582878,0.9834303627407076
4,28,semiregular,3,872,859,13,796,76,63,0.9128440366972477,0.9266589057043073,1.0151338766006985,0.9196995956094742
4,28,irregular,3,164,293,129,156,8,137,0.9512195121951219,0.5324232081911263,0.5597269624573379,0.6827133479212254
4,29,regular,1,1170,1140,30,1140,30,0,0.9743589743589743,1.0,1.0263157894736843,0.9870129870129869
4,29,semiregular,1,1006,869,137,843,163,26,0.8379721669980119,0.9700805523590333,1.1576524741081704,0.8992
4,29,irregular,1,83,247,164,72,11,175,0.8674698795180723,0.291497975708502,0.3360323886639676,0.43636363636363634
4,29,regular,2,1170,1140,30,1140,30,0,0.9743589743589743,1.0,1.0263157894736843,0.9870129870129869
4,29,semiregular,2,1032,869,163,859,173,10,0.8323643410852714,0.9884925201380897,1.187571921749137,0.9037348763808523
4,29,irregular,2,169,247,78,147,22,100,0.8698224852071006,0.5951417004048583,0.6842105263157895,0.7067307692307692
4,29,regular,3,1163,1140,23,1140,23,0,0.9802235597592434,1.0,1.0201754385964912,0.9900130264871906
4,29,semiregular,3,960,869,91,839,121,30,0.8739583333333333,0.9654775604142692,1.1047180667433831,0.9174412247129579
4,29,irregular,3,181,247,66,174,7,73,0.9613259668508287,0.7044534412955465,0.7327935222672065,0.8130841121495327
4,30,regular,1,1045,997,48,997,48,0,0.9540669856459331,1.0,1.0481444332998997,0.9764936336924585
4,30,semiregular,1,860,810,50,770,90,40,0.8953488372093024,0.9506172839506173,1.0617283950617284,0.9221556886227545
4,30,irregular,1,116,250,134,85,31,165,0.7327586206896551,0.34,0.464,0.4644808743169399
4,30,regular,2,1044,997,47,997,47,0,0.9549808429118773,1.0,1.0471414242728185,0.9769720725134737
4,30,semiregular,2,813,810,3,746,67,64,0.9175891758917589,0.9209876543209876,1.0037037037037038,0.9192852741836105
4,30,irregular,2,131,250,119,124,7,126,0.9465648854961832,0.496,0.524,0.6509186351706037
4,30,regular,3,1048,997,51,997,51,0,0.9513358778625954,1.0,1.0511534603811434,0.9750611246943766
4,30,semiregular,3,834,810,24,769,65,41,0.9220623501199041,0.9493827160493827,1.0296296296296297,0.9355231143552311
4,30,irregular,3,184,250,66,172,12,78,0.9347826086956522,0.688,0.736,0.7926267281105991
5,1,regular,1,1082,937,145,937,145,0,0.865988909426987,1.0,1.1547491995731056,0.9281822684497276
5,1,semiregular,1,810,703,107,670,140,33,0.8271604938271605,0.9530583214793741,1.1522048364153628,0.8856576338400528
5,1,irregular,1,69,199,130,56,13,143,0.8115942028985508,0.2814070351758794,0.34673366834170855,0.4179104477611941
5,1,regular,2,1082,937,145,937,145,0,0.865988909426987,1.0,1.1547491995731056,0.9281822684497276
5,1,semiregular,2,809,703,106,666,143,37,0.823238566131026,0.9473684210526315,1.1507823613086772,0.8809523809523809
5,1,irregular,2,19,199,180,4,15,195,0.21052631578947367,0.020100502512562814,0.09547738693467336,0.03669724770642201
5,1,regular,3,1075,937,138,937,138,0,0.8716279069767442,1.0,1.1472785485592316,0.9314115308151094
5,1,semiregular,3,756,703,53,654,102,49,0.8650793650793651,0.930298719772404,1.0753911806543386,0.8965044551062372
5,1,irregular,3,157,199,42,151,6,48,0.9617834394904459,0.7587939698492462,0.7889447236180904,0.8483146067415731
5,2,regular,1,1238,1224,14,1218,20,6,0.9838449111470113,0.9950980392156863,1.011437908496732,0.9894394800974817
5,2,semiregular,1,596,647,51,558,38,89,0.9362416107382551,0.8624420401854714,0.9211746522411128,0.8978278358809333
5,2,irregular,1,62,217,155,35,27,182,0.5645161290322581,0.16129032258064516,0.2857142857142857,0.2508960573476703
5,2,regular,2,1237,1224,13,1217,20,7,0.9838318512530315,0.994281045751634,1.0106209150326797,0.9890288500609508
5,2,semiregular,2,620,647,27,580,40,67,0.9354838709677419,0.8964451313755796,0.9582689335394127,0.9155485398579322
5,2,irregular,2,26,217,191,3,23,214,0.11538461538461539,0.013824884792626729,0.11981566820276497,0.02469135802469136
5,2,regular,3,1238,1224,14,1219,19,5,0.9846526655896607,0.9959150326797386,1.011437908496732,0.9902518277822907
5,2,semiregular,3,629,647,18,600,29,47,0.9538950715421304,0.9273570324574961,0.9721792890262752,0.9404388714733543
5,2,irregular,3,184,217,33,177,7,40,0.9619565217391305,0.815668202764977,0.847926267281106,0.8827930174563592
5,3,regular,1,1045,1053,8,1042,3,11,0.9971291866028709,0.9895536562203229,0.9924026590693258,0.9933269780743565
5,3,semiregular,1,724,716,8,655,69,61,0.9046961325966851,0.914804469273743,1.011173184357542,0.9097222222222222
5,3,irregular,1,100,224,124,73,27,151,0.73,0.32589285714285715,0.44642857142857145,0.4506172839506173
5,3,regular,2,1044,1053,9,1041,3,12,0.9971264367816092,0.9886039886039886,0.9914529914529915,0.9928469241773963
5,3,semiregular,2,745,716,29,660,85,56,0.8859060402684564,0.9217877094972067,1.0405027932960893,0.9034907597535934
5,3,irregular,2,25,224,199,5,20,219,0.2,0.022321428571428572,0.11160714285714286,0.040160642570281124
5,3,regular,3,1046,1053,7,1043,3,10,0.997131931166348,0.9905033238366572,0.99335232668566,0.993806574559314
5,3,semiregular,3,706,716,10,649,57,67,0.9192634560906515,0.9064245810055865,0.9860335195530726,0.9127988748241913
5,3,irregular,3,170,224,54,166,4,58,0.9764705882352941,0.7410714285714286,0.7589285714285714,0.8426395939086295
5,4,regular,1,1180,1101,79,1101,79,0,0.9330508474576271,1.0,1.0717529518619437,0.9653660675142481
5,4,semiregular,1,717,614,103,577,140,37,0.8047419804741981,0.9397394136807817,1.1677524429967427,0.8670172802404208
5,4,irregular,1,47,228,181,23,24,205,0.48936170212765956,0.10087719298245613,0.20614035087719298,0.16727272727272727
5,4,regular,2,1180,1101,79,1101,79,0,0.9330508474576271,1.0,1.0717529518619437,0.9653660675142481
5,4,semiregular,2,678,614,64,583,95,31,0.859882005899705,0.9495114006514658,1.1042345276872965,0.9024767801857585
5,4,irregular,2,27,228,201,4,23,224,0.14814814814814814,0.017543859649122806,0.11842105263157894,0.03137254901960784
5,4,regular,3,1178,1101,77,1101,77,0,0.934634974533107,1.0,1.069936421435059,0.966213251426064
5,4,semiregular,3,668,614,54,580,88,34,0.8682634730538922,0.9446254071661238,1.0879478827361564,0.9048361934477378
5,4,irregular,3,169,228,59,165,4,63,0.9763313609467456,0.7236842105263158,0.7412280701754386,0.8312342569269522
5,5,regular,1,1103,1044,59,1044,59,0,0.9465095194922938,1.0,1.0565134099616857,0.9725197950628784
5,5,semiregular,1,777,668,109,633,144,35,0.8146718146718147,0.9476047904191617,1.1631736526946108,0.8761245674740484
5,5,irregular,1,57,217,160,29,28,188,0.5087719298245614,0.1336405529953917,0.2626728110599078,0.21167883211678834
5,5,regular,2,1102,1044,58,1044,58,0,0.9473684210526315,1.0,1.0555555555555556,0.972972972972973
5,5,semiregular,2,805,668,137,647,158,21,0.8037267080745342,0.968562874251497,1.2050898203592815,0.878479293957909
5,5,irregular,2,30,217,187,6,24,211,0.2,0.027649769585253458,0.1382488479262673,0.04858299595141701
5,5,regular,3,1104,1044,60,1044,60,0,0.9456521739130435,1.0,1.0574712643678161,0.9720670391061452
5,5,semiregular,3,763,668,95,649,114,19,0.8505897771952818,0.9715568862275449,1.1422155688622755,0.907058001397624
5,5,irregular,3,168,217,49,164,4,53,0.9761904761904762,0.7557603686635944,0.7741935483870968,0.8519480519480519
5,6,regular,1,1037,915,122,915,122,0,0.8823529411764706,1.0,1.1333333333333333,0.9375
5,6,semiregular,1,729,701,28,645,84,56,0.8847736625514403,0.920114122681883,1.0399429386590584,0.9020979020979021
5,6,irregular,1,37,195,158,12,25,183,0.32432432432432434,0.06153846153846154,0.18974358974358974,0.10344827586206896
5,6,regular,2,1036,915,121,915,121,0,0.8832046332046332,1.0,1.13224043715847,0.9379805228088159
5,6,semiregular,2,761,701,60,670,91,31,0.8804204993429697,0.9557774607703281,1.0855920114122681,0.9165526675786594
5,6,irregular,2,28,195,167,5,23,190,0.17857142857142858,0.02564102564102564,0.14358974358974358,0.044843049327354265
5,6,regular,3,1036,915,121,915,121,0,0.8832046332046332,1.0,1.13224043715847,0.9379805228088159
5,6,semiregular,3,745,701,44,674,71,27,0.9046979865771813,0.9614835948644793,1.0627674750356633,0.9322268326417704
5,6,irregular,3,166,195,29,155,11,40,0.9337349397590361,0.7948717948717948,0.8512820512820513,0.8587257617728531
5,7,regular,1,1310,1230,80,1229,81,1,0.9381679389312977,0.9991869918699187,1.065040650406504,0.9677165354330709
5,7,semiregular,1,831,761,70,666,165,95,0.8014440433212996,0.8751642575558476,1.0919842312746386,0.8366834170854273
5,7,irregular,1,38,225,187,7,31,218,0.18421052631578946,0.03111111111111111,0.1688888888888889,0.05323193916349809
5,7,regular,2,1309,1230,79,1230,79,0,0.9396485867074102,1.0,1.0642276422764227,0.968885387948011
5,7,semiregular,2,808,761,47,697,111,64,0.8626237623762376,0.9159001314060446,1.0617608409986858,0.8884639898024219
5,7,irregular,2,36,225,189,4,32,221,0.1111111111111111,0.017777777777777778,0.16,0.030651340996168584
5,7,regular,3,1309,1230,79,1229,80,1,0.9388846447669977,0.9991869918699187,1.0642276422764227,0.9680976762504923
5,7,semiregular,3,827,761,66,735,92,26,0.8887545344619106,0.9658344283837057,1.0867279894875164,0.9256926952141058
5,7,irregular,3,187,225,38,178,9,47,0.9518716577540107,0.7911111111111111,0.8311111111111111,0.8640776699029126
5,8,regular,1,1080,1035,45,1035,45,0,0.9583333333333334,1.0,1.0434782608695652,0.9787234042553191
5,8,semiregular,1,856,827,29,750,106,77,0.8761682242990654,0.9068923821039904,1.0350665054413544,0.8912655971479501
5,8,irregular,1,95,243,148,52,43,191,0.5473684210526316,0.2139917695473251,0.39094650205761317,0.30769230769230765
5,8,regular,2,1080,1035,45,1034,46,1,0.9574074074074074,0.9990338164251208,1.0434782608695652,0.9777777777777779
5,8,semiregular,2,892,827,65,783,109,44,0.8778026905829597,0.9467956469165659,1.0785973397823458,0.9109947643979058
5,8,irregular,2,42,243,201,4,38,239,0.09523809523809523,0.01646090534979424,0.1728395061728395,0.028070175438596492
5,8,regular,3,1082,1035,47,1034,48,1,0.955637707948244,0.9990338164251208,1.0454106280193236,0.9768540387340576
5,8,semiregular,3,855,827,28,782,73,45,0.9146198830409357,0.9455864570737605,1.0338573155985489,0.929845422116528
5,8,irregular,3,171,243,72,171,0,72,1.0,0.7037037037037037,0.7037037037037037,0.8260869565217391
5,9,regular,1,1098,1107,9,1092,6,15,0.994535519125683,0.986449864498645,0.991869918699187,0.9904761904761905
5,9,semiregular,1,615,701,86,571,44,130,0.9284552845528455,0.8145506419400856,0.8773181169757489,0.8677811550151976
5,9,irregular,1,77,266,189,44,33,222,0.5714285714285714,0.16541353383458646,0.2894736842105263,0.2565597667638484
5,9,regular,2,1097,1107,10,1091,6,16,0.9945305378304466,0.985546522131888,0.99096657633243,0.9900181488203266
5,9,semiregular,2,642,701,59,600,42,101,0.9345794392523364,0.8559201141226819,0.9158345221112696,0.8935219657483247
5,9,irregular,2,33,266,233,7,26,259,0.21212121212121213,0.02631578947368421,0.12406015037593984,0.046822742474916385
5,9,regular,3,1101,1107,6,1096,5,11,0.9954586739327884,0.990063233965673,0.994579945799458,0.9927536231884059
5,9,semiregular,3,678,701,23,644,34,57,0.9498525073746312,0.9186875891583453,0.9671897289586305,0.9340101522842639
5,9,irregular,3,202,266,64,198,4,68,0.9801980198019802,0.7443609022556391,0.7593984962406015,0.8461538461538463
5,10,regular,1,1188,1014,174,1014,174,0,0.8535353535353535,1.0,1.1715976331360947,0.9209809264305178
5,10,semiregular,1,691,656,35,624,67,32,0.9030390738060782,0.9512195121951219,1.0533536585365855,0.9265033407572382
5,10,irregular,1,74,247,173,54,20,193,0.7297297297297297,0.21862348178137653,0.29959514170040485,0.33644859813084116
5,10,regular,2,1187,1014,173,1014,173,0,0.8542544229149115,1.0,1.1706114398422092,0.9213993639254884
5,10,semiregular,2,659,656,3,607,52,49,0.921092564491654,0.9253048780487805,1.0045731707317074,0.9231939163498099
5,10,irregular,2,29,247,218,6,23,241,0.20689655172413793,0.024291497975708502,0.11740890688259109,0.043478260869565216
5,10,regular,3,1186,1014,172,1014,172,0,0.8549747048903878,1.0,1.1696252465483234,0.9218181818181819
5,10,semiregular,3,658,656,2,612,46,44,0.9300911854103343,0.9329268292682927,1.0030487804878048,0.9315068493150684
5,10,irregular,3,162,247,85,161,1,86,0.9938271604938271,0.6518218623481782,0.6558704453441295,0.7872860635696821
5,11,regular,1,1136,1070,66,1070,66,0,0.9419014084507042,1.0,1.0616822429906543,0.9700815956482322
5,11,semiregular,1,779,700,79,658,121,42,0.8446726572528883,0.94,1.1128571428571428,0.889790398918188
5,11,irregular,1,88,239,151,64,24,175,0.7272727272727273,0.26778242677824265,0.3682008368200837,0.3914373088685015
5,11,regular,2,1135,1070,65,1070,65,0,0.9427312775330396,1.0,1.060747663551402,0.9705215419501134
5,11,semiregular,2,723,700,23,630,93,70,0.8713692946058091,0.9,1.032857142857143,0.8854532677442024
5,11,irregular,2,28,239,211,8,20,231,0.2857142857142857,0.03347280334728033,0.11715481171548117,0.0599250936329588
5,11,regular,3,1134,1070,64,1070,64,0,0.9435626102292769,1.0,1.0598130841121496,0.9709618874773139
5,11,semiregular,3,728,700,28,653,75,47,0.896978021978022,0.9328571428571428,1.04,0.9145658263305323
5,11,irregular,3,182,239,57,178,4,61,0.978021978021978,0.7447698744769874,0.7615062761506276,0.845605700712589
5,12,regular,1,1119,1007,112,1007,112,0,0.8999106344950849,1.0,1.1112214498510427,0.9473189087488241
5,12,semiregular,1,765,641,124,614,151,27,0.8026143790849674,0.9578783151326054,1.1934477379095163,0.8733997155049787
5,12,irregular,1,96,204,108,68,28,136,0.7083333333333334,0.3333333333333333,0.47058823529411764,0.4533333333333333
5,12,regular,2,1118,1007,111,1007,111,0,0.9007155635062611,1.0,1.1102284011916583,0.947764705882353
5,12,semiregular,2,734,641,93,605,129,36,0.8242506811989101,0.9438377535101404,1.1450858034321374,0.88
5,12,irregular,2,29,204,175,8,21,196,0.27586206896551724,0.0392156862745098,0.14215686274509803,0.06866952789699571
5,12,regular,3,1121,1007,114,1007,114,0,0.8983050847457628,1.0,1.1132075471698113,0.9464285714285715
5,12,semiregular,3,711,641,70,616,95,25,0.8663853727144867,0.9609984399375975,1.109204368174727,0.911242603550296
5,12,irregular,3,188,204,16,175,13,29,0.9308510638297872,0.8578431372549019,0.9215686274509803,0.8928571428571428
5,13,regular,1,1095,1000,95,1000,95,0,0.91324200913242,1.0,1.095,0.954653937947494
5,13,semiregular,1,874,815,59,780,94,35,0.8924485125858124,0.9570552147239264,1.0723926380368098,0.9236234458259325
5,13,irregular,1,102,216,114,58,44,158,0.5686274509803921,0.26851851851851855,0.4722222222222222,0.36477987421383645
5,13,regular,2,1094,1000,94,1000,94,0,0.9140767824497258,1.0,1.094,0.9551098376313276
5,13,semiregular,2,856,815,41,772,84,43,0.9018691588785047,0.947239263803681,1.0503067484662576,0.9239976062238181
5,13,irregular,2,41,216,175,4,37,212,0.0975609756097561,0.018518518518518517,0.18981481481481483,0.031128404669260697
5,13,regular,3,1093,1000,93,1000,93,0,0.9149130832570905,1.0,1.093,0.9555661729574774
5,13,semiregular,3,828,815,13,774,54,41,0.9347826086956522,0.9496932515337423,1.0159509202453987,0.9421789409616554
5,13,irregular,3,182,216,34,180,2,36,0.989010989010989,0.8333333333333334,0.8425925925925926,0.9045226130653267
5,14,regular,1,1065,1052,13,1052,13,0,0.9877934272300469,1.0,1.0123574144486691,0.9938592347661785
5,14,semiregular,1,909,913,4,829,80,84,0.911991199119912,0.9079956188389924,0.9956188389923329,0.9099890230515917
5,14,irregular,1,60,217,157,39,21,178,0.65,0.17972350230414746,0.2764976958525346,0.2815884476534296
5,14,regular,2,1065,1052,13,1052,13,0,0.9877934272300469,1.0,1.0123574144486691,0.9938592347661785
5,14,semiregular,2,990,913,77,867,123,46,0.8757575757575757,0.9496166484118291,1.0843373493975903,0.9111928533893852
5,14,irregular,2,28,217,189,4,24,213,0.14285714285714285,0.018433179723502304,0.12903225806451613,0.03265306122448979
5,14,regular,3,1067,1052,15,1052,15,0,0.985941893158388,1.0,1.0142585551330798,0.9929211892402076
5,14,semiregular,3,937,913,24,867,70,46,0.9252934898612594,0.9496166484118291,1.0262869660460021,0.9372972972972973
5,14,irregular,3,151,217,66,151,0,66,1.0,0.695852534562212,0.695852534562212,0.8206521739130435
5,15,regular,1,997,964,33,964,33,0,0.966900702106319,1.0,1.0342323651452283,0.9831718510963794
5,15,semiregular,1,828,774,54,745,83,29,0.8997584541062802,0.962532299741602,1.069767441860465,0.9300873907615481
5,15,irregular,1,108,218,110,81,27,137,0.75,0.37155963302752293,0.4954128440366973,0.4969325153374234
5,15,regular,2,997,964,33,964,33,0,0.966900702106319,1.0,1.0342323651452283,0.9831718510963794
5,15,semiregular,2,803,774,29,725,78,49,0.9028642590286425,0.9366925064599483,1.0374677002583979,0.9194673430564362
5,15,irregular,2,30,218,188,4,26,214,0.13333333333333333,0.01834862385321101,0.13761467889908258,0.03225806451612904
5,15,regular,3,999,964,35,964,35,0,0.964964964964965,1.0,1.0363070539419088,0.9821701477330617
5,15,semiregular,3,768,774,6,718,50,56,0.9348958333333334,0.9276485788113695,0.9922480620155039,0.9312581063553826
5,15,irregular,3,179,218,39,175,4,43,0.9776536312849162,0.8027522935779816,0.8211009174311926,0.8816120906801007
5,16,regular,1,1192,1109,83,1109,83,0,0.9303691275167785,1.0,1.0748422001803426,0.963928726640591
5,16,semiregular,1,746,681,65,626,120,55,0.839142091152815,0.9192364170337739,1.0954478707782673,0.8773651016117731
5,16,irregular,1,50,272,222,29,21,243,0.58,0.10661764705882353,0.18382352941176472,0.18012422360248448
5,16,regular,2,1191,1109,82,1109,82,0,0.9311502938706969,1.0,1.0739404869251579,0.9643478260869566
5,16,semiregular,2,713,681,32,627,86,54,0.879382889200561,0.920704845814978,1.0469897209985315,0.8995695839311334
5,16,irregular,2,28,272,244,8,20,264,0.2857142857142857,0.029411764705882353,0.10294117647058823,0.05333333333333333
5,16,regular,3,1189,1109,80,1109,80,0,0.9327165685449958,1.0,1.0721370604147882,0.9651871192341166
5,16,semiregular,3,667,681,14,618,49,63,0.9265367316341829,0.9074889867841409,0.9794419970631424,0.916913946587537
5,16,irregular,3,171,272,101,171,0,101,1.0,0.6286764705882353,0.6286764705882353,0.7720090293453724
5,17,regular,1,1114,1029,85,1029,85,0,0.9236983842010772,1.0,1.0826044703595723,0.9603359776014933
5,17,semiregular,1,848,837,11,752,96,85,0.8867924528301887,0.8984468339307049,1.013142174432497,0.8925816023738873
5,17,irregular,1,88,240,152,51,37,189,0.5795454545454546,0.2125,0.36666666666666664,0.31097560975609756
5,17,regular,2,1113,1029,84,1029,84,0,0.9245283018867925,1.0,1.0816326530612246,0.9607843137254902
5,17,semiregular,2,865,837,28,769,96,68,0.8890173410404625,0.918757467144564,1.033452807646356,0.9036427732079907
5,17,irregular,2,34,240,206,3,31,237,0.08823529411764706,0.0125,0.14166666666666666,0.021897810218978107
5,17,regular,3,1117,1029,88,1029,88,0,0.9212175470008953,1.0,1.0855199222546161,0.9589934762348556
5,17,semiregular,3,847,837,10,795,52,42,0.9386068476977568,0.9498207885304659,1.01194743130227,0.9441805225653207
5,17,irregular,3,189,240,51,185,4,55,0.9788359788359788,0.7708333333333334,0.7875,0.8624708624708625
5,18,regular,1,1170,1044,126,1044,126,0,0.8923076923076924,1.0,1.1206896551724137,0.9430894308943091
5,18,semiregular,1,811,801,10,734,77,67,0.905055487053021,0.916354556803995,1.0124843945068664,0.9106699751861043
5,18,irregular,1,80,252,172,57,23,195,0.7125,0.2261904761904762,0.31746031746031744,0.34337349397590367
5,18,regular,2,1169,1044,125,1043,126,1,0.8922155688622755,0.9990421455938697,1.1197318007662835,0.9426118391323994
5,18,semiregular,2,880,801,79,780,100,21,0.8863636363636364,0.9737827715355806,1.0986267166042447,0.9280190362879239
5,18,irregular,2,27,252,225,8,19,244,0.2962962962962963,0.031746031746031744,0.10714285714285714,0.05734767025089605
5,18,regular,3,1171,1044,127,1044,127,0,0.8915456874466268,1.0,1.121647509578544,0.9426636568848759
5,18,semiregular,3,817,801,16,761,56,40,0.9314565483476133,0.9500624219725343,1.0199750312109863,0.9406674907292955
5,18,irregular,3,209,252,43,206,3,46,0.9856459330143541,0.8174603174603174,0.8293650793650794,0.893709327548807
5,19,regular,1,1188,1076,112,1075,113,1,0.9048821548821548,0.9990706319702602,1.104089219330855,0.9496466431095406
5,19,semiregular,1,764,753,11,690,74,63,0.9031413612565445,0.9163346613545816,1.0146082337317397,0.9096901779828609
5,19,irregular,1,65,245,180,44,21,201,0.676923076923077,0.17959183673469387,0.2653061224489796,0.2838709677419355
5,19,regular,2,1188,1076,112,1075,113,1,0.9048821548821548,0.9990706319702602,1.104089219330855,0.9496466431095406
5,19,semiregular,2,732,753,21,681,51,72,0.930327868852459,0.9043824701195219,0.9721115537848606,0.9171717171717171
5,19,irregular,2,24,245,221,2,22,243,0.08333333333333333,0.00816326530612245,0.09795918367346938,0.014869888475836434
5,19,regular,3,1187,1076,111,1075,112,1,0.9056444818871103,0.9990706319702602,1.1031598513011152,0.9500662836942112
5,19,semiregular,3,716,753,37,664,52,89,0.9273743016759777,0.8818061088977424,0.950863213811421,0.9040163376446563
5,19,irregular,3,178,245,67,175,3,70,0.9831460674157303,0.7142857142857143,0.726530612244898,0.8274231678486997
5,20,regular,1,1194,1251,57,1188,6,63,0.9949748743718593,0.9496402877697842,0.9544364508393285,0.9717791411042944
5,20,semiregular,1,906,841,65,765,141,76,0.8443708609271523,0.9096313912009513,1.0772889417360285,0.8757870635374929
5,20,irregular,1,89,252,163,57,32,195,0.6404494382022472,0.2261904761904762,0.3531746031746032,0.33431085043988273
5,20,regular,2,1193,1251,58,1188,5,63,0.9958088851634534,0.9496402877697842,0.9536370903277378,0.9721767594108021
5,20,semiregular,2,842,841,1,726,116,115,0.8622327790973872,0.8632580261593341,1.0011890606420928,0.8627450980392157
5,20,irregular,2,27,252,225,5,22,247,0.18518518518518517,0.01984126984126984,0.10714285714285714,0.035842293906810034
5,20,regular,3,1195,1251,56,1190,5,61,0.99581589958159,0.9512390087929656,0.9552358113509193,0.9730171708912511
5,20,semiregular,3,830,841,11,738,92,103,0.8891566265060241,0.8775267538644471,0.9869203329369798,0.8833034111310593
5,20,irregular,3,185,252,67,183,2,69,0.9891891891891892,0.7261904761904762,0.7341269841269841,0.8375286041189931
5,21,regular,1,1016,920,96,920,96,0,0.905511811023622,1.0,1.1043478260869566,0.9504132231404958
5,21,semiregular,1,692,549,143,516,176,33,0.7456647398843931,0.9398907103825137,1.2604735883424407,0.8315874294923449
5,21,irregular,1,96,204,108,73,23,131,0.7604166666666666,0.35784313725490197,0.47058823529411764,0.4866666666666667
5,21,regular,2,1015,920,95,920,95,0,0.9064039408866995,1.0,1.1032608695652173,0.9509043927648578
5,21,semiregular,2,720,549,171,538,182,11,0.7472222222222222,0.9799635701275046,1.3114754098360655,0.8479117415287629
5,21,irregular,2,27,204,177,5,22,199,0.18518518518518517,0.024509803921568627,0.1323529411764706,0.04329004329004329
5,21,regular,3,1019,920,99,920,99,0,0.9028459273797841,1.0,1.107608695652174,0.9489427539969055
5,21,semiregular,3,684,549,135,536,148,13,0.783625730994152,0.97632058287796,1.2459016393442623,0.8694241686942416
5,21,irregular,3,182,204,22,176,6,28,0.967032967032967,0.8627450980392157,0.8921568627450981,0.9119170984455958
5,22,regular,1,1059,946,113,946,113,0,0.8932955618508026,1.0,1.1194503171247356,0.943640897755611
5,22,semiregular,1,827,703,124,679,148,24,0.8210399032648126,0.9658605974395448,1.1763869132290186,0.8875816993464052
5,22,irregular,1,62,247,185,41,21,206,0.6612903225806451,0.1659919028340081,0.25101214574898784,0.26537216828478966
5,22,regular,2,1058,946,112,946,112,0,0.8941398865784499,1.0,1.1183932346723044,0.9441117764471059
5,22,semiregular,2,805,703,102,686,119,17,0.8521739130434782,0.9758179231863442,1.1450924608819346,0.909814323607427
5,22,irregular,2,28,247,219,8,20,239,0.2857142857142857,0.032388663967611336,0.11336032388663968,0.05818181818181819
5,22,regular,3,1058,946,112,946,112,0,0.8941398865784499,1.0,1.1183932346723044,0.9441117764471059
5,22,semiregular,3,767,703,64,675,92,28,0.8800521512385919,0.9601706970128022,1.0910384068278804,0.9183673469387754
5,22,irregular,3,188,247,59,178,10,69,0.9468085106382979,0.7206477732793523,0.7611336032388664,0.8183908045977011
5,23,regular,1,1069,999,70,999,70,0,0.9345182413470533,1.0,1.07007007007007,0.9661508704061896
5,23,semiregular,1,961,835,126,802,159,33,0.8345473465140478,0.9604790419161676,1.1508982035928144,0.8930957683741647
5,23,irregular,1,59,266,207,10,49,256,0.1694915254237288,0.03759398496240601,0.22180451127819548,0.061538461538461535
5,23,regular,2,1068,999,69,999,69,0,0.9353932584269663,1.0,1.0690690690690692,0.9666182873730043
5,23,semiregular,2,868,835,33,779,89,56,0.8974654377880185,0.932934131736527,1.0395209580838323,0.914856136230182
5,23,irregular,2,48,266,218,6,42,260,0.125,0.022556390977443608,0.18045112781954886,0.03821656050955414
5,23,regular,3,1067,999,68,999,68,0,0.936269915651359,1.0,1.068068068068068,0.9670861568247822
5,23,semiregular,3,871,835,36,800,71,35,0.9184845005740528,0.9580838323353293,1.0431137724550898,0.9378663540445488
5,23,irregular,3,193,266,73,188,5,78,0.9740932642487047,0.706766917293233,0.7255639097744361,0.8191721132897603
5,24,regular,1,1093,1079,14,1077,16,2,0.9853613906678865,0.9981464318813716,1.0129749768303986,0.9917127071823204
5,24,semiregular,1,662,680,18,592,70,88,0.8942598187311178,0.8705882352941177,0.9735294117647059,0.8822652757078987
5,24,irregular,1,88,247,159,63,25,184,0.7159090909090909,0.2550607287449393,0.3562753036437247,0.3761194029850747
5,24,regular,2,1092,1079,13,1077,15,2,0.9862637362637363,0.9981464318813716,1.0120481927710843,0.992169507139567
5,24,semiregular,2,648,680,32,594,54,86,0.9166666666666666,0.8735294117647059,0.9529411764705882,0.8945783132530121
5,24,irregular,2,35,247,212,5,30,242,0.14285714285714285,0.020242914979757085,0.1417004048582996,0.03546099290780142
5,24,regular,3,1092,1079,13,1077,15,2,0.9862637362637363,0.9981464318813716,1.0120481927710843,0.992169507139567
5,24,semiregular,3,648,680,32,612,36,68,0.9444444444444444,0.9,0.9529411764705882,0.9216867469879517
5,24,irregular,3,201,247,46,195,6,52,0.9701492537313433,0.7894736842105263,0.8137651821862348,0.8705357142857142
5,25,regular,1,966,946,20,946,20,0,0.979296066252588,1.0,1.0211416490486258,0.9895397489539749
5,25,semiregular,1,749,718,31,650,99,68,0.8678237650200267,0.9052924791086351,1.043175487465181,0.8861622358554875
5,25,irregular,1,123,207,84,67,56,140,0.5447154471544715,0.32367149758454106,0.5942028985507246,0.406060606060606
5,25,regular,2,966,946,20,946,20,0,0.979296066252588,1.0,1.0211416490486258,0.9895397489539749
5,25,semiregular,2,810,718,92,686,124,32,0.8469135802469135,0.9554317548746518,1.128133704735376,0.8979057591623035
5,25,irregular,2,46,207,161,4,42,203,0.08695652173913043,0.01932367149758454,0.2222222222222222,0.03162055335968379
5,25,regular,3,952,946,6,945,7,1,0.9926470588235294,0.9989429175475687,1.0063424947145878,0.9957850368809273
5,25,semiregular,3,662,718,56,590,72,128,0.8912386706948641,0.8217270194986073,0.9220055710306406,0.855072463768116
5,25,irregular,3,128,207,79,75,53,132,0.5859375,0.36231884057971014,0.6183574879227053,0.4477611940298507
5,26,regular,1,1231,985,246,985,246,0,0.8001624695369618,1.0,1.249746192893401,0.8889891696750902
5,26,semiregular,1,835,720,115,698,137,22,0.8359281437125748,0.9694444444444444,1.1597222222222223,0.8977491961414791
5,26,irregular,1,128,214,86,80,48,134,0.625,0.37383177570093457,0.5981308411214953,0.4678362573099415
5,26,regular,2,1231,985,246,985,246,0,0.8001624695369618,1.0,1.249746192893401,0.8889891696750902
5,26,semiregular,2,635,720,85,574,61,146,0.9039370078740158,0.7972222222222223,0.8819444444444444,0.8472324723247232
5,26,irregular,2,31,214,183,5,26,209,0.16129032258064516,0.02336448598130841,0.14485981308411214,0.04081632653061224
5,26,regular,3,1217,985,232,985,232,0,0.80936729663106,1.0,1.2355329949238578,0.8946412352406903
5,26,semiregular,3,753,720,33,679,74,41,0.9017264276228419,0.9430555555555555,1.0458333333333334,0.921928038017651
5,26,irregular,3,158,214,56,155,3,59,0.9810126582278481,0.7242990654205608,0.7383177570093458,0.8333333333333335
5,27,regular,1,1190,1166,24,1166,24,0,0.9798319327731092,1.0,1.020583190394511,0.9898132427843802
5,27,semiregular,1,707,728,21,608,99,120,0.85997171145686,0.8351648351648352,0.9711538461538461,0.8473867595818815
5,27,irregular,1,61,270,209,20,41,250,0.32786885245901637,0.07407407407407407,0.22592592592592592,0.12084592145015104
5,27,regular,2,1190,1166,24,1166,24,0,0.9798319327731092,1.0,1.020583190394511,0.9898132427843802
5,27,semiregular,2,751,728,23,658,93,70,0.8761651131824234,0.9038461538461539,1.0315934065934067,0.8897903989181879
5,27,irregular,2,43,270,227,6,37,264,0.13953488372093023,0.022222222222222223,0.15925925925925927,0.038338658146964855
5,27,regular,3,1191,1166,25,1166,25,0,0.979009235936188,1.0,1.0214408233276158,0.9893932965634281
5,27,semiregular,3,720,728,8,664,56,64,0.9222222222222223,0.9120879120879121,0.989010989010989,0.9171270718232044
5,27,irregular,3,203,270,67,200,3,70,0.9852216748768473,0.7407407407407407,0.7518518518518519,0.8456659619450317
5,28,regular,1,1130,1098,32,1098,32,0,0.9716814159292035,1.0,1.029143897996357,0.9856373429084381
5,28,semiregular,1,902,859,43,795,107,64,0.8813747228381374,0.9254947613504074,1.050058207217695,0.9028960817717206
5,28,irregular,1,109,293,184,44,65,249,0.4036697247706422,0.15017064846416384,0.3720136518771331,0.21890547263681592
5,28,regular,2,1129,1098,31,1098,31,0,0.9725420726306466,1.0,1.0282331511839709,0.9860799281544679
5,28,semiregular,2,851,859,8,754,97,105,0.8860164512338425,0.8777648428405123,0.9906868451688009,0.8818713450292398
5,28,irregular,2,51,293,242,9,42,284,0.17647058823529413,0.030716723549488054,0.17406143344709898,0.05232558139534884
5,28,regular,3,1126,1098,28,1098,28,0,0.9751332149200711,1.0,1.0255009107468125,0.9874100719424461
5,28,semiregular,3,805,859,54,748,57,111,0.929192546583851,0.8707799767171129,0.9371362048894063,0.8990384615384617
5,28,irregular,3,156,293,137,153,3,140,0.9807692307692307,0.5221843003412969,0.5324232081911263,0.6815144766146993
5,29,regular,1,1167,1140,27,1140,27,0,0.9768637532133676,1.0,1.0236842105263158,0.9882964889466841
5,29,semiregular,1,981,869,112,824,157,45,0.8399592252803262,0.9482163406214039,1.1288837744533946,0.8908108108108108
5,29,irregular,1,95,247,152,64,31,183,0.6736842105263158,0.2591093117408907,0.38461538461538464,0.37426900584795325
5,29,regular,2,1167,1140,27,1140,27,0,0.9768637532133676,1.0,1.0236842105263158,0.9882964889466841
5,29,semiregular,2,1080,869,211,864,216,5,0.8,0.9942462600690449,1.2428078250863062,0.8866085171883017
5,29,irregular,2,33,247,214,3,30,244,0.09090909090909091,0.012145748987854251,0.13360323886639677,0.02142857142857143
5,29,regular,3,1156,1140,16,1140,16,0,0.986159169550173,1.0,1.0140350877192983,0.9930313588850175
5,29,semiregular,3,936,869,67,824,112,45,0.8803418803418803,0.9482163406214039,1.0771001150747985,0.9130193905817174
5,29,irregular,3,192,247,55,186,6,61,0.96875,0.7530364372469636,0.7773279352226721,0.8473804100227791
5,30,regular,1,1042,997,45,997,45,0,0.9568138195777351,1.0,1.045135406218656,0.9779303580186366
5,30,semiregular,1,819,810,9,740,79,70,0.9035409035409036,0.9135802469135802,1.011111111111111,0.9085328422344997
5,30,irregular,1,172,250,78,88,84,162,0.5116279069767442,0.352,0.688,0.41706161137440756
5,30,regular,2,1042,997,45,997,45,0,0.9568138195777351,1.0,1.045135406218656,0.9779303580186366
5,30,semiregular,2,803,810,7,734,69,76,0.9140722291407223,0.9061728395061729,0.991358024691358,0.9101053936763794
5,30,irregular,2,55,250,195,5,50,245,0.09090909090909091,0.02,0.22,0.032786885245901634
5,30,regular,3,1046,997,49,997,49,0,0.9531548757170172,1.0,1.0491474423269809,0.9760156632403328
5,30,semiregular,3,819,810,9,762,57,48,0.9304029304029304,0.9407407407407408,1.011111111111111,0.9355432780847145
5,30,irregular,3,178,250,72,168,10,82,0.9438202247191011,0.672,0.712,0.7850467289719626
