Test fold number,Subject,Gait,Sensor,Predicted,Actual,Difference,TP,FP,FN,PPV,Sensitivity,RCA,SDA
1,1,regular,1,938,937,1,909,29,28,0.9690831556503199,0.9701173959445037,1.0010672358591248,0.9696
1,1,semiregular,1,710,703,7,608,102,95,0.856338028169014,0.8648648648648649,1.0099573257467995,0.8605803255484784
1,1,irregular,1,6,199,193,1,5,198,0.16666666666666666,0.005025125628140704,0.03015075376884422,0.009756097560975611
1,1,regular,2,1043,937,106,937,106,0,0.8983700862895494,1.0,1.1131270010672358,0.9464646464646465
1,1,semiregular,2,758,703,55,638,120,65,0.841688654353562,0.9075391180654339,1.0782361308677098,0.8733744010951404
1,1,irregular,2,187,199,12,159,28,40,0.8502673796791443,0.7989949748743719,0.9396984924623115,0.8238341968911918
1,1,regular,3,927,937,10,924,3,13,0.9967637540453075,0.9861259338313767,0.9893276414087513,0.9914163090128756
1,1,semiregular,3,765,703,62,653,112,50,0.85359477124183,0.9288762446657184,1.0881934566145093,0.8896457765667576
1,1,irregular,3,6,199,193,4,2,195,0.6666666666666666,0.020100502512562814,0.03015075376884422,0.039024390243902446
1,2,regular,1,1208,1224,16,1190,18,34,0.9850993377483444,0.9722222222222222,0.9869281045751634,0.9786184210526315
1,2,semiregular,1,550,647,97,519,31,128,0.9436363636363636,0.8021638330757341,0.8500772797527048,0.8671679197994987
1,2,irregular,1,8,217,209,1,7,216,0.125,0.004608294930875576,0.03686635944700461,0.008888888888888889
1,2,regular,2,1236,1224,12,1211,25,13,0.9797734627831716,0.9893790849673203,1.0098039215686274,0.9845528455284553
1,2,semiregular,2,613,647,34,584,29,63,0.9526916802610114,0.9026275115919629,0.9474497681607419,0.926984126984127
1,2,irregular,2,175,217,42,148,27,69,0.8457142857142858,0.6820276497695853,0.8064516129032258,0.7551020408163266
1,2,regular,3,1222,1224,2,1213,9,11,0.9926350245499181,0.9910130718954249,0.9983660130718954,0.9918233851185609
1,2,semiregular,3,636,647,11,600,36,47,0.9433962264150944,0.9273570324574961,0.9829984544049459,0.9353078721745908
1,2,irregular,3,8,217,209,2,6,215,0.25,0.009216589861751152,0.03686635944700461,0.017777777777777778
1,3,regular,1,1022,1053,31,1014,8,39,0.9921722113502935,0.9629629629629629,0.9705603038936372,0.9773493975903613
1,3,semiregular,1,654,716,62,595,59,121,0.9097859327217125,0.8310055865921788,0.9134078212290503,0.8686131386861314
1,3,irregular,1,7,224,217,1,6,223,0.14285714285714285,0.004464285714285714,0.03125,0.008658008658008656
1,3,regular,2,1026,1053,27,1013,13,40,0.9873294346978557,0.9620132953466287,0.9743589743589743,0.9745069745069744
1,3,semiregular,2,747,716,31,667,80,49,0.892904953145917,0.9315642458100558,1.0432960893854748,0.911825017088175
1,3,irregular,2,184,224,40,150,34,74,0.8152173913043478,0.6696428571428571,0.8214285714285714,0.7352941176470588
1,3,regular,3,1042,1053,11,1038,4,15,0.9961612284069098,0.9857549857549858,0.9895536562203229,0.9909307875894988
1,3,semiregular,3,722,716,6,652,70,64,0.9030470914127424,0.9106145251396648,1.0083798882681565,0.9068150208623088
1,3,irregular,3,7,224,217,1,6,223,0.14285714285714285,0.004464285714285714,0.03125,0.008658008658008656
1,4,regular,1,1139,1101,38,1101,38,0,0.9666374012291484,1.0,1.0345140781108084,0.9830357142857142
1,4,semiregular,1,603,614,11,502,101,112,0.8325041459369817,0.8175895765472313,0.9820846905537459,0.8249794576828268
1,4,irregular,1,8,228,220,3,5,225,0.375,0.013157894736842105,0.03508771929824561,0.02542372881355932
1,4,regular,2,1145,1101,44,1101,44,0,0.9615720524017467,1.0,1.0399636693914622,0.9804096170970614
1,4,semiregular,2,617,614,3,544,73,70,0.8816855753646677,0.8859934853420195,1.004885993485342,0.8838342810722989
1,4,irregular,2,112,228,116,100,12,128,0.8928571428571429,0.43859649122807015,0.49122807017543857,0.5882352941176471
1,4,regular,3,1109,1101,8,1100,9,1,0.9918845807033363,0.9990917347865577,1.0072661217075387,0.995475113122172
1,4,semiregular,3,614,614,0,549,65,65,0.8941368078175895,0.8941368078175895,1.0,0.8941368078175895
1,4,irregular,3,8,228,220,3,5,225,0.375,0.013157894736842105,0.03508771929824561,0.02542372881355932
1,5,regular,1,1044,1044,0,1031,13,13,0.9875478927203065,0.9875478927203065,1.0,0.9875478927203065
1,5,semiregular,1,712,668,44,606,106,62,0.851123595505618,0.907185628742515,1.0658682634730539,0.8782608695652173
1,5,irregular,1,9,217,208,2,7,215,0.2222222222222222,0.009216589861751152,0.041474654377880185,0.01769911504424779
1,5,regular,2,1038,1044,6,1024,14,20,0.9865125240847784,0.9808429118773946,0.9942528735632183,0.983669548511047
1,5,semiregular,2,753,668,85,638,115,30,0.8472775564409031,0.9550898203592815,1.127245508982036,0.8979591836734694
1,5,irregular,2,198,217,19,165,33,52,0.8333333333333334,0.7603686635944701,0.9124423963133641,0.7951807228915664
1,5,regular,3,1038,1044,6,1036,2,8,0.9980732177263969,0.9923371647509579,0.9942528735632183,0.9951969260326609
1,5,semiregular,3,702,668,34,611,91,57,0.8703703703703703,0.9146706586826348,1.0508982035928143,0.8919708029197081
1,5,irregular,3,9,217,208,0,9,217,-1,-1,0.041474654377880185,-1
1,6,regular,1,991,915,76,915,76,0,0.9233097880928355,1.0,1.0830601092896175,0.9601259181532004
1,6,semiregular,1,696,701,5,629,67,72,0.9037356321839081,0.8972895863052782,0.992867332382311,0.9005010737294202
1,6,irregular,1,8,195,187,0,8,195,-1,-1,0.041025641025641026,-1
1,6,regular,2,974,915,59,915,59,0,0.9394250513347022,1.0,1.0644808743169398,0.9687665431445209
1,6,semiregular,2,749,701,48,664,85,37,0.8865153538050734,0.9472182596291013,1.0684736091298146,0.9158620689655174
1,6,irregular,2,176,195,19,134,42,61,0.7613636363636364,0.6871794871794872,0.9025641025641026,0.7223719676549865
1,6,regular,3,923,915,8,913,10,2,0.9891657638136512,0.9978142076502732,1.008743169398907,0.9934711643090316
1,6,semiregular,3,708,701,7,643,65,58,0.9081920903954802,0.9172610556348074,1.0099857346647647,0.9127040454222853
1,6,irregular,3,8,195,187,0,8,195,-1,-1,0.041025641025641026,-1
1,7,regular,1,1235,1230,5,1218,17,12,0.9862348178137652,0.9902439024390244,1.0040650406504066,0.9882352941176471
1,7,semiregular,1,810,761,49,685,125,76,0.845679012345679,0.900131406044678,1.064388961892247,0.8720560152768936
1,7,irregular,1,11,225,214,4,7,221,0.36363636363636365,0.017777777777777778,0.04888888888888889,0.03389830508474576
1,7,regular,2,1230,1230,0,1207,23,23,0.9813008130081301,0.9813008130081301,1.0,0.9813008130081301
1,7,semiregular,2,769,761,8,683,86,78,0.8881664499349805,0.897503285151117,1.0105124835742445,0.8928104575163399
1,7,irregular,2,173,225,52,151,22,74,0.8728323699421965,0.6711111111111111,0.7688888888888888,0.7587939698492462
1,7,regular,3,1224,1230,6,1222,2,8,0.9983660130718954,0.9934959349593496,0.9951219512195122,0.9959250203748982
1,7,semiregular,3,771,761,10,681,90,80,0.8832684824902723,0.8948751642575559,1.0131406044678055,0.8890339425587468
1,7,irregular,3,11,225,214,2,9,223,0.18181818181818182,0.008888888888888889,0.04888888888888889,0.01694915254237288
1,8,regular,1,1041,1035,6,1020,21,15,0.9798270893371758,0.9855072463768116,1.0057971014492753,0.9826589595375723
1,8,semiregular,1,812,827,15,727,85,100,0.895320197044335,0.879081015719468,0.9818621523579202,0.8871262965222696
1,8,irregular,1,13,243,230,3,10,240,0.23076923076923078,0.012345679012345678,0.053497942386831275,0.0234375
1,8,regular,2,1054,1035,19,1031,23,4,0.9781783681214421,0.996135265700483,1.0183574879227053,0.9870751555768309
1,8,semiregular,2,845,827,18,771,74,56,0.9124260355029585,0.932285368802902,1.0217654171704957,0.9222488038277512
1,8,irregular,2,193,243,50,155,38,88,0.8031088082901554,0.6378600823045267,0.7942386831275721,0.7110091743119265
1,8,regular,3,1032,1035,3,1028,4,7,0.9961240310077519,0.9932367149758454,0.9971014492753624,0.9946782776971457
1,8,semiregular,3,848,827,21,764,84,63,0.9009433962264151,0.9238210399032648,1.0253929866989118,0.9122388059701492
1,8,irregular,3,13,243,230,3,10,240,0.23076923076923078,0.012345679012345678,0.053497942386831275,0.0234375
1,9,regular,1,1103,1107,4,1088,15,19,0.986400725294651,0.982836495031617,0.996386630532972,0.9846153846153846
1,9,semiregular,1,619,701,82,585,34,116,0.9450726978998385,0.8345221112696148,0.8830242510699001,0.8863636363636364
1,9,irregular,1,10,266,256,4,6,262,0.4,0.015037593984962405,0.03759398496240601,0.028985507246376812
1,9,regular,2,1112,1107,5,1094,18,13,0.9838129496402878,0.988256549232159,1.004516711833785,0.986029743127535
1,9,semiregular,2,645,701,56,608,37,93,0.9426356589147287,0.8673323823109843,0.920114122681883,0.9034175334323923
1,9,irregular,2,216,266,50,181,35,85,0.8379629629629629,0.6804511278195489,0.8120300751879699,0.7510373443983402
1,9,regular,3,1090,1107,17,1087,3,20,0.9972477064220183,0.98193315266486,0.9846431797651309,0.9895311788802913
1,9,semiregular,3,699,701,2,644,55,57,0.9213161659513591,0.9186875891583453,0.9971469329529244,0.92
1,9,irregular,3,10,266,256,2,8,264,0.2,0.007518796992481203,0.03759398496240601,0.014492753623188406
1,10,regular,1,1054,1014,40,1014,40,0,0.9620493358633776,1.0,1.039447731755424,0.9806576402321083
1,10,semiregular,1,653,656,3,596,57,60,0.9127105666156202,0.9085365853658537,0.9954268292682927,0.9106187929717341
1,10,irregular,1,9,247,238,2,7,245,0.2222222222222222,0.008097165991902834,0.03643724696356275,0.015625
1,10,regular,2,1063,1014,49,1014,49,0,0.9539040451552211,1.0,1.0483234714003944,0.9764082811747714
1,10,semiregular,2,657,656,1,600,57,56,0.91324200913242,0.9146341463414634,1.0015243902439024,0.9139375476009141
1,10,irregular,2,137,247,110,122,15,125,0.8905109489051095,0.4939271255060729,0.5546558704453441,0.6354166666666667
1,10,regular,3,1032,1014,18,1010,22,4,0.9786821705426356,0.9960552268244576,1.017751479289941,0.9872922776148583
1,10,semiregular,3,664,656,8,610,54,46,0.9186746987951807,0.9298780487804879,1.0121951219512195,0.9242424242424242
1,10,irregular,3,8,247,239,3,5,244,0.375,0.012145748987854251,0.032388663967611336,0.02352941176470588
1,11,regular,1,1080,1070,10,1066,14,4,0.987037037037037,0.9962616822429906,1.0093457943925233,0.9916279069767442
1,11,semiregular,1,720,700,20,630,90,70,0.875,0.9,1.0285714285714285,0.8873239436619719
1,11,irregular,1,8,239,231,0,8,239,-1,-1,0.03347280334728033,-1
1,11,regular,2,1078,1070,8,1062,16,8,0.9851576994434137,0.9925233644859813,1.0074766355140188,0.9888268156424581
1,11,semiregular,2,728,700,28,645,83,55,0.885989010989011,0.9214285714285714,1.04,0.9033613445378151
1,11,irregular,2,199,239,40,169,30,70,0.8492462311557789,0.7071129707112971,0.8326359832635983,0.771689497716895
1,11,regular,3,1074,1070,4,1069,5,1,0.9953445065176909,0.9990654205607477,1.0037383177570094,0.9972014925373135
1,11,semiregular,3,712,700,12,633,79,67,0.8890449438202247,0.9042857142857142,1.0171428571428571,0.8966005665722379
1,11,irregular,3,8,239,231,1,7,238,0.125,0.0041841004184100415,0.03347280334728033,0.008097165991902832
1,12,regular,1,1027,1007,20,1007,20,0,0.9805258033106135,1.0,1.0198609731876862,0.9901671583087512
1,12,semiregular,1,691,641,50,578,113,63,0.8364688856729378,0.9017160686427457,1.078003120124805,0.867867867867868
1,12,irregular,1,9,204,195,2,7,202,0.2222222222222222,0.00980392156862745,0.04411764705882353,0.018779342723004695
1,12,regular,2,1024,1007,17,1007,17,0,0.9833984375,1.0,1.0168818272095332,0.9916297390448056
1,12,semiregular,2,666,641,25,575,91,66,0.8633633633633634,0.8970358814352574,1.0390015600624025,0.8798775822494262
1,12,irregular,2,206,204,2,160,46,44,0.7766990291262136,0.7843137254901961,1.0098039215686274,0.7804878048780487
1,12,regular,3,1021,1007,14,1007,14,0,0.9862879529872673,1.0,1.0139026812313803,0.9930966469428009
1,12,semiregular,3,648,641,7,567,81,74,0.875,0.8845553822152886,1.0109204368174727,0.8797517455391778
1,12,irregular,3,9,204,195,1,8,203,0.1111111111111111,0.004901960784313725,0.04411764705882353,0.009389671361502348
1,13,regular,1,1007,1000,7,992,15,8,0.9851042701092354,0.992,1.007,0.9885401096163428
1,13,semiregular,1,846,815,31,762,84,53,0.900709219858156,0.9349693251533743,1.038036809815951,0.9175195665261889
1,13,irregular,1,12,216,204,2,10,214,0.16666666666666666,0.009259259259259259,0.05555555555555555,0.017543859649122806
1,13,regular,2,1013,1000,13,996,17,4,0.983218163869694,0.996,1.013,0.9895678092399404
1,13,semiregular,2,845,815,30,777,68,38,0.919526627218935,0.9533742331288344,1.0368098159509203,0.9361445783132529
1,13,irregular,2,204,216,12,159,45,57,0.7794117647058824,0.7361111111111112,0.9444444444444444,0.7571428571428572
1,13,regular,3,1001,1000,1,997,4,3,0.996003996003996,0.997,1.001,0.9965017491254373
1,13,semiregular,3,828,815,13,768,60,47,0.927536231884058,0.9423312883435583,1.0159509202453987,0.9348752282410225
1,13,irregular,3,12,216,204,3,9,213,0.25,0.013888888888888888,0.05555555555555555,0.02631578947368421
1,14,regular,1,1047,1052,5,1040,7,12,0.9933142311365807,0.9885931558935361,0.9952471482889734,0.9909480705097665
1,14,semiregular,1,816,913,97,762,54,151,0.9338235294117647,0.8346111719605696,0.8937568455640745,0.8814343551185657
1,14,irregular,1,8,217,209,0,8,217,-1,-1,0.03686635944700461,-1
1,14,regular,2,1054,1052,2,1039,15,13,0.9857685009487666,0.9876425855513308,1.0019011406844107,0.98670465337132
1,14,semiregular,2,917,913,4,853,64,60,0.9302071973827699,0.9342825848849945,1.004381161007667,0.9322404371584699
1,14,irregular,2,195,217,22,161,34,56,0.8256410256410256,0.7419354838709677,0.8986175115207373,0.7815533980582523
1,14,regular,3,1046,1052,6,1045,1,7,0.9990439770554493,0.9933460076045627,0.9942965779467681,0.996186844613918
1,14,semiregular,3,908,913,5,845,63,68,0.9306167400881057,0.9255202628696605,0.9945235487404163,0.9280615046677649
1,14,irregular,3,8,217,209,1,7,216,0.125,0.004608294930875576,0.03686635944700461,0.008888888888888889
1,15,regular,1,963,964,1,950,13,14,0.9865005192107996,0.9854771784232366,0.9989626556016598,0.9859885832900882
1,15,semiregular,1,781,774,7,715,66,59,0.9154929577464789,0.9237726098191215,1.0090439276485788,0.9196141479099678
1,15,irregular,1,9,218,209,0,9,218,-1,-1,0.04128440366972477,-1
1,15,regular,2,964,964,0,951,13,13,0.9865145228215768,0.9865145228215768,1.0,0.9865145228215768
1,15,semiregular,2,787,774,13,723,64,51,0.9186785260482846,0.9341085271317829,1.016795865633075,0.9263292761050609
1,15,irregular,2,176,218,42,147,29,71,0.8352272727272727,0.6743119266055045,0.8073394495412844,0.7461928934010152
1,15,regular,3,959,964,5,957,2,7,0.9979144942648592,0.9927385892116183,0.9948132780082988,0.9953198127925117
1,15,semiregular,3,756,774,18,700,56,74,0.9259259259259259,0.9043927648578811,0.9767441860465116,0.915032679738562
1,15,irregular,3,9,218,209,2,7,216,0.2222222222222222,0.009174311926605505,0.04128440366972477,0.01762114537444934
1,16,regular,1,1113,1109,4,1097,16,12,0.9856244384546271,0.9891794409377818,1.0036068530207394,0.9873987398739874
1,16,semiregular,1,671,681,10,577,94,104,0.8599105812220567,0.8472834067547724,0.9853157121879589,0.8535502958579883
1,16,irregular,1,8,272,264,3,5,269,0.375,0.011029411764705883,0.029411764705882353,0.02142857142857143
1,16,regular,2,1133,1109,24,1109,24,0,0.9788172992056487,1.0,1.0216411181244365,0.9892952720785013
1,16,semiregular,2,686,681,5,608,78,73,0.8862973760932945,0.8928046989720999,1.0073421439060206,0.8895391367959035
1,16,irregular,2,222,272,50,194,28,78,0.8738738738738738,0.7132352941176471,0.8161764705882353,0.7854251012145749
1,16,regular,3,1114,1109,5,1105,9,4,0.9919210053859964,0.9963931469792606,1.0045085662759243,0.9941520467836257
1,16,semiregular,3,676,681,5,602,74,79,0.8905325443786982,0.8839941262848752,0.9926578560939795,0.8872512896094326
1,16,irregular,3,8,272,264,2,6,270,0.25,0.007352941176470588,0.029411764705882353,0.014285714285714287
1,17,regular,1,1035,1029,6,1025,10,4,0.9903381642512077,0.9961127308066083,1.0058309037900874,0.9932170542635659
1,17,semiregular,1,829,837,8,744,85,93,0.8974668275030157,0.8888888888888888,0.9904420549581839,0.8931572629051621
1,17,irregular,1,10,240,230,1,9,239,0.1,0.004166666666666667,0.041666666666666664,0.008
1,17,regular,2,1049,1029,20,1029,20,0,0.9809342230695901,1.0,1.0194363459669582,0.9903753609239654
1,17,semiregular,2,860,837,23,778,82,59,0.9046511627906977,0.929510155316607,1.027479091995221,0.9169121979964643
1,17,irregular,2,207,240,33,169,38,71,0.8164251207729468,0.7041666666666667,0.8625,0.756152125279642
1,17,regular,3,1041,1029,12,1028,13,1,0.9875120076849183,0.9990281827016521,1.0116618075801749,0.9932367149758454
1,17,semiregular,3,837,837,0,770,67,67,0.9199522102747909,0.9199522102747909,1.0,0.9199522102747909
1,17,irregular,3,10,240,230,3,7,237,0.3,0.0125,0.041666666666666664,0.024
1,18,regular,1,1057,1044,13,1040,17,4,0.9839167455061495,0.9961685823754789,1.0124521072796935,0.9900047596382675
1,18,semiregular,1,767,801,34,714,53,87,0.9308996088657105,0.8913857677902621,0.9575530586766542,0.9107142857142858
1,18,irregular,1,8,252,244,0,8,252,-1,-1,0.031746031746031744,-1
1,18,regular,2,1061,1044,17,1043,18,1,0.9830348727615457,0.9990421455938697,1.0162835249042146,0.9909738717339668
1,18,semiregular,2,831,801,30,767,64,34,0.9229843561973526,0.9575530586766542,1.0374531835205993,0.939950980392157
1,18,irregular,2,219,252,33,189,30,63,0.863013698630137,0.75,0.8690476190476191,0.802547770700637
1,18,regular,3,1053,1044,9,1043,10,1,0.9905033238366572,0.9990421455938697,1.0086206896551724,0.9947544110634239
1,18,semiregular,3,817,801,16,760,57,41,0.9302325581395349,0.9488139825218477,1.0199750312109863,0.9394313967861557
1,18,irregular,3,8,252,244,2,6,250,0.25,0.007936507936507936,0.031746031746031744,0.015384615384615385
1,19,regular,1,1087,1076,11,1073,14,3,0.9871205151793928,0.9972118959107806,1.0102230483271375,0.9921405455386039
1,19,semiregular,1,732,753,21,676,56,77,0.9234972677595629,0.897742363877822,0.9721115537848606,0.9104377104377104
1,19,irregular,1,7,245,238,0,7,245,-1,-1,0.02857142857142857,-1
1,19,regular,2,1086,1076,10,1070,16,6,0.9852670349907919,0.9944237918215614,1.0092936802973977,0.9898242368177613
1,19,semiregular,2,742,753,11,685,57,68,0.9231805929919138,0.9096945551128818,0.9853917662682603,0.9163879598662208
1,19,irregular,2,200,245,45,169,31,76,0.845,0.689795918367347,0.8163265306122449,0.7595505617977528
1,19,regular,3,1082,1076,6,1074,8,2,0.9926062846580407,0.9981412639405205,1.0055762081784387,0.9953660797034292
1,19,semiregular,3,740,753,13,681,59,72,0.9202702702702703,0.9043824701195219,0.9827357237715804,0.912257200267917
1,19,irregular,3,7,245,238,1,6,244,0.14285714285714285,0.004081632653061225,0.02857142857142857,0.007936507936507938
1,20,regular,1,1214,1251,37,1199,15,52,0.9876441515650741,0.9584332533972821,0.9704236610711431,0.9728194726166328
1,20,semiregular,1,851,841,10,745,106,96,0.8754406580493537,0.8858501783590963,1.0118906064209274,0.8806146572104019
1,20,irregular,1,8,252,244,1,7,251,0.125,0.003968253968253968,0.031746031746031744,0.007692307692307693
1,20,regular,2,1229,1251,22,1210,19,41,0.9845402766476811,0.9672262190247801,0.982414068745004,0.9758064516129032
1,20,semiregular,2,839,841,2,742,97,99,0.8843861740166865,0.882282996432818,0.9976218787158145,0.8833333333333333
1,20,irregular,2,221,252,31,178,43,74,0.8054298642533937,0.7063492063492064,0.876984126984127,0.7526427061310783
1,20,regular,3,1197,1251,54,1192,5,59,0.9958228905597326,0.9528377298161471,0.9568345323741008,0.9738562091503267
1,20,semiregular,3,828,841,13,725,103,116,0.8756038647342995,0.8620689655172413,0.9845422116527943,0.8687837028160575
1,20,irregular,3,8,252,244,1,7,251,0.125,0.003968253968253968,0.031746031746031744,0.007692307692307693
1,21,regular,1,928,920,8,917,11,3,0.9881465517241379,0.9967391304347826,1.008695652173913,0.9924242424242423
1,21,semiregular,1,573,549,24,467,106,82,0.8150087260034904,0.8506375227686703,1.0437158469945356,0.8324420677361853
1,21,irregular,1,8,204,196,2,6,202,0.25,0.00980392156862745,0.0392156862745098,0.018867924528301886
1,21,regular,2,936,920,16,920,16,0,0.9829059829059829,1.0,1.017391304347826,0.9913793103448275
1,21,semiregular,2,602,549,53,509,93,40,0.845514950166113,0.9271402550091075,1.0965391621129326,0.8844483058210252
1,21,irregular,2,185,204,19,158,27,46,0.8540540540540541,0.7745098039215687,0.9068627450980392,0.8123393316195374
1,21,regular,3,928,920,8,920,8,0,0.9913793103448276,1.0,1.008695652173913,0.9956709956709957
1,21,semiregular,3,591,549,42,491,100,58,0.8307952622673435,0.8943533697632058,1.0765027322404372,0.8614035087719298
1,21,irregular,3,8,204,196,2,6,202,0.25,0.00980392156862745,0.0392156862745098,0.018867924528301886
1,22,regular,1,975,946,29,946,29,0,0.9702564102564103,1.0,1.0306553911205074,0.984903695991671
1,22,semiregular,1,717,703,14,636,81,67,0.8870292887029289,0.9046941678520626,1.0199146514935988,0.8957746478873241
1,22,irregular,1,8,247,239,1,7,246,0.125,0.004048582995951417,0.032388663967611336,0.00784313725490196
1,22,regular,2,974,946,28,941,33,5,0.9661190965092402,0.9947145877378436,1.029598308668076,0.9802083333333332
1,22,semiregular,2,713,703,10,644,69,59,0.9032258064516129,0.9160739687055477,1.0142247510668563,0.9096045197740112
1,22,irregular,2,161,247,86,142,19,105,0.8819875776397516,0.5748987854251012,0.6518218623481782,0.696078431372549
1,22,regular,3,951,946,5,944,7,2,0.9926393270241851,0.9978858350951374,1.0052854122621564,0.9952556668423828
1,22,semiregular,3,715,703,12,637,78,66,0.8909090909090909,0.9061166429587483,1.0170697012802277,0.8984485190409027
1,22,irregular,3,8,247,239,1,7,246,0.125,0.004048582995951417,0.032388663967611336,0.00784313725490196
1,23,regular,1,992,999,7,978,14,21,0.9858870967741935,0.978978978978979,0.992992992992993,0.982420894023104
1,23,semiregular,1,899,835,64,778,121,57,0.8654060066740823,0.9317365269461078,1.0766467065868264,0.8973471741637832
1,23,irregular,1,15,266,251,3,12,263,0.2,0.011278195488721804,0.05639097744360902,0.021352313167259787
1,23,regular,2,1029,999,30,980,49,19,0.9523809523809523,0.980980980980981,1.03003003003003,0.9664694280078896
1,23,semiregular,2,840,835,5,755,85,80,0.8988095238095238,0.9041916167664671,1.0059880239520957,0.9014925373134329
1,23,irregular,2,193,266,73,158,35,108,0.8186528497409327,0.5939849624060151,0.7255639097744361,0.6884531590413944
1,23,regular,3,1009,999,10,990,19,9,0.981169474727453,0.990990990990991,1.01001001001001,0.9860557768924303
1,23,semiregular,3,862,835,27,767,95,68,0.8897911832946636,0.918562874251497,1.0323353293413173,0.9039481437831467
1,23,irregular,3,14,266,252,1,13,265,0.07142857142857142,0.0037593984962406013,0.05263157894736842,0.007142857142857143
1,24,regular,1,1079,1079,0,1059,20,20,0.9814643188137164,0.9814643188137164,1.0,0.9814643188137164
1,24,semiregular,1,656,680,24,600,56,80,0.9146341463414634,0.8823529411764706,0.9647058823529412,0.8982035928143712
1,24,irregular,1,11,247,236,1,10,246,0.09090909090909091,0.004048582995951417,0.044534412955465584,0.007751937984496124
1,24,regular,2,1088,1079,9,1066,22,13,0.9797794117647058,0.9879518072289156,1.0083410565338276,0.9838486386709736
1,24,semiregular,2,679,680,1,633,46,47,0.9322533136966127,0.9308823529411765,0.9985294117647059,0.9315673289183223
1,24,irregular,2,205,247,42,178,27,69,0.8682926829268293,0.7206477732793523,0.8299595141700404,0.7876106194690266
1,24,regular,3,1071,1079,8,1067,4,12,0.996265172735761,0.9888785912882299,0.9925857275254866,0.9925581395348837
1,24,semiregular,3,682,680,2,637,45,43,0.9340175953079178,0.9367647058823529,1.0029411764705882,0.9353891336270191
1,24,irregular,3,11,247,236,2,9,245,0.18181818181818182,0.008097165991902834,0.044534412955465584,0.015503875968992248
1,25,regular,1,940,946,6,928,12,18,0.9872340425531915,0.9809725158562368,0.9936575052854123,0.9840933191940614
1,25,semiregular,1,675,718,43,600,75,118,0.8888888888888888,0.8356545961002786,0.9401114206128134,0.8614501076812634
1,25,irregular,1,14,207,193,1,13,206,0.07142857142857142,0.004830917874396135,0.06763285024154589,0.00904977375565611
1,25,regular,2,947,946,1,932,15,14,0.9841605068637803,0.985200845665962,1.0010570824524312,0.9846804014791336
1,25,semiregular,2,741,718,23,663,78,55,0.8947368421052632,0.9233983286908078,1.032033426183844,0.9088416723783413
1,25,irregular,2,163,207,44,129,34,78,0.7914110429447853,0.6231884057971014,0.7874396135265701,0.6972972972972973
1,25,regular,3,941,946,5,939,2,7,0.997874601487779,0.992600422832981,0.9947145877378436,0.9952305246422893
1,25,semiregular,3,713,718,5,636,77,82,0.8920056100981767,0.8857938718662952,0.9930362116991643,0.888888888888889
1,25,irregular,3,14,207,193,2,12,205,0.14285714285714285,0.00966183574879227,0.06763285024154589,0.01809954751131222
1,26,regular,1,1034,985,49,985,49,0,0.9526112185686654,1.0,1.049746192893401,0.9757305596830114
1,26,semiregular,1,744,720,24,657,87,63,0.8830645161290323,0.9125,1.0333333333333334,0.8975409836065574
1,26,irregular,1,9,214,205,2,7,212,0.2222222222222222,0.009345794392523364,0.04205607476635514,0.017937219730941704
1,26,regular,2,1031,985,46,985,46,0,0.9553831231813773,1.0,1.0467005076142133,0.9771825396825397
1,26,semiregular,2,732,720,12,657,75,63,0.8975409836065574,0.9125,1.0166666666666666,0.9049586776859505
1,26,irregular,2,92,214,122,75,17,139,0.8152173913043478,0.35046728971962615,0.42990654205607476,0.4901960784313726
1,26,regular,3,1029,985,44,985,44,0,0.9572400388726919,1.0,1.0446700507614213,0.9781529294935453
1,26,semiregular,3,727,720,7,649,78,71,0.8927097661623109,0.9013888888888889,1.0097222222222222,0.8970283344851416
1,26,irregular,3,9,214,205,3,6,211,0.3333333333333333,0.014018691588785047,0.04205607476635514,0.026905829596412554
1,27,regular,1,1170,1166,4,1152,18,14,0.9846153846153847,0.9879931389365352,1.0034305317324186,0.9863013698630138
1,27,semiregular,1,695,728,33,608,87,120,0.874820143884892,0.8351648351648352,0.9546703296703297,0.8545326774420239
1,27,irregular,1,13,270,257,4,9,266,0.3076923076923077,0.014814814814814815,0.04814814814814815,0.028268551236749116
1,27,regular,2,1174,1166,8,1156,18,10,0.9846678023850085,0.9914236706689536,1.006861063464837,0.9880341880341881
1,27,semiregular,2,737,728,9,665,72,63,0.9023066485753053,0.9134615384615384,1.0123626373626373,0.9078498293515359
1,27,irregular,2,234,270,36,202,32,68,0.8632478632478633,0.7481481481481481,0.8666666666666667,0.8015873015873016
1,27,regular,3,1166,1166,0,1163,3,3,0.9974271012006861,0.9974271012006861,1.0,0.9974271012006861
1,27,semiregular,3,724,728,4,663,61,65,0.9157458563535912,0.9107142857142857,0.9945054945054945,0.9132231404958677
1,27,irregular,3,13,270,257,1,12,269,0.07692307692307693,0.003703703703703704,0.04814814814814815,0.007067137809187279
1,28,regular,1,1091,1098,7,1070,21,28,0.9807516040329972,0.9744990892531876,0.9936247723132969,0.977615349474646
1,28,semiregular,1,878,859,19,786,92,73,0.8952164009111617,0.9150174621653085,1.0221187427240979,0.9050086355785838
1,28,irregular,1,15,293,278,1,14,292,0.06666666666666667,0.0034129692832764505,0.051194539249146756,0.006493506493506494
1,28,regular,2,1121,1098,23,1092,29,6,0.9741302408563782,0.994535519125683,1.0209471766848817,0.9842271293375393
1,28,semiregular,2,865,859,6,784,81,75,0.9063583815028902,0.9126891734575088,1.0069848661233993,0.9095127610208817
1,28,irregular,2,223,293,70,176,47,117,0.7892376681614349,0.6006825938566553,0.7610921501706485,0.6821705426356588
1,28,regular,3,1102,1098,4,1092,10,6,0.9909255898366606,0.994535519125683,1.0036429872495447,0.9927272727272728
1,28,semiregular,3,852,859,7,785,67,74,0.9213615023474179,0.9138533178114087,0.9918509895227008,0.9175920514319111
1,28,irregular,3,15,293,278,2,13,291,0.13333333333333333,0.006825938566552901,0.051194539249146756,0.012987012987012988
1,29,regular,1,1134,1140,6,1123,11,17,0.9902998236331569,0.9850877192982456,0.9947368421052631,0.9876868953386103
1,29,semiregular,1,878,869,9,769,109,100,0.8758542141230068,0.8849252013808976,1.0103567318757192,0.8803663423010876
1,29,irregular,1,10,247,237,0,10,247,-1,-1,0.04048582995951417,-1
1,29,regular,2,1149,1140,9,1133,16,7,0.9860748476936466,0.993859649122807,1.0078947368421052,0.9899519440803844
1,29,semiregular,2,947,869,78,820,127,49,0.8658922914466737,0.9436133486766398,1.0897583429228999,0.9030837004405287
1,29,irregular,2,216,247,31,173,43,74,0.8009259259259259,0.7004048582995951,0.8744939271255061,0.7473002159827213
1,29,regular,3,1138,1140,2,1132,6,8,0.9947275922671354,0.9929824561403509,0.9982456140350877,0.9938542581211589
1,29,semiregular,3,897,869,28,808,89,61,0.9007803790412486,0.9298043728423475,1.0322209436133487,0.9150622876557191
1,29,irregular,3,10,247,237,1,9,246,0.1,0.004048582995951417,0.04048582995951417,0.007782101167315176
1,30,regular,1,987,997,10,981,6,16,0.993920972644377,0.9839518555667001,0.9899699097291875,0.9889112903225806
1,30,semiregular,1,802,810,8,728,74,82,0.9077306733167082,0.8987654320987655,0.9901234567901235,0.9032258064516129
1,30,irregular,1,17,250,233,3,14,247,0.17647058823529413,0.012,0.068,0.02247191011235955
1,30,regular,2,1007,997,10,993,14,4,0.9860973187686196,0.995987963891675,1.0100300902708124,0.9910179640718563
1,30,semiregular,2,817,810,7,752,65,58,0.9204406364749081,0.928395061728395,1.008641975308642,0.9244007375537798
1,30,irregular,2,182,250,68,153,29,97,0.8406593406593407,0.612,0.728,0.7083333333333334
1,30,regular,3,994,997,3,992,2,5,0.9979879275653923,0.9949849548645938,0.9969909729187563,0.9964841788046208
1,30,semiregular,3,820,810,10,758,62,52,0.9243902439024391,0.9358024691358025,1.0123456790123457,0.9300613496932515
1,30,irregular,3,17,250,233,4,13,246,0.23529411764705882,0.016,0.068,0.0299625468164794
2,1,regular,1,1012,937,75,937,75,0,0.9258893280632411,1.0,1.080042689434365,0.961518727552591
2,1,semiregular,1,735,703,32,619,116,84,0.8421768707482993,0.8805120910384068,1.0455192034139402,0.8609179415855355
2,1,irregular,1,126,199,73,105,21,94,0.8333333333333334,0.5276381909547738,0.6331658291457286,0.6461538461538461
2,1,regular,2,1008,937,71,937,71,0,0.9295634920634921,1.0,1.0757737459978656,0.963496143958869
2,1,semiregular,2,734,703,31,637,97,66,0.8678474114441417,0.9061166429587483,1.0440967283072546,0.8865692414752957
2,1,irregular,2,183,199,16,151,32,48,0.825136612021858,0.7587939698492462,0.9195979899497487,0.7905759162303665
2,1,regular,3,939,937,2,933,6,4,0.9936102236421726,0.9957310565635006,1.0021344717182497,0.9946695095948828
2,1,semiregular,3,750,703,47,638,112,65,0.8506666666666667,0.9075391180654339,1.0668563300142246,0.8781830695113558
2,1,irregular,3,176,199,23,145,31,54,0.8238636363636364,0.7286432160804021,0.8844221105527639,0.7733333333333334
2,2,regular,1,1232,1224,8,1206,26,18,0.9788961038961039,0.9852941176470589,1.0065359477124183,0.982084690553746
2,2,semiregular,1,597,647,50,562,35,85,0.9413735343383585,0.8686244204018547,0.9227202472952086,0.9035369774919614
2,2,irregular,1,90,217,127,80,10,137,0.8888888888888888,0.3686635944700461,0.4147465437788018,0.5211726384364821
2,2,regular,2,1239,1224,15,1213,26,11,0.9790153349475383,0.9910130718954249,1.0122549019607843,0.9849776695087292
2,2,semiregular,2,635,647,12,603,32,44,0.9496062992125984,0.9319938176197836,0.98145285935085,0.9407176287051481
2,2,irregular,2,208,217,9,175,33,42,0.8413461538461539,0.8064516129032258,0.9585253456221198,0.8235294117647058
2,2,regular,3,1213,1224,11,1205,8,19,0.9934047815333883,0.9844771241830066,0.9910130718954249,0.9889208042675421
2,2,semiregular,3,672,647,25,624,48,23,0.9285714285714286,0.964451313755796,1.0386398763523956,0.9461713419257013
2,2,irregular,3,207,217,10,173,34,44,0.8357487922705314,0.7972350230414746,0.9539170506912442,0.8160377358490565
2,3,regular,1,1048,1053,5,1035,13,18,0.9875954198473282,0.9829059829059829,0.9952516619183286,0.9852451213707757
2,3,semiregular,1,708,716,8,637,71,79,0.8997175141242938,0.8896648044692738,0.9888268156424581,0.8946629213483146
2,3,irregular,1,131,224,93,114,17,110,0.8702290076335878,0.5089285714285714,0.5848214285714286,0.6422535211267605
2,3,regular,2,1045,1053,8,1031,14,22,0.9866028708133971,0.9791073124406457,0.9924026590693258,0.982840800762631
2,3,semiregular,2,722,716,6,652,70,64,0.9030470914127424,0.9106145251396648,1.0083798882681565,0.9068150208623088
2,3,irregular,2,191,224,33,158,33,66,0.8272251308900523,0.7053571428571429,0.8526785714285714,0.7614457831325301
2,3,regular,3,1043,1053,10,1037,6,16,0.9942473633748802,0.9848053181386515,0.9905033238366572,0.9895038167938931
2,3,semiregular,3,731,716,15,663,68,53,0.9069767441860465,0.9259776536312849,1.020949720670391,0.9163787145818935
2,3,irregular,3,200,224,24,163,37,61,0.815,0.7276785714285714,0.8928571428571429,0.7688679245283018
2,4,regular,1,1136,1101,35,1101,35,0,0.9691901408450704,1.0,1.0317892824704813,0.9843540455967813
2,4,semiregular,1,652,614,38,551,101,63,0.8450920245398773,0.8973941368078175,1.0618892508143323,0.8704581358609795
2,4,irregular,1,64,228,164,49,15,179,0.765625,0.2149122807017544,0.2807017543859649,0.3356164383561644
2,4,regular,2,1131,1101,30,1101,30,0,0.9734748010610079,1.0,1.0272479564032697,0.9865591397849462
2,4,semiregular,2,616,614,2,548,68,66,0.8896103896103896,0.8925081433224755,1.003257328990228,0.8910569105691057
2,4,irregular,2,217,228,11,183,34,45,0.8433179723502304,0.8026315789473685,0.9517543859649122,0.8224719101123594
2,4,regular,3,1106,1101,5,1099,7,2,0.9936708860759493,0.9981834695731153,1.0045413260672116,0.995922066153149
2,4,semiregular,3,628,614,14,555,73,59,0.8837579617834395,0.9039087947882736,1.022801302931596,0.893719806763285
2,4,irregular,3,212,228,16,172,40,56,0.8113207547169812,0.7543859649122807,0.9298245614035088,0.7818181818181817
2,5,regular,1,1051,1044,7,1037,14,7,0.9866793529971456,0.9932950191570882,1.0067049808429118,0.9899761336515513
2,5,semiregular,1,754,668,86,633,121,35,0.8395225464190982,0.9476047904191617,1.1287425149700598,0.890295358649789
2,5,irregular,1,75,217,142,64,11,153,0.8533333333333334,0.29493087557603687,0.3456221198156682,0.4383561643835616
2,5,regular,2,1058,1044,14,1043,15,1,0.9858223062381852,0.9990421455938697,1.0134099616858236,0.9923882017126546
2,5,semiregular,2,706,668,38,607,99,61,0.8597733711048159,0.9086826347305389,1.0568862275449102,0.8835516739446869
2,5,irregular,2,202,217,15,168,34,49,0.8316831683168316,0.7741935483870968,0.9308755760368663,0.8019093078758949
2,5,regular,3,1043,1044,1,1040,3,4,0.99712368168744,0.9961685823754789,0.9990421455938697,0.9966459032103497
2,5,semiregular,3,709,668,41,620,89,48,0.8744710860366713,0.9281437125748503,1.061377245508982,0.9005083514887436
2,5,irregular,3,196,217,21,161,35,56,0.8214285714285714,0.7419354838709677,0.9032258064516129,0.7796610169491526
2,6,regular,1,970,915,55,915,55,0,0.9432989690721649,1.0,1.0601092896174864,0.9708222811671088
2,6,semiregular,1,719,701,18,643,76,58,0.894297635605007,0.9172610556348074,1.0256776034236805,0.9056338028169014
2,6,irregular,1,66,195,129,44,22,151,0.6666666666666666,0.22564102564102564,0.3384615384615385,0.3371647509578544
2,6,regular,2,977,915,62,914,63,1,0.9355168884339816,0.9989071038251366,1.06775956284153,0.9661733615221987
2,6,semiregular,2,719,701,18,652,67,49,0.9068150208623088,0.9300998573466477,1.0256776034236805,0.9183098591549297
2,6,irregular,2,169,195,26,128,41,67,0.757396449704142,0.6564102564102564,0.8666666666666667,0.7032967032967032
2,6,regular,3,932,915,17,914,18,1,0.98068669527897,0.9989071038251366,1.0185792349726777,0.989713048186248
2,6,semiregular,3,714,701,13,652,62,49,0.9131652661064426,0.9300998573466477,1.0185449358059915,0.9215547703180212
2,6,irregular,3,201,195,6,163,38,32,0.8109452736318408,0.8358974358974359,1.0307692307692307,0.8232323232323233
2,7,regular,1,1265,1230,35,1223,42,7,0.966798418972332,0.9943089430894309,1.0284552845528456,0.9803607214428857
2,7,semiregular,1,561,761,200,502,59,259,0.8948306595365418,0.6596583442838371,0.7371879106438897,0.7594553706505295
2,7,irregular,1,11,225,214,7,4,218,0.6363636363636364,0.03111111111111111,0.04888888888888889,0.059322033898305086
2,7,regular,2,1276,1230,46,1228,48,2,0.9623824451410659,0.9983739837398374,1.0373983739837398,0.9800478850758182
2,7,semiregular,2,736,761,25,661,75,100,0.8980978260869565,0.8685939553219448,0.9671484888304862,0.8830995323981297
2,7,irregular,2,191,225,34,166,25,59,0.8691099476439791,0.7377777777777778,0.8488888888888889,0.7980769230769231
2,7,regular,3,1229,1230,1,1222,7,8,0.9943043124491456,0.9934959349593496,0.9991869918699187,0.9938999593330622
2,7,semiregular,3,773,761,12,678,95,83,0.8771021992238034,0.8909329829172142,1.0157687253613665,0.8839634941329857
2,7,irregular,3,207,225,18,174,33,51,0.8405797101449275,0.7733333333333333,0.92,0.8055555555555556
2,8,regular,1,1035,1035,0,1013,22,22,0.978743961352657,0.978743961352657,1.0,0.978743961352657
2,8,semiregular,1,816,827,11,724,92,103,0.8872549019607843,0.875453446191052,0.9866989117291415,0.8813146682897139
2,8,irregular,1,99,243,144,89,10,154,0.898989898989899,0.3662551440329218,0.4074074074074074,0.52046783625731
2,8,regular,2,1062,1035,27,1030,32,5,0.9698681732580038,0.9951690821256038,1.0260869565217392,0.9823557463042442
2,8,semiregular,2,832,827,5,762,70,65,0.9158653846153846,0.9214026602176542,1.0060459492140266,0.9186256781193489
2,8,irregular,2,198,243,45,163,35,80,0.8232323232323232,0.6707818930041153,0.8148148148148148,0.7392290249433107
2,8,regular,3,1029,1035,6,1024,5,11,0.9951409135082604,0.9893719806763285,0.9942028985507246,0.9922480620155038
2,8,semiregular,3,850,827,23,771,79,56,0.9070588235294118,0.932285368802902,1.0278113663845223,0.9194991055456172
2,8,irregular,3,207,243,36,161,46,82,0.7777777777777778,0.6625514403292181,0.8518518518518519,0.7155555555555556
2,9,regular,1,1064,1107,43,1046,18,61,0.9830827067669173,0.9448961156278229,0.9611562782294489,0.963611239060341
2,9,semiregular,1,612,701,89,572,40,129,0.934640522875817,0.8159771754636234,0.8730385164051355,0.8712871287128713
2,9,irregular,1,81,266,185,71,10,195,0.8765432098765432,0.2669172932330827,0.30451127819548873,0.4092219020172911
2,9,regular,2,1108,1107,1,1091,17,16,0.9846570397111913,0.985546522131888,1.000903342366757,0.9851015801354402
2,9,semiregular,2,621,701,80,583,38,118,0.9388083735909822,0.8316690442225392,0.8858773181169758,0.8819969742813918
2,9,irregular,2,235,266,31,201,34,65,0.8553191489361702,0.7556390977443609,0.8834586466165414,0.8023952095808382
2,9,regular,3,1087,1107,20,1082,5,25,0.9954001839926403,0.9774164408310749,0.98193315266486,0.9863263445761166
2,9,semiregular,3,712,701,11,665,47,36,0.9339887640449438,0.948644793152639,1.0156918687589158,0.9412597310686482
2,9,irregular,3,224,266,42,187,37,79,0.8348214285714286,0.7030075187969925,0.8421052631578947,0.7632653061224489
2,10,regular,1,1080,1014,66,1014,66,0,0.9388888888888889,1.0,1.0650887573964498,0.9684813753581661
2,10,semiregular,1,676,656,20,610,66,46,0.9023668639053254,0.9298780487804879,1.0304878048780488,0.9159159159159158
2,10,irregular,1,98,247,149,84,14,163,0.8571428571428571,0.340080971659919,0.3967611336032389,0.4869565217391304
2,10,regular,2,1077,1014,63,1014,63,0,0.9415041782729805,1.0,1.0621301775147929,0.96987087517934
2,10,semiregular,2,681,656,25,614,67,42,0.9016152716593245,0.9359756097560976,1.038109756097561,0.918474195961107
2,10,irregular,2,178,247,69,162,16,85,0.9101123595505618,0.6558704453441295,0.7206477732793523,0.7623529411764706
2,10,regular,3,1038,1014,24,1013,25,1,0.9759152215799615,0.9990138067061144,1.0236686390532543,0.9873294346978558
2,10,semiregular,3,668,656,12,608,60,48,0.9101796407185628,0.926829268292683,1.0182926829268293,0.918429003021148
2,10,irregular,3,208,247,39,180,28,67,0.8653846153846154,0.728744939271255,0.8421052631578947,0.7912087912087912
2,11,regular,1,1107,1070,37,1070,37,0,0.966576332429991,1.0,1.0345794392523364,0.983004134129536
2,11,semiregular,1,758,700,58,650,108,50,0.8575197889182058,0.9285714285714286,1.082857142857143,0.8916323731138546
2,11,irregular,1,135,239,104,113,22,126,0.837037037037037,0.47280334728033474,0.5648535564853556,0.6042780748663101
2,11,regular,2,1111,1070,41,1070,41,0,0.963096309630963,1.0,1.0383177570093458,0.9812012838147638
2,11,semiregular,2,699,700,1,621,78,79,0.8884120171673819,0.8871428571428571,0.9985714285714286,0.8877769835596855
2,11,irregular,2,183,239,56,156,27,83,0.8524590163934426,0.6527196652719666,0.7656903765690377,0.7393364928909952
2,11,regular,3,1065,1070,5,1061,4,9,0.996244131455399,0.991588785046729,0.9953271028037384,0.9939110070257611
2,11,semiregular,3,703,700,3,628,75,72,0.8933143669985776,0.8971428571428571,1.0042857142857142,0.895224518888097
2,11,irregular,3,201,239,38,165,36,74,0.8208955223880597,0.6903765690376569,0.8410041841004184,0.75
2,12,regular,1,1029,1007,22,1007,22,0,0.9786200194363459,1.0,1.0218470705064548,0.9891944990176817
2,12,semiregular,1,739,641,98,605,134,36,0.8186738836265224,0.9438377535101404,1.1528861154446177,0.8768115942028984
2,12,irregular,1,166,204,38,124,42,80,0.7469879518072289,0.6078431372549019,0.8137254901960784,0.6702702702702701
2,12,regular,2,1067,1007,60,1007,60,0,0.943767572633552,1.0,1.0595829195630586,0.9710703953712634
2,12,semiregular,2,683,641,42,581,102,60,0.8506588579795022,0.906396255850234,1.0655226209048363,0.8776435045317221
2,12,irregular,2,221,204,17,175,46,29,0.7918552036199095,0.8578431372549019,1.0833333333333333,0.8235294117647058
2,12,regular,3,1036,1007,29,1007,29,0,0.972007722007722,1.0,1.028798411122145,0.9858051884483602
2,12,semiregular,3,653,641,12,562,91,79,0.8606431852986217,0.8767550702028081,1.0187207488299532,0.8686244204018546
2,12,irregular,3,206,204,2,161,45,43,0.7815533980582524,0.7892156862745098,1.0098039215686274,0.7853658536585365
2,13,regular,1,1015,1000,15,998,17,2,0.9832512315270936,0.998,1.015,0.9905707196029777
2,13,semiregular,1,851,815,36,775,76,40,0.9106933019976499,0.950920245398773,1.0441717791411043,0.9303721488595438
2,13,irregular,1,149,216,67,122,27,94,0.8187919463087249,0.5648148148148148,0.6898148148148148,0.6684931506849314
2,13,regular,2,1023,1000,23,1000,23,0,0.9775171065493646,1.0,1.023,0.9886307464162135
2,13,semiregular,2,836,815,21,767,69,48,0.9174641148325359,0.9411042944785276,1.0257668711656442,0.9291338582677164
2,13,irregular,2,228,216,12,188,40,28,0.8245614035087719,0.8703703703703703,1.0555555555555556,0.8468468468468469
2,13,regular,3,1000,1000,0,998,2,2,0.998,0.998,1.0,0.998
2,13,semiregular,3,847,815,32,778,69,37,0.9185360094451004,0.9546012269938651,1.0392638036809816,0.9362214199759326
2,13,irregular,3,205,216,11,168,37,48,0.8195121951219512,0.7777777777777778,0.9490740740740741,0.7980997624703088
2,14,regular,1,1058,1052,6,1042,16,10,0.9848771266540642,0.9904942965779467,1.005703422053232,0.9876777251184834
2,14,semiregular,1,903,913,10,843,60,70,0.9335548172757475,0.9233296823658269,0.9890470974808324,0.9284140969162995
2,14,irregular,1,90,217,127,82,8,135,0.9111111111111111,0.3778801843317972,0.4147465437788018,0.5342019543973942
2,14,regular,2,1061,1052,9,1046,15,6,0.9858623939679547,0.9942965779467681,1.008555133079848,0.9900615238996686
2,14,semiregular,2,900,913,13,849,51,64,0.9433333333333334,0.9299014238773274,0.9857612267250822,0.9365692222835079
2,14,irregular,2,210,217,7,177,33,40,0.8428571428571429,0.815668202764977,0.967741935483871,0.8290398126463701
2,14,regular,3,1044,1052,8,1040,4,12,0.9961685823754789,0.9885931558935361,0.9923954372623575,0.9923664122137406
2,14,semiregular,3,919,913,6,855,64,58,0.9303590859630033,0.9364731653888281,1.0065717415115005,0.933406113537118
2,14,irregular,3,195,217,22,160,35,57,0.8205128205128205,0.7373271889400922,0.8986175115207373,0.7766990291262136
2,15,regular,1,984,964,20,964,20,0,0.9796747967479674,1.0,1.020746887966805,0.9897330595482546
2,15,semiregular,1,788,774,14,719,69,55,0.9124365482233503,0.9289405684754521,1.0180878552971577,0.9206145966709347
2,15,irregular,1,142,218,76,127,15,91,0.8943661971830986,0.5825688073394495,0.6513761467889908,0.7055555555555555
2,15,regular,2,974,964,10,959,15,5,0.9845995893223819,0.9948132780082988,1.0103734439834025,0.9896800825593396
2,15,semiregular,2,763,774,11,701,62,73,0.9187418086500655,0.9056847545219638,0.9857881136950905,0.9121665582303188
2,15,irregular,2,211,218,7,182,29,36,0.8625592417061612,0.8348623853211009,0.9678899082568807,0.8484848484848485
2,15,regular,3,957,964,7,954,3,10,0.9968652037617555,0.9896265560165975,0.9927385892116183,0.9932326913066111
2,15,semiregular,3,760,774,14,698,62,76,0.9184210526315789,0.9018087855297158,0.9819121447028424,0.910039113428944
2,15,irregular,3,203,218,15,172,31,46,0.8472906403940886,0.7889908256880734,0.9311926605504587,0.8171021377672208
2,16,regular,1,1147,1109,38,1109,38,0,0.966870095902354,1.0,1.0342651036970243,0.9831560283687943
2,16,semiregular,1,693,681,12,598,95,83,0.862914862914863,0.8781204111600588,1.0176211453744493,0.8704512372634644
2,16,irregular,1,56,272,216,43,13,229,0.7678571428571429,0.15808823529411764,0.20588235294117646,0.2621951219512195
2,16,regular,2,1151,1109,42,1109,42,0,0.9635099913119027,1.0,1.0378719567177637,0.9814159292035398
2,16,semiregular,2,675,681,6,596,79,85,0.882962962962963,0.8751835535976505,0.9911894273127754,0.8790560471976402
2,16,irregular,2,215,272,57,191,24,81,0.8883720930232558,0.7022058823529411,0.7904411764705882,0.7843942505133471
2,16,regular,3,1110,1109,1,1106,4,3,0.9963963963963964,0.9972948602344455,1.000901713255185,0.9968454258675079
2,16,semiregular,3,671,681,10,601,70,80,0.8956780923994039,0.882525697503671,0.9853157121879589,0.8890532544378699
2,16,irregular,3,200,272,72,178,22,94,0.89,0.6544117647058824,0.7352941176470589,0.7542372881355932
2,17,regular,1,1054,1029,25,1029,25,0,0.976280834914611,1.0,1.0242954324586977,0.9879980796927509
2,17,semiregular,1,867,837,30,780,87,57,0.8996539792387543,0.931899641577061,1.03584229390681,0.915492957746479
2,17,irregular,1,132,240,108,115,17,125,0.8712121212121212,0.4791666666666667,0.55,0.6182795698924732
2,17,regular,2,1057,1029,28,1029,28,0,0.9735099337748344,1.0,1.0272108843537415,0.9865771812080537
2,17,semiregular,2,844,837,7,774,70,63,0.9170616113744076,0.9247311827956989,1.008363201911589,0.9208804283164782
2,17,irregular,2,223,240,17,189,34,51,0.8475336322869955,0.7875,0.9291666666666667,0.816414686825054
2,17,regular,3,1039,1029,10,1028,11,1,0.9894128970163619,0.9990281827016521,1.0097181729834792,0.9941972920696326
2,17,semiregular,3,868,837,31,790,78,47,0.9101382488479263,0.9438470728793309,1.037037037037037,0.9266862170087977
2,17,irregular,3,209,240,31,173,36,67,0.8277511961722488,0.7208333333333333,0.8708333333333333,0.7706013363028953
2,18,regular,1,1082,1044,38,1044,38,0,0.9648798521256932,1.0,1.0363984674329503,0.9821260583254939
2,18,semiregular,1,801,801,0,732,69,69,0.9138576779026217,0.9138576779026217,1.0,0.9138576779026218
2,18,irregular,1,144,252,108,122,22,130,0.8472222222222222,0.48412698412698413,0.5714285714285714,0.6161616161616161
2,18,regular,2,1069,1044,25,1044,25,0,0.9766136576239476,1.0,1.0239463601532568,0.9881684808329388
2,18,semiregular,2,803,801,2,748,55,53,0.9315068493150684,0.9338327091136079,1.0024968789013733,0.9326683291770573
2,18,irregular,2,235,252,17,206,29,46,0.8765957446808511,0.8174603174603174,0.9325396825396826,0.8459958932238194
2,18,regular,3,1057,1044,13,1043,14,1,0.9867549668874173,0.9990421455938697,1.0124521072796935,0.9928605425987626
2,18,semiregular,3,824,801,23,761,63,40,0.9235436893203883,0.9500624219725343,1.0287141073657928,0.9366153846153846
2,18,irregular,3,234,252,18,204,30,48,0.8717948717948718,0.8095238095238095,0.9285714285714286,0.8395061728395062
2,19,regular,1,1104,1076,28,1075,29,1,0.9737318840579711,0.9990706319702602,1.0260223048327137,0.9862385321100917
2,19,semiregular,1,761,753,8,697,64,56,0.9159001314060446,0.9256308100929614,1.0106241699867198,0.9207397622192867
2,19,irregular,1,111,245,134,96,15,149,0.8648648648648649,0.39183673469387753,0.4530612244897959,0.5393258426966292
2,19,regular,2,1107,1076,31,1074,33,2,0.9701897018970189,0.9981412639405205,1.028810408921933,0.983967017865323
2,19,semiregular,2,738,753,15,687,51,66,0.9308943089430894,0.9123505976095617,0.9800796812749004,0.9215291750503019
2,19,irregular,2,231,245,14,185,46,60,0.8008658008658008,0.7551020408163265,0.9428571428571428,0.7773109243697478
2,19,regular,3,1081,1076,5,1073,8,3,0.9925994449583718,0.9972118959107806,1.004646840148699,0.9949003245248029
2,19,semiregular,3,746,753,7,686,60,67,0.9195710455764075,0.9110225763612217,0.9907038512616202,0.9152768512341559
2,19,irregular,3,212,245,33,170,42,75,0.8018867924528302,0.6938775510204082,0.8653061224489796,0.7439824945295405
2,20,regular,1,1211,1251,40,1194,17,57,0.985962014863749,0.9544364508393285,0.9680255795363709,0.9699431356620634
2,20,semiregular,1,863,841,22,745,118,96,0.8632676709154113,0.8858501783590963,1.0261593341260404,0.8744131455399061
2,20,irregular,1,111,252,141,101,10,151,0.9099099099099099,0.4007936507936508,0.44047619047619047,0.556473829201102
2,20,regular,2,1241,1251,10,1221,20,30,0.983883964544722,0.9760191846522782,0.9920063948840927,0.9799357945425362
2,20,semiregular,2,821,841,20,727,94,114,0.8855054811205847,0.8644470868014269,0.976218787158145,0.874849578820698
2,20,irregular,2,240,252,12,195,45,57,0.8125,0.7738095238095238,0.9523809523809523,0.7926829268292684
2,20,regular,3,1209,1251,42,1200,9,51,0.9925558312655087,0.9592326139088729,0.9664268585131894,0.9756097560975611
2,20,semiregular,3,862,841,21,758,104,83,0.8793503480278422,0.901307966706302,1.0249702734839476,0.8901937756899588
2,20,irregular,3,214,252,38,171,43,81,0.7990654205607477,0.6785714285714286,0.8492063492063492,0.7339055793991416
2,21,regular,1,959,920,39,920,39,0,0.959332638164755,1.0,1.0423913043478261,0.9792442788717403
2,21,semiregular,1,610,549,61,491,119,58,0.8049180327868852,0.8943533697632058,1.1111111111111112,0.8472821397756687
2,21,irregular,1,133,204,71,117,16,87,0.8796992481203008,0.5735294117647058,0.6519607843137255,0.6943620178041542
2,21,regular,2,945,920,25,920,25,0,0.9735449735449735,1.0,1.0271739130434783,0.9865951742627346
2,21,semiregular,2,583,549,34,491,92,58,0.8421955403087479,0.8943533697632058,1.0619307832422586,0.8674911660777385
2,21,irregular,2,201,204,3,167,34,37,0.8308457711442786,0.8186274509803921,0.9852941176470589,0.8246913580246914
2,21,regular,3,935,920,15,920,15,0,0.983957219251337,1.0,1.016304347826087,0.9919137466307278
2,21,semiregular,3,604,549,55,508,96,41,0.8410596026490066,0.9253187613843351,1.1001821493624773,0.8811795316565482
2,21,irregular,3,200,204,4,170,30,34,0.85,0.8333333333333334,0.9803921568627451,0.8415841584158417
2,22,regular,1,988,946,42,946,42,0,0.9574898785425101,1.0,1.0443974630021142,0.9782833505687694
2,22,semiregular,1,751,703,48,654,97,49,0.8708388814913449,0.930298719772404,1.0682788051209104,0.8995873452544705
2,22,irregular,1,86,247,161,70,16,177,0.813953488372093,0.2834008097165992,0.3481781376518219,0.4204204204204205
2,22,regular,2,985,946,39,946,39,0,0.9604060913705583,1.0,1.0412262156448202,0.9798032107716209
2,22,semiregular,2,712,703,9,641,71,62,0.9002808988764045,0.9118065433854907,1.0128022759601707,0.9060070671378092
2,22,irregular,2,199,247,48,168,31,79,0.8442211055276382,0.680161943319838,0.805668016194332,0.7533632286995516
2,22,regular,3,956,946,10,944,12,2,0.9874476987447699,0.9978858350951374,1.0105708245243128,0.9926393270241851
2,22,semiregular,3,729,703,26,646,83,57,0.8861454046639232,0.918918918918919,1.0369843527738265,0.9022346368715084
2,22,irregular,3,240,247,7,189,51,58,0.7875,0.7651821862348178,0.97165991902834,0.7761806981519507
2,23,regular,1,1060,999,61,999,61,0,0.9424528301886792,1.0,1.0610610610610611,0.9703739679456046
2,23,semiregular,1,888,835,53,772,116,63,0.8693693693693694,0.9245508982035928,1.0634730538922155,0.8961114335461404
2,23,irregular,1,9,266,257,1,8,265,0.1111111111111111,0.0037593984962406013,0.03383458646616541,0.007272727272727273
2,23,regular,2,1040,999,41,989,51,10,0.9509615384615384,0.98998998998999,1.0410410410410411,0.9700833742030407
2,23,semiregular,2,841,835,6,750,91,85,0.89179548156956,0.8982035928143712,1.007185628742515,0.8949880668257756
2,23,irregular,2,221,266,45,176,45,90,0.7963800904977375,0.6616541353383458,0.8308270676691729,0.7227926078028748
2,23,regular,3,1008,999,9,988,20,11,0.9801587301587301,0.988988988988989,1.009009009009009,0.9845540607872446
2,23,semiregular,3,885,835,50,779,106,56,0.880225988700565,0.932934131736527,1.0598802395209581,0.9058139534883721
2,23,irregular,3,236,266,30,185,51,81,0.7838983050847458,0.6954887218045113,0.8872180451127819,0.7370517928286853
2,24,regular,1,1088,1079,9,1067,21,12,0.9806985294117647,0.9888785912882299,1.0083410565338276,0.9847715736040609
2,24,semiregular,1,686,680,6,627,59,53,0.9139941690962099,0.9220588235294118,1.0088235294117647,0.91800878477306
2,24,irregular,1,105,247,142,100,5,147,0.9523809523809523,0.4048582995951417,0.4251012145748988,0.5681818181818181
2,24,regular,2,1092,1079,13,1070,22,9,0.9798534798534798,0.9916589434661723,1.0120481927710843,0.9857208659603869
2,24,semiregular,2,648,680,32,604,44,76,0.9320987654320988,0.888235294117647,0.9529411764705882,0.9096385542168673
2,24,irregular,2,220,247,27,192,28,55,0.8727272727272727,0.7773279352226721,0.8906882591093117,0.8222698072805139
2,24,regular,3,1073,1079,6,1067,6,12,0.994408201304753,0.9888785912882299,0.9944392956441149,0.991635687732342
2,24,semiregular,3,699,680,19,647,52,33,0.9256080114449213,0.9514705882352941,1.0279411764705881,0.9383611312545324
2,24,irregular,3,222,247,25,187,35,60,0.8423423423423423,0.757085020242915,0.8987854251012146,0.7974413646055437
2,25,regular,1,966,946,20,946,20,0,0.979296066252588,1.0,1.0211416490486258,0.9895397489539749
2,25,semiregular,1,719,718,1,633,86,85,0.8803894297635605,0.8816155988857939,1.001392757660167,0.8810020876826723
2,25,irregular,1,127,207,80,101,26,106,0.7952755905511811,0.48792270531400966,0.6135265700483091,0.6047904191616766
2,25,regular,2,955,946,9,940,15,6,0.9842931937172775,0.9936575052854123,1.0095137420718816,0.9889531825355077
2,25,semiregular,2,716,718,2,639,77,79,0.8924581005586593,0.8899721448467967,0.9972144846796658,0.891213389121339
2,25,irregular,2,161,207,46,129,32,78,0.8012422360248447,0.6231884057971014,0.7777777777777778,0.7010869565217391
2,25,regular,3,941,946,5,934,7,12,0.9925611052072264,0.9873150105708245,0.9947145877378436,0.9899311075781664
2,25,semiregular,3,712,718,6,644,68,74,0.9044943820224719,0.8969359331476323,0.9916434540389972,0.9006993006993008
2,25,irregular,3,167,207,40,124,43,83,0.7425149700598802,0.5990338164251208,0.8067632850241546,0.6631016042780749
2,26,regular,1,1053,985,68,985,68,0,0.9354226020892688,1.0,1.069035532994924,0.9666339548577036
2,26,semiregular,1,773,720,53,674,99,46,0.871927554980595,0.9361111111111111,1.073611111111111,0.9028801071667784
2,26,irregular,1,208,214,6,159,49,55,0.7644230769230769,0.7429906542056075,0.9719626168224299,0.7535545023696683
2,26,regular,2,987,985,2,970,17,15,0.9827760891590679,0.9847715736040609,1.0020304568527918,0.9837728194726166
2,26,semiregular,2,731,720,11,659,72,61,0.9015047879616963,0.9152777777777777,1.0152777777777777,0.9083390764989662
2,26,irregular,2,176,214,38,147,29,67,0.8352272727272727,0.6869158878504673,0.822429906542056,0.7538461538461538
2,26,regular,3,1035,985,50,984,51,1,0.9507246376811594,0.9989847715736041,1.0507614213197969,0.9742574257425743
2,26,semiregular,3,748,720,28,664,84,56,0.8877005347593583,0.9222222222222223,1.038888888888889,0.9046321525885559
2,26,irregular,3,215,214,1,171,44,43,0.7953488372093023,0.7990654205607477,1.0046728971962617,0.7972027972027973
2,27,regular,1,1166,1166,0,1147,19,19,0.983704974271012,0.983704974271012,1.0,0.983704974271012
2,27,semiregular,1,724,728,4,640,84,88,0.8839779005524862,0.8791208791208791,0.9945054945054945,0.8815426997245179
2,27,irregular,1,52,270,218,43,9,227,0.8269230769230769,0.15925925925925927,0.1925925925925926,0.2670807453416149
2,27,regular,2,1180,1166,14,1161,19,5,0.9838983050847457,0.9957118353344768,1.012006861063465,0.9897698209718669
2,27,semiregular,2,717,728,11,651,66,77,0.9079497907949791,0.8942307692307693,0.9848901098901099,0.9010380622837371
2,27,irregular,2,244,270,26,211,33,59,0.8647540983606558,0.7814814814814814,0.9037037037037037,0.8210116731517508
2,27,regular,3,1163,1166,3,1159,4,7,0.9965606190885641,0.9939965694682675,0.9974271012006861,0.9952769428939459
2,27,semiregular,3,733,728,5,671,62,57,0.9154160982264665,0.9217032967032966,1.0068681318681318,0.91854893908282
2,27,irregular,3,233,270,37,199,34,71,0.8540772532188842,0.737037037037037,0.8629629629629629,0.7912524850894632
2,28,regular,1,1111,1098,13,1083,28,15,0.9747974797479748,0.9863387978142076,1.01183970856102,0.9805341783612495
2,28,semiregular,1,882,859,23,786,96,73,0.891156462585034,0.9150174621653085,1.0267753201396974,0.9029293509477313
2,28,irregular,1,97,293,196,82,15,211,0.845360824742268,0.27986348122866894,0.3310580204778157,0.42051282051282046
2,28,regular,2,1127,1098,29,1097,30,1,0.9733806566104702,0.9990892531876139,1.0264116575591986,0.986067415730337
2,28,semiregular,2,833,859,26,764,69,95,0.9171668667466987,0.889406286379511,0.969732246798603,0.9030732860520094
2,28,irregular,2,230,293,63,187,43,106,0.8130434782608695,0.6382252559726962,0.7849829351535836,0.7151051625239006
2,28,regular,3,1099,1098,1,1086,13,12,0.9881710646041856,0.9890710382513661,1.0009107468123861,0.9886208466090123
2,28,semiregular,3,868,859,9,804,64,55,0.9262672811059908,0.9359720605355064,1.010477299185099,0.9310943833236827
2,28,irregular,3,242,293,51,191,51,102,0.7892561983471075,0.6518771331058021,0.825938566552901,0.7140186915887851
2,29,regular,1,1152,1140,12,1136,16,4,0.9861111111111112,0.9964912280701754,1.0105263157894737,0.9912739965095986
2,29,semiregular,1,958,869,89,821,137,48,0.8569937369519833,0.9447640966628308,1.1024165707710012,0.8987411056376574
2,29,irregular,1,165,247,82,130,35,117,0.7878787878787878,0.5263157894736842,0.6680161943319838,0.6310679611650485
2,29,regular,2,1152,1140,12,1135,17,5,0.9852430555555556,0.9956140350877193,1.0105263157894737,0.9904013961605583
2,29,semiregular,2,930,869,61,809,121,60,0.8698924731182796,0.9309551208285386,1.0701956271576525,0.8993885491939968
2,29,irregular,2,241,247,6,201,40,46,0.8340248962655602,0.8137651821862348,0.9757085020242915,0.8237704918032788
2,29,regular,3,1134,1140,6,1126,8,14,0.9929453262786596,0.987719298245614,0.9947368421052631,0.990325417766051
2,29,semiregular,3,898,869,29,792,106,77,0.8819599109131403,0.9113924050632911,1.0333716915995397,0.8964346349745331
2,29,irregular,3,234,247,13,187,47,60,0.7991452991452992,0.757085020242915,0.9473684210526315,0.7775467775467775
2,30,regular,1,1010,997,13,995,15,2,0.9851485148514851,0.9979939819458375,1.013039117352056,0.9915296462381663
2,30,semiregular,1,813,810,3,734,79,76,0.9028290282902829,0.9061728395061729,1.0037037037037038,0.9044978434996919
2,30,irregular,1,144,250,106,118,26,132,0.8194444444444444,0.472,0.576,0.598984771573604
2,30,regular,2,1009,997,12,993,16,4,0.9841427155599604,0.995987963891675,1.012036108324975,0.9900299102691924
2,30,semiregular,2,810,810,0,748,62,62,0.9234567901234568,0.9234567901234568,1.0,0.9234567901234567
2,30,irregular,2,209,250,41,180,29,70,0.861244019138756,0.72,0.836,0.7843137254901962
2,30,regular,3,996,997,1,991,5,6,0.9949799196787149,0.9939819458375125,0.9989969909729187,0.9944806823883594
2,30,semiregular,3,830,810,20,759,71,51,0.9144578313253012,0.937037037037037,1.0246913580246915,0.925609756097561
2,30,irregular,3,228,250,22,175,53,75,0.7675438596491229,0.7,0.912,0.7322175732217573
3,1,regular,1,997,937,60,937,60,0,0.9398194583751254,1.0,1.064034151547492,0.9689762150982419
3,1,semiregular,1,764,703,61,643,121,60,0.8416230366492147,0.914651493598862,1.0867709815078237,0.876618950238582
3,1,irregular,1,6,199,193,2,4,197,0.3333333333333333,0.010050251256281407,0.03015075376884422,0.019512195121951223
3,1,regular,2,1006,937,69,936,70,1,0.9304174950298211,0.9989327641408752,1.0736392742796157,0.9634585692228512
3,1,semiregular,2,740,703,37,635,105,68,0.8581081081081081,0.903271692745377,1.0526315789473684,0.8801108801108801
3,1,irregular,2,201,199,2,163,38,36,0.8109452736318408,0.8190954773869347,1.0100502512562815,0.815
3,1,regular,3,944,937,7,934,10,3,0.989406779661017,0.9967982924226254,1.007470651013874,0.9930887825624668
3,1,semiregular,3,722,703,19,625,97,78,0.8656509695290858,0.8890469416785206,1.027027027027027,0.8771929824561403
3,1,irregular,3,188,199,11,150,38,49,0.7978723404255319,0.7537688442211056,0.9447236180904522,0.7751937984496123
3,2,regular,1,1233,1224,9,1207,26,17,0.9789132197891321,0.9861111111111112,1.0073529411764706,0.9824989824989825
3,2,semiregular,1,635,647,12,587,48,60,0.9244094488188976,0.9072642967542504,0.98145285935085,0.9157566302652106
3,2,irregular,1,8,217,209,2,6,215,0.25,0.009216589861751152,0.03686635944700461,0.017777777777777778
3,2,regular,2,1239,1224,15,1214,25,10,0.9798224374495561,0.9918300653594772,1.0122549019607843,0.9857896873731222
3,2,semiregular,2,609,647,38,579,30,68,0.9507389162561576,0.8948995363214838,0.9412673879443586,0.9219745222929936
3,2,irregular,2,212,217,5,172,40,45,0.8113207547169812,0.7926267281105991,0.9769585253456221,0.8018648018648019
3,2,regular,3,1216,1224,8,1210,6,14,0.9950657894736842,0.988562091503268,0.9934640522875817,0.9918032786885247
3,2,semiregular,3,641,647,6,602,39,45,0.9391575663026521,0.9304482225656878,0.990726429675425,0.9347826086956521
3,2,irregular,3,209,217,8,172,37,45,0.8229665071770335,0.7926267281105991,0.9631336405529954,0.8075117370892019
3,3,regular,1,1050,1053,3,1037,13,16,0.9876190476190476,0.9848053181386515,0.9971509971509972,0.9862101759391346
3,3,semiregular,1,739,716,23,655,84,61,0.8863328822733424,0.914804469273743,1.032122905027933,0.9003436426116839
3,3,irregular,1,8,224,216,2,6,222,0.25,0.008928571428571428,0.03571428571428571,0.017241379310344824
3,3,regular,2,1049,1053,4,1035,14,18,0.9866539561487131,0.9829059829059829,0.9962013295346629,0.9847764034253093
3,3,semiregular,2,702,716,14,629,73,87,0.896011396011396,0.8784916201117319,0.9804469273743017,0.8871650211565585
3,3,irregular,2,203,224,21,168,35,56,0.8275862068965517,0.75,0.90625,0.7868852459016394
3,3,regular,3,1046,1053,7,1043,3,10,0.997131931166348,0.9905033238366572,0.99335232668566,0.993806574559314
3,3,semiregular,3,721,716,5,660,61,56,0.9153952843273232,0.9217877094972067,1.0069832402234637,0.9185803757828811
3,3,irregular,3,212,224,12,171,41,53,0.8066037735849056,0.7633928571428571,0.9464285714285714,0.7844036697247707
3,4,regular,1,1133,1101,32,1101,32,0,0.971756398940865,1.0,1.0290644868301544,0.9856759176365265
3,4,semiregular,1,646,614,32,541,105,73,0.8374613003095975,0.8811074918566775,1.0521172638436482,0.8587301587301587
3,4,irregular,1,8,228,220,2,6,226,0.25,0.008771929824561403,0.03508771929824561,0.016949152542372878
3,4,regular,2,1117,1101,16,1100,17,1,0.9847806624888094,0.9990917347865577,1.0145322434150772,0.9918845807033363
3,4,semiregular,2,595,614,19,529,66,85,0.8890756302521008,0.8615635179153095,0.9690553745928339,0.8751033912324234
3,4,irregular,2,222,228,6,186,36,42,0.8378378378378378,0.8157894736842105,0.9736842105263158,0.8266666666666665
3,4,regular,3,1101,1101,0,1097,4,4,0.9963669391462306,0.9963669391462306,1.0,0.9963669391462306
3,4,semiregular,3,604,614,10,537,67,77,0.8890728476821192,0.8745928338762216,0.9837133550488599,0.8817733990147784
3,4,irregular,3,210,228,18,178,32,50,0.8476190476190476,0.7807017543859649,0.9210526315789473,0.8127853881278538
3,5,regular,1,1058,1044,14,1044,14,0,0.9867674858223062,1.0,1.0134099616858236,0.9933396764985727
3,5,semiregular,1,775,668,107,647,128,21,0.8348387096774194,0.968562874251497,1.160179640718563,0.8967428967428968
3,5,irregular,1,9,217,208,0,9,217,-1,-1,0.041474654377880185,-1
3,5,regular,2,1051,1044,7,1036,15,8,0.9857278782112274,0.9923371647509579,1.0067049808429118,0.9890214797136038
3,5,semiregular,2,690,668,22,597,93,71,0.8652173913043478,0.8937125748502994,1.032934131736527,0.8792341678939617
3,5,irregular,2,211,217,6,176,35,41,0.8341232227488151,0.8110599078341014,0.9723502304147466,0.8224299065420562
3,5,regular,3,1046,1044,2,1043,3,1,0.997131931166348,0.9990421455938697,1.0019157088122606,0.9980861244019139
3,5,semiregular,3,692,668,24,609,83,59,0.880057803468208,0.9116766467065869,1.035928143712575,0.8955882352941176
3,5,irregular,3,198,217,19,163,35,54,0.8232323232323232,0.7511520737327189,0.9124423963133641,0.7855421686746987
3,6,regular,1,964,915,49,915,49,0,0.9491701244813278,1.0,1.053551912568306,0.9739222990952634
3,6,semiregular,1,727,701,26,655,72,46,0.9009628610729024,0.9343794579172611,1.037089871611983,0.9173669467787116
3,6,irregular,1,9,195,186,1,8,194,0.1111111111111111,0.005128205128205128,0.046153846153846156,0.00980392156862745
3,6,regular,2,965,915,50,913,52,2,0.9461139896373058,0.9978142076502732,1.0546448087431695,0.971276595744681
3,6,semiregular,2,686,701,15,630,56,71,0.9183673469387755,0.8987161198288159,0.978601997146933,0.9084354722422494
3,6,irregular,2,184,195,11,140,44,55,0.7608695652173914,0.717948717948718,0.9435897435897436,0.7387862796833774
3,6,regular,3,921,915,6,913,8,2,0.991313789359392,0.9978142076502732,1.0065573770491802,0.994553376906318
3,6,semiregular,3,713,701,12,651,62,50,0.9130434782608695,0.9286733238231099,1.0171184022824535,0.9207920792079208
3,6,irregular,3,194,195,1,156,38,39,0.8041237113402062,0.8,0.9948717948717949,0.8020565552699229
3,7,regular,1,1254,1230,24,1226,28,4,0.9776714513556619,0.9967479674796748,1.0195121951219512,0.9871175523349436
3,7,semiregular,1,791,761,30,688,103,73,0.8697850821744627,0.9040735873850198,1.0394218134034166,0.88659793814433
3,7,irregular,1,11,225,214,2,9,223,0.18181818181818182,0.008888888888888889,0.04888888888888889,0.01694915254237288
3,7,regular,2,1248,1230,18,1222,26,8,0.9791666666666666,0.9934959349593496,1.0146341463414634,0.9862792574656981
3,7,semiregular,2,720,761,41,638,82,123,0.8861111111111111,0.8383705650459922,0.9461235216819974,0.861580013504389
3,7,irregular,2,191,225,34,170,21,55,0.8900523560209425,0.7555555555555555,0.8488888888888889,0.8173076923076924
3,7,regular,3,1228,1230,2,1221,7,9,0.994299674267101,0.9926829268292683,0.9983739837398374,0.9934906427990235
3,7,semiregular,3,762,761,1,668,94,93,0.8766404199475065,0.8777923784494087,1.0013140604467805,0.8772160210111623
3,7,irregular,3,209,225,16,179,30,46,0.8564593301435407,0.7955555555555556,0.9288888888888889,0.8248847926267282
3,8,regular,1,1052,1035,17,1029,23,6,0.9781368821292775,0.9942028985507246,1.0164251207729469,0.9861044561571634
3,8,semiregular,1,850,827,23,758,92,69,0.8917647058823529,0.9165659008464329,1.0278113663845223,0.9039952295766249
3,8,irregular,1,13,243,230,0,13,243,-1,-1,0.053497942386831275,-1
3,8,regular,2,1060,1035,25,1033,27,2,0.9745283018867924,0.9980676328502416,1.0241545893719808,0.9861575178997612
3,8,semiregular,2,800,827,27,735,65,92,0.91875,0.8887545344619106,0.9673518742442564,0.9035033804548249
3,8,irregular,2,217,243,26,175,42,68,0.8064516129032258,0.720164609053498,0.8930041152263375,0.7608695652173912
3,8,regular,3,1032,1035,3,1028,4,7,0.9961240310077519,0.9932367149758454,0.9971014492753624,0.9946782776971457
3,8,semiregular,3,839,827,12,765,74,62,0.9117997616209773,0.9250302297460702,1.014510278113664,0.9183673469387756
3,8,irregular,3,218,243,25,169,49,74,0.7752293577981652,0.6954732510288066,0.897119341563786,0.733188720173536
3,9,regular,1,1123,1107,16,1104,19,3,0.9830810329474622,0.997289972899729,1.014453477868112,0.9901345291479821
3,9,semiregular,1,671,701,30,623,48,78,0.9284649776453056,0.8887303851640513,0.9572039942938659,0.9081632653061225
3,9,irregular,1,10,266,256,1,9,265,0.1,0.0037593984962406013,0.03759398496240601,0.007246376811594203
3,9,regular,2,1111,1107,4,1095,16,12,0.9855985598559855,0.989159891598916,1.003613369467028,0.9873760144274121
3,9,semiregular,2,618,701,83,581,37,120,0.9401294498381877,0.8288159771754636,0.8815977175463623,0.8809704321455648
3,9,irregular,2,258,266,8,220,38,46,0.8527131782945736,0.8270676691729323,0.9699248120300752,0.8396946564885495
3,9,regular,3,1088,1107,19,1085,3,22,0.9972426470588235,0.980126467931346,0.982836495031617,0.9886104783599089
3,9,semiregular,3,699,701,2,658,41,43,0.9413447782546495,0.9386590584878745,0.9971469329529244,0.9399999999999998
3,9,irregular,3,234,266,32,194,40,72,0.8290598290598291,0.7293233082706767,0.8796992481203008,0.776
3,10,regular,1,1067,1014,53,1014,53,0,0.950328022492971,1.0,1.0522682445759368,0.9745314752522827
3,10,semiregular,1,695,656,39,619,76,37,0.8906474820143885,0.9435975609756098,1.0594512195121952,0.9163582531458179
3,10,irregular,1,9,247,238,2,7,245,0.2222222222222222,0.008097165991902834,0.03643724696356275,0.015625
3,10,regular,2,1067,1014,53,1013,54,1,0.9493908153701968,0.9990138067061144,1.0522682445759368,0.9735703988467083
3,10,semiregular,2,634,656,22,578,56,78,0.9116719242902208,0.8810975609756098,0.9664634146341463,0.8961240310077521
3,10,irregular,2,230,247,17,196,34,51,0.8521739130434782,0.7935222672064778,0.9311740890688259,0.8218029350104822
3,10,regular,3,1035,1014,21,1011,24,3,0.9768115942028985,0.9970414201183432,1.0207100591715976,0.9868228404099562
3,10,semiregular,3,651,656,5,605,46,51,0.9293394777265745,0.9222560975609756,0.9923780487804879,0.9257842387146136
3,10,irregular,3,231,247,16,198,33,49,0.8571428571428571,0.8016194331983806,0.9352226720647774,0.8284518828451883
3,11,regular,1,1092,1070,22,1070,22,0,0.9798534798534798,1.0,1.0205607476635514,0.9898242368177612
3,11,semiregular,1,769,700,69,656,113,44,0.8530559167750326,0.9371428571428572,1.0985714285714285,0.8931245745405038
3,11,irregular,1,9,239,230,2,7,237,0.2222222222222222,0.008368200836820083,0.03765690376569038,0.016129032258064516
3,11,regular,2,1088,1070,18,1070,18,0,0.9834558823529411,1.0,1.016822429906542,0.9916589434661723
3,11,semiregular,2,690,700,10,615,75,85,0.8913043478260869,0.8785714285714286,0.9857142857142858,0.8848920863309352
3,11,irregular,2,210,239,29,177,33,62,0.8428571428571429,0.7405857740585774,0.8786610878661087,0.7884187082405345
3,11,regular,3,1068,1070,2,1065,3,5,0.9971910112359551,0.9953271028037384,0.9981308411214953,0.9962581852198317
3,11,semiregular,3,695,700,5,631,64,69,0.9079136690647482,0.9014285714285715,0.9928571428571429,0.9046594982078854
3,11,irregular,3,207,239,32,173,34,66,0.8357487922705314,0.7238493723849372,0.8661087866108786,0.7757847533632286
3,12,regular,1,1038,1007,31,1007,31,0,0.9701348747591522,1.0,1.0307845084409135,0.9848410757946211
3,12,semiregular,1,716,641,75,596,120,45,0.8324022346368715,0.9297971918876755,1.1170046801872076,0.8784082535003684
3,12,irregular,1,9,204,195,1,8,203,0.1111111111111111,0.004901960784313725,0.04411764705882353,0.009389671361502348
3,12,regular,2,1032,1007,25,1007,25,0,0.9757751937984496,1.0,1.0248262164846078,0.9877390877881315
3,12,semiregular,2,651,641,10,565,86,76,0.8678955453149002,0.8814352574102964,1.015600624024961,0.8746130030959752
3,12,irregular,2,222,204,18,171,51,33,0.7702702702702703,0.8382352941176471,1.088235294117647,0.8028169014084507
3,12,regular,3,1019,1007,12,1007,12,0,0.9882237487733072,1.0,1.0119165839126116,0.9940769990128332
3,12,semiregular,3,645,641,4,558,87,83,0.8651162790697674,0.8705148205928237,1.0062402496099845,0.8678071539657853
3,12,irregular,3,209,204,5,167,42,37,0.7990430622009569,0.8186274509803921,1.0245098039215685,0.8087167070217918
3,13,regular,1,1011,1000,11,997,14,3,0.9861523244312562,0.997,1.011,0.991546494281452
3,13,semiregular,1,877,815,62,774,103,41,0.8825541619156214,0.9496932515337423,1.0760736196319018,0.9148936170212765
3,13,irregular,1,13,216,203,2,11,214,0.15384615384615385,0.009259259259259259,0.06018518518518518,0.017467248908296946
3,13,regular,2,997,1000,3,987,10,13,0.9899699097291875,0.987,0.997,0.9884827240861291
3,13,semiregular,2,825,815,10,766,59,49,0.9284848484848485,0.939877300613497,1.0122699386503067,0.9341463414634146
3,13,irregular,2,229,216,13,181,48,35,0.7903930131004366,0.8379629629629629,1.0601851851851851,0.8134831460674158
3,13,regular,3,1006,1000,6,996,10,4,0.9900596421471173,0.996,1.006,0.9930209371884346
3,13,semiregular,3,826,815,11,763,63,52,0.923728813559322,0.9361963190184049,1.0134969325153373,0.9299207800121876
3,13,irregular,3,207,216,9,175,32,41,0.8454106280193237,0.8101851851851852,0.9583333333333334,0.8274231678486997
3,14,regular,1,1042,1052,10,1030,12,22,0.9884836852207294,0.9790874524714829,0.9904942965779467,0.9837631327602674
3,14,semiregular,1,877,913,36,819,58,94,0.9338654503990877,0.8970427163198248,0.9605695509309967,0.9150837988826815
3,14,irregular,1,9,217,208,1,8,216,0.1111111111111111,0.004608294930875576,0.041474654377880185,0.008849557522123895
3,14,regular,2,1061,1052,9,1045,16,7,0.9849198868991518,0.9933460076045627,1.008555133079848,0.9891150023663038
3,14,semiregular,2,843,913,70,786,57,127,0.9323843416370107,0.8608981380065718,0.9233296823658269,0.8952164009111617
3,14,irregular,2,218,217,1,179,39,38,0.8211009174311926,0.8248847926267281,1.0046082949308757,0.8229885057471263
3,14,regular,3,1053,1052,1,1049,4,3,0.9962013295346629,0.997148288973384,1.0009505703422052,0.9966745843230405
3,14,semiregular,3,893,913,20,836,57,77,0.9361702127659575,0.9156626506024096,0.9780941949616648,0.9258028792912514
3,14,irregular,3,190,217,27,161,29,56,0.8473684210526315,0.7419354838709677,0.8755760368663594,0.7911547911547911
3,15,regular,1,986,964,22,963,23,1,0.9766734279918864,0.9989626556016598,1.0228215767634854,0.9876923076923078
3,15,semiregular,1,833,774,59,737,96,37,0.8847539015606243,0.9521963824289406,1.0762273901808785,0.9172370877411326
3,15,irregular,1,9,218,209,2,7,216,0.2222222222222222,0.009174311926605505,0.04128440366972477,0.01762114537444934
3,15,regular,2,959,964,5,945,14,19,0.9854014598540146,0.9802904564315352,0.9948132780082988,0.982839313572543
3,15,semiregular,2,741,774,33,686,55,88,0.9257759784075573,0.8863049095607235,0.9573643410852714,0.9056105610561055
3,15,irregular,2,220,218,2,183,37,35,0.8318181818181818,0.8394495412844036,1.0091743119266054,0.8356164383561643
3,15,regular,3,971,964,7,963,8,1,0.9917610710607621,0.9989626556016598,1.0072614107883817,0.9953488372093022
3,15,semiregular,3,747,774,27,693,54,81,0.927710843373494,0.8953488372093024,0.9651162790697675,0.9112426035502958
3,15,irregular,3,204,218,14,176,28,42,0.8627450980392157,0.8073394495412844,0.9357798165137615,0.8341232227488152
3,16,regular,1,1191,1109,82,1109,82,0,0.9311502938706969,1.0,1.0739404869251579,0.9643478260869566
3,16,semiregular,1,694,681,13,577,117,104,0.8314121037463977,0.8472834067547724,1.0190895741556534,0.8392727272727274
3,16,irregular,1,9,272,263,1,8,271,0.1111111111111111,0.003676470588235294,0.03308823529411765,0.0071174377224199285
3,16,regular,2,1155,1109,46,1109,46,0,0.9601731601731601,1.0,1.0414788097385033,0.9796819787985865
3,16,semiregular,2,645,681,36,584,61,97,0.9054263565891473,0.8575624082232012,0.947136563876652,0.8808446455505278
3,16,irregular,2,247,272,25,209,38,63,0.8461538461538461,0.7683823529411765,0.9080882352941176,0.8053949903660886
3,16,regular,3,1120,1109,11,1107,13,2,0.9883928571428572,0.9981965734896303,1.0099188458070334,0.993270524899058
3,16,semiregular,3,655,681,26,587,68,94,0.8961832061068702,0.8619676945668135,0.9618208516886931,0.8787425149700598
3,16,irregular,3,205,272,67,184,21,88,0.8975609756097561,0.6764705882352942,0.7536764705882353,0.771488469601677
3,17,regular,1,1090,1029,61,1029,61,0,0.9440366972477064,1.0,1.0592808551992225,0.9712128362435112
3,17,semiregular,1,717,837,120,621,96,216,0.8661087866108786,0.7419354838709677,0.8566308243727598,0.7992277992277992
3,17,irregular,1,11,240,229,5,6,235,0.45454545454545453,0.020833333333333332,0.04583333333333333,0.0398406374501992
3,17,regular,2,1089,1029,60,1029,60,0,0.9449035812672176,1.0,1.0583090379008746,0.9716713881019831
3,17,semiregular,2,833,837,4,757,76,80,0.9087635054021609,0.9044205495818399,0.995221027479092,0.9065868263473054
3,17,irregular,2,242,240,2,194,48,46,0.8016528925619835,0.8083333333333333,1.0083333333333333,0.8049792531120331
3,17,regular,3,1044,1029,15,1029,15,0,0.985632183908046,1.0,1.0145772594752187,0.9927641099855282
3,17,semiregular,3,870,837,33,793,77,44,0.9114942528735632,0.9474313022700119,1.039426523297491,0.9291154071470415
3,17,irregular,3,220,240,20,181,39,59,0.8227272727272728,0.7541666666666667,0.9166666666666666,0.7869565217391304
3,18,regular,1,1131,1044,87,1044,87,0,0.9230769230769231,1.0,1.0833333333333333,0.9600000000000001
3,18,semiregular,1,605,801,196,538,67,263,0.8892561983471075,0.6716604244694132,0.7553058676654182,0.7652916073968704
3,18,irregular,1,8,252,244,2,6,250,0.25,0.007936507936507936,0.031746031746031744,0.015384615384615385
3,18,regular,2,1096,1044,52,1044,52,0,0.9525547445255474,1.0,1.049808429118774,0.9757009345794392
3,18,semiregular,2,793,801,8,734,59,67,0.9255989911727617,0.916354556803995,0.9900124843945068,0.9209535759096613
3,18,irregular,2,265,252,13,210,55,42,0.7924528301886793,0.8333333333333334,1.0515873015873016,0.8123791102514508
3,18,regular,3,1059,1044,15,1042,17,2,0.983947119924457,0.9980842911877394,1.014367816091954,0.9909652876842606
3,18,semiregular,3,855,801,54,774,81,27,0.9052631578947369,0.9662921348314607,1.0674157303370786,0.9347826086956522
3,18,irregular,3,238,252,14,205,33,47,0.8613445378151261,0.8134920634920635,0.9444444444444444,0.8367346938775511
3,19,regular,1,1107,1076,31,1073,34,3,0.969286359530262,0.9972118959107806,1.028810408921933,0.983050847457627
3,19,semiregular,1,772,753,19,698,74,55,0.9041450777202072,0.9269588313413014,1.0252324037184595,0.9154098360655738
3,19,irregular,1,7,245,238,3,4,242,0.42857142857142855,0.012244897959183673,0.02857142857142857,0.023809523809523808
3,19,regular,2,1087,1076,11,1072,15,4,0.9862005519779209,0.9962825278810409,1.0102230483271375,0.991215903837263
3,19,semiregular,2,700,753,53,654,46,99,0.9342857142857143,0.8685258964143426,0.9296148738379814,0.9002064693737095
3,19,irregular,2,245,245,0,197,48,48,0.8040816326530612,0.8040816326530612,1.0,0.8040816326530612
3,19,regular,3,1086,1076,10,1073,13,3,0.9880294659300184,0.9972118959107806,1.0092936802973977,0.9925994449583719
3,19,semiregular,3,736,753,17,681,55,72,0.9252717391304348,0.9043824701195219,0.9774236387782205,0.9147078576225656
3,19,irregular,3,217,245,28,176,41,69,0.8110599078341014,0.7183673469387755,0.8857142857142857,0.761904761904762
3,20,regular,1,1236,1251,15,1221,15,30,0.9878640776699029,0.9760191846522782,0.988009592326139,0.9819059107358263
3,20,semiregular,1,876,841,35,757,119,84,0.8641552511415526,0.9001189060642093,1.0416171224732462,0.8817705299941759
3,20,irregular,1,8,252,244,1,7,251,0.125,0.003968253968253968,0.031746031746031744,0.007692307692307693
3,20,regular,2,1240,1251,11,1220,20,31,0.9838709677419355,0.9752198241406874,0.991207034372502,0.9795262946607789
3,20,semiregular,2,784,841,57,690,94,151,0.8801020408163265,0.8204518430439952,0.9322235434007135,0.8492307692307692
3,20,irregular,2,232,252,20,194,38,58,0.8362068965517241,0.7698412698412699,0.9206349206349206,0.8016528925619835
3,20,regular,3,1197,1251,54,1195,2,56,0.9983291562238931,0.9552358113509193,0.9568345323741008,0.9763071895424836
3,20,semiregular,3,828,841,13,724,104,117,0.8743961352657005,0.8608799048751486,0.9845422116527943,0.8675853804673458
3,20,irregular,3,223,252,29,179,44,73,0.8026905829596412,0.7103174603174603,0.8849206349206349,0.7536842105263158
3,21,regular,1,944,920,24,920,24,0,0.9745762711864406,1.0,1.0260869565217392,0.9871244635193133
3,21,semiregular,1,643,549,94,508,135,41,0.7900466562986003,0.9253187613843351,1.1712204007285973,0.8523489932885906
3,21,irregular,1,8,204,196,1,7,203,0.125,0.004901960784313725,0.0392156862745098,0.009433962264150943
3,21,regular,2,943,920,23,920,23,0,0.975609756097561,1.0,1.025,0.9876543209876543
3,21,semiregular,2,577,549,28,479,98,70,0.830155979202773,0.8724954462659381,1.0510018214936248,0.8507992895204264
3,21,irregular,2,208,204,4,172,36,32,0.8269230769230769,0.8431372549019608,1.0196078431372548,0.8349514563106797
3,21,regular,3,930,920,10,919,11,1,0.9881720430107527,0.9989130434782608,1.0108695652173914,0.9935135135135135
3,21,semiregular,3,579,549,30,483,96,66,0.8341968911917098,0.8797814207650273,1.0546448087431695,0.8563829787234042
3,21,irregular,3,196,204,8,168,28,36,0.8571428571428571,0.8235294117647058,0.9607843137254902,0.84
3,22,regular,1,994,946,48,946,48,0,0.9517102615694165,1.0,1.0507399577167018,0.9752577319587629
3,22,semiregular,1,745,703,42,651,94,52,0.8738255033557047,0.9260312944523471,1.0597439544807965,0.8991712707182321
3,22,irregular,1,9,247,238,3,6,244,0.3333333333333333,0.012145748987854251,0.03643724696356275,0.0234375
3,22,regular,2,980,946,34,945,35,1,0.9642857142857143,0.9989429175475687,1.0359408033826638,0.9813084112149534
3,22,semiregular,2,675,703,28,611,64,92,0.9051851851851852,0.8691322901849218,0.9601706970128022,0.8867924528301887
3,22,irregular,2,217,247,30,176,41,71,0.8110599078341014,0.7125506072874493,0.8785425101214575,0.7586206896551724
3,22,regular,3,954,946,8,945,9,1,0.9905660377358491,0.9989429175475687,1.0084566596194504,0.9947368421052631
3,22,semiregular,3,701,703,2,631,70,72,0.9001426533523538,0.8975817923186344,0.9971550497866287,0.8988603988603989
3,22,irregular,3,229,247,18,178,51,69,0.777292576419214,0.7206477732793523,0.9271255060728745,0.7478991596638654
3,23,regular,1,1050,999,51,998,52,1,0.9504761904761905,0.998998998998999,1.0510510510510511,0.9741337237676916
3,23,semiregular,1,885,835,50,767,118,68,0.8666666666666667,0.918562874251497,1.0598802395209581,0.891860465116279
3,23,irregular,1,15,266,251,5,10,261,0.3333333333333333,0.018796992481203006,0.05639097744360902,0.03558718861209965
3,23,regular,2,1028,999,29,994,34,5,0.9669260700389105,0.994994994994995,1.029029029029029,0.9807597434632461
3,23,semiregular,2,804,835,31,726,78,109,0.9029850746268657,0.8694610778443114,0.962874251497006,0.8859060402684565
3,23,irregular,2,235,266,31,196,39,70,0.8340425531914893,0.7368421052631579,0.8834586466165414,0.7824351297405189
3,23,regular,3,1008,999,9,992,16,7,0.9841269841269841,0.992992992992993,1.009009009009009,0.9885401096163429
3,23,semiregular,3,850,835,15,761,89,74,0.8952941176470588,0.911377245508982,1.0179640718562875,0.9032640949554895
3,23,irregular,3,242,266,24,193,49,73,0.7975206611570248,0.7255639097744361,0.9097744360902256,0.7598425196850394
3,24,regular,1,1095,1079,16,1074,21,5,0.9808219178082191,0.995366079703429,1.0148285449490269,0.9880404783808646
3,24,semiregular,1,682,680,2,620,62,60,0.9090909090909091,0.9117647058823529,1.0029411764705882,0.9104258443465492
3,24,irregular,1,11,247,236,0,11,247,-1,-1,0.044534412955465584,-1
3,24,regular,2,1094,1079,15,1072,22,7,0.979890310786106,0.9935125115848007,1.0139017608897127,0.9866543948458353
3,24,semiregular,2,631,680,49,590,41,90,0.9350237717908082,0.8676470588235294,0.9279411764705883,0.9000762776506482
3,24,irregular,2,235,247,12,201,34,46,0.8553191489361702,0.8137651821862348,0.951417004048583,0.8340248962655602
3,24,regular,3,1071,1079,8,1066,5,13,0.9953314659197012,0.9879518072289156,0.9925857275254866,0.9916279069767442
3,24,semiregular,3,679,680,1,634,45,46,0.9337260677466863,0.9323529411764706,0.9985294117647059,0.9330389992641648
3,24,irregular,3,227,247,20,193,34,54,0.8502202643171806,0.7813765182186235,0.9190283400809717,0.8143459915611814
3,25,regular,1,956,946,10,942,14,4,0.9853556485355649,0.9957716701902748,1.0105708245243128,0.9905362776025236
3,25,semiregular,1,747,718,29,660,87,58,0.8835341365461847,0.9192200557103064,1.0403899721448469,0.9010238907849829
3,25,irregular,1,14,207,193,1,13,206,0.07142857142857142,0.004830917874396135,0.06763285024154589,0.00904977375565611
3,25,regular,2,956,946,10,940,16,6,0.9832635983263598,0.9936575052854123,1.0105708245243128,0.9884332281808623
3,25,semiregular,2,701,718,17,637,64,81,0.9087018544935807,0.8871866295264624,0.9763231197771588,0.897815362931642
3,25,irregular,2,174,207,33,141,33,66,0.8103448275862069,0.6811594202898551,0.8405797101449275,0.7401574803149606
3,25,regular,3,939,946,7,936,3,10,0.9968051118210862,0.9894291754756871,0.992600422832981,0.993103448275862
3,25,semiregular,3,699,718,19,637,62,81,0.9113018597997139,0.8871866295264624,0.9735376044568245,0.8990825688073395
3,25,irregular,3,165,207,42,123,42,84,0.7454545454545455,0.5942028985507246,0.7971014492753623,0.661290322580645
3,26,regular,1,1044,985,59,985,59,0,0.9434865900383141,1.0,1.0598984771573603,0.9709216362740265
3,26,semiregular,1,775,720,55,677,98,43,0.8735483870967742,0.9402777777777778,1.0763888888888888,0.905685618729097
3,26,irregular,1,10,214,204,2,8,212,0.2,0.009345794392523364,0.04672897196261682,0.017857142857142856
3,26,regular,2,1012,985,27,979,33,6,0.967391304347826,0.9939086294416244,1.0274111675126905,0.9804707060590885
3,26,semiregular,2,681,720,39,616,65,104,0.9045521292217328,0.8555555555555555,0.9458333333333333,0.8793718772305495
3,26,irregular,2,195,214,19,158,37,56,0.8102564102564103,0.7383177570093458,0.9112149532710281,0.7726161369193153
3,26,regular,3,1031,985,46,983,48,2,0.953443258971872,0.9979695431472081,1.0467005076142133,0.9751984126984127
3,26,semiregular,3,732,720,12,661,71,59,0.9030054644808743,0.9180555555555555,1.0166666666666666,0.9104683195592286
3,26,irregular,3,218,214,4,170,48,44,0.7798165137614679,0.794392523364486,1.0186915887850467,0.7870370370370371
3,27,regular,1,1168,1166,2,1152,16,14,0.9863013698630136,0.9879931389365352,1.0017152658662092,0.987146529562982
3,27,semiregular,1,723,728,5,648,75,80,0.8962655601659751,0.8901098901098901,0.9931318681318682,0.8931771192281185
3,27,irregular,1,14,270,256,2,12,268,0.14285714285714285,0.007407407407407408,0.05185185185185185,0.014084507042253521
3,27,regular,2,1176,1166,10,1157,19,9,0.983843537414966,0.9922813036020584,1.0085763293310464,0.9880444064901793
3,27,semiregular,2,672,728,56,613,59,115,0.9122023809523809,0.842032967032967,0.9230769230769231,0.8757142857142857
3,27,irregular,2,261,270,9,220,41,50,0.842911877394636,0.8148148148148148,0.9666666666666667,0.8286252354048964
3,27,regular,3,1164,1166,2,1163,1,3,0.9991408934707904,0.9974271012006861,0.9982847341337907,0.9982832618025751
3,27,semiregular,3,725,728,3,667,58,61,0.92,0.9162087912087912,0.9958791208791209,0.918100481761872
3,27,irregular,3,238,270,32,198,40,72,0.8319327731092437,0.7333333333333333,0.8814814814814815,0.7795275590551181
3,28,regular,1,1120,1098,22,1092,28,6,0.975,0.994535519125683,1.0200364298724955,0.9846708746618575
3,28,semiregular,1,913,859,54,821,92,38,0.8992332968236583,0.9557625145518044,1.0628637951105937,0.9266365688487584
3,28,irregular,1,16,293,277,2,14,291,0.125,0.006825938566552901,0.05460750853242321,0.012944983818770227
3,28,regular,2,1133,1098,35,1098,35,0,0.9691085613415711,1.0,1.0318761384335156,0.9843119677274765
3,28,semiregular,2,808,859,51,745,63,114,0.9220297029702971,0.8672875436554133,0.940628637951106,0.8938212357528494
3,28,irregular,2,236,293,57,191,45,102,0.809322033898305,0.6518771331058021,0.8054607508532423,0.722117202268431
3,28,regular,3,1101,1098,3,1092,9,6,0.9918256130790191,0.994535519125683,1.0027322404371584,0.9931787175989086
3,28,semiregular,3,844,859,15,783,61,76,0.9277251184834123,0.9115250291036089,0.9825378346915018,0.9195537287140342
3,28,irregular,3,223,293,70,184,39,109,0.8251121076233184,0.6279863481228669,0.7610921501706485,0.7131782945736433
3,29,regular,1,1151,1140,11,1136,15,4,0.9869678540399652,0.9964912280701754,1.0096491228070175,0.9917066783064163
3,29,semiregular,1,975,869,106,829,146,40,0.8502564102564103,0.953970080552359,1.1219792865362486,0.8991323210412148
3,29,irregular,1,10,247,237,2,8,245,0.2,0.008097165991902834,0.04048582995951417,0.015564202334630352
3,29,regular,2,1148,1140,8,1133,15,7,0.9869337979094077,0.993859649122807,1.0070175438596491,0.9903846153846154
3,29,semiregular,2,899,869,30,804,95,65,0.8943270300333704,0.9252013808975834,1.0345224395857306,0.909502262443439
3,29,irregular,2,264,247,17,211,53,36,0.7992424242424242,0.854251012145749,1.0688259109311742,0.8258317025440313
3,29,regular,3,1136,1140,4,1129,7,11,0.9938380281690141,0.9903508771929824,0.9964912280701754,0.992091388400703
3,29,semiregular,3,876,869,7,788,88,81,0.8995433789954338,0.906789413118527,1.0080552359033372,0.9031518624641833
3,29,irregular,3,235,247,12,194,41,53,0.825531914893617,0.7854251012145749,0.951417004048583,0.8049792531120331
3,30,regular,1,1014,997,17,996,18,1,0.9822485207100592,0.9989969909729187,1.0170511534603812,0.9905519641969169
3,30,semiregular,1,847,810,37,757,90,53,0.8937426210153483,0.9345679012345679,1.045679012345679,0.9136994568497283
3,30,irregular,1,17,250,233,3,14,247,0.17647058823529413,0.012,0.068,0.02247191011235955
3,30,regular,2,999,997,2,989,10,8,0.98998998998999,0.9919759277833501,1.0020060180541626,0.9909819639278558
3,30,semiregular,2,787,810,23,729,58,81,0.9263024142312579,0.9,0.971604938271605,0.91296180338134
3,30,irregular,2,215,250,35,177,38,73,0.8232558139534883,0.708,0.86,0.761290322580645
3,30,regular,3,994,997,3,993,1,4,0.9989939637826962,0.995987963891675,0.9969909729187563,0.9974886991461577
3,30,semiregular,3,823,810,13,760,63,50,0.9234507897934386,0.9382716049382716,1.0160493827160493,0.9308022045315371
3,30,irregular,3,237,250,13,185,52,65,0.7805907172995781,0.74,0.948,0.7597535934291582
4,1,regular,1,955,937,18,934,21,3,0.9780104712041885,0.9967982924226254,1.0192102454642475,0.9873150105708246
4,1,semiregular,1,760,703,57,632,128,71,0.8315789473684211,0.89900426742532,1.0810810810810811,0.8639781271360218
4,1,irregular,1,142,199,57,119,23,80,0.8380281690140845,0.5979899497487438,0.7135678391959799,0.6979472140762464
4,1,regular,2,1016,937,79,937,79,0,0.922244094488189,1.0,1.0843116328708644,0.9595494111623144
4,1,semiregular,2,747,703,44,641,106,62,0.85809906291834,0.9118065433854907,1.062588904694168,0.8841379310344828
4,1,irregular,2,183,199,16,147,36,52,0.8032786885245902,0.7386934673366834,0.9195979899497487,0.7696335078534032
4,1,regular,3,971,937,34,935,36,2,0.9629248197734295,0.9978655282817502,1.0362860192102454,0.980083857442348
4,1,semiregular,3,720,703,17,620,100,83,0.8611111111111112,0.8819345661450925,1.0241820768136558,0.871398453970485
4,1,irregular,3,6,199,193,1,5,198,0.16666666666666666,0.005025125628140704,0.03015075376884422,0.009756097560975611
4,2,regular,1,1225,1224,1,1208,17,16,0.9861224489795918,0.9869281045751634,1.0008169934640523,0.9865251122907309
4,2,semiregular,1,618,647,29,580,38,67,0.9385113268608414,0.8964451313755796,0.955177743431221,0.91699604743083
4,2,irregular,1,94,217,123,80,14,137,0.851063829787234,0.3686635944700461,0.43317972350230416,0.5144694533762058
4,2,regular,2,1238,1224,14,1213,25,11,0.9798061389337641,0.9910130718954249,1.011437908496732,0.9853777416734364
4,2,semiregular,2,651,647,4,608,43,39,0.9339477726574501,0.9397217928902627,1.0061823802163834,0.9368258859784284
4,2,irregular,2,200,217,17,165,35,52,0.825,0.7603686635944701,0.9216589861751152,0.7913669064748202
4,2,regular,3,1232,1224,8,1218,14,6,0.9886363636363636,0.9950980392156863,1.0065359477124183,0.9918566775244299
4,2,semiregular,3,654,647,7,609,45,38,0.9311926605504587,0.9412673879443586,1.010819165378671,0.9362029208301307
4,2,irregular,3,8,217,209,2,6,215,0.25,0.009216589861751152,0.03686635944700461,0.017777777777777778
4,3,regular,1,1043,1053,10,1037,6,16,0.9942473633748802,0.9848053181386515,0.9905033238366572,0.9895038167938931
4,3,semiregular,1,727,716,11,653,74,63,0.8982118294360385,0.9120111731843575,1.01536312849162,0.9050589050589051
4,3,irregular,1,158,224,66,135,23,89,0.8544303797468354,0.6026785714285714,0.7053571428571429,0.7068062827225132
4,3,regular,2,1043,1053,10,1030,13,23,0.987535953978907,0.9781576448243114,0.9905033238366572,0.982824427480916
4,3,semiregular,2,744,716,28,666,78,50,0.8951612903225806,0.9301675977653632,1.0391061452513966,0.9123287671232876
4,3,irregular,2,192,224,32,155,37,69,0.8072916666666666,0.6919642857142857,0.8571428571428571,0.7451923076923077
4,3,regular,3,1046,1053,7,1040,6,13,0.994263862332696,0.9876543209876543,0.99335232668566,0.9909480705097666
4,3,semiregular,3,732,716,16,661,71,55,0.9030054644808743,0.9231843575418994,1.0223463687150838,0.9129834254143646
4,3,irregular,3,8,224,216,0,8,224,-1,-1,0.03571428571428571,-1
4,4,regular,1,1134,1101,33,1101,33,0,0.9708994708994709,1.0,1.0299727520435968,0.9852348993288591
4,4,semiregular,1,654,614,40,545,109,69,0.8333333333333334,0.8876221498371335,1.0651465798045603,0.859621451104101
4,4,irregular,1,91,228,137,74,17,154,0.8131868131868132,0.32456140350877194,0.3991228070175439,0.4639498432601881
4,4,regular,2,1132,1101,31,1101,31,0,0.9726148409893993,1.0,1.0281562216167122,0.9861173309449172
4,4,semiregular,2,646,614,32,558,88,56,0.8637770897832817,0.9087947882736156,1.0521172638436482,0.8857142857142857
4,4,irregular,2,192,228,36,165,27,63,0.859375,0.7236842105263158,0.8421052631578947,0.7857142857142857
4,4,regular,3,1120,1101,19,1101,19,0,0.9830357142857142,1.0,1.017257039055404,0.9914452949122017
4,4,semiregular,3,627,614,13,557,70,57,0.8883572567783095,0.9071661237785016,1.021172638436482,0.8976631748589846
4,4,irregular,3,8,228,220,4,4,224,0.5,0.017543859649122806,0.03508771929824561,0.033898305084745756
4,5,regular,1,1062,1044,18,1044,18,0,0.9830508474576272,1.0,1.0172413793103448,0.9914529914529915
4,5,semiregular,1,760,668,92,640,120,28,0.8421052631578947,0.9580838323353293,1.1377245508982037,0.896358543417367
4,5,irregular,1,148,217,69,125,23,92,0.8445945945945946,0.576036866359447,0.6820276497695853,0.684931506849315
4,5,regular,2,1056,1044,12,1040,16,4,0.9848484848484849,0.9961685823754789,1.0114942528735633,0.9904761904761905
4,5,semiregular,2,733,668,65,622,111,46,0.8485675306957708,0.9311377245508982,1.097305389221557,0.887937187723055
4,5,irregular,2,211,217,6,170,41,47,0.8056872037914692,0.783410138248848,0.9723502304147466,0.7943925233644861
4,5,regular,3,1055,1044,11,1044,11,0,0.9895734597156398,1.0,1.010536398467433,0.9947594092424964
4,5,semiregular,3,695,668,27,609,86,59,0.8762589928057554,0.9116766467065869,1.0404191616766467,0.8936170212765957
4,5,irregular,3,9,217,208,2,7,215,0.2222222222222222,0.009216589861751152,0.041474654377880185,0.01769911504424779
4,6,regular,1,969,915,54,913,56,2,0.9422084623323014,0.9978142076502732,1.0590163934426229,0.9692144373673035
4,6,semiregular,1,727,701,26,658,69,43,0.9050894085281981,0.9386590584878745,1.037089871611983,0.9215686274509803
4,6,irregular,1,121,195,74,86,35,109,0.7107438016528925,0.441025641025641,0.6205128205128205,0.5443037974683543
4,6,regular,2,971,915,56,914,57,1,0.94129763130793,0.9989071038251366,1.0612021857923497,0.9692470837751856
4,6,semiregular,2,721,701,20,654,67,47,0.9070735090152566,0.9329529243937232,1.028530670470756,0.9198312236286921
4,6,irregular,2,151,195,44,120,31,75,0.7947019867549668,0.6153846153846154,0.7743589743589744,0.6936416184971098
4,6,regular,3,947,915,32,915,32,0,0.9662090813093981,1.0,1.0349726775956285,0.9828141783029002
4,6,semiregular,3,716,701,15,655,61,46,0.914804469273743,0.9343794579172611,1.0213980028530671,0.9244883556810164
4,6,irregular,3,9,195,186,1,8,194,0.1111111111111111,0.005128205128205128,0.046153846153846156,0.00980392156862745
4,7,regular,1,1254,1230,24,1228,26,2,0.9792663476874003,0.9983739837398374,1.0195121951219512,0.9887278582930756
4,7,semiregular,1,763,761,2,657,106,104,0.8610747051114024,0.8633377135348226,1.002628120893561,0.8622047244094488
4,7,irregular,1,7,225,218,4,3,221,0.5714285714285714,0.017777777777777778,0.03111111111111111,0.034482758620689655
4,7,regular,2,1263,1230,33,1229,34,1,0.9730799683293745,0.9991869918699187,1.026829268292683,0.985960689931809
4,7,semiregular,2,769,761,8,674,95,87,0.8764629388816645,0.885676741130092,1.0105124835742445,0.8810457516339869
4,7,irregular,2,193,225,32,169,24,56,0.8756476683937824,0.7511111111111111,0.8577777777777778,0.8086124401913876
4,7,regular,3,1244,1230,14,1228,16,2,0.9871382636655949,0.9983739837398374,1.0113821138211383,0.9927243330638642
4,7,semiregular,3,772,761,11,676,96,85,0.8756476683937824,0.8883048620236531,1.014454664914586,0.8819308545335943
4,7,irregular,3,11,225,214,3,8,222,0.2727272727272727,0.013333333333333334,0.04888888888888889,0.025423728813559327
4,8,regular,1,1051,1035,16,1029,22,6,0.9790675547098002,0.9942028985507246,1.0154589371980676,0.9865771812080536
4,8,semiregular,1,855,827,28,760,95,67,0.8888888888888888,0.9189842805320435,1.0338573155985489,0.9036860879904876
4,8,irregular,1,128,243,115,107,21,136,0.8359375,0.4403292181069959,0.5267489711934157,0.5768194070080863
4,8,regular,2,1047,1035,12,1028,19,7,0.9818529130850048,0.9932367149758454,1.0115942028985507,0.9875120076849184
4,8,semiregular,2,838,827,11,752,86,75,0.8973747016706444,0.909310761789601,1.0133010882708586,0.9033033033033033
4,8,irregular,2,203,243,40,163,40,80,0.8029556650246306,0.6707818930041153,0.8353909465020576,0.7309417040358746
4,8,regular,3,1050,1035,15,1033,17,2,0.9838095238095238,0.9980676328502416,1.0144927536231885,0.9908872901678657
4,8,semiregular,3,856,827,29,775,81,52,0.905373831775701,0.9371221281741233,1.0350665054413544,0.9209744503862151
4,8,irregular,3,13,243,230,0,13,243,-1,-1,0.053497942386831275,-1
4,9,regular,1,1110,1107,3,1094,16,13,0.9855855855855856,0.988256549232159,1.002710027100271,0.9869192602616148
4,9,semiregular,1,664,701,37,618,46,83,0.9307228915662651,0.8815977175463623,0.9472182596291013,0.9054945054945055
4,9,irregular,1,127,266,139,116,11,150,0.9133858267716536,0.43609022556390975,0.4774436090225564,0.5903307888040713
4,9,regular,2,1101,1107,6,1088,13,19,0.9881925522252498,0.982836495031617,0.994579945799458,0.9855072463768116
4,9,semiregular,2,655,701,46,616,39,85,0.9404580152671755,0.8787446504992867,0.9343794579172611,0.9085545722713865
4,9,irregular,2,224,266,42,191,33,75,0.8526785714285714,0.7180451127819549,0.8421052631578947,0.7795918367346939
4,9,regular,3,1098,1107,9,1091,7,16,0.9936247723132969,0.985546522131888,0.991869918699187,0.9895691609977325
4,9,semiregular,3,699,701,2,653,46,48,0.9341917024320457,0.9315263908701854,0.9971469329529244,0.9328571428571429
4,9,irregular,3,10,266,256,3,7,263,0.3,0.011278195488721804,0.03759398496240601,0.021739130434782605
4,10,regular,1,1067,1014,53,1012,55,2,0.9484536082474226,0.9980276134122288,1.0522682445759368,0.9726093224411341
4,10,semiregular,1,695,656,39,624,71,32,0.897841726618705,0.9512195121951219,1.0594512195121952,0.923760177646188
4,10,irregular,1,167,247,80,148,19,99,0.8862275449101796,0.5991902834008097,0.6761133603238867,0.714975845410628
4,10,regular,2,1057,1014,43,1012,45,2,0.9574266792809839,0.9980276134122288,1.042406311637081,0.9773056494447127
4,10,semiregular,2,679,656,23,620,59,36,0.9131075110456554,0.9451219512195121,1.0350609756097562,0.9288389513108612
4,10,irregular,2,201,247,46,182,19,65,0.9054726368159204,0.7368421052631579,0.8137651821862348,0.8125
4,10,regular,3,1037,1014,23,1014,23,0,0.9778206364513018,1.0,1.0226824457593688,0.9887859580692345
4,10,semiregular,3,653,656,3,596,57,60,0.9127105666156202,0.9085365853658537,0.9954268292682927,0.9106187929717341
4,10,irregular,3,9,247,238,1,8,246,0.1111111111111111,0.004048582995951417,0.03643724696356275,0.0078125
4,11,regular,1,1082,1070,12,1067,15,3,0.9861367837338263,0.997196261682243,1.011214953271028,0.9916356877323421
4,11,semiregular,1,763,700,63,652,111,48,0.854521625163827,0.9314285714285714,1.09,0.8913192071086807
4,11,irregular,1,151,239,88,133,18,106,0.8807947019867549,0.5564853556485355,0.6317991631799164,0.682051282051282
4,11,regular,2,1097,1070,27,1070,27,0,0.97538742023701,1.0,1.0252336448598132,0.9875403784033224
4,11,semiregular,2,727,700,27,640,87,60,0.8803301237964236,0.9142857142857143,1.0385714285714285,0.8969866853538893
4,11,irregular,2,198,239,41,167,31,72,0.8434343434343434,0.698744769874477,0.8284518828451883,0.7643020594965675
4,11,regular,3,1084,1070,14,1070,14,0,0.9870848708487084,1.0,1.0130841121495326,0.9935004642525533
4,11,semiregular,3,702,700,2,634,68,66,0.9031339031339032,0.9057142857142857,1.002857142857143,0.9044222539229672
4,11,irregular,3,9,239,230,2,7,237,0.2222222222222222,0.008368200836820083,0.03765690376569038,0.016129032258064516
4,12,regular,1,1042,1007,35,1007,35,0,0.9664107485604606,1.0,1.0347567030784508,0.9829184968277209
4,12,semiregular,1,729,641,88,605,124,36,0.8299039780521262,0.9438377535101404,1.1372854914196568,0.8832116788321168
4,12,irregular,1,219,204,15,171,48,33,0.7808219178082192,0.8382352941176471,1.0735294117647058,0.8085106382978724
4,12,regular,2,1051,1007,44,1007,44,0,0.9581351094196003,1.0,1.0436941410129097,0.9786200194363459
4,12,semiregular,2,684,641,43,588,96,53,0.8596491228070176,0.9173166926677067,1.0670826833073324,0.8875471698113206
4,12,irregular,2,196,204,8,152,44,52,0.7755102040816326,0.7450980392156863,0.9607843137254902,0.76
4,12,regular,3,1033,1007,26,1007,26,0,0.9748305905130688,1.0,1.0258192651439921,0.9872549019607844
4,12,semiregular,3,664,641,23,581,83,60,0.875,0.906396255850234,1.0358814352574104,0.8904214559386973
4,12,irregular,3,9,204,195,1,8,203,0.1111111111111111,0.004901960784313725,0.04411764705882353,0.009389671361502348
4,13,regular,1,1022,1000,22,1000,22,0,0.9784735812133072,1.0,1.022,0.9891196834817012
4,13,semiregular,1,865,815,50,782,83,33,0.9040462427745665,0.9595092024539877,1.0613496932515338,0.930952380952381
4,13,irregular,1,183,216,33,150,33,66,0.819672131147541,0.6944444444444444,0.8472222222222222,0.7518796992481204
4,13,regular,2,1015,1000,15,998,17,2,0.9832512315270936,0.998,1.015,0.9905707196029777
4,13,semiregular,2,862,815,47,787,75,28,0.9129930394431555,0.9656441717791411,1.0576687116564416,0.9385807990459154
4,13,irregular,2,207,216,9,164,43,52,0.7922705314009661,0.7592592592592593,0.9583333333333334,0.7754137115839244
4,13,regular,3,1019,1000,19,999,20,1,0.9803729146221786,0.999,1.019,0.9895988112927192
4,13,semiregular,3,826,815,11,760,66,55,0.9200968523002422,0.9325153374233128,1.0134969325153373,0.9262644728823888
4,13,irregular,3,13,216,203,1,12,215,0.07692307692307693,0.004629629629629629,0.06018518518518518,0.008733624454148473
4,14,regular,1,1050,1052,2,1041,9,11,0.9914285714285714,0.9895437262357415,0.9980988593155894,0.9904852521408183
4,14,semiregular,1,910,913,3,835,75,78,0.9175824175824175,0.9145673603504929,0.9967141292442497,0.916072408118486
4,14,irregular,1,137,217,80,117,20,100,0.8540145985401459,0.5391705069124424,0.631336405529954,0.6610169491525423
4,14,regular,2,1052,1052,0,1037,15,15,0.9857414448669202,0.9857414448669202,1.0,0.9857414448669202
4,14,semiregular,2,923,913,10,845,78,68,0.9154929577464789,0.9255202628696605,1.0109529025191675,0.9204793028322441
4,14,irregular,2,211,217,6,175,36,42,0.8293838862559242,0.8064516129032258,0.9723502304147466,0.8177570093457944
4,14,regular,3,1065,1052,13,1052,13,0,0.9877934272300469,1.0,1.0123574144486691,0.9938592347661785
4,14,semiregular,3,912,913,1,849,63,64,0.930921052631579,0.9299014238773274,0.9989047097480832,0.9304109589041096
4,14,irregular,3,9,217,208,2,7,215,0.2222222222222222,0.009216589861751152,0.041474654377880185,0.01769911504424779
4,15,regular,1,974,964,10,964,10,0,0.9897330595482546,1.0,1.0103734439834025,0.9948400412796699
4,15,semiregular,1,825,774,51,740,85,34,0.896969696969697,0.9560723514211886,1.065891472868217,0.9255784865540964
4,15,irregular,1,180,218,38,158,22,60,0.8777777777777778,0.7247706422018348,0.8256880733944955,0.7939698492462312
4,15,regular,2,968,964,4,955,13,9,0.9865702479338843,0.9906639004149378,1.004149377593361,0.9886128364389234
4,15,semiregular,2,793,774,19,725,68,49,0.914249684741488,0.9366925064599483,1.024547803617571,0.9253350350989151
4,15,irregular,2,200,218,18,173,27,45,0.865,0.7935779816513762,0.9174311926605505,0.8277511961722489
4,15,regular,3,968,964,4,962,6,2,0.993801652892562,0.9979253112033195,1.004149377593361,0.9958592132505175
4,15,semiregular,3,758,774,16,707,51,67,0.9327176781002638,0.91343669250646,0.979328165374677,0.922976501305483
4,15,irregular,3,9,218,209,1,8,217,0.1111111111111111,0.0045871559633027525,0.04128440366972477,0.00881057268722467
4,16,regular,1,1138,1109,29,1109,29,0,0.9745166959578208,1.0,1.0261496844003606,0.9870939029817535
4,16,semiregular,1,681,681,0,588,93,93,0.8634361233480177,0.8634361233480177,1.0,0.8634361233480177
4,16,irregular,1,116,272,156,103,13,169,0.8879310344827587,0.3786764705882353,0.4264705882352941,0.5309278350515464
4,16,regular,2,1156,1109,47,1109,47,0,0.9593425605536332,1.0,1.042380522993688,0.9792494481236202
4,16,semiregular,2,697,681,16,615,82,66,0.8823529411764706,0.9030837004405287,1.0234948604992657,0.8925979680696661
4,16,irregular,2,224,272,48,191,33,81,0.8526785714285714,0.7022058823529411,0.8235294117647058,0.7701612903225806
4,16,regular,3,1122,1109,13,1107,15,2,0.9866310160427807,0.9981965734896303,1.011722272317403,0.9923800986104886
4,16,semiregular,3,666,681,15,599,67,82,0.8993993993993994,0.8795888399412628,0.9779735682819384,0.8893838158871565
4,16,irregular,3,8,272,264,2,6,270,0.25,0.007352941176470588,0.029411764705882353,0.014285714285714287
4,17,regular,1,1052,1029,23,1029,23,0,0.9781368821292775,1.0,1.022351797862002,0.9889476213358962
4,17,semiregular,1,834,837,3,752,82,85,0.9016786570743405,0.8984468339307049,0.996415770609319,0.9000598444045481
4,17,irregular,1,162,240,78,139,23,101,0.8580246913580247,0.5791666666666667,0.675,0.6915422885572139
4,17,regular,2,1048,1029,19,1028,20,1,0.9809160305343512,0.9990281827016521,1.0184645286686103,0.9898892633606162
4,17,semiregular,2,862,837,25,786,76,51,0.9118329466357309,0.9390681003584229,1.0298685782556751,0.9252501471453796
4,17,irregular,2,222,240,18,183,39,57,0.8243243243243243,0.7625,0.925,0.7922077922077922
4,17,regular,3,1055,1029,26,1029,26,0,0.9753554502369668,1.0,1.0252672497570456,0.9875239923224568
4,17,semiregular,3,843,837,6,780,63,57,0.9252669039145908,0.931899641577061,1.007168458781362,0.9285714285714286
4,17,irregular,3,10,240,230,2,8,238,0.2,0.008333333333333333,0.041666666666666664,0.016
4,18,regular,1,1070,1044,26,1044,26,0,0.9757009345794393,1.0,1.024904214559387,0.9877010406811731
4,18,semiregular,1,810,801,9,744,66,57,0.9185185185185185,0.9288389513108615,1.0112359550561798,0.9236499068901304
4,18,irregular,1,154,252,98,129,25,123,0.8376623376623377,0.5119047619047619,0.6111111111111112,0.6354679802955665
4,18,regular,2,1062,1044,18,1044,18,0,0.9830508474576272,1.0,1.0172413793103448,0.9914529914529915
4,18,semiregular,2,811,801,10,756,55,45,0.9321824907521579,0.9438202247191011,1.0124843945068664,0.9379652605459058
4,18,irregular,2,232,252,20,199,33,53,0.8577586206896551,0.7896825396825397,0.9206349206349206,0.8223140495867768
4,18,regular,3,1069,1044,25,1044,25,0,0.9766136576239476,1.0,1.0239463601532568,0.9881684808329388
4,18,semiregular,3,814,801,13,758,56,43,0.9312039312039312,0.9463171036204744,1.0162297128589264,0.9386996904024768
4,18,irregular,3,8,252,244,1,7,251,0.125,0.003968253968253968,0.031746031746031744,0.007692307692307693
4,19,regular,1,1119,1076,43,1072,47,4,0.9579982126899017,0.9962825278810409,1.0399628252788105,0.9767653758542141
4,19,semiregular,1,781,753,28,703,78,50,0.9001280409731114,0.9335989375830013,1.0371845949535192,0.9165580182529336
4,19,irregular,1,185,245,60,159,26,86,0.8594594594594595,0.6489795918367347,0.7551020408163265,0.7395348837209302
4,19,regular,2,1100,1076,24,1075,25,1,0.9772727272727273,0.9990706319702602,1.0223048327137547,0.9880514705882354
4,19,semiregular,2,750,753,3,690,60,63,0.92,0.9163346613545816,0.9960159362549801,0.9181636726546906
4,19,irregular,2,226,245,19,178,48,67,0.7876106194690266,0.726530612244898,0.9224489795918367,0.7558386411889597
4,19,regular,3,1086,1076,10,1073,13,3,0.9880294659300184,0.9972118959107806,1.0092936802973977,0.9925994449583719
4,19,semiregular,3,690,753,63,640,50,113,0.927536231884058,0.849933598937583,0.9163346613545816,0.887040887040887
4,19,irregular,3,7,245,238,1,6,244,0.14285714285714285,0.004081632653061225,0.02857142857142857,0.007936507936507938
4,20,regular,1,1191,1251,60,1182,9,69,0.9924433249370277,0.9448441247002398,0.9520383693045563,0.9680589680589681
4,20,semiregular,1,885,841,44,758,127,83,0.8564971751412429,0.901307966706302,1.0523186682520809,0.8783314020857473
4,20,irregular,1,165,252,87,126,39,126,0.7636363636363637,0.5,0.6547619047619048,0.60431654676259
4,20,regular,2,1144,1251,107,1126,18,125,0.9842657342657343,0.9000799360511591,0.9144684252597922,0.9402922755741128
4,20,semiregular,2,749,841,92,663,86,178,0.8851802403204272,0.7883472057074911,0.8906064209274673,0.8339622641509434
4,20,irregular,2,225,252,27,188,37,64,0.8355555555555556,0.746031746031746,0.8928571428571429,0.7882599580712788
4,20,regular,3,1162,1251,89,1155,7,96,0.9939759036144579,0.9232613908872902,0.9288569144684252,0.9573145462080399
4,20,semiregular,3,835,841,6,738,97,103,0.8838323353293414,0.8775267538644471,0.9928656361474435,0.8806682577565632
4,20,irregular,3,8,252,244,2,6,250,0.25,0.007936507936507936,0.031746031746031744,0.015384615384615385
4,21,regular,1,966,920,46,912,54,8,0.9440993788819876,0.991304347826087,1.05,0.9671261930010605
4,21,semiregular,1,621,549,72,496,125,53,0.7987117552334944,0.9034608378870674,1.1311475409836065,0.8478632478632478
4,21,irregular,1,154,204,50,135,19,69,0.8766233766233766,0.6617647058823529,0.7549019607843137,0.7541899441340781
4,21,regular,2,946,920,26,920,26,0,0.9725158562367865,1.0,1.0282608695652173,0.9860664523043945
4,21,semiregular,2,615,549,66,500,115,49,0.8130081300813008,0.9107468123861566,1.1202185792349726,0.8591065292096219
4,21,irregular,2,166,204,38,137,29,67,0.8253012048192772,0.6715686274509803,0.8137254901960784,0.7405405405405406
4,21,regular,3,933,920,13,920,13,0,0.9860664523043944,1.0,1.0141304347826088,0.9929843497031839
4,21,semiregular,3,605,549,56,499,106,50,0.824793388429752,0.9089253187613844,1.1020036429872495,0.8648180242634316
4,21,irregular,3,8,204,196,1,7,203,0.125,0.004901960784313725,0.0392156862745098,0.009433962264150943
4,22,regular,1,1004,946,58,944,60,2,0.9402390438247012,0.9978858350951374,1.0613107822410148,0.9682051282051282
4,22,semiregular,1,734,703,31,651,83,52,0.8869209809264306,0.9260312944523471,1.0440967283072546,0.9060542797494782
4,22,irregular,1,122,247,125,105,17,142,0.860655737704918,0.4251012145748988,0.4939271255060729,0.5691056910569106
4,22,regular,2,978,946,32,945,33,1,0.9662576687116564,0.9989429175475687,1.0338266384778012,0.9823284823284824
4,22,semiregular,2,726,703,23,649,77,54,0.8939393939393939,0.9231863442389758,1.0327169274537695,0.9083275017494751
4,22,irregular,2,185,247,62,152,33,95,0.8216216216216217,0.6153846153846154,0.7489878542510121,0.7037037037037037
4,22,regular,3,965,946,19,945,20,1,0.9792746113989638,0.9989429175475687,1.0200845665961944,0.989010989010989
4,22,semiregular,3,700,703,3,634,66,69,0.9057142857142857,0.9018492176386913,0.9957325746799431,0.9037776193870277
4,22,irregular,3,9,247,238,2,7,245,0.2222222222222222,0.008097165991902834,0.03643724696356275,0.015625
4,23,regular,1,1031,999,32,985,46,14,0.9553831231813773,0.985985985985986,1.032032032032032,0.9704433497536946
4,23,semiregular,1,812,835,23,677,135,158,0.833743842364532,0.8107784431137725,0.9724550898203593,0.8221007893139041
4,23,irregular,1,10,266,256,4,6,262,0.4,0.015037593984962405,0.03759398496240601,0.028985507246376812
4,23,regular,2,869,999,130,862,7,137,0.9919447640966629,0.8628628628628628,0.8698698698698699,0.9229122055674518
4,23,semiregular,2,923,835,88,768,155,67,0.8320693391115926,0.9197604790419162,1.1053892215568861,0.8737201365187712
4,23,irregular,2,0,266,266,0,0,266,-1,-1,0.0,-1
4,23,regular,3,1032,999,33,996,36,3,0.9651162790697675,0.996996996996997,1.033033033033033,0.9807976366322009
4,23,semiregular,3,896,835,61,786,110,49,0.8772321428571429,0.9413173652694611,1.0730538922155688,0.9081455805892549
4,23,irregular,3,15,266,251,4,11,262,0.26666666666666666,0.015037593984962405,0.05639097744360902,0.028469750889679714
4,24,regular,1,1092,1079,13,1074,18,5,0.9835164835164835,0.995366079703429,1.0120481927710843,0.9894058037770612
4,24,semiregular,1,685,680,5,614,71,66,0.8963503649635036,0.9029411764705882,1.0073529411764706,0.8996336996336995
4,24,irregular,1,105,247,142,97,8,150,0.9238095238095239,0.39271255060728744,0.4251012145748988,0.5511363636363636
4,24,regular,2,1090,1079,11,1068,22,11,0.9798165137614679,0.989805375347544,1.010194624652456,0.9847856154910097
4,24,semiregular,2,661,680,19,612,49,68,0.9258698940998488,0.9,0.9720588235294118,0.912751677852349
4,24,irregular,2,215,247,32,186,29,61,0.8651162790697674,0.7530364372469636,0.8704453441295547,0.8051948051948051
4,24,regular,3,1077,1079,2,1067,10,12,0.9907149489322191,0.9888785912882299,0.9981464318813716,0.9897959183673469
4,24,semiregular,3,647,680,33,606,41,74,0.9366306027820711,0.8911764705882353,0.9514705882352941,0.9133383571966843
4,24,irregular,3,11,247,236,0,11,247,-1,-1,0.044534412955465584,-1
4,25,regular,1,961,946,15,946,15,0,0.9843912591050988,1.0,1.0158562367864694,0.9921342422653383
4,25,semiregular,1,734,718,16,648,86,70,0.8828337874659401,0.9025069637883009,1.0222841225626742,0.8925619834710744
4,25,irregular,1,137,207,70,105,32,102,0.7664233576642335,0.5072463768115942,0.6618357487922706,0.6104651162790699
4,25,regular,2,947,946,1,937,10,9,0.989440337909187,0.9904862579281184,1.0010570824524312,0.9899630216587428
4,25,semiregular,2,723,718,5,644,79,74,0.8907330567081605,0.8969359331476323,1.0069637883008355,0.89382373351839
4,25,irregular,2,173,207,34,133,40,74,0.7687861271676301,0.642512077294686,0.8357487922705314,0.7000000000000001
4,25,regular,3,945,946,1,940,5,6,0.9947089947089947,0.9936575052854123,0.9989429175475687,0.9941829719725014
4,25,semiregular,3,725,718,7,653,72,65,0.9006896551724138,0.9094707520891365,1.00974930362117,0.9050589050589051
4,25,irregular,3,14,207,193,1,13,206,0.07142857142857142,0.004830917874396135,0.06763285024154589,0.00904977375565611
4,26,regular,1,1057,985,72,985,72,0,0.9318826868495743,1.0,1.0730964467005075,0.9647404505386875
4,26,semiregular,1,793,720,73,688,105,32,0.8675914249684742,0.9555555555555556,1.101388888888889,0.9094514210178453
4,26,irregular,1,234,214,20,181,53,33,0.7735042735042735,0.8457943925233645,1.0934579439252337,0.8080357142857143
4,26,regular,2,1059,985,74,985,74,0,0.9301227573182247,1.0,1.0751269035532995,0.9637964774951076
4,26,semiregular,2,763,720,43,673,90,47,0.8820445609436435,0.9347222222222222,1.0597222222222222,0.9076196898179365
4,26,irregular,2,188,214,26,149,39,65,0.7925531914893617,0.6962616822429907,0.8785046728971962,0.7412935323383085
4,26,regular,3,1070,985,85,985,85,0,0.9205607476635514,1.0,1.0862944162436547,0.9586374695863746
4,26,semiregular,3,719,720,1,653,66,67,0.9082058414464534,0.9069444444444444,0.9986111111111111,0.9075747046560111
4,26,irregular,3,10,214,204,1,9,213,0.1,0.004672897196261682,0.04672897196261682,0.008928571428571428
4,27,regular,1,1172,1166,6,1156,16,10,0.9863481228668942,0.9914236706689536,1.0051457975986278,0.9888793840889649
4,27,semiregular,1,705,728,23,635,70,93,0.900709219858156,0.8722527472527473,0.9684065934065934,0.8862526168876481
4,27,irregular,1,112,270,158,97,15,173,0.8660714285714286,0.3592592592592593,0.4148148148148148,0.5078534031413612
4,27,regular,2,1174,1166,8,1155,19,11,0.9838160136286201,0.9905660377358491,1.006861063464837,0.9871794871794872
4,27,semiregular,2,739,728,11,663,76,65,0.8971583220568335,0.9107142857142857,1.01510989010989,0.9038854805725971
4,27,irregular,2,247,270,23,212,35,58,0.8582995951417004,0.7851851851851852,0.9148148148148149,0.8201160541586073
4,27,regular,3,1174,1166,8,1166,8,0,0.9931856899488927,1.0,1.006861063464837,0.9965811965811966
4,27,semiregular,3,725,728,3,667,58,61,0.92,0.9162087912087912,0.9958791208791209,0.918100481761872
4,27,irregular,3,13,270,257,2,11,268,0.15384615384615385,0.007407407407407408,0.04814814814814815,0.014134275618374558
4,28,regular,1,1114,1098,16,1089,25,9,0.9775583482944344,0.9918032786885246,1.0145719489981786,0.984629294755877
4,28,semiregular,1,919,859,60,817,102,42,0.8890097932535365,0.9511059371362048,1.069848661233993,0.9190101237345332
4,28,irregular,1,132,293,161,108,24,185,0.8181818181818182,0.36860068259385664,0.45051194539249145,0.5082352941176471
4,28,regular,2,1122,1098,24,1095,27,3,0.9759358288770054,0.9972677595628415,1.0218579234972678,0.9864864864864865
4,28,semiregular,2,863,859,4,789,74,70,0.9142526071842411,0.9185098952270081,1.0046565774155995,0.9163763066202091
4,28,irregular,2,242,293,51,187,55,106,0.7727272727272727,0.6382252559726962,0.825938566552901,0.6990654205607476
4,28,regular,3,1115,1098,17,1097,18,1,0.9838565022421525,0.9990892531876139,1.0154826958105647,0.9914143696339811
4,28,semiregular,3,866,859,7,803,63,56,0.9272517321016166,0.9348079161816065,1.0081490104772992,0.9310144927536231
4,28,irregular,3,16,293,277,0,16,293,-1,-1,0.05460750853242321,-1
4,29,regular,1,1149,1140,9,1135,14,5,0.9878154917319408,0.9956140350877193,1.0078947368421052,0.9916994320664047
4,29,semiregular,1,950,869,81,828,122,41,0.871578947368421,0.952819332566168,1.093210586881473,0.9103903243540407
4,29,irregular,1,176,247,71,150,26,97,0.8522727272727273,0.6072874493927125,0.7125506072874493,0.7092198581560283
4,29,regular,2,1145,1140,5,1130,15,10,0.9868995633187773,0.9912280701754386,1.0043859649122806,0.9890590809628008
4,29,semiregular,2,934,869,65,823,111,46,0.8811563169164882,0.9470655926352128,1.0747986191024166,0.9129229062673322
4,29,irregular,2,229,247,18,187,42,60,0.8165938864628821,0.757085020242915,0.9271255060728745,0.7857142857142857
4,29,regular,3,1146,1140,6,1134,12,6,0.9895287958115183,0.9947368421052631,1.0052631578947369,0.9921259842519685
4,29,semiregular,3,889,869,20,792,97,77,0.890888638920135,0.9113924050632911,1.0230149597238205,0.901023890784983
4,29,irregular,3,10,247,237,1,9,246,0.1,0.004048582995951417,0.04048582995951417,0.007782101167315176
4,30,regular,1,1007,997,10,993,14,4,0.9860973187686196,0.995987963891675,1.0100300902708124,0.9910179640718563
4,30,semiregular,1,837,810,27,752,85,58,0.8984468339307049,0.928395061728395,1.0333333333333334,0.9131754705525198
4,30,irregular,1,157,250,93,131,26,119,0.8343949044585988,0.524,0.628,0.6437346437346438
4,30,regular,2,1001,997,4,991,10,6,0.99000999000999,0.9939819458375125,1.004012036108325,0.9919919919919918
4,30,semiregular,2,835,810,25,768,67,42,0.9197604790419162,0.9481481481481482,1.0308641975308641,0.9337386018237083
4,30,irregular,2,206,250,44,174,32,76,0.8446601941747572,0.696,0.824,0.7631578947368421
4,30,regular,3,1011,997,14,997,14,0,0.9861523244312562,1.0,1.0140421263791375,0.9930278884462151
4,30,semiregular,3,818,810,8,756,62,54,0.9242053789731052,0.9333333333333333,1.0098765432098766,0.9287469287469288
4,30,irregular,3,17,250,233,3,14,247,0.17647058823529413,0.012,0.068,0.02247191011235955
5,1,regular,1,950,937,13,935,15,2,0.9842105263157894,0.9978655282817502,1.0138740661686232,0.990990990990991
5,1,semiregular,1,749,703,46,627,122,76,0.8371161548731643,0.8918918918918919,1.065433854907539,0.8636363636363636
5,1,irregular,1,7,199,192,2,5,197,0.2857142857142857,0.010050251256281407,0.035175879396984924,0.019417475728155338
5,1,regular,2,1001,937,64,930,71,7,0.929070929070929,0.9925293489861259,1.0683030949839916,0.9597523219814241
5,1,semiregular,2,725,703,22,623,102,80,0.8593103448275862,0.8862019914651493,1.031294452347084,0.872549019607843
5,1,irregular,2,176,199,23,145,31,54,0.8238636363636364,0.7286432160804021,0.8844221105527639,0.7733333333333334
5,1,regular,3,945,937,8,935,10,2,0.9894179894179894,0.9978655282817502,1.0085378868729988,0.9936238044633369
5,1,semiregular,3,719,703,16,618,101,85,0.8595271210013908,0.8790896159317212,1.0227596017069702,0.8691983122362869
5,1,irregular,3,185,199,14,150,35,49,0.8108108108108109,0.7537688442211056,0.9296482412060302,0.78125
5,2,regular,1,1230,1224,6,1210,20,14,0.983739837398374,0.988562091503268,1.0049019607843137,0.9861450692746536
5,2,semiregular,1,617,647,30,576,41,71,0.93354943273906,0.8902627511591963,0.9536321483771252,0.9113924050632911
5,2,irregular,1,9,217,208,1,8,216,0.1111111111111111,0.004608294930875576,0.041474654377880185,0.008849557522123895
5,2,regular,2,1237,1224,13,1210,27,14,0.9781729991915926,0.988562091503268,1.0106209150326797,0.9833401056481106
5,2,semiregular,2,655,647,8,613,42,34,0.9358778625954198,0.9474497681607419,1.0123647604327666,0.9416282642089093
5,2,irregular,2,194,217,23,162,32,55,0.8350515463917526,0.7465437788018433,0.8940092165898618,0.7883211678832116
5,2,regular,3,1218,1224,6,1215,3,9,0.9975369458128078,0.9926470588235294,0.9950980392156863,0.995085995085995
5,2,semiregular,3,640,647,7,602,38,45,0.940625,0.9304482225656878,0.9891808346213292,0.9355089355089355
5,2,irregular,3,192,217,25,159,33,58,0.828125,0.7327188940092166,0.8847926267281107,0.7775061124694377
5,3,regular,1,1039,1053,14,1031,8,22,0.9923002887391723,0.9791073124406457,0.9867046533713201,0.9856596558317399
5,3,semiregular,1,727,716,11,646,81,70,0.8885832187070152,0.9022346368715084,1.01536312849162,0.8953568953568954
5,3,irregular,1,9,224,215,1,8,223,0.1111111111111111,0.004464285714285714,0.04017857142857143,0.008583690987124463
5,3,regular,2,1038,1053,15,1024,14,29,0.9865125240847784,0.9724596391263058,0.9857549857549858,0.9794356767097082
5,3,semiregular,2,733,716,17,662,71,54,0.903137789904502,0.9245810055865922,1.0237430167597765,0.9137336093857832
5,3,irregular,2,196,224,28,167,29,57,0.8520408163265306,0.7455357142857143,0.875,0.7952380952380953
5,3,regular,3,1046,1053,7,1042,4,11,0.9961759082217974,0.9895536562203229,0.99335232668566,0.9928537398761316
5,3,semiregular,3,713,716,3,650,63,66,0.9116409537166901,0.9078212290502793,0.9958100558659218,0.9097270818754374
5,3,irregular,3,200,224,24,165,35,59,0.825,0.7366071428571429,0.8928571428571429,0.7783018867924528
5,4,regular,1,1120,1101,19,1099,21,2,0.98125,0.9981834695731153,1.017257039055404,0.989644304367402
5,4,semiregular,1,642,614,28,533,109,81,0.8302180685358256,0.8680781758957655,1.0456026058631922,0.8487261146496817
5,4,irregular,1,9,228,219,2,7,226,0.2222222222222222,0.008771929824561403,0.039473684210526314,0.016877637130801686
5,4,regular,2,1121,1101,20,1096,25,5,0.9776984834968778,0.9954586739327884,1.0181653042688465,0.9864986498649865
5,4,semiregular,2,632,614,18,553,79,61,0.875,0.9006514657980456,1.0293159609120521,0.8876404494382023
5,4,irregular,2,197,228,31,163,34,65,0.8274111675126904,0.7149122807017544,0.8640350877192983,0.7670588235294118
5,4,regular,3,1109,1101,8,1099,10,2,0.9909828674481514,0.9981834695731153,1.0072661217075387,0.9945701357466064
5,4,semiregular,3,607,614,7,535,72,79,0.8813838550247117,0.8713355048859935,0.988599348534202,0.8763308763308764
5,4,irregular,3,212,228,16,174,38,54,0.8207547169811321,0.7631578947368421,0.9298245614035088,0.7909090909090909
5,5,regular,1,1052,1044,8,1039,13,5,0.9876425855513308,0.9952107279693486,1.0076628352490422,0.9914122137404581
5,5,semiregular,1,756,668,88,628,128,40,0.8306878306878307,0.9401197604790419,1.1317365269461077,0.8820224719101124
5,5,irregular,1,10,217,207,1,9,216,0.1,0.004608294930875576,0.04608294930875576,0.00881057268722467
5,5,regular,2,1045,1044,1,1031,14,13,0.9866028708133971,0.9875478927203065,1.0009578544061302,0.9870751555768311
5,5,semiregular,2,737,668,69,630,107,38,0.8548168249660787,0.9431137724550899,1.1032934131736527,0.896797153024911
5,5,irregular,2,199,217,18,170,29,47,0.8542713567839196,0.783410138248848,0.9170506912442397,0.8173076923076924
5,5,regular,3,1045,1044,1,1042,3,2,0.9971291866028709,0.9980842911877394,1.0009578544061302,0.9976065102920058
5,5,semiregular,3,681,668,13,590,91,78,0.8663729809104258,0.8832335329341318,1.0194610778443114,0.8747220163083766
5,5,irregular,3,198,217,19,162,36,55,0.8181818181818182,0.7465437788018433,0.9124423963133641,0.7807228915662651
5,6,regular,1,957,915,42,913,44,2,0.9540229885057471,0.9978142076502732,1.0459016393442624,0.9754273504273504
5,6,semiregular,1,697,701,4,629,68,72,0.9024390243902439,0.8972895863052782,0.9942938659058488,0.899856938483548
5,6,irregular,1,10,195,185,0,10,195,-1,-1,0.05128205128205128,-1
5,6,regular,2,969,915,54,915,54,0,0.9442724458204335,1.0,1.0590163934426229,0.9713375796178344
5,6,semiregular,2,740,701,39,655,85,46,0.8851351351351351,0.9343794579172611,1.0556348074179742,0.9090909090909091
5,6,irregular,2,163,195,32,125,38,70,0.7668711656441718,0.6410256410256411,0.8358974358974359,0.6983240223463688
5,6,regular,3,930,915,15,915,15,0,0.9838709677419355,1.0,1.0163934426229508,0.991869918699187
5,6,semiregular,3,693,701,8,633,60,68,0.9134199134199135,0.9029957203994294,0.9885877318116976,0.9081779053084649
5,6,irregular,3,199,195,4,162,37,33,0.8140703517587939,0.8307692307692308,1.0205128205128204,0.8223350253807108
5,7,regular,1,1247,1230,17,1225,22,5,0.9823576583801122,0.9959349593495935,1.0138211382113822,0.9890997174000807
5,7,semiregular,1,796,761,35,693,103,68,0.8706030150753769,0.9106438896189225,1.0459921156373193,0.8901734104046243
5,7,irregular,1,12,225,213,1,11,224,0.08333333333333333,0.0044444444444444444,0.05333333333333334,0.008438818565400843
5,7,regular,2,1233,1230,3,1208,25,22,0.9797242497972425,0.9821138211382113,1.002439024390244,0.9809175801867642
5,7,semiregular,2,761,761,0,671,90,90,0.8817345597897503,0.8817345597897503,1.0,0.8817345597897503
5,7,irregular,2,172,225,53,152,20,73,0.8837209302325582,0.6755555555555556,0.7644444444444445,0.7657430730478588
5,7,regular,3,1234,1230,4,1224,10,6,0.9918962722852512,0.9951219512195122,1.0032520325203251,0.9935064935064934
5,7,semiregular,3,757,761,4,662,95,99,0.8745046235138706,0.8699080157687253,0.9947437582128777,0.8722002635046113
5,7,irregular,3,205,225,20,170,35,55,0.8292682926829268,0.7555555555555555,0.9111111111111111,0.7906976744186047
5,8,regular,1,1049,1035,14,1029,20,6,0.9809342230695901,0.9942028985507246,1.0135265700483091,0.9875239923224568
5,8,semiregular,1,822,827,5,743,79,84,0.9038929440389294,0.898428053204353,0.9939540507859734,0.9011522134627045
5,8,irregular,1,15,243,228,1,14,242,0.06666666666666667,0.00411522633744856,0.06172839506172839,0.007751937984496125
5,8,regular,2,1049,1035,14,1027,22,8,0.9790276453765491,0.9922705314009662,1.0135265700483091,0.9856046065259116
5,8,semiregular,2,839,827,12,761,78,66,0.9070321811680572,0.9201934703748489,1.014510278113664,0.9135654261704682
5,8,irregular,2,190,243,53,157,33,86,0.8263157894736842,0.6460905349794238,0.7818930041152263,0.7251732101616628
5,8,regular,3,1034,1035,1,1028,6,7,0.9941972920696325,0.9932367149758454,0.9990338164251208,0.9937167713871435
5,8,semiregular,3,818,827,9,750,68,77,0.9168704156479217,0.9068923821039904,0.9891172914147521,0.9118541033434652
5,8,irregular,3,213,243,30,162,51,81,0.7605633802816901,0.6666666666666666,0.8765432098765432,0.7105263157894737
5,9,regular,1,1112,1107,5,1098,14,9,0.987410071942446,0.991869918699187,1.004516711833785,0.9896349707075259
5,9,semiregular,1,645,701,56,599,46,102,0.9286821705426357,0.854493580599144,0.920114122681883,0.8900445765230312
5,9,irregular,1,11,266,255,0,11,266,-1,-1,0.041353383458646614,-1
5,9,regular,2,1104,1107,3,1084,20,23,0.9818840579710145,0.979223125564589,0.997289972899729,0.9805517865219359
5,9,semiregular,2,659,701,42,616,43,85,0.9347496206373292,0.8787446504992867,0.9400855920114123,0.9058823529411765
5,9,irregular,2,211,266,55,183,28,83,0.8672985781990521,0.6879699248120301,0.793233082706767,0.7672955974842767
5,9,regular,3,1092,1107,15,1089,3,18,0.9972527472527473,0.983739837398374,0.986449864498645,0.9904502046384719
5,9,semiregular,3,682,701,19,649,33,52,0.9516129032258065,0.9258202567760342,0.9728958630527818,0.9385394070860449
5,9,irregular,3,220,266,46,183,37,83,0.8318181818181818,0.6879699248120301,0.8270676691729323,0.7530864197530864
5,10,regular,1,1059,1014,45,1013,46,1,0.9565627950897073,0.9990138067061144,1.044378698224852,0.9773275446213217
5,10,semiregular,1,688,656,32,623,65,33,0.9055232558139535,0.9496951219512195,1.048780487804878,0.9270833333333334
5,10,irregular,1,10,247,237,3,7,244,0.3,0.012145748987854251,0.04048582995951417,0.023346303501945526
5,10,regular,2,1065,1014,51,1012,53,2,0.9502347417840376,0.9980276134122288,1.0502958579881656,0.9735449735449736
5,10,semiregular,2,663,656,7,603,60,53,0.9095022624434389,0.9192073170731707,1.0106707317073171,0.9143290371493555
5,10,irregular,2,209,247,38,187,22,60,0.8947368421052632,0.757085020242915,0.8461538461538461,0.8201754385964912
5,10,regular,3,1040,1014,26,1012,28,2,0.9730769230769231,0.9980276134122288,1.0256410256410255,0.9853943524829601
5,10,semiregular,3,637,656,19,587,50,69,0.9215070643642073,0.8948170731707317,0.9710365853658537,0.9079659706109822
5,10,irregular,3,234,247,13,196,38,51,0.8376068376068376,0.7935222672064778,0.9473684210526315,0.814968814968815
5,11,regular,1,1078,1070,8,1069,9,1,0.9916512059369202,0.9990654205607477,1.0074766355140188,0.9953445065176908
5,11,semiregular,1,738,700,38,638,100,62,0.8644986449864499,0.9114285714285715,1.0542857142857143,0.8873435326842838
5,11,irregular,1,10,239,229,3,7,236,0.3,0.012552301255230125,0.04184100418410042,0.024096385542168676
5,11,regular,2,1072,1070,2,1057,15,13,0.9860074626865671,0.9878504672897196,1.0018691588785047,0.9869281045751633
5,11,semiregular,2,725,700,25,645,80,55,0.8896551724137931,0.9214285714285714,1.0357142857142858,0.9052631578947368
5,11,irregular,2,191,239,48,161,30,78,0.8429319371727748,0.6736401673640168,0.799163179916318,0.7488372093023256
5,11,regular,3,1076,1070,6,1070,6,0,0.9944237918215614,1.0,1.005607476635514,0.9972041006523765
5,11,semiregular,3,685,700,15,613,72,87,0.8948905109489051,0.8757142857142857,0.9785714285714285,0.8851985559566787
5,11,irregular,3,192,239,47,156,36,83,0.8125,0.6527196652719666,0.803347280334728,0.7238979118329466
5,12,regular,1,1022,1007,15,1007,15,0,0.9853228962818004,1.0,1.0148957298907646,0.9926071956628881
5,12,semiregular,1,715,641,74,591,124,50,0.8265734265734266,0.921996879875195,1.1154446177847115,0.8716814159292036
5,12,irregular,1,10,204,194,2,8,202,0.2,0.00980392156862745,0.049019607843137254,0.018691588785046728
5,12,regular,2,1037,1007,30,1007,30,0,0.9710703953712633,1.0,1.0297914597815292,0.9853228962818004
5,12,semiregular,2,672,641,31,579,93,62,0.8616071428571429,0.9032761310452418,1.0483619344773791,0.881949733434882
5,12,irregular,2,207,204,3,159,48,45,0.7681159420289855,0.7794117647058824,1.0147058823529411,0.7737226277372262
5,12,regular,3,1026,1007,19,1007,19,0,0.9814814814814815,1.0,1.0188679245283019,0.9906542056074767
5,12,semiregular,3,641,641,0,563,78,78,0.8783151326053042,0.8783151326053042,1.0,0.8783151326053041
5,12,irregular,3,204,204,0,163,41,41,0.7990196078431373,0.7990196078431373,1.0,0.7990196078431373
5,13,regular,1,1011,1000,11,999,12,1,0.9881305637982196,0.999,1.011,0.9935355544505221
5,13,semiregular,1,853,815,38,769,84,46,0.9015240328253223,0.943558282208589,1.0466257668711656,0.9220623501199041
5,13,irregular,1,14,216,202,2,12,214,0.14285714285714285,0.009259259259259259,0.06481481481481481,0.017391304347826087
5,13,regular,2,1015,1000,15,997,18,3,0.9822660098522168,0.997,1.015,0.9895781637717121
5,13,semiregular,2,852,815,37,784,68,31,0.92018779342723,0.9619631901840491,1.045398773006135,0.9406118776244751
5,13,irregular,2,212,216,4,176,36,40,0.8301886792452831,0.8148148148148148,0.9814814814814815,0.8224299065420562
5,13,regular,3,1005,1000,5,998,7,2,0.9930348258706467,0.998,1.005,0.9955112219451371
5,13,semiregular,3,804,815,11,753,51,62,0.9365671641791045,0.9239263803680982,0.9865030674846625,0.9302038295243978
5,13,irregular,3,206,216,10,174,32,42,0.8446601941747572,0.8055555555555556,0.9537037037037037,0.8246445497630333
5,14,regular,1,1046,1052,6,1038,8,14,0.9923518164435946,0.9866920152091255,0.9942965779467681,0.9895138226882745
5,14,semiregular,1,891,913,22,828,63,85,0.9292929292929293,0.9069003285870756,0.9759036144578314,0.917960088691796
5,14,irregular,1,10,217,207,1,9,216,0.1,0.004608294930875576,0.04608294930875576,0.00881057268722467
5,14,regular,2,1045,1052,7,1029,16,23,0.9846889952153111,0.9781368821292775,0.9933460076045627,0.9814020028612304
5,14,semiregular,2,923,913,10,847,76,66,0.9176598049837487,0.927710843373494,1.0109529025191675,0.9226579520697168
5,14,irregular,2,205,217,12,174,31,43,0.848780487804878,0.8018433179723502,0.9447004608294931,0.8246445497630331
5,14,regular,3,1050,1052,2,1049,1,3,0.9990476190476191,0.997148288973384,0.9980988593155894,0.9980970504281638
5,14,semiregular,3,889,913,24,835,54,78,0.9392575928008999,0.9145673603504929,0.9737130339539978,0.9267480577136515
5,14,irregular,3,190,217,27,157,33,60,0.8263157894736842,0.7235023041474654,0.8755760368663594,0.7714987714987714
5,15,regular,1,972,964,8,962,10,2,0.9897119341563786,0.9979253112033195,1.008298755186722,0.993801652892562
5,15,semiregular,1,801,774,27,722,79,52,0.9013732833957553,0.9328165374677002,1.0348837209302326,0.9168253968253968
5,15,irregular,1,10,218,208,0,10,218,-1,-1,0.045871559633027525,-1
5,15,regular,2,954,964,10,941,13,23,0.9863731656184487,0.9761410788381742,0.9896265560165975,0.981230448383733
5,15,semiregular,2,793,774,19,728,65,46,0.9180327868852459,0.9405684754521964,1.024547803617571,0.9291640076579452
5,15,irregular,2,201,218,17,172,29,46,0.8557213930348259,0.7889908256880734,0.9220183486238532,0.8210023866348449
5,15,regular,3,964,964,0,961,3,3,0.9968879668049793,0.9968879668049793,1.0,0.9968879668049793
5,15,semiregular,3,746,774,28,698,48,76,0.935656836461126,0.9018087855297158,0.9638242894056848,0.9184210526315789
5,15,irregular,3,207,218,11,176,31,42,0.8502415458937198,0.8073394495412844,0.9495412844036697,0.8282352941176472
5,16,regular,1,1133,1109,24,1108,25,1,0.9779346866725508,0.9990982867448152,1.0216411181244365,0.9884032114183765
5,16,semiregular,1,675,681,6,588,87,93,0.8711111111111111,0.8634361233480177,0.9911894273127754,0.8672566371681417
5,16,irregular,1,9,272,263,1,8,271,0.1111111111111111,0.003676470588235294,0.03308823529411765,0.0071174377224199285
5,16,regular,2,1129,1109,20,1106,23,3,0.9796279893711249,0.9972948602344455,1.018034265103697,0.9883824843610366
5,16,semiregular,2,684,681,3,608,76,73,0.8888888888888888,0.8928046989720999,1.0044052863436124,0.8908424908424909
5,16,irregular,2,215,272,57,185,30,87,0.8604651162790697,0.6801470588235294,0.7904411764705882,0.7597535934291582
5,16,regular,3,1110,1109,1,1106,4,3,0.9963963963963964,0.9972948602344455,1.000901713255185,0.9968454258675079
5,16,semiregular,3,655,681,26,587,68,94,0.8961832061068702,0.8619676945668135,0.9618208516886931,0.8787425149700598
5,16,irregular,3,221,272,51,188,33,84,0.8506787330316742,0.6911764705882353,0.8125,0.7626774847870184
5,17,regular,1,1045,1029,16,1029,16,0,0.9846889952153111,1.0,1.0155490767735667,0.9922854387656702
5,17,semiregular,1,839,837,2,751,88,86,0.8951132300357568,0.8972520908004779,1.002389486260454,0.89618138424821
5,17,irregular,1,12,240,228,1,11,239,0.08333333333333333,0.004166666666666667,0.05,0.007936507936507936
5,17,regular,2,1047,1029,18,1026,21,3,0.9799426934097422,0.9970845481049563,1.0174927113702623,0.9884393063583815
5,17,semiregular,2,875,837,38,787,88,50,0.8994285714285715,0.94026284348865,1.045400238948626,0.9193925233644861
5,17,irregular,2,206,240,34,169,37,71,0.8203883495145631,0.7041666666666667,0.8583333333333333,0.7578475336322871
5,17,regular,3,1041,1029,12,1029,12,0,0.9884726224783862,1.0,1.0116618075801749,0.9942028985507246
5,17,semiregular,3,829,837,8,761,68,76,0.9179734620024126,0.9091995221027479,0.9904420549581839,0.9135654261704682
5,17,irregular,3,207,240,33,164,43,76,0.7922705314009661,0.6833333333333333,0.8625,0.7337807606263983
5,18,regular,1,1071,1044,27,1044,27,0,0.9747899159663865,1.0,1.0258620689655173,0.9872340425531915
5,18,semiregular,1,816,801,15,750,66,51,0.9191176470588235,0.9363295880149812,1.0187265917602997,0.9276437847866419
5,18,irregular,1,9,252,243,1,8,251,0.1111111111111111,0.003968253968253968,0.03571428571428571,0.007662835249042145
5,18,regular,2,1055,1044,11,1038,17,6,0.9838862559241706,0.9942528735632183,1.010536398467433,0.9890424011434016
5,18,semiregular,2,829,801,28,767,62,34,0.9252110977080821,0.9575530586766542,1.034956304619226,0.9411042944785277
5,18,irregular,2,226,252,26,193,33,59,0.8539823008849557,0.7658730158730159,0.8968253968253969,0.8075313807531381
5,18,regular,3,1059,1044,15,1043,16,1,0.9848914069877243,0.9990421455938697,1.014367816091954,0.9919163100332857
5,18,semiregular,3,802,801,1,750,52,51,0.9351620947630923,0.9363295880149812,1.0012484394506866,0.9357454772301934
5,18,irregular,3,229,252,23,191,38,61,0.834061135371179,0.7579365079365079,0.9087301587301587,0.7941787941787942
5,19,regular,1,1081,1076,5,1069,12,7,0.9888991674375578,0.9934944237918215,1.004646840148699,0.9911914696337505
5,19,semiregular,1,762,753,9,693,69,60,0.9094488188976378,0.9203187250996016,1.0119521912350598,0.9148514851485149
5,19,irregular,1,8,245,237,1,7,244,0.125,0.004081632653061225,0.0326530612244898,0.00790513833992095
5,19,regular,2,1095,1076,19,1073,22,3,0.9799086757990868,0.9972118959107806,1.0176579925650557,0.9884845693228926
5,19,semiregular,2,755,753,2,688,67,65,0.9112582781456954,0.9136786188579017,1.00265604249668,0.9124668435013262
5,19,irregular,2,226,245,19,186,40,59,0.8230088495575221,0.7591836734693878,0.9224489795918367,0.7898089171974522
5,19,regular,3,1083,1076,7,1073,10,3,0.9907663896583564,0.9972118959107806,1.0065055762081785,0.9939786938397406
5,19,semiregular,3,727,753,26,672,55,81,0.9243466299862448,0.8924302788844621,0.9654714475431607,0.908108108108108
5,19,irregular,3,217,245,28,177,40,68,0.815668202764977,0.7224489795918367,0.8857142857142857,0.7662337662337662
5,20,regular,1,1213,1251,38,1204,9,47,0.9925803792250618,0.9624300559552358,0.9696243005595524,0.9772727272727273
5,20,semiregular,1,875,841,34,761,114,80,0.8697142857142857,0.9048751486325802,1.0404280618311534,0.8869463869463869
5,20,irregular,1,9,252,243,0,9,252,-1,-1,0.03571428571428571,-1
5,20,regular,2,1197,1251,54,1179,18,72,0.9849624060150376,0.9424460431654677,0.9568345323741008,0.9632352941176471
5,20,semiregular,2,812,841,29,723,89,118,0.8903940886699507,0.8596908442330559,0.9655172413793104,0.8747731397459165
5,20,irregular,2,225,252,27,181,44,71,0.8044444444444444,0.7182539682539683,0.8928571428571429,0.7589098532494759
5,20,regular,3,1212,1251,39,1208,4,43,0.9966996699669967,0.9656274980015987,0.9688249400479616,0.9809175801867641
5,20,semiregular,3,827,841,14,733,94,108,0.8863361547762999,0.8715814506539834,0.9833531510107015,0.8788968824940049
5,20,irregular,3,235,252,17,183,52,69,0.7787234042553192,0.7261904761904762,0.9325396825396826,0.7515400410677618
5,21,regular,1,932,920,12,920,12,0,0.9871244635193133,1.0,1.0130434782608695,0.9935205183585313
5,21,semiregular,1,627,549,78,499,128,50,0.79585326953748,0.9089253187613844,1.1420765027322404,0.8486394557823129
5,21,irregular,1,9,204,195,3,6,201,0.3333333333333333,0.014705882352941176,0.04411764705882353,0.028169014084507043
5,21,regular,2,929,920,9,914,15,6,0.9838536060279871,0.9934782608695653,1.0097826086956523,0.9886425094645754
5,21,semiregular,2,605,549,56,506,99,43,0.8363636363636363,0.9216757741347905,1.1020036429872495,0.876949740034662
5,21,irregular,2,187,204,17,161,26,43,0.8609625668449198,0.7892156862745098,0.9166666666666666,0.8235294117647058
5,21,regular,3,933,920,13,919,14,1,0.984994640943194,0.9989130434782608,1.0141304347826088,0.9919050188882892
5,21,semiregular,3,570,549,21,483,87,66,0.8473684210526315,0.8797814207650273,1.0382513661202186,0.8632707774798927
5,21,irregular,3,193,204,11,159,34,45,0.8238341968911918,0.7794117647058824,0.946078431372549,0.801007556675063
5,22,regular,1,971,946,25,944,27,2,0.972193614830072,0.9978858350951374,1.0264270613107822,0.9848721961398018
5,22,semiregular,1,730,703,27,638,92,65,0.873972602739726,0.9075391180654339,1.038406827880512,0.8904396371249127
5,22,irregular,1,10,247,237,3,7,244,0.3,0.012145748987854251,0.04048582995951417,0.023346303501945526
5,22,regular,2,972,946,26,939,33,7,0.9660493827160493,0.992600422832981,1.0274841437632136,0.9791449426485922
5,22,semiregular,2,717,703,14,639,78,64,0.891213389121339,0.9089615931721194,1.0199146514935988,0.9000000000000001
5,22,irregular,2,191,247,56,158,33,89,0.8272251308900523,0.6396761133603239,0.7732793522267206,0.7214611872146117
5,22,regular,3,956,946,10,945,11,1,0.9884937238493724,0.9989429175475687,1.0105708245243128,0.9936908517350158
5,22,semiregular,3,684,703,19,614,70,89,0.8976608187134503,0.8733997155049786,0.972972972972973,0.8853640951694304
5,22,irregular,3,217,247,30,169,48,78,0.7788018433179723,0.6842105263157895,0.8785425101214575,0.728448275862069
5,23,regular,1,1034,999,35,996,38,3,0.9632495164410058,0.996996996996997,1.035035035035035,0.9798327594687654
5,23,semiregular,1,874,835,39,767,107,68,0.8775743707093822,0.918562874251497,1.0467065868263472,0.8976009362200117
5,23,irregular,1,17,266,249,1,16,265,0.058823529411764705,0.0037593984962406013,0.06390977443609022,0.007067137809187279
5,23,regular,2,1040,999,41,985,55,14,0.9471153846153846,0.985985985985986,1.0410410410410411,0.9661598822952426
5,23,semiregular,2,860,835,25,754,106,81,0.8767441860465116,0.9029940119760479,1.029940119760479,0.8896755162241887
5,23,irregular,2,226,266,40,184,42,82,0.8141592920353983,0.6917293233082706,0.849624060150376,0.7479674796747967
5,23,regular,3,1010,999,11,995,15,4,0.9851485148514851,0.995995995995996,1.011011011011011,0.9905425584868093
5,23,semiregular,3,860,835,25,757,103,78,0.8802325581395349,0.9065868263473054,1.029940119760479,0.8932153392330384
5,23,irregular,3,238,266,28,187,51,79,0.7857142857142857,0.7030075187969925,0.8947368421052632,0.742063492063492
5,24,regular,1,1084,1079,5,1065,19,14,0.9824723247232472,0.9870250231696015,1.0046339202965708,0.9847434119278778
5,24,semiregular,1,675,680,5,618,57,62,0.9155555555555556,0.9088235294117647,0.9926470588235294,0.9121771217712177
5,24,irregular,1,12,247,235,3,9,244,0.25,0.012145748987854251,0.048582995951417005,0.023166023166023165
5,24,regular,2,1086,1079,7,1064,22,15,0.9797421731123389,0.9860982391102873,1.0064874884151993,0.9829099307159354
5,24,semiregular,2,674,680,6,622,52,58,0.9228486646884273,0.9147058823529411,0.9911764705882353,0.9187592319054653
5,24,irregular,2,215,247,32,183,32,64,0.8511627906976744,0.7408906882591093,0.8704453441295547,0.7922077922077922
5,24,regular,3,1074,1079,5,1069,5,10,0.9953445065176909,0.9907321594068582,0.995366079703429,0.993032977241059
5,24,semiregular,3,663,680,17,621,42,59,0.9366515837104072,0.913235294117647,0.975,0.924795234549516
5,24,irregular,3,212,247,35,183,29,64,0.8632075471698113,0.7408906882591093,0.8582995951417004,0.7973856209150326
5,25,regular,1,957,946,11,945,12,1,0.987460815047022,0.9989429175475687,1.0116279069767442,0.9931686810299527
5,25,semiregular,1,734,718,16,648,86,70,0.8828337874659401,0.9025069637883009,1.0222841225626742,0.8925619834710744
5,25,irregular,1,16,207,191,2,14,205,0.125,0.00966183574879227,0.07729468599033816,0.017937219730941704
5,25,regular,2,945,946,1,930,15,16,0.9841269841269841,0.9830866807610994,0.9989429175475687,0.9836065573770493
5,25,semiregular,2,735,718,17,658,77,60,0.8952380952380953,0.9164345403899722,1.0236768802228413,0.9057123193392981
5,25,irregular,2,155,207,52,123,32,84,0.7935483870967742,0.5942028985507246,0.748792270531401,0.6795580110497238
5,25,regular,3,887,946,59,885,2,61,0.9977452085682075,0.9355179704016914,0.9376321353065539,0.9656301145662848
5,25,semiregular,3,662,718,56,593,69,125,0.8957703927492447,0.8259052924791086,0.9220055710306406,0.8594202898550725
5,25,irregular,3,169,207,38,133,36,74,0.7869822485207101,0.642512077294686,0.8164251207729468,0.7074468085106382
5,26,regular,1,1081,985,96,985,96,0,0.9111933395004626,1.0,1.0974619289340102,0.9535333978702808
5,26,semiregular,1,781,720,61,666,115,54,0.852752880921895,0.925,1.0847222222222221,0.887408394403731
5,26,irregular,1,11,214,203,5,6,209,0.45454545454545453,0.02336448598130841,0.0514018691588785,0.044444444444444446
5,26,regular,2,1100,985,115,985,115,0,0.8954545454545455,1.0,1.116751269035533,0.9448441247002398
5,26,semiregular,2,710,720,10,628,82,92,0.8845070422535212,0.8722222222222222,0.9861111111111112,0.8783216783216783
5,26,irregular,2,203,214,11,155,48,59,0.7635467980295566,0.7242990654205608,0.9485981308411215,0.7434052757793765
5,26,regular,3,1145,985,160,985,160,0,0.8602620087336245,1.0,1.1624365482233503,0.9248826291079811
5,26,semiregular,3,762,720,42,666,96,54,0.8740157480314961,0.925,1.0583333333333333,0.8987854251012146
5,26,irregular,3,227,214,13,177,50,37,0.7797356828193832,0.8271028037383178,1.060747663551402,0.8027210884353742
5,27,regular,1,1154,1166,12,1143,11,23,0.9904679376083189,0.9802744425385935,0.9897084048027445,0.9853448275862069
5,27,semiregular,1,624,728,104,558,66,170,0.8942307692307693,0.7664835164835165,0.8571428571428571,0.8254437869822486
5,27,irregular,1,15,270,255,3,12,267,0.2,0.011111111111111112,0.05555555555555555,0.021052631578947368
5,27,regular,2,1162,1166,4,1143,19,23,0.9836488812392427,0.9802744425385935,0.9965694682675815,0.981958762886598
5,27,semiregular,2,744,728,16,676,68,52,0.9086021505376344,0.9285714285714286,1.021978021978022,0.9184782608695652
5,27,irregular,2,240,270,30,210,30,60,0.875,0.7777777777777778,0.8888888888888888,0.823529411764706
5,27,regular,3,1166,1166,0,1163,3,3,0.9974271012006861,0.9974271012006861,1.0,0.9974271012006861
5,27,semiregular,3,703,728,25,642,61,86,0.9132290184921764,0.8818681318681318,0.9656593406593407,0.8972746331236897
5,27,irregular,3,226,270,44,194,32,76,0.8584070796460177,0.7185185185185186,0.837037037037037,0.7822580645161291
5,28,regular,1,1097,1098,1,1072,25,26,0.9772105742935278,0.97632058287796,0.9990892531876139,0.9767653758542141
5,28,semiregular,1,881,859,22,785,96,74,0.8910329171396141,0.9138533178114087,1.0256111757857975,0.9022988505747127
5,28,irregular,1,18,293,275,3,15,290,0.16666666666666666,0.010238907849829351,0.06143344709897611,0.019292604501607715
5,28,regular,2,1118,1098,20,1088,30,10,0.9731663685152058,0.9908925318761385,1.018214936247723,0.9819494584837545
5,28,semiregular,2,864,859,5,786,78,73,0.9097222222222222,0.9150174621653085,1.0058207217694994,0.9123621590249564
5,28,irregular,2,206,293,87,168,38,125,0.8155339805825242,0.5733788395904437,0.7030716723549488,0.6733466933867736
5,28,regular,3,1106,1098,8,1094,12,4,0.9891500904159132,0.9963570127504554,1.0072859744990892,0.9927404718693286
5,28,semiregular,3,823,859,36,753,70,106,0.9149453219927096,0.8766006984866124,0.9580908032596042,0.8953626634958383
5,28,irregular,3,233,293,60,184,49,109,0.7896995708154506,0.6279863481228669,0.7952218430034129,0.6996197718631179
5,29,regular,1,1142,1140,2,1133,9,7,0.9921190893169878,0.993859649122807,1.0017543859649123,0.992988606485539
5,29,semiregular,1,956,869,87,819,137,50,0.856694560669456,0.9424626006904487,1.100115074798619,0.8975342465753425
5,29,irregular,1,11,247,236,4,7,243,0.36363636363636365,0.016194331983805668,0.044534412955465584,0.031007751937984496
5,29,regular,2,1137,1140,3,1122,15,18,0.9868073878627969,0.9842105263157894,0.9973684210526316,0.9855072463768115
5,29,semiregular,2,995,869,126,841,154,28,0.8452261306532663,0.9677790563866513,1.144994246260069,0.9023605150214592
5,29,irregular,2,225,247,22,187,38,60,0.8311111111111111,0.757085020242915,0.9109311740890689,0.7923728813559322
5,29,regular,3,1121,1140,19,1117,4,23,0.9964317573595004,0.9798245614035088,0.9833333333333333,0.9880583812472358
5,29,semiregular,3,877,869,8,780,97,89,0.8893956670467503,0.8975834292289988,1.0092059838895282,0.8934707903780068
5,29,irregular,3,240,247,7,197,43,50,0.8208333333333333,0.7975708502024291,0.97165991902834,0.8090349075975358
5,30,regular,1,994,997,3,985,9,12,0.9909456740442656,0.9879638916750251,0.9969909729187563,0.9894525364138623
5,30,semiregular,1,822,810,12,742,80,68,0.902676399026764,0.9160493827160494,1.0148148148148148,0.9093137254901962
5,30,irregular,1,19,250,231,0,19,250,-1,-1,0.076,-1
5,30,regular,2,989,997,8,976,13,21,0.9868554095045501,0.9789368104312939,0.9919759277833501,0.9828801611278953
5,30,semiregular,2,822,810,12,750,72,60,0.9124087591240876,0.9259259259259259,1.0148148148148148,0.9191176470588235
5,30,irregular,2,203,250,47,170,33,80,0.8374384236453202,0.68,0.812,0.750551876379691
5,30,regular,3,999,997,2,994,5,3,0.994994994994995,0.9969909729187563,1.0020060180541626,0.9959919839679359
5,30,semiregular,3,802,810,8,741,61,69,0.9239401496259352,0.9148148148148149,0.9901234567901235,0.9193548387096774
5,30,irregular,3,226,250,24,172,54,78,0.7610619469026548,0.688,0.904,0.722689075630252
